Datetime,Open,High,Low,Close,Volume,Dividends,Stock Splits
2022-10-27 09:30:00-04:00,138.05999755859375,140.24000549316406,137.75,140.16000366210938,0,0.0,0.0
2022-10-27 10:30:00-04:00,139.61000061035156,140.25999450683594,139.1300048828125,139.67999267578125,6209,0.0,0.0
2022-10-27 11:30:00-04:00,139.44000244140625,139.7899932861328,139.0590057373047,139.25999450683594,6630,0.0,0.0
2022-10-27 12:30:00-04:00,139.35000610351562,140.97000122070312,139.35000610351562,140.72999572753906,9345,0.0,0.0
2022-10-27 13:30:00-04:00,140.72999572753906,141.2899932861328,140.53500366210938,140.7550048828125,14026,0.0,0.0
2022-10-27 14:30:00-04:00,140.7449951171875,140.8699951171875,139.67999267578125,140.16000366210938,17641,0.0,0.0
2022-10-27 15:30:00-04:00,140.0500030517578,140.52000427246094,138.51649475097656,139.0,22365,0.0,0.0
2022-10-28 09:30:00-04:00,139.69000244140625,141.02999877929688,139.35499572753906,141.02999877929688,8589,0.0,0.0
2022-10-28 10:30:00-04:00,141.24000549316406,141.4949951171875,140.33999633789062,140.80999755859375,7681,0.0,0.0
2022-10-28 11:30:00-04:00,141.17999267578125,142.05999755859375,140.83999633789062,142.0,10145,0.0,0.0
2022-10-28 12:30:00-04:00,142.2899932861328,143.60000610351562,141.7899932861328,143.22999572753906,14380,0.0,0.0
2022-10-28 13:30:00-04:00,143.24000549316406,143.6300048828125,142.32000732421875,142.32000732421875,12319,0.0,0.0
2022-10-28 14:30:00-04:00,142.44000244140625,142.83999633789062,142.31500244140625,142.31500244140625,15352,0.0,0.0
2022-10-28 15:30:00-04:00,142.27000427246094,143.01499938964844,142.19000244140625,142.7899932861328,16486,0.0,0.0
2022-10-31 09:30:00-04:00,142.0,143.6999969482422,141.17999267578125,143.25,11517,0.0,0.0
2022-10-31 10:30:00-04:00,143.27499389648438,143.81500244140625,142.82000732421875,143.58999633789062,9969,0.0,0.0
2022-10-31 11:30:00-04:00,143.40499877929688,144.14999389648438,143.0500030517578,143.77000427246094,12651,0.0,0.0
2022-10-31 12:30:00-04:00,143.77000427246094,144.0449981689453,143.47999572753906,144.02000427246094,11912,0.0,0.0
2022-10-31 13:30:00-04:00,143.9600067138672,144.50999450683594,143.9600067138672,144.39500427246094,10194,0.0,0.0
2022-10-31 14:30:00-04:00,144.41000366210938,145.55499267578125,144.41000366210938,145.48500061035156,37055,0.0,0.0
2022-10-31 15:30:00-04:00,145.51499938964844,146.66000366210938,145.51499938964844,146.36000061035156,85199,0.0,0.0
2022-11-01 09:30:00-04:00,147.24000549316406,147.47999572753906,145.60000610351562,146.55999755859375,17670,0.0,0.0
2022-11-01 10:30:00-04:00,146.02999877929688,146.14999389648438,145.3000030517578,145.55999755859375,26208,0.0,0.0
2022-11-01 11:30:00-04:00,145.80999755859375,146.9600067138672,145.61000061035156,146.39999389648438,11917,0.0,0.0
2022-11-01 12:30:00-04:00,146.22999572753906,146.71499633789062,145.97500610351562,146.22999572753906,11799,0.0,0.0
2022-11-01 13:30:00-04:00,146.06500244140625,146.66000366210938,145.94000244140625,146.10499572753906,15217,0.0,0.0
2022-11-01 14:30:00-04:00,146.27000427246094,146.6699981689453,145.7899932861328,145.97500610351562,21720,0.0,0.0
2022-11-01 15:30:00-04:00,146.0500030517578,146.47000122070312,145.9499969482422,146.4600067138672,45658,0.0,0.0
2022-11-02 09:30:00-04:00,145.66000366210938,146.14999389648438,145.11000061035156,145.47999572753906,31851,0.0,0.0
2022-11-02 10:30:00-04:00,145.4853973388672,146.85000610351562,145.44000244140625,146.0,10574,0.0,0.0
2022-11-02 11:30:00-04:00,146.2050018310547,146.2100067138672,144.02999877929688,144.55999755859375,7338,0.0,0.0
2022-11-02 12:30:00-04:00,144.35000610351562,144.97000122070312,144.27000427246094,144.27000427246094,9541,0.0,0.0
2022-11-02 13:30:00-04:00,144.4600067138672,147.22999572753906,144.33999633789062,146.64999389648438,15401,0.0,0.0
2022-11-02 14:30:00-04:00,147.13999938964844,147.13999938964844,141.7100067138672,141.75,25889,0.0,0.0
2022-11-02 15:30:00-04:00,141.7550048828125,142.80999755859375,140.5399932861328,141.24000549316406,45220,0.0,0.0
2022-11-03 09:30:00-04:00,142.4600067138672,142.49000549316406,138.55999755859375,142.44000244140625,26364,0.0,0.0
2022-11-03 10:30:00-04:00,143.44000244140625,144.6750030517578,142.3300018310547,143.25,18770,0.0,0.0
2022-11-03 11:30:00-04:00,142.44500732421875,143.27000427246094,141.19000244140625,142.42999267578125,15666,0.0,0.0
2022-11-03 12:30:00-04:00,142.4600067138672,142.8699951171875,141.92999267578125,142.52000427246094,16782,0.0,0.0
2022-11-03 13:30:00-04:00,142.30999755859375,142.30999755859375,140.99000549316406,141.7050018310547,11718,0.0,0.0
2022-11-03 14:30:00-04:00,141.7100067138672,142.27999877929688,141.11000061035156,142.27999877929688,19721,0.0,0.0
2022-11-03 15:30:00-04:00,142.02000427246094,142.02999877929688,140.35000610351562,140.67999267578125,41337,0.0,0.0
2022-11-04 09:30:00-04:00,143.61000061035156,144.36500549316406,141.85000610351562,143.6300048828125,8865,0.0,0.0
2022-11-04 10:30:00-04:00,142.85000610351562,143.9949951171875,141.63999938964844,141.63999938964844,7982,0.0,0.0
2022-11-04 11:30:00-04:00,141.98500061035156,141.98500061035156,139.5399932861328,139.9199981689453,4884,0.0,0.0
2022-11-04 12:30:00-04:00,139.4199981689453,139.4199981689453,138.6199951171875,139.25,8693,0.0,0.0
2022-11-04 13:30:00-04:00,139.02499389648438,139.77000427246094,138.75999450683594,139.35000610351562,6036,0.0,0.0
2022-11-04 14:30:00-04:00,139.72000122070312,140.94000244140625,139.72000122070312,140.69000244140625,8259,0.0,0.0
2022-11-04 15:30:00-04:00,140.52000427246094,141.97000122070312,140.47999572753906,141.97000122070312,45480,0.0,0.0
2022-11-07 09:30:00-05:00,142.33999633789062,143.89999389648438,142.33999633789062,143.60000610351562,12060,0.0,0.0
2022-11-07 10:30:00-05:00,143.60000610351562,143.77000427246094,143.00999450683594,143.22000122070312,5702,0.0,0.0
2022-11-07 11:30:00-05:00,143.4467010498047,143.74000549316406,142.58999633789062,143.74000549316406,9903,0.0,0.0
2022-11-07 12:30:00-05:00,143.41000366210938,143.91000366210938,143.1199951171875,143.91000366210938,7282,0.0,0.0
2022-11-07 13:30:00-05:00,143.7899932861328,145.36000061035156,143.7899932861328,145.3350067138672,8502,0.0,0.0
2022-11-07 14:30:00-05:00,145.47999572753906,145.50869750976562,145.0500030517578,145.5,10439,0.0,0.0
2022-11-07 15:30:00-05:00,145.52499389648438,145.72000122070312,144.98500061035156,145.1699981689453,25011,0.0,0.0
2022-11-08 09:30:00-05:00,146.1699981689453,146.1699981689453,145.052001953125,146.02000427246094,5388,0.0,0.0
2022-11-08 10:30:00-05:00,147.0500030517578,147.40179443359375,146.6999969482422,147.27999877929688,7499,0.0,0.0
2022-11-08 11:30:00-05:00,147.052001953125,147.25999450683594,146.71090698242188,146.9199981689453,5707,0.0,0.0
2022-11-08 12:30:00-05:00,146.6699981689453,146.6699981689453,145.40699768066406,145.40699768066406,4660,0.0,0.0
2022-11-08 13:30:00-05:00,144.41000366210938,145.1300048828125,143.5800018310547,143.5800018310547,6556,0.0,0.0
2022-11-08 14:30:00-05:00,143.50999450683594,145.3800048828125,143.50999450683594,145.3800048828125,6849,0.0,0.0
2022-11-08 15:30:00-05:00,145.47999572753906,145.89999389648438,144.92999267578125,145.3699951171875,15727,0.0,0.0
2022-11-09 09:30:00-05:00,143.64999389648438,145.52999877929688,142.0800018310547,145.52999877929688,8396,0.0,0.0
2022-11-09 10:30:00-05:00,143.66000366210938,143.83999633789062,143.1199951171875,143.764404296875,4781,0.0,0.0
2022-11-09 11:30:00-05:00,143.50999450683594,143.8699951171875,143.38999938964844,143.55999755859375,2986,0.0,0.0
2022-11-09 12:30:00-05:00,144.0800018310547,144.11000061035156,143.5800018310547,143.88999938964844,3846,0.0,0.0
2022-11-09 13:30:00-05:00,143.60000610351562,143.60000610351562,143.13999938964844,143.24000549316406,3135,0.0,0.0
2022-11-09 14:30:00-05:00,142.9499969482422,142.9499969482422,142.4149932861328,142.4149932861328,4384,0.0,0.0
2022-11-09 15:30:00-05:00,142.25,143.17999267578125,141.80999755859375,142.8800048828125,29776,0.0,0.0
2022-11-10 09:30:00-05:00,149.02000427246094,150.0,148.3699951171875,149.7899932861328,12910,0.0,0.0
2022-11-10 10:30:00-05:00,149.7899932861328,150.80999755859375,148.9149932861328,150.77999877929688,9866,0.0,0.0
2022-11-10 11:30:00-05:00,151.2100067138672,151.66000366210938,150.88999938964844,151.02999877929688,8636,0.0,0.0
2022-11-10 12:30:00-05:00,150.6300048828125,150.6300048828125,149.61000061035156,150.3621063232422,4484,0.0,0.0
2022-11-10 13:30:00-05:00,150.52999877929688,151.32000732421875,150.52999877929688,151.1999969482422,9242,0.0,0.0
2022-11-10 14:30:00-05:00,151.14500427246094,151.80999755859375,150.9199981689453,151.69000244140625,11087,0.0,0.0
2022-11-10 15:30:00-05:00,151.77000427246094,152.4949951171875,151.7100067138672,152.0500030517578,27984,0.0,0.0
2022-11-11 09:30:00-05:00,152.8699951171875,154.83999633789062,152.22000122070312,154.83999633789062,7555,0.0,0.0
2022-11-11 10:30:00-05:00,155.38999938964844,155.69000244140625,153.4600067138672,154.22000122070312,8664,0.0,0.0
2022-11-11 11:30:00-05:00,154.14999389648438,154.17999267578125,153.2899932861328,153.5500030517578,4887,0.0,0.0
2022-11-11 12:30:00-05:00,153.1699981689453,153.25,152.0,153.05999755859375,5652,0.0,0.0
2022-11-11 13:30:00-05:00,152.9600067138672,153.36000061035156,152.7100067138672,153.25,8138,0.0,0.0
2022-11-11 14:30:00-05:00,154.11000061035156,154.11000061035156,152.7899932861328,153.0,6556,0.0,0.0
2022-11-11 15:30:00-05:00,153.2100067138672,153.2100067138672,151.82000732421875,152.41000366210938,24515,0.0,0.0
2022-11-14 09:30:00-05:00,151.14999389648438,151.72999572753906,149.83999633789062,149.83999633789062,5235,0.0,0.0
2022-11-14 10:30:00-05:00,150.10000610351562,152.19219970703125,150.10000610351562,152.19219970703125,5975,0.0,0.0
2022-11-14 11:30:00-05:00,152.19000244140625,152.7100067138672,151.86000061035156,152.7100067138672,8924,0.0,0.0
2022-11-14 12:30:00-05:00,152.75999450683594,153.8699951171875,152.3800048828125,153.77999877929688,6593,0.0,0.0
2022-11-14 13:30:00-05:00,153.6699981689453,154.0,152.77999877929688,152.9499969482422,7986,0.0,0.0
2022-11-14 14:30:00-05:00,152.9199981689453,152.97999572753906,152.07000732421875,152.35000610351562,10353,0.0,0.0
2022-11-14 15:30:00-05:00,152.35000610351562,152.9499969482422,152.2100067138672,152.50999450683594,36238,0.0,0.0
2022-11-15 09:30:00-05:00,155.2100067138672,157.00999450683594,153.97999572753906,156.3699951171875,9834,0.0,0.0
2022-11-15 10:30:00-05:00,155.77999877929688,157.3699951171875,155.77999877929688,156.97000122070312,11616,0.0,0.0
2022-11-15 11:30:00-05:00,156.94500732421875,158.08999633789062,156.94500732421875,157.8804931640625,6820,0.0,0.0
2022-11-15 12:30:00-05:00,158.1199951171875,158.4416046142578,157.30999755859375,157.32000732421875,15589,0.0,0.0
2022-11-15 13:30:00-05:00,156.3350067138672,157.17999267578125,155.35000610351562,156.92999267578125,12076,0.0,0.0
2022-11-15 14:30:00-05:00,156.49000549316406,157.5800018310547,156.49000549316406,157.36000061035156,10977,0.0,0.0
2022-11-15 15:30:00-05:00,157.22000122070312,157.5800018310547,156.36000061035156,156.85000610351562,27644,0.0,0.0
2022-11-16 09:30:00-05:00,156.0,156.8000030517578,154.76220703125,155.51499938964844,6523,0.0,0.0
2022-11-16 10:30:00-05:00,155.58999633789062,155.58999633789062,154.08999633789062,155.5399932861328,11214,0.0,0.0
2022-11-16 11:30:00-05:00,155.80499267578125,156.02000427246094,154.6699981689453,155.29989624023438,7542,0.0,0.0
2022-11-16 12:30:00-05:00,155.2100067138672,155.72000122070312,154.8936004638672,154.98500061035156,3703,0.0,0.0
2022-11-16 13:30:00-05:00,154.67999267578125,155.3699951171875,153.8699951171875,155.3699951171875,8602,0.0,0.0
2022-11-16 14:30:00-05:00,155.1699981689453,155.60499572753906,154.47000122070312,155.0500030517578,9706,0.0,0.0
2022-11-16 15:30:00-05:00,154.86500549316406,156.0749969482422,154.72000122070312,155.72999572753906,32869,0.0,0.0
2022-11-17 09:30:00-05:00,154.57000732421875,154.57000732421875,152.75,153.4969940185547,5661,0.0,0.0
2022-11-17 10:30:00-05:00,153.02999877929688,153.45809936523438,150.92999267578125,150.92999267578125,5506,0.0,0.0
2022-11-17 11:30:00-05:00,151.3000030517578,152.36000061035156,151.3000030517578,151.52000427246094,6705,0.0,0.0
2022-11-17 12:30:00-05:00,151.63999938964844,153.1300048828125,151.63999938964844,152.89999389648438,5010,0.0,0.0
2022-11-17 13:30:00-05:00,152.86000061035156,153.19000244140625,151.9199981689453,153.19000244140625,10974,0.0,0.0
2022-11-17 14:30:00-05:00,152.9600067138672,153.5050048828125,152.5800018310547,152.92999267578125,8377,0.0,0.0
2022-11-17 15:30:00-05:00,153.32000732421875,154.75,153.1999969482422,154.55999755859375,31505,0.0,0.0
2022-11-18 09:30:00-05:00,157.08999633789062,157.49330139160156,155.5800018310547,155.5800018310547,18787,0.0,0.0
2022-11-18 10:30:00-05:00,156.05999755859375,156.24000549316406,154.97999572753906,155.11000061035156,9063,0.0,0.0
2022-11-18 11:30:00-05:00,155.22000122070312,156.1300048828125,154.3000030517578,154.3000030517578,8192,0.0,0.0
2022-11-18 12:30:00-05:00,154.64500427246094,155.04989624023438,154.52999877929688,154.7899932861328,8690,0.0,0.0
2022-11-18 13:30:00-05:00,154.8300018310547,155.74000549316406,154.8300018310547,155.4499969482422,4203,0.0,0.0
2022-11-18 14:30:00-05:00,155.67999267578125,156.14999389648438,155.16000366210938,156.14999389648438,12040,0.0,0.0
2022-11-18 15:30:00-05:00,156.1699981689453,156.67999267578125,156.00999450683594,156.5800018310547,27499,0.0,0.0
2022-11-21 09:30:00-05:00,156.36000061035156,158.0500030517578,156.36000061035156,156.76499938964844,6263,0.0,0.0
2022-11-21 10:30:00-05:00,157.00999450683594,157.00999450683594,156.0426025390625,156.3300018310547,7122,0.0,0.0
2022-11-21 11:30:00-05:00,155.9600067138672,156.06500244140625,155.14999389648438,155.6999969482422,7636,0.0,0.0
2022-11-21 12:30:00-05:00,155.5399932861328,155.9600067138672,155.27999877929688,155.57000732421875,5525,0.0,0.0
2022-11-21 13:30:00-05:00,155.4600067138672,156.35000610351562,155.4575958251953,155.64999389648438,8599,0.0,0.0
2022-11-21 14:30:00-05:00,155.66000366210938,155.9499969482422,155.48500061035156,155.72999572753906,9400,0.0,0.0
2022-11-21 15:30:00-05:00,155.72999572753906,156.58999633789062,155.6699981689453,156.52000427246094,25729,0.0,0.0
2022-11-22 09:30:00-05:00,157.97000122070312,158.0800018310547,157.25,157.25,5023,0.0,0.0
2022-11-22 10:30:00-05:00,157.6551971435547,157.76499938964844,156.38999938964844,157.66000366210938,7500,0.0,0.0
2022-11-22 11:30:00-05:00,157.97999572753906,157.97999572753906,156.86000061035156,156.94309997558594,5712,0.0,0.0
2022-11-22 12:30:00-05:00,157.1199951171875,157.28500366210938,156.7100067138672,157.0500030517578,3539,0.0,0.0
2022-11-22 13:30:00-05:00,157.30999755859375,157.69500732421875,157.05999755859375,157.69500732421875,7575,0.0,0.0
2022-11-22 14:30:00-05:00,157.4600067138672,157.90499877929688,157.13999938964844,157.7899932861328,7812,0.0,0.0
2022-11-22 15:30:00-05:00,157.89999389648438,159.02000427246094,157.89999389648438,158.77999877929688,26549,0.0,0.0
2022-11-23 09:30:00-05:00,158.16000366210938,159.1840057373047,157.4250030517578,159.1840057373047,7679,0.0,0.0
2022-11-23 10:30:00-05:00,158.19000244140625,158.9949951171875,158.05999755859375,158.05999755859375,7613,0.0,0.0
2022-11-23 11:30:00-05:00,158.1199951171875,158.1199951171875,156.60769653320312,156.7100067138672,8344,0.0,0.0
2022-11-23 12:30:00-05:00,156.7729034423828,156.82000732421875,156.1699981689453,156.41000366210938,7121,0.0,0.0
2022-11-23 13:30:00-05:00,156.64999389648438,157.4600067138672,156.64999389648438,157.2050018310547,6690,0.0,0.0
2022-11-23 14:30:00-05:00,156.83999633789062,156.8800048828125,156.4499969482422,156.55999755859375,9462,0.0,0.0
2022-11-23 15:30:00-05:00,156.5500030517578,156.5500030517578,155.92999267578125,156.0500030517578,25029,0.0,0.0
2022-11-25 09:30:00-05:00,156.66000366210938,157.35000610351562,156.02499389648438,156.68809509277344,7469,0.0,0.0
2022-11-25 10:30:00-05:00,157.01429748535156,157.72999572753906,157.01429748535156,157.72999572753906,5070,0.0,0.0
2022-11-25 11:30:00-05:00,157.9600067138672,158.2100067138672,156.77000427246094,157.5449981689453,11302,0.0,0.0
2022-11-28 09:30:00-05:00,155.0,157.99000549316406,154.35499572753906,154.65499877929688,9003,0.0,0.0
2022-11-28 10:30:00-05:00,154.7100067138672,155.05999755859375,154.13999938964844,154.47999572753906,3128,0.0,0.0
2022-11-28 11:30:00-05:00,154.1999969482422,154.3300018310547,153.91000366210938,154.0500030517578,8357,0.0,0.0
2022-11-28 12:30:00-05:00,153.2100067138672,153.6999969482422,153.2100067138672,153.6999969482422,3113,0.0,0.0
2022-11-28 13:30:00-05:00,153.61000061035156,153.61000061035156,152.4499969482422,152.4499969482422,5888,0.0,0.0
2022-11-28 14:30:00-05:00,152.63999938964844,152.89999389648438,151.39999389648438,151.66000366210938,7362,0.0,0.0
2022-11-28 15:30:00-05:00,151.74000549316406,152.22000122070312,151.68499755859375,152.02000427246094,17158,0.0,0.0
2022-11-29 09:30:00-05:00,151.35000610351562,153.02999877929688,151.35000610351562,153.02999877929688,12011,0.0,0.0
2022-11-29 10:30:00-05:00,153.3000030517578,153.3000030517578,151.9550018310547,152.235107421875,6661,0.0,0.0
2022-11-29 11:30:00-05:00,152.25999450683594,152.93499755859375,152.25999450683594,152.42999267578125,8035,0.0,0.0
2022-11-29 12:30:00-05:00,152.27999877929688,152.82000732421875,152.24000549316406,152.5050048828125,7874,0.0,0.0
2022-11-29 13:30:00-05:00,152.57200622558594,153.5800018310547,152.57200622558594,152.82000732421875,11985,0.0,0.0
2022-11-29 14:30:00-05:00,152.55999755859375,152.88499450683594,152.3300018310547,152.74000549316406,9388,0.0,0.0
2022-11-29 15:30:00-05:00,152.99000549316406,153.8000030517578,152.85000610351562,153.7100067138672,38581,0.0,0.0
2022-11-30 09:30:00-05:00,154.32000732421875,155.00999450683594,152.22999572753906,152.47000122070312,9320,0.0,0.0
2022-11-30 10:30:00-05:00,152.5399932861328,154.55999755859375,152.5399932861328,153.4499969482422,31397,0.0,0.0
2022-11-30 11:30:00-05:00,154.0399932861328,154.0399932861328,152.3699951171875,152.3699951171875,5723,0.0,0.0
2022-11-30 12:30:00-05:00,152.02000427246094,152.69000244140625,151.77999877929688,152.50999450683594,6522,0.0,0.0
2022-11-30 13:30:00-05:00,152.49000549316406,157.2050018310547,152.49000549316406,156.27000427246094,15070,0.0,0.0
2022-11-30 14:30:00-05:00,156.0500030517578,157.64999389648438,155.8800048828125,157.2100067138672,14581,0.0,0.0
2022-11-30 15:30:00-05:00,157.2100067138672,158.5800018310547,157.2100067138672,158.3300018310547,39413,0.0,0.0
2022-12-01 09:30:00-05:00,159.0500030517578,159.88999938964844,157.38499450683594,157.38499450683594,14039,0.0,0.0
2022-12-01 10:30:00-05:00,157.14999389648438,159.9949951171875,157.14999389648438,159.97500610351562,11184,0.0,0.0
2022-12-01 11:30:00-05:00,159.96499633789062,160.58999633789062,159.08999633789062,159.42999267578125,10687,0.0,0.0
2022-12-01 12:30:00-05:00,159.61000061035156,159.61000061035156,158.13999938964844,158.13999938964844,5990,0.0,0.0
2022-12-01 13:30:00-05:00,158.12049865722656,158.2100067138672,157.3699951171875,157.85000610351562,7138,0.0,0.0
2022-12-01 14:30:00-05:00,157.99000549316406,158.60000610351562,157.99000549316406,158.3000030517578,8231,0.0,0.0
2022-12-01 15:30:00-05:00,158.3699951171875,159.02999877929688,158.3699951171875,158.92999267578125,38737,0.0,0.0
2022-12-02 09:30:00-05:00,157.4499969482422,158.0800018310547,156.63499450683594,157.42999267578125,7747,0.0,0.0
2022-12-02 10:30:00-05:00,157.60000610351562,158.8000030517578,157.60000610351562,158.75,5931,0.0,0.0
2022-12-02 11:30:00-05:00,158.88999938964844,159.21270751953125,158.49000549316406,159.02499389648438,4940,0.0,0.0
2022-12-02 12:30:00-05:00,159.27999877929688,159.27999877929688,158.4600067138672,158.52000427246094,5821,0.0,0.0
2022-12-02 13:30:00-05:00,158.42999267578125,159.2899932861328,158.42999267578125,159.1300048828125,7861,0.0,0.0
2022-12-02 14:30:00-05:00,159.35000610351562,160.7899932861328,159.35000610351562,160.2100067138672,11782,0.0,0.0
2022-12-02 15:30:00-05:00,160.22000122070312,160.36500549316406,159.7949981689453,159.88999938964844,25434,0.0,0.0
2022-12-05 09:30:00-05:00,158.30999755859375,158.30999755859375,154.85000610351562,154.85000610351562,10418,0.0,0.0
2022-12-05 10:30:00-05:00,154.22999572753906,154.6475067138672,152.2899932861328,152.39999389648438,14262,0.0,0.0
2022-12-05 11:30:00-05:00,152.64999389648438,152.92999267578125,152.05999755859375,152.7100067138672,10847,0.0,0.0
2022-12-05 12:30:00-05:00,153.02999877929688,153.64999389648438,152.48500061035156,153.10000610351562,7713,0.0,0.0
2022-12-05 13:30:00-05:00,153.40499877929688,153.9010009765625,152.8800048828125,152.8800048828125,9147,0.0,0.0
2022-12-05 14:30:00-05:00,152.99000549316406,153.57000732421875,152.64999389648438,153.02999877929688,12730,0.0,0.0
2022-12-05 15:30:00-05:00,153.0399932861328,153.8300018310547,152.92999267578125,153.4600067138672,19771,0.0,0.0
2022-12-06 09:30:00-05:00,153.22000122070312,154.0050048828125,152.11000061035156,152.2550048828125,11312,0.0,0.0
2022-12-06 10:30:00-05:00,151.3800048828125,151.3800048828125,150.30999755859375,150.58999633789062,8588,0.0,0.0
2022-12-06 11:30:00-05:00,151.24000549316406,151.3699951171875,150.80999755859375,151.1199951171875,5164,0.0,0.0
2022-12-06 12:30:00-05:00,151.2449951171875,151.2449951171875,150.77499389648438,151.02000427246094,4311,0.0,0.0
2022-12-06 13:30:00-05:00,150.21470642089844,150.92999267578125,149.9199981689453,150.0279998779297,7544,0.0,0.0
2022-12-06 14:30:00-05:00,149.50999450683594,149.8249969482422,149.13999938964844,149.5399932861328,11566,0.0,0.0
2022-12-06 15:30:00-05:00,149.98500061035156,151.05999755859375,149.98500061035156,150.52000427246094,27004,0.0,0.0
2022-12-07 09:30:00-05:00,149.88999938964844,151.48500061035156,149.80999755859375,151.17999267578125,7054,0.0,0.0
2022-12-07 10:30:00-05:00,151.75999450683594,152.49000549316406,151.70950317382812,151.70950317382812,5547,0.0,0.0
2022-12-07 11:30:00-05:00,151.63499450683594,153.58999633789062,151.46499633789062,152.72000122070312,15138,0.0,0.0
2022-12-07 12:30:00-05:00,152.1999969482422,152.36500549316406,151.69500732421875,152.27000427246094,6610,0.0,0.0
2022-12-07 13:30:00-05:00,151.91000366210938,151.91000366210938,151.11000061035156,151.1999969482422,5765,0.0,0.0
2022-12-07 14:30:00-05:00,151.331298828125,151.33999633789062,150.8000030517578,150.91000366210938,5481,0.0,0.0
2022-12-07 15:30:00-05:00,151.08999633789062,151.47000122070312,150.74000549316406,150.74000549316406,23108,0.0,0.0
2022-12-08 09:30:00-05:00,150.77000427246094,152.18499755859375,150.77000427246094,152.18499755859375,9477,0.0,0.0
2022-12-08 10:30:00-05:00,152.14500427246094,153.63499450683594,151.9600067138672,152.25,8990,0.0,0.0
2022-12-08 11:30:00-05:00,152.0500030517578,152.30999755859375,151.51699829101562,151.51699829101562,3196,0.0,0.0
2022-12-08 12:30:00-05:00,151.35499572753906,151.6999969482422,151.17799377441406,151.47000122070312,2420,0.0,0.0
2022-12-08 13:30:00-05:00,151.77999877929688,152.25999450683594,151.17999267578125,151.17999267578125,5873,0.0,0.0
2022-12-08 14:30:00-05:00,151.38999938964844,151.74000549316406,151.38999938964844,151.74000549316406,4993,0.0,0.0
2022-12-08 15:30:00-05:00,152.27000427246094,152.8800048828125,151.76499938964844,152.61000061035156,20109,0.0,0.0
2022-12-09 09:30:00-05:00,152.0,154.0500030517578,152.0,152.63999938964844,4801,0.0,0.0
2022-12-09 10:30:00-05:00,152.11000061035156,153.02000427246094,152.11000061035156,152.83999633789062,4015,0.0,0.0
2022-12-09 11:30:00-05:00,152.92999267578125,153.4600067138672,152.77999877929688,153.1199951171875,4440,0.0,0.0
2022-12-09 12:30:00-05:00,152.74000549316406,153.03500366210938,152.2100067138672,152.3249969482422,5986,0.0,0.0
2022-12-09 13:30:00-05:00,152.15679931640625,152.30999755859375,151.91000366210938,152.0,12339,0.0,0.0
2022-12-09 14:30:00-05:00,152.1699981689453,152.47999572753906,151.63999938964844,151.78500366210938,6027,0.0,0.0
2022-12-09 15:30:00-05:00,151.63999938964844,151.89999389648438,151.3300018310547,151.61000061035156,21182,0.0,0.0
2022-12-12 09:30:00-05:00,151.63999938964844,151.8300018310547,150.77000427246094,151.1649932861328,6390,0.0,0.0
2022-12-12 10:30:00-05:00,151.27999877929688,152.3800048828125,151.27999877929688,152.3800048828125,5066,0.0,0.0
2022-12-12 11:30:00-05:00,152.05999755859375,152.50999450683594,151.91000366210938,152.30999755859375,5037,0.0,0.0
2022-12-12 12:30:00-05:00,152.2100067138672,152.7165985107422,152.2100067138672,152.5800018310547,4127,0.0,0.0
2022-12-12 13:30:00-05:00,152.5399932861328,152.8000030517578,152.5399932861328,152.8000030517578,4988,0.0,0.0
2022-12-12 14:30:00-05:00,152.75999450683594,153.44000244140625,152.75999450683594,153.42999267578125,9216,0.0,0.0
2022-12-12 15:30:00-05:00,153.41000366210938,154.0,153.24000549316406,153.8699951171875,16887,0.0,0.0
2022-12-13 09:30:00-05:00,158.66000366210938,159.2100067138672,156.5,156.5,14624,0.0,0.0
2022-12-13 10:30:00-05:00,156.2899932861328,156.65499877929688,155.72999572753906,156.4199981689453,8099,0.0,0.0
2022-12-13 11:30:00-05:00,156.13999938964844,156.43499755859375,153.99000549316406,154.52999877929688,10931,0.0,0.0
2022-12-13 12:30:00-05:00,154.22000122070312,154.7050018310547,153.6199951171875,154.5399932861328,5534,0.0,0.0
2022-12-13 13:30:00-05:00,154.8249969482422,155.02000427246094,154.24000549316406,154.42999267578125,10776,0.0,0.0
2022-12-13 14:30:00-05:00,154.8000030517578,155.13999938964844,154.07000732421875,154.67999267578125,9925,0.0,0.0
2022-12-13 15:30:00-05:00,154.78500366210938,155.16000366210938,154.1199951171875,154.66000366210938,45715,0.0,0.0
2022-12-14 09:30:00-05:00,154.9499969482422,155.88999938964844,154.6699981689453,155.88999938964844,6673,0.0,0.0
2022-12-14 10:30:00-05:00,156.0500030517578,156.38609313964844,154.97000122070312,155.49000549316406,11287,0.0,0.0
2022-12-14 11:30:00-05:00,155.4949951171875,155.9250030517578,154.16000366210938,154.24000549316406,26510,0.0,0.0
2022-12-14 12:30:00-05:00,154.26499938964844,154.75,153.97999572753906,154.1999969482422,11177,0.0,0.0
2022-12-14 13:30:00-05:00,154.22500610351562,154.61000061035156,151.69000244140625,152.375,14035,0.0,0.0
2022-12-14 14:30:00-05:00,152.27999877929688,153.32000732421875,151.01499938964844,151.1300048828125,19340,0.0,0.0
2022-12-14 15:30:00-05:00,150.72999572753906,152.2949981689453,149.86000061035156,151.75999450683594,28655,0.0,0.0
2022-12-15 09:30:00-05:00,149.55999755859375,149.55999755859375,146.97999572753906,147.24000549316406,16898,0.0,0.0
2022-12-15 10:30:00-05:00,147.18499755859375,147.6999969482422,145.69000244140625,145.69000244140625,17961,0.0,0.0
2022-12-15 11:30:00-05:00,145.82000732421875,146.11000061035156,145.22999572753906,146.0500030517578,11829,0.0,0.0
2022-12-15 12:30:00-05:00,146.35499572753906,146.82000732421875,145.3800048828125,145.3800048828125,8556,0.0,0.0
2022-12-15 13:30:00-05:00,145.38999938964844,145.58999633789062,144.77999877929688,145.1750030517578,12125,0.0,0.0
2022-12-15 14:30:00-05:00,145.2100067138672,146.17999267578125,145.2100067138672,145.56500244140625,15588,0.0,0.0
2022-12-15 15:30:00-05:00,145.55999755859375,145.73500061035156,144.4600067138672,144.77999877929688,29390,0.0,0.0
2022-12-16 09:30:00-05:00,142.52000427246094,143.97000122070312,142.4600067138672,143.17999267578125,51355,0.0,0.0
2022-12-16 10:30:00-05:00,143.3800048828125,144.1300048828125,143.3800048828125,143.75,10075,0.0,0.0
2022-12-16 11:30:00-05:00,143.75,143.77999877929688,142.44000244140625,142.44000244140625,11441,0.0,0.0
2022-12-16 12:30:00-05:00,142.4499969482422,142.77999877929688,141.6999969482422,141.8350067138672,9344,0.0,0.0
2022-12-16 13:30:00-05:00,141.85000610351562,143.0850067138672,141.85000610351562,143.00999450683594,12250,0.0,0.0
2022-12-16 14:30:00-05:00,142.86000061035156,143.91000366210938,142.63999938964844,143.52999877929688,17449,0.0,0.0
2022-12-16 15:30:00-05:00,143.7899932861328,144.22999572753906,142.93499755859375,143.89999389648438,45899,0.0,0.0
2022-12-19 09:30:00-05:00,144.0500030517578,145.64999389648438,143.6750030517578,145.64999389648438,12011,0.0,0.0
2022-12-19 10:30:00-05:00,145.7100067138672,145.7100067138672,144.38999938964844,144.38999938964844,5533,0.0,0.0
2022-12-19 11:30:00-05:00,144.3300018310547,144.75,143.47999572753906,144.75,10077,0.0,0.0
2022-12-19 12:30:00-05:00,144.9499969482422,144.9499969482422,144.17999267578125,144.17999267578125,6314,0.0,0.0
2022-12-19 13:30:00-05:00,144.08999633789062,144.08999633789062,143.02999877929688,143.3000030517578,12554,0.0,0.0
2022-12-19 14:30:00-05:00,143.2100067138672,143.36500549316406,142.5399932861328,142.85000610351562,10535,0.0,0.0
2022-12-19 15:30:00-05:00,143.08999633789062,143.49000549316406,142.58999633789062,143.00999450683594,29183,0.0,0.0
2022-12-20 09:30:00-05:00,142.97999572753906,144.13999938964844,142.44000244140625,144.13999938964844,5043,0.0,0.0
2022-12-20 10:30:00-05:00,144.14999389648438,145.0,143.85499572753906,144.34500122070312,11759,0.0,0.0
2022-12-20 11:30:00-05:00,144.4250030517578,145.86000061035156,144.4250030517578,145.50999450683594,11423,0.0,0.0
2022-12-20 12:30:00-05:00,145.55999755859375,146.339599609375,145.17999267578125,145.72999572753906,14640,0.0,0.0
2022-12-20 13:30:00-05:00,145.7602996826172,146.38999938964844,145.1649932861328,145.1649932861328,14356,0.0,0.0
2022-12-20 14:30:00-05:00,145.11000061035156,145.11000061035156,144.66000366210938,144.9499969482422,13441,0.0,0.0
2022-12-20 15:30:00-05:00,145.0,145.0,144.3800048828125,144.8699951171875,48089,0.0,0.0
2022-12-21 09:30:00-05:00,145.24000549316406,146.86000061035156,145.24000549316406,146.22500610351562,9562,0.0,0.0
2022-12-21 10:30:00-05:00,146.52000427246094,148.00999450683594,146.49000549316406,147.66000366210938,9268,0.0,0.0
2022-12-21 11:30:00-05:00,148.10000610351562,148.10000610351562,147.66000366210938,147.8699951171875,5366,0.0,0.0
2022-12-21 12:30:00-05:00,147.48500061035156,148.02999877929688,147.48500061035156,147.6999969482422,6013,0.0,0.0
2022-12-21 13:30:00-05:00,147.5399932861328,147.9550018310547,147.5399932861328,147.8350067138672,6618,0.0,0.0
2022-12-21 14:30:00-05:00,147.83999633789062,147.91000366210938,147.3000030517578,147.3000030517578,7520,0.0,0.0
2022-12-21 15:30:00-05:00,147.44000244140625,147.72999572753906,147.1999969482422,147.36000061035156,21625,0.0,0.0
2022-12-22 09:30:00-05:00,145.8000030517578,145.8000030517578,144.1699981689453,145.11500549316406,6124,0.0,0.0
2022-12-22 10:30:00-05:00,145.26499938964844,145.26499938964844,144.77000427246094,144.77000427246094,1963,0.0,0.0
2022-12-22 11:30:00-05:00,144.42999267578125,144.75,144.21499633789062,144.38499450683594,5115,0.0,0.0
2022-12-22 12:30:00-05:00,144.2899932861328,144.63999938964844,143.7884979248047,144.1999969482422,9847,0.0,0.0
2022-12-22 13:30:00-05:00,144.08999633789062,144.9199981689453,143.24000549316406,144.86000061035156,6491,0.0,0.0
2022-12-22 14:30:00-05:00,144.63999938964844,146.16000366210938,144.41000366210938,146.0050048828125,9329,0.0,0.0
2022-12-22 15:30:00-05:00,145.91000366210938,146.1999969482422,145.3000030517578,145.6300048828125,18627,0.0,0.0
2022-12-23 09:30:00-05:00,145.75999450683594,147.1239013671875,145.32000732421875,146.66000366210938,0,0.0,0.0
2022-12-23 10:30:00-05:00,146.55499267578125,146.6999969482422,146.02999877929688,146.52000427246094,5770,0.0,0.0
2022-12-23 11:30:00-05:00,146.49000549316406,146.8000030517578,146.49000549316406,146.8000030517578,3311,0.0,0.0
2022-12-23 12:30:00-05:00,146.7899932861328,146.97000122070312,146.30999755859375,146.83999633789062,4991,0.0,0.0
2022-12-23 13:30:00-05:00,146.47999572753906,146.64999389648438,146.23500061035156,146.23500061035156,3815,0.0,0.0
2022-12-23 14:30:00-05:00,147.02999877929688,147.50999450683594,146.8000030517578,147.08999633789062,6456,0.0,0.0
2022-12-23 15:30:00-05:00,146.77999877929688,147.1300048828125,146.61000061035156,147.05999755859375,10505,0.0,0.0
2022-12-27 09:30:00-05:00,146.25,148.0449981689453,145.17999267578125,147.6199951171875,5917,0.0,0.0
2022-12-27 10:30:00-05:00,147.97000122070312,148.0800018310547,147.22000122070312,147.97999572753906,2761,0.0,0.0
2022-12-27 11:30:00-05:00,147.67999267578125,148.5500030517578,147.50999450683594,148.13999938964844,2417,0.0,0.0
2022-12-27 12:30:00-05:00,148.07000732421875,148.2100067138672,147.86000061035156,148.03500366210938,3397,0.0,0.0
2022-12-27 13:30:00-05:00,147.66000366210938,147.73500061035156,147.07000732421875,147.07000732421875,5395,0.0,0.0
2022-12-27 14:30:00-05:00,147.00999450683594,147.60499572753906,147.00999450683594,147.60499572753906,4314,0.0,0.0
2022-12-27 15:30:00-05:00,147.6300048828125,147.72000122070312,147.27000427246094,147.58999633789062,11020,0.0,0.0
2022-12-28 09:30:00-05:00,147.5500030517578,148.16000366210938,147.07000732421875,147.07000732421875,5326,0.0,0.0
2022-12-28 10:30:00-05:00,146.48699951171875,146.875,146.11000061035156,146.38999938964844,3452,0.0,0.0
2022-12-28 11:30:00-05:00,145.57000732421875,145.57000732421875,145.11000061035156,145.11000061035156,1202,0.0,0.0
2022-12-28 12:30:00-05:00,145.38999938964844,145.85000610351562,145.38999938964844,145.72999572753906,2279,0.0,0.0
2022-12-28 13:30:00-05:00,145.4600067138672,145.5500030517578,145.2050018310547,145.2050018310547,4212,0.0,0.0
2022-12-28 14:30:00-05:00,145.125,145.58990478515625,144.77999877929688,144.80999755859375,3886,0.0,0.0
2022-12-28 15:30:00-05:00,144.88999938964844,145.0,144.41000366210938,144.6199951171875,10557,0.0,0.0
2022-12-29 09:30:00-05:00,145.91000366210938,147.60000610351562,145.77850341796875,147.30999755859375,5015,0.0,0.0
2022-12-29 10:30:00-05:00,147.30999755859375,147.39999389648438,146.73500061035156,147.39999389648438,4619,0.0,0.0
2022-12-29 11:30:00-05:00,147.51499938964844,149.69000244140625,147.51499938964844,149.1649932861328,13584,0.0,0.0
2022-12-29 12:30:00-05:00,149.74000549316406,150.17999267578125,149.3800048828125,149.5800018310547,9963,0.0,0.0
2022-12-29 13:30:00-05:00,149.36000061035156,149.88999938964844,148.78500366210938,149.38499450683594,8072,0.0,0.0
2022-12-29 14:30:00-05:00,149.52999877929688,149.8000030517578,148.32000732421875,148.47000122070312,8261,0.0,0.0
2022-12-29 15:30:00-05:00,148.4199981689453,149.77999877929688,148.4199981689453,149.1699981689453,29304,0.0,0.0
2022-12-30 09:30:00-05:00,147.88999938964844,148.60499572753906,146.80209350585938,147.50999450683594,5110,0.0,0.0
2022-12-30 10:30:00-05:00,147.72999572753906,147.72999572753906,147.08999633789062,147.08999633789062,4444,0.0,0.0
2022-12-30 11:30:00-05:00,147.5850067138672,147.5850067138672,147.22999572753906,147.22999572753906,705,0.0,0.0
2022-12-30 12:30:00-05:00,147.10000610351562,147.36000061035156,145.94000244140625,145.94000244140625,4858,0.0,0.0
2022-12-30 13:30:00-05:00,146.1999969482422,146.30999755859375,145.5,145.80999755859375,7224,0.0,0.0
2022-12-30 14:30:00-05:00,145.77999877929688,146.11000061035156,145.16000366210938,145.7899932861328,5679,0.0,0.0
2022-12-30 15:30:00-05:00,145.8300018310547,146.51499938964844,145.64999389648438,146.16000366210938,18535,0.0,0.0
2023-01-03 09:30:00-05:00,147.6199951171875,147.88999938964844,145.3300018310547,145.80999755859375,6420,0.0,0.0
2023-01-03 10:30:00-05:00,146.10000610351562,146.72999572753906,145.49000549316406,145.61000061035156,6475,0.0,0.0
2023-01-03 11:30:00-05:00,145.4199981689453,145.61000061035156,145.02000427246094,145.51499938964844,4833,0.0,0.0
2023-01-03 12:30:00-05:00,145.6199951171875,146.28500366210938,145.10000610351562,145.47000122070312,8149,0.0,0.0
2023-01-03 13:30:00-05:00,145.66000366210938,145.8300018310547,144.1649932861328,144.1699981689453,13233,0.0,0.0
2023-01-03 14:30:00-05:00,144.02999877929688,145.5,143.61000061035156,144.97000122070312,11585,0.0,0.0
2023-01-03 15:30:00-05:00,145.2100067138672,146.2550048828125,144.97999572753906,145.5399932861328,35985,0.0,0.0
2023-01-04 09:30:00-05:00,146.55999755859375,147.7050018310547,144.61000061035156,144.61000061035156,0,0.0,0.0
2023-01-04 10:30:00-05:00,144.64999389648438,146.27999877929688,144.64999389648438,146.27999877929688,5768,0.0,0.0
2023-01-04 11:30:00-05:00,146.73500061035156,146.89999389648438,146.49000549316406,146.6699981689453,3785,0.0,0.0
2023-01-04 12:30:00-05:00,146.67999267578125,147.01499938964844,146.3000030517578,147.01499938964844,2982,0.0,0.0
2023-01-04 13:30:00-05:00,147.1649932861328,147.1750030517578,144.75999450683594,144.75999450683594,11855,0.0,0.0
2023-01-04 14:30:00-05:00,144.83999633789062,146.26499938964844,144.83999633789062,145.55999755859375,11491,0.0,0.0
2023-01-04 15:30:00-05:00,145.22999572753906,145.52499389648438,144.49000549316406,144.8699951171875,23272,0.0,0.0
2023-01-05 09:30:00-05:00,143.94000244140625,145.57000732421875,142.63999938964844,144.52999877929688,13895,0.0,0.0
2023-01-05 10:30:00-05:00,144.10000610351562,144.6999969482422,143.0399932861328,143.35000610351562,7758,0.0,0.0
2023-01-05 11:30:00-05:00,143.35000610351562,143.35000610351562,142.27000427246094,143.22000122070312,11105,0.0,0.0
2023-01-05 12:30:00-05:00,142.86500549316406,143.83999633789062,142.5,143.08999633789062,7711,0.0,0.0
2023-01-05 13:30:00-05:00,143.08999633789062,143.08999633789062,142.2899932861328,142.30999755859375,8016,0.0,0.0
2023-01-05 14:30:00-05:00,142.36000061035156,143.16000366210938,142.25,142.64999389648438,10012,0.0,0.0
2023-01-05 15:30:00-05:00,142.22999572753906,143.13999938964844,142.10499572753906,143.1300048828125,38048,0.0,0.0
2023-01-06 09:30:00-05:00,144.82000732421875,147.47999572753906,144.82000732421875,147.47999572753906,9186,0.0,0.0
2023-01-06 10:30:00-05:00,147.42999267578125,148.58999633789062,147.38999938964844,147.39999389648438,7981,0.0,0.0
2023-01-06 11:30:00-05:00,147.389404296875,148.2550048828125,147.08999633789062,147.80999755859375,6958,0.0,0.0
2023-01-06 12:30:00-05:00,147.4499969482422,148.5800018310547,147.42999267578125,148.5800018310547,9098,0.0,0.0
2023-01-06 13:30:00-05:00,148.82000732421875,148.82000732421875,147.83999633789062,148.82000732421875,4326,0.0,0.0
2023-01-06 14:30:00-05:00,148.85000610351562,149.2449951171875,148.34500122070312,148.6199951171875,10037,0.0,0.0
2023-01-06 15:30:00-05:00,148.80999755859375,149.16000366210938,148.32000732421875,148.6300048828125,19392,0.0,0.0
2023-01-09 09:30:00-05:00,149.05999755859375,150.6750030517578,149.05999755859375,150.05499267578125,7392,0.0,0.0
2023-01-09 10:30:00-05:00,150.32000732421875,151.86000061035156,150.32000732421875,151.86000061035156,6564,0.0,0.0
2023-01-09 11:30:00-05:00,151.41000366210938,151.52000427246094,150.22329711914062,150.6199951171875,5525,0.0,0.0
2023-01-09 12:30:00-05:00,150.5850067138672,151.0800018310547,150.5850067138672,150.7100067138672,3043,0.0,0.0
2023-01-09 13:30:00-05:00,150.69500732421875,150.91000366210938,150.1649932861328,150.5800018310547,3945,0.0,0.0
2023-01-09 14:30:00-05:00,150.07000732421875,150.4600067138672,149.72000122070312,150.1199951171875,8848,0.0,0.0
2023-01-09 15:30:00-05:00,149.94000244140625,150.22000122070312,149.4600067138672,149.6300048828125,17312,0.0,0.0
2023-01-10 09:30:00-05:00,149.77999877929688,151.6199951171875,149.77999877929688,150.30999755859375,0,0.0,0.0
2023-01-10 10:30:00-05:00,149.77999877929688,151.02000427246094,149.10000610351562,151.02000427246094,3345,0.0,0.0
2023-01-10 11:30:00-05:00,150.88999938964844,150.88999938964844,150.0,150.80999755859375,4208,0.0,0.0
2023-01-10 12:30:00-05:00,151.19000244140625,152.14999389648438,151.19000244140625,151.8000030517578,8997,0.0,0.0
2023-01-10 13:30:00-05:00,151.8699951171875,152.67999267578125,151.78500366210938,152.50999450683594,8525,0.0,0.0
2023-01-10 14:30:00-05:00,152.3800048828125,152.64999389648438,152.18499755859375,152.28500366210938,6807,0.0,0.0
2023-01-10 15:30:00-05:00,152.1199951171875,153.08999633789062,151.89999389648438,153.08999633789062,17719,0.0,0.0
2023-01-11 09:30:00-05:00,152.1199951171875,154.55999755859375,152.1199951171875,153.22000122070312,15088,0.0,0.0
2023-01-11 10:30:00-05:00,152.97000122070312,154.08999633789062,152.88999938964844,153.97999572753906,42908,0.0,0.0
2023-01-11 11:30:00-05:00,153.97999572753906,154.17999267578125,153.38999938964844,154.125,7206,0.0,0.0
2023-01-11 12:30:00-05:00,154.0850067138672,155.0800018310547,153.52000427246094,154.85000610351562,14845,0.0,0.0
2023-01-11 13:30:00-05:00,154.50999450683594,155.0850067138672,154.50999450683594,154.97500610351562,8281,0.0,0.0
2023-01-11 14:30:00-05:00,155.0800018310547,156.00999450683594,155.0399932861328,155.61000061035156,27602,0.0,0.0
2023-01-11 15:30:00-05:00,155.3000030517578,155.875,155.2899932861328,155.63999938964844,27629,0.0,0.0
2023-01-12 09:30:00-05:00,156.47000122070312,156.7899932861328,153.74000549316406,156.50999450683594,25268,0.0,0.0
2023-01-12 10:30:00-05:00,156.39999389648438,156.7899932861328,154.58999633789062,155.66000366210938,12708,0.0,0.0
2023-01-12 11:30:00-05:00,155.59500122070312,155.91000366210938,155.1199951171875,155.63999938964844,19468,0.0,0.0
2023-01-12 12:30:00-05:00,155.7050018310547,156.71749877929688,155.24000549316406,155.24000549316406,11997,0.0,0.0
2023-01-12 13:30:00-05:00,155.22000122070312,156.0399932861328,154.73500061035156,155.80999755859375,7231,0.0,0.0
2023-01-12 14:30:00-05:00,155.80999755859375,156.05499267578125,154.8800048828125,155.42999267578125,16633,0.0,0.0
2023-01-12 15:30:00-05:00,155.38999938964844,155.91000366210938,154.97999572753906,155.72000122070312,18345,0.0,0.0
2023-01-13 09:30:00-05:00,155.38999938964844,156.52000427246094,154.27000427246094,156.50999450683594,4750,0.0,0.0
2023-01-13 10:30:00-05:00,156.5500030517578,156.8000030517578,155.57000732421875,156.1699981689453,5259,0.0,0.0
2023-01-13 11:30:00-05:00,155.9600067138672,157.22000122070312,155.81500244140625,157.22000122070312,6486,0.0,0.0
2023-01-13 12:30:00-05:00,156.85000610351562,157.39999389648438,156.80999755859375,157.3699951171875,5848,0.0,0.0
2023-01-13 13:30:00-05:00,157.39999389648438,158.33999633789062,157.2449951171875,157.3000030517578,6896,0.0,0.0
2023-01-13 14:30:00-05:00,157.38229370117188,158.39500427246094,157.38229370117188,158.375,6704,0.0,0.0
2023-01-13 15:30:00-05:00,158.39500427246094,158.8300018310547,158.09500122070312,158.25999450683594,18985,0.0,0.0
2023-01-17 09:30:00-05:00,158.8300018310547,160.44000244140625,158.8300018310547,160.41000366210938,11040,0.0,0.0
2023-01-17 10:30:00-05:00,160.32000732421875,160.47000122070312,158.6300048828125,158.94000244140625,11322,0.0,0.0
2023-01-17 11:30:00-05:00,158.6999969482422,158.78500366210938,158.14999389648438,158.61000061035156,4814,0.0,0.0
2023-01-17 12:30:00-05:00,158.5399932861328,158.5399932861328,157.7899932861328,158.10499572753906,5664,0.0,0.0
2023-01-17 13:30:00-05:00,158.14999389648438,158.27999877929688,157.1199951171875,157.1199951171875,7053,0.0,0.0
2023-01-17 14:30:00-05:00,157.13999938964844,157.47569274902344,157.0800018310547,157.375,8384,0.0,0.0
2023-01-17 15:30:00-05:00,157.30999755859375,157.5449981689453,156.64999389648438,156.64999389648438,20881,0.0,0.0
2023-01-18 09:30:00-05:00,156.58999633789062,158.97999572753906,156.58999633789062,158.5800018310547,0,0.0,0.0
2023-01-18 10:30:00-05:00,158.50999450683594,158.50999450683594,156.74000549316406,156.94000244140625,9611,0.0,0.0
2023-01-18 11:30:00-05:00,157.0850067138672,157.0850067138672,156.57000732421875,156.91000366210938,7924,0.0,0.0
2023-01-18 12:30:00-05:00,156.78500366210938,156.8300018310547,155.85499572753906,156.6300048828125,8625,0.0,0.0
2023-01-18 13:30:00-05:00,156.97000122070312,157.4600067138672,155.60000610351562,155.83999633789062,5914,0.0,0.0
2023-01-18 14:30:00-05:00,155.51499938964844,155.5800018310547,155.16000366210938,155.27999877929688,10147,0.0,0.0
2023-01-18 15:30:00-05:00,155.2100067138672,155.27000427246094,154.24000549316406,154.60000610351562,23553,0.0,0.0
2023-01-19 09:30:00-05:00,154.4199981689453,154.4199981689453,150.9199981689453,151.74000549316406,0,0.0,0.0
2023-01-19 10:30:00-05:00,152.03500366210938,152.82000732421875,151.44000244140625,152.34500122070312,6959,0.0,0.0
2023-01-19 11:30:00-05:00,152.36000061035156,152.38999938964844,151.80499267578125,152.35499572753906,6050,0.0,0.0
2023-01-19 12:30:00-05:00,152.1999969482422,152.5,151.9600067138672,152.5,5988,0.0,0.0
2023-01-19 13:30:00-05:00,152.6855010986328,152.89999389648438,152.1699981689453,152.86000061035156,7976,0.0,0.0
2023-01-19 14:30:00-05:00,152.7899932861328,153.0399932861328,152.02999877929688,152.21499633789062,8291,0.0,0.0
2023-01-19 15:30:00-05:00,152.0800018310547,152.19000244140625,151.56500244140625,151.61000061035156,16952,0.0,0.0
2023-01-20 09:30:00-05:00,153.02999877929688,155.4199981689453,152.3350067138672,154.77999877929688,0,0.0,0.0
2023-01-20 10:30:00-05:00,154.89999389648438,155.02000427246094,153.89500427246094,154.07000732421875,9625,0.0,0.0
2023-01-20 11:30:00-05:00,154.14999389648438,154.14999389648438,153.19000244140625,153.34500122070312,7409,0.0,0.0
2023-01-20 12:30:00-05:00,152.9600067138672,153.1300048828125,151.92999267578125,152.02999877929688,7557,0.0,0.0
2023-01-20 13:30:00-05:00,152.25,152.8699951171875,152.25,152.3000030517578,10926,0.0,0.0
2023-01-20 14:30:00-05:00,152.47000122070312,153.1300048828125,152.42999267578125,152.97000122070312,9021,0.0,0.0
2023-01-20 15:30:00-05:00,153.10000610351562,153.9199981689453,152.80999755859375,153.9199981689453,36823,0.0,0.0
2023-01-23 09:30:00-05:00,153.55999755859375,154.0,153.02000427246094,153.1649932861328,0,0.0,0.0
2023-01-23 10:30:00-05:00,153.17999267578125,154.42739868164062,152.92999267578125,153.14999389648438,12674,0.0,0.0
2023-01-23 11:30:00-05:00,153.99000549316406,154.30999755859375,153.2949981689453,153.75,11469,0.0,0.0
2023-01-23 12:30:00-05:00,154.19000244140625,154.47000122070312,153.8300018310547,154.3780975341797,8305,0.0,0.0
2023-01-23 13:30:00-05:00,154.0800018310547,154.50999450683594,153.56500244140625,153.56500244140625,6213,0.0,0.0
2023-01-23 14:30:00-05:00,153.44000244140625,153.44000244140625,152.6999969482422,153.02000427246094,18617,0.0,0.0
2023-01-23 15:30:00-05:00,153.07000732421875,153.8699951171875,152.92669677734375,153.86000061035156,42025,0.0,0.0
2023-01-24 09:30:00-05:00,151.72000122070312,153.0449981689453,150.92010498046875,153.0449981689453,0,0.0,0.0
2023-01-24 10:30:00-05:00,153.5500030517578,155.25999450683594,153.5500030517578,155.25999450683594,2615,0.0,0.0
2023-01-24 11:30:00-05:00,155.55999755859375,155.55999755859375,154.61000061035156,155.4199981689453,4524,0.0,0.0
2023-01-24 12:30:00-05:00,155.6999969482422,155.6999969482422,155.4499969482422,155.57000732421875,2507,0.0,0.0
2023-01-24 13:30:00-05:00,155.5500030517578,156.14999389648438,154.97000122070312,155.27999877929688,6360,0.0,0.0
2023-01-24 14:30:00-05:00,155.27499389648438,155.6300048828125,155.14999389648438,155.2550048828125,6297,0.0,0.0
2023-01-24 15:30:00-05:00,155.35000610351562,155.4499969482422,154.82000732421875,154.86000061035156,13024,0.0,0.0
2023-01-25 09:30:00-05:00,153.8800048828125,154.00999450683594,152.75,153.52000427246094,7357,0.0,0.0
2023-01-25 10:30:00-05:00,153.11000061035156,153.6999969482422,152.83999633789062,153.6999969482422,7876,0.0,0.0
2023-01-25 11:30:00-05:00,153.39999389648438,153.83999633789062,153.39999389648438,153.68499755859375,5563,0.0,0.0
2023-01-25 12:30:00-05:00,153.5399932861328,154.60000610351562,153.5399932861328,154.5,11137,0.0,0.0
2023-01-25 13:30:00-05:00,154.3800048828125,154.44000244140625,153.6750030517578,153.91000366210938,9661,0.0,0.0
2023-01-25 14:30:00-05:00,153.50999450683594,154.1699981689453,153.50999450683594,154.13499450683594,7862,0.0,0.0
2023-01-25 15:30:00-05:00,154.8000030517578,154.8000030517578,153.6199951171875,153.99000549316406,10773,0.0,0.0
2023-01-26 09:30:00-05:00,155.3000030517578,155.3000030517578,153.72000122070312,154.17999267578125,0,0.0,0.0
2023-01-26 10:30:00-05:00,154.47999572753906,154.85000610351562,152.47000122070312,154.85000610351562,13552,0.0,0.0
2023-01-26 11:30:00-05:00,155.3070068359375,155.8800048828125,154.38999938964844,155.625,6217,0.0,0.0
2023-01-26 12:30:00-05:00,155.7899932861328,156.14999389648438,155.52999877929688,155.74000549316406,8008,0.0,0.0
2023-01-26 13:30:00-05:00,155.8800048828125,157.16000366210938,155.82000732421875,155.82000732421875,7368,0.0,0.0
2023-01-26 14:30:00-05:00,155.81500244140625,156.17999267578125,155.32000732421875,156.08999633789062,6789,0.0,0.0
2023-01-26 15:30:00-05:00,156.08999633789062,157.3000030517578,156.00999450683594,156.82000732421875,24373,0.0,0.0
2023-01-27 09:30:00-05:00,156.8699951171875,158.3000030517578,156.1199951171875,157.9600067138672,0,0.0,0.0
2023-01-27 10:30:00-05:00,157.9949951171875,158.55999755859375,157.91000366210938,158.5500030517578,9586,0.0,0.0
2023-01-27 11:30:00-05:00,158.5500030517578,158.89999389648438,158.4199981689453,158.8000030517578,10039,0.0,0.0
2023-01-27 12:30:00-05:00,158.6999969482422,159.6699981689453,158.67919921875,159.36000061035156,13518,0.0,0.0
2023-01-27 13:30:00-05:00,159.00999450683594,159.82000732421875,159.00999450683594,159.81500244140625,6094,0.0,0.0
2023-01-27 14:30:00-05:00,159.80499267578125,160.14999389648438,159.71499633789062,160.14999389648438,7536,0.0,0.0
2023-01-27 15:30:00-05:00,160.1374969482422,160.14500427246094,159.19000244140625,159.25999450683594,17777,0.0,0.0
2023-01-30 09:30:00-05:00,158.69000244140625,160.19000244140625,158.69000244140625,159.2050018310547,4138,0.0,0.0
2023-01-30 10:30:00-05:00,159.11000061035156,159.1300048828125,158.6300048828125,158.63999938964844,6432,0.0,0.0
2023-01-30 11:30:00-05:00,158.6199951171875,158.80999755859375,157.72000122070312,158.2449951171875,9122,0.0,0.0
2023-01-30 12:30:00-05:00,158.38999938964844,158.8043975830078,158.0399932861328,158.8043975830078,5116,0.0,0.0
2023-01-30 13:30:00-05:00,158.42999267578125,158.5,157.82260131835938,157.82260131835938,6422,0.0,0.0
2023-01-30 14:30:00-05:00,157.8800048828125,158.14739990234375,157.23500061035156,157.38999938964844,6413,0.0,0.0
2023-01-30 15:30:00-05:00,157.25,157.97000122070312,157.1750030517578,157.94000244140625,16202,0.0,0.0
2023-01-31 09:30:00-05:00,158.7100067138672,159.75999450683594,158.7100067138672,159.6699981689453,4690,0.0,0.0
2023-01-31 10:30:00-05:00,160.19000244140625,160.82000732421875,159.5500030517578,160.63999938964844,4845,0.0,0.0
2023-01-31 11:30:00-05:00,160.875,161.32000732421875,160.55999755859375,161.32000732421875,8576,0.0,0.0
2023-01-31 12:30:00-05:00,161.38999938964844,161.67999267578125,161.2550048828125,161.6699981689453,4729,0.0,0.0
2023-01-31 13:30:00-05:00,161.66000366210938,162.00999450683594,161.22999572753906,161.3800048828125,5852,0.0,0.0
2023-01-31 14:30:00-05:00,161.52999877929688,162.5,161.2449951171875,161.8699951171875,9882,0.0,0.0
2023-01-31 15:30:00-05:00,162.24000549316406,163.74000549316406,162.22999572753906,163.5500030517578,36250,0.0,0.0
2023-02-01 09:30:00-05:00,162.92999267578125,164.1199951171875,161.87660217285156,163.52000427246094,13435,0.0,0.0
2023-02-01 10:30:00-05:00,163.6199951171875,164.14999389648438,162.92999267578125,163.875,14447,0.0,0.0
2023-02-01 11:30:00-05:00,164.11000061035156,164.1846923828125,163.0,163.4949951171875,7269,0.0,0.0
2023-02-01 12:30:00-05:00,163.27999877929688,163.8699951171875,163.00999450683594,163.8249969482422,7268,0.0,0.0
2023-02-01 13:30:00-05:00,164.125,164.5,163.42999267578125,164.1199951171875,8508,0.0,0.0
2023-02-01 14:30:00-05:00,163.58999633789062,167.63999938964844,163.58999633789062,167.41000366210938,18119,0.0,0.0
2023-02-01 15:30:00-05:00,167.4949951171875,168.60000610351562,166.80999755859375,167.5,34969,0.0,0.0
2023-02-02 09:30:00-05:00,168.5800018310547,171.55999755859375,167.60000610351562,171.55999755859375,19043,0.0,0.0
2023-02-02 10:30:00-05:00,171.19000244140625,172.11000061035156,171.17999267578125,171.83999633789062,17762,0.0,0.0
2023-02-02 11:30:00-05:00,171.6300048828125,171.77000427246094,170.31500244140625,171.77000427246094,8555,0.0,0.0
2023-02-02 12:30:00-05:00,171.72999572753906,171.9199981689453,171.27000427246094,171.85499572753906,10834,0.0,0.0
2023-02-02 13:30:00-05:00,171.97000122070312,172.7449951171875,171.77000427246094,171.80999755859375,14459,0.0,0.0
2023-02-02 14:30:00-05:00,172.02000427246094,172.13999938964844,170.47999572753906,171.52000427246094,16143,0.0,0.0
2023-02-02 15:30:00-05:00,171.71499633789062,172.125,171.0500030517578,171.86000061035156,35039,0.0,0.0
2023-02-03 09:30:00-05:00,170.1699981689453,171.83999633789062,170.1699981689453,171.55999755859375,6386,0.0,0.0
2023-02-03 10:30:00-05:00,171.77000427246094,172.94000244140625,171.77000427246094,172.10000610351562,8413,0.0,0.0
2023-02-03 11:30:00-05:00,172.21499633789062,172.22000122070312,171.2100067138672,172.19000244140625,9133,0.0,0.0
2023-02-03 12:30:00-05:00,171.91000366210938,172.89999389648438,170.8699951171875,171.4199981689453,7861,0.0,0.0
2023-02-03 13:30:00-05:00,171.3800048828125,171.85000610351562,170.89999389648438,171.14999389648438,5613,0.0,0.0
2023-02-03 14:30:00-05:00,171.02999877929688,172.02999877929688,171.02999877929688,172.02999877929688,7700,0.0,0.0
2023-02-03 15:30:00-05:00,172.38499450683594,172.50999450683594,171.86000061035156,171.97000122070312,18861,0.0,0.0
2023-02-06 09:30:00-05:00,170.3699951171875,171.08999633789062,167.6699981689453,167.97500610351562,9642,0.0,0.0
2023-02-06 10:30:00-05:00,167.81500244140625,169.22999572753906,167.60499572753906,168.2100067138672,11146,0.0,0.0
2023-02-06 11:30:00-05:00,168.58999633789062,169.25999450683594,168.58999633789062,169.0500030517578,10850,0.0,0.0
2023-02-06 12:30:00-05:00,169.27000427246094,169.4600067138672,168.64999389648438,168.9149932861328,22445,0.0,0.0
2023-02-06 13:30:00-05:00,168.6999969482422,169.07000732421875,168.17999267578125,168.42999267578125,6194,0.0,0.0
2023-02-06 14:30:00-05:00,168.19000244140625,168.4600067138672,167.52000427246094,167.7050018310547,8013,0.0,0.0
2023-02-06 15:30:00-05:00,167.92999267578125,168.55499267578125,167.9199981689453,168.1199951171875,19089,0.0,0.0
2023-02-07 09:30:00-05:00,166.86000061035156,168.68499755859375,166.4499969482422,168.52999877929688,12731,0.0,0.0
2023-02-07 10:30:00-05:00,168.22000122070312,168.72000122070312,167.9499969482422,168.33999633789062,15139,0.0,0.0
2023-02-07 11:30:00-05:00,168.07000732421875,168.66000366210938,167.9499969482422,168.66000366210938,10327,0.0,0.0
2023-02-07 12:30:00-05:00,168.4499969482422,170.69000244140625,168.4499969482422,169.22999572753906,18166,0.0,0.0
2023-02-07 13:30:00-05:00,169.0,171.50999450683594,168.74000549316406,170.8000030517578,36142,0.0,0.0
2023-02-07 14:30:00-05:00,170.97999572753906,171.91000366210938,170.49000549316406,171.14999389648438,21202,0.0,0.0
2023-02-07 15:30:00-05:00,171.0800018310547,172.4949951171875,170.60000610351562,172.0500030517578,42605,0.0,0.0
2023-02-08 09:30:00-05:00,169.7899932861328,172.16000366210938,169.7899932861328,172.00999450683594,20873,0.0,0.0
2023-02-08 10:30:00-05:00,171.55999755859375,172.05999755859375,171.0,171.33999633789062,21522,0.0,0.0
2023-02-08 11:30:00-05:00,171.30999755859375,171.85000610351562,170.47999572753906,170.72500610351562,18904,0.0,0.0
2023-02-08 12:30:00-05:00,170.82000732421875,172.1199951171875,170.82000732421875,170.9199981689453,15872,0.0,0.0
2023-02-08 13:30:00-05:00,170.55999755859375,171.05999755859375,168.97000122070312,169.30499267578125,23441,0.0,0.0
2023-02-08 14:30:00-05:00,169.30999755859375,169.63999938964844,168.75,169.16000366210938,36212,0.0,0.0
2023-02-08 15:30:00-05:00,169.0,169.4499969482422,168.5800018310547,168.58999633789062,46583,0.0,0.0
2023-02-09 09:30:00-05:00,171.0,181.02000427246094,171.0,179.82000732421875,37051,0.0,0.0
2023-02-09 10:30:00-05:00,179.9949951171875,180.58999633789062,178.0,178.8000030517578,24796,0.0,0.0
2023-02-09 11:30:00-05:00,178.25999450683594,178.33999633789062,175.86000061035156,176.88999938964844,22844,0.0,0.0
2023-02-09 12:30:00-05:00,176.58999633789062,177.61500549316406,175.8000030517578,177.61000061035156,17055,0.0,0.0
2023-02-09 13:30:00-05:00,177.3800048828125,178.69000244140625,177.35000610351562,177.5500030517578,21528,0.0,0.0
2023-02-09 14:30:00-05:00,177.8800048828125,177.99000549316406,175.2899932861328,175.34500122070312,47342,0.0,0.0
2023-02-09 15:30:00-05:00,175.4199981689453,177.3300018310547,175.00999450683594,177.2100067138672,72931,0.0,0.0
2023-02-10 09:30:00-05:00,176.77999877929688,178.75999450683594,175.1999969482422,176.8699951171875,45642,0.0,0.0
2023-02-10 10:30:00-05:00,177.08999633789062,177.5,175.86500549316406,176.61000061035156,18112,0.0,0.0
2023-02-10 11:30:00-05:00,176.4600067138672,177.25,176.3300018310547,176.47999572753906,11789,0.0,0.0
2023-02-10 12:30:00-05:00,176.39999389648438,177.0399932861328,175.97999572753906,176.5800018310547,14715,0.0,0.0
2023-02-10 13:30:00-05:00,176.47000122070312,177.11000061035156,176.10000610351562,176.72000122070312,19095,0.0,0.0
2023-02-10 14:30:00-05:00,176.69000244140625,176.93499755859375,175.99000549316406,176.3800048828125,24604,0.0,0.0
2023-02-10 15:30:00-05:00,176.4149932861328,176.4149932861328,175.6999969482422,175.72999572753906,68831,0.0,0.0
2023-02-13 09:30:00-05:00,176.27000427246094,178.3699951171875,175.77999877929688,178.0800018310547,18746,0.0,0.0
2023-02-13 10:30:00-05:00,178.1199951171875,178.47999572753906,177.5500030517578,177.83999633789062,9017,0.0,0.0
2023-02-13 11:30:00-05:00,178.42999267578125,178.9199981689453,177.72999572753906,178.8000030517578,12768,0.0,0.0
2023-02-13 12:30:00-05:00,178.72000122070312,178.72000122070312,177.58999633789062,178.38999938964844,14644,0.0,0.0
2023-02-13 13:30:00-05:00,178.4499969482422,178.72999572753906,178.17999267578125,178.17999267578125,11060,0.0,0.0
2023-02-13 14:30:00-05:00,178.16000366210938,178.69000244140625,177.58999633789062,177.8000030517578,25052,0.0,0.0
2023-02-13 15:30:00-05:00,177.97000122070312,178.05999755859375,176.76499938964844,177.61000061035156,53893,0.0,0.0
2023-02-14 09:30:00-05:00,177.9499969482422,178.35000610351562,176.0,177.91000366210938,12953,0.0,0.0
2023-02-14 10:30:00-05:00,176.92999267578125,177.11000061035156,175.86500549316406,176.75,15252,0.0,0.0
2023-02-14 11:30:00-05:00,176.0399932861328,177.47999572753906,175.7899932861328,177.4149932861328,12769,0.0,0.0
2023-02-14 12:30:00-05:00,177.42999267578125,178.52000427246094,177.25,178.36000061035156,7064,0.0,0.0
2023-02-14 13:30:00-05:00,178.5,178.85499572753906,177.5500030517578,177.93499755859375,18694,0.0,0.0
2023-02-14 14:30:00-05:00,177.9600067138672,178.5,177.39999389648438,177.9499969482422,26183,0.0,0.0
2023-02-14 15:30:00-05:00,177.86000061035156,178.41000366210938,177.82000732421875,177.99000549316406,25513,0.0,0.0
2023-02-15 09:30:00-05:00,177.0,179.2100067138672,177.0,179.2050018310547,12830,0.0,0.0
2023-02-15 10:30:00-05:00,179.4199981689453,181.39999389648438,179.38999938964844,180.63999938964844,16898,0.0,0.0
2023-02-15 11:30:00-05:00,179.9199981689453,180.08999633789062,179.05870056152344,179.25,13529,0.0,0.0
2023-02-15 12:30:00-05:00,178.75999450683594,179.5800018310547,178.75999450683594,179.125,7731,0.0,0.0
2023-02-15 13:30:00-05:00,179.08250427246094,179.25579833984375,178.58999633789062,178.7100067138672,11189,0.0,0.0
2023-02-15 14:30:00-05:00,179.0500030517578,179.0500030517578,178.4600067138672,178.59500122070312,11443,0.0,0.0
2023-02-15 15:30:00-05:00,178.72000122070312,178.72000122070312,177.3350067138672,177.75,40011,0.0,0.0
2023-02-16 09:30:00-05:00,174.9499969482422,176.02499389648438,173.00999450683594,175.9199981689453,29739,0.0,0.0
2023-02-16 10:30:00-05:00,175.94000244140625,176.31500244140625,174.66000366210938,175.0,27840,0.0,0.0
2023-02-16 11:30:00-05:00,175.07000732421875,175.9199981689453,174.6300048828125,175.9199981689453,24003,0.0,0.0
2023-02-16 12:30:00-05:00,175.89500427246094,176.91000366210938,175.52999877929688,175.60000610351562,21894,0.0,0.0
2023-02-16 13:30:00-05:00,175.97999572753906,177.3000030517578,175.97999572753906,177.3000030517578,19730,0.0,0.0
2023-02-16 14:30:00-05:00,177.10499572753906,177.10499572753906,174.80999755859375,175.05999755859375,31744,0.0,0.0
2023-02-16 15:30:00-05:00,175.02000427246094,175.83999633789062,174.75,175.10000610351562,42476,0.0,0.0
2023-02-17 09:30:00-05:00,175.97999572753906,176.97999572753906,175.4199981689453,176.92999267578125,15774,0.0,0.0
2023-02-17 10:30:00-05:00,176.99000549316406,177.15499877929688,175.9600067138672,177.15499877929688,9562,0.0,0.0
2023-02-17 11:30:00-05:00,177.3199005126953,178.13999938964844,177.1649932861328,177.91250610351562,4972,0.0,0.0
2023-02-17 12:30:00-05:00,178.3699951171875,178.9199981689453,178.0,178.5399932861328,5545,0.0,0.0
2023-02-17 13:30:00-05:00,178.2899932861328,179.77999877929688,178.2899932861328,179.77999877929688,6383,0.0,0.0
2023-02-17 14:30:00-05:00,179.72000122070312,179.9199981689453,179.18499755859375,179.4149932861328,9250,0.0,0.0
2023-02-17 15:30:00-05:00,179.5500030517578,180.0050048828125,179.35000610351562,179.49000549316406,26589,0.0,0.0
2023-02-21 09:30:00-05:00,177.1999969482422,177.1999969482422,175.52000427246094,175.97000122070312,12249,0.0,0.0
2023-02-21 10:30:00-05:00,175.8300018310547,177.07000732421875,175.22000122070312,175.3800048828125,30851,0.0,0.0
2023-02-21 11:30:00-05:00,175.1999969482422,175.50999450683594,174.1300048828125,174.32000732421875,7610,0.0,0.0
2023-02-21 12:30:00-05:00,174.4499969482422,175.13999938964844,174.4199981689453,174.72000122070312,7665,0.0,0.0
2023-02-21 13:30:00-05:00,174.86000061035156,175.2100067138672,174.33070373535156,175.1699981689453,17055,0.0,0.0
2023-02-21 14:30:00-05:00,175.4600067138672,175.9600067138672,175.22999572753906,175.86000061035156,16218,0.0,0.0
2023-02-21 15:30:00-05:00,175.99000549316406,176.11500549316406,175.5399932861328,175.99000549316406,36031,0.0,0.0
2023-02-22 09:30:00-05:00,175.91000366210938,176.86500549316406,175.80999755859375,176.6199951171875,7976,0.0,0.0
2023-02-22 10:30:00-05:00,176.41000366210938,177.6999969482422,176.11000061035156,177.6999969482422,6577,0.0,0.0
2023-02-22 11:30:00-05:00,177.86000061035156,177.86000061035156,177.02999877929688,177.35000610351562,5160,0.0,0.0
2023-02-22 12:30:00-05:00,177.3800048828125,177.89999389648438,177.3300018310547,177.47999572753906,5328,0.0,0.0
2023-02-22 13:30:00-05:00,177.36000061035156,178.11000061035156,176.77000427246094,177.44000244140625,7565,0.0,0.0
2023-02-22 14:30:00-05:00,176.8000030517578,176.85000610351562,175.4600067138672,175.88999938964844,8348,0.0,0.0
2023-02-22 15:30:00-05:00,175.77000427246094,175.99000549316406,175.32000732421875,175.3300018310547,23582,0.0,0.0
2023-02-23 09:30:00-05:00,176.30999755859375,177.89999389648438,174.13999938964844,175.0,25398,0.0,0.0
2023-02-23 10:30:00-05:00,174.52000427246094,174.57000732421875,173.13999938964844,173.13999938964844,7469,0.0,0.0
2023-02-23 11:30:00-05:00,173.41000366210938,173.4600067138672,172.60000610351562,172.60000610351562,5026,0.0,0.0
2023-02-23 12:30:00-05:00,172.8000030517578,173.30999755859375,172.55999755859375,173.1699981689453,4788,0.0,0.0
2023-02-23 13:30:00-05:00,173.27999877929688,174.17999267578125,173.0,174.17999267578125,8692,0.0,0.0
2023-02-23 14:30:00-05:00,174.23500061035156,174.75999450683594,174.02999877929688,174.52999877929688,14576,0.0,0.0
2023-02-23 15:30:00-05:00,174.52999877929688,174.77000427246094,174.1300048828125,174.3699951171875,17968,0.0,0.0
2023-02-24 09:30:00-05:00,172.17999267578125,172.17999267578125,170.9600067138672,171.375,7848,0.0,0.0
2023-02-24 10:30:00-05:00,171.32000732421875,172.38999938964844,170.61000061035156,172.38999938964844,16443,0.0,0.0
2023-02-24 11:30:00-05:00,172.57000732421875,172.78500366210938,172.46499633789062,172.63999938964844,4839,0.0,0.0
2023-02-24 12:30:00-05:00,172.4550018310547,172.74000549316406,172.30999755859375,172.5,5154,0.0,0.0
2023-02-24 13:30:00-05:00,172.4499969482422,172.9967041015625,172.27000427246094,172.6699981689453,7122,0.0,0.0
2023-02-24 14:30:00-05:00,172.6649932861328,173.56500244140625,172.6649932861328,173.24000549316406,18426,0.0,0.0
2023-02-24 15:30:00-05:00,173.17999267578125,173.49000549316406,172.7899932861328,173.0,34490,0.0,0.0
2023-02-27 09:30:00-05:00,175.00999450683594,176.60499572753906,173.24000549316406,176.24000549316406,7057,0.0,0.0
2023-02-27 10:30:00-05:00,176.27999877929688,176.27999877929688,175.4550018310547,175.63999938964844,4356,0.0,0.0
2023-02-27 11:30:00-05:00,175.69000244140625,175.97999572753906,175.3000030517578,175.41000366210938,4409,0.0,0.0
2023-02-27 12:30:00-05:00,175.42999267578125,176.1199951171875,175.42999267578125,175.94000244140625,4098,0.0,0.0
2023-02-27 13:30:00-05:00,175.7353973388672,176.4499969482422,175.3800048828125,175.80999755859375,6473,0.0,0.0
2023-02-27 14:30:00-05:00,175.72999572753906,175.72999572753906,174.60000610351562,174.60000610351562,7104,0.0,0.0
2023-02-27 15:30:00-05:00,174.7550048828125,175.47999572753906,174.52000427246094,175.47999572753906,19822,0.0,0.0
2023-02-28 09:30:00-05:00,175.00999450683594,176.63999938964844,175.00999450683594,176.39999389648438,4759,0.0,0.0
2023-02-28 10:30:00-05:00,176.66000366210938,176.89500427246094,175.63999938964844,176.55999755859375,8864,0.0,0.0
2023-02-28 11:30:00-05:00,176.47999572753906,177.32000732421875,176.4199981689453,177.16000366210938,10514,0.0,0.0
2023-02-28 12:30:00-05:00,177.52000427246094,178.13999938964844,177.5050048828125,177.72500610351562,12607,0.0,0.0
2023-02-28 13:30:00-05:00,177.6999969482422,178.0,177.42359924316406,177.55999755859375,11666,0.0,0.0
2023-02-28 14:30:00-05:00,177.55999755859375,177.6750030517578,176.86000061035156,176.86000061035156,7124,0.0,0.0
2023-02-28 15:30:00-05:00,176.64999389648438,177.27000427246094,175.22999572753906,175.22999572753906,36920,0.0,0.0
2023-03-01 09:30:00-05:00,174.89999389648438,175.99000549316406,174.4600067138672,175.47000122070312,7923,0.0,0.0
2023-03-01 10:30:00-05:00,175.1699981689453,176.00999450683594,174.4949951171875,174.72000122070312,10463,0.0,0.0
2023-03-01 11:30:00-05:00,174.57000732421875,175.72000122070312,174.1199951171875,175.02000427246094,24479,0.0,0.0
2023-03-01 12:30:00-05:00,174.89999389648438,175.0,173.93499755859375,173.93499755859375,13266,0.0,0.0
2023-03-01 13:30:00-05:00,173.77499389648438,174.0800018310547,173.5800018310547,173.75999450683594,9383,0.0,0.0
2023-03-01 14:30:00-05:00,173.60499572753906,174.07000732421875,173.32000732421875,173.41250610351562,18208,0.0,0.0
2023-03-01 15:30:00-05:00,173.36000061035156,174.07000732421875,173.08999633789062,174.0,48730,0.0,0.0
2023-03-02 09:30:00-05:00,172.77999877929688,174.30999755859375,171.49000549316406,174.30999755859375,8592,0.0,0.0
2023-03-02 10:30:00-05:00,174.4774932861328,174.69000244140625,174.27000427246094,174.4550018310547,6414,0.0,0.0
2023-03-02 11:30:00-05:00,174.6300048828125,174.89999389648438,174.4824981689453,174.89999389648438,9382,0.0,0.0
2023-03-02 12:30:00-05:00,174.97999572753906,175.01499938964844,174.27999877929688,174.64999389648438,12378,0.0,0.0
2023-03-02 13:30:00-05:00,174.61000061035156,175.89999389648438,174.61000061035156,175.1999969482422,7573,0.0,0.0
2023-03-02 14:30:00-05:00,174.77999877929688,175.1199951171875,174.56500244140625,174.85000610351562,11053,0.0,0.0
2023-03-02 15:30:00-05:00,174.80999755859375,175.77999877929688,174.75,174.9600067138672,30994,0.0,0.0
2023-03-03 09:30:00-05:00,175.89999389648438,177.5399932861328,173.9499969482422,174.72500610351562,0,0.0,0.0
2023-03-03 10:30:00-05:00,174.69000244140625,174.77000427246094,174.1999969482422,174.77000427246094,11442,0.0,0.0
2023-03-03 11:30:00-05:00,174.77000427246094,175.6699981689453,174.77000427246094,175.6699981689453,12742,0.0,0.0
2023-03-03 12:30:00-05:00,175.72999572753906,176.41000366210938,175.3300018310547,176.0,9309,0.0,0.0
2023-03-03 13:30:00-05:00,175.89999389648438,176.77999877929688,175.63999938964844,176.39999389648438,17794,0.0,0.0
2023-03-03 14:30:00-05:00,176.4499969482422,177.02000427246094,176.3000030517578,176.86500549316406,9265,0.0,0.0
2023-03-03 15:30:00-05:00,176.75,177.44000244140625,176.6300048828125,177.30999755859375,24479,0.0,0.0
2023-03-06 09:30:00-05:00,177.36000061035156,178.3000030517578,177.02999877929688,177.2949981689453,8825,0.0,0.0
2023-03-06 10:30:00-05:00,177.34500122070312,177.4949951171875,176.71499633789062,177.14999389648438,7795,0.0,0.0
2023-03-06 11:30:00-05:00,176.8300018310547,176.8300018310547,176.1999969482422,176.38499450683594,7316,0.0,0.0
2023-03-06 12:30:00-05:00,176.4600067138672,176.4600067138672,175.90499877929688,176.30499267578125,8064,0.0,0.0
2023-03-06 13:30:00-05:00,176.07000732421875,176.07000732421875,175.7100067138672,176.04550170898438,9961,0.0,0.0
2023-03-06 14:30:00-05:00,176.02999877929688,176.0800018310547,175.4600067138672,175.4600067138672,9785,0.0,0.0
2023-03-06 15:30:00-05:00,175.56500244140625,176.14999389648438,175.49000549316406,175.6699981689453,21305,0.0,0.0
2023-03-07 09:30:00-05:00,176.33999633789062,176.77000427246094,176.14999389648438,176.5,5625,0.0,0.0
2023-03-07 10:30:00-05:00,176.3800048828125,176.5,175.35499572753906,176.11000061035156,5873,0.0,0.0
2023-03-07 11:30:00-05:00,176.13999938964844,176.1999969482422,175.38999938964844,175.38999938964844,5204,0.0,0.0
2023-03-07 12:30:00-05:00,175.42999267578125,175.61000061035156,174.22000122070312,174.69000244140625,5012,0.0,0.0
2023-03-07 13:30:00-05:00,174.69000244140625,174.69000244140625,174.05999755859375,174.52000427246094,10058,0.0,0.0
2023-03-07 14:30:00-05:00,174.77999877929688,174.77999877929688,174.28500366210938,174.5500030517578,10270,0.0,0.0
2023-03-07 15:30:00-05:00,174.58999633789062,174.93499755859375,173.77000427246094,173.77999877929688,27329,0.0,0.0
2023-03-08 09:30:00-05:00,173.9499969482422,175.16000366210938,173.16000366210938,174.75250244140625,7262,0.0,0.0
2023-03-08 10:30:00-05:00,174.74000549316406,175.4499969482422,174.41000366210938,175.02000427246094,6310,0.0,0.0
2023-03-08 11:30:00-05:00,174.82000732421875,175.32000732421875,174.5800018310547,174.5800018310547,5177,0.0,0.0
2023-03-08 12:30:00-05:00,174.50999450683594,174.77000427246094,174.0399932861328,174.05999755859375,6771,0.0,0.0
2023-03-08 13:30:00-05:00,173.88999938964844,174.1199951171875,173.82240295410156,174.0,3684,0.0,0.0
2023-03-08 14:30:00-05:00,174.14999389648438,174.27000427246094,173.9199981689453,174.27000427246094,8332,0.0,0.0
2023-03-08 15:30:00-05:00,174.5500030517578,175.63999938964844,174.5500030517578,175.47999572753906,14491,0.0,0.0
2023-03-09 09:30:00-05:00,176.0,176.0,174.17999267578125,174.55999755859375,16981,0.0,0.0
2023-03-09 10:30:00-05:00,174.8300018310547,176.05999755859375,174.8300018310547,175.8800048828125,6496,0.0,0.0
2023-03-09 11:30:00-05:00,175.77000427246094,175.9600067138672,175.3699951171875,175.72000122070312,4415,0.0,0.0
2023-03-09 12:30:00-05:00,175.74000549316406,175.74000549316406,174.72999572753906,174.77000427246094,8558,0.0,0.0
2023-03-09 13:30:00-05:00,174.5800018310547,174.5800018310547,173.63999938964844,174.05999755859375,11708,0.0,0.0
2023-03-09 14:30:00-05:00,174.1199951171875,174.27000427246094,172.1300048828125,172.49000549316406,21655,0.0,0.0
2023-03-09 15:30:00-05:00,172.5500030517578,172.72000122070312,171.67999267578125,172.2100067138672,30691,0.0,0.0
2023-03-10 09:30:00-05:00,171.6300048828125,171.6300048828125,167.56500244140625,170.25999450683594,17647,0.0,0.0
2023-03-10 10:30:00-05:00,169.8800048828125,171.07000732421875,169.32000732421875,171.07000732421875,7238,0.0,0.0
2023-03-10 11:30:00-05:00,171.30999755859375,171.6999969482422,168.80499267578125,169.4499969482422,12371,0.0,0.0
2023-03-10 12:30:00-05:00,169.47000122070312,170.0050048828125,166.86000061035156,167.30999755859375,19091,0.0,0.0
2023-03-10 13:30:00-05:00,167.22000122070312,167.39999389648438,166.08999633789062,167.23500061035156,18291,0.0,0.0
2023-03-10 14:30:00-05:00,167.22000122070312,167.82000732421875,166.4499969482422,166.77999877929688,19212,0.0,0.0
2023-03-10 15:30:00-05:00,166.74000549316406,166.94000244140625,165.85000610351562,166.47999572753906,41922,0.0,0.0
2023-03-13 09:30:00-04:00,163.6999969482422,164.6999969482422,161.77999877929688,161.77999877929688,21706,0.0,0.0
2023-03-13 10:30:00-04:00,161.85499572753906,163.66000366210938,161.0800018310547,163.41000366210938,39476,0.0,0.0
2023-03-13 11:30:00-04:00,163.55999755859375,164.38999938964844,162.6649932861328,162.72999572753906,30567,0.0,0.0
2023-03-13 12:30:00-04:00,162.9600067138672,163.2899932861328,161.6199951171875,162.9199981689453,40939,0.0,0.0
2023-03-13 13:30:00-04:00,162.86000061035156,164.5500030517578,162.86000061035156,163.9949951171875,13904,0.0,0.0
2023-03-13 14:30:00-04:00,164.64999389648438,164.64999389648438,162.81500244140625,163.24000549316406,16514,0.0,0.0
2023-03-13 15:30:00-04:00,163.3000030517578,163.9499969482422,163.11000061035156,163.25,29402,0.0,0.0
2023-03-14 09:30:00-04:00,167.6999969482422,168.9250030517578,166.3699951171875,167.22999572753906,15484,0.0,0.0
2023-03-14 10:30:00-04:00,167.15499877929688,168.02999877929688,166.61000061035156,167.80999755859375,21481,0.0,0.0
2023-03-14 11:30:00-04:00,168.25999450683594,168.5,167.77999877929688,167.83999633789062,11521,0.0,0.0
2023-03-14 12:30:00-04:00,167.67999267578125,167.97999572753906,165.64999389648438,166.27999877929688,13296,0.0,0.0
2023-03-14 13:30:00-04:00,166.08999633789062,166.14999389648438,164.27000427246094,165.1699981689453,12186,0.0,0.0
2023-03-14 14:30:00-04:00,164.96499633789062,165.36000061035156,163.77999877929688,164.5500030517578,18825,0.0,0.0
2023-03-14 15:30:00-04:00,164.72999572753906,167.0500030517578,164.72999572753906,166.99000549316406,38542,0.0,0.0
2023-03-15 09:30:00-04:00,162.5800018310547,164.0500030517578,162.27000427246094,163.35000610351562,16680,0.0,0.0
2023-03-15 10:30:00-04:00,162.86000061035156,163.7899932861328,162.75,163.4600067138672,12561,0.0,0.0
2023-03-15 11:30:00-04:00,163.30999755859375,163.30999755859375,161.44000244140625,161.72000122070312,22469,0.0,0.0
2023-03-15 12:30:00-04:00,162.0399932861328,162.94000244140625,161.72999572753906,162.5399932861328,20103,0.0,0.0
2023-03-15 13:30:00-04:00,162.6699981689453,164.68499755859375,161.8699951171875,164.2100067138672,23225,0.0,0.0
2023-03-15 14:30:00-04:00,164.30999755859375,164.30999755859375,162.72999572753906,162.8000030517578,19059,0.0,0.0
2023-03-15 15:30:00-04:00,163.1699981689453,163.25999450683594,161.9550018310547,162.97999572753906,30087,0.0,0.0
2023-03-16 09:30:00-04:00,160.5,162.4499969482422,160.5,161.4199981689453,6201,0.0,0.0
2023-03-16 10:30:00-04:00,161.5800018310547,164.64999389648438,161.5800018310547,164.64999389648438,7934,0.0,0.0
2023-03-16 11:30:00-04:00,164.63999938964844,165.22000122070312,164.2899932861328,164.3000030517578,6222,0.0,0.0
2023-03-16 12:30:00-04:00,163.80999755859375,165.50999450683594,163.80999755859375,164.8699951171875,7701,0.0,0.0
2023-03-16 13:30:00-04:00,164.57650756835938,164.7100067138672,163.5449981689453,163.85000610351562,10524,0.0,0.0
2023-03-16 14:30:00-04:00,163.5,164.22000122070312,163.4409942626953,164.16000366210938,13823,0.0,0.0
2023-03-16 15:30:00-04:00,164.0,164.33999633789062,163.5,164.07000732421875,35263,0.0,0.0
2023-03-17 09:30:00-04:00,163.19000244140625,163.22000122070312,161.75,162.0800018310547,61189,0.0,0.0
2023-03-17 10:30:00-04:00,162.0,162.0,160.30499267578125,161.17999267578125,18544,0.0,0.0
2023-03-17 11:30:00-04:00,161.4600067138672,161.5,160.5,160.83999633789062,12645,0.0,0.0
2023-03-17 12:30:00-04:00,161.27000427246094,161.35000610351562,160.57000732421875,160.9199981689453,12893,0.0,0.0
2023-03-17 13:30:00-04:00,161.1300048828125,161.13999938964844,159.94500732421875,160.0800018310547,13102,0.0,0.0
2023-03-17 14:30:00-04:00,160.05999755859375,161.17999267578125,160.05999755859375,161.14999389648438,21236,0.0,0.0
2023-03-17 15:30:00-04:00,161.07000732421875,161.22500610351562,160.40499877929688,160.8000030517578,38952,0.0,0.0
2023-03-20 09:30:00-04:00,162.3300018310547,163.3249969482422,162.0749969482422,163.3000030517578,17273,0.0,0.0
2023-03-20 10:30:00-04:00,163.4600067138672,164.19000244140625,163.38999938964844,163.86000061035156,23138,0.0,0.0
2023-03-20 11:30:00-04:00,163.67999267578125,163.6875,162.0500030517578,162.0500030517578,9141,0.0,0.0
2023-03-20 12:30:00-04:00,162.27999877929688,163.39999389648438,162.27999877929688,163.35000610351562,10516,0.0,0.0
2023-03-20 13:30:00-04:00,163.67999267578125,163.67999267578125,162.80999755859375,162.8800048828125,17911,0.0,0.0
2023-03-20 14:30:00-04:00,162.72500610351562,163.27499389648438,162.5050048828125,163.27499389648438,11485,0.0,0.0
2023-03-20 15:30:00-04:00,163.3800048828125,163.75,163.00999450683594,163.24000549316406,24753,0.0,0.0
2023-03-21 09:30:00-04:00,165.72999572753906,167.52000427246094,165.72999572753906,166.77999877929688,10197,0.0,0.0
2023-03-21 10:30:00-04:00,166.77999877929688,166.77999877929688,164.8800048828125,165.0399932861328,18543,0.0,0.0
2023-03-21 11:30:00-04:00,165.1199951171875,165.17999267578125,164.1199951171875,164.42999267578125,11989,0.0,0.0
2023-03-21 12:30:00-04:00,164.61000061035156,164.73500061035156,163.92999267578125,163.9600067138672,7121,0.0,0.0
2023-03-21 13:30:00-04:00,164.41000366210938,164.41000366210938,163.75999450683594,164.0800018310547,9284,0.0,0.0
2023-03-21 14:30:00-04:00,163.99000549316406,164.5,163.99000549316406,164.47000122070312,8595,0.0,0.0
2023-03-21 15:30:00-04:00,164.5500030517578,165.4199981689453,164.47000122070312,164.88999938964844,35075,0.0,0.0
2023-03-22 09:30:00-04:00,164.7899932861328,165.69000244140625,164.1699981689453,165.33999633789062,8912,0.0,0.0
2023-03-22 10:30:00-04:00,165.34500122070312,165.41000366210938,164.9600067138672,165.2949981689453,10325,0.0,0.0
2023-03-22 11:30:00-04:00,165.27999877929688,165.31500244140625,164.0500030517578,164.39999389648438,25640,0.0,0.0
2023-03-22 12:30:00-04:00,164.49000549316406,164.50999450683594,163.66000366210938,163.85000610351562,12487,0.0,0.0
2023-03-22 13:30:00-04:00,163.99000549316406,164.82000732421875,163.78500366210938,164.5,15849,0.0,0.0
2023-03-22 14:30:00-04:00,164.4949951171875,165.2100067138672,162.52000427246094,163.33999633789062,18558,0.0,0.0
2023-03-22 15:30:00-04:00,163.5749969482422,163.5749969482422,160.57000732421875,160.57000732421875,31098,0.0,0.0
2023-03-23 09:30:00-04:00,160.92999267578125,163.1999969482422,160.75,162.8000030517578,6895,0.0,0.0
2023-03-23 10:30:00-04:00,162.77000427246094,163.92999267578125,162.49000549316406,163.22999572753906,14169,0.0,0.0
2023-03-23 11:30:00-04:00,163.55999755859375,163.55999755859375,162.1999969482422,162.3699951171875,5918,0.0,0.0
2023-03-23 12:30:00-04:00,162.40499877929688,162.40499877929688,160.82000732421875,160.89500427246094,8484,0.0,0.0
2023-03-23 13:30:00-04:00,161.1750030517578,161.3800048828125,160.5800018310547,160.5800018310547,5968,0.0,0.0
2023-03-23 14:30:00-04:00,160.13999938964844,160.5500030517578,158.9199981689453,159.82000732421875,12886,0.0,0.0
2023-03-23 15:30:00-04:00,159.72000122070312,160.8699951171875,159.60000610351562,159.67999267578125,41425,0.0,0.0
2023-03-24 09:30:00-04:00,158.0,158.61000061035156,156.47000122070312,157.44000244140625,25169,0.0,0.0
2023-03-24 10:30:00-04:00,158.0500030517578,158.3000030517578,157.13999938964844,157.72000122070312,5741,0.0,0.0
2023-03-24 11:30:00-04:00,157.9600067138672,159.59500122070312,157.75999450683594,158.7100067138672,10589,0.0,0.0
2023-03-24 12:30:00-04:00,158.82000732421875,159.83999633789062,158.69749450683594,159.83999633789062,6493,0.0,0.0
2023-03-24 13:30:00-04:00,159.52000427246094,159.9199981689453,158.90499877929688,159.57000732421875,9331,0.0,0.0
2023-03-24 14:30:00-04:00,159.57000732421875,160.2100067138672,159.1699981689453,160.2100067138672,12253,0.0,0.0
2023-03-24 15:30:00-04:00,160.30999755859375,160.66000366210938,159.75,160.3000030517578,18456,0.0,0.0
2023-03-27 09:30:00-04:00,162.22999572753906,162.39999389648438,161.1199951171875,161.19000244140625,5630,0.0,0.0
2023-03-27 10:30:00-04:00,161.47000122070312,161.47000122070312,160.625,160.89999389648438,4633,0.0,0.0
2023-03-27 11:30:00-04:00,160.91000366210938,161.4499969482422,160.91000366210938,161.36000061035156,2765,0.0,0.0
2023-03-27 12:30:00-04:00,162.0399932861328,162.24000549316406,161.6999969482422,161.9149932861328,15011,0.0,0.0
2023-03-27 13:30:00-04:00,162.2899932861328,162.2899932861328,161.92999267578125,161.92999267578125,3435,0.0,0.0
2023-03-27 14:30:00-04:00,162.2100067138672,162.39999389648438,161.5,161.97000122070312,9674,0.0,0.0
2023-03-27 15:30:00-04:00,161.9600067138672,162.1300048828125,160.83999633789062,160.94000244140625,32610,0.0,0.0
2023-03-28 09:30:00-04:00,160.6699981689453,163.0500030517578,160.6699981689453,162.83999633789062,13490,0.0,0.0
2023-03-28 10:30:00-04:00,162.44000244140625,162.44000244140625,162.08999633789062,162.10000610351562,6835,0.0,0.0
2023-03-28 11:30:00-04:00,162.75,162.8800048828125,162.1999969482422,162.1999969482422,5281,0.0,0.0
2023-03-28 12:30:00-04:00,162.1699981689453,162.51499938964844,162.10000610351562,162.1649932861328,8030,0.0,0.0
2023-03-28 13:30:00-04:00,162.05999755859375,162.05999755859375,161.47000122070312,161.49000549316406,7434,0.0,0.0
2023-03-28 14:30:00-04:00,161.52499389648438,162.0800018310547,161.52499389648438,161.77999877929688,10816,0.0,0.0
2023-03-28 15:30:00-04:00,161.67999267578125,162.7550048828125,161.67999267578125,162.1999969482422,29107,0.0,0.0
2023-03-29 09:30:00-04:00,163.7100067138672,164.60499572753906,163.25,164.23500061035156,8324,0.0,0.0
2023-03-29 10:30:00-04:00,163.86000061035156,164.3791046142578,162.6300048828125,163.27999877929688,8986,0.0,0.0
2023-03-29 11:30:00-04:00,163.14999389648438,163.9250030517578,162.99000549316406,163.9250030517578,7076,0.0,0.0
2023-03-29 12:30:00-04:00,163.75999450683594,163.9499969482422,163.44000244140625,163.82000732421875,6782,0.0,0.0
2023-03-29 13:30:00-04:00,163.6699981689453,163.8699951171875,163.41000366210938,163.52999877929688,8914,0.0,0.0
2023-03-29 14:30:00-04:00,163.47999572753906,164.4600067138672,163.47999572753906,164.4600067138672,9502,0.0,0.0
2023-03-29 15:30:00-04:00,164.25999450683594,164.72999572753906,163.88999938964844,163.88999938964844,31832,0.0,0.0
2023-03-30 09:30:00-04:00,165.67999267578125,167.4499969482422,165.6699981689453,166.80999755859375,17742,0.0,0.0
2023-03-30 10:30:00-04:00,167.4199981689453,167.4199981689453,166.67999267578125,166.8300018310547,8848,0.0,0.0
2023-03-30 11:30:00-04:00,166.75,166.8000030517578,166.47000122070312,166.66000366210938,10660,0.0,0.0
2023-03-30 12:30:00-04:00,166.38999938964844,166.39999389648438,165.5,165.63999938964844,8026,0.0,0.0
2023-03-30 13:30:00-04:00,165.63499450683594,166.09500122070312,165.42999267578125,166.0050048828125,7003,0.0,0.0
2023-03-30 14:30:00-04:00,165.8699951171875,165.9199981689453,165.35000610351562,165.49000549316406,10755,0.0,0.0
2023-03-30 15:30:00-04:00,165.4600067138672,165.72999572753906,165.13999938964844,165.72000122070312,24366,0.0,0.0
2023-03-31 09:30:00-04:00,167.10000610351562,168.14999389648438,166.82000732421875,166.82000732421875,6233,0.0,0.0
2023-03-31 10:30:00-04:00,166.90499877929688,168.0800018310547,166.7100067138672,167.94000244140625,5982,0.0,0.0
2023-03-31 11:30:00-04:00,167.89999389648438,167.89999389648438,167.35000610351562,167.39999389648438,7613,0.0,0.0
2023-03-31 12:30:00-04:00,167.22999572753906,167.24000549316406,166.80999755859375,166.97000122070312,8058,0.0,0.0
2023-03-31 13:30:00-04:00,166.85499572753906,166.88250732421875,166.17999267578125,166.64999389648438,7050,0.0,0.0
2023-03-31 14:30:00-04:00,166.65750122070312,167.64999389648438,166.52000427246094,167.5500030517578,6721,0.0,0.0
2023-03-31 15:30:00-04:00,167.48500061035156,168.43499755859375,167.16000366210938,168.14999389648438,37143,0.0,0.0
2023-04-03 09:30:00-04:00,167.72000122070312,168.92999267578125,167.72000122070312,168.32000732421875,12221,0.0,0.0
2023-04-03 10:30:00-04:00,168.09500122070312,168.125,165.86000061035156,166.02000427246094,13215,0.0,0.0
2023-04-03 11:30:00-04:00,166.4499969482422,167.10000610351562,166.3800048828125,166.6699981689453,6698,0.0,0.0
2023-04-03 12:30:00-04:00,166.81500244140625,167.27000427246094,166.6999969482422,166.8000030517578,11344,0.0,0.0
2023-04-03 13:30:00-04:00,166.7550048828125,166.83999633789062,166.30999755859375,166.63999938964844,11909,0.0,0.0
2023-04-03 14:30:00-04:00,166.8000030517578,167.47500610351562,166.64999389648438,167.47000122070312,14471,0.0,0.0
2023-04-03 15:30:00-04:00,167.5399932861328,168.3699951171875,167.33999633789062,168.3699951171875,27465,0.0,0.0
2023-04-04 09:30:00-04:00,168.8000030517578,168.8000030517578,164.92999267578125,164.97000122070312,10012,0.0,0.0
2023-04-04 10:30:00-04:00,164.86000061035156,164.86000061035156,163.53500366210938,163.63999938964844,5647,0.0,0.0
2023-04-04 11:30:00-04:00,163.7100067138672,163.89999389648438,162.32000732421875,162.3699951171875,7182,0.0,0.0
2023-04-04 12:30:00-04:00,162.6199951171875,163.3000030517578,162.40499877929688,163.3000030517578,5080,0.0,0.0
2023-04-04 13:30:00-04:00,163.5,163.52000427246094,162.67999267578125,162.875,8511,0.0,0.0
2023-04-04 14:30:00-04:00,162.47000122070312,162.74000549316406,161.49000549316406,161.49000549316406,11018,0.0,0.0
2023-04-04 15:30:00-04:00,161.30999755859375,162.77999877929688,161.2550048828125,162.77999877929688,31219,0.0,0.0
2023-04-05 09:30:00-04:00,161.55999755859375,161.55999755859375,159.08999633789062,159.42999267578125,45536,0.0,0.0
2023-04-05 10:30:00-04:00,159.6199951171875,159.8699951171875,158.64999389648438,158.66000366210938,11309,0.0,0.0
2023-04-05 11:30:00-04:00,158.83999633789062,159.00999450683594,158.0500030517578,158.0500030517578,6542,0.0,0.0
2023-04-05 12:30:00-04:00,158.05999755859375,158.1699981689453,157.4250030517578,157.6199951171875,4965,0.0,0.0
2023-04-05 13:30:00-04:00,157.58999633789062,157.58999633789062,156.63999938964844,156.85000610351562,11916,0.0,0.0
2023-04-05 14:30:00-04:00,156.6300048828125,156.7449951171875,155.91000366210938,156.58009338378906,34412,0.0,0.0
2023-04-05 15:30:00-04:00,156.75999450683594,157.67999267578125,156.5800018310547,157.64999389648438,35666,0.0,0.0
2023-04-06 09:30:00-04:00,157.72000122070312,158.125,155.17999267578125,156.75,0,0.0,0.0
2023-04-06 10:30:00-04:00,156.5,156.6699981689453,155.55999755859375,155.85000610351562,38258,0.0,0.0
2023-04-06 11:30:00-04:00,155.6199951171875,156.02999877929688,155.52999877929688,155.86000061035156,12538,0.0,0.0
2023-04-06 12:30:00-04:00,155.83999633789062,156.1300048828125,155.69000244140625,155.9199981689453,12387,0.0,0.0
2023-04-06 13:30:00-04:00,156.0050048828125,156.0050048828125,155.44000244140625,155.92999267578125,10183,0.0,0.0
2023-04-06 14:30:00-04:00,156.13999938964844,156.49989318847656,155.66000366210938,155.6999969482422,16583,0.0,0.0
2023-04-06 15:30:00-04:00,155.75,155.75,154.9199981689453,155.08999633789062,51959,0.0,0.0
2023-04-10 09:30:00-04:00,154.08999633789062,157.4600067138672,153.25,156.86000061035156,10308,0.0,0.0
2023-04-10 10:30:00-04:00,157.30999755859375,157.47999572753906,156.7949981689453,157.1699981689453,9766,0.0,0.0
2023-04-10 11:30:00-04:00,157.3000030517578,157.3300018310547,156.63999938964844,156.75010681152344,5905,0.0,0.0
2023-04-10 12:30:00-04:00,156.9199981689453,157.9499969482422,156.9199981689453,157.69000244140625,5490,0.0,0.0
2023-04-10 13:30:00-04:00,157.77999877929688,157.97999572753906,157.1999969482422,157.80999755859375,10959,0.0,0.0
2023-04-10 14:30:00-04:00,157.8000030517578,157.9149932861328,157.02000427246094,157.32000732421875,13348,0.0,0.0
2023-04-10 15:30:00-04:00,157.38999938964844,157.41090393066406,156.8699951171875,156.91000366210938,36983,0.0,0.0
2023-04-11 09:30:00-04:00,157.99000549316406,159.1024932861328,157.99000549316406,158.78500366210938,11268,0.0,0.0
2023-04-11 10:30:00-04:00,158.8000030517578,159.64999389648438,158.0800018310547,159.47000122070312,11092,0.0,0.0
2023-04-11 11:30:00-04:00,159.55999755859375,160.27999877929688,159.49000549316406,159.57000732421875,6912,0.0,0.0
2023-04-11 12:30:00-04:00,159.44000244140625,160.0500030517578,159.07000732421875,159.08999633789062,7088,0.0,0.0
2023-04-11 13:30:00-04:00,159.11000061035156,159.3249969482422,158.8699951171875,159.0,11683,0.0,0.0
2023-04-11 14:30:00-04:00,159.0850067138672,159.74000549316406,159.05499267578125,159.13999938964844,10877,0.0,0.0
2023-04-11 15:30:00-04:00,159.1300048828125,159.33999633789062,158.32000732421875,158.39999389648438,20547,0.0,0.0
2023-04-12 09:30:00-04:00,160.3000030517578,160.3000030517578,159.32000732421875,160.2050018310547,11383,0.0,0.0
2023-04-12 10:30:00-04:00,159.82000732421875,160.52000427246094,159.47000122070312,160.52000427246094,7696,0.0,0.0
2023-04-12 11:30:00-04:00,160.67999267578125,160.92999267578125,160.53799438476562,160.53799438476562,5473,0.0,0.0
2023-04-12 12:30:00-04:00,160.4600067138672,160.97999572753906,160.3699951171875,160.97999572753906,5017,0.0,0.0
2023-04-12 13:30:00-04:00,161.139404296875,161.66000366210938,160.97000122070312,161.07000732421875,7947,0.0,0.0
2023-04-12 14:30:00-04:00,160.7899932861328,160.89999389648438,160.1999969482422,160.4250030517578,7709,0.0,0.0
2023-04-12 15:30:00-04:00,160.47999572753906,160.80999755859375,159.8800048828125,159.92999267578125,25814,0.0,0.0
2023-04-13 09:30:00-04:00,160.3699951171875,162.07000732421875,158.26499938964844,159.05999755859375,0,0.0,0.0
2023-04-13 10:30:00-04:00,158.71499633789062,159.0399932861328,158.42999267578125,158.63999938964844,7873,0.0,0.0
2023-04-13 11:30:00-04:00,158.97999572753906,159.44000244140625,158.67999267578125,159.22500610351562,4184,0.0,0.0
2023-04-13 12:30:00-04:00,159.32000732421875,159.875,159.1750030517578,159.72999572753906,6618,0.0,0.0
2023-04-13 13:30:00-04:00,159.8300018310547,160.8800048828125,159.8300018310547,160.8800048828125,8190,0.0,0.0
2023-04-13 14:30:00-04:00,160.80999755859375,161.2100067138672,160.69500732421875,161.02000427246094,11086,0.0,0.0
2023-04-13 15:30:00-04:00,161.0,161.0,160.27000427246094,160.72999572753906,33445,0.0,0.0
2023-04-14 09:30:00-04:00,160.3300018310547,163.19000244140625,160.3300018310547,161.97850036621094,6490,0.0,0.0
2023-04-14 10:30:00-04:00,161.58999633789062,161.9600067138672,160.50999450683594,160.75,5262,0.0,0.0
2023-04-14 11:30:00-04:00,160.86000061035156,160.86000061035156,160.3800048828125,160.3800048828125,5399,0.0,0.0
2023-04-14 12:30:00-04:00,160.44000244140625,160.44000244140625,159.47999572753906,159.47999572753906,5465,0.0,0.0
2023-04-14 13:30:00-04:00,159.5850067138672,159.94000244140625,159.34500122070312,159.83999633789062,4502,0.0,0.0
2023-04-14 14:30:00-04:00,160.02499389648438,160.0399932861328,159.27999877929688,159.55999755859375,7911,0.0,0.0
2023-04-14 15:30:00-04:00,159.77999877929688,160.1999969482422,159.40499877929688,160.17999267578125,20574,0.0,0.0
2023-04-17 09:30:00-04:00,160.10000610351562,161.88999938964844,160.10000610351562,161.2100067138672,6726,0.0,0.0
2023-04-17 10:30:00-04:00,160.9499969482422,161.25,160.45010375976562,161.08999633789062,7273,0.0,0.0
2023-04-17 11:30:00-04:00,161.10000610351562,161.22500610351562,159.97000122070312,160.26499938964844,6901,0.0,0.0
2023-04-17 12:30:00-04:00,160.3000030517578,160.9199981689453,160.05999755859375,160.5800018310547,6473,0.0,0.0
2023-04-17 13:30:00-04:00,160.52000427246094,160.67999267578125,160.25,160.52499389648438,6532,0.0,0.0
2023-04-17 14:30:00-04:00,160.50999450683594,161.82000732421875,160.50999450683594,161.81500244140625,10069,0.0,0.0
2023-04-17 15:30:00-04:00,161.80499267578125,161.80499267578125,161.22999572753906,161.39999389648438,27302,0.0,0.0
2023-04-18 09:30:00-04:00,162.3699951171875,163.02000427246094,160.99000549316406,161.6199951171875,0,0.0,0.0
2023-04-18 10:30:00-04:00,161.1999969482422,161.47000122070312,160.60000610351562,161.0800018310547,6219,0.0,0.0
2023-04-18 11:30:00-04:00,161.1300048828125,161.1300048828125,160.25999450683594,160.35000610351562,5904,0.0,0.0
2023-04-18 12:30:00-04:00,160.42999267578125,160.60499572753906,160.24000549316406,160.24000549316406,5734,0.0,0.0
2023-04-18 13:30:00-04:00,160.25999450683594,160.72000122070312,160.25999450683594,160.72000122070312,6695,0.0,0.0
2023-04-18 14:30:00-04:00,160.69500732421875,160.80999755859375,160.22000122070312,160.64999389648438,10591,0.0,0.0
2023-04-18 15:30:00-04:00,160.58999633789062,161.35000610351562,160.52999877929688,161.16000366210938,23782,0.0,0.0
2023-04-19 09:30:00-04:00,161.0,161.65499877929688,160.64999389648438,161.60000610351562,7302,0.0,0.0
2023-04-19 10:30:00-04:00,161.85000610351562,162.22000122070312,161.0493927001953,161.0493927001953,10410,0.0,0.0
2023-04-19 11:30:00-04:00,160.94000244140625,161.22999572753906,160.91250610351562,161.1649932861328,5857,0.0,0.0
2023-04-19 12:30:00-04:00,161.3300018310547,161.76499938964844,161.25999450683594,161.4600067138672,7793,0.0,0.0
2023-04-19 13:30:00-04:00,161.49749755859375,161.97500610351562,161.47999572753906,161.8300018310547,5212,0.0,0.0
2023-04-19 14:30:00-04:00,161.91000366210938,161.97999572753906,161.47000122070312,161.47000122070312,7747,0.0,0.0
2023-04-19 15:30:00-04:00,161.3699951171875,161.42999267578125,160.92999267578125,161.10000610351562,24441,0.0,0.0
2023-04-20 09:30:00-04:00,160.58999633789062,161.1199951171875,160.00999450683594,161.1199951171875,3581,0.0,0.0
2023-04-20 10:30:00-04:00,161.41000366210938,162.28500366210938,161.19000244140625,162.00999450683594,7817,0.0,0.0
2023-04-20 11:30:00-04:00,161.47999572753906,162.5500030517578,161.47999572753906,162.42999267578125,5619,0.0,0.0
2023-04-20 12:30:00-04:00,162.28500366210938,162.50999450683594,162.1999969482422,162.25,2593,0.0,0.0
2023-04-20 13:30:00-04:00,162.2725067138672,162.36000061035156,162.02999877929688,162.0800018310547,4030,0.0,0.0
2023-04-20 14:30:00-04:00,162.00999450683594,162.00999450683594,160.75,160.75,5165,0.0,0.0
2023-04-20 15:30:00-04:00,160.99000549316406,161.69000244140625,160.6999969482422,161.66000366210938,14084,0.0,0.0
2023-04-21 09:30:00-04:00,162.85000610351562,162.85000610351562,161.75,162.2050018310547,13023,0.0,0.0
2023-04-21 10:30:00-04:00,162.375,162.48500061035156,161.02000427246094,161.75999450683594,5869,0.0,0.0
2023-04-21 11:30:00-04:00,161.84750366210938,161.97000122070312,161.3800048828125,161.52000427246094,6433,0.0,0.0
2023-04-21 12:30:00-04:00,161.5800018310547,161.9199981689453,161.39999389648438,161.4600067138672,12795,0.0,0.0
2023-04-21 13:30:00-04:00,161.47999572753906,162.13999938964844,161.47999572753906,161.9600067138672,8671,0.0,0.0
2023-04-21 14:30:00-04:00,162.0,162.10000610351562,161.36000061035156,161.58999633789062,9697,0.0,0.0
2023-04-21 15:30:00-04:00,161.52999877929688,162.4499969482422,161.52999877929688,161.9600067138672,33258,0.0,0.0
2023-04-24 09:30:00-04:00,161.8000030517578,163.64630126953125,161.0399932861328,163.6300048828125,9155,0.0,0.0
2023-04-24 10:30:00-04:00,163.8000030517578,163.8000030517578,161.89999389648438,161.97999572753906,9651,0.0,0.0
2023-04-24 11:30:00-04:00,162.36500549316406,162.36500549316406,161.88999938964844,161.9499969482422,2534,0.0,0.0
2023-04-24 12:30:00-04:00,161.9499969482422,162.1999969482422,161.6199951171875,162.0500030517578,7955,0.0,0.0
2023-04-24 13:30:00-04:00,162.11000061035156,162.4199981689453,161.41000366210938,161.6750030517578,5605,0.0,0.0
2023-04-24 14:30:00-04:00,161.6699981689453,162.13499450683594,161.5399932861328,161.89999389648438,6494,0.0,0.0
2023-04-24 15:30:00-04:00,162.10499572753906,162.10499572753906,161.63999938964844,161.77000427246094,23090,0.0,0.0
2023-04-25 09:30:00-04:00,160.86000061035156,161.85000610351562,160.69000244140625,161.17999267578125,4917,0.0,0.0
2023-04-25 10:30:00-04:00,160.72999572753906,162.24000549316406,160.47000122070312,161.9550018310547,9176,0.0,0.0
2023-04-25 11:30:00-04:00,161.9149932861328,161.9149932861328,161.1999969482422,161.66000366210938,7603,0.0,0.0
2023-04-25 12:30:00-04:00,161.5,161.61000061035156,160.6999969482422,160.77999877929688,10792,0.0,0.0
2023-04-25 13:30:00-04:00,160.83999633789062,161.47000122070312,160.83999633789062,161.47000122070312,9487,0.0,0.0
2023-04-25 14:30:00-04:00,161.36500549316406,161.36500549316406,160.58999633789062,160.69000244140625,13737,0.0,0.0
2023-04-25 15:30:00-04:00,160.67999267578125,160.72000122070312,159.80999755859375,159.82000732421875,19495,0.0,0.0
2023-04-26 09:30:00-04:00,158.30999755859375,159.7100067138672,158.08180236816406,158.57000732421875,0,0.0,0.0
2023-04-26 10:30:00-04:00,158.97000122070312,159.50999450683594,158.1999969482422,158.74000549316406,9785,0.0,0.0
2023-04-26 11:30:00-04:00,158.77999877929688,159.22999572753906,158.4199981689453,158.86000061035156,8168,0.0,0.0
2023-04-26 12:30:00-04:00,159.0,159.0,158.25999450683594,158.25999450683594,4277,0.0,0.0
2023-04-26 13:30:00-04:00,158.47999572753906,158.47999572753906,157.27499389648438,157.75999450683594,5871,0.0,0.0
2023-04-26 14:30:00-04:00,157.80999755859375,157.80999755859375,156.53500366210938,156.80999755859375,12682,0.0,0.0
2023-04-26 15:30:00-04:00,156.9499969482422,156.9499969482422,156.2899932861328,156.5399932861328,30540,0.0,0.0
2023-04-27 09:30:00-04:00,158.1699981689453,160.64500427246094,158.1699981689453,159.63999938964844,13943,0.0,0.0
2023-04-27 10:30:00-04:00,160.02999877929688,160.23500061035156,158.89999389648438,159.77000427246094,7633,0.0,0.0
2023-04-27 11:30:00-04:00,159.72500610351562,160.77000427246094,159.68499755859375,160.77000427246094,5894,0.0,0.0
2023-04-27 12:30:00-04:00,160.94000244140625,161.2449951171875,160.6999969482422,161.00999450683594,9162,0.0,0.0
2023-04-27 13:30:00-04:00,161.13999938964844,162.13999938964844,161.13999938964844,162.13999938964844,8882,0.0,0.0
2023-04-27 14:30:00-04:00,162.1699981689453,162.86000061035156,162.13999938964844,162.3699951171875,14932,0.0,0.0
2023-04-27 15:30:00-04:00,162.3699951171875,162.8000030517578,162.32000732421875,162.74000549316406,23464,0.0,0.0
2023-04-28 09:30:00-04:00,162.83999633789062,164.5399932861328,162.83999633789062,163.235595703125,10784,0.0,0.0
2023-04-28 10:30:00-04:00,163.6999969482422,163.8000030517578,162.7050018310547,162.99000549316406,7000,0.0,0.0
2023-04-28 11:30:00-04:00,163.13999938964844,163.38999938964844,162.33999633789062,163.16000366210938,15686,0.0,0.0
2023-04-28 12:30:00-04:00,163.0050048828125,163.0050048828125,162.3946990966797,162.3946990966797,5165,0.0,0.0
2023-04-28 13:30:00-04:00,162.55999755859375,162.9600067138672,162.1199951171875,162.39999389648438,9539,0.0,0.0
2023-04-28 14:30:00-04:00,162.11000061035156,162.16000366210938,161.52000427246094,161.5449981689453,10201,0.0,0.0
2023-04-28 15:30:00-04:00,161.58999633789062,161.8249969482422,161.41000366210938,161.5800018310547,47642,0.0,0.0
2023-05-01 09:30:00-04:00,161.5399932861328,164.47999572753906,161.10000610351562,163.52999877929688,10927,0.0,0.0
2023-05-01 10:30:00-04:00,163.3699951171875,164.44000244140625,163.32000732421875,163.39999389648438,11320,0.0,0.0
2023-05-01 11:30:00-04:00,163.48500061035156,163.58999633789062,163.3800048828125,163.52000427246094,6908,0.0,0.0
2023-05-01 12:30:00-04:00,163.55999755859375,163.74000549316406,163.2100067138672,163.2100067138672,9468,0.0,0.0
2023-05-01 13:30:00-04:00,163.30999755859375,163.50999450683594,162.83999633789062,162.8800048828125,8931,0.0,0.0
2023-05-01 14:30:00-04:00,162.8699951171875,163.0800018310547,162.5399932861328,162.5399932861328,8820,0.0,0.0
2023-05-01 15:30:00-04:00,162.63999938964844,162.82000732421875,162.17999267578125,162.17999267578125,39694,0.0,0.0
2023-05-02 09:30:00-04:00,162.1999969482422,163.11000061035156,161.17999267578125,161.72500610351562,15530,0.0,0.0
2023-05-02 10:30:00-04:00,161.16000366210938,161.30999755859375,160.22999572753906,160.75999450683594,10974,0.0,0.0
2023-05-02 11:30:00-04:00,160.91000366210938,161.97540283203125,160.47000122070312,161.83999633789062,9294,0.0,0.0
2023-05-02 12:30:00-04:00,161.66000366210938,162.8000030517578,161.66000366210938,162.6199951171875,6475,0.0,0.0
2023-05-02 13:30:00-04:00,162.8000030517578,163.0092010498047,161.9199981689453,162.13499450683594,8010,0.0,0.0
2023-05-02 14:30:00-04:00,162.25,163.24000549316406,161.80999755859375,163.1300048828125,15697,0.0,0.0
2023-05-02 15:30:00-04:00,163.00999450683594,163.02000427246094,162.43800354003906,162.50999450683594,39676,0.0,0.0
2023-05-03 09:30:00-04:00,163.58999633789062,167.1199951171875,163.5,166.58999633789062,18631,0.0,0.0
2023-05-03 10:30:00-04:00,166.5399932861328,167.36000061035156,166.5,166.6840057373047,21107,0.0,0.0
2023-05-03 11:30:00-04:00,166.55999755859375,168.27000427246094,166.55999755859375,168.27000427246094,9534,0.0,0.0
2023-05-03 12:30:00-04:00,168.33999633789062,169.32000732421875,168.2095947265625,169.1300048828125,9334,0.0,0.0
2023-05-03 13:30:00-04:00,169.36000061035156,169.86000061035156,168.27000427246094,169.83999633789062,16475,0.0,0.0
2023-05-03 14:30:00-04:00,169.66000366210938,170.38999938964844,168.22000122070312,168.42999267578125,21957,0.0,0.0
2023-05-03 15:30:00-04:00,167.6999969482422,168.0500030517578,166.72000122070312,167.00999450683594,63462,0.0,0.0
2023-05-04 09:30:00-04:00,161.60000610351562,166.55999755859375,160.58999633789062,164.89999389648438,36978,0.0,0.0
2023-05-04 10:30:00-04:00,165.02999877929688,167.58999633789062,165.02999877929688,167.44000244140625,20962,0.0,0.0
2023-05-04 11:30:00-04:00,166.9600067138672,167.55999755859375,166.64999389648438,167.35000610351562,18002,0.0,0.0
2023-05-04 12:30:00-04:00,167.52499389648438,169.27999877929688,167.50999450683594,168.47999572753906,19323,0.0,0.0
2023-05-04 13:30:00-04:00,168.40679931640625,168.5399932861328,167.5800018310547,167.83999633789062,13042,0.0,0.0
2023-05-04 14:30:00-04:00,167.81500244140625,168.75999450683594,167.66000366210938,168.0800018310547,28111,0.0,0.0
2023-05-04 15:30:00-04:00,168.3000030517578,168.5,167.5500030517578,168.02000427246094,36419,0.0,0.0
2023-05-05 09:30:00-04:00,170.97000122070312,172.5500030517578,170.47520446777344,171.38999938964844,17937,0.0,0.0
2023-05-05 10:30:00-04:00,171.40499877929688,171.40499877929688,170.32000732421875,170.57960510253906,10049,0.0,0.0
2023-05-05 11:30:00-04:00,170.45010375976562,170.72500610351562,170.16000366210938,170.6300048828125,9116,0.0,0.0
2023-05-05 12:30:00-04:00,171.0399932861328,171.47000122070312,170.74000549316406,171.4250030517578,7926,0.0,0.0
2023-05-05 13:30:00-04:00,171.42999267578125,172.5850067138672,171.42999267578125,172.5850067138672,9279,0.0,0.0
2023-05-05 14:30:00-04:00,172.67999267578125,173.6699981689453,172.67999267578125,173.6300048828125,11546,0.0,0.0
2023-05-05 15:30:00-04:00,173.69000244140625,173.89999389648438,172.97000122070312,173.4199981689453,44270,0.0,0.0
2023-05-08 09:30:00-04:00,174.0,175.1199951171875,170.72999572753906,170.72999572753906,18589,0.0,0.0
2023-05-08 10:30:00-04:00,171.00999450683594,171.22500610351562,170.16000366210938,170.16000366210938,8017,0.0,0.0
2023-05-08 11:30:00-04:00,169.5625,170.23500061035156,169.1199951171875,169.3000030517578,6238,0.0,0.0
2023-05-08 12:30:00-04:00,169.27000427246094,170.33999633789062,168.69000244140625,170.33999633789062,16213,0.0,0.0
2023-05-08 13:30:00-04:00,170.33999633789062,170.33999633789062,169.11000061035156,169.5399932861328,10644,0.0,0.0
2023-05-08 14:30:00-04:00,169.77499389648438,170.44000244140625,169.11000061035156,169.9600067138672,18250,0.0,0.0
2023-05-08 15:30:00-04:00,169.9550018310547,170.36000061035156,169.74000549316406,170.1199951171875,39324,0.0,0.0
2023-05-09 09:30:00-04:00,169.60000610351562,170.02999877929688,168.5009002685547,168.5009002685547,8407,0.0,0.0
2023-05-09 10:30:00-04:00,169.49000549316406,170.3000030517578,169.27000427246094,170.0500030517578,5760,0.0,0.0
2023-05-09 11:30:00-04:00,170.25,170.25,168.80999755859375,168.86000061035156,5113,0.0,0.0
2023-05-09 12:30:00-04:00,168.9600067138672,169.6300048828125,168.64999389648438,169.07000732421875,11608,0.0,0.0
2023-05-09 13:30:00-04:00,169.16000366210938,169.4499969482422,168.6300048828125,168.86000061035156,7393,0.0,0.0
2023-05-09 14:30:00-04:00,168.80999755859375,169.10000610351562,168.22999572753906,168.66000366210938,14968,0.0,0.0
2023-05-09 15:30:00-04:00,168.7100067138672,168.88999938964844,167.9709930419922,168.05999755859375,24013,0.0,0.0
2023-05-10 09:30:00-04:00,169.9499969482422,169.9499969482422,167.1999969482422,167.4250030517578,9838,0.0,0.0
2023-05-10 10:30:00-04:00,167.1300048828125,168.0,166.61000061035156,168.0,8675,0.0,0.0
2023-05-10 11:30:00-04:00,167.7949981689453,167.7949981689453,166.65499877929688,166.74000549316406,5054,0.0,0.0
2023-05-10 12:30:00-04:00,166.52999877929688,166.52999877929688,165.10000610351562,165.18499755859375,8440,0.0,0.0
2023-05-10 13:30:00-04:00,165.39999389648438,166.26499938964844,165.00999450683594,166.26499938964844,7509,0.0,0.0
2023-05-10 14:30:00-04:00,166.19000244140625,167.1199951171875,166.0500030517578,167.0800018310547,9445,0.0,0.0
2023-05-10 15:30:00-04:00,166.9600067138672,168.0,166.9600067138672,168.0,24658,0.0,0.0
2023-05-11 09:30:00-04:00,166.6999969482422,166.85000610351562,166.08999633789062,166.27999877929688,4383,0.0,0.0
2023-05-11 10:30:00-04:00,166.47999572753906,166.5,165.3249969482422,165.3249969482422,7928,0.0,0.0
2023-05-11 11:30:00-04:00,165.5050048828125,165.5399932861328,165.02000427246094,165.02999877929688,10076,0.0,0.0
2023-05-11 12:30:00-04:00,165.32000732421875,165.3300018310547,164.52999877929688,164.6199951171875,4570,0.0,0.0
2023-05-11 13:30:00-04:00,164.3800048828125,164.8699951171875,164.00999450683594,164.5399932861328,7025,0.0,0.0
2023-05-11 14:30:00-04:00,164.91000366210938,165.38999938964844,164.91000366210938,165.36000061035156,3262,0.0,0.0
2023-05-11 15:30:00-04:00,165.3300018310547,166.0399932861328,165.125,165.85000610351562,21253,0.0,0.0
2023-05-12 09:30:00-04:00,166.41000366210938,167.28500366210938,164.83999633789062,165.1699981689453,33929,0.0,0.0
2023-05-12 10:30:00-04:00,164.97999572753906,165.16000366210938,163.94500732421875,164.10000610351562,11638,0.0,0.0
2023-05-12 11:30:00-04:00,163.69000244140625,164.16000366210938,162.82000732421875,162.82000732421875,6464,0.0,0.0
2023-05-12 12:30:00-04:00,163.6300048828125,163.6699981689453,163.02000427246094,163.52000427246094,6427,0.0,0.0
2023-05-12 13:30:00-04:00,163.52000427246094,163.6199951171875,162.92999267578125,163.4499969482422,11696,0.0,0.0
2023-05-12 14:30:00-04:00,163.4600067138672,164.07000732421875,162.97000122070312,163.97999572753906,11539,0.0,0.0
2023-05-12 15:30:00-04:00,164.11000061035156,165.69000244140625,164.0800018310547,165.67999267578125,32698,0.0,0.0
2023-05-15 09:30:00-04:00,165.52999877929688,165.52999877929688,164.82000732421875,164.9925994873047,4346,0.0,0.0
2023-05-15 10:30:00-04:00,165.6699981689453,165.6699981689453,165.3000030517578,165.44000244140625,5312,0.0,0.0
2023-05-15 11:30:00-04:00,165.35000610351562,165.41099548339844,164.8699951171875,164.9149932861328,9145,0.0,0.0
2023-05-15 12:30:00-04:00,165.0500030517578,165.94000244140625,165.0500030517578,165.6300048828125,8341,0.0,0.0
2023-05-15 13:30:00-04:00,165.2949981689453,165.32000732421875,163.5749969482422,163.5749969482422,18555,0.0,0.0
2023-05-15 14:30:00-04:00,163.625,164.6999969482422,162.97999572753906,164.10000610351562,38759,0.0,0.0
2023-05-15 15:30:00-04:00,164.13999938964844,164.99000549316406,164.05999755859375,164.9600067138672,28290,0.0,0.0
2023-05-16 09:30:00-04:00,164.5,164.5,161.4199981689453,161.4199981689453,7560,0.0,0.0
2023-05-16 10:30:00-04:00,161.66000366210938,162.44000244140625,161.3699951171875,162.4199981689453,11785,0.0,0.0
2023-05-16 11:30:00-04:00,162.30999755859375,163.52999877929688,162.30999755859375,163.0800018310547,10974,0.0,0.0
2023-05-16 12:30:00-04:00,163.27999877929688,163.6999969482422,163.18499755859375,163.1999969482422,4182,0.0,0.0
2023-05-16 13:30:00-04:00,163.05999755859375,163.2100067138672,162.57000732421875,162.66749572753906,10503,0.0,0.0
2023-05-16 14:30:00-04:00,162.8300018310547,163.3800048828125,162.8300018310547,163.25999450683594,10198,0.0,0.0
2023-05-16 15:30:00-04:00,163.5800018310547,163.5800018310547,162.9499969482422,162.9499969482422,25978,0.0,0.0
2023-05-17 09:30:00-04:00,163.5,163.5,162.6699981689453,163.05499267578125,0,0.0,0.0
2023-05-17 10:30:00-04:00,163.25,163.88999938964844,163.25,163.6699981689453,7551,0.0,0.0
2023-05-17 11:30:00-04:00,163.64999389648438,163.97999572753906,163.58999633789062,163.97999572753906,5803,0.0,0.0
2023-05-17 12:30:00-04:00,164.10000610351562,165.0050048828125,163.82000732421875,165.0,9415,0.0,0.0
2023-05-17 13:30:00-04:00,164.85000610351562,165.07000732421875,164.4199981689453,164.49000549316406,9258,0.0,0.0
2023-05-17 14:30:00-04:00,164.39999389648438,165.0399932861328,164.38999938964844,164.6750030517578,9911,0.0,0.0
2023-05-17 15:30:00-04:00,164.97999572753906,165.4600067138672,164.80999755859375,165.0,25247,0.0,0.0
2023-05-18 09:30:00-04:00,164.67999267578125,165.60000610351562,164.61000061035156,165.60000610351562,8333,0.0,0.0
2023-05-18 10:30:00-04:00,165.51930236816406,166.14999389648438,165.07000732421875,165.4600067138672,5430,0.0,0.0
2023-05-18 11:30:00-04:00,165.39999389648438,166.0449981689453,164.75,165.02999877929688,10452,0.0,0.0
2023-05-18 12:30:00-04:00,164.97000122070312,165.375,164.42999267578125,165.22999572753906,8913,0.0,0.0
2023-05-18 13:30:00-04:00,165.16000366210938,165.22000122070312,164.77000427246094,165.1999969482422,6587,0.0,0.0
2023-05-18 14:30:00-04:00,165.14500427246094,165.94000244140625,165.02000427246094,165.94000244140625,14852,0.0,0.0
2023-05-18 15:30:00-04:00,165.8699951171875,167.13999938964844,165.8699951171875,167.00999450683594,20578,0.0,0.0
2023-05-19 09:30:00-04:00,169.02999877929688,169.02999877929688,166.74000549316406,166.77999877929688,0,0.0,0.0
2023-05-19 10:30:00-04:00,166.5449981689453,166.72000122070312,166.33999633789062,166.33999633789062,2161,0.0,0.0
2023-05-19 11:30:00-04:00,164.7917022705078,165.72999572753906,164.76010131835938,165.27999877929688,7765,0.0,0.0
2023-05-19 12:30:00-04:00,165.1199951171875,165.58999633789062,165.11500549316406,165.58999633789062,2724,0.0,0.0
2023-05-19 13:30:00-04:00,165.6199951171875,165.77999877929688,165.0800018310547,165.64999389648438,4304,0.0,0.0
2023-05-19 14:30:00-04:00,165.49000549316406,165.9949951171875,165.49000549316406,165.60499572753906,9051,0.0,0.0
2023-05-19 15:30:00-04:00,165.47999572753906,165.6999969482422,165.32000732421875,165.49000549316406,14595,0.0,0.0
2023-05-22 09:30:00-04:00,165.99000549316406,166.22000122070312,163.39999389648438,164.64999389648438,8511,0.0,0.0
2023-05-22 10:30:00-04:00,164.25999450683594,165.0,164.1999969482422,164.72999572753906,3651,0.0,0.0
2023-05-22 11:30:00-04:00,164.875,165.47000122070312,164.77999877929688,165.18499755859375,3862,0.0,0.0
2023-05-22 12:30:00-04:00,165.23500061035156,165.30999755859375,165.1199951171875,165.30999755859375,2711,0.0,0.0
2023-05-22 13:30:00-04:00,165.66000366210938,166.1999969482422,165.3300018310547,166.1199951171875,7665,0.0,0.0
2023-05-22 14:30:00-04:00,166.22000122070312,166.47000122070312,165.8125,165.8125,7033,0.0,0.0
2023-05-22 15:30:00-04:00,165.90499877929688,166.0800018310547,165.52999877929688,165.58999633789062,12553,0.0,0.0
2023-05-23 09:30:00-04:00,164.39999389648438,165.67999267578125,163.3699951171875,165.6300048828125,8445,0.0,0.0
2023-05-23 10:30:00-04:00,166.0,166.0,164.43499755859375,165.3800048828125,4853,0.0,0.0
2023-05-23 11:30:00-04:00,165.6699981689453,166.14999389648438,165.4199981689453,165.66000366210938,16373,0.0,0.0
2023-05-23 12:30:00-04:00,165.8000030517578,165.9199981689453,164.41000366210938,164.41000366210938,9054,0.0,0.0
2023-05-23 13:30:00-04:00,164.27999877929688,164.72999572753906,163.67999267578125,163.67999267578125,5010,0.0,0.0
2023-05-23 14:30:00-04:00,164.08999633789062,164.08999633789062,163.02999877929688,163.8699951171875,10294,0.0,0.0
2023-05-23 15:30:00-04:00,163.8625030517578,163.8625030517578,163.36000061035156,163.60000610351562,19647,0.0,0.0
2023-05-24 09:30:00-04:00,163.2100067138672,163.2100067138672,161.00999450683594,161.66000366210938,10073,0.0,0.0
2023-05-24 10:30:00-04:00,162.24000549316406,162.8446044921875,160.9149932861328,161.72250366210938,11807,0.0,0.0
2023-05-24 11:30:00-04:00,161.50999450683594,161.8300018310547,161.1649932861328,161.7100067138672,8190,0.0,0.0
2023-05-24 12:30:00-04:00,161.72000122070312,161.89999389648438,160.75999450683594,160.9250030517578,3189,0.0,0.0
2023-05-24 13:30:00-04:00,161.1199951171875,161.4199981689453,160.91000366210938,161.32000732421875,4621,0.0,0.0
2023-05-24 14:30:00-04:00,160.98500061035156,162.0,160.98500061035156,161.7100067138672,11056,0.0,0.0
2023-05-24 15:30:00-04:00,161.5,161.9600067138672,161.25,161.25,17834,0.0,0.0
2023-05-25 09:30:00-04:00,160.9600067138672,162.89999389648438,160.9600067138672,162.41000366210938,3945,0.0,0.0
2023-05-25 10:30:00-04:00,162.05999755859375,162.41000366210938,160.92999267578125,160.92999267578125,11216,0.0,0.0
2023-05-25 11:30:00-04:00,160.35000610351562,161.4499969482422,160.0,161.4499969482422,2756,0.0,0.0
2023-05-25 12:30:00-04:00,160.88999938964844,161.4199981689453,160.88999938964844,161.4199981689453,3868,0.0,0.0
2023-05-25 13:30:00-04:00,161.72999572753906,162.6699981689453,161.27000427246094,162.6699981689453,6734,0.0,0.0
2023-05-25 14:30:00-04:00,162.47999572753906,162.47999572753906,161.5399932861328,162.30999755859375,7863,0.0,0.0
2023-05-25 15:30:00-04:00,162.41000366210938,162.8699951171875,162.08999633789062,162.72000122070312,26089,0.0,0.0
2023-05-26 09:30:00-04:00,162.47999572753906,164.0500030517578,162.47999572753906,163.66000366210938,5371,0.0,0.0
2023-05-26 10:30:00-04:00,163.5399932861328,163.89999389648438,163.04080200195312,163.3000030517578,9063,0.0,0.0
2023-05-26 11:30:00-04:00,163.10000610351562,164.30999755859375,163.10000610351562,164.30999755859375,6771,0.0,0.0
2023-05-26 12:30:00-04:00,164.16250610351562,164.39999389648438,164.16250610351562,164.39999389648438,2978,0.0,0.0
2023-05-26 13:30:00-04:00,163.88999938964844,163.97500610351562,163.88999938964844,163.9600067138672,2219,0.0,0.0
2023-05-26 14:30:00-04:00,164.27999877929688,164.6750030517578,164.27999877929688,164.5800018310547,5880,0.0,0.0
2023-05-26 15:30:00-04:00,164.77000427246094,165.25999450683594,164.63499450683594,165.25,16599,0.0,0.0
2023-05-30 09:30:00-04:00,165.25,166.3800048828125,164.19000244140625,164.19000244140625,7792,0.0,0.0
2023-05-30 10:30:00-04:00,164.0,164.57000732421875,163.47999572753906,163.47999572753906,7831,0.0,0.0
2023-05-30 11:30:00-04:00,163.8616943359375,164.3699951171875,163.80999755859375,164.3699951171875,2990,0.0,0.0
2023-05-30 12:30:00-04:00,164.07000732421875,164.33999633789062,163.64999389648438,163.64999389648438,5228,0.0,0.0
2023-05-30 13:30:00-04:00,163.77999877929688,164.4149932861328,163.6699981689453,164.4149932861328,4596,0.0,0.0
2023-05-30 14:30:00-04:00,164.5500030517578,164.74000549316406,164.27000427246094,164.74000549316406,6764,0.0,0.0
2023-05-30 15:30:00-04:00,164.80999755859375,164.8699951171875,164.3699951171875,164.52000427246094,14838,0.0,0.0
2023-05-31 09:30:00-04:00,164.08999633789062,164.99000549316406,160.56500244140625,160.56500244140625,6984,0.0,0.0
2023-05-31 10:30:00-04:00,160.5399932861328,160.5399932861328,159.11749267578125,159.14999389648438,7248,0.0,0.0
2023-05-31 11:30:00-04:00,158.19000244140625,158.2949981689453,157.64999389648438,158.1750030517578,5376,0.0,0.0
2023-05-31 12:30:00-04:00,158.1300048828125,159.5500030517578,158.1300048828125,159.0500030517578,16985,0.0,0.0
2023-05-31 13:30:00-04:00,158.88999938964844,159.10000610351562,158.47000122070312,158.8000030517578,4843,0.0,0.0
2023-05-31 14:30:00-04:00,158.96499633789062,158.96499633789062,157.7899932861328,158.03500366210938,5196,0.0,0.0
2023-05-31 15:30:00-04:00,158.0449981689453,158.83999633789062,158.0449981689453,158.27999877929688,27242,0.0,0.0
2023-06-01 09:30:00-04:00,158.7899932861328,158.7899932861328,156.85000610351562,158.0,20985,0.0,0.0
2023-06-01 10:30:00-04:00,158.3300018310547,159.60000610351562,158.3300018310547,159.60000610351562,5490,0.0,0.0
2023-06-01 11:30:00-04:00,159.93359375,160.44000244140625,159.8000030517578,160.0800018310547,3992,0.0,0.0
2023-06-01 12:30:00-04:00,159.97000122070312,160.14999389648438,159.77999877929688,159.8800048828125,2476,0.0,0.0
2023-06-01 13:30:00-04:00,159.875,160.36000061035156,159.875,159.8800048828125,9548,0.0,0.0
2023-06-01 14:30:00-04:00,160.2100067138672,161.07000732421875,160.0,160.7449951171875,20954,0.0,0.0
2023-06-01 15:30:00-04:00,160.7100067138672,161.3000030517578,160.60000610351562,161.2899932861328,30958,0.0,0.0
2023-06-02 09:30:00-04:00,163.8000030517578,165.24000549316406,162.94500732421875,163.91009521484375,11873,0.0,0.0
2023-06-02 10:30:00-04:00,164.6699981689453,166.11000061035156,164.6699981689453,165.7200927734375,10641,0.0,0.0
2023-06-02 11:30:00-04:00,165.91000366210938,166.22999572753906,165.6699981689453,166.22999572753906,4744,0.0,0.0
2023-06-02 12:30:00-04:00,166.09500122070312,166.60499572753906,165.88999938964844,166.4600067138672,6886,0.0,0.0
2023-06-02 13:30:00-04:00,166.61000061035156,167.25,166.61000061035156,166.89999389648438,8571,0.0,0.0
2023-06-02 14:30:00-04:00,167.10000610351562,168.05999755859375,167.05999755859375,167.8300018310547,11528,0.0,0.0
2023-06-02 15:30:00-04:00,167.9324951171875,168.57000732421875,167.81500244140625,168.17999267578125,25963,0.0,0.0
2023-06-05 09:30:00-04:00,166.8699951171875,167.30999755859375,164.02499389648438,164.3300018310547,7867,0.0,0.0
2023-06-05 10:30:00-04:00,164.1999969482422,164.8000030517578,163.66000366210938,164.66000366210938,7324,0.0,0.0
2023-06-05 11:30:00-04:00,165.00999450683594,165.4499969482422,164.6280059814453,165.07000732421875,6720,0.0,0.0
2023-06-05 12:30:00-04:00,164.89999389648438,165.60000610351562,164.8148956298828,165.0399932861328,4380,0.0,0.0
2023-06-05 13:30:00-04:00,164.64999389648438,165.3800048828125,164.64999389648438,165.35000610351562,5642,0.0,0.0
2023-06-05 14:30:00-04:00,165.32000732421875,165.64999389648438,164.61000061035156,165.44500732421875,9964,0.0,0.0
2023-06-05 15:30:00-04:00,165.3699951171875,166.36500549316406,165.27999877929688,165.52999877929688,17078,0.0,0.0
2023-06-06 09:30:00-04:00,165.13999938964844,169.8300018310547,165.13999938964844,169.24000549316406,7260,0.0,0.0
2023-06-06 10:30:00-04:00,169.5500030517578,171.36000061035156,169.360107421875,171.0800018310547,10523,0.0,0.0
2023-06-06 11:30:00-04:00,171.22000122070312,172.4250030517578,171.22000122070312,172.4250030517578,10511,0.0,0.0
2023-06-06 12:30:00-04:00,171.9499969482422,172.1300048828125,171.38999938964844,172.00999450683594,6055,0.0,0.0
2023-06-06 13:30:00-04:00,171.0,171.9550018310547,170.85060119628906,171.9550018310547,11057,0.0,0.0
2023-06-06 14:30:00-04:00,171.7449951171875,171.97000122070312,171.52999877929688,171.6999969482422,20751,0.0,0.0
2023-06-06 15:30:00-04:00,171.60000610351562,171.83999633789062,171.2899932861328,171.8000030517578,26001,0.0,0.0
2023-06-07 09:30:00-04:00,172.3000030517578,175.1999969482422,172.3000030517578,174.77999877929688,11686,0.0,0.0
2023-06-07 10:30:00-04:00,174.7949981689453,175.02999877929688,173.6999969482422,174.94000244140625,15566,0.0,0.0
2023-06-07 11:30:00-04:00,175.1199951171875,175.1300048828125,174.43499755859375,174.5,4963,0.0,0.0
2023-06-07 12:30:00-04:00,174.72000122070312,176.09500122070312,174.72000122070312,176.08999633789062,17974,0.0,0.0
2023-06-07 13:30:00-04:00,176.0500030517578,176.58999633789062,175.82000732421875,176.56500244140625,12939,0.0,0.0
2023-06-07 14:30:00-04:00,176.52000427246094,177.1199951171875,176.1699981689453,177.1199951171875,11020,0.0,0.0
2023-06-07 15:30:00-04:00,177.2899932861328,178.02999877929688,176.89999389648438,177.42999267578125,26763,0.0,0.0
2023-06-08 09:30:00-04:00,177.0,177.05999755859375,175.07000732421875,176.88499450683594,9714,0.0,0.0
2023-06-08 10:30:00-04:00,177.27000427246094,177.27999877929688,175.9499969482422,176.77000427246094,10336,0.0,0.0
2023-06-08 11:30:00-04:00,176.470703125,177.15499877929688,176.38009643554688,176.8800048828125,6021,0.0,0.0
2023-06-08 12:30:00-04:00,176.9499969482422,176.9499969482422,176.46499633789062,176.6649932861328,4313,0.0,0.0
2023-06-08 13:30:00-04:00,176.92999267578125,177.0800018310547,176.22999572753906,176.90499877929688,6471,0.0,0.0
2023-06-08 14:30:00-04:00,176.9949951171875,177.375,176.5399932861328,176.74000549316406,10360,0.0,0.0
2023-06-08 15:30:00-04:00,176.5,176.50999450683594,175.6999969482422,175.89999389648438,28573,0.0,0.0
2023-06-09 09:30:00-04:00,175.6999969482422,176.6199951171875,173.8300018310547,173.88999938964844,7301,0.0,0.0
2023-06-09 10:30:00-04:00,173.72999572753906,174.83999633789062,173.3000030517578,173.83999633789062,10365,0.0,0.0
2023-06-09 11:30:00-04:00,173.27000427246094,173.66000366210938,172.44000244140625,172.96499633789062,7613,0.0,0.0
2023-06-09 12:30:00-04:00,173.2100067138672,173.3000030517578,172.64999389648438,172.64999389648438,5512,0.0,0.0
2023-06-09 13:30:00-04:00,173.33999633789062,174.0469970703125,173.1300048828125,173.55999755859375,12854,0.0,0.0
2023-06-09 14:30:00-04:00,173.89999389648438,174.125,173.50999450683594,173.50999450683594,12771,0.0,0.0
2023-06-09 15:30:00-04:00,173.40499877929688,174.11000061035156,173.16000366210938,173.97000122070312,33626,0.0,0.0
2023-06-12 09:30:00-04:00,174.0,174.72500610351562,172.7100067138672,174.01499938964844,9571,0.0,0.0
2023-06-12 10:30:00-04:00,174.5050048828125,174.89999389648438,173.6750030517578,174.50999450683594,8278,0.0,0.0
2023-06-12 11:30:00-04:00,174.4250030517578,174.6197967529297,174.13499450683594,174.47500610351562,4527,0.0,0.0
2023-06-12 12:30:00-04:00,174.47500610351562,174.80999755859375,174.34500122070312,174.5500030517578,4255,0.0,0.0
2023-06-12 13:30:00-04:00,174.47000122070312,174.97999572753906,174.41000366210938,174.5399932861328,11825,0.0,0.0
2023-06-12 14:30:00-04:00,174.52999877929688,175.57000732421875,174.28500366210938,175.28500366210938,10087,0.0,0.0
2023-06-12 15:30:00-04:00,175.31500244140625,175.39999389648438,174.48500061035156,174.83999633789062,31289,0.0,0.0
2023-06-13 09:30:00-04:00,175.1999969482422,176.82000732421875,175.1999969482422,175.8300018310547,10249,0.0,0.0
2023-06-13 10:30:00-04:00,176.1999969482422,176.2100067138672,174.64500427246094,175.0,19727,0.0,0.0
2023-06-13 11:30:00-04:00,175.2100067138672,176.7729949951172,175.08999633789062,176.7729949951172,6287,0.0,0.0
2023-06-13 12:30:00-04:00,177.00999450683594,177.22000122070312,176.3000030517578,176.4199981689453,6255,0.0,0.0
2023-06-13 13:30:00-04:00,176.4499969482422,176.4499969482422,175.63999938964844,175.6699981689453,8363,0.0,0.0
2023-06-13 14:30:00-04:00,175.6649932861328,176.4600067138672,175.61000061035156,176.13999938964844,20579,0.0,0.0
2023-06-13 15:30:00-04:00,176.0800018310547,176.58999633789062,175.91000366210938,176.3800048828125,23199,0.0,0.0
2023-06-14 09:30:00-04:00,176.72000122070312,178.8350067138672,175.6999969482422,175.6999969482422,6479,0.0,0.0
2023-06-14 10:30:00-04:00,175.7100067138672,177.47000122070312,175.7100067138672,177.32000732421875,4775,0.0,0.0
2023-06-14 11:30:00-04:00,176.64999389648438,177.00999450683594,176.13999938964844,176.7449951171875,3881,0.0,0.0
2023-06-14 12:30:00-04:00,176.47999572753906,176.8800048828125,176.1199951171875,176.30299377441406,10800,0.0,0.0
2023-06-14 13:30:00-04:00,176.17999267578125,176.69500732421875,174.22000122070312,174.8699951171875,9047,0.0,0.0
2023-06-14 14:30:00-04:00,175.11000061035156,177.27000427246094,175.11000061035156,176.30999755859375,10051,0.0,0.0
2023-06-14 15:30:00-04:00,176.80999755859375,176.80999755859375,175.30999755859375,176.52999877929688,20182,0.0,0.0
2023-06-15 09:30:00-04:00,175.47999572753906,177.41000366210938,175.47999572753906,176.67999267578125,14448,0.0,0.0
2023-06-15 10:30:00-04:00,176.55999755859375,176.97000122070312,175.52999877929688,176.97000122070312,12908,0.0,0.0
2023-06-15 11:30:00-04:00,176.89500427246094,177.6999969482422,176.72000122070312,177.0,3549,0.0,0.0
2023-06-15 12:30:00-04:00,176.8000030517578,176.8000030517578,176.25,176.4949951171875,6646,0.0,0.0
2023-06-15 13:30:00-04:00,176.50999450683594,177.3000030517578,176.50999450683594,177.0500030517578,7795,0.0,0.0
2023-06-15 14:30:00-04:00,177.05999755859375,177.97000122070312,177.05999755859375,177.61500549316406,7609,0.0,0.0
2023-06-15 15:30:00-04:00,177.66000366210938,178.19500732421875,177.5399932861328,178.16000366210938,24020,0.0,0.0
2023-06-16 09:30:00-04:00,179.97999572753906,179.97999572753906,178.24000549316406,178.24000549316406,51812,0.0,0.0
2023-06-16 10:30:00-04:00,178.05999755859375,178.05999755859375,177.27000427246094,177.86300659179688,8424,0.0,0.0
2023-06-16 11:30:00-04:00,177.5500030517578,177.89999389648438,177.0399932861328,177.60000610351562,4309,0.0,0.0
2023-06-16 12:30:00-04:00,177.98300170898438,178.2100067138672,177.4250030517578,177.5399932861328,4526,0.0,0.0
2023-06-16 13:30:00-04:00,177.3800048828125,177.6544952392578,177.1300048828125,177.55999755859375,8101,0.0,0.0
2023-06-16 14:30:00-04:00,177.42999267578125,177.86000061035156,177.0500030517578,177.83999633789062,12763,0.0,0.0
2023-06-16 15:30:00-04:00,177.9250030517578,179.25,177.80999755859375,179.13999938964844,39416,0.0,0.0
2023-06-20 09:30:00-04:00,177.8699951171875,178.99000549316406,176.8800048828125,176.8800048828125,7241,0.0,0.0
2023-06-20 10:30:00-04:00,177.25,177.42999267578125,176.94500732421875,177.42999267578125,10077,0.0,0.0
2023-06-20 11:30:00-04:00,177.99000549316406,178.10000610351562,177.5800018310547,177.5800018310547,4760,0.0,0.0
2023-06-20 12:30:00-04:00,177.5050048828125,177.8887939453125,177.33999633789062,177.55999755859375,6897,0.0,0.0
2023-06-20 13:30:00-04:00,177.3699951171875,177.58999633789062,176.88999938964844,176.88999938964844,5521,0.0,0.0
2023-06-20 14:30:00-04:00,176.80999755859375,177.0,176.69000244140625,176.75999450683594,11064,0.0,0.0
2023-06-20 15:30:00-04:00,176.75,176.8000030517578,176.1199951171875,176.27000427246094,27910,0.0,0.0
2023-06-21 09:30:00-04:00,175.3800048828125,177.67999267578125,174.66000366210938,177.01499938964844,6109,0.0,0.0
2023-06-21 10:30:00-04:00,177.55999755859375,177.97999572753906,177.36000061035156,177.8249969482422,3464,0.0,0.0
2023-06-21 11:30:00-04:00,177.8300018310547,177.8300018310547,177.4199981689453,177.65499877929688,3989,0.0,0.0
2023-06-21 12:30:00-04:00,177.82000732421875,177.97000122070312,177.58999633789062,177.60000610351562,4270,0.0,0.0
2023-06-21 13:30:00-04:00,177.83999633789062,178.51499938964844,177.83999633789062,178.33999633789062,5972,0.0,0.0
2023-06-21 14:30:00-04:00,178.3000030517578,178.4499969482422,178.02000427246094,178.2100067138672,4920,0.0,0.0
2023-06-21 15:30:00-04:00,177.9600067138672,177.9600067138672,177.4499969482422,177.72000122070312,16805,0.0,0.0
2023-06-22 09:30:00-04:00,177.60000610351562,177.60000610351562,175.40499877929688,175.89500427246094,6662,0.0,0.0
2023-06-22 10:30:00-04:00,176.33999633789062,176.77000427246094,176.22999572753906,176.36500549316406,9735,0.0,0.0
2023-06-22 11:30:00-04:00,176.94000244140625,176.94000244140625,176.02999877929688,176.38999938964844,3722,0.0,0.0
2023-06-22 12:30:00-04:00,176.5,176.68170166015625,176.0399932861328,176.0399932861328,2817,0.0,0.0
2023-06-22 13:30:00-04:00,176.4149932861328,176.77999877929688,176.25999450683594,176.75999450683594,7189,0.0,0.0
2023-06-22 14:30:00-04:00,176.89999389648438,176.99000549316406,176.1699981689453,176.1699981689453,7141,0.0,0.0
2023-06-22 15:30:00-04:00,176.36000061035156,176.72999572753906,176.2899932861328,176.72999572753906,10494,0.0,0.0
2023-06-23 09:30:00-04:00,174.0399932861328,176.89500427246094,174.0399932861328,176.88999938964844,7723,0.0,0.0
2023-06-23 10:30:00-04:00,176.77999877929688,176.94000244140625,175.9600067138672,176.1199951171875,5569,0.0,0.0
2023-06-23 11:30:00-04:00,176.0,176.28500366210938,175.50999450683594,175.8300018310547,3674,0.0,0.0
2023-06-23 12:30:00-04:00,175.6699981689453,175.6699981689453,174.8800048828125,175.0800018310547,11500,0.0,0.0
2023-06-23 13:30:00-04:00,175.36000061035156,175.77999877929688,175.08999633789062,175.1300048828125,11868,0.0,0.0
2023-06-23 14:30:00-04:00,175.125,175.27999877929688,173.85000610351562,174.0500030517578,14824,0.0,0.0
2023-06-23 15:30:00-04:00,173.92999267578125,175.2100067138672,173.8300018310547,175.10000610351562,38512,0.0,0.0
2023-06-26 09:30:00-04:00,174.5,178.22999572753906,174.5,177.05499267578125,9190,0.0,0.0
2023-06-26 10:30:00-04:00,176.3000030517578,176.6199951171875,175.32000732421875,175.4600067138672,5474,0.0,0.0
2023-06-26 11:30:00-04:00,175.5,176.11500549316406,175.5,175.89999389648438,3746,0.0,0.0
2023-06-26 12:30:00-04:00,175.8350067138672,176.83999633789062,175.52000427246094,176.83999633789062,6400,0.0,0.0
2023-06-26 13:30:00-04:00,176.72000122070312,177.22999572753906,176.6999969482422,176.6999969482422,5183,0.0,0.0
2023-06-26 14:30:00-04:00,176.66650390625,177.38999938964844,176.66650390625,177.14999389648438,9049,0.0,0.0
2023-06-26 15:30:00-04:00,177.22000122070312,177.22999572753906,176.22999572753906,176.3300018310547,14052,0.0,0.0
2023-06-27 09:30:00-04:00,177.11000061035156,178.85000610351562,177.11000061035156,178.5500030517578,5489,0.0,0.0
2023-06-27 10:30:00-04:00,178.55999755859375,178.85000610351562,177.88999938964844,177.97999572753906,11169,0.0,0.0
2023-06-27 11:30:00-04:00,177.60000610351562,178.0800018310547,177.53500366210938,177.9499969482422,3651,0.0,0.0
2023-06-27 12:30:00-04:00,178.30999755859375,178.3800048828125,177.9550018310547,177.9550018310547,3833,0.0,0.0
2023-06-27 13:30:00-04:00,178.39999389648438,178.39999389648438,177.9499969482422,177.9600067138672,5747,0.0,0.0
2023-06-27 14:30:00-04:00,178.14500427246094,178.6300048828125,177.97000122070312,178.6300048828125,7795,0.0,0.0
2023-06-27 15:30:00-04:00,178.89999389648438,178.89999389648438,178.49000549316406,178.77999877929688,13841,0.0,0.0
2023-06-28 09:30:00-04:00,178.8000030517578,179.11500549316406,177.61000061035156,178.97000122070312,4984,0.0,0.0
2023-06-28 10:30:00-04:00,178.11000061035156,178.75999450683594,177.63999938964844,177.8000030517578,8178,0.0,0.0
2023-06-28 11:30:00-04:00,177.89999389648438,178.25,177.67999267578125,178.02999877929688,3730,0.0,0.0
2023-06-28 12:30:00-04:00,178.1999969482422,178.22000122070312,177.4149932861328,177.85000610351562,3312,0.0,0.0
2023-06-28 13:30:00-04:00,177.86000061035156,178.1999969482422,177.86000061035156,178.1999969482422,4420,0.0,0.0
2023-06-28 14:30:00-04:00,178.22999572753906,178.22999572753906,177.63999938964844,177.97000122070312,8351,0.0,0.0
2023-06-28 15:30:00-04:00,178.02999877929688,178.33999633789062,177.82000732421875,178.2899932861328,11604,0.0,0.0
2023-06-29 09:30:00-04:00,177.97000122070312,181.65499877929688,177.24000549316406,180.6300048828125,21128,0.0,0.0
2023-06-29 10:30:00-04:00,180.7899932861328,180.8800048828125,179.93499755859375,179.93499755859375,3552,0.0,0.0
2023-06-29 11:30:00-04:00,180.1699981689453,180.7100067138672,180.00689697265625,180.5,5391,0.0,0.0
2023-06-29 12:30:00-04:00,180.84500122070312,181.07000732421875,180.3000030517578,180.86000061035156,4522,0.0,0.0
2023-06-29 13:30:00-04:00,180.97000122070312,181.10000610351562,179.89999389648438,181.10000610351562,4632,0.0,0.0
2023-06-29 14:30:00-04:00,181.0749969482422,181.36000061035156,181.0749969482422,181.16000366210938,3426,0.0,0.0
2023-06-29 15:30:00-04:00,181.17999267578125,181.375,181.0800018310547,181.0800018310547,12220,0.0,0.0
2023-06-30 09:30:00-04:00,182.52999877929688,184.66000366210938,182.52999877929688,183.75999450683594,39171,0.0,0.0
2023-06-30 10:30:00-04:00,183.7899932861328,184.08999633789062,183.30499267578125,184.0500030517578,18393,0.0,0.0
2023-06-30 11:30:00-04:00,183.83999633789062,184.17999267578125,183.5800018310547,184.1199951171875,8848,0.0,0.0
2023-06-30 12:30:00-04:00,184.4600067138672,184.74000549316406,184.3126983642578,184.66000366210938,5456,0.0,0.0
2023-06-30 13:30:00-04:00,184.3699951171875,184.55999755859375,183.99000549316406,183.99000549316406,7796,0.0,0.0
2023-06-30 14:30:00-04:00,184.22999572753906,184.64999389648438,183.63499450683594,184.0399932861328,25924,0.0,0.0
2023-06-30 15:30:00-04:00,184.0399932861328,184.4199981689453,183.42999267578125,183.86000061035156,56771,0.0,0.0
2023-07-03 09:30:00-04:00,183.11000061035156,184.26499938964844,182.88999938964844,184.05999755859375,18494,0.0,0.0
2023-07-03 10:30:00-04:00,184.15499877929688,184.4499969482422,183.5399932861328,183.65499877929688,11975,0.0,0.0
2023-07-03 11:30:00-04:00,183.59500122070312,184.13999938964844,183.44000244140625,183.75,6607,0.0,0.0
2023-07-05 09:30:00-04:00,181.91000366210938,183.35499572753906,180.25999450683594,182.02499389648438,30986,0.0,0.0
2023-07-05 10:30:00-04:00,181.75,181.81500244140625,180.4199981689453,180.80499267578125,9978,0.0,0.0
2023-07-05 11:30:00-04:00,180.875,181.08999633789062,179.47000122070312,179.49000549316406,27314,0.0,0.0
2023-07-05 12:30:00-04:00,179.65499877929688,179.82000732421875,178.77999877929688,179.07000732421875,13830,0.0,0.0
2023-07-05 13:30:00-04:00,179.25,179.75,179.0,179.0,9758,0.0,0.0
2023-07-05 14:30:00-04:00,179.02499389648438,179.47999572753906,179.02000427246094,179.34500122070312,8391,0.0,0.0
2023-07-05 15:30:00-04:00,179.35000610351562,179.35000610351562,178.10000610351562,178.13999938964844,30854,0.0,0.0
2023-07-06 09:30:00-04:00,177.02000427246094,177.02000427246094,175.61000061035156,175.61000061035156,6390,0.0,0.0
2023-07-06 10:30:00-04:00,175.25999450683594,175.5399932861328,174.4199981689453,174.77000427246094,8889,0.0,0.0
2023-07-06 11:30:00-04:00,174.89999389648438,175.64999389648438,174.5655059814453,175.30999755859375,10411,0.0,0.0
2023-07-06 12:30:00-04:00,175.44000244140625,175.74000549316406,175.44000244140625,175.72000122070312,2643,0.0,0.0
2023-07-06 13:30:00-04:00,176.24000549316406,176.35000610351562,175.5,175.5,3083,0.0,0.0
2023-07-06 14:30:00-04:00,175.6300048828125,176.02000427246094,175.6199951171875,175.94000244140625,5975,0.0,0.0
2023-07-06 15:30:00-04:00,175.72999572753906,176.47999572753906,175.72000122070312,176.1300048828125,16400,0.0,0.0
2023-07-07 09:30:00-04:00,175.7100067138672,177.2100067138672,174.8800048828125,176.4600067138672,13952,0.0,0.0
2023-07-07 10:30:00-04:00,176.06500244140625,176.61000061035156,175.96139526367188,176.56500244140625,12728,0.0,0.0
2023-07-07 11:30:00-04:00,176.61000061035156,176.8300018310547,176.16000366210938,176.39999389648438,8763,0.0,0.0
2023-07-07 12:30:00-04:00,176.2449951171875,177.4600067138672,176.2449951171875,177.08999633789062,17284,0.0,0.0
2023-07-07 13:30:00-04:00,176.94000244140625,176.94000244140625,176.17999267578125,176.77999877929688,9317,0.0,0.0
2023-07-07 14:30:00-04:00,176.82000732421875,176.82000732421875,175.875,176.19520568847656,13195,0.0,0.0
2023-07-07 15:30:00-04:00,176.22000122070312,176.30999755859375,175.0,175.00999450683594,25383,0.0,0.0
2023-07-10 09:30:00-04:00,176.27000427246094,179.44000244140625,175.9250030517578,177.85000610351562,16305,0.0,0.0
2023-07-10 10:30:00-04:00,177.72000122070312,177.8699951171875,176.63999938964844,177.36500549316406,44129,0.0,0.0
2023-07-10 11:30:00-04:00,177.39999389648438,178.0,177.39999389648438,177.72999572753906,5413,0.0,0.0
2023-07-10 12:30:00-04:00,178.33999633789062,178.77999877929688,178.0601043701172,178.75,5490,0.0,0.0
2023-07-10 13:30:00-04:00,178.8699951171875,178.8699951171875,177.85000610351562,178.1649932861328,24452,0.0,0.0
2023-07-10 14:30:00-04:00,178.33999633789062,178.78500366210938,177.94000244140625,177.94000244140625,16916,0.0,0.0
2023-07-10 15:30:00-04:00,177.92999267578125,178.72000122070312,177.1300048828125,178.69000244140625,31975,0.0,0.0
2023-07-11 09:30:00-04:00,179.36000061035156,181.33999633789062,179.36000061035156,179.97999572753906,6078,0.0,0.0
2023-07-11 10:30:00-04:00,179.3000030517578,179.83999633789062,179.1699981689453,179.19000244140625,8591,0.0,0.0
2023-07-11 11:30:00-04:00,179.1999969482422,179.58999633789062,179.10000610351562,179.42999267578125,6850,0.0,0.0
2023-07-11 12:30:00-04:00,179.1699981689453,179.25999450683594,179.13999938964844,179.25999450683594,2197,0.0,0.0
2023-07-11 13:30:00-04:00,179.4698944091797,179.4698944091797,178.26499938964844,178.6300048828125,5554,0.0,0.0
2023-07-11 14:30:00-04:00,178.35000610351562,179.14500427246094,178.3000030517578,179.0,9281,0.0,0.0
2023-07-11 15:30:00-04:00,178.97000122070312,179.4600067138672,178.77000427246094,178.8300018310547,19978,0.0,0.0
2023-07-12 09:30:00-04:00,182.19000244140625,182.6199951171875,180.5,181.97000122070312,13353,0.0,0.0
2023-07-12 10:30:00-04:00,183.07000732421875,183.6699981689453,182.72999572753906,182.72999572753906,5811,0.0,0.0
2023-07-12 11:30:00-04:00,182.96499633789062,183.16000366210938,182.16000366210938,182.16000366210938,7700,0.0,0.0
2023-07-12 12:30:00-04:00,182.74000549316406,183.49000549316406,182.74000549316406,183.1999969482422,6436,0.0,0.0
2023-07-12 13:30:00-04:00,183.0399932861328,183.72000122070312,182.9259033203125,183.5,3937,0.0,0.0
2023-07-12 14:30:00-04:00,183.5500030517578,183.5500030517578,182.1300048828125,182.3000030517578,8344,0.0,0.0
2023-07-12 15:30:00-04:00,182.4499969482422,182.4499969482422,181.7100067138672,182.07000732421875,16793,0.0,0.0
2023-07-13 09:30:00-04:00,182.52000427246094,182.64999389648438,182.05999755859375,182.3300018310547,8448,0.0,0.0
2023-07-13 10:30:00-04:00,182.72000122070312,182.72000122070312,181.77999877929688,182.1999969482422,4743,0.0,0.0
2023-07-13 11:30:00-04:00,182.32000732421875,182.69000244140625,182.24000549316406,182.67999267578125,7222,0.0,0.0
2023-07-13 12:30:00-04:00,182.5399932861328,182.84500122070312,182.3000030517578,182.84500122070312,2455,0.0,0.0
2023-07-13 13:30:00-04:00,182.60000610351562,182.8699951171875,182.5,182.6300048828125,2908,0.0,0.0
2023-07-13 14:30:00-04:00,182.57000732421875,182.99000549316406,182.47000122070312,182.86500549316406,6475,0.0,0.0
2023-07-13 15:30:00-04:00,182.91000366210938,182.99000549316406,182.3800048828125,182.57000732421875,8111,0.0,0.0
2023-07-14 09:30:00-04:00,182.2899932861328,182.2899932861328,180.4550018310547,181.05999755859375,7053,0.0,0.0
2023-07-14 10:30:00-04:00,180.13999938964844,180.75999450683594,179.74000549316406,180.75999450683594,5125,0.0,0.0
2023-07-14 11:30:00-04:00,180.82000732421875,180.82000732421875,180.1999969482422,180.36500549316406,3901,0.0,0.0
2023-07-14 12:30:00-04:00,180.63999938964844,181.14999389648438,180.60000610351562,181.0,3978,0.0,0.0
2023-07-14 13:30:00-04:00,181.02999877929688,181.80999755859375,181.02999877929688,181.80999755859375,6238,0.0,0.0
2023-07-14 14:30:00-04:00,181.44000244140625,181.47000122070312,181.16000366210938,181.43499755859375,4079,0.0,0.0
2023-07-14 15:30:00-04:00,181.5800018310547,182.00999450683594,181.4600067138672,182.0,12940,0.0,0.0
2023-07-17 09:30:00-04:00,181.85000610351562,184.2449951171875,180.91000366210938,183.94000244140625,19504,0.0,0.0
2023-07-17 10:30:00-04:00,183.77000427246094,184.8800048828125,183.55999755859375,184.8800048828125,8175,0.0,0.0
2023-07-17 11:30:00-04:00,185.21499633789062,186.1999969482422,185.1649932861328,185.5399932861328,4926,0.0,0.0
2023-07-17 12:30:00-04:00,185.72000122070312,185.93310546875,185.52999877929688,185.8249969482422,5103,0.0,0.0
2023-07-17 13:30:00-04:00,185.60000610351562,185.6300048828125,184.5500030517578,184.9199981689453,5795,0.0,0.0
2023-07-17 14:30:00-04:00,184.67999267578125,185.02999877929688,184.33999633789062,184.77999877929688,7683,0.0,0.0
2023-07-17 15:30:00-04:00,184.67999267578125,185.00999450683594,184.25999450683594,184.25999450683594,12415,0.0,0.0
2023-07-18 09:30:00-04:00,184.32000732421875,186.19000244140625,184.22000122070312,185.77999877929688,4296,0.0,0.0
2023-07-18 10:30:00-04:00,185.6999969482422,186.41000366210938,185.51499938964844,186.25999450683594,12490,0.0,0.0
2023-07-18 11:30:00-04:00,186.17999267578125,186.9499969482422,186.17999267578125,186.42999267578125,7528,0.0,0.0
2023-07-18 12:30:00-04:00,186.75999450683594,187.27000427246094,186.75999450683594,187.02999877929688,4976,0.0,0.0
2023-07-18 13:30:00-04:00,187.3000030517578,187.61000061035156,186.85000610351562,186.85000610351562,9003,0.0,0.0
2023-07-18 14:30:00-04:00,187.6300048828125,188.27999877929688,187.3000030517578,187.97000122070312,14281,0.0,0.0
2023-07-18 15:30:00-04:00,187.72000122070312,188.77999877929688,187.72000122070312,188.72000122070312,32955,0.0,0.0
2023-07-19 09:30:00-04:00,188.32000732421875,189.4499969482422,188.08999633789062,189.07000732421875,37852,0.0,0.0
2023-07-19 10:30:00-04:00,189.05999755859375,189.05999755859375,188.0,188.72999572753906,25389,0.0,0.0
2023-07-19 11:30:00-04:00,188.60159301757812,189.16000366210938,188.38999938964844,188.83999633789062,7388,0.0,0.0
2023-07-19 12:30:00-04:00,188.72999572753906,189.3300018310547,188.6116943359375,188.8800048828125,5635,0.0,0.0
2023-07-19 13:30:00-04:00,188.75,188.75,188.19000244140625,188.4149932861328,9139,0.0,0.0
2023-07-19 14:30:00-04:00,188.48500061035156,188.57000732421875,188.0,188.0,11826,0.0,0.0
2023-07-19 15:30:00-04:00,187.92999267578125,188.0850067138672,187.2100067138672,187.22000122070312,23355,0.0,0.0
2023-07-20 09:30:00-04:00,188.86000061035156,189.13999938964844,186.8800048828125,187.61000061035156,11458,0.0,0.0
2023-07-20 10:30:00-04:00,187.49000549316406,188.10000610351562,187.27999877929688,187.3699951171875,5217,0.0,0.0
2023-07-20 11:30:00-04:00,187.08999633789062,187.625,187.02999877929688,187.38999938964844,7162,0.0,0.0
2023-07-20 12:30:00-04:00,187.02499389648438,187.1300048828125,186.72000122070312,186.77000427246094,5841,0.0,0.0
2023-07-20 13:30:00-04:00,186.74000549316406,186.97000122070312,186.4499969482422,186.9550018310547,3951,0.0,0.0
2023-07-20 14:30:00-04:00,186.96499633789062,187.49000549316406,186.88499450683594,187.38999938964844,8751,0.0,0.0
2023-07-20 15:30:00-04:00,187.32000732421875,187.35000610351562,186.9600067138672,187.02000427246094,14246,0.0,0.0
2023-07-21 09:30:00-04:00,188.02000427246094,188.5800018310547,186.74000549316406,188.38499450683594,20857,0.0,0.0
2023-07-21 10:30:00-04:00,187.5500030517578,188.50999450683594,187.16000366210938,187.2100067138672,5431,0.0,0.0
2023-07-21 11:30:00-04:00,187.10000610351562,187.25,186.43310546875,186.64999389648438,5885,0.0,0.0
2023-07-21 12:30:00-04:00,186.6300048828125,187.41000366210938,186.6300048828125,187.0500030517578,9127,0.0,0.0
2023-07-21 13:30:00-04:00,187.05999755859375,187.19000244140625,187.05999755859375,187.0850067138672,3062,0.0,0.0
2023-07-21 14:30:00-04:00,186.6699981689453,186.72999572753906,185.94000244140625,186.00999450683594,4738,0.0,0.0
2023-07-21 15:30:00-04:00,186.19000244140625,186.22999572753906,185.22999572753906,185.41000366210938,9965,0.0,0.0
2023-07-24 09:30:00-04:00,186.32000732421875,187.07000732421875,185.7050018310547,185.7050018310547,4209,0.0,0.0
2023-07-24 10:30:00-04:00,185.64999389648438,185.64999389648438,184.66000366210938,184.91000366210938,3247,0.0,0.0
2023-07-24 11:30:00-04:00,185.41000366210938,186.63999938964844,185.24000549316406,186.63999938964844,20346,0.0,0.0
2023-07-24 12:30:00-04:00,186.9250030517578,187.44000244140625,186.6699981689453,186.91000366210938,22020,0.0,0.0
2023-07-24 13:30:00-04:00,187.0399932861328,187.0399932861328,186.42999267578125,186.47000122070312,9207,0.0,0.0
2023-07-24 14:30:00-04:00,186.4199981689453,186.52999877929688,186.10000610351562,186.52999877929688,12463,0.0,0.0
2023-07-24 15:30:00-04:00,186.60000610351562,187.60000610351562,186.60000610351562,187.47999572753906,15989,0.0,0.0
2023-07-25 09:30:00-04:00,186.44000244140625,190.25999450683594,186.44000244140625,189.8000030517578,28745,0.0,0.0
2023-07-25 10:30:00-04:00,189.88999938964844,189.88999938964844,187.89999389648438,187.9250030517578,14074,0.0,0.0
2023-07-25 11:30:00-04:00,188.0449981689453,188.52520751953125,187.6999969482422,188.24000549316406,10324,0.0,0.0
2023-07-25 12:30:00-04:00,188.02999877929688,188.80999755859375,188.02000427246094,188.72000122070312,8189,0.0,0.0
2023-07-25 13:30:00-04:00,188.6300048828125,189.64999389648438,188.6300048828125,189.64999389648438,11178,0.0,0.0
2023-07-25 14:30:00-04:00,189.8699951171875,189.89999389648438,188.1199951171875,188.34339904785156,13073,0.0,0.0
2023-07-25 15:30:00-04:00,188.1999969482422,188.6300048828125,188.0500030517578,188.43499755859375,23353,0.0,0.0
2023-07-26 09:30:00-04:00,188.0,190.38999938964844,188.0,188.25999450683594,8428,0.0,0.0
2023-07-26 10:30:00-04:00,188.02000427246094,188.2949981689453,187.0500030517578,187.1300048828125,7546,0.0,0.0
2023-07-26 11:30:00-04:00,186.91000366210938,187.3300018310547,186.64999389648438,187.2449951171875,5478,0.0,0.0
2023-07-26 12:30:00-04:00,187.1300048828125,187.64500427246094,187.00999450683594,187.3800048828125,4837,0.0,0.0
2023-07-26 13:30:00-04:00,187.1999969482422,187.4499969482422,186.5,186.97999572753906,10598,0.0,0.0
2023-07-26 14:30:00-04:00,187.0399932861328,188.10000610351562,186.5500030517578,186.94000244140625,13098,0.0,0.0
2023-07-26 15:30:00-04:00,186.89999389648438,187.23500061035156,186.5,186.85000610351562,21741,0.0,0.0
2023-07-27 09:30:00-04:00,186.47000122070312,186.47000122070312,184.86000061035156,185.3800048828125,13609,0.0,0.0
2023-07-27 10:30:00-04:00,185.5,186.2050018310547,184.7100067138672,184.89999389648438,10241,0.0,0.0
2023-07-27 11:30:00-04:00,184.8699951171875,185.25999450683594,183.92999267578125,185.25999450683594,14181,0.0,0.0
2023-07-27 12:30:00-04:00,185.19000244140625,185.3300018310547,184.6300048828125,184.6300048828125,9143,0.0,0.0
2023-07-27 13:30:00-04:00,184.5399932861328,185.30999755859375,183.9010009765625,183.9010009765625,9879,0.0,0.0
2023-07-27 14:30:00-04:00,183.5,183.75,183.3000030517578,183.3699951171875,9723,0.0,0.0
2023-07-27 15:30:00-04:00,183.55999755859375,184.38999938964844,183.4149932861328,184.36000061035156,18481,0.0,0.0
2023-07-28 09:30:00-04:00,185.60000610351562,186.6300048828125,184.60000610351562,184.66000366210938,5863,0.0,0.0
2023-07-28 10:30:00-04:00,184.67999267578125,184.86000061035156,184.52000427246094,184.72000122070312,4296,0.0,0.0
2023-07-28 11:30:00-04:00,184.38999938964844,184.6699981689453,183.9550018310547,184.25,6383,0.0,0.0
2023-07-28 12:30:00-04:00,184.19000244140625,184.19000244140625,183.52000427246094,183.58999633789062,3780,0.0,0.0
2023-07-28 13:30:00-04:00,183.22999572753906,183.72999572753906,182.91000366210938,183.60560607910156,6263,0.0,0.0
2023-07-28 14:30:00-04:00,183.4600067138672,183.88999938964844,183.39999389648438,183.5399932861328,6309,0.0,0.0
2023-07-28 15:30:00-04:00,183.6300048828125,184.10000610351562,183.3699951171875,184.02000427246094,20781,0.0,0.0
2023-07-31 09:30:00-04:00,184.2100067138672,184.97000122070312,184.10000610351562,184.97000122070312,4839,0.0,0.0
2023-07-31 10:30:00-04:00,184.72000122070312,184.8300018310547,184.17999267578125,184.8300018310547,6936,0.0,0.0
2023-07-31 11:30:00-04:00,184.88499450683594,185.55999755859375,184.85000610351562,185.30499267578125,5684,0.0,0.0
2023-07-31 12:30:00-04:00,185.0800018310547,185.60000610351562,184.85000610351562,185.50999450683594,7758,0.0,0.0
2023-07-31 13:30:00-04:00,185.71499633789062,185.71499633789062,185.1156005859375,185.6300048828125,2878,0.0,0.0
2023-07-31 14:30:00-04:00,185.9199981689453,186.13999938964844,185.75,185.75,3506,0.0,0.0
2023-07-31 15:30:00-04:00,185.6300048828125,186.5800018310547,185.6300048828125,186.5800018310547,13057,0.0,0.0
2023-08-01 09:30:00-04:00,185.66000366210938,187.0399932861328,184.92999267578125,186.80499267578125,8295,0.0,0.0
2023-08-01 10:30:00-04:00,186.7100067138672,186.7100067138672,185.38999938964844,185.94000244140625,7714,0.0,0.0
2023-08-01 11:30:00-04:00,185.91000366210938,186.18499755859375,185.36000061035156,186.18499755859375,6452,0.0,0.0
2023-08-01 12:30:00-04:00,186.1999969482422,186.1999969482422,185.69500732421875,186.0,14147,0.0,0.0
2023-08-01 13:30:00-04:00,186.02999877929688,186.13999938964844,185.77000427246094,186.0399932861328,16646,0.0,0.0
2023-08-01 14:30:00-04:00,186.0399932861328,186.08729553222656,185.9199981689453,185.98500061035156,14160,0.0,0.0
2023-08-01 15:30:00-04:00,185.98500061035156,186.47000122070312,185.89500427246094,186.47000122070312,29435,0.0,0.0
2023-08-02 09:30:00-04:00,184.6999969482422,186.07000732421875,183.9499969482422,184.93499755859375,9366,0.0,0.0
2023-08-02 10:30:00-04:00,184.94500732421875,185.1300048828125,184.86000061035156,185.1300048828125,2224,0.0,0.0
2023-08-02 11:30:00-04:00,185.38999938964844,185.57000732421875,184.75999450683594,184.75999450683594,4105,0.0,0.0
2023-08-02 12:30:00-04:00,185.10000610351562,185.86000061035156,185.0950927734375,185.85000610351562,4935,0.0,0.0
2023-08-02 13:30:00-04:00,185.9600067138672,186.8800048828125,185.7899932861328,186.44000244140625,16184,0.0,0.0
2023-08-02 14:30:00-04:00,186.53500366210938,187.9199981689453,186.53500366210938,186.83999633789062,28196,0.0,0.0
2023-08-02 15:30:00-04:00,186.91000366210938,187.82000732421875,186.67999267578125,187.8000030517578,46625,0.0,0.0
2023-08-03 09:30:00-04:00,185.86000061035156,190.52000427246094,185.86000061035156,189.82000732421875,18868,0.0,0.0
2023-08-03 10:30:00-04:00,189.41000366210938,189.41000366210938,184.26499938964844,185.3699951171875,17566,0.0,0.0
2023-08-03 11:30:00-04:00,185.24000549316406,185.9199981689453,184.3300018310547,185.4949951171875,10898,0.0,0.0
2023-08-03 12:30:00-04:00,185.55999755859375,185.72999572753906,184.55999755859375,185.2899932861328,13431,0.0,0.0
2023-08-03 13:30:00-04:00,185.2899932861328,187.10499572753906,185.2899932861328,186.9149932861328,17413,0.0,0.0
2023-08-03 14:30:00-04:00,187.14999389648438,187.7949981689453,186.6300048828125,187.7949981689453,20642,0.0,0.0
2023-08-03 15:30:00-04:00,187.80999755859375,188.52000427246094,187.5,187.6699981689453,29922,0.0,0.0
2023-08-04 09:30:00-04:00,188.86000061035156,189.30999755859375,186.4600067138672,188.75,12316,0.0,0.0
2023-08-04 10:30:00-04:00,189.25,190.98500061035156,189.13999938964844,190.98500061035156,11699,0.0,0.0
2023-08-04 11:30:00-04:00,190.5449981689453,191.61000061035156,190.52999877929688,191.60000610351562,12668,0.0,0.0
2023-08-04 12:30:00-04:00,191.85499572753906,192.1999969482422,191.22000122070312,191.7445068359375,7838,0.0,0.0
2023-08-04 13:30:00-04:00,191.73500061035156,192.1699981689453,189.37249755859375,189.37249755859375,12231,0.0,0.0
2023-08-04 14:30:00-04:00,189.47000122070312,189.47000122070312,188.80020141601562,188.99000549316406,10055,0.0,0.0
2023-08-04 15:30:00-04:00,189.1699981689453,190.3699951171875,189.08999633789062,190.32000732421875,30885,0.0,0.0
2023-08-07 09:30:00-04:00,190.82000732421875,191.8000030517578,189.99000549316406,191.39500427246094,11550,0.0,0.0
2023-08-07 10:30:00-04:00,191.19000244140625,192.27000427246094,190.9250030517578,192.0500030517578,18707,0.0,0.0
2023-08-07 11:30:00-04:00,192.30999755859375,192.9250030517578,191.22999572753906,191.8699951171875,18719,0.0,0.0
2023-08-07 12:30:00-04:00,191.30430603027344,191.9600067138672,191.13999938964844,191.7100067138672,6210,0.0,0.0
2023-08-07 13:30:00-04:00,191.52499389648438,192.2899932861328,191.19000244140625,191.92999267578125,7712,0.0,0.0
2023-08-07 14:30:00-04:00,191.86500549316406,191.92999267578125,191.08999633789062,191.18099975585938,7620,0.0,0.0
2023-08-07 15:30:00-04:00,191.44000244140625,192.57000732421875,191.44000244140625,191.9199981689453,25515,0.0,0.0
2023-08-08 09:30:00-04:00,190.27999877929688,190.27999877929688,185.27999877929688,186.77999877929688,9761,0.0,0.0
2023-08-08 10:30:00-04:00,186.67999267578125,186.92999267578125,185.89999389648438,186.4499969482422,6623,0.0,0.0
2023-08-08 11:30:00-04:00,186.3300018310547,187.06500244140625,186.2949981689453,187.06500244140625,7300,0.0,0.0
2023-08-08 12:30:00-04:00,187.3300018310547,188.14999389648438,187.0500030517578,187.99000549316406,4733,0.0,0.0
2023-08-08 13:30:00-04:00,188.05999755859375,188.39999389648438,187.72000122070312,188.39999389648438,4366,0.0,0.0
2023-08-08 14:30:00-04:00,188.2666015625,189.64500427246094,188.2100067138672,189.61000061035156,7569,0.0,0.0
2023-08-08 15:30:00-04:00,189.7899932861328,190.42999267578125,189.60000610351562,190.42999267578125,27442,0.0,0.0
2023-08-09 09:30:00-04:00,190.91000366210938,190.91000366210938,188.4199981689453,188.94349670410156,5382,0.0,0.0
2023-08-09 10:30:00-04:00,189.02999877929688,189.4199981689453,188.4199981689453,189.05999755859375,7767,0.0,0.0
2023-08-09 11:30:00-04:00,188.82000732421875,189.16000366210938,187.13479614257812,188.39999389648438,5748,0.0,0.0
2023-08-09 12:30:00-04:00,188.44000244140625,189.3699951171875,188.32000732421875,189.36000061035156,4883,0.0,0.0
2023-08-09 13:30:00-04:00,189.3699951171875,189.9199981689453,189.17999267578125,189.77999877929688,4400,0.0,0.0
2023-08-09 14:30:00-04:00,189.9149932861328,189.9149932861328,189.02000427246094,189.77999877929688,6938,0.0,0.0
2023-08-09 15:30:00-04:00,189.74000549316406,189.7899932861328,188.58999633789062,188.8800048828125,18089,0.0,0.0
2023-08-10 09:30:00-04:00,189.9600067138672,190.94000244140625,189.9600067138672,190.3249969482422,3947,0.0,0.0
2023-08-10 10:30:00-04:00,189.47999572753906,189.6999969482422,189.09500122070312,189.09500122070312,1694,0.0,0.0
2023-08-10 11:30:00-04:00,189.52000427246094,189.7100067138672,187.94000244140625,187.94000244140625,10478,0.0,0.0
2023-08-10 12:30:00-04:00,188.1199951171875,188.13999938964844,187.27999877929688,187.97000122070312,5346,0.0,0.0
2023-08-10 13:30:00-04:00,187.55999755859375,187.55999755859375,187.55999755859375,187.55999755859375,1588,0.0,0.0
2023-08-10 14:30:00-04:00,188.14999389648438,188.64999389648438,188.14999389648438,188.3800048828125,2871,0.0,0.0
2023-08-10 15:30:00-04:00,187.85000610351562,188.27000427246094,187.8300018310547,188.02999877929688,10123,0.0,0.0
2023-08-11 09:30:00-04:00,187.89999389648438,189.24000549316406,187.36000061035156,188.92999267578125,3124,0.0,0.0
2023-08-11 10:30:00-04:00,188.6300048828125,189.7698974609375,188.60000610351562,189.17999267578125,6269,0.0,0.0
2023-08-11 11:30:00-04:00,188.94000244140625,189.4199981689453,188.58250427246094,189.3000030517578,2809,0.0,0.0
2023-08-11 12:30:00-04:00,188.74000549316406,189.38999938964844,188.4499969482422,189.10000610351562,7035,0.0,0.0
2023-08-11 13:30:00-04:00,188.92999267578125,188.92999267578125,188.07000732421875,188.27000427246094,5758,0.0,0.0
2023-08-11 14:30:00-04:00,188.47999572753906,188.64999389648438,187.6699981689453,187.6999969482422,13106,0.0,0.0
2023-08-11 15:30:00-04:00,187.47500610351562,188.2100067138672,187.0,188.1699981689453,20957,0.0,0.0
2023-08-14 09:30:00-04:00,187.8300018310547,188.6999969482422,186.13999938964844,188.22000122070312,5971,0.0,0.0
2023-08-14 10:30:00-04:00,188.10000610351562,188.10000610351562,187.99000549316406,188.09500122070312,2162,0.0,0.0
2023-08-14 11:30:00-04:00,187.86000061035156,188.83999633789062,187.86000061035156,188.30999755859375,5469,0.0,0.0
2023-08-14 12:30:00-04:00,188.53500366210938,188.75999450683594,188.53500366210938,188.6999969482422,2751,0.0,0.0
2023-08-14 13:30:00-04:00,188.36000061035156,188.4199981689453,187.9199981689453,188.07000732421875,3951,0.0,0.0
2023-08-14 14:30:00-04:00,187.35000610351562,187.9199981689453,187.35000610351562,187.8800048828125,6467,0.0,0.0
2023-08-14 15:30:00-04:00,187.8300018310547,188.69000244140625,187.8300018310547,188.6699981689453,19731,0.0,0.0
2023-08-15 09:30:00-04:00,187.89999389648438,188.42999267578125,187.8699951171875,188.42999267578125,4188,0.0,0.0
2023-08-15 10:30:00-04:00,187.5399932861328,187.63999938964844,186.55999755859375,186.69500732421875,4758,0.0,0.0
2023-08-15 11:30:00-04:00,186.39999389648438,187.19000244140625,186.34500122070312,186.58999633789062,3198,0.0,0.0
2023-08-15 12:30:00-04:00,186.47999572753906,187.02000427246094,186.47999572753906,187.02000427246094,1633,0.0,0.0
2023-08-15 13:30:00-04:00,187.1999969482422,187.86000061035156,187.17999267578125,187.60499572753906,5924,0.0,0.0
2023-08-15 14:30:00-04:00,187.75999450683594,188.54600524902344,187.72999572753906,188.15750122070312,14315,0.0,0.0
2023-08-15 15:30:00-04:00,188.0800018310547,188.10000610351562,187.83999633789062,187.89999389648438,10941,0.0,0.0
2023-08-16 09:30:00-04:00,188.02999877929688,189.33999633789062,188.02999877929688,188.6300048828125,6823,0.0,0.0
2023-08-16 10:30:00-04:00,188.42999267578125,188.44500732421875,188.25,188.25,2200,0.0,0.0
2023-08-16 11:30:00-04:00,188.27000427246094,188.5399932861328,188.17999267578125,188.21749877929688,6169,0.0,0.0
2023-08-16 12:30:00-04:00,188.4499969482422,188.4499969482422,188.1699981689453,188.25,8948,0.0,0.0
2023-08-16 13:30:00-04:00,187.8000030517578,188.41000366210938,187.63999938964844,188.41000366210938,4255,0.0,0.0
2023-08-16 14:30:00-04:00,187.8249969482422,187.8699951171875,187.32000732421875,187.3300018310547,6759,0.0,0.0
2023-08-16 15:30:00-04:00,187.21499633789062,187.55670166015625,187.14999389648438,187.4499969482422,12892,0.0,0.0
2023-08-17 09:30:00-04:00,187.27999877929688,188.44000244140625,186.4600067138672,188.44000244140625,2986,0.0,0.0
2023-08-17 10:30:00-04:00,187.0050048828125,187.0050048828125,185.88999938964844,186.38999938964844,3408,0.0,0.0
2023-08-17 11:30:00-04:00,186.61000061035156,186.61000061035156,186.36000061035156,186.36000061035156,2920,0.0,0.0
2023-08-17 12:30:00-04:00,185.9600067138672,186.42999267578125,185.8000030517578,185.8000030517578,2806,0.0,0.0
2023-08-17 13:30:00-04:00,185.02999877929688,185.02999877929688,184.42999267578125,184.6199951171875,3736,0.0,0.0
2023-08-17 14:30:00-04:00,184.47999572753906,184.47999572753906,183.4499969482422,183.4499969482422,4245,0.0,0.0
2023-08-17 15:30:00-04:00,183.47999572753906,183.67999267578125,183.14999389648438,183.14999389648438,18546,0.0,0.0
2023-08-18 09:30:00-04:00,182.8000030517578,183.82000732421875,182.02000427246094,183.10000610351562,14818,0.0,0.0
2023-08-18 10:30:00-04:00,183.5196075439453,183.5399932861328,182.9250030517578,183.27999877929688,3675,0.0,0.0
2023-08-18 11:30:00-04:00,183.02499389648438,183.35499572753906,182.08999633789062,182.19000244140625,4851,0.0,0.0
2023-08-18 12:30:00-04:00,182.35000610351562,182.7100067138672,182.24000549316406,182.24000549316406,4144,0.0,0.0
2023-08-18 13:30:00-04:00,182.39320373535156,183.33999633789062,182.39320373535156,183.02000427246094,3084,0.0,0.0
2023-08-18 14:30:00-04:00,182.75,183.5500030517578,182.74000549316406,183.0,6885,0.0,0.0
2023-08-18 15:30:00-04:00,182.7100067138672,183.61000061035156,182.5399932861328,182.75999450683594,13558,0.0,0.0
2023-08-21 09:30:00-04:00,182.9499969482422,182.9499969482422,182.00999450683594,182.35000610351562,2275,0.0,0.0
2023-08-21 10:30:00-04:00,182.17999267578125,183.1699981689453,182.17999267578125,182.72999572753906,3348,0.0,0.0
2023-08-21 11:30:00-04:00,182.53500366210938,182.53500366210938,181.75,182.00999450683594,2768,0.0,0.0
2023-08-21 12:30:00-04:00,182.2899932861328,183.00999450683594,182.1699981689453,182.72999572753906,2925,0.0,0.0
2023-08-21 13:30:00-04:00,183.0500030517578,183.35000610351562,182.86000061035156,182.89999389648438,3736,0.0,0.0
2023-08-21 14:30:00-04:00,183.13999938964844,183.82000732421875,183.13999938964844,183.64999389648438,6122,0.0,0.0
2023-08-21 15:30:00-04:00,183.92739868164062,184.36000061035156,183.33999633789062,183.5399932861328,13980,0.0,0.0
2023-08-22 09:30:00-04:00,184.22999572753906,184.22999572753906,181.6699981689453,183.0126953125,4501,0.0,0.0
2023-08-22 10:30:00-04:00,182.60499572753906,182.80999755859375,182.08999633789062,182.2050018310547,3185,0.0,0.0
2023-08-22 11:30:00-04:00,181.97999572753906,182.3699951171875,181.8300018310547,181.8300018310547,3659,0.0,0.0
2023-08-22 12:30:00-04:00,181.77999877929688,182.44000244140625,181.77000427246094,182.0850067138672,5356,0.0,0.0
2023-08-22 13:30:00-04:00,182.1199951171875,183.00999450683594,181.92579650878906,183.00999450683594,3435,0.0,0.0
2023-08-22 14:30:00-04:00,182.6999969482422,183.27000427246094,182.5,182.75,4390,0.0,0.0
2023-08-22 15:30:00-04:00,182.67999267578125,182.67999267578125,182.1699981689453,182.2899932861328,7839,0.0,0.0
2023-08-23 09:30:00-04:00,183.07000732421875,184.43499755859375,181.07000732421875,183.94500732421875,4134,0.0,0.0
2023-08-23 10:30:00-04:00,183.66000366210938,183.91000366210938,183.5399932861328,183.91000366210938,3895,0.0,0.0
2023-08-23 11:30:00-04:00,184.39999389648438,184.4199981689453,183.74000549316406,183.74000549316406,4583,0.0,0.0
2023-08-23 12:30:00-04:00,183.80999755859375,184.42999267578125,183.7899932861328,184.41000366210938,6480,0.0,0.0
2023-08-23 13:30:00-04:00,184.74000549316406,184.92999267578125,184.69000244140625,184.92999267578125,3846,0.0,0.0
2023-08-23 14:30:00-04:00,185.07000732421875,185.16000366210938,184.8800048828125,185.0399932861328,3315,0.0,0.0
2023-08-23 15:30:00-04:00,185.11000061035156,185.11000061035156,184.3249969482422,184.83999633789062,11270,0.0,0.0
2023-08-24 09:30:00-04:00,183.13999938964844,185.2899932861328,183.13999938964844,184.3699951171875,9895,0.0,0.0
2023-08-24 10:30:00-04:00,184.22999572753906,184.2449951171875,182.9600067138672,183.03500366210938,6500,0.0,0.0
2023-08-24 11:30:00-04:00,182.66000366210938,182.99000549316406,181.99000549316406,182.27999877929688,12033,0.0,0.0
2023-08-24 12:30:00-04:00,182.4199981689453,182.5399932861328,181.74000549316406,182.02000427246094,6107,0.0,0.0
2023-08-24 13:30:00-04:00,182.2100067138672,182.3300018310547,181.9949951171875,182.27999877929688,4480,0.0,0.0
2023-08-24 14:30:00-04:00,182.25,182.47999572753906,182.24000549316406,182.25,5278,0.0,0.0
2023-08-24 15:30:00-04:00,182.1300048828125,182.1300048828125,180.67999267578125,180.88999938964844,24627,0.0,0.0
2023-08-25 09:30:00-04:00,182.0,183.3699951171875,181.4593963623047,182.05999755859375,5365,0.0,0.0
2023-08-25 10:30:00-04:00,181.7449951171875,181.9199981689453,180.85499572753906,181.47999572753906,7408,0.0,0.0
2023-08-25 11:30:00-04:00,181.82000732421875,182.35499572753906,181.67999267578125,182.35499572753906,4768,0.0,0.0
2023-08-25 12:30:00-04:00,182.4499969482422,182.9499969482422,182.1699981689453,182.8300018310547,5320,0.0,0.0
2023-08-25 13:30:00-04:00,182.7100067138672,183.57000732421875,182.1300048828125,183.57000732421875,5944,0.0,0.0
2023-08-25 14:30:00-04:00,183.4600067138672,183.8350067138672,182.72000122070312,183.625,9528,0.0,0.0
2023-08-25 15:30:00-04:00,183.7949981689453,183.89500427246094,182.97999572753906,183.25,13959,0.0,0.0
2023-08-28 09:30:00-04:00,183.47999572753906,185.38999938964844,183.22959899902344,185.38999938964844,2610,0.0,0.0
2023-08-28 10:30:00-04:00,186.07000732421875,186.4499969482422,185.72999572753906,185.97000122070312,4336,0.0,0.0
2023-08-28 11:30:00-04:00,186.13499450683594,186.8800048828125,186.10769653320312,186.10769653320312,4448,0.0,0.0
2023-08-28 12:30:00-04:00,186.5,186.6999969482422,186.17999267578125,186.38999938964844,4412,0.0,0.0
2023-08-28 13:30:00-04:00,186.5399932861328,186.5399932861328,185.54229736328125,185.85000610351562,3833,0.0,0.0
2023-08-28 14:30:00-04:00,185.78500366210938,186.00999450683594,185.52000427246094,185.52000427246094,4005,0.0,0.0
2023-08-28 15:30:00-04:00,185.55999755859375,186.05999755859375,185.3699951171875,185.99000549316406,13342,0.0,0.0
2023-08-29 09:30:00-04:00,185.5500030517578,185.74000549316406,184.71499633789062,184.71499633789062,0,0.0,0.0
2023-08-29 10:30:00-04:00,185.80999755859375,186.90499877929688,185.80999755859375,186.88999938964844,2275,0.0,0.0
2023-08-29 11:30:00-04:00,186.92999267578125,187.89999389648438,186.92999267578125,187.66000366210938,7870,0.0,0.0
2023-08-29 12:30:00-04:00,187.05999755859375,187.86500549316406,186.90499877929688,187.61500549316406,2949,0.0,0.0
2023-08-29 13:30:00-04:00,187.75,187.9499969482422,187.60000610351562,187.72000122070312,4645,0.0,0.0
2023-08-29 14:30:00-04:00,187.61500549316406,187.94000244140625,187.30499267578125,187.94000244140625,3697,0.0,0.0
2023-08-29 15:30:00-04:00,188.06500244140625,188.06500244140625,187.8300018310547,187.99000549316406,5382,0.0,0.0
2023-08-30 09:30:00-04:00,188.97999572753906,191.0,188.97999572753906,189.5529022216797,4715,0.0,0.0
2023-08-30 10:30:00-04:00,189.34500122070312,189.8800048828125,189.34500122070312,189.76710510253906,3202,0.0,0.0
2023-08-30 11:30:00-04:00,189.875,189.875,189.05999755859375,189.22999572753906,6622,0.0,0.0
2023-08-30 12:30:00-04:00,189.11000061035156,189.4199981689453,188.86500549316406,188.86500549316406,3063,0.0,0.0
2023-08-30 13:30:00-04:00,188.7100067138672,189.27499389648438,188.7100067138672,189.0330047607422,3378,0.0,0.0
2023-08-30 14:30:00-04:00,188.7949981689453,189.6199951171875,188.7949981689453,189.27999877929688,4655,0.0,0.0
2023-08-30 15:30:00-04:00,189.17999267578125,189.65199279785156,189.0399932861328,189.52000427246094,11689,0.0,0.0
2023-08-31 09:30:00-04:00,190.27000427246094,192.9199981689453,189.52000427246094,191.0,7571,0.0,0.0
2023-08-31 10:30:00-04:00,191.44000244140625,192.1699981689453,191.22000122070312,191.22999572753906,7011,0.0,0.0
2023-08-31 11:30:00-04:00,191.22000122070312,191.5,190.02999877929688,190.22999572753906,10594,0.0,0.0
2023-08-31 12:30:00-04:00,190.14999389648438,190.3699951171875,189.3000030517578,189.8000030517578,11143,0.0,0.0
2023-08-31 13:30:00-04:00,189.89500427246094,189.89500427246094,189.02499389648438,189.125,13272,0.0,0.0
2023-08-31 14:30:00-04:00,188.8350067138672,189.25999450683594,188.6699981689453,189.05499267578125,12282,0.0,0.0
2023-08-31 15:30:00-04:00,188.97500610351562,189.5050048828125,188.25,188.67999267578125,47747,0.0,0.0
2023-09-01 09:30:00-04:00,190.0,190.0,187.58999633789062,189.31500244140625,10128,0.0,0.0
2023-09-01 10:30:00-04:00,189.0334930419922,189.09759521484375,187.89999389648438,188.6699981689453,10362,0.0,0.0
2023-09-01 11:30:00-04:00,188.16000366210938,188.53500366210938,187.50999450683594,188.1300048828125,4360,0.0,0.0
2023-09-01 12:30:00-04:00,188.0,188.59500122070312,187.54409790039062,188.40499877929688,10739,0.0,0.0
2023-09-01 13:30:00-04:00,188.25999450683594,188.55999755859375,187.3800048828125,187.3800048828125,6591,0.0,0.0
2023-09-01 14:30:00-04:00,188.03500366210938,188.3300018310547,187.58999633789062,187.99000549316406,11920,0.0,0.0
2023-09-01 15:30:00-04:00,187.88999938964844,188.61000061035156,187.4600067138672,188.25,25112,0.0,0.0
2023-09-05 09:30:00-04:00,187.0,187.0,178.08999633789062,180.58749389648438,22452,0.0,0.0
2023-09-05 10:30:00-04:00,179.9499969482422,183.4698944091797,179.9499969482422,183.4698944091797,4984,0.0,0.0
2023-09-05 11:30:00-04:00,183.07000732421875,184.08999633789062,183.05999755859375,183.8000030517578,13625,0.0,0.0
2023-09-05 12:30:00-04:00,184.14999389648438,184.14999389648438,181.91000366210938,182.1999969482422,4535,0.0,0.0
2023-09-05 13:30:00-04:00,182.0,182.67990112304688,181.94000244140625,182.2949981689453,7247,0.0,0.0
2023-09-05 14:30:00-04:00,182.49000549316406,182.49000549316406,181.36500549316406,181.75,9483,0.0,0.0
2023-09-05 15:30:00-04:00,181.9600067138672,183.10000610351562,181.9600067138672,182.5800018310547,19908,0.0,0.0
2023-09-06 09:30:00-04:00,181.83999633789062,183.80999755859375,181.83999633789062,183.61000061035156,5688,0.0,0.0
2023-09-06 10:30:00-04:00,183.9499969482422,184.35000610351562,182.25999450683594,183.0500030517578,5705,0.0,0.0
2023-09-06 11:30:00-04:00,182.3699951171875,182.9600067138672,182.0,182.8000030517578,11950,0.0,0.0
2023-09-06 12:30:00-04:00,182.97000122070312,183.6300048828125,182.6699981689453,183.5800018310547,8440,0.0,0.0
2023-09-06 13:30:00-04:00,183.9199981689453,184.08999633789062,183.74000549316406,184.0,7314,0.0,0.0
2023-09-06 14:30:00-04:00,183.97999572753906,184.02000427246094,183.47000122070312,183.6999969482422,8253,0.0,0.0
2023-09-06 15:30:00-04:00,183.6999969482422,184.0800018310547,183.64999389648438,183.89999389648438,18056,0.0,0.0
2023-09-07 09:30:00-04:00,182.97999572753906,183.3000030517578,179.2100067138672,179.57000732421875,7595,0.0,0.0
2023-09-07 10:30:00-04:00,180.1649932861328,180.44000244140625,179.58839416503906,180.25,4208,0.0,0.0
2023-09-07 11:30:00-04:00,180.1999969482422,180.25,179.32000732421875,180.22999572753906,5224,0.0,0.0
2023-09-07 12:30:00-04:00,180.30999755859375,180.5,179.80499267578125,180.07000732421875,2749,0.0,0.0
2023-09-07 13:30:00-04:00,179.9600067138672,180.19000244140625,179.8249969482422,179.8699951171875,6646,0.0,0.0
2023-09-07 14:30:00-04:00,179.61000061035156,180.1699981689453,179.5399932861328,180.13999938964844,3979,0.0,0.0
2023-09-07 15:30:00-04:00,179.80999755859375,181.02999877929688,179.7100067138672,181.0,16571,0.0,0.0
2023-09-08 09:30:00-04:00,181.42999267578125,181.42999267578125,179.2100067138672,179.73699951171875,3032,0.0,0.0
2023-09-08 10:30:00-04:00,179.72000122070312,181.10000610351562,179.72000122070312,181.10000610351562,2867,0.0,0.0
2023-09-08 11:30:00-04:00,181.11990356445312,181.89999389648438,180.86500549316406,181.89999389648438,9169,0.0,0.0
2023-09-08 12:30:00-04:00,181.19590759277344,181.19590759277344,180.6300048828125,180.6300048828125,5317,0.0,0.0
2023-09-08 13:30:00-04:00,180.22000122070312,180.64999389648438,180.22000122070312,180.3699951171875,2015,0.0,0.0
2023-09-08 14:30:00-04:00,180.25,180.82000732421875,180.1199951171875,180.2899932861328,6134,0.0,0.0
2023-09-08 15:30:00-04:00,180.19000244140625,180.7899932861328,179.99000549316406,180.1999969482422,16476,0.0,0.0
2023-09-11 09:30:00-04:00,181.2100067138672,181.2100067138672,179.24000549316406,180.35000610351562,8658,0.0,0.0
2023-09-11 10:30:00-04:00,179.57000732421875,179.72000122070312,177.72000122070312,178.02999877929688,5858,0.0,0.0
2023-09-11 11:30:00-04:00,178.0399932861328,178.7100067138672,177.69500732421875,178.52999877929688,9087,0.0,0.0
2023-09-11 12:30:00-04:00,178.80999755859375,178.80999755859375,178.22000122070312,178.77499389648438,5427,0.0,0.0
2023-09-11 13:30:00-04:00,178.75999450683594,178.75999450683594,178.19000244140625,178.36000061035156,7837,0.0,0.0
2023-09-11 14:30:00-04:00,178.33999633789062,178.80999755859375,177.75,177.80999755859375,17306,0.0,0.0
2023-09-11 15:30:00-04:00,177.9499969482422,178.5800018310547,177.72999572753906,178.57000732421875,42812,0.0,0.0
2023-09-12 09:30:00-04:00,178.4499969482422,178.94000244140625,178.4499969482422,178.63499450683594,3623,0.0,0.0
2023-09-12 10:30:00-04:00,178.83999633789062,178.83999633789062,177.57000732421875,178.4600067138672,6703,0.0,0.0
2023-09-12 11:30:00-04:00,178.6649932861328,178.6649932861328,177.97000122070312,177.97000122070312,7105,0.0,0.0
2023-09-12 12:30:00-04:00,178.02499389648438,178.02499389648438,177.60000610351562,177.60000610351562,4269,0.0,0.0
2023-09-12 13:30:00-04:00,177.5,178.0,177.47000122070312,177.6699981689453,5660,0.0,0.0
2023-09-12 14:30:00-04:00,177.5,177.5,176.75,177.02999877929688,8078,0.0,0.0
2023-09-12 15:30:00-04:00,176.99000549316406,177.6699981689453,176.6199951171875,177.6699981689453,19724,0.0,0.0
2023-09-13 09:30:00-04:00,177.39999389648438,177.49000549316406,174.84500122070312,175.72999572753906,0,0.0,0.0
2023-09-13 10:30:00-04:00,175.97000122070312,176.3300018310547,175.9600067138672,176.1699981689453,6924,0.0,0.0
2023-09-13 11:30:00-04:00,176.22000122070312,176.32000732421875,175.97999572753906,176.27000427246094,7967,0.0,0.0
2023-09-13 12:30:00-04:00,176.89999389648438,176.89999389648438,176.52000427246094,176.52000427246094,4367,0.0,0.0
2023-09-13 13:30:00-04:00,176.4199981689453,176.6699981689453,176.2050018310547,176.2050018310547,5710,0.0,0.0
2023-09-13 14:30:00-04:00,176.02999877929688,176.6699981689453,175.72999572753906,175.83999633789062,15614,0.0,0.0
2023-09-13 15:30:00-04:00,176.1300048828125,176.97000122070312,176.06500244140625,176.6300048828125,25699,0.0,0.0
2023-09-14 09:30:00-04:00,178.02000427246094,179.38999938964844,177.74000549316406,178.52000427246094,6725,0.0,0.0
2023-09-14 10:30:00-04:00,178.11000061035156,179.57000732421875,178.11000061035156,178.72500610351562,6066,0.0,0.0
2023-09-14 11:30:00-04:00,178.03500366210938,179.0800018310547,177.3699951171875,179.0800018310547,9568,0.0,0.0
2023-09-14 12:30:00-04:00,179.0800018310547,179.61000061035156,178.5800018310547,179.40499877929688,10168,0.0,0.0
2023-09-14 13:30:00-04:00,179.82699584960938,180.1999969482422,179.4149932861328,180.1999969482422,9818,0.0,0.0
2023-09-14 14:30:00-04:00,180.16700744628906,180.94000244140625,180.02999877929688,180.74000549316406,13323,0.0,0.0
2023-09-14 15:30:00-04:00,180.39999389648438,181.47999572753906,180.22999572753906,181.4499969482422,56066,0.0,0.0
2023-09-15 09:30:00-04:00,181.1199951171875,181.1199951171875,179.85000610351562,180.42999267578125,42008,0.0,0.0
2023-09-15 10:30:00-04:00,180.44500732421875,180.4499969482422,178.3000030517578,178.33999633789062,8176,0.0,0.0
2023-09-15 11:30:00-04:00,178.3300018310547,179.5500030517578,178.3300018310547,178.9199981689453,7897,0.0,0.0
2023-09-15 12:30:00-04:00,178.86000061035156,178.9600067138672,178.07000732421875,178.07000732421875,7851,0.0,0.0
2023-09-15 13:30:00-04:00,178.13999938964844,178.3350067138672,177.50999450683594,177.86500549316406,8387,0.0,0.0
2023-09-15 14:30:00-04:00,178.0800018310547,178.10499572753906,177.47999572753906,177.50999450683594,12677,0.0,0.0
2023-09-15 15:30:00-04:00,177.41000366210938,178.4199981689453,176.97000122070312,178.1999969482422,23919,0.0,0.0
2023-09-18 09:30:00-04:00,178.27999877929688,180.32000732421875,177.77000427246094,180.32000732421875,7354,0.0,0.0
2023-09-18 10:30:00-04:00,180.65499877929688,180.77000427246094,179.94000244140625,179.94000244140625,4477,0.0,0.0
2023-09-18 11:30:00-04:00,180.2675018310547,180.2675018310547,178.86000061035156,179.52999877929688,10341,0.0,0.0
2023-09-18 12:30:00-04:00,179.7100067138672,179.72500610351562,179.3000030517578,179.72500610351562,5623,0.0,0.0
2023-09-18 13:30:00-04:00,179.7100067138672,179.79750061035156,179.0,179.0,10679,0.0,0.0
2023-09-18 14:30:00-04:00,178.7899932861328,179.30499267578125,178.7050018310547,179.08999633789062,9274,0.0,0.0
2023-09-18 15:30:00-04:00,179.1199951171875,179.2100067138672,177.9600067138672,177.97000122070312,30481,0.0,0.0
2023-09-19 09:30:00-04:00,178.0,178.16000366210938,177.36000061035156,178.16000366210938,4161,0.0,0.0
2023-09-19 10:30:00-04:00,177.58999633789062,177.58999633789062,176.6300048828125,176.99000549316406,4085,0.0,0.0
2023-09-19 11:30:00-04:00,177.3300018310547,177.3300018310547,176.34500122070312,176.58999633789062,5866,0.0,0.0
2023-09-19 12:30:00-04:00,176.4499969482422,176.5500030517578,175.72000122070312,176.5500030517578,6333,0.0,0.0
2023-09-19 13:30:00-04:00,176.39779663085938,177.47000122070312,176.39779663085938,177.09500122070312,4227,0.0,0.0
2023-09-19 14:30:00-04:00,177.3800048828125,177.65499877929688,177.0500030517578,177.5500030517578,6673,0.0,0.0
2023-09-19 15:30:00-04:00,177.65499877929688,177.69000244140625,176.77999877929688,176.92999267578125,26958,0.0,0.0
2023-09-20 09:30:00-04:00,177.5399932861328,179.5,177.5399932861328,178.7100067138672,7851,0.0,0.0
2023-09-20 10:30:00-04:00,177.61000061035156,179.27499389648438,177.52999877929688,178.9199981689453,6100,0.0,0.0
2023-09-20 11:30:00-04:00,179.0399932861328,179.0399932861328,178.0399932861328,178.3699951171875,3109,0.0,0.0
2023-09-20 12:30:00-04:00,178.68499755859375,178.68499755859375,177.0800018310547,177.0800018310547,15170,0.0,0.0
2023-09-20 13:30:00-04:00,177.47000122070312,177.47000122070312,176.83999633789062,177.17999267578125,3515,0.0,0.0
2023-09-20 14:30:00-04:00,177.15499877929688,178.0,176.19000244140625,177.11000061035156,9056,0.0,0.0
2023-09-20 15:30:00-04:00,176.9949951171875,176.9949951171875,176.25,176.36000061035156,26630,0.0,0.0
2023-09-21 09:30:00-04:00,175.17999267578125,176.22000122070312,173.14999389648438,175.72000122070312,12237,0.0,0.0
2023-09-21 10:30:00-04:00,175.42999267578125,175.8800048828125,175.28500366210938,175.58999633789062,5192,0.0,0.0
2023-09-21 11:30:00-04:00,175.77999877929688,176.5399932861328,175.67999267578125,176.3000030517578,8782,0.0,0.0
2023-09-21 12:30:00-04:00,176.42999267578125,176.52999877929688,175.68499755859375,176.52999877929688,6331,0.0,0.0
2023-09-21 13:30:00-04:00,176.35499572753906,176.35499572753906,175.85000610351562,175.85000610351562,8308,0.0,0.0
2023-09-21 14:30:00-04:00,175.66000366210938,176.27999877929688,175.24000549316406,175.24000549316406,14192,0.0,0.0
2023-09-21 15:30:00-04:00,175.39999389648438,175.39999389648438,174.3000030517578,174.3000030517578,26820,0.0,0.0
2023-09-22 09:30:00-04:00,173.6699981689453,174.39500427246094,172.77999877929688,173.78500366210938,7902,0.0,0.0
2023-09-22 10:30:00-04:00,174.05999755859375,174.05999755859375,173.0225067138672,173.0225067138672,4226,0.0,0.0
2023-09-22 11:30:00-04:00,172.75,173.69000244140625,172.4199981689453,173.5800018310547,10207,0.0,0.0
2023-09-22 12:30:00-04:00,173.76499938964844,174.17999267578125,173.76499938964844,173.88999938964844,3505,0.0,0.0
2023-09-22 13:30:00-04:00,173.78500366210938,173.97000122070312,173.0500030517578,173.0500030517578,6800,0.0,0.0
2023-09-22 14:30:00-04:00,173.0500030517578,173.77999877929688,172.97999572753906,173.64500427246094,8366,0.0,0.0
2023-09-22 15:30:00-04:00,173.72999572753906,173.72999572753906,172.27000427246094,172.27000427246094,20715,0.0,0.0
2023-09-25 09:30:00-04:00,171.6999969482422,172.92999267578125,170.4199981689453,171.63999938964844,11125,0.0,0.0
2023-09-25 10:30:00-04:00,172.11500549316406,172.93499755859375,171.94000244140625,172.93499755859375,3419,0.0,0.0
2023-09-25 11:30:00-04:00,172.83999633789062,173.97999572753906,172.83999633789062,172.9499969482422,6516,0.0,0.0
2023-09-25 12:30:00-04:00,172.8800048828125,172.94000244140625,172.27999877929688,172.27999877929688,4351,0.0,0.0
2023-09-25 13:30:00-04:00,172.44500732421875,172.6291961669922,171.9801025390625,172.08999633789062,6539,0.0,0.0
2023-09-25 14:30:00-04:00,172.24000549316406,173.05999755859375,172.24000549316406,173.02000427246094,10737,0.0,0.0
2023-09-25 15:30:00-04:00,173.22999572753906,173.58999633789062,172.75999450683594,172.8000030517578,58980,0.0,0.0
2023-09-26 09:30:00-04:00,172.10000610351562,173.36000061035156,172.10000610351562,172.60000610351562,4765,0.0,0.0
2023-09-26 10:30:00-04:00,172.64999389648438,172.99000549316406,172.4499969482422,172.73500061035156,3538,0.0,0.0
2023-09-26 11:30:00-04:00,172.4199981689453,173.00999450683594,172.4199981689453,173.00999450683594,3376,0.0,0.0
2023-09-26 12:30:00-04:00,172.82000732421875,172.82000732421875,172.3699951171875,172.3699951171875,5593,0.0,0.0
2023-09-26 13:30:00-04:00,172.5800018310547,172.5800018310547,172.02999877929688,172.32000732421875,5594,0.0,0.0
2023-09-26 14:30:00-04:00,172.11000061035156,172.27999877929688,171.92999267578125,172.02000427246094,6359,0.0,0.0
2023-09-26 15:30:00-04:00,171.9824981689453,172.2100067138672,171.7100067138672,171.7100067138672,16277,0.0,0.0
2023-09-27 09:30:00-04:00,172.5399932861328,173.64999389648438,171.85299682617188,173.52999877929688,7742,0.0,0.0
2023-09-27 10:30:00-04:00,173.32000732421875,174.11000061035156,173.30999755859375,174.0500030517578,5352,0.0,0.0
2023-09-27 11:30:00-04:00,173.16749572753906,173.16749572753906,172.68499755859375,172.68499755859375,3397,0.0,0.0
2023-09-27 12:30:00-04:00,173.05999755859375,173.24000549316406,172.72999572753906,172.72999572753906,3026,0.0,0.0
2023-09-27 13:30:00-04:00,172.52999877929688,172.9250030517578,172.19000244140625,172.6699981689453,3475,0.0,0.0
2023-09-27 14:30:00-04:00,173.47999572753906,174.5,173.47999572753906,174.25,5792,0.0,0.0
2023-09-27 15:30:00-04:00,174.30999755859375,174.30999755859375,173.27999877929688,173.8300018310547,15704,0.0,0.0
2023-09-28 09:30:00-04:00,173.5500030517578,175.05999755859375,173.5500030517578,175.05999755859375,4575,0.0,0.0
2023-09-28 10:30:00-04:00,174.72999572753906,175.4875030517578,174.72999572753906,175.4875030517578,3588,0.0,0.0
2023-09-28 11:30:00-04:00,176.77499389648438,176.77499389648438,176.22999572753906,176.24000549316406,2094,0.0,0.0
2023-09-28 12:30:00-04:00,176.28399658203125,176.50999450683594,175.6999969482422,175.6999969482422,6106,0.0,0.0
2023-09-28 14:30:00-04:00,175.5399932861328,176.0399932861328,175.1999969482422,176.02999877929688,4702,0.0,0.0
2023-09-28 15:30:00-04:00,175.97500610351562,176.14999389648438,175.1699981689453,176.1300048828125,15272,0.0,0.0
2023-09-29 09:30:00-04:00,176.5500030517578,177.3800048828125,174.24000549316406,174.66000366210938,17335,0.0,0.0
2023-09-29 10:30:00-04:00,174.68499755859375,175.14999389648438,173.41000366210938,174.6300048828125,11181,0.0,0.0
2023-09-29 11:30:00-04:00,174.28500366210938,174.53500366210938,173.42999267578125,174.53500366210938,5313,0.0,0.0
2023-09-29 12:30:00-04:00,174.47000122070312,174.75,173.49000549316406,173.7899932861328,6697,0.0,0.0
2023-09-29 13:30:00-04:00,173.61500549316406,173.84500122070312,172.90499877929688,172.90499877929688,5783,0.0,0.0
2023-09-29 14:30:00-04:00,172.89999389648438,174.05999755859375,172.86000061035156,173.64999389648438,8403,0.0,0.0
2023-09-29 15:30:00-04:00,173.6300048828125,173.68499755859375,172.4199981689453,172.61000061035156,49696,0.0,0.0
2023-10-02 09:30:00-04:00,172.13999938964844,173.59500122070312,170.75999450683594,173.36000061035156,16472,0.0,0.0
2023-10-02 10:30:00-04:00,172.99000549316406,173.57000732421875,172.7899932861328,173.375,9602,0.0,0.0
2023-10-02 11:30:00-04:00,173.3699951171875,173.3699951171875,172.0399932861328,172.47999572753906,9882,0.0,0.0
2023-10-02 12:30:00-04:00,172.60000610351562,172.60000610351562,171.69000244140625,172.06500244140625,10093,0.0,0.0
2023-10-02 13:30:00-04:00,172.01499938964844,172.22000122070312,171.64999389648438,171.9199981689453,5509,0.0,0.0
2023-10-02 14:30:00-04:00,171.86500549316406,171.86500549316406,171.0749969482422,171.3350067138672,8189,0.0,0.0
2023-10-02 15:30:00-04:00,171.27000427246094,171.61000061035156,171.00999450683594,171.4499969482422,27202,0.0,0.0
2023-10-03 09:30:00-04:00,170.17999267578125,172.3800048828125,170.17999267578125,171.08999633789062,4975,0.0,0.0
2023-10-03 10:30:00-04:00,171.47500610351562,172.02999877929688,170.91000366210938,171.0399932861328,6334,0.0,0.0
2023-10-03 11:30:00-04:00,171.36500549316406,171.36500549316406,170.1199951171875,171.2100067138672,8213,0.0,0.0
2023-10-03 12:30:00-04:00,171.3350067138672,171.46499633789062,170.67999267578125,171.13999938964844,5534,0.0,0.0
2023-10-03 13:30:00-04:00,171.35000610351562,171.35000610351562,169.44500732421875,169.57000732421875,7688,0.0,0.0
2023-10-03 14:30:00-04:00,169.75,170.17999267578125,169.61000061035156,169.6199951171875,5923,0.0,0.0
2023-10-03 15:30:00-04:00,169.55999755859375,170.35000610351562,169.52999877929688,170.2899932861328,12350,0.0,0.0
2023-10-04 09:30:00-04:00,170.3800048828125,171.99020385742188,169.0500030517578,169.0500030517578,3834,0.0,0.0
2023-10-04 10:30:00-04:00,168.4199981689453,170.5399932861328,168.13999938964844,170.5399932861328,1891,0.0,0.0
2023-10-04 11:30:00-04:00,170.52999877929688,171.97000122070312,169.5841064453125,171.6999969482422,4625,0.0,0.0
2023-10-04 12:30:00-04:00,171.63999938964844,172.07000732421875,171.0050048828125,171.0050048828125,5378,0.0,0.0
2023-10-04 13:30:00-04:00,170.89999389648438,170.89999389648438,170.30999755859375,170.30999755859375,2925,0.0,0.0
2023-10-04 14:30:00-04:00,170.07000732421875,171.11000061035156,170.07000732421875,171.0800018310547,5261,0.0,0.0
2023-10-04 15:30:00-04:00,171.02000427246094,171.8000030517578,170.83999633789062,170.85000610351562,13680,0.0,0.0
2023-10-05 09:30:00-04:00,171.75999450683594,173.24000549316406,171.6699981689453,172.3300018310547,9321,0.0,0.0
2023-10-05 10:30:00-04:00,172.2899932861328,172.2899932861328,171.1999969482422,171.1999969482422,7503,0.0,0.0
2023-10-05 11:30:00-04:00,171.22999572753906,171.3800048828125,170.99000549316406,171.3699951171875,3598,0.0,0.0
2023-10-05 12:30:00-04:00,171.0399932861328,171.0399932861328,170.52000427246094,170.9600067138672,4515,0.0,0.0
2023-10-05 13:30:00-04:00,171.02000427246094,171.3000030517578,171.02000427246094,171.24000549316406,2266,0.0,0.0
2023-10-05 14:30:00-04:00,171.6699981689453,171.6699981689453,170.82000732421875,171.11500549316406,11961,0.0,0.0
2023-10-05 15:30:00-04:00,171.23500061035156,171.8000030517578,171.23500061035156,171.42999267578125,21839,0.0,0.0
2023-10-06 09:30:00-04:00,171.13999938964844,171.4499969482422,170.14999389648438,170.97000122070312,3856,0.0,0.0
2023-10-06 10:30:00-04:00,170.75,171.4550018310547,170.05999755859375,171.4550018310547,3705,0.0,0.0
2023-10-06 11:30:00-04:00,171.3800048828125,172.6199951171875,171.1999969482422,171.6300048828125,2771,0.0,0.0
2023-10-06 12:30:00-04:00,171.72999572753906,172.49000549316406,171.44000244140625,172.05999755859375,4994,0.0,0.0
2023-10-06 13:30:00-04:00,172.23500061035156,172.39999389648438,171.67999267578125,172.25999450683594,6355,0.0,0.0
2023-10-06 14:30:00-04:00,172.0800018310547,172.35000610351562,171.74000549316406,172.19500732421875,6599,0.0,0.0
2023-10-06 15:30:00-04:00,172.07000732421875,172.07000732421875,171.2100067138672,171.47000122070312,13035,0.0,0.0
2023-10-09 09:30:00-04:00,170.33999633789062,170.33999633789062,169.14999389648438,170.27000427246094,13195,0.0,0.0
2023-10-09 10:30:00-04:00,170.27999877929688,170.93499755859375,170.13499450683594,170.67999267578125,6606,0.0,0.0
2023-10-09 11:30:00-04:00,170.97999572753906,171.4199981689453,170.806396484375,171.4199981689453,3011,0.0,0.0
2023-10-09 12:30:00-04:00,171.30999755859375,172.3520965576172,171.30999755859375,172.3520965576172,2953,0.0,0.0
2023-10-09 13:30:00-04:00,171.77999877929688,172.97000122070312,171.77999877929688,172.88999938964844,4495,0.0,0.0
2023-10-09 14:30:00-04:00,172.8618927001953,173.11000061035156,172.5800018310547,172.61500549316406,7233,0.0,0.0
2023-10-09 15:30:00-04:00,172.5,172.6699981689453,172.1750030517578,172.58999633789062,15655,0.0,0.0
2023-10-10 09:30:00-04:00,172.36000061035156,175.0,172.36000061035156,174.2449951171875,6731,0.0,0.0
2023-10-10 10:30:00-04:00,174.5,174.5,173.72000122070312,174.19500732421875,5055,0.0,0.0
2023-10-10 11:30:00-04:00,174.22000122070312,174.77499389648438,173.80999755859375,174.55999755859375,15792,0.0,0.0
2023-10-10 12:30:00-04:00,174.50999450683594,174.61000061035156,173.60000610351562,173.86500549316406,16819,0.0,0.0
2023-10-10 13:30:00-04:00,173.55999755859375,173.80999755859375,172.9199981689453,173.15499877929688,10733,0.0,0.0
2023-10-10 14:30:00-04:00,173.15499877929688,173.6199951171875,172.8000030517578,172.97999572753906,15117,0.0,0.0
2023-10-10 15:30:00-04:00,172.67999267578125,172.83999633789062,172.1300048828125,172.1300048828125,20561,0.0,0.0
2023-10-11 09:30:00-04:00,172.11000061035156,175.74000549316406,172.11000061035156,175.3000030517578,11661,0.0,0.0
2023-10-11 10:30:00-04:00,175.39999389648438,177.72999572753906,175.11000061035156,176.38999938964844,11382,0.0,0.0
2023-10-11 11:30:00-04:00,176.8000030517578,177.2100067138672,176.2899932861328,176.52499389648438,11747,0.0,0.0
2023-10-11 12:30:00-04:00,176.5749969482422,177.7100067138672,176.3000030517578,177.7100067138672,38851,0.0,0.0
2023-10-11 13:30:00-04:00,177.72999572753906,178.17999267578125,177.38009643554688,177.8800048828125,14577,0.0,0.0
2023-10-11 14:30:00-04:00,177.86000061035156,179.0,177.77000427246094,178.6199951171875,26253,0.0,0.0
2023-10-11 15:30:00-04:00,178.5,180.25999450683594,178.5,180.14999389648438,60632,0.0,0.0
2023-10-12 09:30:00-04:00,179.4600067138672,180.47000122070312,178.22000122070312,180.38999938964844,21890,0.0,0.0
2023-10-12 10:30:00-04:00,179.8699951171875,180.5,179.41000366210938,180.5,29709,0.0,0.0
2023-10-12 11:30:00-04:00,180.5,181.1699981689453,180.4250030517578,181.11000061035156,15883,0.0,0.0
2023-10-12 12:30:00-04:00,181.16000366210938,182.05999755859375,180.3800048828125,180.3800048828125,29971,0.0,0.0
2023-10-12 13:30:00-04:00,179.8800048828125,180.0800018310547,178.86000061035156,179.19000244140625,14625,0.0,0.0
2023-10-12 14:30:00-04:00,178.89999389648438,180.0800018310547,178.72000122070312,180.0800018310547,17800,0.0,0.0
2023-10-12 15:30:00-04:00,180.49000549316406,181.47000122070312,180.2050018310547,181.25,57316,0.0,0.0
2023-10-13 09:30:00-04:00,181.50999450683594,182.0,180.88999938964844,181.27999877929688,32880,0.0,0.0
2023-10-13 10:30:00-04:00,181.33999633789062,181.64999389648438,179.2899932861328,180.39999389648438,31218,0.0,0.0
2023-10-13 11:30:00-04:00,180.27999877929688,180.66000366210938,180.0,180.66000366210938,32493,0.0,0.0
2023-10-13 12:30:00-04:00,180.6999969482422,180.6999969482422,179.38999938964844,179.40499877929688,41093,0.0,0.0
2023-10-13 13:30:00-04:00,178.3800048828125,179.1999969482422,177.96499633789062,178.86000061035156,22368,0.0,0.0
2023-10-13 14:30:00-04:00,178.89999389648438,178.92999267578125,178.0,178.36500549316406,35749,0.0,0.0
2023-10-13 15:30:00-04:00,178.39500427246094,178.64450073242188,177.9550018310547,178.13999938964844,36629,0.0,0.0
2023-10-16 09:30:00-04:00,180.32000732421875,182.39999389648438,179.97250366210938,182.0,13822,0.0,0.0
2023-10-16 10:30:00-04:00,182.23500061035156,182.82000732421875,181.1699981689453,181.1699981689453,12661,0.0,0.0
2023-10-16 11:30:00-04:00,181.60000610351562,182.32000732421875,181.5800018310547,182.32000732421875,10881,0.0,0.0
2023-10-16 12:30:00-04:00,182.39999389648438,182.7100067138672,181.8300018310547,182.6699981689453,23296,0.0,0.0
2023-10-16 13:30:00-04:00,182.6999969482422,183.83999633789062,182.41000366210938,183.5050048828125,16271,0.0,0.0
2023-10-16 14:30:00-04:00,183.61000061035156,185.0050048828125,183.61000061035156,184.91000366210938,23260,0.0,0.0
2023-10-16 15:30:00-04:00,184.94000244140625,185.6999969482422,184.78500366210938,185.1999969482422,32460,0.0,0.0
2023-10-17 09:30:00-04:00,184.5,187.16000366210938,184.1300048828125,186.5749969482422,27966,0.0,0.0
2023-10-17 10:30:00-04:00,186.66000366210938,186.85000610351562,184.91000366210938,185.57000732421875,16077,0.0,0.0
2023-10-17 11:30:00-04:00,185.44000244140625,185.80999755859375,184.86000061035156,185.80999755859375,25498,0.0,0.0
2023-10-17 12:30:00-04:00,185.80999755859375,185.80999755859375,184.19000244140625,184.9199981689453,12766,0.0,0.0
2023-10-17 13:30:00-04:00,184.75999450683594,184.78500366210938,183.77000427246094,183.99000549316406,8329,0.0,0.0
2023-10-17 14:30:00-04:00,184.02999877929688,184.1999969482422,183.48500061035156,183.51499938964844,13359,0.0,0.0
2023-10-17 15:30:00-04:00,183.5,184.19000244140625,182.86000061035156,183.02999877929688,39525,0.0,0.0
2023-10-18 09:30:00-04:00,180.72000122070312,180.72000122070312,177.5500030517578,178.63999938964844,20923,0.0,0.0
2023-10-18 10:30:00-04:00,178.0,178.61000061035156,177.57000732421875,178.30999755859375,16398,0.0,0.0
2023-10-18 11:30:00-04:00,178.38999938964844,178.8300018310547,178.2949981689453,178.42999267578125,16404,0.0,0.0
2023-10-18 12:30:00-04:00,178.5800018310547,178.9499969482422,177.99000549316406,178.1300048828125,11398,0.0,0.0
2023-10-18 13:30:00-04:00,178.1300048828125,178.1300048828125,176.8300018310547,177.05999755859375,17538,0.0,0.0
2023-10-18 14:30:00-04:00,177.0800018310547,177.0800018310547,175.39999389648438,175.67999267578125,21431,0.0,0.0
2023-10-18 15:30:00-04:00,175.75,176.1300048828125,175.25,175.27000427246094,54166,0.0,0.0
2023-10-19 09:30:00-04:00,174.1199951171875,176.5,172.38099670410156,175.89999389648438,17645,0.0,0.0
2023-10-19 10:30:00-04:00,175.6750030517578,175.99000549316406,174.0500030517578,174.92999267578125,11324,0.0,0.0
2023-10-19 11:30:00-04:00,174.97999572753906,177.60000610351562,174.9600067138672,177.19000244140625,18990,0.0,0.0
2023-10-19 12:30:00-04:00,177.0,178.08999633789062,175.72999572753906,176.94500732421875,10059,0.0,0.0
2023-10-19 13:30:00-04:00,177.02999877929688,177.02999877929688,175.5279998779297,175.86000061035156,10413,0.0,0.0
2023-10-19 14:30:00-04:00,175.625,175.8800048828125,174.0749969482422,174.0749969482422,9181,0.0,0.0
2023-10-19 15:30:00-04:00,174.0749969482422,174.77999877929688,173.40499877929688,174.67999267578125,38127,0.0,0.0
2023-10-20 09:30:00-04:00,175.36000061035156,177.47999572753906,171.60000610351562,171.60000610351562,35112,0.0,0.0
2023-10-20 10:30:00-04:00,171.4199981689453,172.67999267578125,171.1199951171875,172.3300018310547,26586,0.0,0.0
2023-10-20 11:30:00-04:00,172.3300018310547,173.80999755859375,171.92999267578125,173.72999572753906,13758,0.0,0.0
2023-10-20 12:30:00-04:00,173.6999969482422,174.33999633789062,172.8699951171875,173.55499267578125,13990,0.0,0.0
2023-10-20 13:30:00-04:00,173.5749969482422,173.85000610351562,172.25999450683594,172.5500030517578,17496,0.0,0.0
2023-10-20 14:30:00-04:00,172.39999389648438,173.42999267578125,172.39999389648438,173.14999389648438,23384,0.0,0.0
2023-10-20 15:30:00-04:00,173.19000244140625,173.19000244140625,172.05999755859375,172.3300018310547,38213,0.0,0.0
2023-10-23 09:30:00-04:00,172.3300018310547,174.52999877929688,170.75999450683594,172.77999877929688,26790,0.0,0.0
2023-10-23 10:30:00-04:00,172.24000549316406,172.5,171.57000732421875,171.88999938964844,9714,0.0,0.0
2023-10-23 11:30:00-04:00,172.30999755859375,172.30999755859375,170.97999572753906,171.33999633789062,8765,0.0,0.0
2023-10-23 12:30:00-04:00,171.4250030517578,172.3300018310547,171.32000732421875,172.1199951171875,11128,0.0,0.0
2023-10-23 13:30:00-04:00,172.5399932861328,172.83999633789062,171.60000610351562,171.74000549316406,9362,0.0,0.0
2023-10-23 14:30:00-04:00,171.68499755859375,172.57000732421875,171.44500732421875,171.44500732421875,17417,0.0,0.0
2023-10-23 15:30:00-04:00,171.35000610351562,171.6699981689453,170.1699981689453,170.2100067138672,45922,0.0,0.0
2023-10-24 09:30:00-04:00,171.8300018310547,173.33999633789062,170.82000732421875,171.4250030517578,12168,0.0,0.0
2023-10-24 10:30:00-04:00,171.35000610351562,172.8000030517578,170.85000610351562,171.3524932861328,20425,0.0,0.0
2023-10-24 11:30:00-04:00,171.375,172.19000244140625,171.3300018310547,171.4949951171875,12245,0.0,0.0
2023-10-24 12:30:00-04:00,171.51499938964844,172.38999938964844,171.02999877929688,171.30999755859375,11235,0.0,0.0
2023-10-24 13:30:00-04:00,171.02999877929688,171.3800048828125,170.81500244140625,171.3699951171875,6656,0.0,0.0
2023-10-24 14:30:00-04:00,171.30499267578125,172.83999633789062,171.30499267578125,172.8300018310547,22195,0.0,0.0
2023-10-24 15:30:00-04:00,172.66000366210938,173.0,172.22000122070312,172.22999572753906,30451,0.0,0.0
2023-10-25 09:30:00-04:00,170.75,170.75,168.77000427246094,169.86000061035156,14399,0.0,0.0
2023-10-25 10:30:00-04:00,170.39999389648438,173.61000061035156,170.0449981689453,173.61000061035156,33056,0.0,0.0
2023-10-25 11:30:00-04:00,173.47000122070312,173.80999755859375,172.97000122070312,173.22999572753906,28794,0.0,0.0
2023-10-25 12:30:00-04:00,173.5,173.52000427246094,172.78500366210938,173.09500122070312,14779,0.0,0.0
2023-10-25 13:30:00-04:00,173.05499267578125,174.5,172.7550048828125,174.5,17203,0.0,0.0
2023-10-25 14:30:00-04:00,174.52999877929688,174.52999877929688,173.61000061035156,174.38999938964844,53990,0.0,0.0
2023-10-25 15:30:00-04:00,174.3000030517578,174.30999755859375,172.27000427246094,172.3800048828125,55948,0.0,0.0
2023-10-26 09:30:00-04:00,173.97999572753906,174.0399932861328,171.99000549316406,173.1649932861328,12316,0.0,0.0
2023-10-26 10:30:00-04:00,172.77999877929688,173.67999267578125,171.77999877929688,172.7100067138672,7544,0.0,0.0
2023-10-26 11:30:00-04:00,172.52999877929688,172.52999877929688,171.1300048828125,171.49000549316406,10684,0.0,0.0
2023-10-26 12:30:00-04:00,171.0,171.49000549316406,170.89999389648438,171.25999450683594,7024,0.0,0.0
2023-10-26 13:30:00-04:00,171.01499938964844,171.94000244140625,170.86000061035156,171.83999633789062,9906,0.0,0.0
2023-10-26 14:30:00-04:00,171.6699981689453,172.60000610351562,171.5800018310547,171.9949951171875,11649,0.0,0.0
2023-10-26 15:30:00-04:00,171.7899932861328,171.7899932861328,170.52999877929688,170.67999267578125,25100,0.0,0.0
2023-10-27 09:30:00-04:00,170.74000549316406,170.74000549316406,169.52999877929688,170.2899932861328,4026,0.0,0.0
2023-10-27 10:30:00-04:00,170.88999938964844,171.17999267578125,170.77000427246094,171.17999267578125,4413,0.0,0.0
2023-10-27 11:30:00-04:00,171.0050048828125,171.25,170.52000427246094,170.72999572753906,7797,0.0,0.0
2023-10-27 12:30:00-04:00,170.74000549316406,170.74000549316406,169.25,169.53399658203125,4993,0.0,0.0
2023-10-27 13:30:00-04:00,169.50999450683594,169.6999969482422,168.80999755859375,168.80999755859375,5348,0.0,0.0
2023-10-27 14:30:00-04:00,168.33999633789062,169.14999389648438,167.8699951171875,169.02999877929688,12690,0.0,0.0
2023-10-27 15:30:00-04:00,169.02000427246094,169.5500030517578,168.52000427246094,169.42999267578125,32163,0.0,0.0
2023-10-30 09:30:00-04:00,171.66000366210938,171.66000366210938,169.7100067138672,170.3800048828125,6322,0.0,0.0
2023-10-30 10:30:00-04:00,169.8000030517578,171.00999450683594,169.8000030517578,170.89500427246094,5060,0.0,0.0
2023-10-30 11:30:00-04:00,171.30650329589844,171.64999389648438,170.97000122070312,170.97000122070312,4008,0.0,0.0
2023-10-30 12:30:00-04:00,171.08999633789062,172.00999450683594,170.72999572753906,172.00999450683594,4483,0.0,0.0
2023-10-30 13:30:00-04:00,171.89999389648438,172.4600067138672,171.61500549316406,171.8300018310547,8038,0.0,0.0
2023-10-30 14:30:00-04:00,172.0399932861328,172.47999572753906,171.47999572753906,172.13999938964844,10757,0.0,0.0
2023-10-30 15:30:00-04:00,172.1300048828125,172.1300048828125,171.27999877929688,171.69000244140625,25652,0.0,0.0
2023-10-31 09:30:00-04:00,171.57000732421875,173.1649932861328,171.57000732421875,171.74000549316406,16022,0.0,0.0
2023-10-31 10:30:00-04:00,171.74000549316406,172.33999633789062,171.39999389648438,171.9499969482422,9970,0.0,0.0
2023-10-31 11:30:00-04:00,172.0850067138672,173.53500366210938,172.00999450683594,173.19000244140625,16097,0.0,0.0
2023-10-31 12:30:00-04:00,172.86000061035156,173.30999755859375,172.27999877929688,172.71499633789062,12556,0.0,0.0
2023-10-31 13:30:00-04:00,172.77499389648438,173.52000427246094,172.66000366210938,173.1750030517578,7683,0.0,0.0
2023-10-31 14:30:00-04:00,173.19000244140625,173.6750030517578,172.7100067138672,172.94000244140625,17380,0.0,0.0
2023-10-31 15:30:00-04:00,172.94000244140625,173.16000366210938,172.47999572753906,173.0500030517578,26204,0.0,0.0
2023-11-01 09:30:00-04:00,172.9600067138672,172.9600067138672,171.44500732421875,172.6649932861328,4742,0.0,0.0
2023-11-01 10:30:00-04:00,172.67999267578125,173.44000244140625,171.13999938964844,171.27000427246094,6426,0.0,0.0
2023-11-01 11:30:00-04:00,171.5,172.3000030517578,171.3300018310547,171.33999633789062,7134,0.0,0.0
2023-11-01 12:30:00-04:00,171.19000244140625,171.99000549316406,171.14500427246094,171.91749572753906,25871,0.0,0.0
2023-11-01 13:30:00-04:00,171.94500732421875,172.35499572753906,171.4600067138672,171.72000122070312,10138,0.0,0.0
2023-11-01 14:30:00-04:00,172.08999633789062,173.55999755859375,171.2624969482422,173.14500427246094,19389,0.0,0.0
2023-11-01 15:30:00-04:00,173.42999267578125,173.88999938964844,173.1999969482422,173.88999938964844,23630,0.0,0.0
2023-11-02 09:30:00-04:00,181.66000366210938,183.3000030517578,174.0399932861328,183.1300048828125,26912,0.0,0.0
2023-11-02 10:30:00-04:00,183.1300048828125,183.1699981689453,181.86000061035156,183.0399932861328,16681,0.0,0.0
2023-11-02 11:30:00-04:00,183.0399932861328,183.05499267578125,180.9600067138672,182.1300048828125,21990,0.0,0.0
2023-11-02 12:30:00-04:00,182.1699981689453,182.30999755859375,181.3300018310547,181.3300018310547,15430,0.0,0.0
2023-11-02 13:30:00-04:00,181.4499969482422,182.67999267578125,181.33999633789062,182.22999572753906,15816,0.0,0.0
2023-11-02 14:30:00-04:00,182.33999633789062,185.1300048828125,181.75999450683594,185.125,38724,0.0,0.0
2023-11-02 15:30:00-04:00,184.99000549316406,186.17999267578125,184.9499969482422,185.6199951171875,59272,0.0,0.0
2023-11-03 09:30:00-04:00,191.5800018310547,192.82000732421875,190.44500732421875,191.21499633789062,14527,0.0,0.0
2023-11-03 10:30:00-04:00,190.9499969482422,190.9499969482422,188.47999572753906,190.42999267578125,17215,0.0,0.0
2023-11-03 11:30:00-04:00,190.69000244140625,190.69000244140625,189.4250030517578,189.6199951171875,9095,0.0,0.0
2023-11-03 12:30:00-04:00,189.6999969482422,189.73500061035156,189.06500244140625,189.36500549316406,9614,0.0,0.0
2023-11-03 13:30:00-04:00,189.36500549316406,190.4550018310547,189.36500549316406,190.00999450683594,14497,0.0,0.0
2023-11-03 14:30:00-04:00,190.2100067138672,190.4499969482422,190.02000427246094,190.0500030517578,20696,0.0,0.0
2023-11-03 15:30:00-04:00,190.0850067138672,190.55999755859375,189.85000610351562,190.4499969482422,35483,0.0,0.0
2023-11-06 09:30:00-05:00,190.19000244140625,191.27000427246094,186.17999267578125,186.9199981689453,8689,0.0,0.0
2023-11-06 10:30:00-05:00,186.47500610351562,186.63999938964844,185.16000366210938,185.50999450683594,19234,0.0,0.0
2023-11-06 11:30:00-05:00,185.16000366210938,185.9199981689453,185.16000366210938,185.4199981689453,11149,0.0,0.0
2023-11-06 12:30:00-05:00,185.55499267578125,185.67730712890625,184.9499969482422,185.14999389648438,9483,0.0,0.0
2023-11-06 13:30:00-05:00,185.10000610351562,185.74000549316406,184.07000732421875,184.07000732421875,10388,0.0,0.0
2023-11-06 14:30:00-05:00,184.55999755859375,185.74000549316406,184.55999755859375,185.6199951171875,12257,0.0,0.0
2023-11-06 15:30:00-05:00,185.4199981689453,186.24000549316406,185.4199981689453,185.80999755859375,34961,0.0,0.0
2023-11-07 09:30:00-05:00,185.58999633789062,186.44000244140625,184.72999572753906,185.8966064453125,15198,0.0,0.0
2023-11-07 10:30:00-05:00,186.0050048828125,186.47500610351562,185.0,185.0850067138672,8874,0.0,0.0
2023-11-07 11:30:00-05:00,185.24000549316406,185.4604949951172,184.66619873046875,184.7550048828125,10085,0.0,0.0
2023-11-07 12:30:00-05:00,184.72000122070312,185.0,184.05999755859375,184.98500061035156,13103,0.0,0.0
2023-11-07 13:30:00-05:00,185.10000610351562,186.11000061035156,184.77999877929688,186.11000061035156,8790,0.0,0.0
2023-11-07 14:30:00-05:00,186.00079345703125,186.8125,185.9199981689453,186.02000427246094,17250,0.0,0.0
2023-11-07 15:30:00-05:00,186.02999877929688,186.16000366210938,185.0,185.3300018310547,40698,0.0,0.0
2023-11-08 09:30:00-05:00,186.1300048828125,186.8000030517578,185.49000549316406,185.5050048828125,7644,0.0,0.0
2023-11-08 10:30:00-05:00,185.375,185.88999938964844,185.1999969482422,185.54249572753906,9575,0.0,0.0
2023-11-08 11:30:00-05:00,185.44000244140625,186.6699981689453,185.32000732421875,186.0050048828125,13476,0.0,0.0
2023-11-08 12:30:00-05:00,185.9250030517578,187.5,185.91250610351562,186.7050018310547,6946,0.0,0.0
2023-11-08 13:30:00-05:00,186.42999267578125,187.1999969482422,186.23500061035156,186.8699951171875,8320,0.0,0.0
2023-11-08 14:30:00-05:00,186.86500549316406,187.2449951171875,186.77499389648438,186.80499267578125,16515,0.0,0.0
2023-11-08 15:30:00-05:00,186.80499267578125,187.47999572753906,186.32000732421875,186.58999633789062,29294,0.0,0.0
2023-11-09 09:30:00-05:00,187.1999969482422,188.7100067138672,187.1999969482422,188.3300018310547,7935,0.0,0.0
2023-11-09 10:30:00-05:00,188.1300048828125,189.1999969482422,187.8800048828125,189.1999969482422,6711,0.0,0.0
2023-11-09 11:30:00-05:00,189.47999572753906,189.89999389648438,189.4199981689453,189.5,7327,0.0,0.0
2023-11-09 12:30:00-05:00,189.42999267578125,190.0,188.57000732421875,189.00999450683594,8996,0.0,0.0
2023-11-09 13:30:00-05:00,189.2050018310547,189.2050018310547,188.23500061035156,188.6199951171875,9957,0.0,0.0
2023-11-09 14:30:00-05:00,188.60000610351562,188.60000610351562,187.94619750976562,188.05999755859375,9572,0.0,0.0
2023-11-09 15:30:00-05:00,188.0749969482422,188.14999389648438,187.55499267578125,187.86000061035156,26405,0.0,0.0
2023-11-10 09:30:00-05:00,189.47000122070312,189.82000732421875,188.5500030517578,188.5500030517578,7297,0.0,0.0
2023-11-10 10:30:00-05:00,187.47250366210938,188.3300018310547,187.47250366210938,188.3300018310547,5750,0.0,0.0
2023-11-10 11:30:00-05:00,188.44000244140625,188.47000122070312,188.02000427246094,188.14999389648438,5040,0.0,0.0
2023-11-10 12:30:00-05:00,188.3699951171875,189.63999938964844,188.3699951171875,189.6199951171875,7714,0.0,0.0
2023-11-10 13:30:00-05:00,189.9799041748047,190.22000122070312,189.60000610351562,189.8699951171875,6133,0.0,0.0
2023-11-10 14:30:00-05:00,189.8000030517578,190.08999633789062,189.6199951171875,189.69000244140625,6049,0.0,0.0
2023-11-10 15:30:00-05:00,189.3300018310547,189.3699951171875,188.75,188.8800048828125,21249,0.0,0.0
2023-11-13 09:30:00-05:00,188.3000030517578,189.02999877929688,187.52000427246094,188.14999389648438,8795,0.0,0.0
2023-11-13 10:30:00-05:00,188.44000244140625,189.02000427246094,187.7899932861328,189.02000427246094,14945,0.0,0.0
2023-11-13 11:30:00-05:00,188.78399658203125,189.8000030517578,188.78399658203125,189.8000030517578,7625,0.0,0.0
2023-11-13 12:30:00-05:00,189.625,189.69000244140625,189.03500366210938,189.42999267578125,5480,0.0,0.0
2023-11-13 13:30:00-05:00,189.41749572753906,189.82000732421875,189.3249969482422,189.64999389648438,6596,0.0,0.0
2023-11-13 14:30:00-05:00,189.69000244140625,190.1199951171875,189.375,189.88499450683594,9258,0.0,0.0
2023-11-13 15:30:00-05:00,189.82000732421875,189.88499450683594,188.74000549316406,188.77999877929688,26862,0.0,0.0
2023-11-14 09:30:00-05:00,191.6699981689453,195.0,191.6699981689453,194.85499572753906,15183,0.0,0.0
2023-11-14 10:30:00-05:00,195.0236053466797,196.42999267578125,195.00999450683594,196.24000549316406,12882,0.0,0.0
2023-11-14 11:30:00-05:00,196.23500061035156,196.34500122070312,194.94000244140625,195.37249755859375,11850,0.0,0.0
2023-11-14 12:30:00-05:00,195.69000244140625,195.94000244140625,195.49000549316406,195.75,8097,0.0,0.0
2023-11-14 13:30:00-05:00,196.0,196.02999877929688,194.75,195.3699951171875,10109,0.0,0.0
2023-11-14 14:30:00-05:00,195.6699981689453,197.02999877929688,195.6699981689453,196.8300018310547,14474,0.0,0.0
2023-11-14 15:30:00-05:00,196.92999267578125,197.02499389648438,196.47999572753906,196.83999633789062,29689,0.0,0.0
2023-11-15 09:30:00-05:00,197.1300048828125,199.2100067138672,197.1300048828125,198.7100067138672,24078,0.0,0.0
2023-11-15 10:30:00-05:00,198.48500061035156,198.6300048828125,197.18499755859375,197.18499755859375,4981,0.0,0.0
2023-11-15 11:30:00-05:00,197.1699981689453,197.1699981689453,195.6300048828125,195.92999267578125,11779,0.0,0.0
2023-11-15 12:30:00-05:00,195.94000244140625,196.10000610351562,194.10000610351562,194.93499755859375,11877,0.0,0.0
2023-11-15 13:30:00-05:00,194.97000122070312,194.99000549316406,193.69000244140625,193.8000030517578,15247,0.0,0.0
2023-11-15 14:30:00-05:00,193.8000030517578,193.8300018310547,193.1199951171875,193.39500427246094,15496,0.0,0.0
2023-11-15 15:30:00-05:00,193.17999267578125,193.27499389648438,192.3800048828125,193.13999938964844,35338,0.0,0.0
2023-11-16 09:30:00-05:00,193.5,194.72000122070312,193.5,193.8699951171875,4848,0.0,0.0
2023-11-16 10:30:00-05:00,193.6699981689453,193.7899932861328,192.41000366210938,192.41000366210938,5125,0.0,0.0
2023-11-16 11:30:00-05:00,192.1999969482422,193.08999633789062,191.7949981689453,192.6999969482422,8191,0.0,0.0
2023-11-16 12:30:00-05:00,193.0850067138672,193.23500061035156,192.89999389648438,192.99000549316406,4222,0.0,0.0
2023-11-16 13:30:00-05:00,192.80999755859375,193.10000610351562,192.6699981689453,192.6699981689453,5089,0.0,0.0
2023-11-16 14:30:00-05:00,193.25,193.25,192.7449951171875,192.93499755859375,8579,0.0,0.0
2023-11-16 15:30:00-05:00,192.76499938964844,193.07000732421875,192.1199951171875,192.8699951171875,36793,0.0,0.0
2023-11-17 09:30:00-05:00,193.50999450683594,195.1199951171875,193.17999267578125,194.88259887695312,24004,0.0,0.0
2023-11-17 10:30:00-05:00,194.8249969482422,195.1999969482422,194.33999633789062,194.33999633789062,5677,0.0,0.0
2023-11-17 11:30:00-05:00,193.99000549316406,194.50999450683594,193.97000122070312,194.2899932861328,5601,0.0,0.0
2023-11-17 12:30:00-05:00,194.24000549316406,194.41000366210938,194.24000549316406,194.41000366210938,2491,0.0,0.0
2023-11-17 13:30:00-05:00,194.41000366210938,194.61000061035156,194.38999938964844,194.49000549316406,3741,0.0,0.0
2023-11-17 14:30:00-05:00,194.63999938964844,194.80999755859375,193.91000366210938,193.9949951171875,7944,0.0,0.0
2023-11-17 15:30:00-05:00,193.8800048828125,194.13999938964844,193.6300048828125,193.67999267578125,26485,0.0,0.0
2023-11-20 09:30:00-05:00,194.2100067138672,194.9199981689453,192.8800048828125,194.82000732421875,4302,0.0,0.0
2023-11-20 10:30:00-05:00,194.85000610351562,195.24139404296875,194.5800018310547,194.63999938964844,5946,0.0,0.0
2023-11-20 11:30:00-05:00,194.57000732421875,194.61000061035156,194.16600036621094,194.47999572753906,4071,0.0,0.0
2023-11-20 12:30:00-05:00,194.4600067138672,194.90499877929688,194.4499969482422,194.90499877929688,4017,0.0,0.0
2023-11-20 13:30:00-05:00,194.90499877929688,194.90499877929688,194.11000061035156,194.24000549316406,6745,0.0,0.0
2023-11-20 14:30:00-05:00,194.24000549316406,194.6199951171875,194.24000549316406,194.4499969482422,4356,0.0,0.0
2023-11-20 15:30:00-05:00,194.42999267578125,194.6199951171875,193.75,193.8699951171875,17732,0.0,0.0
2023-11-21 09:30:00-05:00,192.44000244140625,194.8000030517578,190.25999450683594,194.2550048828125,8620,0.0,0.0
2023-11-21 10:30:00-05:00,194.44500732421875,195.19000244140625,194.44500732421875,195.03500366210938,4388,0.0,0.0
2023-11-21 11:30:00-05:00,195.3300018310547,195.36500549316406,194.47999572753906,194.75999450683594,4156,0.0,0.0
2023-11-21 12:30:00-05:00,194.58999633789062,195.1199951171875,194.55960083007812,194.71499633789062,4167,0.0,0.0
2023-11-21 13:30:00-05:00,194.19500732421875,194.6699981689453,193.3061981201172,193.63499450683594,7358,0.0,0.0
2023-11-21 14:30:00-05:00,193.52000427246094,194.4949951171875,193.52000427246094,194.07000732421875,8587,0.0,0.0
2023-11-21 15:30:00-05:00,193.94000244140625,194.13499450683594,193.3300018310547,193.6699981689453,15116,0.0,0.0
2023-11-22 09:30:00-05:00,195.13999938964844,195.13999938964844,194.4149932861328,194.83999633789062,5581,0.0,0.0
2023-11-22 10:30:00-05:00,194.46499633789062,195.3199005126953,194.46499633789062,195.16000366210938,4736,0.0,0.0
2023-11-22 11:30:00-05:00,194.75999450683594,195.91000366210938,194.75999450683594,195.29989624023438,7239,0.0,0.0
2023-11-22 12:30:00-05:00,194.5050048828125,195.2550048828125,194.5050048828125,195.1898956298828,3767,0.0,0.0
2023-11-22 13:30:00-05:00,194.97000122070312,195.1898956298828,194.60009765625,195.1898956298828,7384,0.0,0.0
2023-11-22 14:30:00-05:00,194.86000061035156,195.41000366210938,194.7899932861328,195.27999877929688,6831,0.0,0.0
2023-11-22 15:30:00-05:00,195.5500030517578,195.64999389648438,194.8699951171875,195.16000366210938,15254,0.0,0.0
2023-11-24 09:30:00-05:00,194.5,196.27000427246094,194.5,196.24000549316406,4738,0.0,0.0
2023-11-24 10:30:00-05:00,196.60000610351562,196.60000610351562,195.97000122070312,196.22999572753906,5468,0.0,0.0
2023-11-24 11:30:00-05:00,195.92999267578125,195.97500610351562,195.47999572753906,195.72000122070312,5397,0.0,0.0
2023-11-27 09:30:00-05:00,194.41000366210938,195.89999389648438,194.41000366210938,195.89999389648438,8270,0.0,0.0
2023-11-27 10:30:00-05:00,196.02999877929688,197.1199951171875,196.02999877929688,196.75,9627,0.0,0.0
2023-11-27 11:30:00-05:00,196.69000244140625,197.0399932861328,196.14999389648438,196.1699981689453,5768,0.0,0.0
2023-11-27 12:30:00-05:00,196.031005859375,196.39999389648438,195.89999389648438,196.1199951171875,4086,0.0,0.0
2023-11-27 13:30:00-05:00,195.9499969482422,196.6300048828125,195.63999938964844,196.61000061035156,4756,0.0,0.0
2023-11-27 14:30:00-05:00,196.42999267578125,196.72000122070312,196.19000244140625,196.72000122070312,7275,0.0,0.0
2023-11-27 15:30:00-05:00,196.2899932861328,196.2899932861328,195.4499969482422,195.49000549316406,17637,0.0,0.0
2023-11-28 09:30:00-05:00,194.30999755859375,195.47999572753906,193.875,194.86000061035156,4718,0.0,0.0
2023-11-28 10:30:00-05:00,195.07000732421875,196.17999267578125,195.07000732421875,195.52999877929688,5407,0.0,0.0
2023-11-28 11:30:00-05:00,195.88999938964844,195.88999938964844,194.4499969482422,194.4499969482422,4389,0.0,0.0
2023-11-28 12:30:00-05:00,193.85000610351562,193.85000610351562,193.3800048828125,193.75999450683594,6328,0.0,0.0
2023-11-28 13:30:00-05:00,193.83999633789062,193.97999572753906,193.4600067138672,193.82000732421875,4637,0.0,0.0
2023-11-28 14:30:00-05:00,193.73500061035156,194.0500030517578,193.38999938964844,193.5,6680,0.0,0.0
2023-11-28 15:30:00-05:00,193.55999755859375,193.69000244140625,192.17999267578125,192.17999267578125,24187,0.0,0.0
2023-11-29 09:30:00-05:00,193.88999938964844,195.02000427246094,193.88999938964844,194.8300018310547,8468,0.0,0.0
2023-11-29 10:30:00-05:00,194.0,194.0,193.42999267578125,193.68499755859375,2657,0.0,0.0
2023-11-29 11:30:00-05:00,193.7100067138672,194.66000366210938,193.64999389648438,194.2100067138672,4339,0.0,0.0
2023-11-29 12:30:00-05:00,194.0500030517578,194.25999450683594,192.7805938720703,193.1750030517578,9063,0.0,0.0
2023-11-29 13:30:00-05:00,193.25999450683594,193.30999755859375,192.89999389648438,193.0175018310547,11422,0.0,0.0
2023-11-29 14:30:00-05:00,192.7100067138672,192.7100067138672,192.02499389648438,192.22000122070312,12463,0.0,0.0
2023-11-29 15:30:00-05:00,191.97999572753906,192.2899932861328,191.75999450683594,191.77999877929688,15342,0.0,0.0
2023-11-30 09:30:00-05:00,192.07000732421875,193.31500244140625,190.7899932861328,192.60000610351562,8114,0.0,0.0
2023-11-30 10:30:00-05:00,193.01499938964844,194.17999267578125,192.97000122070312,193.82000732421875,5013,0.0,0.0
2023-11-30 11:30:00-05:00,193.2322998046875,193.3242950439453,192.52000427246094,192.52000427246094,3119,0.0,0.0
2023-11-30 12:30:00-05:00,192.58999633789062,192.6199951171875,192.08999633789062,192.52999877929688,3932,0.0,0.0
2023-11-30 13:30:00-05:00,192.5,192.76499938964844,192.3300018310547,192.5800018310547,8320,0.0,0.0
2023-11-30 14:30:00-05:00,192.50999450683594,192.6199951171875,192.22000122070312,192.22000122070312,8628,0.0,0.0
2023-11-30 15:30:00-05:00,191.97999572753906,192.60000610351562,191.57000732421875,192.3800048828125,30946,0.0,0.0
2023-12-01 09:30:00-05:00,192.2899932861328,195.41000366210938,192.2899932861328,194.33999633789062,8876,0.0,0.0
2023-12-01 10:30:00-05:00,194.1300048828125,194.5449981689453,193.67999267578125,194.36000061035156,15979,0.0,0.0
2023-12-01 11:30:00-05:00,194.4550018310547,195.85499572753906,193.9600067138672,195.5800018310547,7174,0.0,0.0
2023-12-01 12:30:00-05:00,195.7100067138672,196.69500732421875,195.7100067138672,196.1999969482422,8614,0.0,0.0
2023-12-01 13:30:00-05:00,196.30999755859375,196.4199981689453,196.07000732421875,196.1699981689453,5830,0.0,0.0
2023-12-01 14:30:00-05:00,196.1365966796875,196.625,195.99729919433594,196.5399932861328,6981,0.0,0.0
2023-12-01 15:30:00-05:00,196.4149932861328,197.13999938964844,196.09359741210938,196.38999938964844,22075,0.0,0.0
2023-12-04 09:30:00-05:00,195.8000030517578,197.49000549316406,195.8000030517578,196.69000244140625,5639,0.0,0.0
2023-12-04 10:30:00-05:00,196.72000122070312,196.7899932861328,195.9600067138672,195.9600067138672,6833,0.0,0.0
2023-12-04 11:30:00-05:00,196.27499389648438,197.50999450683594,196.27499389648438,197.22999572753906,5994,0.0,0.0
2023-12-04 12:30:00-05:00,197.60000610351562,197.93499755859375,197.17999267578125,197.17999267578125,7428,0.0,0.0
2023-12-04 13:30:00-05:00,197.35000610351562,197.72999572753906,197.0,197.3300018310547,7556,0.0,0.0
2023-12-04 14:30:00-05:00,197.2100067138672,197.6199951171875,196.8350067138672,196.94000244140625,9180,0.0,0.0
2023-12-04 15:30:00-05:00,196.97000122070312,197.82000732421875,196.52999877929688,197.6699981689453,20759,0.0,0.0
2023-12-05 09:30:00-05:00,197.58999633789062,197.58999633789062,195.14999389648438,196.6999969482422,8745,0.0,0.0
2023-12-05 10:30:00-05:00,196.0,197.00999450683594,196.0,197.00999450683594,4085,0.0,0.0
2023-12-05 11:30:00-05:00,197.38999938964844,197.38999938964844,196.94000244140625,196.94000244140625,4141,0.0,0.0
2023-12-05 12:30:00-05:00,196.7100067138672,197.0,196.59010314941406,196.59010314941406,3428,0.0,0.0
2023-12-05 13:30:00-05:00,196.56500244140625,196.8105010986328,196.14999389648438,196.49000549316406,7217,0.0,0.0
2023-12-05 14:30:00-05:00,196.77000427246094,196.82000732421875,196.2899932861328,196.2899932861328,8731,0.0,0.0
2023-12-05 15:30:00-05:00,196.0749969482422,196.17999267578125,195.5800018310547,195.5800018310547,19112,0.0,0.0
2023-12-06 09:30:00-05:00,197.36000061035156,199.1999969482422,197.36000061035156,198.61000061035156,5513,0.0,0.0
2023-12-06 10:30:00-05:00,198.2899932861328,198.2899932861328,197.1199951171875,197.25999450683594,4635,0.0,0.0
2023-12-06 11:30:00-05:00,196.8800048828125,197.31500244140625,196.49000549316406,197.10000610351562,4521,0.0,0.0
2023-12-06 12:30:00-05:00,196.91000366210938,197.36000061035156,196.83140563964844,197.3300018310547,6635,0.0,0.0
2023-12-06 13:30:00-05:00,198.0,198.02999877929688,197.60000610351562,197.67999267578125,6350,0.0,0.0
2023-12-06 14:30:00-05:00,197.41000366210938,197.41000366210938,197.02000427246094,197.02000427246094,5537,0.0,0.0
2023-12-06 15:30:00-05:00,196.7100067138672,196.77999877929688,195.49000549316406,195.50999450683594,23003,0.0,0.0
2023-12-07 09:30:00-05:00,196.38999938964844,197.2050018310547,196.38999938964844,196.8800048828125,3492,0.0,0.0
2023-12-07 10:30:00-05:00,196.9149932861328,196.9149932861328,196.08999633789062,196.4550018310547,19116,0.0,0.0
2023-12-07 11:30:00-05:00,196.56500244140625,197.4949951171875,196.56500244140625,197.32000732421875,10905,0.0,0.0
2023-12-07 12:30:00-05:00,197.36500549316406,197.44000244140625,196.90220642089844,197.0800018310547,4949,0.0,0.0
2023-12-07 13:30:00-05:00,197.19000244140625,197.61000061035156,196.8699951171875,197.61000061035156,4087,0.0,0.0
2023-12-07 14:30:00-05:00,197.80999755859375,197.80999755859375,197.19000244140625,197.25999450683594,6368,0.0,0.0
2023-12-07 15:30:00-05:00,197.25999450683594,197.5800018310547,196.85000610351562,197.5500030517578,20881,0.0,0.0
2023-12-08 09:30:00-05:00,197.2899932861328,200.05999755859375,197.2899932861328,199.3800048828125,8132,0.0,0.0
2023-12-08 10:30:00-05:00,199.10499572753906,199.10499572753906,197.69000244140625,197.69000244140625,5514,0.0,0.0
2023-12-08 11:30:00-05:00,197.985107421875,198.27999877929688,197.3300018310547,197.58999633789062,10797,0.0,0.0
2023-12-08 12:30:00-05:00,197.66140747070312,198.47999572753906,197.47999572753906,198.33999633789062,6631,0.0,0.0
2023-12-08 13:30:00-05:00,198.5850067138672,199.00999450683594,198.5500030517578,198.55999755859375,9860,0.0,0.0
2023-12-08 14:30:00-05:00,198.66000366210938,198.77499389648438,197.5247039794922,197.97000122070312,12246,0.0,0.0
2023-12-08 15:30:00-05:00,198.10000610351562,198.41000366210938,197.63999938964844,197.80999755859375,22507,0.0,0.0
2023-12-11 09:30:00-05:00,197.25999450683594,198.78750610351562,197.25999450683594,198.00999450683594,5087,0.0,0.0
2023-12-11 10:30:00-05:00,198.0800018310547,198.85000610351562,197.8300018310547,197.9600067138672,5979,0.0,0.0
2023-12-11 11:30:00-05:00,197.9600067138672,198.27999877929688,197.47999572753906,197.60000610351562,9848,0.0,0.0
2023-12-11 12:30:00-05:00,197.8699951171875,198.24000549316406,197.57000732421875,197.97000122070312,7991,0.0,0.0
2023-12-11 13:30:00-05:00,197.97000122070312,197.98500061035156,197.30999755859375,197.9499969482422,7175,0.0,0.0
2023-12-11 14:30:00-05:00,198.11000061035156,198.3699951171875,197.91000366210938,198.07000732421875,10203,0.0,0.0
2023-12-11 15:30:00-05:00,198.06500244140625,198.58999633789062,197.98829650878906,198.55999755859375,23032,0.0,0.0
2023-12-12 09:30:00-05:00,198.9199981689453,198.9199981689453,197.33999633789062,197.8300018310547,6488,0.0,0.0
2023-12-12 10:30:00-05:00,198.51499938964844,199.06849670410156,198.38999938964844,198.38999938964844,11563,0.0,0.0
2023-12-12 11:30:00-05:00,198.27999877929688,198.7899932861328,198.27999877929688,198.5449981689453,7016,0.0,0.0
2023-12-12 12:30:00-05:00,198.41000366210938,198.7899932861328,197.83999633789062,198.5850067138672,9194,0.0,0.0
2023-12-12 13:30:00-05:00,198.72000122070312,199.0500030517578,198.66000366210938,198.9949951171875,6916,0.0,0.0
2023-12-12 14:30:00-05:00,199.16000366210938,199.19000244140625,198.4499969482422,198.7100067138672,19730,0.0,0.0
2023-12-12 15:30:00-05:00,198.7100067138672,198.75,198.22000122070312,198.3800048828125,25319,0.0,0.0
2023-12-13 09:30:00-05:00,197.94000244140625,199.0,197.62030029296875,198.22000122070312,11731,0.0,0.0
2023-12-13 10:30:00-05:00,198.5,198.5,198.22000122070312,198.3300018310547,3328,0.0,0.0
2023-12-13 11:30:00-05:00,198.19590759277344,198.19590759277344,197.1300048828125,197.3300018310547,10493,0.0,0.0
2023-12-13 12:30:00-05:00,197.14999389648438,197.25999450683594,196.8699951171875,197.09500122070312,4093,0.0,0.0
2023-12-13 13:30:00-05:00,197.0500030517578,200.14999389648438,196.6999969482422,199.72000122070312,13998,0.0,0.0
2023-12-13 14:30:00-05:00,200.1999969482422,202.94000244140625,200.1999969482422,200.9600067138672,17904,0.0,0.0
2023-12-13 15:30:00-05:00,201.0500030517578,202.11000061035156,200.80999755859375,201.27999877929688,39257,0.0,0.0
2023-12-14 09:30:00-05:00,203.72999572753906,207.72999572753906,203.72999572753906,205.97999572753906,10328,0.0,0.0
2023-12-14 10:30:00-05:00,206.08999633789062,206.33999633789062,205.3300018310547,205.75999450683594,6030,0.0,0.0
2023-12-14 11:30:00-05:00,206.27000427246094,206.75,206.0800018310547,206.25,5986,0.0,0.0
2023-12-14 12:30:00-05:00,206.27499389648438,206.82000732421875,205.5800018310547,205.5800018310547,6611,0.0,0.0
2023-12-14 13:30:00-05:00,205.52000427246094,205.6699981689453,204.6699981689453,205.3699951171875,7885,0.0,0.0
2023-12-14 14:30:00-05:00,205.41000366210938,207.25,205.41000366210938,207.25,8463,0.0,0.0
2023-12-14 15:30:00-05:00,207.0800018310547,207.32000732421875,206.41000366210938,206.44000244140625,24362,0.0,0.0
2023-12-15 09:30:00-05:00,206.52999877929688,207.91000366210938,205.99000549316406,207.91000366210938,70961,0.0,0.0
2023-12-15 10:30:00-05:00,208.27000427246094,208.49000549316406,207.66000366210938,207.7050018310547,7644,0.0,0.0
2023-12-15 11:30:00-05:00,207.5800018310547,207.5800018310547,206.13999938964844,206.97999572753906,14737,0.0,0.0
2023-12-15 12:30:00-05:00,206.81500244140625,206.81500244140625,205.8800048828125,206.41000366210938,4113,0.0,0.0
2023-12-15 13:30:00-05:00,206.38999938964844,206.38999938964844,205.13999938964844,205.7100067138672,5358,0.0,0.0
2023-12-15 14:30:00-05:00,205.74000549316406,205.8000030517578,205.38999938964844,205.77099609375,8207,0.0,0.0
2023-12-15 15:30:00-05:00,205.72000122070312,206.0399932861328,204.7100067138672,204.8300018310547,21678,0.0,0.0
2023-12-18 09:30:00-05:00,204.66000366210938,204.72000122070312,203.05999755859375,204.7100067138672,12506,0.0,0.0
2023-12-18 10:30:00-05:00,204.5850067138672,204.60499572753906,203.3300018310547,203.36529541015625,6699,0.0,0.0
2023-12-18 11:30:00-05:00,204.14999389648438,204.9250030517578,204.0399932861328,204.9250030517578,4331,0.0,0.0
2023-12-18 12:30:00-05:00,204.77000427246094,204.8699951171875,204.52999877929688,204.5399932861328,6696,0.0,0.0
2023-12-18 13:30:00-05:00,204.52999877929688,204.85000610351562,204.30999755859375,204.63499450683594,5433,0.0,0.0
2023-12-18 14:30:00-05:00,204.83999633789062,205.8699951171875,204.83999633789062,205.57000732421875,9080,0.0,0.0
2023-12-18 15:30:00-05:00,205.47999572753906,205.66990661621094,205.10000610351562,205.1300048828125,21863,0.0,0.0
2023-12-19 09:30:00-05:00,206.83999633789062,209.74000549316406,206.83999633789062,207.67999267578125,17252,0.0,0.0
2023-12-19 10:30:00-05:00,207.2550048828125,208.77000427246094,207.2550048828125,208.3800048828125,9053,0.0,0.0
2023-12-19 11:30:00-05:00,208.41000366210938,208.41000366210938,207.7100067138672,208.0500030517578,4826,0.0,0.0
2023-12-19 12:30:00-05:00,207.88999938964844,208.22000122070312,207.64999389648438,207.64999389648438,11322,0.0,0.0
2023-12-19 13:30:00-05:00,207.73080444335938,207.77999877929688,207.25,207.50999450683594,6242,0.0,0.0
2023-12-19 14:30:00-05:00,207.5,207.5399932861328,206.89500427246094,207.08999633789062,8249,0.0,0.0
2023-12-19 15:30:00-05:00,207.44000244140625,208.1300048828125,207.2301025390625,207.64999389648438,22212,0.0,0.0
2023-12-20 09:30:00-05:00,207.4199981689453,210.47999572753906,206.0800018310547,210.47999572753906,39294,0.0,0.0
2023-12-20 10:30:00-05:00,210.64999389648438,211.77999877929688,210.5850067138672,210.9199981689453,6227,0.0,0.0
2023-12-20 11:30:00-05:00,210.6999969482422,211.72999572753906,210.6999969482422,211.6999969482422,6605,0.0,0.0
2023-12-20 12:30:00-05:00,211.9499969482422,212.125,211.05999755859375,211.05999755859375,5039,0.0,0.0
2023-12-20 13:30:00-05:00,211.22000122070312,211.64999389648438,210.94000244140625,211.64999389648438,6877,0.0,0.0
2023-12-20 14:30:00-05:00,211.1999969482422,211.25999450683594,207.6300048828125,207.6300048828125,9151,0.0,0.0
2023-12-20 15:30:00-05:00,207.35499572753906,207.4600067138672,205.55999755859375,205.92999267578125,18746,0.0,0.0
2023-12-21 09:30:00-05:00,207.30999755859375,207.9250030517578,205.5500030517578,205.5500030517578,10690,0.0,0.0
2023-12-21 10:30:00-05:00,206.24000549316406,206.55999755859375,205.27999877929688,205.97000122070312,9119,0.0,0.0
2023-12-21 11:30:00-05:00,206.10000610351562,206.10000610351562,204.5800018310547,204.5800018310547,9409,0.0,0.0
2023-12-21 12:30:00-05:00,204.58999633789062,204.99000549316406,204.27999877929688,204.99000549316406,7742,0.0,0.0
2023-12-21 13:30:00-05:00,204.58999633789062,205.3657989501953,204.58999633789062,205.27000427246094,7037,0.0,0.0
2023-12-21 14:30:00-05:00,204.8699951171875,205.47999572753906,204.47000122070312,205.19000244140625,18146,0.0,0.0
2023-12-21 15:30:00-05:00,205.32000732421875,206.5399932861328,205.00999450683594,206.5,26754,0.0,0.0
2023-12-22 09:30:00-05:00,208.6199951171875,209.3800048828125,208.3800048828125,209.3800048828125,7295,0.0,0.0
2023-12-22 10:30:00-05:00,209.6699981689453,209.86000061035156,209.08999633789062,209.3800048828125,4213,0.0,0.0
2023-12-22 11:30:00-05:00,209.99000549316406,210.05999755859375,209.11000061035156,210.00999450683594,5906,0.0,0.0
2023-12-22 12:30:00-05:00,209.89999389648438,210.30999755859375,209.89999389648438,210.30999755859375,4520,0.0,0.0
2023-12-22 13:30:00-05:00,210.22999572753906,211.3800048828125,209.9199981689453,209.9199981689453,11949,0.0,0.0
2023-12-22 14:30:00-05:00,209.97999572753906,210.8300018310547,209.88999938964844,210.66000366210938,7796,0.0,0.0
2023-12-22 15:30:00-05:00,210.2550048828125,210.5800018310547,209.80999755859375,210.22000122070312,16075,0.0,0.0
2023-12-26 09:30:00-05:00,210.11000061035156,211.75,209.99000549316406,210.77000427246094,4875,0.0,0.0
2023-12-26 10:30:00-05:00,210.23300170898438,210.55999755859375,210.23300170898438,210.55999755859375,3576,0.0,0.0
2023-12-26 11:30:00-05:00,210.6999969482422,210.9499969482422,210.6999969482422,210.9499969482422,2373,0.0,0.0
2023-12-26 12:30:00-05:00,211.69000244140625,211.97000122070312,211.52000427246094,211.7899932861328,4856,0.0,0.0
2023-12-26 13:30:00-05:00,211.72000122070312,212.27999877929688,211.72000122070312,212.27999877929688,3052,0.0,0.0
2023-12-26 14:30:00-05:00,212.2100067138672,212.42999267578125,212.08999633789062,212.42999267578125,5597,0.0,0.0
2023-12-26 15:30:00-05:00,212.1999969482422,212.63999938964844,211.8300018310547,212.17999267578125,11170,0.0,0.0
2023-12-27 09:30:00-05:00,212.69000244140625,212.97000122070312,211.75999450683594,212.60000610351562,4122,0.0,0.0
2023-12-27 10:30:00-05:00,212.75,212.91000366210938,211.89999389648438,212.75,11125,0.0,0.0
2023-12-27 11:30:00-05:00,213.0,213.0,213.0,213.0,1276,0.0,0.0
2023-12-27 12:30:00-05:00,212.63499450683594,213.13999938964844,212.16000366210938,212.59100341796875,6556,0.0,0.0
2023-12-27 13:30:00-05:00,212.72189331054688,212.89999389648438,211.75999450683594,212.1199951171875,5714,0.0,0.0
2023-12-27 14:30:00-05:00,212.0850067138672,212.25,211.9499969482422,211.98500061035156,4550,0.0,0.0
2023-12-27 15:30:00-05:00,211.85000610351562,211.9550018310547,211.13999938964844,211.32000732421875,18538,0.0,0.0
2023-12-28 09:30:00-05:00,210.25999450683594,211.80999755859375,210.25999450683594,211.52000427246094,7971,0.0,0.0
2023-12-28 10:30:00-05:00,211.25,211.31500244140625,210.7550048828125,211.02999877929688,5351,0.0,0.0
2023-12-28 11:30:00-05:00,211.10000610351562,211.6199951171875,210.8000030517578,211.08999633789062,19255,0.0,0.0
2023-12-28 12:30:00-05:00,211.66000366210938,211.67999267578125,210.75,211.1199951171875,8177,0.0,0.0
2023-12-28 13:30:00-05:00,211.3000030517578,211.64999389648438,211.22000122070312,211.5399932861328,3518,0.0,0.0
2023-12-28 14:30:00-05:00,211.5800018310547,211.91000366210938,211.13999938964844,211.60000610351562,5928,0.0,0.0
2023-12-28 15:30:00-05:00,211.61500549316406,211.66000366210938,210.8800048828125,211.38999938964844,12002,0.0,0.0
2023-12-29 09:30:00-05:00,210.22000122070312,211.77499389648438,210.22000122070312,210.9550018310547,14310,0.0,0.0
2023-12-29 10:30:00-05:00,210.6999969482422,210.6999969482422,209.72000122070312,209.8000030517578,9537,0.0,0.0
2023-12-29 11:30:00-05:00,209.7949981689453,209.82249450683594,209.4199981689453,209.4199981689453,2945,0.0,0.0
2023-12-29 12:30:00-05:00,209.52000427246094,209.89999389648438,209.1199951171875,209.13999938964844,7838,0.0,0.0
2023-12-29 13:30:00-05:00,209.5,209.89999389648438,209.3863067626953,209.41000366210938,5984,0.0,0.0
2023-12-29 14:30:00-05:00,209.41000366210938,209.9600067138672,209.41000366210938,209.82000732421875,8288,0.0,0.0
2023-12-29 15:30:00-05:00,209.97000122070312,209.97000122070312,208.13999938964844,208.2899932861328,27720,0.0,0.0
2024-01-02 09:30:00-05:00,206.72000122070312,207.61000061035156,205.9550018310547,206.1300048828125,13679,0.0,0.0
2024-01-02 10:30:00-05:00,206.02000427246094,206.86000061035156,205.2100067138672,205.72000122070312,7702,0.0,0.0
2024-01-02 11:30:00-05:00,206.02000427246094,206.39990234375,205.6199951171875,205.6199951171875,9723,0.0,0.0
2024-01-02 12:30:00-05:00,206.35499572753906,206.36500549316406,204.6999969482422,204.8000030517578,9026,0.0,0.0
2024-01-02 13:30:00-05:00,204.42999267578125,204.8699951171875,204.08999633789062,204.08999633789062,4548,0.0,0.0
2024-01-02 14:30:00-05:00,204.0500030517578,204.0500030517578,203.44000244140625,203.8300018310547,10449,0.0,0.0
2024-01-02 15:30:00-05:00,203.86000061035156,204.4600067138672,203.61000061035156,204.4600067138672,29449,0.0,0.0
2024-01-03 09:30:00-05:00,202.41000366210938,203.11000061035156,200.41000366210938,201.17999267578125,20432,0.0,0.0
2024-01-03 10:30:00-05:00,201.27000427246094,201.89999389648438,200.25,200.83999633789062,14406,0.0,0.0
2024-01-03 11:30:00-05:00,201.41000366210938,201.41000366210938,200.0,200.13999938964844,7020,0.0,0.0
2024-01-03 12:30:00-05:00,200.6999969482422,200.82000732421875,200.10000610351562,200.65499877929688,8743,0.0,0.0
2024-01-03 13:30:00-05:00,200.4600067138672,200.4600067138672,198.6999969482422,199.89999389648438,13418,0.0,0.0
2024-01-03 14:30:00-05:00,199.64999389648438,199.86000061035156,198.2899932861328,198.33999633789062,10957,0.0,0.0
2024-01-03 15:30:00-05:00,198.61000061035156,198.8249969482422,198.1300048828125,198.5800018310547,29273,0.0,0.0
2024-01-04 09:30:00-05:00,199.5399932861328,199.9499969482422,198.6699981689453,199.53500366210938,5158,0.0,0.0
2024-01-04 10:30:00-05:00,199.8699951171875,200.3000030517578,199.55999755859375,200.02000427246094,9253,0.0,0.0
2024-01-04 11:30:00-05:00,199.77999877929688,199.99000549316406,198.17999267578125,199.10130310058594,34941,0.0,0.0
2024-01-04 12:30:00-05:00,199.32000732421875,199.32000732421875,198.0399932861328,198.0399932861328,4669,0.0,0.0
2024-01-04 13:30:00-05:00,198.02999877929688,198.29949951171875,197.63999938964844,197.63999938964844,6029,0.0,0.0
2024-01-04 14:30:00-05:00,197.5500030517578,197.66000366210938,197.13999938964844,197.13999938964844,6716,0.0,0.0
2024-01-04 15:30:00-05:00,197.4550018310547,197.4550018310547,196.3800048828125,196.6999969482422,24489,0.0,0.0
2024-01-05 09:30:00-05:00,194.92999267578125,197.22000122070312,194.92999267578125,196.68499755859375,13550,0.0,0.0
2024-01-05 10:30:00-05:00,196.5,196.77000427246094,196.41000366210938,196.63499450683594,9313,0.0,0.0
2024-01-05 11:30:00-05:00,196.7100067138672,196.94000244140625,195.76499938964844,195.92999267578125,12455,0.0,0.0
2024-01-05 12:30:00-05:00,195.8000030517578,196.97999572753906,195.44000244140625,196.75999450683594,15323,0.0,0.0
2024-01-05 13:30:00-05:00,196.9199981689453,197.1699981689453,196.72999572753906,196.80999755859375,5179,0.0,0.0
2024-01-05 14:30:00-05:00,196.71499633789062,196.97999572753906,195.6300048828125,196.32000732421875,8299,0.0,0.0
2024-01-05 15:30:00-05:00,196.3800048828125,196.3800048828125,195.44000244140625,195.47000122070312,20343,0.0,0.0
2024-01-08 09:30:00-05:00,195.69000244140625,196.6300048828125,195.35000610351562,195.82000732421875,9724,0.0,0.0
2024-01-08 10:30:00-05:00,196.01499938964844,196.58999633789062,195.71499633789062,196.14999389648438,7904,0.0,0.0
2024-01-08 11:30:00-05:00,196.3800048828125,196.52999877929688,195.82000732421875,195.8800048828125,10612,0.0,0.0
2024-01-08 12:30:00-05:00,195.99000549316406,196.5800018310547,195.97999572753906,196.35499572753906,7533,0.0,0.0
2024-01-08 13:30:00-05:00,196.35000610351562,196.47000122070312,196.01499938964844,196.25999450683594,8142,0.0,0.0
2024-01-08 14:30:00-05:00,196.5399932861328,196.63999938964844,196.24000549316406,196.63999938964844,7972,0.0,0.0
2024-01-08 15:30:00-05:00,196.64999389648438,197.2100067138672,196.63999938964844,197.16000366210938,18295,0.0,0.0
2024-01-09 09:30:00-05:00,194.82000732421875,194.82000732421875,192.47999572753906,194.0,13780,0.0,0.0
2024-01-09 10:30:00-05:00,193.8699951171875,194.41000366210938,193.5500030517578,194.1602020263672,7710,0.0,0.0
2024-01-09 11:30:00-05:00,194.43499755859375,195.55999755859375,194.39999389648438,195.55999755859375,4209,0.0,0.0
2024-01-09 12:30:00-05:00,195.2100067138672,195.9550018310547,195.19509887695312,195.19509887695312,9090,0.0,0.0
2024-01-09 13:30:00-05:00,195.1699981689453,196.08999633789062,194.82000732421875,195.4600067138672,8749,0.0,0.0
2024-01-09 14:30:00-05:00,195.35499572753906,195.6300048828125,195.22000122070312,195.4499969482422,6418,0.0,0.0
2024-01-09 15:30:00-05:00,195.08999633789062,195.6300048828125,194.99000549316406,195.27999877929688,16889,0.0,0.0
2024-01-10 09:30:00-05:00,195.4499969482422,196.41000366210938,194.60499572753906,195.74000549316406,6786,0.0,0.0
2024-01-10 10:30:00-05:00,195.99000549316406,196.69000244140625,195.41000366210938,196.44000244140625,6341,0.0,0.0
2024-01-10 11:30:00-05:00,196.2899932861328,197.0,196.2899932861328,196.97000122070312,11022,0.0,0.0
2024-01-10 12:30:00-05:00,196.97000122070312,197.1750030517578,196.47500610351562,197.1699981689453,10605,0.0,0.0
2024-01-10 13:30:00-05:00,196.82000732421875,197.3887939453125,196.7238006591797,196.89500427246094,6057,0.0,0.0
2024-01-10 14:30:00-05:00,197.27999877929688,197.55499267578125,196.74000549316406,196.97999572753906,9950,0.0,0.0
2024-01-10 15:30:00-05:00,196.99000549316406,197.8300018310547,196.7100067138672,197.80999755859375,20807,0.0,0.0
2024-01-11 09:30:00-05:00,197.52999877929688,198.52000427246094,196.1199951171875,196.14999389648438,9909,0.0,0.0
2024-01-11 10:30:00-05:00,196.50999450683594,196.50999450683594,194.5800018310547,194.9199981689453,7550,0.0,0.0
2024-01-11 11:30:00-05:00,194.4499969482422,194.92999267578125,194.05999755859375,194.61000061035156,11244,0.0,0.0
2024-01-11 12:30:00-05:00,194.10000610351562,195.13999938964844,194.10000610351562,195.00999450683594,5243,0.0,0.0
2024-01-11 13:30:00-05:00,195.18899536132812,195.59500122070312,195.18899536132812,195.59500122070312,2238,0.0,0.0
2024-01-11 14:30:00-05:00,195.8513946533203,196.25999450683594,195.5,196.16000366210938,7687,0.0,0.0
2024-01-11 15:30:00-05:00,196.16000366210938,196.91000366210938,196.07000732421875,196.7899932861328,17858,0.0,0.0
2024-01-12 09:30:00-05:00,199.19000244140625,199.25999450683594,197.36000061035156,197.88999938964844,5455,0.0,0.0
2024-01-12 10:30:00-05:00,197.41000366210938,198.17999267578125,196.77999877929688,198.17999267578125,7580,0.0,0.0
2024-01-12 11:30:00-05:00,198.5500030517578,198.5500030517578,197.14999389648438,197.1999969482422,4712,0.0,0.0
2024-01-12 12:30:00-05:00,198.0749969482422,198.0749969482422,197.35000610351562,197.6999969482422,4530,0.0,0.0
2024-01-12 13:30:00-05:00,198.00999450683594,198.44189453125,198.00999450683594,198.02999877929688,2892,0.0,0.0
2024-01-12 14:30:00-05:00,197.76400756835938,198.08999633789062,197.4600067138672,197.8800048828125,7287,0.0,0.0
2024-01-12 15:30:00-05:00,197.75999450683594,198.8300018310547,197.74000549316406,198.69000244140625,12618,0.0,0.0
2024-01-16 09:30:00-05:00,197.88999938964844,198.5399932861328,197.0,198.5399932861328,8562,0.0,0.0
2024-01-16 10:30:00-05:00,198.4550018310547,198.48599243164062,197.5500030517578,198.47000122070312,7314,0.0,0.0
2024-01-16 11:30:00-05:00,198.27000427246094,198.27000427246094,197.39999389648438,197.39999389648438,8393,0.0,0.0
2024-01-16 12:30:00-05:00,197.34500122070312,197.82460021972656,197.25,197.82000732421875,9764,0.0,0.0
2024-01-16 13:30:00-05:00,197.22000122070312,197.60000610351562,196.52999877929688,196.86000061035156,7735,0.0,0.0
2024-01-16 14:30:00-05:00,196.75,197.33999633789062,196.75,197.3000030517578,7502,0.0,0.0
2024-01-16 15:30:00-05:00,197.16000366210938,198.1199951171875,197.08999633789062,198.1199951171875,12213,0.0,0.0
2024-01-17 09:30:00-05:00,195.4600067138672,197.02000427246094,195.4600067138672,197.02000427246094,3567,0.0,0.0
2024-01-17 10:30:00-05:00,196.89999389648438,197.39999389648438,196.7899932861328,196.93499755859375,4045,0.0,0.0
2024-01-17 11:30:00-05:00,197.07000732421875,197.17999267578125,196.6999969482422,196.9250030517578,3943,0.0,0.0
2024-01-17 12:30:00-05:00,196.47000122070312,196.5800018310547,195.9949951171875,195.9949951171875,2662,0.0,0.0
2024-01-17 13:30:00-05:00,196.10499572753906,196.5,195.75,196.4199981689453,6953,0.0,0.0
2024-01-17 14:30:00-05:00,196.08999633789062,196.88999938964844,196.02999877929688,196.02999877929688,4606,0.0,0.0
2024-01-17 15:30:00-05:00,196.34249877929688,196.94000244140625,196.25999450683594,196.6999969482422,10936,0.0,0.0
2024-01-18 09:30:00-05:00,198.3000030517578,198.8699951171875,198.3000030517578,198.34500122070312,10677,0.0,0.0
2024-01-18 10:30:00-05:00,198.27999877929688,198.66000366210938,197.88499450683594,198.2100067138672,2770,0.0,0.0
2024-01-18 11:30:00-05:00,198.5500030517578,198.5500030517578,197.4499969482422,197.5,4194,0.0,0.0
2024-01-18 12:30:00-05:00,197.47999572753906,197.71420288085938,196.89999389648438,196.92999267578125,3132,0.0,0.0
2024-01-18 13:30:00-05:00,197.9499969482422,199.0800018310547,197.9499969482422,199.0800018310547,2992,0.0,0.0
2024-01-18 14:30:00-05:00,199.05999755859375,199.4199981689453,198.69000244140625,199.4199981689453,4015,0.0,0.0
2024-01-18 15:30:00-05:00,199.44500732421875,200.50999450683594,198.9199981689453,200.3800048828125,24238,0.0,0.0
2024-01-19 09:30:00-05:00,201.0500030517578,202.05999755859375,198.4499969482422,198.4600067138672,12628,0.0,0.0
2024-01-19 10:30:00-05:00,197.72000122070312,198.41000366210938,197.72000122070312,198.36000061035156,8728,0.0,0.0
2024-01-19 11:30:00-05:00,197.84910583496094,198.50999450683594,197.7949981689453,198.49000549316406,4798,0.0,0.0
2024-01-19 12:30:00-05:00,198.7050018310547,199.44000244140625,198.7050018310547,199.44000244140625,3245,0.0,0.0
2024-01-19 13:30:00-05:00,199.60679626464844,200.6699981689453,199.60679626464844,200.49000549316406,4127,0.0,0.0
2024-01-19 14:30:00-05:00,200.17999267578125,200.76499938964844,199.94500732421875,200.2899932861328,6693,0.0,0.0
2024-01-19 15:30:00-05:00,200.2899932861328,200.75,199.8699951171875,200.57000732421875,28532,0.0,0.0
2024-01-22 09:30:00-05:00,202.02999877929688,204.5500030517578,202.0,204.5500030517578,8406,0.0,0.0
2024-01-22 10:30:00-05:00,203.50999450683594,203.9499969482422,202.8000030517578,203.64500427246094,6985,0.0,0.0
2024-01-22 11:30:00-05:00,203.64999389648438,203.7100067138672,203.06500244140625,203.2100067138672,5215,0.0,0.0
2024-01-22 12:30:00-05:00,202.8300018310547,203.38499450683594,202.8300018310547,203.0800018310547,3782,0.0,0.0
2024-01-22 13:30:00-05:00,203.27000427246094,203.36000061035156,202.72999572753906,202.72999572753906,6546,0.0,0.0
2024-01-22 14:30:00-05:00,203.17999267578125,203.38999938964844,203.11000061035156,203.1999969482422,8893,0.0,0.0
2024-01-22 15:30:00-05:00,203.22999572753906,203.3800048828125,202.92999267578125,202.94000244140625,24299,0.0,0.0
2024-01-23 09:30:00-05:00,204.1199951171875,204.85000610351562,201.69500732421875,201.69500732421875,7077,0.0,0.0
2024-01-23 10:30:00-05:00,200.39999389648438,200.9600067138672,200.03500366210938,200.9600067138672,5329,0.0,0.0
2024-01-23 11:30:00-05:00,200.94500732421875,201.0762939453125,200.72999572753906,200.72999572753906,2573,0.0,0.0
2024-01-23 12:30:00-05:00,201.1999969482422,201.25999450683594,200.9600067138672,201.0,3250,0.0,0.0
2024-01-23 13:30:00-05:00,200.9600067138672,201.5500030517578,200.88999938964844,201.24000549316406,9838,0.0,0.0
2024-01-23 14:30:00-05:00,201.13999938964844,201.5500030517578,201.1199951171875,201.1199951171875,14770,0.0,0.0
2024-01-23 15:30:00-05:00,201.1649932861328,201.1649932861328,200.6699981689453,200.75999450683594,15252,0.0,0.0
2024-01-24 09:30:00-05:00,202.94000244140625,202.94000244140625,200.0500030517578,200.0500030517578,4161,0.0,0.0
2024-01-24 10:30:00-05:00,201.71400451660156,201.71400451660156,200.32000732421875,200.5749969482422,3520,0.0,0.0
2024-01-24 11:30:00-05:00,200.1199951171875,200.2899932861328,199.75,199.82000732421875,2499,0.0,0.0
2024-01-24 12:30:00-05:00,200.1300048828125,200.5399932861328,199.39999389648438,199.39999389648438,3889,0.0,0.0
2024-01-24 13:30:00-05:00,199.1300048828125,199.1300048828125,197.55999755859375,198.1699981689453,4933,0.0,0.0
2024-01-24 14:30:00-05:00,198.00999450683594,198.2299041748047,197.5800018310547,197.63999938964844,7999,0.0,0.0
2024-01-24 15:30:00-05:00,197.8300018310547,198.55999755859375,197.77000427246094,198.11000061035156,13195,0.0,0.0
2024-01-25 09:30:00-05:00,200.6199951171875,201.04010009765625,198.75,200.97999572753906,8291,0.0,0.0
2024-01-25 10:30:00-05:00,200.67999267578125,200.67999267578125,199.61000061035156,200.0800018310547,4202,0.0,0.0
2024-01-25 11:30:00-05:00,199.5399932861328,199.93499755859375,199.24000549316406,199.93499755859375,1749,0.0,0.0
2024-01-25 12:30:00-05:00,199.9333953857422,199.9333953857422,198.8699951171875,198.8699951171875,5332,0.0,0.0
2024-01-25 13:30:00-05:00,199.0500030517578,199.17999267578125,198.19000244140625,198.82000732421875,11392,0.0,0.0
2024-01-25 14:30:00-05:00,198.89999389648438,199.14500427246094,198.66380310058594,198.75,6423,0.0,0.0
2024-01-25 15:30:00-05:00,198.97999572753906,199.38999938964844,198.8800048828125,199.38999938964844,13278,0.0,0.0
2024-01-26 09:30:00-05:00,199.80999755859375,199.80999755859375,199.5,199.5,5996,0.0,0.0
2024-01-26 10:30:00-05:00,200.5,200.5,199.77000427246094,200.1750030517578,2338,0.0,0.0
2024-01-26 11:30:00-05:00,199.9499969482422,199.9925994873047,199.39999389648438,199.6999969482422,5031,0.0,0.0
2024-01-26 12:30:00-05:00,199.42999267578125,199.42999267578125,198.86000061035156,198.86000061035156,7692,0.0,0.0
2024-01-26 13:30:00-05:00,198.9600067138672,199.36500549316406,198.69000244140625,199.36500549316406,2988,0.0,0.0
2024-01-26 14:30:00-05:00,199.52999877929688,199.73399353027344,199.41000366210938,199.55999755859375,3674,0.0,0.0
2024-01-26 15:30:00-05:00,199.52000427246094,199.5800018310547,198.9199981689453,198.92999267578125,16474,0.0,0.0
2024-01-29 09:30:00-05:00,198.41000366210938,199.77000427246094,198.41000366210938,199.0399932861328,3143,0.0,0.0
2024-01-29 10:30:00-05:00,198.66000366210938,199.39500427246094,198.41000366210938,198.75999450683594,6844,0.0,0.0
2024-01-29 11:30:00-05:00,199.08999633789062,200.0800018310547,199.08999633789062,200.0749969482422,11561,0.0,0.0
2024-01-29 12:30:00-05:00,200.11500549316406,200.3300018310547,199.74000549316406,200.0050048828125,12967,0.0,0.0
2024-01-29 13:30:00-05:00,200.10000610351562,200.88499450683594,199.64999389648438,200.67999267578125,20990,0.0,0.0
2024-01-29 14:30:00-05:00,201.0500030517578,201.5749969482422,200.86000061035156,200.91000366210938,49207,0.0,0.0
2024-01-29 15:30:00-05:00,201.0200958251953,202.6699981689453,201.0200958251953,202.6699981689453,36374,0.0,0.0
2024-01-30 09:30:00-05:00,201.91000366210938,203.0,201.75999450683594,201.97999572753906,7020,0.0,0.0
2024-01-30 10:30:00-05:00,202.3000030517578,202.49000549316406,201.6999969482422,202.0800018310547,12153,0.0,0.0
2024-01-30 11:30:00-05:00,202.77999877929688,203.77499389648438,202.7200927734375,203.58999633789062,4931,0.0,0.0
2024-01-30 12:30:00-05:00,203.57000732421875,203.72999572753906,203.02000427246094,203.66000366210938,7568,0.0,0.0
2024-01-30 13:30:00-05:00,203.63999938964844,203.8249969482422,203.43499755859375,203.625,5433,0.0,0.0
2024-01-30 14:30:00-05:00,203.59750366210938,205.0,203.49000549316406,204.69000244140625,13254,0.0,0.0
2024-01-30 15:30:00-05:00,204.7050018310547,205.32000732421875,204.33999633789062,204.33999633789062,16288,0.0,0.0
2024-01-31 09:30:00-05:00,204.69000244140625,204.69000244140625,203.1300048828125,203.19000244140625,6151,0.0,0.0
2024-01-31 10:30:00-05:00,201.9949951171875,202.83999633789062,201.9600067138672,202.05999755859375,4049,0.0,0.0
2024-01-31 11:30:00-05:00,201.97999572753906,202.17999267578125,201.3000030517578,201.72999572753906,20147,0.0,0.0
2024-01-31 12:30:00-05:00,201.81500244140625,202.28500366210938,201.52000427246094,201.88999938964844,3608,0.0,0.0
2024-01-31 13:30:00-05:00,201.97000122070312,202.55999755859375,201.3800048828125,201.60000610351562,8925,0.0,0.0
2024-01-31 14:30:00-05:00,201.77999877929688,203.36000061035156,199.2899932861328,199.97999572753906,13607,0.0,0.0
2024-01-31 15:30:00-05:00,198.88999938964844,199.2050018310547,197.52999877929688,197.7100067138672,30080,0.0,0.0
2024-02-01 09:30:00-05:00,199.8300018310547,199.97999572753906,198.49000549316406,198.99000549316406,13182,0.0,0.0
2024-02-01 10:30:00-05:00,198.99000549316406,199.19000244140625,197.85499572753906,198.65989685058594,7414,0.0,0.0
2024-02-01 11:30:00-05:00,198.92999267578125,200.6199951171875,198.56500244140625,199.64999389648438,6074,0.0,0.0
2024-02-01 12:30:00-05:00,200.11000061035156,202.24000549316406,200.11000061035156,201.5399932861328,5803,0.0,0.0
2024-02-01 13:30:00-05:00,201.4499969482422,201.4600067138672,200.97000122070312,201.24000549316406,5337,0.0,0.0
2024-02-01 14:30:00-05:00,202.0,202.4199981689453,201.61000061035156,201.92039489746094,17301,0.0,0.0
2024-02-01 15:30:00-05:00,202.05499267578125,202.82000732421875,201.85000610351562,202.55999755859375,18001,0.0,0.0
2024-02-02 09:30:00-05:00,200.6199951171875,201.86500549316406,198.69000244140625,200.07000732421875,7812,0.0,0.0
2024-02-02 10:30:00-05:00,199.6300048828125,200.89999389648438,199.6300048828125,200.7449951171875,6359,0.0,0.0
2024-02-02 11:30:00-05:00,200.88250732421875,200.88250732421875,200.61000061035156,200.61000061035156,3139,0.0,0.0
2024-02-02 12:30:00-05:00,200.72000122070312,200.8300018310547,199.41000366210938,200.80999755859375,7627,0.0,0.0
2024-02-02 13:30:00-05:00,200.80999755859375,202.17999267578125,200.80999755859375,202.17999267578125,6081,0.0,0.0
2024-02-02 14:30:00-05:00,202.3000030517578,202.58999633789062,201.97999572753906,202.2949981689453,5605,0.0,0.0
2024-02-02 15:30:00-05:00,202.05999755859375,202.13999938964844,201.2899932861328,202.0399932861328,11157,0.0,0.0
2024-02-05 09:30:00-05:00,199.1699981689453,199.72000122070312,197.9550018310547,199.25999450683594,21736,0.0,0.0
2024-02-05 10:30:00-05:00,199.39500427246094,200.0,198.7050018310547,199.7050018310547,12375,0.0,0.0
2024-02-05 11:30:00-05:00,200.0500030517578,200.3000030517578,199.8574981689453,200.3000030517578,4669,0.0,0.0
2024-02-05 12:30:00-05:00,200.4550018310547,200.625,199.80999755859375,199.98500061035156,6267,0.0,0.0
2024-02-05 13:30:00-05:00,199.9149932861328,200.47000122070312,199.9149932861328,200.2100067138672,5855,0.0,0.0
2024-02-05 14:30:00-05:00,200.13999938964844,200.39999389648438,200.0,200.32000732421875,13350,0.0,0.0
2024-02-05 15:30:00-05:00,200.63999938964844,200.75,199.33999633789062,199.35000610351562,19878,0.0,0.0
2024-02-06 09:30:00-05:00,199.6699981689453,201.5500030517578,199.6699981689453,201.14039611816406,5606,0.0,0.0
2024-02-06 10:30:00-05:00,201.8000030517578,202.00999450683594,201.4199981689453,202.00999450683594,4159,0.0,0.0
2024-02-06 11:30:00-05:00,202.5,202.5,201.3800048828125,201.9149932861328,17324,0.0,0.0
2024-02-06 12:30:00-05:00,201.91000366210938,202.22000122070312,201.57000732421875,202.22000122070312,11463,0.0,0.0
2024-02-06 13:30:00-05:00,202.44500732421875,203.0,201.6300048828125,201.8800048828125,10415,0.0,0.0
2024-02-06 14:30:00-05:00,201.97999572753906,202.61000061035156,201.80999755859375,202.47000122070312,7536,0.0,0.0
2024-02-06 15:30:00-05:00,202.3300018310547,202.50999450683594,201.875,202.1999969482422,20852,0.0,0.0
2024-02-07 09:30:00-05:00,203.36000061035156,206.3699951171875,202.5,206.1300048828125,13629,0.0,0.0
2024-02-07 10:30:00-05:00,206.0800018310547,209.1750030517578,205.6999969482422,208.84500122070312,19739,0.0,0.0
2024-02-07 11:30:00-05:00,208.7550048828125,209.9550018310547,208.18499755859375,209.125,17183,0.0,0.0
2024-02-07 12:30:00-05:00,209.6300048828125,210.9499969482422,209.4600067138672,209.6199951171875,16172,0.0,0.0
2024-02-07 13:30:00-05:00,209.88499450683594,210.67999267578125,209.88499450683594,210.67999267578125,13362,0.0,0.0
2024-02-07 14:30:00-05:00,210.4499969482422,210.50999450683594,208.49000549316406,208.8800048828125,12352,0.0,0.0
2024-02-07 15:30:00-05:00,208.86000061035156,209.15499877929688,207.60000610351562,207.83999633789062,19436,0.0,0.0
2024-02-08 09:30:00-05:00,209.0800018310547,209.0800018310547,206.08999633789062,207.5800018310547,7139,0.0,0.0
2024-02-08 10:30:00-05:00,207.47000122070312,209.65499877929688,207.47000122070312,209.16000366210938,17986,0.0,0.0
2024-02-08 11:30:00-05:00,209.1999969482422,210.50999450683594,209.10000610351562,210.47000122070312,17484,0.0,0.0
2024-02-08 12:30:00-05:00,210.57000732421875,211.60000610351562,210.05999755859375,211.35000610351562,16752,0.0,0.0
2024-02-08 13:30:00-05:00,211.60000610351562,213.02999877929688,211.60000610351562,212.47000122070312,15722,0.0,0.0
2024-02-08 14:30:00-05:00,212.4550018310547,213.77499389648438,212.2449951171875,213.4499969482422,22867,0.0,0.0
2024-02-08 15:30:00-05:00,213.25999450683594,214.47500610351562,213.02499389648438,213.30999755859375,39810,0.0,0.0
2024-02-09 09:30:00-05:00,214.3699951171875,214.92999267578125,212.8800048828125,214.01499938964844,10470,0.0,0.0
2024-02-09 10:30:00-05:00,214.27999877929688,214.60000610351562,212.93499755859375,213.97999572753906,11952,0.0,0.0
2024-02-09 11:30:00-05:00,213.97000122070312,214.80999755859375,213.6699981689453,214.80999755859375,11534,0.0,0.0
2024-02-09 12:30:00-05:00,214.68910217285156,215.4199981689453,214.68910217285156,215.2899932861328,7261,0.0,0.0
2024-02-09 13:30:00-05:00,215.39999389648438,215.6699981689453,214.76499938964844,215.6699981689453,6591,0.0,0.0
2024-02-09 14:30:00-05:00,215.6699981689453,216.17999267578125,215.36000061035156,216.17999267578125,16564,0.0,0.0
2024-02-09 15:30:00-05:00,215.63999938964844,215.99000549316406,215.10000610351562,215.74000549316406,34526,0.0,0.0
2024-02-12 09:30:00-05:00,215.64999389648438,218.44500732421875,214.72000122070312,218.1999969482422,20361,0.0,0.0
2024-02-12 10:30:00-05:00,218.4199981689453,218.46499633789062,217.52999877929688,218.0,18139,0.0,0.0
2024-02-12 11:30:00-05:00,217.99000549316406,218.53500366210938,217.7949981689453,218.36000061035156,12364,0.0,0.0
2024-02-12 12:30:00-05:00,218.3300018310547,218.7100067138672,217.99000549316406,218.19459533691406,51483,0.0,0.0
2024-02-12 13:30:00-05:00,218.28500366210938,219.21580505371094,218.10009765625,218.84500122070312,30257,0.0,0.0
2024-02-12 14:30:00-05:00,218.78309631347656,219.52000427246094,217.63999938964844,218.42999267578125,34285,0.0,0.0
2024-02-12 15:30:00-05:00,218.32000732421875,218.77000427246094,217.74000549316406,218.02999877929688,76555,0.0,0.0
2024-02-13 09:30:00-05:00,212.25999450683594,212.25999450683594,198.38999938964844,201.50999450683594,68932,0.0,0.0
2024-02-13 10:30:00-05:00,201.5500030517578,202.38999938964844,198.61000061035156,198.72000122070312,41053,0.0,0.0
2024-02-13 11:30:00-05:00,198.72999572753906,200.69000244140625,198.72999572753906,199.91000366210938,31512,0.0,0.0
2024-02-13 12:30:00-05:00,199.8699951171875,200.27999877929688,195.52000427246094,196.85000610351562,41512,0.0,0.0
2024-02-13 13:30:00-05:00,196.8300018310547,198.64999389648438,196.8300018310547,198.41000366210938,46669,0.0,0.0
2024-02-13 14:30:00-05:00,198.32510375976562,199.10000610351562,196.05189514160156,198.1300048828125,72314,0.0,0.0
2024-02-13 15:30:00-05:00,197.8000030517578,199.39999389648438,197.8000030517578,199.00999450683594,106109,0.0,0.0
2024-02-14 09:30:00-05:00,204.0,204.0,201.22999572753906,202.9600067138672,43620,0.0,0.0
2024-02-14 10:30:00-05:00,202.9949951171875,204.48500061035156,202.27000427246094,204.3350067138672,29145,0.0,0.0
2024-02-14 11:30:00-05:00,204.1750030517578,204.38999938964844,202.9499969482422,203.80999755859375,40971,0.0,0.0
2024-02-14 12:30:00-05:00,203.19500732421875,203.19500732421875,201.57000732421875,201.57000732421875,17122,0.0,0.0
2024-02-14 13:30:00-05:00,201.55999755859375,202.00999450683594,200.38999938964844,201.0,26333,0.0,0.0
2024-02-14 14:30:00-05:00,201.0,202.02999877929688,201.0,201.52499389648438,33238,0.0,0.0
2024-02-14 15:30:00-05:00,201.42999267578125,201.42999267578125,199.90499877929688,200.66000366210938,68758,0.0,0.0
2024-02-15 09:30:00-05:00,201.32000732421875,202.11000061035156,196.72999572753906,197.77000427246094,28641,0.0,0.0
2024-02-15 10:30:00-05:00,197.80999755859375,197.92999267578125,196.4600067138672,197.0399932861328,15312,0.0,0.0
2024-02-15 11:30:00-05:00,196.72999572753906,199.2050018310547,196.55999755859375,199.0500030517578,27044,0.0,0.0
2024-02-15 12:30:00-05:00,198.8300018310547,200.64999389648438,198.38999938964844,200.25509643554688,17555,0.0,0.0
2024-02-15 13:30:00-05:00,200.181396484375,201.3699951171875,200.16000366210938,201.16000366210938,13032,0.0,0.0
2024-02-15 14:30:00-05:00,201.64999389648438,202.82000732421875,201.47999572753906,202.25999450683594,21048,0.0,0.0
2024-02-15 15:30:00-05:00,202.35000610351562,202.38999938964844,201.34100341796875,201.41000366210938,55225,0.0,0.0
2024-02-16 09:30:00-05:00,200.11000061035156,202.32000732421875,199.97000122070312,200.66000366210938,22907,0.0,0.0
2024-02-16 10:30:00-05:00,200.50999450683594,200.7698974609375,199.27000427246094,199.75,11378,0.0,0.0
2024-02-16 11:30:00-05:00,199.97999572753906,200.3300018310547,199.4499969482422,199.88999938964844,8038,0.0,0.0
2024-02-16 12:30:00-05:00,200.0800018310547,200.3000030517578,199.39999389648438,200.07000732421875,5803,0.0,0.0
2024-02-16 13:30:00-05:00,200.06500244140625,200.63499450683594,199.9149932861328,200.30999755859375,6414,0.0,0.0
2024-02-16 14:30:00-05:00,199.80999755859375,199.80999755859375,198.2100067138672,199.1300048828125,9953,0.0,0.0
2024-02-16 15:30:00-05:00,199.51499938964844,199.51499938964844,197.97000122070312,197.99000549316406,17561,0.0,0.0
2024-02-20 09:30:00-05:00,194.8699951171875,196.02999877929688,193.6300048828125,195.97999572753906,15600,0.0,0.0
2024-02-20 10:30:00-05:00,195.72999572753906,196.17999267578125,195.5,196.02000427246094,6917,0.0,0.0
2024-02-20 11:30:00-05:00,195.8300018310547,195.8300018310547,194.83999633789062,195.14999389648438,8121,0.0,0.0
2024-02-20 12:30:00-05:00,194.85000610351562,196.07000732421875,194.58999633789062,195.63499450683594,10205,0.0,0.0
2024-02-20 13:30:00-05:00,195.69500732421875,196.4550018310547,195.33819580078125,195.5500030517578,9823,0.0,0.0
2024-02-20 14:30:00-05:00,195.97500610351562,196.82000732421875,195.75,196.82000732421875,15808,0.0,0.0
2024-02-20 15:30:00-05:00,196.74000549316406,196.75999450683594,195.86000061035156,196.52999877929688,24174,0.0,0.0
2024-02-21 09:30:00-05:00,197.16000366210938,197.16000366210938,195.5399932861328,197.12269592285156,30098,0.0,0.0
2024-02-21 10:30:00-05:00,197.00999450683594,197.22999572753906,196.75999450683594,196.83999633789062,7441,0.0,0.0
2024-02-21 11:30:00-05:00,196.52499389648438,198.24000549316406,196.24569702148438,198.24000549316406,19586,0.0,0.0
2024-02-21 12:30:00-05:00,198.38999938964844,198.38999938964844,197.69000244140625,198.36000061035156,7042,0.0,0.0
2024-02-21 13:30:00-05:00,198.19000244140625,198.22000122070312,197.5,197.75,11184,0.0,0.0
2024-02-21 14:30:00-05:00,197.50999450683594,197.5449981689453,196.7899932861328,196.8000030517578,9409,0.0,0.0
2024-02-21 15:30:00-05:00,196.9600067138672,197.6999969482422,196.44000244140625,197.57000732421875,23623,0.0,0.0
2024-02-22 09:30:00-05:00,198.3000030517578,199.36500549316406,196.25,197.5800018310547,59536,0.0,0.0
2024-02-22 10:30:00-05:00,197.42999267578125,197.42999267578125,195.1999969482422,195.25999450683594,16244,0.0,0.0
2024-02-22 11:30:00-05:00,195.27000427246094,196.0,194.77999877929688,195.36500549316406,19349,0.0,0.0
2024-02-22 12:30:00-05:00,195.97999572753906,196.14999389648438,195.02000427246094,195.2050018310547,5694,0.0,0.0
2024-02-22 13:30:00-05:00,195.2050018310547,196.7899932861328,194.9600067138672,196.7899932861328,9507,0.0,0.0
2024-02-22 14:30:00-05:00,197.16000366210938,197.16000366210938,196.30099487304688,196.3699951171875,10506,0.0,0.0
2024-02-22 15:30:00-05:00,196.63999938964844,196.88999938964844,196.02999877929688,196.07000732421875,23917,0.0,0.0
2024-02-23 09:30:00-05:00,197.02999877929688,198.72000122070312,197.02999877929688,197.9499969482422,7681,0.0,0.0
2024-02-23 10:30:00-05:00,197.5,198.25999450683594,197.30499267578125,198.0500030517578,9798,0.0,0.0
2024-02-23 11:30:00-05:00,198.28500366210938,199.0,197.9499969482422,198.68499755859375,15552,0.0,0.0
2024-02-23 12:30:00-05:00,198.64999389648438,199.0800018310547,198.64999389648438,198.8000030517578,4403,0.0,0.0
2024-02-23 13:30:00-05:00,198.97500610351562,199.05999755859375,198.32000732421875,198.32000732421875,6285,0.0,0.0
2024-02-23 14:30:00-05:00,197.85000610351562,198.3845977783203,197.85000610351562,198.05999755859375,6906,0.0,0.0
2024-02-23 15:30:00-05:00,197.94000244140625,198.24000549316406,197.8800048828125,197.89999389648438,16180,0.0,0.0
2024-02-26 09:30:00-05:00,196.67999267578125,197.86000061035156,196.67999267578125,197.2899932861328,6936,0.0,0.0
2024-02-26 10:30:00-05:00,197.2899932861328,197.90750122070312,196.82009887695312,197.6750030517578,7232,0.0,0.0
2024-02-26 11:30:00-05:00,197.5399932861328,198.14999389648438,197.50999450683594,198.14999389648438,5047,0.0,0.0
2024-02-26 12:30:00-05:00,198.44000244140625,198.6300048828125,197.94000244140625,197.9600067138672,9514,0.0,0.0
2024-02-26 13:30:00-05:00,197.91000366210938,198.64999389648438,197.78500366210938,197.89999389648438,7527,0.0,0.0
2024-02-26 14:30:00-05:00,197.90499877929688,198.9149932861328,197.86000061035156,198.7899932861328,11201,0.0,0.0
2024-02-26 15:30:00-05:00,198.6699981689453,199.0,198.1999969482422,198.2100067138672,27442,0.0,0.0
2024-02-27 09:30:00-05:00,198.9199981689453,199.22000122070312,197.8574981689453,198.52999877929688,9691,0.0,0.0
2024-02-27 10:30:00-05:00,198.55999755859375,199.0,198.22000122070312,198.61000061035156,6673,0.0,0.0
2024-02-27 11:30:00-05:00,197.9949951171875,198.14999389648438,197.58999633789062,197.80999755859375,8372,0.0,0.0
2024-02-27 12:30:00-05:00,197.80999755859375,198.02999877929688,197.10000610351562,197.6300048828125,9693,0.0,0.0
2024-02-27 13:30:00-05:00,197.33999633789062,197.9250030517578,197.33999633789062,197.85000610351562,6607,0.0,0.0
2024-02-27 14:30:00-05:00,198.0399932861328,198.72000122070312,197.57000732421875,198.72000122070312,7353,0.0,0.0
2024-02-27 15:30:00-05:00,198.71249389648438,199.44000244140625,198.71249389648438,199.14999389648438,29110,0.0,0.0
2024-02-28 09:30:00-05:00,198.6699981689453,200.32000732421875,198.6396942138672,200.32000732421875,8610,0.0,0.0
2024-02-28 10:30:00-05:00,200.15499877929688,200.7100067138672,199.98370361328125,199.98370361328125,5434,0.0,0.0
2024-02-28 11:30:00-05:00,199.6300048828125,200.02499389648438,199.6300048828125,199.69000244140625,3839,0.0,0.0
2024-02-28 12:30:00-05:00,199.38999938964844,199.7100067138672,199.25999450683594,199.4600067138672,6933,0.0,0.0
2024-02-28 13:30:00-05:00,199.25999450683594,199.38999938964844,198.8697052001953,198.8697052001953,4339,0.0,0.0
2024-02-28 14:30:00-05:00,199.08990478515625,199.27000427246094,199.0399932861328,199.26499938964844,7941,0.0,0.0
2024-02-28 15:30:00-05:00,199.1999969482422,199.77000427246094,199.10000610351562,199.75999450683594,13944,0.0,0.0
2024-02-29 09:30:00-05:00,201.49000549316406,202.33999633789062,200.88499450683594,202.27999877929688,19643,0.0,0.0
2024-02-29 10:30:00-05:00,202.1199951171875,202.80999755859375,201.61000061035156,201.7899932861328,15501,0.0,0.0
2024-02-29 11:30:00-05:00,202.01499938964844,202.86000061035156,201.67999267578125,201.76499938964844,14923,0.0,0.0
2024-02-29 12:30:00-05:00,202.07000732421875,202.24000549316406,201.4550018310547,202.10000610351562,9864,0.0,0.0
2024-02-29 13:30:00-05:00,201.92999267578125,202.50819396972656,201.7550048828125,201.7550048828125,14518,0.0,0.0
2024-02-29 14:30:00-05:00,201.66000366210938,202.5800018310547,201.63499450683594,202.5800018310547,14900,0.0,0.0
2024-02-29 15:30:00-05:00,202.9600067138672,204.24000549316406,202.74000549316406,203.57000732421875,30018,0.0,0.0
2024-03-01 09:30:00-05:00,203.3699951171875,205.8300018310547,202.74000549316406,205.8300018310547,19071,0.0,0.0
2024-03-01 10:30:00-05:00,205.83999633789062,206.44000244140625,205.2949981689453,205.2949981689453,13253,0.0,0.0
2024-03-01 11:30:00-05:00,205.27999877929688,206.77000427246094,205.2100067138672,206.77000427246094,10008,0.0,0.0
2024-03-01 12:30:00-05:00,206.72500610351562,206.88999938964844,205.77000427246094,205.9600067138672,9431,0.0,0.0
2024-03-01 13:30:00-05:00,206.08999633789062,206.08999633789062,204.7899932861328,204.93499755859375,27124,0.0,0.0
2024-03-01 14:30:00-05:00,205.1999969482422,205.4600067138672,204.57000732421875,205.39999389648438,14548,0.0,0.0
2024-03-01 15:30:00-05:00,205.38900756835938,206.17999267578125,204.55999755859375,206.17999267578125,26133,0.0,0.0
2024-03-04 09:30:00-05:00,206.72999572753906,209.77999877929688,206.72999572753906,207.75,8627,0.0,0.0
2024-03-04 10:30:00-05:00,207.39500427246094,207.39500427246094,206.38999938964844,206.4199981689453,8294,0.0,0.0
2024-03-04 11:30:00-05:00,206.57000732421875,206.7100067138672,205.77999877929688,205.86000061035156,11553,0.0,0.0
2024-03-04 12:30:00-05:00,206.3699951171875,208.2050018310547,206.3699951171875,207.97999572753906,12737,0.0,0.0
2024-03-04 13:30:00-05:00,208.42999267578125,208.5449981689453,208.14999389648438,208.5449981689453,6150,0.0,0.0
2024-03-04 14:30:00-05:00,208.53500366210938,208.75,208.10499572753906,208.1999969482422,11744,0.0,0.0
2024-03-04 15:30:00-05:00,208.07000732421875,208.19000244140625,206.3000030517578,206.42999267578125,35553,0.0,0.0
2024-03-05 09:30:00-05:00,205.14999389648438,206.17999267578125,205.14999389648438,205.72500610351562,8491,0.0,0.0
2024-03-05 10:30:00-05:00,205.41900634765625,206.97999572753906,205.41900634765625,206.8300018310547,6647,0.0,0.0
2024-03-05 11:30:00-05:00,206.75,207.06500244140625,206.75,207.06500244140625,5585,0.0,0.0
2024-03-05 12:30:00-05:00,206.5050048828125,206.63999938964844,205.25,205.25,14255,0.0,0.0
2024-03-05 13:30:00-05:00,205.4199981689453,205.4199981689453,204.5850067138672,204.86500549316406,5919,0.0,0.0
2024-03-05 14:30:00-05:00,204.7050018310547,204.7050018310547,203.4499969482422,203.5305938720703,29303,0.0,0.0
2024-03-05 15:30:00-05:00,203.0399932861328,203.91799926757812,202.8000030517578,203.60000610351562,15547,0.0,0.0
2024-03-06 09:30:00-05:00,205.3300018310547,205.41000366210938,205.11000061035156,205.125,2953,0.0,0.0
2024-03-06 10:30:00-05:00,205.1750030517578,205.25,204.3000030517578,204.35000610351562,7273,0.0,0.0
2024-03-06 11:30:00-05:00,204.99000549316406,206.05999755859375,204.35499572753906,205.6143035888672,8273,0.0,0.0
2024-03-06 12:30:00-05:00,205.80499267578125,205.80499267578125,205.11500549316406,205.49000549316406,4132,0.0,0.0
2024-03-06 13:30:00-05:00,205.63999938964844,205.63999938964844,204.34500122070312,204.63999938964844,5785,0.0,0.0
2024-03-06 14:30:00-05:00,204.63499450683594,204.63499450683594,203.81900024414062,204.25999450683594,8255,0.0,0.0
2024-03-06 15:30:00-05:00,204.22000122070312,204.42999267578125,203.6300048828125,204.1699981689453,20393,0.0,0.0
2024-03-07 09:30:00-05:00,205.8699951171875,208.0449981689453,204.72000122070312,206.82000732421875,11073,0.0,0.0
2024-03-07 10:30:00-05:00,206.6750030517578,207.27999877929688,205.8699951171875,206.02000427246094,6035,0.0,0.0
2024-03-07 11:30:00-05:00,205.88999938964844,206.41000366210938,205.88499450683594,206.30999755859375,3838,0.0,0.0
2024-03-07 12:30:00-05:00,205.92999267578125,206.33999633789062,205.92999267578125,206.13999938964844,5434,0.0,0.0
2024-03-07 13:30:00-05:00,206.3300018310547,206.8350067138672,206.24000549316406,206.66000366210938,6408,0.0,0.0
2024-03-07 14:30:00-05:00,206.50999450683594,206.52999877929688,205.6649932861328,205.71499633789062,7150,0.0,0.0
2024-03-07 15:30:00-05:00,205.72500610351562,206.7050018310547,205.4149932861328,206.25999450683594,19668,0.0,0.0
2024-03-08 09:30:00-05:00,208.19000244140625,209.24000549316406,207.58999633789062,207.58999633789062,8571,0.0,0.0
2024-03-08 10:30:00-05:00,207.3699951171875,208.3800048828125,207.3699951171875,207.64999389648438,5620,0.0,0.0
2024-03-08 11:30:00-05:00,207.07000732421875,207.38999938964844,206.47999572753906,206.52999877929688,5006,0.0,0.0
2024-03-08 12:30:00-05:00,206.74000549316406,206.74000549316406,205.4499969482422,205.514892578125,6506,0.0,0.0
2024-03-08 13:30:00-05:00,204.47360229492188,205.3227996826172,204.3000030517578,205.2899932861328,4307,0.0,0.0
2024-03-08 14:30:00-05:00,205.39999389648438,205.39999389648438,204.40499877929688,204.40499877929688,6303,0.0,0.0
2024-03-08 15:30:00-05:00,204.65499877929688,205.13999938964844,204.53500366210938,204.8300018310547,16240,0.0,0.0
2024-03-11 09:30:00-04:00,204.13999938964844,204.13999938964844,202.8300018310547,203.53500366210938,4870,0.0,0.0
2024-03-11 10:30:00-04:00,203.97000122070312,204.11000061035156,203.22999572753906,203.75999450683594,6965,0.0,0.0
2024-03-11 11:30:00-04:00,203.3800048828125,204.6699981689453,203.3800048828125,204.39500427246094,9428,0.0,0.0
2024-03-11 12:30:00-04:00,204.4600067138672,204.4600067138672,203.1300048828125,203.4250030517578,8795,0.0,0.0
2024-03-11 13:30:00-04:00,203.32000732421875,203.7899932861328,203.25999450683594,203.7449951171875,8213,0.0,0.0
2024-03-11 14:30:00-04:00,203.63999938964844,204.13999938964844,203.63999938964844,204.00999450683594,7746,0.0,0.0
2024-03-11 15:30:00-04:00,203.6649932861328,204.1999969482422,203.11000061035156,203.38999938964844,28399,0.0,0.0
2024-03-12 09:30:00-04:00,203.3800048828125,203.8300018310547,202.25999450683594,203.30999755859375,6523,0.0,0.0
2024-03-12 10:30:00-04:00,203.93499755859375,204.44000244140625,202.7899932861328,202.99000549316406,7997,0.0,0.0
2024-03-12 11:30:00-04:00,202.64999389648438,203.3000030517578,201.82000732421875,201.86000061035156,14005,0.0,0.0
2024-03-12 12:30:00-04:00,201.94000244140625,202.13999938964844,200.99000549316406,201.9416046142578,12274,0.0,0.0
2024-03-12 13:30:00-04:00,201.9250030517578,202.36000061035156,201.8800048828125,202.30999755859375,8059,0.0,0.0
2024-03-12 14:30:00-04:00,202.4199981689453,203.25,201.8300018310547,203.25,13295,0.0,0.0
2024-03-12 15:30:00-04:00,203.25,203.25,202.27000427246094,202.8300018310547,34502,0.0,0.0
2024-03-13 09:30:00-04:00,202.07000732421875,204.10000610351562,202.07000732421875,203.8300018310547,8574,0.0,0.0
2024-03-13 10:30:00-04:00,203.84500122070312,203.84500122070312,202.6300048828125,203.77499389648438,5643,0.0,0.0
2024-03-13 11:30:00-04:00,203.47000122070312,204.38499450683594,203.47000122070312,203.6300048828125,7881,0.0,0.0
2024-03-13 12:30:00-04:00,203.88499450683594,204.9149932861328,203.72999572753906,204.25999450683594,5188,0.0,0.0
2024-03-13 13:30:00-04:00,204.50999450683594,204.57000732421875,203.97000122070312,204.0500030517578,7771,0.0,0.0
2024-03-13 14:30:00-04:00,204.04519653320312,204.13999938964844,202.88499450683594,202.88499450683594,12859,0.0,0.0
2024-03-13 15:30:00-04:00,202.88499450683594,204.0500030517578,202.88499450683594,204.0500030517578,24445,0.0,0.0
2024-03-14 09:30:00-04:00,203.4499969482422,204.86000061035156,201.97500610351562,202.07000732421875,10336,0.0,0.0
2024-03-14 10:30:00-04:00,202.8300018310547,203.63999938964844,201.9550018310547,202.27999877929688,6944,0.0,0.0
2024-03-14 11:30:00-04:00,202.1300048828125,202.627197265625,201.98500061035156,202.627197265625,4749,0.0,0.0
2024-03-14 12:30:00-04:00,202.64500427246094,202.64500427246094,201.66000366210938,201.67999267578125,7306,0.0,0.0
2024-03-14 13:30:00-04:00,201.61000061035156,202.66000366210938,201.61000061035156,202.5399932861328,9162,0.0,0.0
2024-03-14 14:30:00-04:00,202.42999267578125,202.7100067138672,201.2100067138672,201.5500030517578,10271,0.0,0.0
2024-03-14 15:30:00-04:00,201.36000061035156,202.58999633789062,201.1199951171875,202.58999633789062,16196,0.0,0.0
2024-03-15 09:30:00-04:00,201.64999389648438,204.2100067138672,201.64999389648438,203.64999389648438,52388,0.0,0.0
2024-03-15 10:30:00-04:00,203.68080139160156,203.85000610351562,203.56480407714844,203.82000732421875,4258,0.0,0.0
2024-03-15 11:30:00-04:00,203.4792938232422,204.22999572753906,203.42869567871094,203.5800018310547,7745,0.0,0.0
2024-03-15 12:30:00-04:00,203.3699951171875,203.9199981689453,203.19000244140625,203.72999572753906,7608,0.0,0.0
2024-03-15 13:30:00-04:00,203.8704071044922,204.88999938964844,203.8704071044922,204.88999938964844,10053,0.0,0.0
2024-03-15 14:30:00-04:00,204.89999389648438,204.94500732421875,204.5,204.75,12059,0.0,0.0
2024-03-15 15:30:00-04:00,204.85000610351562,205.3350067138672,203.8800048828125,204.3000030517578,23435,0.0,0.0
2024-03-18 09:30:00-04:00,204.0399932861328,205.88499450683594,203.0800018310547,203.32000732421875,8502,0.0,0.0
2024-03-18 10:30:00-04:00,203.13999938964844,204.3394012451172,203.13999938964844,204.3394012451172,3741,0.0,0.0
2024-03-18 11:30:00-04:00,204.40499877929688,204.40499877929688,203.3699951171875,203.6999969482422,11792,0.0,0.0
2024-03-18 12:30:00-04:00,204.0050048828125,204.0050048828125,203.63999938964844,203.67999267578125,3628,0.0,0.0
2024-03-18 13:30:00-04:00,203.7550048828125,203.77999877929688,203.44000244140625,203.5500030517578,4851,0.0,0.0
2024-03-18 14:30:00-04:00,203.60000610351562,203.7812957763672,202.64999389648438,202.66000366210938,10376,0.0,0.0
2024-03-18 15:30:00-04:00,202.4499969482422,202.58999633789062,201.16000366210938,201.17999267578125,19739,0.0,0.0
2024-03-19 09:30:00-04:00,200.69000244140625,203.43919372558594,200.69000244140625,202.3300018310547,7330,0.0,0.0
2024-03-19 10:30:00-04:00,202.1300048828125,202.50999450683594,201.72999572753906,202.4149932861328,4615,0.0,0.0
2024-03-19 11:30:00-04:00,202.44000244140625,202.99000549316406,202.39999389648438,202.75,4810,0.0,0.0
2024-03-19 12:30:00-04:00,203.02499389648438,203.8300018310547,202.85000610351562,203.7100067138672,8795,0.0,0.0
2024-03-19 13:30:00-04:00,203.6699981689453,204.0258026123047,203.6699981689453,204.0258026123047,1388,0.0,0.0
2024-03-19 14:30:00-04:00,203.9199981689453,204.27999877929688,203.74000549316406,204.27999877929688,5952,0.0,0.0
2024-03-19 15:30:00-04:00,204.2899932861328,204.60499572753906,203.9600067138672,204.00999450683594,17047,0.0,0.0
2024-03-20 09:30:00-04:00,204.17999267578125,204.85000610351562,203.36000061035156,203.81500244140625,5080,0.0,0.0
2024-03-20 10:30:00-04:00,203.875,204.0500030517578,203.36000061035156,203.80999755859375,6501,0.0,0.0
2024-03-20 11:30:00-04:00,203.86000061035156,204.39999389648438,203.86000061035156,204.21499633789062,5212,0.0,0.0
2024-03-20 12:30:00-04:00,204.1999969482422,204.52499389648438,203.97999572753906,204.52499389648438,8581,0.0,0.0
2024-03-20 13:30:00-04:00,204.24000549316406,206.58999633789062,203.6999969482422,205.44000244140625,10699,0.0,0.0
2024-03-20 14:30:00-04:00,205.22000122070312,206.8300018310547,204.1300048828125,206.8300018310547,10634,0.0,0.0
2024-03-20 15:30:00-04:00,206.76499938964844,207.22000122070312,206.35000610351562,206.72999572753906,14831,0.0,0.0
2024-03-21 09:30:00-04:00,206.38999938964844,210.49000549316406,206.38999938964844,210.49000549316406,16710,0.0,0.0
2024-03-21 10:30:00-04:00,210.47000122070312,211.63999938964844,210.47000122070312,210.77000427246094,18109,0.0,0.0
2024-03-21 11:30:00-04:00,211.0,211.40499877929688,210.89999389648438,211.2698974609375,8170,0.0,0.0
2024-03-21 12:30:00-04:00,211.49000549316406,212.0399932861328,211.13999938964844,211.83999633789062,11079,0.0,0.0
2024-03-21 13:30:00-04:00,211.82000732421875,212.3300018310547,211.4600067138672,212.1999969482422,13415,0.0,0.0
2024-03-21 14:30:00-04:00,212.19500732421875,212.47000122070312,211.52999877929688,212.47000122070312,16885,0.0,0.0
2024-03-21 15:30:00-04:00,212.50999450683594,212.5500030517578,211.07000732421875,211.1999969482422,43365,0.0,0.0
2024-03-22 09:30:00-04:00,211.0500030517578,211.25,208.4199981689453,209.77999877929688,19220,0.0,0.0
2024-03-22 10:30:00-04:00,209.8000030517578,210.89999389648438,209.5399932861328,210.74000549316406,8444,0.0,0.0
2024-03-22 11:30:00-04:00,210.64500427246094,211.1300048828125,210.64500427246094,211.1300048828125,7407,0.0,0.0
2024-03-22 12:30:00-04:00,210.9550018310547,211.3699951171875,210.74000549316406,211.3699951171875,8521,0.0,0.0
2024-03-22 13:30:00-04:00,211.5399932861328,212.25999450683594,211.30499267578125,212.25999450683594,7682,0.0,0.0
2024-03-22 14:30:00-04:00,212.25,212.27000427246094,211.6273956298828,211.9835968017578,12939,0.0,0.0
2024-03-22 15:30:00-04:00,212.13999938964844,212.13999938964844,210.64500427246094,210.82000732421875,34166,0.0,0.0
2024-03-25 09:30:00-04:00,210.8699951171875,210.97999572753906,209.25,209.6199951171875,4885,0.0,0.0
2024-03-25 10:30:00-04:00,209.47000122070312,209.47000122070312,209.2100067138672,209.25,3004,0.0,0.0
2024-03-25 11:30:00-04:00,208.72999572753906,209.0749969482422,208.72999572753906,209.0749969482422,3344,0.0,0.0
2024-03-25 12:30:00-04:00,208.33999633789062,208.69000244140625,208.15499877929688,208.69000244140625,5537,0.0,0.0
2024-03-25 13:30:00-04:00,208.42999267578125,209.55499267578125,208.42999267578125,209.4499969482422,9189,0.0,0.0
2024-03-25 14:30:00-04:00,209.7899932861328,209.7899932861328,209.1300048828125,209.60000610351562,6283,0.0,0.0
2024-03-25 15:30:00-04:00,209.72000122070312,210.3300018310547,209.17999267578125,209.1999969482422,20147,0.0,0.0
2024-03-26 09:30:00-04:00,210.24000549316406,210.24000549316406,208.47000122070312,209.7100067138672,4664,0.0,0.0
2024-03-26 10:30:00-04:00,209.4199981689453,209.74000549316406,209.4199981689453,209.63999938964844,3299,0.0,0.0
2024-03-26 11:30:00-04:00,209.45449829101562,210.33999633789062,209.45449829101562,210.1300048828125,7368,0.0,0.0
2024-03-26 12:30:00-04:00,210.02000427246094,210.19000244140625,209.86500549316406,209.86500549316406,7409,0.0,0.0
2024-03-26 13:30:00-04:00,209.82000732421875,209.82000732421875,208.8300018310547,209.3699951171875,7721,0.0,0.0
2024-03-26 14:30:00-04:00,209.42999267578125,209.88999938964844,209.11000061035156,209.11000061035156,8307,0.0,0.0
2024-03-26 15:30:00-04:00,208.80999755859375,208.80999755859375,208.30999755859375,208.30999755859375,9598,0.0,0.0
2024-03-27 09:30:00-04:00,210.35000610351562,210.75999450683594,208.33599853515625,209.49000549316406,3404,0.0,0.0
2024-03-27 10:30:00-04:00,210.02999877929688,210.4949951171875,209.86000061035156,210.30499267578125,6450,0.0,0.0
2024-03-27 11:30:00-04:00,210.30499267578125,210.78500366210938,209.97000122070312,209.97000122070312,4251,0.0,0.0
2024-03-27 12:30:00-04:00,210.13999938964844,210.47999572753906,209.85000610351562,209.85000610351562,5392,0.0,0.0
2024-03-27 13:30:00-04:00,209.86000061035156,209.86000061035156,209.0399932861328,209.82000732421875,10669,0.0,0.0
2024-03-27 14:30:00-04:00,209.50999450683594,210.2899932861328,209.50999450683594,210.2899932861328,8125,0.0,0.0
2024-03-27 15:30:00-04:00,210.38999938964844,211.6699981689453,210.1999969482422,211.66000366210938,22665,0.0,0.0
2024-03-28 09:30:00-04:00,211.24000549316406,211.625,210.05999755859375,210.22500610351562,13153,0.0,0.0
2024-03-28 10:30:00-04:00,211.2449951171875,211.6999969482422,210.8000030517578,211.6999969482422,4537,0.0,0.0
2024-03-28 11:30:00-04:00,212.9499969482422,213.30499267578125,212.72000122070312,213.30499267578125,4338,0.0,0.0
2024-03-28 12:30:00-04:00,212.6699981689453,212.6699981689453,212.1199951171875,212.1199951171875,2292,0.0,0.0
2024-03-28 13:30:00-04:00,211.67999267578125,212.41000366210938,211.67999267578125,211.83999633789062,6348,0.0,0.0
2024-03-28 14:30:00-04:00,211.72999572753906,212.88999938964844,211.41000366210938,212.2899932861328,6180,0.0,0.0
2024-03-28 15:30:00-04:00,212.2375946044922,212.82000732421875,212.05999755859375,212.17999267578125,17250,0.0,0.0
2024-04-01 09:30:00-04:00,212.74000549316406,212.74000549316406,210.99000549316406,211.3300018310547,5146,0.0,0.0
2024-04-01 10:30:00-04:00,210.81500244140625,211.82899475097656,210.80999755859375,211.82899475097656,8961,0.0,0.0
2024-04-01 11:30:00-04:00,211.18499755859375,211.18499755859375,209.25,209.2899932861328,6969,0.0,0.0
2024-04-01 12:30:00-04:00,209.02999877929688,209.80999755859375,209.02999877929688,209.80999755859375,7639,0.0,0.0
2024-04-01 13:30:00-04:00,209.88999938964844,210.17999267578125,209.61000061035156,209.77999877929688,9777,0.0,0.0
2024-04-01 14:30:00-04:00,209.85000610351562,210.13999938964844,209.66000366210938,210.0500030517578,12651,0.0,0.0
2024-04-01 15:30:00-04:00,210.3000030517578,210.3000030517578,209.74000549316406,209.75999450683594,18825,0.0,0.0
2024-04-02 09:30:00-04:00,208.9499969482422,211.42999267578125,207.1699981689453,207.2449951171875,14664,0.0,0.0
2024-04-02 10:30:00-04:00,206.97999572753906,207.5449981689453,206.52999877929688,206.5850067138672,6337,0.0,0.0
2024-04-02 11:30:00-04:00,206.38999938964844,206.43499755859375,205.36000061035156,206.0850067138672,11551,0.0,0.0
2024-04-02 12:30:00-04:00,205.92999267578125,206.25999450683594,204.83999633789062,205.0,7098,0.0,0.0
2024-04-02 13:30:00-04:00,204.85000610351562,206.38999938964844,204.38999938964844,206.38999938964844,13268,0.0,0.0
2024-04-02 14:30:00-04:00,206.39999389648438,206.58999633789062,205.92999267578125,206.42999267578125,14346,0.0,0.0
2024-04-02 15:30:00-04:00,206.4499969482422,206.8000030517578,206.02000427246094,206.0500030517578,33872,0.0,0.0
2024-04-03 09:30:00-04:00,204.50999450683594,208.16000366210938,204.50999450683594,208.16000366210938,4475,0.0,0.0
2024-04-03 10:30:00-04:00,208.17999267578125,209.75,208.17999267578125,209.07000732421875,6160,0.0,0.0
2024-04-03 11:30:00-04:00,208.6300048828125,208.91000366210938,208.14500427246094,208.91000366210938,4599,0.0,0.0
2024-04-03 12:30:00-04:00,209.30499267578125,209.30499267578125,208.92999267578125,209.07000732421875,3271,0.0,0.0
2024-04-03 13:30:00-04:00,209.27999877929688,209.36500549316406,208.91000366210938,208.92999267578125,6050,0.0,0.0
2024-04-03 14:30:00-04:00,208.66000366210938,208.66000366210938,207.89999389648438,208.22999572753906,3610,0.0,0.0
2024-04-03 15:30:00-04:00,208.13999938964844,208.875,207.5399932861328,207.72999572753906,20542,0.0,0.0
2024-04-04 09:30:00-04:00,209.8000030517578,210.77000427246094,207.75,208.125,16093,0.0,0.0
2024-04-04 10:30:00-04:00,208.2899932861328,208.55999755859375,208.0800018310547,208.0800018310547,3963,0.0,0.0
2024-04-04 11:30:00-04:00,208.36000061035156,209.4199981689453,208.16000366210938,209.0,13751,0.0,0.0
2024-04-04 12:30:00-04:00,209.08489990234375,209.3300018310547,208.9600067138672,209.22500610351562,3231,0.0,0.0
2024-04-04 13:30:00-04:00,209.13499450683594,209.13499450683594,206.77000427246094,207.0050048828125,11025,0.0,0.0
2024-04-04 14:30:00-04:00,206.0800018310547,206.33999633789062,204.72999572753906,204.72999572753906,7148,0.0,0.0
2024-04-04 15:30:00-04:00,204.5800018310547,205.22999572753906,204.1300048828125,204.8000030517578,16909,0.0,0.0
2024-04-05 09:30:00-04:00,204.6199951171875,205.6649932861328,204.6199951171875,205.0,3279,0.0,0.0
2024-04-05 10:30:00-04:00,205.2550048828125,205.6199951171875,205.17999267578125,205.36000061035156,12101,0.0,0.0
2024-04-05 11:30:00-04:00,206.99000549316406,207.41000366210938,206.99000549316406,207.30999755859375,3208,0.0,0.0
2024-04-05 12:30:00-04:00,207.1750030517578,207.21499633789062,206.2899932861328,206.2899932861328,4582,0.0,0.0
2024-04-05 13:30:00-04:00,206.05999755859375,206.05999755859375,205.33999633789062,205.6199951171875,7933,0.0,0.0
2024-04-05 14:30:00-04:00,205.47999572753906,205.72000122070312,205.2449951171875,205.39999389648438,11671,0.0,0.0
2024-04-05 15:30:00-04:00,205.4499969482422,206.32000732421875,205.28500366210938,206.16000366210938,13358,0.0,0.0
2024-04-08 09:30:00-04:00,207.17999267578125,207.75,205.85000610351562,205.85000610351562,10017,0.0,0.0
2024-04-08 10:30:00-04:00,206.47999572753906,207.0800018310547,206.17999267578125,206.72000122070312,8401,0.0,0.0
2024-04-08 11:30:00-04:00,206.3699951171875,206.39999389648438,205.89999389648438,206.0500030517578,3904,0.0,0.0
2024-04-08 12:30:00-04:00,206.25999450683594,207.03500366210938,206.25999450683594,206.77000427246094,13337,0.0,0.0
2024-04-08 13:30:00-04:00,206.77000427246094,206.77000427246094,205.77999877929688,206.4813995361328,11867,0.0,0.0
2024-04-08 14:30:00-04:00,206.72999572753906,206.80999755859375,206.5500030517578,206.5800018310547,5189,0.0,0.0
2024-04-08 15:30:00-04:00,206.8300018310547,206.92999267578125,205.7259979248047,206.1999969482422,9233,0.0,0.0
2024-04-09 09:30:00-04:00,206.7899932861328,206.7899932861328,204.9199981689453,205.63999938964844,3641,0.0,0.0
2024-04-09 10:30:00-04:00,204.9499969482422,204.9499969482422,203.2100067138672,204.47500610351562,3361,0.0,0.0
2024-04-09 11:30:00-04:00,203.92999267578125,205.00270080566406,203.92999267578125,205.00270080566406,2367,0.0,0.0
2024-04-09 12:30:00-04:00,204.80999755859375,204.9600067138672,204.5,204.86900329589844,3288,0.0,0.0
2024-04-09 13:30:00-04:00,204.75999450683594,204.8574981689453,204.58999633789062,204.58999633789062,2701,0.0,0.0
2024-04-09 14:30:00-04:00,204.47999572753906,205.86500549316406,204.11000061035156,205.86500549316406,7544,0.0,0.0
2024-04-09 15:30:00-04:00,205.88999938964844,205.88999938964844,205.25999450683594,205.38999938964844,14529,0.0,0.0
2024-04-10 09:30:00-04:00,200.50999450683594,202.4696044921875,199.08999633789062,202.21499633789062,9211,0.0,0.0
2024-04-10 10:30:00-04:00,201.6999969482422,203.0449981689453,201.1999969482422,201.8000030517578,10389,0.0,0.0
2024-04-10 11:30:00-04:00,201.341796875,201.341796875,200.57000732421875,201.07000732421875,7563,0.0,0.0
2024-04-10 12:30:00-04:00,200.7949981689453,201.24000549316406,200.10000610351562,201.02999877929688,9101,0.0,0.0
2024-04-10 13:30:00-04:00,199.89999389648438,200.2949981689453,198.2949981689453,198.2949981689453,7774,0.0,0.0
2024-04-10 14:30:00-04:00,198.9499969482422,200.0800018310547,198.6750030517578,199.63999938964844,10712,0.0,0.0
2024-04-10 15:30:00-04:00,199.2899932861328,200.93899536132812,198.75999450683594,200.41000366210938,28090,0.0,0.0
2024-04-11 09:30:00-04:00,200.22000122070312,200.22000122070312,199.0449981689453,199.52000427246094,6873,0.0,0.0
2024-04-11 10:30:00-04:00,199.5800018310547,200.47500610351562,198.99000549316406,199.42999267578125,7257,0.0,0.0
2024-04-11 11:30:00-04:00,199.42999267578125,200.69000244140625,199.0399932861328,200.35000610351562,6323,0.0,0.0
2024-04-11 12:30:00-04:00,200.7299041748047,201.02999877929688,199.9600067138672,201.02999877929688,5600,0.0,0.0
2024-04-11 13:30:00-04:00,201.11000061035156,201.97000122070312,201.07000732421875,201.52999877929688,4811,0.0,0.0
2024-04-11 14:30:00-04:00,201.5500030517578,202.11000061035156,201.47999572753906,201.69000244140625,5669,0.0,0.0
2024-04-11 15:30:00-04:00,201.57000732421875,202.47000122070312,201.3699951171875,202.33999633789062,14427,0.0,0.0
2024-04-12 09:30:00-04:00,200.52000427246094,201.77999877929688,199.72999572753906,199.72999572753906,8897,0.0,0.0
2024-04-12 10:30:00-04:00,199.72000122070312,200.4499969482422,199.11000061035156,200.4499969482422,4751,0.0,0.0
2024-04-12 11:30:00-04:00,200.36000061035156,200.5850067138672,199.9600067138672,200.4250030517578,4881,0.0,0.0
2024-04-12 12:30:00-04:00,200.0500030517578,200.05999755859375,199.3000030517578,199.78500366210938,4444,0.0,0.0
2024-04-12 13:30:00-04:00,199.27999877929688,200.2949981689453,199.1199951171875,199.97000122070312,7514,0.0,0.0
2024-04-12 14:30:00-04:00,199.7949981689453,199.9199981689453,198.92999267578125,199.64500427246094,7115,0.0,0.0
2024-04-12 15:30:00-04:00,199.5500030517578,200.8800048828125,199.5,200.72500610351562,12277,0.0,0.0
2024-04-15 09:30:00-04:00,201.6999969482422,202.75,199.90499877929688,200.1999969482422,7481,0.0,0.0
2024-04-15 10:30:00-04:00,200.38999938964844,200.9250030517578,199.57000732421875,200.3699951171875,6802,0.0,0.0
2024-04-15 11:30:00-04:00,200.39500427246094,200.72000122070312,199.9250030517578,200.02000427246094,5623,0.0,0.0
2024-04-15 12:30:00-04:00,199.80999755859375,200.1699981689453,198.92999267578125,198.92999267578125,7303,0.0,0.0
2024-04-15 13:30:00-04:00,198.47999572753906,198.83999633789062,198.1999969482422,198.36000061035156,4873,0.0,0.0
2024-04-15 14:30:00-04:00,198.27999877929688,199.3699951171875,198.27999877929688,199.3699951171875,9564,0.0,0.0
2024-04-15 15:30:00-04:00,199.25,200.00999450683594,198.92689514160156,199.52999877929688,16198,0.0,0.0
2024-04-16 09:30:00-04:00,198.0500030517578,199.3350067138672,197.0,197.39999389648438,9347,0.0,0.0
2024-04-16 10:30:00-04:00,197.63999938964844,198.4199981689453,197.19000244140625,198.39500427246094,4950,0.0,0.0
2024-04-16 11:30:00-04:00,198.25999450683594,199.55999755859375,198.25999450683594,199.1199951171875,3955,0.0,0.0
2024-04-16 12:30:00-04:00,199.61000061035156,200.10499572753906,199.3000030517578,199.9499969482422,8027,0.0,0.0
2024-04-16 13:30:00-04:00,199.44500732421875,200.17999267578125,198.55999755859375,199.19000244140625,15782,0.0,0.0
2024-04-16 14:30:00-04:00,199.19500732421875,200.60000610351562,199.08999633789062,200.60000610351562,8807,0.0,0.0
2024-04-16 15:30:00-04:00,200.52000427246094,201.1750030517578,199.99000549316406,200.27999877929688,19108,0.0,0.0
2024-04-17 09:30:00-04:00,201.72000122070312,201.72000122070312,200.8699951171875,201.25999450683594,10698,0.0,0.0
2024-04-17 10:30:00-04:00,201.3800048828125,201.38999938964844,199.14999389648438,199.14999389648438,15029,0.0,0.0
2024-04-17 11:30:00-04:00,198.72000122070312,199.3000030517578,197.86000061035156,197.86000061035156,7457,0.0,0.0
2024-04-17 12:30:00-04:00,197.63400268554688,198.83999633789062,197.4600067138672,198.83999633789062,6050,0.0,0.0
2024-04-17 13:30:00-04:00,199.2899932861328,199.8699951171875,198.74510192871094,199.39999389648438,8653,0.0,0.0
2024-04-17 14:30:00-04:00,199.3249969482422,199.85000610351562,198.1251983642578,198.3699951171875,9601,0.0,0.0
2024-04-17 15:30:00-04:00,198.91000366210938,199.27999877929688,198.08999633789062,198.3300018310547,21698,0.0,0.0
2024-04-18 09:30:00-04:00,199.27999877929688,201.16000366210938,198.22000122070312,200.94000244140625,9839,0.0,0.0
2024-04-18 10:30:00-04:00,200.90499877929688,201.10000610351562,200.34500122070312,200.53500366210938,7367,0.0,0.0
2024-04-18 11:30:00-04:00,200.27999877929688,200.81500244140625,200.125,200.60000610351562,4505,0.0,0.0
2024-04-18 12:30:00-04:00,200.32000732421875,200.32000732421875,199.47999572753906,199.97000122070312,8900,0.0,0.0
2024-04-18 13:30:00-04:00,199.67999267578125,200.05999755859375,199.3000030517578,199.46499633789062,9066,0.0,0.0
2024-04-18 14:30:00-04:00,198.8300018310547,199.86000061035156,198.80499267578125,199.14999389648438,10498,0.0,0.0
2024-04-18 15:30:00-04:00,199.25,200.09500122070312,199.24000549316406,199.8300018310547,40695,0.0,0.0
2024-04-19 09:30:00-04:00,199.4499969482422,201.99000549316406,199.4499969482422,201.1199951171875,14042,0.0,0.0
2024-04-19 10:30:00-04:00,200.77499389648438,201.94000244140625,200.38499450683594,201.94000244140625,7873,0.0,0.0
2024-04-19 11:30:00-04:00,201.52000427246094,202.02999877929688,201.4499969482422,201.4499969482422,10018,0.0,0.0
2024-04-19 12:30:00-04:00,200.74000549316406,201.83999633789062,200.74000549316406,201.4199981689453,15528,0.0,0.0
2024-04-19 13:30:00-04:00,201.2899932861328,202.4149932861328,201.2899932861328,201.38999938964844,18154,0.0,0.0
2024-04-19 14:30:00-04:00,201.5399932861328,202.0500030517578,200.72000122070312,202.0500030517578,47582,0.0,0.0
2024-04-19 15:30:00-04:00,202.1999969482422,203.32000732421875,201.83999633789062,203.32000732421875,31239,0.0,0.0
2024-04-22 09:30:00-04:00,203.1999969482422,204.08200073242188,201.7550048828125,203.33999633789062,10401,0.0,0.0
2024-04-22 10:30:00-04:00,203.10000610351562,203.63999938964844,202.97999572753906,203.63999938964844,9673,0.0,0.0
2024-04-22 11:30:00-04:00,203.57000732421875,204.69000244140625,203.57000732421875,204.1999969482422,10632,0.0,0.0
2024-04-22 12:30:00-04:00,204.3000030517578,204.8699951171875,204.0,204.8699951171875,20186,0.0,0.0
2024-04-22 13:30:00-04:00,204.84500122070312,205.82000732421875,204.72000122070312,205.6199951171875,7757,0.0,0.0
2024-04-22 14:30:00-04:00,205.73500061035156,205.89999389648438,205.0399932861328,205.11000061035156,11099,0.0,0.0
2024-04-22 15:30:00-04:00,205.02000427246094,205.02000427246094,203.97000122070312,205.00999450683594,17706,0.0,0.0
2024-04-23 09:30:00-04:00,206.0399932861328,207.33999633789062,206.0399932861328,207.16000366210938,7903,0.0,0.0
2024-04-23 10:30:00-04:00,208.1699981689453,208.80999755859375,207.44000244140625,208.5,9852,0.0,0.0
2024-04-23 11:30:00-04:00,208.5800018310547,208.5800018310547,208.08999633789062,208.3699951171875,6398,0.0,0.0
2024-04-23 12:30:00-04:00,208.32000732421875,208.5399932861328,208.02499389648438,208.27999877929688,5397,0.0,0.0
2024-04-23 13:30:00-04:00,208.1699981689453,208.1699981689453,207.8000030517578,207.8249969482422,4353,0.0,0.0
2024-04-23 14:30:00-04:00,207.50999450683594,208.00999450683594,207.47999572753906,207.47999572753906,9614,0.0,0.0
2024-04-23 15:30:00-04:00,207.52999877929688,207.6699981689453,206.16000366210938,206.38999938964844,27875,0.0,0.0
2024-04-24 09:30:00-04:00,205.5800018310547,207.44000244140625,205.5800018310547,205.9600067138672,9167,0.0,0.0
2024-04-24 10:30:00-04:00,206.02000427246094,206.02000427246094,204.5500030517578,204.91000366210938,7313,0.0,0.0
2024-04-24 11:30:00-04:00,205.14999389648438,205.14999389648438,204.4613037109375,205.02000427246094,5207,0.0,0.0
2024-04-24 12:30:00-04:00,204.75999450683594,205.29989624023438,204.1199951171875,205.29989624023438,6202,0.0,0.0
2024-04-24 13:30:00-04:00,205.27999877929688,206.6199951171875,205.27999877929688,205.86000061035156,7393,0.0,0.0
2024-04-24 14:30:00-04:00,205.5399932861328,205.92999267578125,205.16000366210938,205.89999389648438,8330,0.0,0.0
2024-04-24 15:30:00-04:00,205.875,206.08999633789062,205.50999450683594,205.52000427246094,33102,0.0,0.0
2024-04-25 09:30:00-04:00,203.25999450683594,204.36500549316406,200.1999969482422,202.1199951171875,11435,0.0,0.0
2024-04-25 10:30:00-04:00,201.6999969482422,202.41000366210938,201.1300048828125,202.1300048828125,25653,0.0,0.0
2024-04-25 11:30:00-04:00,201.85000610351562,202.58999633789062,201.85000610351562,202.38999938964844,12549,0.0,0.0
2024-04-25 12:30:00-04:00,202.38999938964844,202.8300018310547,201.9149932861328,202.0399932861328,14586,0.0,0.0
2024-04-25 13:30:00-04:00,202.05999755859375,202.86000061035156,202.05999755859375,202.3350067138672,20140,0.0,0.0
2024-04-25 14:30:00-04:00,202.51499938964844,203.0500030517578,201.77999877929688,203.0500030517578,19817,0.0,0.0
2024-04-25 15:30:00-04:00,203.07000732421875,203.07000732421875,201.0800018310547,201.3800048828125,54486,0.0,0.0
2024-04-26 09:30:00-04:00,200.88999938964844,203.9199981689453,200.88999938964844,202.4199981689453,14105,0.0,0.0
2024-04-26 10:30:00-04:00,202.72999572753906,202.94500732421875,202.11000061035156,202.11000061035156,7995,0.0,0.0
2024-04-26 11:30:00-04:00,202.0399932861328,202.0399932861328,201.63999938964844,201.7949981689453,7210,0.0,0.0
2024-04-26 12:30:00-04:00,201.89999389648438,201.9600067138672,201.48500061035156,201.53500366210938,8134,0.0,0.0
2024-04-26 13:30:00-04:00,201.52000427246094,201.66000366210938,200.80999755859375,200.8520050048828,33191,0.0,0.0
2024-04-26 14:30:00-04:00,200.6999969482422,201.44000244140625,200.6999969482422,201.07000732421875,17995,0.0,0.0
2024-04-26 15:30:00-04:00,201.0,201.5800018310547,200.82000732421875,201.41000366210938,60157,0.0,0.0
2024-04-29 09:30:00-04:00,201.5500030517578,202.52999877929688,201.3000030517578,202.4600067138672,15301,0.0,0.0
2024-04-29 10:30:00-04:00,202.3800048828125,202.3800048828125,201.6699981689453,201.67999267578125,12158,0.0,0.0
2024-04-29 11:30:00-04:00,201.63999938964844,201.80499267578125,201.49000549316406,201.69000244140625,9385,0.0,0.0
2024-04-29 12:30:00-04:00,201.69000244140625,201.84500122070312,201.4199981689453,201.69000244140625,12403,0.0,0.0
2024-04-29 13:30:00-04:00,201.60000610351562,201.9600067138672,201.02999877929688,201.69500732421875,12654,0.0,0.0
2024-04-29 14:30:00-04:00,201.47000122070312,201.97000122070312,200.75,201.16000366210938,11262,0.0,0.0
2024-04-29 15:30:00-04:00,201.5,202.5,201.5,201.80999755859375,48353,0.0,0.0
2024-04-30 09:30:00-04:00,200.74000549316406,201.25,200.2100067138672,200.4199981689453,23384,0.0,0.0
2024-04-30 10:30:00-04:00,199.97000122070312,200.22999572753906,198.54010009765625,199.02349853515625,12620,0.0,0.0
2024-04-30 11:30:00-04:00,198.94000244140625,199.14999389648438,198.44000244140625,199.14999389648438,8520,0.0,0.0
2024-04-30 12:30:00-04:00,199.14999389648438,199.27000427246094,198.69000244140625,198.96499633789062,11650,0.0,0.0
2024-04-30 13:30:00-04:00,199.17999267578125,199.23989868164062,198.25,198.32000732421875,8853,0.0,0.0
2024-04-30 14:30:00-04:00,198.50999450683594,199.4199981689453,198.14999389648438,198.39999389648438,51898,0.0,0.0
2024-04-30 15:30:00-04:00,198.30999755859375,198.63999938964844,197.9499969482422,198.52999877929688,34222,0.0,0.0
2024-05-01 09:30:00-04:00,199.22999572753906,199.69000244140625,198.52000427246094,198.52000427246094,10875,0.0,0.0
2024-05-01 10:30:00-04:00,199.41659545898438,200.0749969482422,199.13999938964844,199.49000549316406,6633,0.0,0.0
2024-05-01 11:30:00-04:00,199.39999389648438,199.92999267578125,199.31500244140625,199.83749389648438,13250,0.0,0.0
2024-05-01 12:30:00-04:00,199.69000244140625,199.69000244140625,199.19000244140625,199.6750030517578,8271,0.0,0.0
2024-05-01 13:30:00-04:00,199.6300048828125,200.22999572753906,199.4550018310547,200.22999572753906,10634,0.0,0.0
2024-05-01 14:30:00-04:00,199.8800048828125,203.1300048828125,199.86000061035156,201.38999938964844,39054,0.0,0.0
2024-05-01 15:30:00-04:00,201.05999755859375,201.14500427246094,199.4499969482422,199.9499969482422,32046,0.0,0.0
2024-05-02 09:30:00-04:00,201.3000030517578,201.63999938964844,200.0,201.27000427246094,7933,0.0,0.0
2024-05-02 10:30:00-04:00,201.34500122070312,201.9600067138672,200.5500030517578,201.60000610351562,12594,0.0,0.0
2024-05-02 11:30:00-04:00,201.61000061035156,201.82000732421875,201.20260620117188,201.3000030517578,9005,0.0,0.0
2024-05-02 12:30:00-04:00,201.00999450683594,201.79299926757812,200.94000244140625,201.49000549316406,6629,0.0,0.0
2024-05-02 13:30:00-04:00,201.50999450683594,201.63999938964844,201.13999938964844,201.47999572753906,6414,0.0,0.0
2024-05-02 14:30:00-04:00,202.02999877929688,203.17999267578125,201.9199981689453,203.16000366210938,14962,0.0,0.0
2024-05-02 15:30:00-04:00,202.80999755859375,203.63999938964844,202.44000244140625,203.63999938964844,20903,0.0,0.0
2024-05-03 09:30:00-04:00,206.2100067138672,206.55999755859375,203.7949981689453,203.7949981689453,8303,0.0,0.0
2024-05-03 10:30:00-04:00,204.2100067138672,204.72500610351562,203.69000244140625,204.19500732421875,5447,0.0,0.0
2024-05-03 11:30:00-04:00,204.22000122070312,204.7550048828125,203.77999877929688,204.7550048828125,7530,0.0,0.0
2024-05-03 12:30:00-04:00,204.47999572753906,205.10000610351562,204.41000366210938,204.83999633789062,7503,0.0,0.0
2024-05-03 13:30:00-04:00,205.3800048828125,205.56500244140625,205.17999267578125,205.56500244140625,4089,0.0,0.0
2024-05-03 14:30:00-04:00,205.4199981689453,205.44000244140625,205.22000122070312,205.44000244140625,6964,0.0,0.0
2024-05-03 15:30:00-04:00,205.55999755859375,205.55999755859375,204.27000427246094,204.6699981689453,25310,0.0,0.0
2024-05-06 09:30:00-04:00,206.0,208.94500732421875,205.35000610351562,207.75999450683594,8633,0.0,0.0
2024-05-06 10:30:00-04:00,208.23500061035156,208.25999450683594,207.72999572753906,208.14999389648438,3815,0.0,0.0
2024-05-06 11:30:00-04:00,208.11000061035156,208.69000244140625,208.0500030517578,208.69000244140625,4971,0.0,0.0
2024-05-06 12:30:00-04:00,208.5850067138672,209.13499450683594,208.22000122070312,208.8249969482422,5792,0.0,0.0
2024-05-06 13:30:00-04:00,208.88999938964844,209.2100067138672,208.57000732421875,209.2100067138672,7682,0.0,0.0
2024-05-06 14:30:00-04:00,209.25,209.5850067138672,209.0399932861328,209.3800048828125,13994,0.0,0.0
2024-05-06 15:30:00-04:00,209.55499267578125,210.33999633789062,209.25,210.32000732421875,21349,0.0,0.0
2024-05-07 09:30:00-04:00,212.0,213.6999969482422,211.2100067138672,211.3000030517578,37651,0.0,0.0
2024-05-07 10:30:00-04:00,211.0399932861328,211.5500030517578,210.60000610351562,210.78500366210938,47660,0.0,0.0
2024-05-07 11:30:00-04:00,210.6199951171875,211.08999633789062,210.3800048828125,210.77000427246094,11545,0.0,0.0
2024-05-07 12:30:00-04:00,210.72500610351562,210.72999572753906,210.08999633789062,210.36000061035156,16265,0.0,0.0
2024-05-07 13:30:00-04:00,210.50999450683594,210.60499572753906,209.85000610351562,210.40499877929688,19108,0.0,0.0
2024-05-07 14:30:00-04:00,210.49000549316406,210.63999938964844,208.6999969482422,208.9550018310547,36974,0.0,0.0
2024-05-07 15:30:00-04:00,208.97500610351562,209.72000122070312,208.52499389648438,209.17999267578125,41954,0.0,0.0
2024-05-08 09:30:00-04:00,208.6199951171875,210.0800018310547,208.44859313964844,209.05999755859375,12786,0.0,0.0
2024-05-08 10:30:00-04:00,209.3699951171875,209.91000366210938,208.42999267578125,209.73500061035156,26649,0.0,0.0
2024-05-08 11:30:00-04:00,209.74000549316406,210.55499267578125,209.47000122070312,210.52999877929688,19346,0.0,0.0
2024-05-08 12:30:00-04:00,210.22000122070312,210.80999755859375,209.8699951171875,210.75,20548,0.0,0.0
2024-05-08 13:30:00-04:00,210.72000122070312,211.30499267578125,210.4600067138672,210.82000732421875,9688,0.0,0.0
2024-05-08 14:30:00-04:00,210.82000732421875,211.11000061035156,210.3699951171875,210.92999267578125,15110,0.0,0.0
2024-05-08 15:30:00-04:00,210.97999572753906,213.0399932861328,210.97999572753906,212.24000549316406,43008,0.0,0.0
2024-05-09 09:30:00-04:00,208.97000122070312,212.5,202.08999633789062,203.1024932861328,51025,0.0,0.0
2024-05-09 10:30:00-04:00,204.22500610351562,207.03500366210938,203.67999267578125,205.80999755859375,27009,0.0,0.0
2024-05-09 11:30:00-04:00,205.8000030517578,207.30499267578125,205.4149932861328,206.11000061035156,14346,0.0,0.0
2024-05-09 12:30:00-04:00,206.55999755859375,206.55999755859375,205.49000549316406,206.44000244140625,12141,0.0,0.0
2024-05-09 13:30:00-04:00,206.5,208.60000610351562,206.5,207.80499267578125,13765,0.0,0.0
2024-05-09 14:30:00-04:00,208.00999450683594,210.11000061035156,207.9600067138672,209.3699951171875,28125,0.0,0.0
2024-05-09 15:30:00-04:00,209.64999389648438,211.36000061035156,209.2899932861328,211.35000610351562,65167,0.0,0.0
2024-05-10 09:30:00-04:00,212.32000732421875,212.32000732421875,210.52999877929688,211.12989807128906,16642,0.0,0.0
2024-05-10 10:30:00-04:00,211.1699981689453,211.81500244140625,210.625,211.5749969482422,9142,0.0,0.0
2024-05-10 11:30:00-04:00,211.73500061035156,213.60000610351562,211.25999450683594,213.07000732421875,10756,0.0,0.0
2024-05-10 12:30:00-04:00,213.06500244140625,213.42999267578125,212.74000549316406,213.0,7390,0.0,0.0
2024-05-10 13:30:00-04:00,212.9199981689453,213.57000732421875,212.9199981689453,213.3300018310547,5988,0.0,0.0
2024-05-10 14:30:00-04:00,213.31500244140625,213.31500244140625,212.7100067138672,213.10000610351562,13269,0.0,0.0
2024-05-10 15:30:00-04:00,213.47999572753906,213.47999572753906,212.39999389648438,212.8000030517578,26122,0.0,0.0
2024-05-13 09:30:00-04:00,214.1999969482422,214.1999969482422,212.42999267578125,212.57000732421875,12895,0.0,0.0
2024-05-13 10:30:00-04:00,212.83999633789062,212.89999389648438,212.05499267578125,212.19000244140625,4705,0.0,0.0
2024-05-13 11:30:00-04:00,211.97000122070312,212.72999572753906,211.8699951171875,212.72500610351562,14527,0.0,0.0
2024-05-13 12:30:00-04:00,212.72000122070312,212.74000549316406,212.14999389648438,212.74000549316406,6236,0.0,0.0
2024-05-13 13:30:00-04:00,212.74000549316406,213.5399932861328,212.74000549316406,213.50999450683594,8455,0.0,0.0
2024-05-13 14:30:00-04:00,213.5,213.88499450683594,213.27000427246094,213.6199951171875,10310,0.0,0.0
2024-05-13 15:30:00-04:00,213.36000061035156,213.89999389648438,213.27000427246094,213.47999572753906,27616,0.0,0.0
2024-05-14 09:30:00-04:00,216.0399932861328,216.0399932861328,214.40499877929688,214.86000061035156,5105,0.0,0.0
2024-05-14 10:30:00-04:00,214.77499389648438,215.1199951171875,214.72999572753906,215.1199951171875,9703,0.0,0.0
2024-05-14 11:30:00-04:00,214.83999633789062,215.91000366210938,214.83999633789062,215.88499450683594,8178,0.0,0.0
2024-05-14 12:30:00-04:00,215.80999755859375,215.8699951171875,215.44500732421875,215.5749969482422,8004,0.0,0.0
2024-05-14 13:30:00-04:00,215.58309936523438,215.85000610351562,215.41000366210938,215.63999938964844,4715,0.0,0.0
2024-05-14 14:30:00-04:00,215.3350067138672,215.63999938964844,214.3800048828125,214.44000244140625,10521,0.0,0.0
2024-05-14 15:30:00-04:00,214.63999938964844,215.8800048828125,214.57000732421875,215.5399932861328,20305,0.0,0.0
2024-05-15 09:30:00-04:00,217.02999877929688,217.02999877929688,215.89500427246094,216.02000427246094,5317,0.0,0.0
2024-05-15 10:30:00-04:00,216.16000366210938,216.9250946044922,215.75999450683594,216.9250946044922,6505,0.0,0.0
2024-05-15 11:30:00-04:00,216.72999572753906,217.13499450683594,216.42999267578125,216.94000244140625,7324,0.0,0.0
2024-05-15 12:30:00-04:00,216.89999389648438,216.9600067138672,216.85000610351562,216.85000610351562,2437,0.0,0.0
2024-05-15 13:30:00-04:00,216.75,217.1300048828125,216.65499877929688,217.00999450683594,6598,0.0,0.0
2024-05-15 14:30:00-04:00,216.99000549316406,217.26499938964844,216.85000610351562,217.1300048828125,8419,0.0,0.0
2024-05-15 15:30:00-04:00,217.17999267578125,217.92999267578125,217.02000427246094,217.64999389648438,20321,0.0,0.0
2024-05-16 09:30:00-04:00,217.2100067138672,217.2100067138672,214.57000732421875,214.60000610351562,29938,0.0,0.0
2024-05-16 10:30:00-04:00,214.5,215.36000061035156,214.4550018310547,215.168701171875,15306,0.0,0.0
2024-05-16 11:30:00-04:00,214.93789672851562,214.93789672851562,213.97000122070312,214.2100067138672,6193,0.0,0.0
2024-05-16 12:30:00-04:00,214.47999572753906,215.0299072265625,214.47999572753906,214.61000061035156,4658,0.0,0.0
2024-05-16 13:30:00-04:00,214.60000610351562,214.82000732421875,214.22500610351562,214.5500030517578,5784,0.0,0.0
2024-05-16 14:30:00-04:00,214.82989501953125,215.2100067138672,214.46240234375,214.97000122070312,8023,0.0,0.0
2024-05-16 15:30:00-04:00,214.97999572753906,215.3699951171875,214.60000610351562,215.0399932861328,21332,0.0,0.0
2024-05-17 09:30:00-04:00,215.42999267578125,215.5,213.9600067138672,214.75,10251,0.0,0.0
2024-05-17 10:30:00-04:00,214.59500122070312,214.59500122070312,213.7949981689453,213.7949981689453,4510,0.0,0.0
2024-05-17 11:30:00-04:00,213.57000732421875,214.0,213.57000732421875,213.92999267578125,5073,0.0,0.0
2024-05-17 12:30:00-04:00,213.74000549316406,213.99000549316406,213.72000122070312,213.9199981689453,3227,0.0,0.0
2024-05-17 13:30:00-04:00,214.16000366210938,214.5,213.91000366210938,214.5,5697,0.0,0.0
2024-05-17 14:30:00-04:00,214.88499450683594,215.1699981689453,214.63999938964844,214.8699951171875,6069,0.0,0.0
2024-05-17 15:30:00-04:00,214.75999450683594,215.19000244140625,214.3300018310547,214.8699951171875,13993,0.0,0.0
2024-05-20 09:30:00-04:00,214.8300018310547,217.25990295410156,213.9600067138672,216.36000061035156,11296,0.0,0.0
2024-05-20 10:30:00-04:00,216.7899932861328,217.72999572753906,216.7899932861328,217.60000610351562,4485,0.0,0.0
2024-05-20 11:30:00-04:00,217.19000244140625,217.19000244140625,217.19000244140625,217.19000244140625,1088,0.0,0.0
2024-05-20 12:30:00-04:00,217.04010009765625,217.66000366210938,217.04010009765625,217.2899932861328,6276,0.0,0.0
2024-05-20 13:30:00-04:00,217.1999969482422,217.74249267578125,217.11000061035156,217.2899932861328,4880,0.0,0.0
2024-05-20 14:30:00-04:00,217.4550018310547,217.90359497070312,217.24000549316406,217.24000549316406,7873,0.0,0.0
2024-05-20 15:30:00-04:00,217.2899932861328,217.44000244140625,216.85000610351562,217.27999877929688,22342,0.0,0.0
2024-05-21 09:30:00-04:00,216.27999877929688,216.36500549316406,214.2949981689453,214.8800048828125,11322,0.0,0.0
2024-05-21 10:30:00-04:00,215.06500244140625,215.13999938964844,214.47000122070312,215.13999938964844,5026,0.0,0.0
2024-05-21 11:30:00-04:00,215.13999938964844,215.32000732421875,214.66000366210938,214.74000549316406,6200,0.0,0.0
2024-05-21 12:30:00-04:00,214.8699951171875,215.7899932861328,214.39500427246094,215.24749755859375,11893,0.0,0.0
2024-05-21 13:30:00-04:00,215.5,215.5,214.82000732421875,215.25999450683594,10507,0.0,0.0
2024-05-21 14:30:00-04:00,215.27999877929688,215.4250030517578,215.10000610351562,215.35000610351562,14506,0.0,0.0
2024-05-21 15:30:00-04:00,215.39999389648438,216.4499969482422,215.3000030517578,215.6999969482422,54330,0.0,0.0
2024-05-22 09:30:00-04:00,215.1999969482422,216.91000366210938,213.4199981689453,214.52000427246094,26675,0.0,0.0
2024-05-22 10:30:00-04:00,214.60000610351562,215.83999633789062,214.50999450683594,214.9550018310547,9495,0.0,0.0
2024-05-22 11:30:00-04:00,214.77000427246094,214.88499450683594,214.3300018310547,214.8592071533203,9736,0.0,0.0
2024-05-22 12:30:00-04:00,214.69000244140625,214.89500427246094,214.47999572753906,214.77000427246094,7929,0.0,0.0
2024-05-22 13:30:00-04:00,214.85499572753906,215.00999450683594,213.66000366210938,213.66000366210938,11140,0.0,0.0
2024-05-22 14:30:00-04:00,213.72000122070312,213.97999572753906,213.41000366210938,213.8000030517578,13745,0.0,0.0
2024-05-22 15:30:00-04:00,214.5,214.5,213.67999267578125,213.88999938964844,42326,0.0,0.0
2024-05-23 09:30:00-04:00,213.60000610351562,213.60000610351562,210.64999389648438,212.08999633789062,5677,0.0,0.0
2024-05-23 10:30:00-04:00,211.41000366210938,211.72500610351562,210.41400146484375,211.1300048828125,10619,0.0,0.0
2024-05-23 11:30:00-04:00,211.32000732421875,212.0800018310547,211.1750030517578,211.92999267578125,7503,0.0,0.0
2024-05-23 12:30:00-04:00,212.22999572753906,212.22999572753906,211.52000427246094,211.75999450683594,12640,0.0,0.0
2024-05-23 13:30:00-04:00,211.39500427246094,211.47999572753906,210.02999877929688,210.4499969482422,7778,0.0,0.0
2024-05-23 14:30:00-04:00,210.39500427246094,211.0,209.6199951171875,209.80499267578125,23824,0.0,0.0
2024-05-23 15:30:00-04:00,209.81500244140625,210.1699981689453,209.33999633789062,210.1699981689453,69021,0.0,0.0
2024-05-24 09:30:00-04:00,211.35000610351562,211.35000610351562,209.27000427246094,209.50999450683594,8879,0.0,0.0
2024-05-24 10:30:00-04:00,209.22500610351562,209.69000244140625,208.6750030517578,209.21499633789062,8675,0.0,0.0
2024-05-24 11:30:00-04:00,208.8800048828125,208.94000244140625,208.47999572753906,208.50999450683594,8612,0.0,0.0
2024-05-24 12:30:00-04:00,208.47000122070312,208.5,208.0800018310547,208.5,6997,0.0,0.0
2024-05-24 13:30:00-04:00,208.52000427246094,208.52000427246094,207.57000732421875,207.63999938964844,11173,0.0,0.0
2024-05-24 14:30:00-04:00,207.66000366210938,208.3175048828125,207.4199981689453,207.80999755859375,15183,0.0,0.0
2024-05-24 15:30:00-04:00,207.80999755859375,208.63999938964844,207.3800048828125,208.63999938964844,36946,0.0,0.0
2024-05-28 09:30:00-04:00,209.27000427246094,209.27000427246094,206.3249969482422,206.3249969482422,8978,0.0,0.0
2024-05-28 10:30:00-04:00,206.10499572753906,206.6300048828125,205.25999450683594,205.8350067138672,6624,0.0,0.0
2024-05-28 11:30:00-04:00,205.55999755859375,205.69000244140625,204.52999877929688,204.52999877929688,9246,0.0,0.0
2024-05-28 12:30:00-04:00,204.64500427246094,205.1519012451172,204.26499938964844,204.351806640625,13051,0.0,0.0
2024-05-28 13:30:00-04:00,204.13999938964844,204.36000061035156,203.85499572753906,203.8800048828125,4937,0.0,0.0
2024-05-28 14:30:00-04:00,203.27999877929688,203.38499450683594,202.44000244140625,202.44000244140625,13296,0.0,0.0
2024-05-28 15:30:00-04:00,202.47000122070312,203.32000732421875,202.10000610351562,203.1199951171875,44704,0.0,0.0
2024-05-29 09:30:00-04:00,200.41000366210938,201.2899932861328,200.41000366210938,200.6072998046875,5565,0.0,0.0
2024-05-29 10:30:00-04:00,200.5500030517578,200.82000732421875,199.4600067138672,199.5500030517578,10324,0.0,0.0
2024-05-29 11:30:00-04:00,199.47000122070312,199.50999450683594,199.02999877929688,199.41180419921875,7502,0.0,0.0
2024-05-29 12:30:00-04:00,199.2100067138672,199.2100067138672,198.39999389648438,198.5500030517578,11773,0.0,0.0
2024-05-29 13:30:00-04:00,198.6699981689453,198.7949981689453,197.8300018310547,198.16000366210938,14656,0.0,0.0
2024-05-29 14:30:00-04:00,197.6300048828125,198.11000061035156,197.3000030517578,197.9499969482422,13188,0.0,0.0
2024-05-29 15:30:00-04:00,197.94000244140625,198.28500366210938,197.33999633789062,197.36000061035156,39849,0.0,0.0
2024-05-30 09:30:00-04:00,198.8000030517578,199.10000610351562,198.08999633789062,198.50999450683594,10221,0.0,0.0
2024-05-30 10:30:00-04:00,198.50999450683594,199.66000366210938,198.5,199.0399932861328,27737,0.0,0.0
2024-05-30 11:30:00-04:00,199.08999633789062,199.2899932861328,198.60000610351562,198.83999633789062,28438,0.0,0.0
2024-05-30 12:30:00-04:00,198.83009338378906,199.10000610351562,198.58999633789062,198.58999633789062,17077,0.0,0.0
2024-05-30 13:30:00-04:00,198.69000244140625,198.91380310058594,198.36000061035156,198.47999572753906,16186,0.0,0.0
2024-05-30 14:30:00-04:00,198.47500610351562,198.91000366210938,198.33999633789062,198.64999389648438,27030,0.0,0.0
2024-05-30 15:30:00-04:00,198.72500610351562,198.84500122070312,198.22000122070312,198.66000366210938,42813,0.0,0.0
2024-05-31 09:30:00-04:00,198.32000732421875,198.9550018310547,197.4499969482422,197.49000549316406,11092,0.0,0.0
2024-05-31 10:30:00-04:00,197.94500732421875,198.30999755859375,196.5500030517578,197.2550048828125,13992,0.0,0.0
2024-05-31 11:30:00-04:00,197.27999877929688,197.93499755859375,196.75999450683594,196.75999450683594,9893,0.0,0.0
2024-05-31 12:30:00-04:00,197.03500366210938,198.02999877929688,197.03500366210938,197.8300018310547,7899,0.0,0.0
2024-05-31 13:30:00-04:00,197.8699951171875,198.06500244140625,197.22999572753906,197.3300018310547,7754,0.0,0.0
2024-05-31 14:30:00-04:00,197.2100067138672,197.77000427246094,196.94000244140625,197.5500030517578,12366,0.0,0.0
2024-05-31 15:30:00-04:00,197.58999633789062,199.24000549316406,197.3699951171875,199.1199951171875,56507,0.0,0.0
2024-06-03 09:30:00-04:00,199.9499969482422,199.9499969482422,196.0500030517578,196.0780029296875,10995,0.0,0.0
2024-06-03 10:30:00-04:00,194.85000610351562,195.0399932861328,193.63499450683594,193.89999389648438,11552,0.0,0.0
2024-06-03 11:30:00-04:00,193.8426971435547,193.86000061035156,192.6199951171875,192.7480010986328,7192,0.0,0.0
2024-06-03 12:30:00-04:00,193.35000610351562,193.47999572753906,192.1199951171875,192.52499389648438,8064,0.0,0.0
2024-06-03 13:30:00-04:00,192.75,192.9499969482422,192.14999389648438,192.63999938964844,9889,0.0,0.0
2024-06-03 14:30:00-04:00,192.82000732421875,193.11000061035156,192.53500366210938,193.11000061035156,10461,0.0,0.0
2024-06-03 15:30:00-04:00,193.1199951171875,193.1199951171875,191.97000122070312,192.22999572753906,43886,0.0,0.0
2024-06-04 09:30:00-04:00,191.5,191.9600067138672,189.27999877929688,190.2100067138672,20439,0.0,0.0
2024-06-04 10:30:00-04:00,189.77000427246094,190.88999938964844,189.77000427246094,190.3800048828125,26443,0.0,0.0
2024-06-04 11:30:00-04:00,190.08529663085938,190.2899932861328,189.47000122070312,189.80499267578125,12820,0.0,0.0
2024-06-04 12:30:00-04:00,189.75999450683594,189.75999450683594,188.85499572753906,189.22999572753906,13037,0.0,0.0
2024-06-04 13:30:00-04:00,189.43499755859375,190.77999877929688,189.3699951171875,190.27999877929688,16042,0.0,0.0
2024-06-04 14:30:00-04:00,190.27999877929688,190.5850067138672,189.44500732421875,189.4600067138672,17845,0.0,0.0
2024-06-04 15:30:00-04:00,189.39500427246094,189.7899932861328,188.92999267578125,189.7899932861328,44816,0.0,0.0
2024-06-05 09:30:00-04:00,191.19000244140625,191.75999450683594,189.2100067138672,190.16000366210938,9240,0.0,0.0
2024-06-05 10:30:00-04:00,190.89500427246094,191.2899932861328,190.08999633789062,190.5,17853,0.0,0.0
2024-06-05 11:30:00-04:00,190.47000122070312,192.1999969482422,190.39999389648438,192.08099365234375,8582,0.0,0.0
2024-06-05 12:30:00-04:00,192.2449951171875,192.44000244140625,191.27999877929688,191.66000366210938,14592,0.0,0.0
2024-06-05 13:30:00-04:00,191.9949951171875,192.25,191.77000427246094,192.06500244140625,11955,0.0,0.0
2024-06-05 14:30:00-04:00,192.24989318847656,192.61500549316406,191.77999877929688,192.0800018310547,16743,0.0,0.0
2024-06-05 15:30:00-04:00,192.07000732421875,192.48989868164062,191.89999389648438,192.36000061035156,29898,0.0,0.0
2024-06-06 09:30:00-04:00,191.5800018310547,192.27000427246094,190.67999267578125,191.22000122070312,16582,0.0,0.0
2024-06-06 10:30:00-04:00,190.8300018310547,191.36000061035156,190.2899932861328,190.2899932861328,7634,0.0,0.0
2024-06-06 11:30:00-04:00,190.10000610351562,190.16000366210938,189.11000061035156,189.60499572753906,10415,0.0,0.0
2024-06-06 12:30:00-04:00,189.42999267578125,189.42999267578125,188.94000244140625,188.9499969482422,5734,0.0,0.0
2024-06-06 13:30:00-04:00,189.0,189.15499877929688,188.0850067138672,189.07000732421875,9140,0.0,0.0
2024-06-06 14:30:00-04:00,189.07000732421875,189.50999450683594,188.42999267578125,188.64500427246094,14944,0.0,0.0
2024-06-06 15:30:00-04:00,188.52000427246094,189.05999755859375,188.30999755859375,188.92999267578125,26515,0.0,0.0
2024-06-07 09:30:00-04:00,187.7899932861328,189.0883026123047,187.71499633789062,188.27000427246094,9108,0.0,0.0
2024-06-07 10:30:00-04:00,187.5800018310547,188.63499450683594,186.97999572753906,187.1300048828125,14516,0.0,0.0
2024-06-07 11:30:00-04:00,187.07000732421875,187.32000732421875,186.9199981689453,187.00999450683594,6387,0.0,0.0
2024-06-07 12:30:00-04:00,187.11000061035156,187.4199981689453,186.75,186.9499969482422,23211,0.0,0.0
2024-06-07 13:30:00-04:00,186.89999389648438,186.97500610351562,186.3000030517578,186.5500030517578,9162,0.0,0.0
2024-06-07 14:30:00-04:00,186.72999572753906,187.0,186.1199951171875,186.3350067138672,17716,0.0,0.0
2024-06-07 15:30:00-04:00,186.17999267578125,187.14999389648438,186.14500427246094,186.86000061035156,38760,0.0,0.0
2024-06-10 09:30:00-04:00,185.6999969482422,187.38999938964844,185.08999633789062,187.2332000732422,9463,0.0,0.0
2024-06-10 10:30:00-04:00,187.09500122070312,187.1750030517578,186.14999389648438,186.7100067138672,9919,0.0,0.0
2024-06-10 11:30:00-04:00,186.80499267578125,186.80499267578125,185.5800018310547,185.60000610351562,6425,0.0,0.0
2024-06-10 12:30:00-04:00,185.6699981689453,186.02999877929688,185.25,185.9499969482422,8460,0.0,0.0
2024-06-10 13:30:00-04:00,186.11000061035156,187.03500366210938,185.77000427246094,186.77000427246094,9694,0.0,0.0
2024-06-10 14:30:00-04:00,186.75,187.02999877929688,186.5500030517578,186.74000549316406,26778,0.0,0.0
2024-06-10 15:30:00-04:00,186.71499633789062,186.72500610351562,186.1699981689453,186.50999450683594,37524,0.0,0.0
2024-06-11 09:30:00-04:00,185.83999633789062,186.48500061035156,184.875,185.2949981689453,8809,0.0,0.0
2024-06-11 10:30:00-04:00,185.05999755859375,185.75,184.75,185.5800018310547,43703,0.0,0.0
2024-06-11 11:30:00-04:00,185.86000061035156,185.875,185.0,185.64500427246094,31717,0.0,0.0
2024-06-11 12:30:00-04:00,185.74000549316406,185.76499938964844,184.82000732421875,185.02999877929688,12422,0.0,0.0
2024-06-11 13:30:00-04:00,185.23500061035156,185.8699951171875,185.22000122070312,185.8699951171875,33528,0.0,0.0
2024-06-11 14:30:00-04:00,185.85000610351562,185.97500610351562,185.5500030517578,185.5500030517578,20053,0.0,0.0
2024-06-11 15:30:00-04:00,185.5399932861328,186.77999877929688,185.02000427246094,186.75,76419,0.0,0.0
2024-06-12 09:30:00-04:00,190.9600067138672,194.6300048828125,190.9600067138672,194.36000061035156,13664,0.0,0.0
2024-06-12 10:30:00-04:00,194.1699981689453,194.52999877929688,193.8000030517578,194.52999877929688,5732,0.0,0.0
2024-06-12 11:30:00-04:00,194.14500427246094,194.2364959716797,193.60000610351562,194.2364959716797,8068,0.0,0.0
2024-06-12 12:30:00-04:00,194.33990478515625,194.86000061035156,194.07000732421875,194.7949981689453,12175,0.0,0.0
2024-06-12 13:30:00-04:00,194.58999633789062,194.82000732421875,192.1376953125,192.8800048828125,24006,0.0,0.0
2024-06-12 14:30:00-04:00,192.99000549316406,192.99000549316406,191.43499755859375,191.91000366210938,25029,0.0,0.0
2024-06-12 15:30:00-04:00,191.84500122070312,192.5749969482422,191.60000610351562,191.8300018310547,31022,0.0,0.0
2024-06-13 09:30:00-04:00,191.77999877929688,192.9199981689453,188.6999969482422,188.7100067138672,9712,0.0,0.0
2024-06-13 10:30:00-04:00,188.52999877929688,188.77000427246094,188.17999267578125,188.75,6942,0.0,0.0
2024-06-13 11:30:00-04:00,189.25999450683594,190.01499938964844,189.1699981689453,190.01499938964844,10867,0.0,0.0
2024-06-13 12:30:00-04:00,190.29049682617188,191.77999877929688,190.03500366210938,191.1999969482422,7140,0.0,0.0
2024-06-13 13:30:00-04:00,190.968994140625,191.44000244140625,190.91000366210938,191.44000244140625,5106,0.0,0.0
2024-06-13 14:30:00-04:00,191.55999755859375,192.25999450683594,191.55999755859375,192.07000732421875,9719,0.0,0.0
2024-06-13 15:30:00-04:00,191.88999938964844,192.4199981689453,191.88999938964844,192.14999389648438,16352,0.0,0.0
2024-06-14 09:30:00-04:00,189.2899932861328,189.60499572753906,186.77000427246094,187.25999450683594,11044,0.0,0.0
2024-06-14 10:30:00-04:00,187.10000610351562,187.2449951171875,185.25999450683594,186.36000061035156,11241,0.0,0.0
2024-06-14 11:30:00-04:00,186.69000244140625,186.69000244140625,185.6999969482422,185.97999572753906,11495,0.0,0.0
2024-06-14 12:30:00-04:00,186.25999450683594,187.1374969482422,186.22000122070312,186.72000122070312,13106,0.0,0.0
2024-06-14 13:30:00-04:00,186.72000122070312,186.72000122070312,186.1199951171875,186.67999267578125,5604,0.0,0.0
2024-06-14 14:30:00-04:00,186.4199981689453,186.50999450683594,185.67999267578125,185.9499969482422,29948,0.0,0.0
2024-06-14 15:30:00-04:00,186.27499389648438,187.27000427246094,185.88999938964844,187.1999969482422,35260,0.0,0.0
2024-06-17 09:30:00-04:00,186.89999389648438,188.32000732421875,186.60000610351562,186.60000610351562,8888,0.0,0.0
2024-06-17 10:30:00-04:00,186.5489959716797,188.0050048828125,186.5489959716797,187.63999938964844,10124,0.0,0.0
2024-06-17 11:30:00-04:00,187.5186004638672,189.00999450683594,187.39500427246094,189.00999450683594,10483,0.0,0.0
2024-06-17 12:30:00-04:00,189.0800018310547,189.0800018310547,188.14999389648438,188.63999938964844,9070,0.0,0.0
2024-06-17 13:30:00-04:00,188.82000732421875,189.5500030517578,188.6699981689453,188.8800048828125,8249,0.0,0.0
2024-06-17 14:30:00-04:00,188.8000030517578,188.9949951171875,188.2449951171875,188.8300018310547,12481,0.0,0.0
2024-06-17 15:30:00-04:00,188.9250030517578,188.97000122070312,187.7100067138672,187.92999267578125,30995,0.0,0.0
2024-06-18 09:30:00-04:00,188.00999450683594,189.5,187.8800048828125,188.5399932861328,10082,0.0,0.0
2024-06-18 10:30:00-04:00,188.9199981689453,189.1199951171875,188.00999450683594,188.00999450683594,9680,0.0,0.0
2024-06-18 11:30:00-04:00,187.99000549316406,188.80499267578125,187.36000061035156,188.29649353027344,20833,0.0,0.0
2024-06-18 12:30:00-04:00,188.30999755859375,188.85000610351562,187.38999938964844,187.81419372558594,14424,0.0,0.0
2024-06-18 13:30:00-04:00,187.67999267578125,188.24000549316406,187.1999969482422,187.6699981689453,14497,0.0,0.0
2024-06-18 14:30:00-04:00,187.66000366210938,188.16000366210938,187.49000549316406,187.63999938964844,20390,0.0,0.0
2024-06-18 15:30:00-04:00,187.42999267578125,187.55999755859375,186.8000030517578,187.44000244140625,45149,0.0,0.0
2024-06-20 09:30:00-04:00,186.74000549316406,188.58999633789062,186.67999267578125,188.25,15859,0.0,0.0
2024-06-20 10:30:00-04:00,188.02999877929688,188.3350067138672,186.50999450683594,187.28500366210938,19503,0.0,0.0
2024-06-20 11:30:00-04:00,187.4250030517578,187.4600067138672,186.60000610351562,186.6199951171875,8797,0.0,0.0
2024-06-20 12:30:00-04:00,186.58999633789062,186.58999633789062,185.9199981689453,186.02000427246094,9112,0.0,0.0
2024-06-20 13:30:00-04:00,185.9949951171875,186.1699981689453,185.16000366210938,186.1699981689453,27629,0.0,0.0
2024-06-20 14:30:00-04:00,186.17999267578125,186.17999267578125,185.31500244140625,185.31500244140625,19014,0.0,0.0
2024-06-20 15:30:00-04:00,185.41000366210938,186.4499969482422,185.1199951171875,186.3300018310547,58733,0.0,0.0
2024-06-21 09:30:00-04:00,186.99000549316406,186.99000549316406,183.6999969482422,186.03500366210938,44520,0.0,0.0
2024-06-21 10:30:00-04:00,185.72999572753906,186.05999755859375,185.1999969482422,185.88999938964844,10589,0.0,0.0
2024-06-21 11:30:00-04:00,186.2100067138672,186.2100067138672,184.75999450683594,185.10000610351562,7831,0.0,0.0
2024-06-21 12:30:00-04:00,184.8800048828125,185.17999267578125,184.7899932861328,184.85000610351562,6406,0.0,0.0
2024-06-21 13:30:00-04:00,184.7449951171875,184.99000549316406,184.7449951171875,184.99000549316406,11081,0.0,0.0
2024-06-21 14:30:00-04:00,184.93499755859375,184.93499755859375,184.0399932861328,184.72999572753906,22367,0.0,0.0
2024-06-21 15:30:00-04:00,184.77999877929688,185.72000122070312,184.63499450683594,185.72000122070312,49113,0.0,0.0
2024-06-24 09:30:00-04:00,186.1999969482422,189.13999938964844,186.1999969482422,187.49000549316406,12648,0.0,0.0
2024-06-24 10:30:00-04:00,187.6999969482422,188.4499969482422,187.27999877929688,188.4199981689453,15029,0.0,0.0
2024-06-24 11:30:00-04:00,188.52999877929688,188.6300048828125,187.58999633789062,187.7100067138672,8780,0.0,0.0
2024-06-24 12:30:00-04:00,187.8800048828125,188.66000366210938,187.50999450683594,188.66000366210938,18567,0.0,0.0
2024-06-24 13:30:00-04:00,188.66000366210938,189.38499450683594,188.66000366210938,188.9499969482422,18499,0.0,0.0
2024-06-24 14:30:00-04:00,189.0500030517578,189.19000244140625,188.75999450683594,188.75999450683594,16172,0.0,0.0
2024-06-24 15:30:00-04:00,188.67999267578125,188.86000061035156,187.52999877929688,187.9600067138672,35147,0.0,0.0
2024-06-25 09:30:00-04:00,186.83999633789062,187.2899932861328,183.6300048828125,184.0850067138672,12814,0.0,0.0
2024-06-25 10:30:00-04:00,184.07000732421875,184.2899932861328,182.8800048828125,182.8800048828125,17849,0.0,0.0
2024-06-25 11:30:00-04:00,183.0,183.05999755859375,182.3800048828125,183.02499389648438,11179,0.0,0.0
2024-06-25 12:30:00-04:00,182.82000732421875,182.8800048828125,181.89500427246094,182.64999389648438,13452,0.0,0.0
2024-06-25 13:30:00-04:00,182.71499633789062,183.4199981689453,182.6199951171875,183.00999450683594,8368,0.0,0.0
2024-06-25 14:30:00-04:00,183.25999450683594,183.25999450683594,182.67999267578125,183.22999572753906,10081,0.0,0.0
2024-06-25 15:30:00-04:00,183.10000610351562,183.42999267578125,182.75999450683594,182.8000030517578,53423,0.0,0.0
2024-06-26 09:30:00-04:00,182.0,182.0,179.42999267578125,179.71499633789062,27503,0.0,0.0
2024-06-26 10:30:00-04:00,179.59500122070312,180.9499969482422,179.39500427246094,180.5449981689453,30529,0.0,0.0
2024-06-26 11:30:00-04:00,180.52999877929688,181.5,180.52999877929688,180.99000549316406,22344,0.0,0.0
2024-06-26 12:30:00-04:00,180.8000030517578,181.5,180.6999969482422,180.9600067138672,20771,0.0,0.0
2024-06-26 13:30:00-04:00,181.0,181.6699981689453,180.83999633789062,181.52000427246094,21045,0.0,0.0
2024-06-26 14:30:00-04:00,181.6649932861328,181.6649932861328,180.8350067138672,181.1820068359375,19641,0.0,0.0
2024-06-26 15:30:00-04:00,181.11000061035156,181.89999389648438,180.91000366210938,181.52999877929688,53436,0.0,0.0
2024-06-27 09:30:00-04:00,182.42999267578125,183.05999755859375,181.13999938964844,182.66000366210938,5897,0.0,0.0
2024-06-27 10:30:00-04:00,183.08999633789062,183.6999969482422,182.60000610351562,182.71499633789062,7563,0.0,0.0
2024-06-27 11:30:00-04:00,182.39999389648438,182.8800048828125,182.3800048828125,182.75,11418,0.0,0.0
2024-06-27 12:30:00-04:00,182.76499938964844,183.22999572753906,182.2899932861328,182.49960327148438,8823,0.0,0.0
2024-06-27 13:30:00-04:00,182.24000549316406,182.3300018310547,181.72999572753906,181.9949951171875,8858,0.0,0.0
2024-06-27 14:30:00-04:00,181.9499969482422,182.72000122070312,181.74000549316406,182.72000122070312,9920,0.0,0.0
2024-06-27 15:30:00-04:00,182.6999969482422,183.8699951171875,182.58999633789062,183.85000610351562,61398,0.0,0.0
2024-06-28 09:30:00-04:00,185.27999877929688,186.0,183.47999572753906,184.44000244140625,9505,0.0,0.0
2024-06-28 10:30:00-04:00,184.39999389648438,184.5850067138672,183.1649932861328,183.2449951171875,9014,0.0,0.0
2024-06-28 11:30:00-04:00,183.1300048828125,183.73500061035156,182.74000549316406,183.06500244140625,7321,0.0,0.0
2024-06-28 12:30:00-04:00,183.36000061035156,183.36000061035156,182.1699981689453,182.6199951171875,14845,0.0,0.0
2024-06-28 13:30:00-04:00,182.1699981689453,182.35000610351562,182.0800018310547,182.0800018310547,4122,0.0,0.0
2024-06-28 14:30:00-04:00,181.86000061035156,181.86000061035156,181.02499389648438,181.2100067138672,7715,0.0,0.0
2024-06-28 15:30:00-04:00,181.22000122070312,183.52999877929688,181.00999450683594,183.3699951171875,90476,0.0,0.0
2024-07-01 09:30:00-04:00,183.94000244140625,184.0,178.8300018310547,179.77000427246094,11978,0.0,0.0
2024-07-01 10:30:00-04:00,179.2100067138672,179.2100067138672,178.30999755859375,178.33999633789062,21090,0.0,0.0
2024-07-01 11:30:00-04:00,178.14999389648438,178.94000244140625,177.89999389648438,178.8000030517578,17661,0.0,0.0
2024-07-01 12:30:00-04:00,178.60000610351562,178.9499969482422,178.1300048828125,178.9499969482422,17491,0.0,0.0
2024-07-01 13:30:00-04:00,178.94000244140625,179.14999389648438,178.44000244140625,178.44000244140625,18172,0.0,0.0
2024-07-01 14:30:00-04:00,178.5800018310547,179.00999450683594,177.89999389648438,178.16000366210938,28937,0.0,0.0
2024-07-01 15:30:00-04:00,178.16000366210938,179.5800018310547,178.16000366210938,179.3000030517578,62352,0.0,0.0
2024-07-02 09:30:00-04:00,179.57000732421875,180.91000366210938,179.57000732421875,180.02000427246094,9975,0.0,0.0
2024-07-02 10:30:00-04:00,179.8800048828125,180.80999755859375,179.8800048828125,180.80999755859375,7097,0.0,0.0
2024-07-02 11:30:00-04:00,180.85000610351562,181.13999938964844,180.8249969482422,180.8643035888672,7204,0.0,0.0
2024-07-02 12:30:00-04:00,180.5800018310547,180.88999938964844,180.3000030517578,180.88999938964844,6462,0.0,0.0
2024-07-02 13:30:00-04:00,180.77499389648438,181.4600067138672,180.75999450683594,181.32000732421875,9335,0.0,0.0
2024-07-02 14:30:00-04:00,181.25,181.35499572753906,181.19500732421875,181.35499572753906,7677,0.0,0.0
2024-07-02 15:30:00-04:00,181.53500366210938,181.61000061035156,180.91000366210938,180.92999267578125,20389,0.0,0.0
2024-07-03 09:30:00-04:00,181.6699981689453,182.19000244140625,179.52999877929688,180.47000122070312,15163,0.0,0.0
2024-07-03 10:30:00-04:00,180.52999877929688,180.52999877929688,179.47999572753906,179.86000061035156,18634,0.0,0.0
2024-07-03 11:30:00-04:00,179.77999877929688,180.13999938964844,179.41000366210938,180.13999938964844,15654,0.0,0.0
2024-07-05 09:30:00-04:00,179.52999877929688,179.82000732421875,176.4149932861328,176.4250030517578,16059,0.0,0.0
2024-07-05 10:30:00-04:00,176.24000549316406,177.97000122070312,176.24000549316406,176.61500549316406,10457,0.0,0.0
2024-07-05 11:30:00-04:00,176.5500030517578,177.38499450683594,176.44000244140625,177.3300018310547,12997,0.0,0.0
2024-07-05 12:30:00-04:00,177.07000732421875,177.83999633789062,177.03500366210938,177.5800018310547,12974,0.0,0.0
2024-07-05 13:30:00-04:00,177.7100067138672,178.49000549316406,177.41000366210938,177.7899932861328,10703,0.0,0.0
2024-07-05 14:30:00-04:00,177.8000030517578,178.1699981689453,177.5399932861328,177.8000030517578,14565,0.0,0.0
2024-07-05 15:30:00-04:00,177.8000030517578,178.67999267578125,177.77999877929688,178.25,40487,0.0,0.0
2024-07-08 09:30:00-04:00,179.5,180.32000732421875,179.4199981689453,179.85000610351562,9728,0.0,0.0
2024-07-08 10:30:00-04:00,180.33999633789062,180.625,179.6699981689453,179.8800048828125,5031,0.0,0.0
2024-07-08 11:30:00-04:00,179.5749969482422,179.69000244140625,179.13999938964844,179.29879760742188,3869,0.0,0.0
2024-07-08 12:30:00-04:00,179.5399932861328,179.71499633789062,179.22000122070312,179.55470275878906,7450,0.0,0.0
2024-07-08 13:30:00-04:00,179.5500030517578,179.5500030517578,178.9199981689453,179.4600067138672,6202,0.0,0.0
2024-07-08 14:30:00-04:00,179.2425994873047,179.42999267578125,178.41000366210938,178.97000122070312,10116,0.0,0.0
2024-07-08 15:30:00-04:00,178.99000549316406,179.22500610351562,178.44000244140625,178.64999389648438,21506,0.0,0.0
2024-07-09 09:30:00-04:00,178.4600067138672,178.67999267578125,176.47500610351562,176.47500610351562,20858,0.0,0.0
2024-07-09 10:30:00-04:00,176.77999877929688,176.89549255371094,176.16000366210938,176.50999450683594,6860,0.0,0.0
2024-07-09 11:30:00-04:00,176.82000732421875,176.94500732421875,176.5500030517578,176.75999450683594,5318,0.0,0.0
2024-07-09 12:30:00-04:00,176.82000732421875,176.8800048828125,176.08999633789062,176.8800048828125,13458,0.0,0.0
2024-07-09 13:30:00-04:00,177.1199951171875,177.19000244140625,176.72000122070312,176.72000122070312,5454,0.0,0.0
2024-07-09 14:30:00-04:00,176.52000427246094,176.99000549316406,176.3699951171875,176.3699951171875,9344,0.0,0.0
2024-07-09 15:30:00-04:00,176.51499938964844,176.5399932861328,175.41000366210938,175.60000610351562,34961,0.0,0.0
2024-07-10 09:30:00-04:00,176.85000610351562,176.875,175.3699951171875,176.25,7379,0.0,0.0
2024-07-10 10:30:00-04:00,176.6999969482422,178.27000427246094,176.6999969482422,177.72500610351562,10363,0.0,0.0
2024-07-10 11:30:00-04:00,178.1199951171875,179.35000610351562,177.9499969482422,179.35000610351562,6946,0.0,0.0
2024-07-10 12:30:00-04:00,179.31500244140625,179.35000610351562,178.9199981689453,179.0800018310547,9017,0.0,0.0
2024-07-10 13:30:00-04:00,179.02999877929688,179.4600067138672,179.01499938964844,179.4600067138672,5480,0.0,0.0
2024-07-10 14:30:00-04:00,179.27000427246094,179.77999877929688,179.22999572753906,179.5399932861328,9974,0.0,0.0
2024-07-10 15:30:00-04:00,179.5500030517578,180.4669952392578,179.44000244140625,179.86000061035156,24093,0.0,0.0
2024-07-11 09:30:00-04:00,184.0,186.2100067138672,184.0,185.66000366210938,12789,0.0,0.0
2024-07-11 10:30:00-04:00,186.69000244140625,187.82000732421875,186.69000244140625,186.8800048828125,13573,0.0,0.0
2024-07-11 11:30:00-04:00,187.30999755859375,187.33999633789062,185.58999633789062,185.8000030517578,17795,0.0,0.0
2024-07-11 12:30:00-04:00,186.02499389648438,186.5449981689453,185.63999938964844,186.5,10317,0.0,0.0
2024-07-11 13:30:00-04:00,186.30999755859375,186.77499389648438,186.27000427246094,186.2899932861328,9231,0.0,0.0
2024-07-11 14:30:00-04:00,186.1750030517578,186.4199981689453,185.61000061035156,185.94000244140625,10662,0.0,0.0
2024-07-11 15:30:00-04:00,186.08999633789062,186.41000366210938,185.72000122070312,185.72000122070312,29763,0.0,0.0
2024-07-12 09:30:00-04:00,187.9600067138672,189.0,185.02499389648438,188.8000030517578,30773,0.0,0.0
2024-07-12 10:30:00-04:00,189.35000610351562,189.5500030517578,188.64500427246094,189.4149932861328,14719,0.0,0.0
2024-07-12 11:30:00-04:00,189.39500427246094,189.39500427246094,188.27000427246094,188.3000030517578,5583,0.0,0.0
2024-07-12 12:30:00-04:00,187.91000366210938,188.83999633789062,187.88999938964844,188.8300018310547,9966,0.0,0.0
2024-07-12 13:30:00-04:00,189.0500030517578,189.6999969482422,189.0500030517578,189.47000122070312,12293,0.0,0.0
2024-07-12 14:30:00-04:00,189.1199951171875,189.5449981689453,188.94500732421875,189.22999572753906,12791,0.0,0.0
2024-07-12 15:30:00-04:00,189.08999633789062,189.5399932861328,188.58999633789062,188.99000549316406,41954,0.0,0.0
2024-07-15 09:30:00-04:00,190.0,192.94500732421875,189.96499633789062,192.55999755859375,20179,0.0,0.0
2024-07-15 10:30:00-04:00,192.43899536132812,194.05999755859375,192.43899536132812,193.8800048828125,10381,0.0,0.0
2024-07-15 11:30:00-04:00,193.875,194.8000030517578,193.49000549316406,194.10499572753906,13047,0.0,0.0
2024-07-15 12:30:00-04:00,193.89500427246094,194.53500366210938,193.3000030517578,193.3699951171875,10109,0.0,0.0
2024-07-15 13:30:00-04:00,192.97000122070312,193.10000610351562,192.60000610351562,192.86000061035156,9629,0.0,0.0
2024-07-15 14:30:00-04:00,192.7899932861328,193.99000549316406,192.7899932861328,193.27999877929688,12096,0.0,0.0
2024-07-15 15:30:00-04:00,193.33999633789062,193.48989868164062,192.08999633789062,192.1999969482422,25523,0.0,0.0
2024-07-16 09:30:00-04:00,194.3800048828125,197.26499938964844,194.0500030517578,194.9550018310547,27943,0.0,0.0
2024-07-16 10:30:00-04:00,194.42999267578125,197.86000061035156,194.42999267578125,197.86000061035156,14983,0.0,0.0
2024-07-16 11:30:00-04:00,197.47000122070312,197.80999755859375,197.02999877929688,197.2646026611328,9807,0.0,0.0
2024-07-16 12:30:00-04:00,197.36000061035156,197.55999755859375,196.99000549316406,197.35499572753906,9455,0.0,0.0
2024-07-16 13:30:00-04:00,197.39999389648438,197.86000061035156,196.80999755859375,197.72999572753906,15402,0.0,0.0
2024-07-16 14:30:00-04:00,197.89999389648438,198.5500030517578,197.88499450683594,198.52999877929688,15676,0.0,0.0
2024-07-16 15:30:00-04:00,198.4499969482422,198.4499969482422,197.77999877929688,198.1300048828125,34077,0.0,0.0
2024-07-17 09:30:00-04:00,196.6999969482422,199.00999450683594,196.52000427246094,197.47999572753906,17524,0.0,0.0
2024-07-17 10:30:00-04:00,197.33599853515625,198.02000427246094,196.3000030517578,198.02000427246094,8879,0.0,0.0
2024-07-17 11:30:00-04:00,197.30999755859375,198.10499572753906,197.30999755859375,197.88999938964844,8456,0.0,0.0
2024-07-17 12:30:00-04:00,197.88999938964844,198.05999755859375,197.42999267578125,197.7550048828125,13864,0.0,0.0
2024-07-17 13:30:00-04:00,198.07000732421875,198.25,197.22000122070312,197.99000549316406,17036,0.0,0.0
2024-07-17 14:30:00-04:00,197.8300018310547,198.39500427246094,197.36000061035156,198.39500427246094,18512,0.0,0.0
2024-07-17 15:30:00-04:00,198.19500732421875,198.35000610351562,196.50999450683594,196.5399932861328,34051,0.0,0.0
2024-07-18 09:30:00-04:00,195.00999450683594,200.3300018310547,195.00999450683594,199.32000732421875,8702,0.0,0.0
2024-07-18 10:30:00-04:00,198.6699981689453,198.6699981689453,197.85000610351562,197.85000610351562,5920,0.0,0.0
2024-07-18 11:30:00-04:00,197.9499969482422,198.11500549316406,197.11000061035156,197.3249969482422,5789,0.0,0.0
2024-07-18 12:30:00-04:00,196.66000366210938,197.72000122070312,196.66000366210938,196.92999267578125,6822,0.0,0.0
2024-07-18 13:30:00-04:00,197.1531982421875,197.27000427246094,196.5,196.8300018310547,13064,0.0,0.0
2024-07-18 14:30:00-04:00,196.60499572753906,197.3300018310547,196.60499572753906,197.00999450683594,28398,0.0,0.0
2024-07-18 15:30:00-04:00,196.9499969482422,197.8699951171875,196.64999389648438,196.6699981689453,31168,0.0,0.0
2024-07-19 09:30:00-04:00,196.75,197.32000732421875,196.36000061035156,196.85000610351562,14148,0.0,0.0
2024-07-19 10:30:00-04:00,196.82000732421875,197.25,195.3000030517578,195.3000030517578,17080,0.0,0.0
2024-07-19 11:30:00-04:00,195.4600067138672,197.76499938964844,195.22999572753906,196.80999755859375,15890,0.0,0.0
2024-07-19 12:30:00-04:00,196.90499877929688,197.2989959716797,196.5,196.64999389648438,15150,0.0,0.0
2024-07-19 13:30:00-04:00,196.55999755859375,197.16600036621094,196.42999267578125,196.75999450683594,10241,0.0,0.0
2024-07-19 14:30:00-04:00,196.64999389648438,197.5500030517578,196.64999389648438,197.17999267578125,17489,0.0,0.0
2024-07-19 15:30:00-04:00,197.17999267578125,197.41000366210938,196.2100067138672,196.2899932861328,29289,0.0,0.0
2024-07-22 09:30:00-04:00,197.66000366210938,197.66000366210938,194.7100067138672,194.7100067138672,6278,0.0,0.0
2024-07-22 10:30:00-04:00,194.9499969482422,196.99000549316406,194.52999877929688,196.82000732421875,9242,0.0,0.0
2024-07-22 11:30:00-04:00,196.60000610351562,197.25399780273438,196.57000732421875,196.9600067138672,4987,0.0,0.0
2024-07-22 12:30:00-04:00,196.60000610351562,197.7100067138672,196.30999755859375,197.55999755859375,5946,0.0,0.0
2024-07-22 13:30:00-04:00,197.63499450683594,198.21499633789062,197.49000549316406,198.21499633789062,5676,0.0,0.0
2024-07-22 14:30:00-04:00,197.8249969482422,199.22999572753906,197.8249969482422,198.9949951171875,11313,0.0,0.0
2024-07-22 15:30:00-04:00,199.1999969482422,199.6999969482422,198.9600067138672,199.5800018310547,22561,0.0,0.0
2024-07-23 09:30:00-04:00,198.52000427246094,200.08999633789062,198.06500244140625,199.4499969482422,11665,0.0,0.0
2024-07-23 10:30:00-04:00,199.4600067138672,199.8300018310547,198.35000610351562,199.1999969482422,6524,0.0,0.0
2024-07-23 11:30:00-04:00,199.3699951171875,200.4199981689453,199.00210571289062,199.30999755859375,6477,0.0,0.0
2024-07-23 12:30:00-04:00,199.1750030517578,199.5,199.06500244140625,199.30999755859375,5608,0.0,0.0
2024-07-23 13:30:00-04:00,198.97000122070312,200.35000610351562,198.97000122070312,200.0399932861328,4687,0.0,0.0
2024-07-23 14:30:00-04:00,199.9199981689453,200.52999877929688,199.9199981689453,200.24000549316406,10857,0.0,0.0
2024-07-23 15:30:00-04:00,200.13999938964844,200.4199981689453,199.63999938964844,199.77999877929688,21225,0.0,0.0
2024-07-24 09:30:00-04:00,198.07000732421875,198.85000610351562,197.1300048828125,198.85000610351562,5918,0.0,0.0
2024-07-24 10:30:00-04:00,199.16000366210938,200.24000549316406,199.16000366210938,200.17999267578125,8308,0.0,0.0
2024-07-24 11:30:00-04:00,200.4600067138672,201.16000366210938,200.4600067138672,201.13499450683594,19342,0.0,0.0
2024-07-24 12:30:00-04:00,200.875,201.0449981689453,199.8000030517578,199.99000549316406,10856,0.0,0.0
2024-07-24 13:30:00-04:00,199.8000030517578,199.85000610351562,198.5,198.52499389648438,10502,0.0,0.0
2024-07-24 14:30:00-04:00,198.60000610351562,198.60000610351562,197.5050048828125,197.6199951171875,15349,0.0,0.0
2024-07-24 15:30:00-04:00,197.6649932861328,198.05999755859375,195.02000427246094,195.02999877929688,27823,0.0,0.0
2024-07-25 09:30:00-04:00,195.91000366210938,201.52999877929688,195.5050048828125,201.4199981689453,11796,0.0,0.0
2024-07-25 10:30:00-04:00,200.92999267578125,203.00999450683594,200.17999267578125,202.3300018310547,12126,0.0,0.0
2024-07-25 11:30:00-04:00,202.7100067138672,205.0,202.0500030517578,204.74000549316406,17027,0.0,0.0
2024-07-25 12:30:00-04:00,204.58999633789062,205.47999572753906,204.50999450683594,204.83999633789062,15395,0.0,0.0
2024-07-25 13:30:00-04:00,204.75999450683594,204.97000122070312,202.5,202.5,14802,0.0,0.0
2024-07-25 14:30:00-04:00,202.4199981689453,203.21249389648438,201.52999877929688,202.4499969482422,14865,0.0,0.0
2024-07-25 15:30:00-04:00,202.77999877929688,203.1199951171875,201.94000244140625,202.16000366210938,52626,0.0,0.0
2024-07-26 09:30:00-04:00,204.94000244140625,207.02999877929688,203.8300018310547,206.32000732421875,8672,0.0,0.0
2024-07-26 10:30:00-04:00,205.46499633789062,205.46499633789062,203.4499969482422,204.8699951171875,3852,0.0,0.0
2024-07-26 11:30:00-04:00,204.69000244140625,206.6699981689453,204.69000244140625,206.4600067138672,5710,0.0,0.0
2024-07-26 12:30:00-04:00,206.4199981689453,206.91000366210938,205.99000549316406,206.89999389648438,7737,0.0,0.0
2024-07-26 13:30:00-04:00,205.91000366210938,206.30999755859375,205.05999755859375,205.66000366210938,6130,0.0,0.0
2024-07-26 14:30:00-04:00,205.86000061035156,206.19000244140625,205.50999450683594,206.0800018310547,8320,0.0,0.0
2024-07-26 15:30:00-04:00,205.97000122070312,206.1199951171875,205.14999389648438,205.49000549316406,20478,0.0,0.0
2024-07-29 09:30:00-04:00,205.6300048828125,207.98500061035156,205.6300048828125,207.25,13003,0.0,0.0
2024-07-29 10:30:00-04:00,206.55999755859375,207.25,206.11500549316406,207.1199951171875,9856,0.0,0.0
2024-07-29 11:30:00-04:00,206.60000610351562,207.22999572753906,205.9199981689453,206.89999389648438,6723,0.0,0.0
2024-07-29 12:30:00-04:00,206.89999389648438,206.89999389648438,204.22999572753906,204.22999572753906,10774,0.0,0.0
2024-07-29 13:30:00-04:00,204.33200073242188,204.77999877929688,204.13999938964844,204.52499389648438,7908,0.0,0.0
2024-07-29 14:30:00-04:00,204.23500061035156,204.66000366210938,204.00999450683594,204.66000366210938,7004,0.0,0.0
2024-07-29 15:30:00-04:00,204.5,206.22999572753906,204.3000030517578,204.3000030517578,34309,0.0,0.0
2024-07-30 09:30:00-04:00,205.91000366210938,206.74000549316406,204.3800048828125,204.47999572753906,6354,0.0,0.0
2024-07-30 10:30:00-04:00,205.09010314941406,207.10000610351562,205.09010314941406,206.30999755859375,19332,0.0,0.0
2024-07-30 11:30:00-04:00,206.09500122070312,207.2100067138672,205.88999938964844,207.1999969482422,10644,0.0,0.0
2024-07-30 12:30:00-04:00,207.36000061035156,207.4499969482422,206.49000549316406,206.92999267578125,13776,0.0,0.0
2024-07-30 13:30:00-04:00,207.44000244140625,209.2899932861328,207.2469940185547,208.1750030517578,39885,0.0,0.0
2024-07-30 14:30:00-04:00,207.86000061035156,208.8699951171875,207.6699981689453,208.72000122070312,10427,0.0,0.0
2024-07-30 15:30:00-04:00,208.63999938964844,209.0500030517578,207.42999267578125,207.8800048828125,35467,0.0,0.0
2024-07-31 09:30:00-04:00,208.1699981689453,208.1699981689453,204.51499938964844,206.07000732421875,8577,0.0,0.0
2024-07-31 10:30:00-04:00,205.91000366210938,208.07000732421875,205.91000366210938,207.6300048828125,9167,0.0,0.0
2024-07-31 11:30:00-04:00,207.27499389648438,208.3800048828125,207.27499389648438,208.2899932861328,9247,0.0,0.0
2024-07-31 12:30:00-04:00,208.90499877929688,209.38999938964844,208.375,208.9199981689453,6476,0.0,0.0
2024-07-31 13:30:00-04:00,208.72000122070312,208.72000122070312,207.2949981689453,207.97999572753906,7585,0.0,0.0
2024-07-31 14:30:00-04:00,208.41000366210938,212.48500061035156,207.8249969482422,209.4499969482422,31799,0.0,0.0
2024-07-31 15:30:00-04:00,209.3300018310547,209.6699981689453,207.1999969482422,207.57000732421875,44533,0.0,0.0
2024-08-01 09:30:00-04:00,207.25999450683594,209.1999969482422,203.9199981689453,204.1199951171875,14235,0.0,0.0
2024-08-01 10:30:00-04:00,204.2899932861328,204.2899932861328,200.41000366210938,200.82000732421875,12666,0.0,0.0
2024-08-01 11:30:00-04:00,200.4600067138672,202.51499938964844,200.14500427246094,202.0,13621,0.0,0.0
2024-08-01 12:30:00-04:00,202.0399932861328,202.1199951171875,200.3300018310547,200.3699951171875,7175,0.0,0.0
2024-08-01 13:30:00-04:00,200.77000427246094,201.55999755859375,200.47000122070312,200.7100067138672,13307,0.0,0.0
2024-08-01 14:30:00-04:00,200.60000610351562,201.25999450683594,200.0399932861328,201.25999450683594,10715,0.0,0.0
2024-08-01 15:30:00-04:00,201.5,203.69000244140625,201.5,202.7899932861328,57719,0.0,0.0
2024-08-02 09:30:00-04:00,195.9499969482422,197.50999450683594,195.94000244140625,197.1699981689453,11701,0.0,0.0
2024-08-02 10:30:00-04:00,197.58990478515625,198.33999633789062,196.7050018310547,197.4600067138672,23109,0.0,0.0
2024-08-02 11:30:00-04:00,197.5050048828125,198.38999938964844,197.5050048828125,198.2550048828125,7883,0.0,0.0
2024-08-02 12:30:00-04:00,198.47999572753906,198.47999572753906,197.44500732421875,198.00999450683594,8914,0.0,0.0
2024-08-02 13:30:00-04:00,197.69290161132812,198.39999389648438,197.66000366210938,198.39999389648438,10104,0.0,0.0
2024-08-02 14:30:00-04:00,199.0,199.82000732421875,198.6999969482422,199.72000122070312,13347,0.0,0.0
2024-08-02 15:30:00-04:00,199.83999633789062,200.14500427246094,199.0399932861328,199.5399932861328,43021,0.0,0.0
2024-08-05 09:30:00-04:00,191.64999389648438,193.14999389648438,190.0,191.99000549316406,30874,0.0,0.0
2024-08-05 10:30:00-04:00,192.00999450683594,194.6699981689453,191.68499755859375,194.44000244140625,21520,0.0,0.0
2024-08-05 11:30:00-04:00,194.6199951171875,196.0,193.57000732421875,195.08999633789062,17038,0.0,0.0
2024-08-05 12:30:00-04:00,194.81500244140625,195.3000030517578,192.99000549316406,194.35000610351562,38607,0.0,0.0
2024-08-05 13:30:00-04:00,194.16000366210938,194.5800018310547,193.2100067138672,193.67999267578125,13011,0.0,0.0
2024-08-05 14:30:00-04:00,193.60000610351562,193.7100067138672,192.46499633789062,192.88999938964844,14183,0.0,0.0
2024-08-05 15:30:00-04:00,193.08999633789062,194.07000732421875,192.55999755859375,193.97999572753906,40375,0.0,0.0
2024-08-06 09:30:00-04:00,194.27000427246094,197.02999877929688,192.09500122070312,196.3000030517578,10279,0.0,0.0
2024-08-06 10:30:00-04:00,196.3000030517578,197.85000610351562,194.57000732421875,194.6199951171875,22245,0.0,0.0
2024-08-06 11:30:00-04:00,194.66000366210938,196.7550048828125,194.66000366210938,196.42999267578125,13168,0.0,0.0
2024-08-06 12:30:00-04:00,196.3300018310547,196.55999755859375,195.40499877929688,196.25999450683594,10293,0.0,0.0
2024-08-06 13:30:00-04:00,196.63499450683594,196.9600067138672,196.3300018310547,196.75,10318,0.0,0.0
2024-08-06 14:30:00-04:00,197.2550048828125,198.36000061035156,195.7899932861328,196.6699981689453,43600,0.0,0.0
2024-08-06 15:30:00-04:00,197.02000427246094,197.21499633789062,196.25,196.2899932861328,55429,0.0,0.0
2024-08-07 09:30:00-04:00,198.25999450683594,200.6300048828125,197.97000122070312,198.84500122070312,28291,0.0,0.0
2024-08-07 10:30:00-04:00,198.84500122070312,199.63999938964844,197.32000732421875,198.27999877929688,21695,0.0,0.0
2024-08-07 11:30:00-04:00,198.33999633789062,198.33999633789062,196.57000732421875,197.61000061035156,8139,0.0,0.0
2024-08-07 12:30:00-04:00,197.38999938964844,197.38999938964844,195.97999572753906,196.58999633789062,35716,0.0,0.0
2024-08-07 13:30:00-04:00,196.67999267578125,197.19000244140625,194.9949951171875,195.3000030517578,9938,0.0,0.0
2024-08-07 14:30:00-04:00,195.08999633789062,196.27999877929688,194.91000366210938,195.39500427246094,17583,0.0,0.0
2024-08-07 15:30:00-04:00,195.36500549316406,195.52000427246094,193.3000030517578,193.9499969482422,55460,0.0,0.0
2024-08-08 09:30:00-04:00,191.75,191.75,178.6699981689453,184.78500366210938,49244,0.0,0.0
2024-08-08 10:30:00-04:00,184.55999755859375,188.1699981689453,184.4600067138672,186.80999755859375,40665,0.0,0.0
2024-08-08 11:30:00-04:00,185.61000061035156,186.1300048828125,184.94000244140625,185.7449951171875,16536,0.0,0.0
2024-08-08 12:30:00-04:00,185.15499877929688,186.08999633789062,184.5449981689453,186.08999633789062,16177,0.0,0.0
2024-08-08 13:30:00-04:00,186.2532958984375,186.8000030517578,185.55999755859375,186.49000549316406,27278,0.0,0.0
2024-08-08 14:30:00-04:00,186.19000244140625,187.32000732421875,185.67999267578125,185.67999267578125,30188,0.0,0.0
2024-08-08 15:30:00-04:00,185.91000366210938,186.32000732421875,184.69500732421875,185.3699951171875,89819,0.0,0.0
2024-08-09 09:30:00-04:00,182.3000030517578,185.13999938964844,181.0399932861328,182.8300018310547,20219,0.0,0.0
2024-08-09 10:30:00-04:00,182.00999450683594,183.1199951171875,181.64999389648438,181.83999633789062,20038,0.0,0.0
2024-08-09 11:30:00-04:00,181.6199951171875,183.11000061035156,181.52999877929688,182.99000549316406,38120,0.0,0.0
2024-08-09 12:30:00-04:00,183.60499572753906,183.82000732421875,182.8699951171875,183.64999389648438,9637,0.0,0.0
2024-08-09 13:30:00-04:00,183.64999389648438,183.94000244140625,180.74000549316406,181.06500244140625,26071,0.0,0.0
2024-08-09 14:30:00-04:00,181.1999969482422,182.2899932861328,180.5500030517578,182.27999877929688,23387,0.0,0.0
2024-08-09 15:30:00-04:00,182.3800048828125,183.20730590820312,181.9600067138672,182.2899932861328,57169,0.0,0.0
2024-08-12 09:30:00-04:00,181.61000061035156,181.61000061035156,179.2550048828125,180.76499938964844,16687,0.0,0.0
2024-08-12 10:30:00-04:00,180.33999633789062,180.8800048828125,179.64999389648438,179.8350067138672,10173,0.0,0.0
2024-08-12 11:30:00-04:00,179.9250030517578,180.85000610351562,179.66000366210938,180.00999450683594,13571,0.0,0.0
2024-08-12 12:30:00-04:00,180.01499938964844,180.02999877929688,179.0800018310547,179.17889404296875,17321,0.0,0.0
2024-08-12 13:30:00-04:00,178.85000610351562,179.02999877929688,178.6999969482422,178.74000549316406,7064,0.0,0.0
2024-08-12 14:30:00-04:00,178.75999450683594,179.38999938964844,178.67999267578125,179.3000030517578,20841,0.0,0.0
2024-08-12 15:30:00-04:00,179.4199981689453,179.4199981689453,178.2899932861328,178.2899932861328,28824,0.0,0.0
2024-08-13 09:30:00-04:00,180.2100067138672,182.03500366210938,179.23500061035156,179.23500061035156,13361,0.0,0.0
2024-08-13 10:30:00-04:00,179.28500366210938,180.2050018310547,179.02000427246094,179.9250030517578,8801,0.0,0.0
2024-08-13 11:30:00-04:00,180.16000366210938,181.32000732421875,180.16000366210938,180.875,11438,0.0,0.0
2024-08-13 12:30:00-04:00,180.875,181.6999969482422,180.38499450683594,181.00999450683594,9381,0.0,0.0
2024-08-13 13:30:00-04:00,181.02000427246094,181.89500427246094,180.89500427246094,181.30999755859375,13975,0.0,0.0
2024-08-13 14:30:00-04:00,181.3300018310547,181.75999450683594,181.11000061035156,181.4499969482422,9826,0.0,0.0
2024-08-13 15:30:00-04:00,181.49000549316406,182.55999755859375,181.4600067138672,182.2899932861328,36559,0.0,0.0
2024-08-14 09:30:00-04:00,182.97999572753906,182.97999572753906,181.00999450683594,181.3800048828125,5802,0.0,0.0
2024-08-14 10:30:00-04:00,181.4949951171875,181.4949951171875,180.31500244140625,180.31500244140625,5115,0.0,0.0
2024-08-14 11:30:00-04:00,180.58999633789062,181.1999969482422,179.99000549316406,180.14999389648438,8175,0.0,0.0
2024-08-14 12:30:00-04:00,180.2100067138672,181.10000610351562,179.8699951171875,180.96209716796875,10207,0.0,0.0
2024-08-14 13:30:00-04:00,180.72999572753906,181.52000427246094,180.3300018310547,180.9600067138672,7359,0.0,0.0
2024-08-14 14:30:00-04:00,181.19500732421875,181.64999389648438,181.02999877929688,181.38499450683594,7436,0.0,0.0
2024-08-14 15:30:00-04:00,181.25999450683594,181.9199981689453,181.1199951171875,181.75,25639,0.0,0.0
2024-08-15 09:30:00-04:00,185.69000244140625,185.69000244140625,183.43499755859375,183.83999633789062,8582,0.0,0.0
2024-08-15 10:30:00-04:00,184.33999633789062,185.80999755859375,184.1300048828125,185.11000061035156,7443,0.0,0.0
2024-08-15 11:30:00-04:00,184.9949951171875,185.6199951171875,184.9949951171875,185.52999877929688,8983,0.0,0.0
2024-08-15 12:30:00-04:00,185.52000427246094,185.74000549316406,185.07000732421875,185.58999633789062,10260,0.0,0.0
2024-08-15 13:30:00-04:00,186.02499389648438,186.36990356445312,185.5,185.86000061035156,9551,0.0,0.0
2024-08-15 14:30:00-04:00,185.77000427246094,186.11000061035156,185.22000122070312,185.5800018310547,12189,0.0,0.0
2024-08-15 15:30:00-04:00,185.60000610351562,185.7550048828125,184.7550048828125,185.69000244140625,31498,0.0,0.0
2024-08-16 09:30:00-04:00,185.25999450683594,186.14500427246094,184.94500732421875,185.49000549316406,14121,0.0,0.0
2024-08-16 10:30:00-04:00,185.38999938964844,185.58999633789062,184.85000610351562,185.58999633789062,19546,0.0,0.0
2024-08-16 11:30:00-04:00,185.77000427246094,185.77000427246094,185.0399932861328,185.25999450683594,14228,0.0,0.0
2024-08-16 12:30:00-04:00,185.22999572753906,185.6999969482422,185.11500549316406,185.5,15004,0.0,0.0
2024-08-16 13:30:00-04:00,185.5,185.7100067138672,185.44000244140625,185.44000244140625,7247,0.0,0.0
2024-08-16 14:30:00-04:00,185.6199951171875,185.75999450683594,185.3000030517578,185.56500244140625,17701,0.0,0.0
2024-08-16 15:30:00-04:00,185.72999572753906,185.9600067138672,185.44000244140625,185.55999755859375,30002,0.0,0.0
2024-08-19 09:30:00-04:00,186.4600067138672,186.4600067138672,185.0,185.7899932861328,7716,0.0,0.0
2024-08-19 10:30:00-04:00,186.0749969482422,186.48500061035156,185.72000122070312,186.4499969482422,7253,0.0,0.0
2024-08-19 11:30:00-04:00,186.3800048828125,186.6199951171875,186.35000610351562,186.53280639648438,2918,0.0,0.0
2024-08-19 12:30:00-04:00,186.3800048828125,186.8249969482422,186.3699951171875,186.8249969482422,4262,0.0,0.0
2024-08-19 13:30:00-04:00,186.64999389648438,187.3800048828125,186.64999389648438,187.3800048828125,5979,0.0,0.0
2024-08-19 14:30:00-04:00,187.4250030517578,187.51499938964844,186.88999938964844,186.99249267578125,10584,0.0,0.0
2024-08-19 15:30:00-04:00,186.98500061035156,187.0,186.32000732421875,186.99000549316406,26515,0.0,0.0
2024-08-20 09:30:00-04:00,186.5500030517578,188.6199951171875,185.9550018310547,186.80499267578125,12704,0.0,0.0
2024-08-20 10:30:00-04:00,186.8800048828125,186.88999938964844,185.2100067138672,185.25,10568,0.0,0.0
2024-08-20 11:30:00-04:00,185.0,185.0,184.0,184.1999969482422,24340,0.0,0.0
2024-08-20 12:30:00-04:00,184.1999969482422,184.36000061035156,183.1999969482422,184.02999877929688,7408,0.0,0.0
2024-08-20 13:30:00-04:00,184.01499938964844,184.5749969482422,183.99000549316406,184.56500244140625,5250,0.0,0.0
2024-08-20 14:30:00-04:00,184.5800018310547,184.63999938964844,184.3800048828125,184.55499267578125,12788,0.0,0.0
2024-08-20 15:30:00-04:00,184.5500030517578,185.47999572753906,184.30499267578125,185.36000061035156,39262,0.0,0.0
2024-08-21 09:30:00-04:00,186.6699981689453,186.6699981689453,184.6649932861328,184.7899932861328,5515,0.0,0.0
2024-08-21 10:30:00-04:00,184.72999572753906,186.02999877929688,184.58999633789062,185.5449981689453,8256,0.0,0.0
2024-08-21 11:30:00-04:00,185.5800018310547,185.71499633789062,185.5800018310547,185.58999633789062,1973,0.0,0.0
2024-08-21 12:30:00-04:00,185.9199981689453,186.36749267578125,185.63490295410156,186.24000549316406,4425,0.0,0.0
2024-08-21 13:30:00-04:00,186.27200317382812,186.63499450683594,186.1999969482422,186.25999450683594,10311,0.0,0.0
2024-08-21 14:30:00-04:00,186.44500732421875,186.56500244140625,185.67999267578125,185.8699951171875,10802,0.0,0.0
2024-08-21 15:30:00-04:00,185.97999572753906,186.08999633789062,185.47000122070312,185.89999389648438,28215,0.0,0.0
2024-08-22 09:30:00-04:00,185.83999633789062,186.35000610351562,184.4250030517578,184.4600067138672,5815,0.0,0.0
2024-08-22 10:30:00-04:00,184.2584991455078,185.22999572753906,184.1750030517578,184.4199981689453,22311,0.0,0.0
2024-08-22 11:30:00-04:00,184.7899932861328,185.2458038330078,184.7899932861328,185.2458038330078,2959,0.0,0.0
2024-08-22 12:30:00-04:00,185.50999450683594,186.3800048828125,185.50999450683594,186.22999572753906,46175,0.0,0.0
2024-08-22 13:30:00-04:00,185.9600067138672,187.2100067138672,185.9600067138672,186.77000427246094,83704,0.0,0.0
2024-08-22 14:30:00-04:00,187.0449981689453,187.50999450683594,186.72999572753906,186.99000549316406,13370,0.0,0.0
2024-08-22 15:30:00-04:00,187.27499389648438,187.85000610351562,186.3000030517578,186.75999450683594,31384,0.0,0.0
2024-08-23 09:30:00-04:00,187.97999572753906,189.6999969482422,187.25999450683594,189.6999969482422,10160,0.0,0.0
2024-08-23 10:30:00-04:00,190.5229949951172,192.2100067138672,190.27499389648438,192.07000732421875,12666,0.0,0.0
2024-08-23 11:30:00-04:00,192.2949981689453,192.67999267578125,190.63999938964844,190.8800048828125,10282,0.0,0.0
2024-08-23 12:30:00-04:00,191.0,191.08999633789062,190.5800018310547,190.9949951171875,5864,0.0,0.0
2024-08-23 13:30:00-04:00,191.08999633789062,191.3300018310547,190.88999938964844,191.00999450683594,12028,0.0,0.0
2024-08-23 14:30:00-04:00,191.14999389648438,191.80499267578125,190.94000244140625,191.8000030517578,14534,0.0,0.0
2024-08-23 15:30:00-04:00,191.6999969482422,191.6999969482422,191.02999877929688,191.0500030517578,25329,0.0,0.0
2024-08-26 09:30:00-04:00,193.0,193.98989868164062,192.89500427246094,193.33999633789062,4569,0.0,0.0
2024-08-26 10:30:00-04:00,193.16000366210938,193.16000366210938,191.9600067138672,192.2050018310547,13907,0.0,0.0
2024-08-26 11:30:00-04:00,190.9459991455078,192.57000732421875,190.9459991455078,192.44500732421875,38084,0.0,0.0
2024-08-26 12:30:00-04:00,192.51499938964844,193.10000610351562,192.48500061035156,193.0,17065,0.0,0.0
2024-08-26 13:30:00-04:00,191.9499969482422,192.32000732421875,191.9499969482422,192.25999450683594,7785,0.0,0.0
2024-08-26 14:30:00-04:00,192.49000549316406,193.07000732421875,192.38999938964844,192.89999389648438,18005,0.0,0.0
2024-08-26 15:30:00-04:00,192.47999572753906,192.88999938964844,192.46499633789062,192.82000732421875,27142,0.0,0.0
2024-08-27 09:30:00-04:00,191.8699951171875,191.8699951171875,189.89999389648438,190.27499389648438,4268,0.0,0.0
2024-08-27 10:30:00-04:00,190.5050048828125,192.5,190.5050048828125,191.02000427246094,33883,0.0,0.0
2024-08-27 11:30:00-04:00,190.7100067138672,192.05999755859375,190.7100067138672,191.625,28504,0.0,0.0
2024-08-27 12:30:00-04:00,190.75999450683594,191.4199981689453,190.75999450683594,191.25,8723,0.0,0.0
2024-08-27 13:30:00-04:00,191.72999572753906,192.14999389648438,191.72999572753906,192.14999389648438,9791,0.0,0.0
2024-08-27 14:30:00-04:00,192.17999267578125,192.7100067138672,192.0850067138672,192.63499450683594,12609,0.0,0.0
2024-08-27 15:30:00-04:00,192.72000122070312,193.10800170898438,192.0399932861328,192.0500030517578,24193,0.0,0.0
2024-08-28 09:30:00-04:00,192.22000122070312,193.0,192.1699981689453,192.75,5394,0.0,0.0
2024-08-28 10:30:00-04:00,193.2100067138672,193.5399932861328,192.8350067138672,192.8350067138672,12542,0.0,0.0
2024-08-28 11:30:00-04:00,192.66000366210938,192.85000610351562,192.14999389648438,192.14999389648438,8504,0.0,0.0
2024-08-28 12:30:00-04:00,192.17999267578125,192.75,192.17999267578125,192.375,4659,0.0,0.0
2024-08-28 13:30:00-04:00,192.6999969482422,192.97999572753906,191.30999755859375,192.0500030517578,33766,0.0,0.0
2024-08-28 14:30:00-04:00,192.0749969482422,193.5449981689453,191.9149932861328,193.5449981689453,49430,0.0,0.0
2024-08-28 15:30:00-04:00,193.5500030517578,193.55999755859375,192.57000732421875,193.50999450683594,33548,0.0,0.0
2024-08-29 09:30:00-04:00,195.2899932861328,195.2899932861328,193.01109313964844,194.23500061035156,7327,0.0,0.0
2024-08-29 10:30:00-04:00,194.2449951171875,194.44000244140625,193.49000549316406,193.72000122070312,5733,0.0,0.0
2024-08-29 11:30:00-04:00,193.83999633789062,194.25999450683594,193.74000549316406,193.8800048828125,5498,0.0,0.0
2024-08-29 12:30:00-04:00,194.1300048828125,194.60000610351562,193.97500610351562,194.44000244140625,7862,0.0,0.0
2024-08-29 13:30:00-04:00,194.49000549316406,194.94000244140625,193.83999633789062,194.0500030517578,10778,0.0,0.0
2024-08-29 14:30:00-04:00,193.8300018310547,194.60000610351562,193.5399932861328,194.3800048828125,26673,0.0,0.0
2024-08-29 15:30:00-04:00,194.5,194.75999450683594,193.72000122070312,194.5,64070,0.0,0.0
2024-08-30 09:30:00-04:00,195.1300048828125,196.0449981689453,194.2100067138672,196.0449981689453,8654,0.0,0.0
2024-08-30 10:30:00-04:00,196.0449981689453,196.0449981689453,194.77999877929688,194.77999877929688,9808,0.0,0.0
2024-08-30 11:30:00-04:00,194.77999877929688,194.86000061035156,194.11000061035156,194.11000061035156,9337,0.0,0.0
2024-08-30 12:30:00-04:00,194.49000549316406,194.94000244140625,194.00999450683594,194.60000610351562,11251,0.0,0.0
2024-08-30 13:30:00-04:00,194.41000366210938,195.4499969482422,194.41000366210938,195.4499969482422,8001,0.0,0.0
2024-08-30 14:30:00-04:00,195.27999877929688,195.97000122070312,195.27999877929688,195.8300018310547,10994,0.0,0.0
2024-08-30 15:30:00-04:00,196.08999633789062,196.75,195.5800018310547,196.5399932861328,27876,0.0,0.0
2024-09-03 09:30:00-04:00,194.8000030517578,197.4600067138672,192.32000732421875,193.4149932861328,30471,0.0,0.0
2024-09-03 10:30:00-04:00,193.35000610351562,194.35000610351562,192.99000549316406,194.3000030517578,19313,0.0,0.0
2024-09-03 11:30:00-04:00,194.25,194.86000061035156,193.4600067138672,193.47000122070312,58099,0.0,0.0
2024-09-03 12:30:00-04:00,193.46499633789062,194.02499389648438,193.0500030517578,193.90499877929688,40451,0.0,0.0
2024-09-03 13:30:00-04:00,193.9149932861328,193.97999572753906,193.42999267578125,193.67999267578125,24663,0.0,0.0
2024-09-03 14:30:00-04:00,193.5,193.7899932861328,193.31500244140625,193.36000061035156,38720,0.0,0.0
2024-09-03 15:30:00-04:00,193.5500030517578,193.8350067138672,192.6999969482422,193.66000366210938,96835,0.0,0.0
2024-09-04 09:30:00-04:00,192.5500030517578,192.7899932861328,191.7449951171875,192.11000061035156,7505,0.0,0.0
2024-09-04 10:30:00-04:00,191.86000061035156,193.43499755859375,191.8000030517578,192.81500244140625,15815,0.0,0.0
2024-09-04 11:30:00-04:00,192.77499389648438,193.3000030517578,192.6199951171875,193.14500427246094,16451,0.0,0.0
2024-09-04 12:30:00-04:00,193.2899932861328,193.33999633789062,192.8699951171875,193.0,24840,0.0,0.0
2024-09-04 13:30:00-04:00,193.02000427246094,193.18499755859375,192.64999389648438,193.05999755859375,19880,0.0,0.0
2024-09-04 14:30:00-04:00,193.22000122070312,193.22000122070312,191.71499633789062,192.60000610351562,53141,0.0,0.0
2024-09-04 15:30:00-04:00,192.60000610351562,192.61000061035156,191.74000549316406,192.27999877929688,47619,0.0,0.0
2024-09-05 09:30:00-04:00,192.75,192.75,190.0399932861328,190.91000366210938,24888,0.0,0.0
2024-09-05 10:30:00-04:00,191.17999267578125,191.1999969482422,189.5500030517578,189.6649932861328,38448,0.0,0.0
2024-09-05 11:30:00-04:00,189.74000549316406,190.3300018310547,188.7899932861328,190.0749969482422,14251,0.0,0.0
2024-09-05 12:30:00-04:00,190.18499755859375,190.43499755859375,190.0574951171875,190.28500366210938,12808,0.0,0.0
2024-09-05 13:30:00-04:00,190.15499877929688,191.0657958984375,190.14500427246094,191.00999450683594,7217,0.0,0.0
2024-09-05 14:30:00-04:00,191.00999450683594,191.55999755859375,190.6925048828125,191.1999969482422,13654,0.0,0.0
2024-09-05 15:30:00-04:00,191.1909942626953,191.49000549316406,190.11000061035156,190.1199951171875,61093,0.0,0.0
2024-09-06 09:30:00-04:00,189.49000549316406,191.66000366210938,189.27000427246094,189.27000427246094,10020,0.0,0.0
2024-09-06 10:30:00-04:00,188.82200622558594,188.8699951171875,187.1999969482422,187.69000244140625,63272,0.0,0.0
2024-09-06 11:30:00-04:00,187.58999633789062,188.4499969482422,187.30999755859375,188.27999877929688,20421,0.0,0.0
2024-09-06 12:30:00-04:00,188.2899932861328,189.4199981689453,188.2899932861328,189.4199981689453,5820,0.0,0.0
2024-09-06 13:30:00-04:00,189.35000610351562,190.9949951171875,189.35000610351562,189.84500122070312,45938,0.0,0.0
2024-09-06 14:30:00-04:00,189.82000732421875,189.97000122070312,188.69500732421875,189.7550048828125,15758,0.0,0.0
2024-09-06 15:30:00-04:00,189.7100067138672,189.99000549316406,189.07000732421875,189.1300048828125,38251,0.0,0.0
2024-09-09 09:30:00-04:00,189.3000030517578,190.85000610351562,189.2050018310547,190.2899932861328,8806,0.0,0.0
2024-09-09 10:30:00-04:00,190.25999450683594,191.08729553222656,190.24000549316406,190.97000122070312,10183,0.0,0.0
2024-09-09 11:30:00-04:00,191.05999755859375,191.50489807128906,190.89999389648438,190.89999389648438,5183,0.0,0.0
2024-09-09 12:30:00-04:00,190.86000061035156,191.3094024658203,190.74000549316406,190.83999633789062,8568,0.0,0.0
2024-09-09 13:30:00-04:00,190.8000030517578,190.9199981689453,190.55999755859375,190.7949981689453,8067,0.0,0.0
2024-09-09 14:30:00-04:00,190.72500610351562,191.19000244140625,190.61500549316406,191.19000244140625,10737,0.0,0.0
2024-09-09 15:30:00-04:00,190.9600067138672,191.32000732421875,190.76499938964844,191.05999755859375,40657,0.0,0.0
2024-09-10 09:30:00-04:00,191.44000244140625,191.44000244140625,190.10499572753906,190.9696044921875,12732,0.0,0.0
2024-09-10 10:30:00-04:00,191.44000244140625,191.59500122070312,190.8000030517578,191.4499969482422,7445,0.0,0.0
2024-09-10 11:30:00-04:00,191.22000122070312,191.22000122070312,190.0500030517578,190.18499755859375,9810,0.0,0.0
2024-09-10 12:30:00-04:00,189.8800048828125,190.75,189.8800048828125,190.4149932861328,15612,0.0,0.0
2024-09-10 13:30:00-04:00,190.46499633789062,191.13999938964844,190.27999877929688,191.13999938964844,7325,0.0,0.0
2024-09-10 14:30:00-04:00,191.32000732421875,191.60000610351562,191.3000030517578,191.49000549316406,7290,0.0,0.0
2024-09-10 15:30:00-04:00,191.48500061035156,191.9600067138672,191.1699981689453,191.80999755859375,28089,0.0,0.0
2024-09-11 09:30:00-04:00,191.52000427246094,191.52000427246094,187.36000061035156,187.6300048828125,10007,0.0,0.0
2024-09-11 10:30:00-04:00,187.21499633789062,188.3300018310547,186.86000061035156,188.3300018310547,7959,0.0,0.0
2024-09-11 11:30:00-04:00,188.4199981689453,188.99000549316406,187.55999755859375,188.77000427246094,7008,0.0,0.0
2024-09-11 12:30:00-04:00,188.80999755859375,190.4199981689453,188.77749633789062,189.97000122070312,22855,0.0,0.0
2024-09-11 13:30:00-04:00,190.10000610351562,190.63999938964844,190.10000610351562,190.38999938964844,5544,0.0,0.0
2024-09-11 14:30:00-04:00,190.8699951171875,191.47999572753906,190.8699951171875,191.08999633789062,9406,0.0,0.0
2024-09-11 15:30:00-04:00,191.1300048828125,191.3800048828125,190.4499969482422,191.27000427246094,20489,0.0,0.0
2024-09-12 09:30:00-04:00,191.75,192.22500610351562,190.33999633789062,192.00999450683594,16726,0.0,0.0
2024-09-12 10:30:00-04:00,192.2449951171875,192.48500061035156,191.55999755859375,191.9268035888672,5765,0.0,0.0
2024-09-12 11:30:00-04:00,191.5399932861328,191.77000427246094,191.14999389648438,191.48500061035156,5253,0.0,0.0
2024-09-12 12:30:00-04:00,191.00999450683594,191.89999389648438,191.00999450683594,191.66000366210938,5685,0.0,0.0
2024-09-12 13:30:00-04:00,192.36500549316406,192.5399932861328,192.36500549316406,192.47000122070312,3841,0.0,0.0
2024-09-12 14:30:00-04:00,192.33999633789062,192.44500732421875,191.5850067138672,192.27999877929688,7915,0.0,0.0
2024-09-12 15:30:00-04:00,192.30999755859375,192.75999450683594,192.23500061035156,192.5,20073,0.0,0.0
2024-09-13 09:30:00-04:00,195.14999389648438,196.9600067138672,194.39999389648438,194.9550018310547,4355,0.0,0.0
2024-09-13 10:30:00-04:00,195.0780029296875,196.0500030517578,194.42999267578125,195.58999633789062,4796,0.0,0.0
2024-09-13 11:30:00-04:00,195.61000061035156,196.08999633789062,195.5800018310547,195.75,7622,0.0,0.0
2024-09-13 12:30:00-04:00,195.764404296875,195.764404296875,195.375,195.70590209960938,5701,0.0,0.0
2024-09-13 13:30:00-04:00,195.5399932861328,195.55499267578125,194.25,194.47500610351562,5082,0.0,0.0
2024-09-13 14:30:00-04:00,194.3800048828125,194.69000244140625,193.40499877929688,193.89999389648438,8535,0.0,0.0
2024-09-13 15:30:00-04:00,194.1199951171875,194.86500549316406,193.85000610351562,194.32000732421875,14118,0.0,0.0
2024-09-16 09:30:00-04:00,194.74000549316406,196.4250030517578,194.1699981689453,194.99000549316406,9155,0.0,0.0
2024-09-16 10:30:00-04:00,194.42999267578125,195.92799377441406,194.42999267578125,195.1300048828125,6818,0.0,0.0
2024-09-16 11:30:00-04:00,195.0,195.72000122070312,194.91000366210938,195.41000366210938,6058,0.0,0.0
2024-09-16 12:30:00-04:00,195.72999572753906,195.72999572753906,195.0850067138672,195.39500427246094,4305,0.0,0.0
2024-09-16 13:30:00-04:00,195.22999572753906,195.44500732421875,195.18499755859375,195.27999877929688,3333,0.0,0.0
2024-09-16 14:30:00-04:00,195.2949981689453,195.42999267578125,194.8350067138672,195.0749969482422,7020,0.0,0.0
2024-09-16 15:30:00-04:00,195.0749969482422,195.63999938964844,195.05999755859375,195.1300048828125,29597,0.0,0.0
2024-09-17 09:30:00-04:00,196.85000610351562,197.98500061035156,194.66000366210938,197.8699951171875,12435,0.0,0.0
2024-09-17 10:30:00-04:00,198.0050048828125,199.2949981689453,197.60000610351562,198.8699951171875,19115,0.0,0.0
2024-09-17 11:30:00-04:00,199.0449981689453,199.52499389648438,198.75999450683594,199.1999969482422,34198,0.0,0.0
2024-09-17 12:30:00-04:00,199.22999572753906,199.23500061035156,197.8000030517578,198.94000244140625,12973,0.0,0.0
2024-09-17 13:30:00-04:00,198.5,198.86500549316406,198.25,198.25,5293,0.0,0.0
2024-09-17 14:30:00-04:00,198.50999450683594,198.89500427246094,198.4149932861328,198.51499938964844,11447,0.0,0.0
2024-09-17 15:30:00-04:00,198.4199981689453,199.39999389648438,198.22999572753906,199.11000061035156,26105,0.0,0.0
2024-09-18 09:30:00-04:00,199.72000122070312,200.27000427246094,198.82000732421875,199.3800048828125,6671,0.0,0.0
2024-09-18 10:30:00-04:00,199.0,200.60000610351562,198.6750030517578,200.1199951171875,36583,0.0,0.0
2024-09-18 11:30:00-04:00,199.85000610351562,200.0,198.91070556640625,199.14999389648438,9257,0.0,0.0
2024-09-18 12:30:00-04:00,199.32200622558594,199.47999572753906,198.82000732421875,199.24000549316406,8072,0.0,0.0
2024-09-18 13:30:00-04:00,199.61000061035156,202.4600067138672,198.93499755859375,202.4600067138672,12521,0.0,0.0
2024-09-18 14:30:00-04:00,203.30999755859375,204.0500030517578,200.21499633789062,201.11000061035156,17226,0.0,0.0
2024-09-18 15:30:00-04:00,201.30999755859375,201.35000610351562,199.77000427246094,199.99000549316406,43319,0.0,0.0
2024-09-19 09:30:00-04:00,204.85000610351562,204.85000610351562,201.8300018310547,204.49000549316406,23741,0.0,0.0
2024-09-19 10:30:00-04:00,205.1199951171875,205.1199951171875,202.85000610351562,204.49000549316406,8844,0.0,0.0
2024-09-19 11:30:00-04:00,204.21499633789062,205.80999755859375,204.21499633789062,205.5,7245,0.0,0.0
2024-09-19 12:30:00-04:00,206.0,206.0,205.92999267578125,205.92999267578125,4438,0.0,0.0
2024-09-19 13:30:00-04:00,206.4199981689453,206.92999267578125,205.67010498046875,206.6199951171875,9194,0.0,0.0
2024-09-19 14:30:00-04:00,206.6649932861328,207.10000610351562,206.32000732421875,206.94000244140625,14190,0.0,0.0
2024-09-19 15:30:00-04:00,206.77499389648438,207.49000549316406,206.49000549316406,207.02000427246094,39734,0.0,0.0
2024-09-20 09:30:00-04:00,208.94000244140625,208.94000244140625,203.9199981689453,206.36000061035156,66225,0.0,0.0
2024-09-20 10:30:00-04:00,206.81500244140625,207.31500244140625,206.13999938964844,206.25250244140625,8342,0.0,0.0
2024-09-20 11:30:00-04:00,205.97000122070312,206.64999389648438,205.72000122070312,206.38999938964844,10559,0.0,0.0
2024-09-20 12:30:00-04:00,206.5500030517578,207.69000244140625,206.3800048828125,207.24000549316406,8867,0.0,0.0
2024-09-20 13:30:00-04:00,207.36000061035156,207.36000061035156,205.72000122070312,205.72000122070312,7403,0.0,0.0
2024-09-20 14:30:00-04:00,205.2100067138672,206.08999633789062,205.0,206.08999633789062,17111,0.0,0.0
2024-09-20 15:30:00-04:00,206.13999938964844,206.6300048828125,204.94000244140625,205.14999389648438,50601,0.0,0.0
2024-09-23 09:30:00-04:00,206.6300048828125,206.8699951171875,205.5800018310547,206.38999938964844,6748,0.0,0.0
2024-09-23 10:30:00-04:00,204.50999450683594,204.50999450683594,203.5500030517578,203.8800048828125,2378,0.0,0.0
2024-09-23 11:30:00-04:00,204.25999450683594,205.13999938964844,204.1300048828125,205.13999938964844,7371,0.0,0.0
2024-09-23 12:30:00-04:00,205.39999389648438,206.02999877929688,205.1999969482422,205.72500610351562,3909,0.0,0.0
2024-09-23 13:30:00-04:00,205.7899932861328,206.27000427246094,205.60499572753906,205.97000122070312,6371,0.0,0.0
2024-09-23 14:30:00-04:00,206.22000122070312,206.64999389648438,206.1300048828125,206.22000122070312,8520,0.0,0.0
2024-09-23 15:30:00-04:00,206.24000549316406,206.35000610351562,205.89999389648438,206.19000244140625,17010,0.0,0.0
2024-09-24 09:30:00-04:00,206.7899932861328,206.7899932861328,206.2050018310547,206.61500549316406,3175,0.0,0.0
2024-09-24 10:30:00-04:00,205.49000549316406,206.2050018310547,204.7899932861328,206.18499755859375,6750,0.0,0.0
2024-09-24 11:30:00-04:00,205.99000549316406,206.30999755859375,205.5449981689453,206.0399932861328,4101,0.0,0.0
2024-09-24 12:30:00-04:00,206.1699981689453,207.27000427246094,206.00999450683594,207.27000427246094,8483,0.0,0.0
2024-09-24 13:30:00-04:00,207.1999969482422,207.66000366210938,206.7899932861328,206.80999755859375,8002,0.0,0.0
2024-09-24 14:30:00-04:00,206.59500122070312,206.97999572753906,206.16000366210938,206.5,19194,0.0,0.0
2024-09-24 15:30:00-04:00,206.52999877929688,207.0,205.7050018310547,207.0,29057,0.0,0.0
2024-09-25 09:30:00-04:00,207.22000122070312,207.22000122070312,205.27499389648438,205.27499389648438,7579,0.0,0.0
2024-09-25 10:30:00-04:00,205.83999633789062,206.9698944091797,205.83999633789062,206.26499938964844,10235,0.0,0.0
2024-09-25 11:30:00-04:00,206.27000427246094,206.27000427246094,205.27999877929688,205.58999633789062,5462,0.0,0.0
2024-09-25 12:30:00-04:00,205.1999969482422,205.3300018310547,204.31500244140625,204.41000366210938,8354,0.0,0.0
2024-09-25 13:30:00-04:00,204.24000549316406,204.49000549316406,203.860107421875,204.39999389648438,6859,0.0,0.0
2024-09-25 14:30:00-04:00,204.64999389648438,205.2899932861328,204.64999389648438,204.875,7947,0.0,0.0
2024-09-25 15:30:00-04:00,204.86000061035156,205.75999450683594,204.50999450683594,205.75999450683594,26963,0.0,0.0
2024-09-26 09:30:00-04:00,208.27000427246094,209.13999938964844,207.8699951171875,207.8699951171875,11240,0.0,0.0
2024-09-26 10:30:00-04:00,208.4199981689453,209.27999877929688,207.88999938964844,208.97000122070312,8234,0.0,0.0
2024-09-26 11:30:00-04:00,208.9199981689453,210.3000030517578,208.85000610351562,209.05059814453125,9149,0.0,0.0
2024-09-26 12:30:00-04:00,208.7899932861328,209.25999450683594,208.4499969482422,208.5135955810547,5575,0.0,0.0
2024-09-26 13:30:00-04:00,208.9499969482422,209.60000610351562,208.71499633789062,209.25999450683594,7559,0.0,0.0
2024-09-26 14:30:00-04:00,209.05499267578125,209.3350067138672,208.10499572753906,208.10499572753906,12335,0.0,0.0
2024-09-26 15:30:00-04:00,207.8699951171875,208.4199981689453,207.4949951171875,207.6999969482422,32660,0.0,0.0
2024-09-27 09:30:00-04:00,209.5399932861328,210.63999938964844,208.40499877929688,210.375,8609,0.0,0.0
2024-09-27 10:30:00-04:00,210.52000427246094,210.97999572753906,210.19000244140625,210.60000610351562,6385,0.0,0.0
2024-09-27 11:30:00-04:00,210.3800048828125,210.8350067138672,208.91000366210938,209.3699951171875,14341,0.0,0.0
2024-09-27 12:30:00-04:00,209.38999938964844,209.38999938964844,207.74000549316406,207.8800048828125,9999,0.0,0.0
2024-09-27 13:30:00-04:00,207.60000610351562,207.88999938964844,207.25,207.3300018310547,7875,0.0,0.0
2024-09-27 14:30:00-04:00,207.0500030517578,207.9600067138672,207.0500030517578,207.44000244140625,7902,0.0,0.0
2024-09-27 15:30:00-04:00,207.4199981689453,208.1750030517578,207.16050720214844,207.52999877929688,22695,0.0,0.0
2024-09-30 09:30:00-04:00,206.7100067138672,207.81500244140625,206.58999633789062,207.13999938964844,7095,0.0,0.0
2024-09-30 10:30:00-04:00,207.31500244140625,207.68499755859375,207.0800018310547,207.0800018310547,4945,0.0,0.0
2024-09-30 11:30:00-04:00,206.8000030517578,206.8000030517578,206.27499389648438,206.50999450683594,3590,0.0,0.0
2024-09-30 12:30:00-04:00,207.1300048828125,207.2550048828125,206.52999877929688,206.92999267578125,4898,0.0,0.0
2024-09-30 13:30:00-04:00,206.6501007080078,206.89500427246094,204.8300018310547,205.6199951171875,7888,0.0,0.0
2024-09-30 14:30:00-04:00,205.8300018310547,205.97999572753906,205.42999267578125,205.7949981689453,5354,0.0,0.0
2024-09-30 15:30:00-04:00,205.97000122070312,207.67999267578125,205.97000122070312,207.10000610351562,16828,0.0,0.0
2024-10-01 09:30:00-04:00,207.1199951171875,207.69500732421875,204.10000610351562,204.64999389648438,11729,0.0,0.0
2024-10-01 10:30:00-04:00,204.2550048828125,205.1750030517578,204.2550048828125,205.1750030517578,10740,0.0,0.0
2024-10-01 11:30:00-04:00,205.74000549316406,206.22500610351562,205.67999267578125,206.08999633789062,6694,0.0,0.0
2024-10-01 12:30:00-04:00,205.85000610351562,206.72500610351562,205.5399932861328,205.5399932861328,7387,0.0,0.0
2024-10-01 13:30:00-04:00,205.61000061035156,207.09950256347656,205.61000061035156,207.0500030517578,5101,0.0,0.0
2024-10-01 14:30:00-04:00,207.18499755859375,207.3000030517578,206.47999572753906,206.47999572753906,7734,0.0,0.0
2024-10-01 15:30:00-04:00,206.38499450683594,206.39999389648438,205.7949981689453,206.10000610351562,13905,0.0,0.0
2024-10-02 09:30:00-04:00,205.0,206.59500122070312,204.1699981689453,206.59500122070312,5855,0.0,0.0
2024-10-02 10:30:00-04:00,206.1300048828125,206.1699981689453,205.32000732421875,205.99000549316406,4158,0.0,0.0
2024-10-02 11:30:00-04:00,205.99000549316406,206.25,205.9149932861328,206.1699981689453,2748,0.0,0.0
2024-10-02 12:30:00-04:00,205.39999389648438,205.6699981689453,205.2899932861328,205.60000610351562,3966,0.0,0.0
2024-10-02 13:30:00-04:00,205.65310668945312,205.92999267578125,205.44000244140625,205.44000244140625,4545,0.0,0.0
2024-10-02 14:30:00-04:00,205.83999633789062,206.5800018310547,205.8300018310547,205.94000244140625,6690,0.0,0.0
2024-10-02 15:30:00-04:00,205.74000549316406,206.42999267578125,205.49000549316406,205.9199981689453,20417,0.0,0.0
2024-10-03 09:30:00-04:00,204.3300018310547,204.50999450683594,203.07000732421875,203.07000732421875,3770,0.0,0.0
2024-10-03 10:30:00-04:00,203.38499450683594,203.77999877929688,203.1699981689453,203.6699981689453,7839,0.0,0.0
2024-10-03 11:30:00-04:00,204.35499572753906,205.72000122070312,204.26719665527344,205.52000427246094,6393,0.0,0.0
2024-10-03 12:30:00-04:00,204.75,204.75,203.82000732421875,203.82000732421875,6021,0.0,0.0
2024-10-03 13:30:00-04:00,203.75999450683594,204.33999633789062,203.0850067138672,204.33999633789062,7578,0.0,0.0
2024-10-03 14:30:00-04:00,204.24000549316406,204.72999572753906,204.1699981689453,204.4149932861328,8982,0.0,0.0
2024-10-03 15:30:00-04:00,203.66000366210938,204.0,203.35000610351562,203.66000366210938,12781,0.0,0.0
2024-10-04 09:30:00-04:00,206.86000061035156,206.86000061035156,205.07000732421875,205.5,7611,0.0,0.0
2024-10-04 10:30:00-04:00,205.02000427246094,205.02000427246094,203.72000122070312,204.10989379882812,4361,0.0,0.0
2024-10-04 11:30:00-04:00,204.35000610351562,204.5050048828125,204.0800018310547,204.0800018310547,3791,0.0,0.0
2024-10-04 12:30:00-04:00,204.0800018310547,204.44000244140625,204.02000427246094,204.25999450683594,2792,0.0,0.0
2024-10-04 13:30:00-04:00,204.05999755859375,204.2899932861328,203.4600067138672,204.1199951171875,3913,0.0,0.0
2024-10-04 14:30:00-04:00,203.88009643554688,204.5399932861328,203.88009643554688,204.25,6732,0.0,0.0
2024-10-04 15:30:00-04:00,204.6699981689453,204.94000244140625,204.5,204.9199981689453,12889,0.0,0.0
2024-10-07 09:30:00-04:00,203.52000427246094,203.8699951171875,202.05999755859375,203.8699951171875,7647,0.0,0.0
2024-10-07 10:30:00-04:00,203.89999389648438,205.11000061035156,203.75999450683594,204.8000030517578,6178,0.0,0.0
2024-10-07 11:30:00-04:00,204.8000030517578,204.8699951171875,203.9510040283203,204.75999450683594,3177,0.0,0.0
2024-10-07 12:30:00-04:00,204.8000030517578,205.30999755859375,204.72999572753906,205.30999755859375,2896,0.0,0.0
2024-10-07 13:30:00-04:00,204.9600067138672,205.22000122070312,204.29010009765625,204.6199951171875,9996,0.0,0.0
2024-10-07 14:30:00-04:00,204.30999755859375,204.84500122070312,203.81500244140625,204.2899932861328,7512,0.0,0.0
2024-10-07 15:30:00-04:00,204.3800048828125,205.125,204.08999633789062,204.24000549316406,18168,0.0,0.0
2024-10-08 09:30:00-04:00,204.94000244140625,205.9600067138672,203.9149932861328,204.3300018310547,29636,0.0,0.0
2024-10-08 10:30:00-04:00,204.47500610351562,205.0800018310547,203.27000427246094,204.0749969482422,29238,0.0,0.0
2024-10-08 11:30:00-04:00,203.85000610351562,204.8300018310547,203.85000610351562,204.8300018310547,4616,0.0,0.0
2024-10-08 12:30:00-04:00,205.02000427246094,205.02000427246094,204.06500244140625,204.3300018310547,3481,0.0,0.0
2024-10-08 13:30:00-04:00,203.96499633789062,204.8199005126953,203.71499633789062,204.13999938964844,3069,0.0,0.0
2024-10-08 14:30:00-04:00,204.5399932861328,204.69000244140625,204.32000732421875,204.69000244140625,3301,0.0,0.0
2024-10-08 15:30:00-04:00,204.42999267578125,204.42999267578125,203.2899932861328,203.61000061035156,23526,0.0,0.0
2024-10-09 09:30:00-04:00,204.50999450683594,205.3300018310547,204.02999877929688,204.25999450683594,5677,0.0,0.0
2024-10-09 10:30:00-04:00,204.35000610351562,206.9949951171875,204.35000610351562,206.94500732421875,11948,0.0,0.0
2024-10-09 11:30:00-04:00,207.08999633789062,208.35000610351562,207.0,207.3800048828125,13388,0.0,0.0
2024-10-09 12:30:00-04:00,207.34629821777344,207.8000030517578,206.22999572753906,206.97500610351562,57663,0.0,0.0
2024-10-09 13:30:00-04:00,206.375,206.55499267578125,206.1999969482422,206.35000610351562,5455,0.0,0.0
2024-10-09 14:30:00-04:00,206.60000610351562,206.77000427246094,206.19000244140625,206.72999572753906,9531,0.0,0.0
2024-10-09 15:30:00-04:00,206.4499969482422,207.55999755859375,206.15499877929688,207.55999755859375,21758,0.0,0.0
2024-10-10 09:30:00-04:00,205.22999572753906,205.25999450683594,203.82000732421875,204.75,4761,0.0,0.0
2024-10-10 10:30:00-04:00,205.17999267578125,206.0399932861328,204.77999877929688,205.77000427246094,11857,0.0,0.0
2024-10-10 11:30:00-04:00,205.26499938964844,205.7050018310547,204.88999938964844,205.02000427246094,6539,0.0,0.0
2024-10-10 12:30:00-04:00,205.23500061035156,205.5399932861328,204.6199951171875,205.0800018310547,5206,0.0,0.0
2024-10-10 13:30:00-04:00,205.24000549316406,205.24000549316406,204.24000549316406,204.24000549316406,4103,0.0,0.0
2024-10-10 14:30:00-04:00,204.22000122070312,204.97000122070312,203.8350067138672,204.97000122070312,7179,0.0,0.0
2024-10-10 15:30:00-04:00,204.86500549316406,205.01499938964844,204.3300018310547,204.38999938964844,27866,0.0,0.0
2024-10-11 09:30:00-04:00,203.9199981689453,207.14999389648438,203.9199981689453,207.14999389648438,7901,0.0,0.0
2024-10-11 10:30:00-04:00,206.2949981689453,207.92999267578125,206.2949981689453,207.92999267578125,4044,0.0,0.0
2024-10-11 11:30:00-04:00,208.1199951171875,208.19000244140625,206.5,206.5,6146,0.0,0.0
2024-10-11 12:30:00-04:00,206.72000122070312,206.8300018310547,206.375,206.57000732421875,5109,0.0,0.0
2024-10-11 13:30:00-04:00,206.7100067138672,207.14500427246094,206.55999755859375,206.8300018310547,5382,0.0,0.0
2024-10-11 14:30:00-04:00,206.9499969482422,207.50999450683594,206.9499969482422,207.22999572753906,7800,0.0,0.0
2024-10-11 15:30:00-04:00,207.16000366210938,207.97999572753906,207.16000366210938,207.36000061035156,23101,0.0,0.0
2024-10-14 09:30:00-04:00,206.94000244140625,206.94000244140625,205.60000610351562,206.25999450683594,23396,0.0,0.0
2024-10-14 10:30:00-04:00,206.30999755859375,207.2899932861328,206.22999572753906,206.8300018310547,6150,0.0,0.0
2024-10-14 11:30:00-04:00,207.1699981689453,207.8000030517578,207.1699981689453,207.8000030517578,15441,0.0,0.0
2024-10-14 12:30:00-04:00,207.52000427246094,207.64999389648438,207.0399932861328,207.63499450683594,9653,0.0,0.0
2024-10-14 13:30:00-04:00,207.57000732421875,207.6999969482422,207.1699981689453,207.1699981689453,6989,0.0,0.0
2024-10-14 14:30:00-04:00,207.2550048828125,207.2899932861328,206.7449951171875,206.99000549316406,12020,0.0,0.0
2024-10-14 15:30:00-04:00,207.0399932861328,207.125,206.69000244140625,206.8699951171875,26837,0.0,0.0
2024-10-15 09:30:00-04:00,206.72000122070312,207.58999633789062,206.59500122070312,206.66000366210938,24343,0.0,0.0
2024-10-15 10:30:00-04:00,206.92999267578125,206.92999267578125,205.6199951171875,206.10000610351562,18469,0.0,0.0
2024-10-15 11:30:00-04:00,206.5050048828125,207.11000061035156,206.22000122070312,206.94000244140625,20910,0.0,0.0
2024-10-15 12:30:00-04:00,206.92999267578125,207.11000061035156,206.13999938964844,207.02000427246094,20043,0.0,0.0
2024-10-15 13:30:00-04:00,207.1699981689453,207.49000549316406,206.72500610351562,206.9600067138672,5289,0.0,0.0
2024-10-15 14:30:00-04:00,207.1999969482422,207.58999633789062,206.80999755859375,207.49000549316406,28485,0.0,0.0
2024-10-15 15:30:00-04:00,207.46499633789062,208.19000244140625,207.0850067138672,207.1999969482422,50915,0.0,0.0
2024-10-16 09:30:00-04:00,209.2100067138672,210.76499938964844,208.3800048828125,210.36000061035156,7519,0.0,0.0
2024-10-16 10:30:00-04:00,210.58999633789062,211.0399932861328,209.48500061035156,209.77000427246094,5869,0.0,0.0
2024-10-16 11:30:00-04:00,209.77000427246094,209.9199981689453,208.8800048828125,209.9199981689453,11480,0.0,0.0
2024-10-16 12:30:00-04:00,210.11500549316406,210.11500549316406,208.3800048828125,209.02999877929688,6570,0.0,0.0
2024-10-16 13:30:00-04:00,209.47000122070312,210.41000366210938,209.47000122070312,210.1300048828125,4584,0.0,0.0
2024-10-16 14:30:00-04:00,209.5500030517578,209.5500030517578,208.41749572753906,209.08999633789062,7343,0.0,0.0
2024-10-16 15:30:00-04:00,209.02000427246094,209.0399932861328,208.11000061035156,208.1300048828125,32961,0.0,0.0
2024-10-17 09:30:00-04:00,207.61000061035156,208.77999877929688,206.5800018310547,206.5800018310547,12113,0.0,0.0
2024-10-17 10:30:00-04:00,206.31500244140625,206.96499633789062,206.1199951171875,206.6999969482422,15977,0.0,0.0
2024-10-17 11:30:00-04:00,206.77499389648438,207.05499267578125,206.30990600585938,206.7899932861328,8586,0.0,0.0
2024-10-17 12:30:00-04:00,207.0500030517578,207.5850067138672,207.0500030517578,207.08999633789062,15353,0.0,0.0
2024-10-17 13:30:00-04:00,207.10000610351562,207.30999755859375,206.6300048828125,206.77999877929688,6371,0.0,0.0
2024-10-17 14:30:00-04:00,206.8000030517578,207.5050048828125,206.6699981689453,207.3000030517578,17749,0.0,0.0
2024-10-17 15:30:00-04:00,207.38999938964844,208.27000427246094,207.3699951171875,207.55999755859375,24617,0.0,0.0
2024-10-18 09:30:00-04:00,209.2100067138672,209.2100067138672,206.875,206.875,10477,0.0,0.0
2024-10-18 10:30:00-04:00,206.13999938964844,207.8199005126953,206.13999938964844,206.3800048828125,6685,0.0,0.0
2024-10-18 11:30:00-04:00,206.61500549316406,207.64999389648438,206.23500061035156,207.64999389648438,11688,0.0,0.0
2024-10-18 12:30:00-04:00,207.3249969482422,207.67999267578125,207.11000061035156,207.47000122070312,7457,0.0,0.0
2024-10-18 13:30:00-04:00,207.19000244140625,207.3800048828125,206.69349670410156,206.69349670410156,5796,0.0,0.0
2024-10-18 14:30:00-04:00,206.7949981689453,206.7949981689453,205.55999755859375,205.55999755859375,10563,0.0,0.0
2024-10-18 15:30:00-04:00,205.57000732421875,206.02000427246094,205.3800048828125,206.00999450683594,22473,0.0,0.0
2024-10-21 09:30:00-04:00,206.25999450683594,206.4199981689453,204.61000061035156,204.6199951171875,5083,0.0,0.0
2024-10-21 10:30:00-04:00,204.6199951171875,204.86000061035156,203.46499633789062,203.74000549316406,10708,0.0,0.0
2024-10-21 11:30:00-04:00,203.3800048828125,203.60000610351562,203.0050048828125,203.33999633789062,8597,0.0,0.0
2024-10-21 12:30:00-04:00,203.4199981689453,203.7899932861328,203.02999877929688,203.6999969482422,6339,0.0,0.0
2024-10-21 13:30:00-04:00,203.50999450683594,203.50999450683594,203.14999389648438,203.2899932861328,4661,0.0,0.0
2024-10-21 14:30:00-04:00,203.11000061035156,203.4199981689453,202.88999938964844,203.27499389648438,7537,0.0,0.0
2024-10-21 15:30:00-04:00,203.0399932861328,204.09500122070312,202.86000061035156,203.77999877929688,23441,0.0,0.0
2024-10-22 09:30:00-04:00,202.63999938964844,203.44000244140625,201.27000427246094,201.33999633789062,13976,0.0,0.0
2024-10-22 10:30:00-04:00,201.0050048828125,201.74000549316406,201.0050048828125,201.39999389648438,5839,0.0,0.0
2024-10-22 11:30:00-04:00,201.9499969482422,202.3699951171875,201.9499969482422,202.3699951171875,3038,0.0,0.0
2024-10-22 12:30:00-04:00,202.3800048828125,202.3800048828125,201.8300018310547,201.91000366210938,3830,0.0,0.0
2024-10-22 13:30:00-04:00,202.15989685058594,202.15989685058594,201.5800018310547,201.6699981689453,7406,0.0,0.0
2024-10-22 14:30:00-04:00,201.6699981689453,201.8800048828125,201.39500427246094,201.46009826660156,8803,0.0,0.0
2024-10-22 15:30:00-04:00,201.66000366210938,201.7550048828125,200.66000366210938,200.6999969482422,33504,0.0,0.0
2024-10-23 09:30:00-04:00,200.39999389648438,200.8699951171875,199.26499938964844,200.32000732421875,11659,0.0,0.0
2024-10-23 10:30:00-04:00,200.10000610351562,200.1300048828125,199.33999633789062,199.33999633789062,2622,0.0,0.0
2024-10-23 11:30:00-04:00,198.9600067138672,199.34500122070312,198.78500366210938,199.31500244140625,27320,0.0,0.0
2024-10-23 12:30:00-04:00,199.77000427246094,200.75,199.77000427246094,200.39999389648438,21621,0.0,0.0
2024-10-23 13:30:00-04:00,200.3000030517578,200.3800048828125,199.6699981689453,200.16000366210938,12662,0.0,0.0
2024-10-23 14:30:00-04:00,200.0500030517578,200.2899932861328,199.86000061035156,199.97999572753906,10119,0.0,0.0
2024-10-23 15:30:00-04:00,200.0500030517578,201.0,200.0500030517578,200.6199951171875,26992,0.0,0.0
2024-10-24 09:30:00-04:00,200.41000366210938,201.57989501953125,199.02000427246094,199.47500610351562,6089,0.0,0.0
2024-10-24 10:30:00-04:00,199.8300018310547,200.11000061035156,199.18499755859375,199.97999572753906,7178,0.0,0.0
2024-10-24 11:30:00-04:00,199.97000122070312,199.97000122070312,198.73629760742188,199.1199951171875,5852,0.0,0.0
2024-10-24 12:30:00-04:00,199.58999633789062,199.58999633789062,198.72500610351562,199.17999267578125,6257,0.0,0.0
2024-10-24 13:30:00-04:00,199.2899932861328,199.61000061035156,198.67999267578125,198.67999267578125,5742,0.0,0.0
2024-10-24 14:30:00-04:00,198.4149932861328,198.92999267578125,198.4149932861328,198.92999267578125,5749,0.0,0.0
2024-10-24 15:30:00-04:00,198.97000122070312,199.22000122070312,198.64999389648438,198.94000244140625,18341,0.0,0.0
2024-10-25 09:30:00-04:00,200.52999877929688,200.52999877929688,199.94000244140625,200.11000061035156,9409,0.0,0.0
2024-10-25 10:30:00-04:00,199.89999389648438,199.92999267578125,197.89999389648438,197.89999389648438,9200,0.0,0.0
2024-10-25 11:30:00-04:00,197.75999450683594,198.05999755859375,197.5800018310547,197.91000366210938,8861,0.0,0.0
2024-10-25 12:30:00-04:00,198.02000427246094,198.14999389648438,197.15499877929688,197.50999450683594,6911,0.0,0.0
2024-10-25 13:30:00-04:00,197.25999450683594,197.25999450683594,196.0749969482422,196.3800048828125,13115,0.0,0.0
2024-10-25 14:30:00-04:00,196.42999267578125,197.0800018310547,196.35499572753906,196.43499755859375,12301,0.0,0.0
2024-10-25 15:30:00-04:00,196.50999450683594,197.0500030517578,196.50999450683594,197.0500030517578,17478,0.0,0.0
