Datetime,Open,High,Low,Close,Volume,Dividends,Stock Splits
2022-09-15 09:00:00+08:00,7.340000152587891,7.389999866485596,7.340000152587891,7.360000133514404,819500,0.0,0.0
2022-09-15 10:00:00+08:00,7.360000133514404,7.380000114440918,7.360000133514404,7.369999885559082,349800,0.0,0.0
2022-09-15 11:00:00+08:00,7.369999885559082,7.380000114440918,7.360000133514404,7.360000133514404,193600,0.0,0.0
2022-09-15 12:00:00+08:00,7.360000133514404,7.360000133514404,7.360000133514404,7.360000133514404,26400,0.0,0.0
2022-09-15 13:00:00+08:00,7.360000133514404,7.369999885559082,7.349999904632568,7.360000133514404,199900,0.0,0.0
2022-09-15 14:00:00+08:00,7.360000133514404,7.360000133514404,7.349999904632568,7.360000133514404,202100,0.0,0.0
2022-09-15 15:00:00+08:00,7.360000133514404,7.360000133514404,7.349999904632568,7.360000133514404,276400,0.0,0.0
2022-09-15 16:00:00+08:00,7.360000133514404,7.360000133514404,7.320000171661377,7.320000171661377,667000,0.0,0.0
2022-09-16 09:00:00+08:00,7.28000020980835,7.289999961853027,7.260000228881836,7.28000020980835,620700,0.0,0.0
2022-09-16 10:00:00+08:00,7.289999961853027,7.300000190734863,7.230000019073486,7.239999771118164,630000,0.0,0.0
2022-09-16 11:00:00+08:00,7.239999771118164,7.260000228881836,7.230000019073486,7.260000228881836,264400,0.0,0.0
2022-09-16 12:00:00+08:00,7.260000228881836,7.260000228881836,7.260000228881836,7.260000228881836,16600,0.0,0.0
2022-09-16 13:00:00+08:00,7.260000228881836,7.269999980926514,7.25,7.260000228881836,168600,0.0,0.0
2022-09-16 14:00:00+08:00,7.260000228881836,7.269999980926514,7.25,7.25,130400,0.0,0.0
2022-09-16 15:00:00+08:00,7.25,7.25,7.21999979019165,7.21999979019165,470500,0.0,0.0
2022-09-16 16:00:00+08:00,7.21999979019165,7.309999942779541,7.21999979019165,7.309999942779541,501400,0.0,0.0
2022-09-19 09:00:00+08:00,7.269999980926514,7.320000171661377,7.21999979019165,7.239999771118164,870900,0.0,0.0
2022-09-19 10:00:00+08:00,7.239999771118164,7.260000228881836,7.21999979019165,7.25,265700,0.0,0.0
2022-09-19 11:00:00+08:00,7.25,7.25,7.239999771118164,7.239999771118164,171100,0.0,0.0
2022-09-19 12:00:00+08:00,7.239999771118164,7.239999771118164,7.239999771118164,7.239999771118164,5700,0.0,0.0
2022-09-19 13:00:00+08:00,7.239999771118164,7.260000228881836,7.239999771118164,7.239999771118164,92800,0.0,0.0
2022-09-19 14:00:00+08:00,7.239999771118164,7.239999771118164,7.210000038146973,7.21999979019165,391500,0.0,0.0
2022-09-19 15:00:00+08:00,7.21999979019165,7.21999979019165,7.170000076293945,7.190000057220459,673800,0.0,0.0
2022-09-19 16:00:00+08:00,7.190000057220459,7.210000038146973,7.179999828338623,7.190000057220459,450600,0.0,0.0
2022-09-20 09:00:00+08:00,7.260000228881836,7.28000020980835,7.230000019073486,7.239999771118164,523800,0.0,0.0
2022-09-20 10:00:00+08:00,7.239999771118164,7.239999771118164,7.199999809265137,7.199999809265137,422700,0.0,0.0
2022-09-20 11:00:00+08:00,7.199999809265137,7.21999979019165,7.190000057220459,7.21999979019165,229300,0.0,0.0
2022-09-20 12:00:00+08:00,7.21999979019165,7.21999979019165,7.21999979019165,7.21999979019165,10500,0.0,0.0
2022-09-20 13:00:00+08:00,7.21999979019165,7.21999979019165,7.190000057220459,7.190000057220459,189700,0.0,0.0
2022-09-20 14:00:00+08:00,7.190000057220459,7.199999809265137,7.179999828338623,7.190000057220459,267200,0.0,0.0
2022-09-20 15:00:00+08:00,7.190000057220459,7.199999809265137,7.170000076293945,7.179999828338623,392800,0.0,0.0
2022-09-20 16:00:00+08:00,7.179999828338623,7.190000057220459,7.150000095367432,7.170000076293945,668700,0.0,0.0
2022-09-21 09:00:00+08:00,7.170000076293945,7.239999771118164,7.159999847412109,7.239999771118164,653100,0.0,0.0
2022-09-21 10:00:00+08:00,7.239999771118164,7.239999771118164,7.210000038146973,7.21999979019165,273400,0.0,0.0
2022-09-21 11:00:00+08:00,7.21999979019165,7.25,7.21999979019165,7.230000019073486,189700,0.0,0.0
2022-09-21 12:00:00+08:00,7.230000019073486,7.230000019073486,7.230000019073486,7.230000019073486,9500,0.0,0.0
2022-09-21 13:00:00+08:00,7.230000019073486,7.25,7.199999809265137,7.199999809265137,334900,0.0,0.0
2022-09-21 14:00:00+08:00,7.199999809265137,7.230000019073486,7.199999809265137,7.21999979019165,290900,0.0,0.0
2022-09-21 15:00:00+08:00,7.21999979019165,7.25,7.210000038146973,7.239999771118164,367100,0.0,0.0
2022-09-21 16:00:00+08:00,7.239999771118164,7.28000020980835,7.230000019073486,7.239999771118164,711800,0.0,0.0
2022-09-22 09:00:00+08:00,7.199999809265137,7.25,7.190000057220459,7.239999771118164,854600,0.0,0.0
2022-09-22 10:00:00+08:00,7.239999771118164,7.28000020980835,7.239999771118164,7.269999980926514,364500,0.0,0.0
2022-09-22 11:00:00+08:00,7.269999980926514,7.269999980926514,7.239999771118164,7.239999771118164,158600,0.0,0.0
2022-09-22 12:00:00+08:00,7.239999771118164,7.25,7.239999771118164,7.25,14100,0.0,0.0
2022-09-22 13:00:00+08:00,7.25,7.28000020980835,7.25,7.28000020980835,180100,0.0,0.0
2022-09-22 14:00:00+08:00,7.28000020980835,7.309999942779541,7.28000020980835,7.300000190734863,602600,0.0,0.0
2022-09-22 15:00:00+08:00,7.300000190734863,7.329999923706055,7.289999961853027,7.320000171661377,498000,0.0,0.0
2022-09-22 16:00:00+08:00,7.320000171661377,7.340000152587891,7.300000190734863,7.300000190734863,481300,0.0,0.0
2022-09-23 09:00:00+08:00,7.28000020980835,7.289999961853027,7.21999979019165,7.28000020980835,919000,0.0,0.0
2022-09-23 10:00:00+08:00,7.28000020980835,7.300000190734863,7.230000019073486,7.25,629100,0.0,0.0
2022-09-23 11:00:00+08:00,7.25,7.260000228881836,7.230000019073486,7.230000019073486,145000,0.0,0.0
2022-09-23 12:00:00+08:00,7.230000019073486,7.230000019073486,7.230000019073486,7.230000019073486,74500,0.0,0.0
2022-09-23 13:00:00+08:00,7.239999771118164,7.25,7.230000019073486,7.239999771118164,220100,0.0,0.0
2022-09-23 14:00:00+08:00,7.239999771118164,7.25,7.21999979019165,7.25,333400,0.0,0.0
2022-09-23 15:00:00+08:00,7.25,7.25,7.230000019073486,7.230000019073486,374900,0.0,0.0
2022-09-23 16:00:00+08:00,7.230000019073486,7.239999771118164,7.210000038146973,7.210000038146973,471300,0.0,0.0
2022-09-26 09:00:00+08:00,7.130000114440918,7.179999828338623,7.119999885559082,7.139999866485596,720700,0.0,0.0
2022-09-26 10:00:00+08:00,7.139999866485596,7.150000095367432,7.110000133514404,7.110000133514404,447900,0.0,0.0
2022-09-26 11:00:00+08:00,7.110000133514404,7.110000133514404,7.050000190734863,7.050000190734863,510200,0.0,0.0
2022-09-26 12:00:00+08:00,7.050000190734863,7.050000190734863,7.039999961853027,7.039999961853027,83700,0.0,0.0
2022-09-26 13:00:00+08:00,7.039999961853027,7.050000190734863,7.019999980926514,7.019999980926514,624200,0.0,0.0
2022-09-26 14:00:00+08:00,7.019999980926514,7.03000020980835,6.96999979019165,6.980000019073486,985200,0.0,0.0
2022-09-26 15:00:00+08:00,6.980000019073486,7.03000020980835,6.980000019073486,7.0,576700,0.0,0.0
2022-09-26 16:00:00+08:00,7.0,7.03000020980835,7.0,7.010000228881836,506900,0.0,0.0
2022-09-27 09:00:00+08:00,6.980000019073486,7.0,6.949999809265137,6.949999809265137,924800,0.0,0.0
2022-09-27 10:00:00+08:00,6.949999809265137,6.989999771118164,6.949999809265137,6.980000019073486,352500,0.0,0.0
2022-09-27 11:00:00+08:00,6.980000019073486,6.989999771118164,6.96999979019165,6.96999979019165,168600,0.0,0.0
2022-09-27 12:00:00+08:00,6.96999979019165,6.980000019073486,6.96999979019165,6.980000019073486,4900,0.0,0.0
2022-09-27 13:00:00+08:00,6.980000019073486,6.980000019073486,6.949999809265137,6.960000038146973,269500,0.0,0.0
2022-09-27 14:00:00+08:00,6.960000038146973,7.0,6.949999809265137,6.989999771118164,535300,0.0,0.0
2022-09-27 15:00:00+08:00,6.989999771118164,7.03000020980835,6.989999771118164,7.010000228881836,502000,0.0,0.0
2022-09-27 16:00:00+08:00,7.010000228881836,7.010000228881836,6.96999979019165,6.96999979019165,567700,0.0,0.0
2022-09-28 09:00:00+08:00,6.909999847412109,6.940000057220459,6.860000133514404,6.889999866485596,2617900,0.0,0.0
2022-09-28 10:00:00+08:00,6.889999866485596,6.900000095367432,6.829999923706055,6.840000152587891,764000,0.0,0.0
2022-09-28 11:00:00+08:00,6.840000152587891,6.849999904632568,6.809999942779541,6.840000152587891,571400,0.0,0.0
2022-09-28 12:00:00+08:00,6.840000152587891,6.840000152587891,6.840000152587891,6.840000152587891,37000,0.0,0.0
2022-09-28 13:00:00+08:00,6.840000152587891,6.869999885559082,6.820000171661377,6.860000133514404,283200,0.0,0.0
2022-09-28 14:00:00+08:00,6.860000133514404,6.860000133514404,6.820000171661377,6.820000171661377,414400,0.0,0.0
2022-09-28 15:00:00+08:00,6.820000171661377,6.829999923706055,6.769999980926514,6.800000190734863,949000,0.0,0.0
2022-09-28 16:00:00+08:00,6.800000190734863,6.809999942779541,6.760000228881836,6.760000228881836,1177900,0.0,0.0
2022-09-29 09:00:00+08:00,6.829999923706055,6.940000057220459,6.820000171661377,6.940000057220459,1718400,0.0,0.0
2022-09-29 10:00:00+08:00,6.940000057220459,6.96999979019165,6.929999828338623,6.940000057220459,699600,0.0,0.0
2022-09-29 11:00:00+08:00,6.940000057220459,6.989999771118164,6.940000057220459,6.980000019073486,500400,0.0,0.0
2022-09-29 12:00:00+08:00,6.980000019073486,6.980000019073486,6.980000019073486,6.980000019073486,17200,0.0,0.0
2022-09-29 13:00:00+08:00,6.980000019073486,7.03000020980835,6.960000038146973,7.03000020980835,581000,0.0,0.0
2022-09-29 14:00:00+08:00,7.03000020980835,7.03000020980835,6.980000019073486,6.989999771118164,838100,0.0,0.0
2022-09-29 15:00:00+08:00,6.989999771118164,6.989999771118164,6.920000076293945,6.920000076293945,926400,0.0,0.0
2022-09-29 16:00:00+08:00,6.920000076293945,6.960000038146973,6.909999847412109,6.929999828338623,631300,0.0,0.0
2022-09-30 09:00:00+08:00,6.909999847412109,6.960000038146973,6.880000114440918,6.949999809265137,806400,0.0,0.0
2022-09-30 10:00:00+08:00,6.949999809265137,6.949999809265137,6.869999885559082,6.889999866485596,509000,0.0,0.0
2022-09-30 11:00:00+08:00,6.900000095367432,6.909999847412109,6.880000114440918,6.900000095367432,247200,0.0,0.0
2022-09-30 12:00:00+08:00,6.900000095367432,6.909999847412109,6.900000095367432,6.909999847412109,22100,0.0,0.0
2022-09-30 13:00:00+08:00,6.909999847412109,6.920000076293945,6.889999866485596,6.920000076293945,219900,0.0,0.0
2022-09-30 14:00:00+08:00,6.920000076293945,6.920000076293945,6.900000095367432,6.909999847412109,285200,0.0,0.0
2022-09-30 15:00:00+08:00,6.909999847412109,6.980000019073486,6.909999847412109,6.96999979019165,488000,0.0,0.0
2022-09-30 16:00:00+08:00,6.96999979019165,6.980000019073486,6.949999809265137,6.949999809265137,455500,0.0,0.0
2022-10-03 09:00:00+08:00,6.900000095367432,6.960000038146973,6.849999904632568,6.949999809265137,509700,0.0,0.0
2022-10-03 10:00:00+08:00,6.949999809265137,6.949999809265137,6.900000095367432,6.900000095367432,135400,0.0,0.0
2022-10-03 11:00:00+08:00,6.900000095367432,6.909999847412109,6.889999866485596,6.909999847412109,106700,0.0,0.0
2022-10-03 12:00:00+08:00,6.909999847412109,6.909999847412109,6.909999847412109,6.909999847412109,8800,0.0,0.0
2022-10-03 13:00:00+08:00,6.909999847412109,6.909999847412109,6.869999885559082,6.889999866485596,141300,0.0,0.0
2022-10-03 14:00:00+08:00,6.889999866485596,6.900000095367432,6.869999885559082,6.880000114440918,139300,0.0,0.0
2022-10-03 15:00:00+08:00,6.880000114440918,6.889999866485596,6.869999885559082,6.869999885559082,313300,0.0,0.0
2022-10-03 16:00:00+08:00,6.869999885559082,6.889999866485596,6.860000133514404,6.860000133514404,350800,0.0,0.0
2022-10-04 09:00:00+08:00,6.96999979019165,7.019999980926514,6.960000038146973,6.980000019073486,461200,0.0,0.0
2022-10-04 10:00:00+08:00,6.980000019073486,6.980000019073486,6.929999828338623,6.940000057220459,125000,0.0,0.0
2022-10-04 11:00:00+08:00,6.940000057220459,6.949999809265137,6.909999847412109,6.929999828338623,166000,0.0,0.0
2022-10-04 12:00:00+08:00,6.929999828338623,6.929999828338623,6.920000076293945,6.920000076293945,13600,0.0,0.0
2022-10-04 13:00:00+08:00,6.920000076293945,6.949999809265137,6.920000076293945,6.940000057220459,149900,0.0,0.0
2022-10-04 14:00:00+08:00,6.940000057220459,6.940000057220459,6.920000076293945,6.940000057220459,101400,0.0,0.0
2022-10-04 15:00:00+08:00,6.940000057220459,6.960000038146973,6.929999828338623,6.940000057220459,261100,0.0,0.0
2022-10-04 16:00:00+08:00,6.940000057220459,6.96999979019165,6.929999828338623,6.940000057220459,253600,0.0,0.0
2022-10-05 09:00:00+08:00,7.0,7.019999980926514,6.980000019073486,7.0,493800,0.0,0.0
2022-10-05 10:00:00+08:00,7.0,7.0,6.960000038146973,6.96999979019165,225900,0.0,0.0
2022-10-05 11:00:00+08:00,6.96999979019165,6.980000019073486,6.940000057220459,6.960000038146973,135000,0.0,0.0
2022-10-05 12:00:00+08:00,6.960000038146973,6.960000038146973,6.960000038146973,6.960000038146973,7000,0.0,0.0
2022-10-05 13:00:00+08:00,6.960000038146973,6.96999979019165,6.940000057220459,6.96999979019165,105700,0.0,0.0
2022-10-05 14:00:00+08:00,6.96999979019165,6.989999771118164,6.960000038146973,6.980000019073486,132600,0.0,0.0
2022-10-05 15:00:00+08:00,6.980000019073486,6.989999771118164,6.96999979019165,6.96999979019165,188300,0.0,0.0
2022-10-05 16:00:00+08:00,6.96999979019165,6.980000019073486,6.940000057220459,6.960000038146973,268800,0.0,0.0
2022-10-06 09:00:00+08:00,6.980000019073486,7.010000228881836,6.96999979019165,7.0,427700,0.0,0.0
2022-10-06 10:00:00+08:00,7.0,7.010000228881836,6.980000019073486,7.0,170800,0.0,0.0
2022-10-06 11:00:00+08:00,7.0,7.010000228881836,6.980000019073486,7.0,126200,0.0,0.0
2022-10-06 12:00:00+08:00,7.0,7.0,6.989999771118164,6.989999771118164,3500,0.0,0.0
2022-10-06 13:00:00+08:00,6.989999771118164,7.0,6.96999979019165,6.989999771118164,266800,0.0,0.0
2022-10-06 14:00:00+08:00,6.989999771118164,6.989999771118164,6.96999979019165,6.980000019073486,342600,0.0,0.0
2022-10-06 15:00:00+08:00,6.980000019073486,6.989999771118164,6.96999979019165,6.980000019073486,195600,0.0,0.0
2022-10-06 16:00:00+08:00,6.980000019073486,7.0,6.96999979019165,6.980000019073486,401600,0.0,0.0
2022-10-07 09:00:00+08:00,7.010000228881836,7.079999923706055,7.010000228881836,7.050000190734863,819800,0.0,0.0
2022-10-07 10:00:00+08:00,7.050000190734863,7.099999904632568,7.03000020980835,7.090000152587891,714300,0.0,0.0
2022-10-07 11:00:00+08:00,7.090000152587891,7.099999904632568,7.070000171661377,7.079999923706055,249900,0.0,0.0
2022-10-07 12:00:00+08:00,7.079999923706055,7.079999923706055,7.079999923706055,7.079999923706055,35000,0.0,0.0
2022-10-07 13:00:00+08:00,7.079999923706055,7.090000152587891,7.070000171661377,7.079999923706055,297200,0.0,0.0
2022-10-07 14:00:00+08:00,7.079999923706055,7.090000152587891,7.050000190734863,7.079999923706055,590400,0.0,0.0
2022-10-07 15:00:00+08:00,7.079999923706055,7.099999904632568,7.070000171661377,7.079999923706055,480300,0.0,0.0
2022-10-07 16:00:00+08:00,7.079999923706055,7.090000152587891,7.050000190734863,7.079999923706055,385300,0.0,0.0
2022-10-10 09:00:00+08:00,7.03000020980835,7.050000190734863,6.980000019073486,7.039999961853027,461600,0.0,0.0
2022-10-10 10:00:00+08:00,7.039999961853027,7.039999961853027,6.989999771118164,7.0,195800,0.0,0.0
2022-10-10 11:00:00+08:00,7.0,7.010000228881836,6.980000019073486,7.0,184900,0.0,0.0
2022-10-10 12:00:00+08:00,7.0,7.0,7.0,7.0,5500,0.0,0.0
2022-10-10 13:00:00+08:00,7.0,7.019999980926514,6.989999771118164,7.0,158800,0.0,0.0
2022-10-10 14:00:00+08:00,7.0,7.0,6.980000019073486,6.980000019073486,315400,0.0,0.0
2022-10-10 15:00:00+08:00,6.980000019073486,7.010000228881836,6.980000019073486,6.980000019073486,379400,0.0,0.0
2022-10-10 16:00:00+08:00,6.980000019073486,7.010000228881836,6.980000019073486,6.989999771118164,337400,0.0,0.0
2022-10-11 09:00:00+08:00,6.989999771118164,7.050000190734863,6.980000019073486,7.019999980926514,474200,0.0,0.0
2022-10-11 10:00:00+08:00,7.019999980926514,7.019999980926514,6.949999809265137,6.960000038146973,373500,0.0,0.0
2022-10-11 11:00:00+08:00,6.960000038146973,6.980000019073486,6.929999828338623,6.929999828338623,397400,0.0,0.0
2022-10-11 12:00:00+08:00,6.929999828338623,6.929999828338623,6.929999828338623,6.929999828338623,27000,0.0,0.0
2022-10-11 13:00:00+08:00,6.929999828338623,6.960000038146973,6.920000076293945,6.949999809265137,240900,0.0,0.0
2022-10-11 14:00:00+08:00,6.949999809265137,6.949999809265137,6.909999847412109,6.929999828338623,361400,0.0,0.0
2022-10-11 15:00:00+08:00,6.929999828338623,6.940000057220459,6.909999847412109,6.920000076293945,303000,0.0,0.0
2022-10-11 16:00:00+08:00,6.920000076293945,6.949999809265137,6.909999847412109,6.949999809265137,357800,0.0,0.0
2022-10-12 09:00:00+08:00,6.949999809265137,6.96999979019165,6.820000171661377,6.849999904632568,943200,0.0,0.0
2022-10-12 10:00:00+08:00,6.849999904632568,6.869999885559082,6.840000152587891,6.849999904632568,223700,0.0,0.0
2022-10-12 11:00:00+08:00,6.849999904632568,6.869999885559082,6.840000152587891,6.849999904632568,162700,0.0,0.0
2022-10-12 12:00:00+08:00,6.849999904632568,6.849999904632568,6.849999904632568,6.849999904632568,14000,0.0,0.0
2022-10-12 13:00:00+08:00,6.849999904632568,6.880000114440918,6.829999923706055,6.860000133514404,240900,0.0,0.0
2022-10-12 14:00:00+08:00,6.860000133514404,6.889999866485596,6.840000152587891,6.880000114440918,306200,0.0,0.0
2022-10-12 15:00:00+08:00,6.880000114440918,6.880000114440918,6.840000152587891,6.860000133514404,392500,0.0,0.0
2022-10-12 16:00:00+08:00,6.860000133514404,6.869999885559082,6.809999942779541,6.809999942779541,800500,0.0,0.0
2022-10-13 09:00:00+08:00,6.820000171661377,6.849999904632568,6.730000019073486,6.730000019073486,666300,0.0,0.0
2022-10-13 10:00:00+08:00,6.730000019073486,6.739999771118164,6.679999828338623,6.71999979019165,761600,0.0,0.0
2022-10-13 11:00:00+08:00,6.71999979019165,6.760000228881836,6.710000038146973,6.730000019073486,132300,0.0,0.0
2022-10-13 12:00:00+08:00,6.730000019073486,6.739999771118164,6.730000019073486,6.739999771118164,24200,0.0,0.0
2022-10-13 13:00:00+08:00,6.739999771118164,6.769999980926514,6.730000019073486,6.760000228881836,317700,0.0,0.0
2022-10-13 14:00:00+08:00,6.760000228881836,6.769999980926514,6.75,6.760000228881836,239700,0.0,0.0
2022-10-13 15:00:00+08:00,6.760000228881836,6.78000020980835,6.75,6.760000228881836,336900,0.0,0.0
2022-10-13 16:00:00+08:00,6.760000228881836,6.769999980926514,6.75,6.760000228881836,225700,0.0,0.0
2022-10-14 09:00:00+08:00,6.869999885559082,6.909999847412109,6.809999942779541,6.849999904632568,743300,0.0,0.0
2022-10-14 10:00:00+08:00,6.849999904632568,6.849999904632568,6.800000190734863,6.829999923706055,253200,0.0,0.0
2022-10-14 11:00:00+08:00,6.829999923706055,6.840000152587891,6.769999980926514,6.809999942779541,393100,0.0,0.0
2022-10-14 12:00:00+08:00,6.809999942779541,6.809999942779541,6.800000190734863,6.800000190734863,10800,0.0,0.0
2022-10-14 13:00:00+08:00,6.800000190734863,6.809999942779541,6.75,6.760000228881836,331500,0.0,0.0
2022-10-14 14:00:00+08:00,6.760000228881836,6.78000020980835,6.75,6.75,165200,0.0,0.0
2022-10-14 15:00:00+08:00,6.75,6.760000228881836,6.690000057220459,6.710000038146973,568400,0.0,0.0
2022-10-14 16:00:00+08:00,6.710000038146973,6.71999979019165,6.679999828338623,6.679999828338623,655500,0.0,0.0
2022-10-17 09:00:00+08:00,6.659999847412109,6.679999828338623,6.579999923706055,6.610000133514404,1060300,0.0,0.0
2022-10-17 10:00:00+08:00,6.610000133514404,6.610000133514404,6.559999942779541,6.599999904632568,783700,0.0,0.0
2022-10-17 11:00:00+08:00,6.599999904632568,6.630000114440918,6.579999923706055,6.610000133514404,195200,0.0,0.0
2022-10-17 12:00:00+08:00,6.610000133514404,6.610000133514404,6.599999904632568,6.599999904632568,29400,0.0,0.0
2022-10-17 13:00:00+08:00,6.599999904632568,6.650000095367432,6.599999904632568,6.650000095367432,446300,0.0,0.0
2022-10-17 14:00:00+08:00,6.650000095367432,6.679999828338623,6.639999866485596,6.670000076293945,362600,0.0,0.0
2022-10-17 15:00:00+08:00,6.670000076293945,6.739999771118164,6.670000076293945,6.71999979019165,498700,0.0,0.0
2022-10-17 16:00:00+08:00,6.71999979019165,6.71999979019165,6.679999828338623,6.690000057220459,347400,0.0,0.0
2022-10-18 09:00:00+08:00,6.769999980926514,6.769999980926514,6.659999847412109,6.659999847412109,843700,0.0,0.0
2022-10-18 10:00:00+08:00,6.659999847412109,6.690000057220459,6.639999866485596,6.679999828338623,290700,0.0,0.0
2022-10-18 11:00:00+08:00,6.679999828338623,6.690000057220459,6.659999847412109,6.690000057220459,198100,0.0,0.0
2022-10-18 12:00:00+08:00,6.690000057220459,6.690000057220459,6.690000057220459,6.690000057220459,15400,0.0,0.0
2022-10-18 13:00:00+08:00,6.690000057220459,6.730000019073486,6.679999828338623,6.679999828338623,365900,0.0,0.0
2022-10-18 14:00:00+08:00,6.679999828338623,6.679999828338623,6.659999847412109,6.670000076293945,248300,0.0,0.0
2022-10-18 15:00:00+08:00,6.670000076293945,6.690000057220459,6.650000095367432,6.679999828338623,202800,0.0,0.0
2022-10-18 16:00:00+08:00,6.679999828338623,6.690000057220459,6.650000095367432,6.650000095367432,389600,0.0,0.0
2022-10-19 09:00:00+08:00,6.690000057220459,6.71999979019165,6.679999828338623,6.699999809265137,275200,0.0,0.0
2022-10-19 10:00:00+08:00,6.699999809265137,6.730000019073486,6.690000057220459,6.710000038146973,172400,0.0,0.0
2022-10-19 11:00:00+08:00,6.710000038146973,6.710000038146973,6.659999847412109,6.659999847412109,250900,0.0,0.0
2022-10-19 12:00:00+08:00,6.659999847412109,6.659999847412109,6.659999847412109,6.659999847412109,16100,0.0,0.0
2022-10-19 13:00:00+08:00,6.670000076293945,6.679999828338623,6.619999885559082,6.639999866485596,468000,0.0,0.0
2022-10-19 14:00:00+08:00,6.639999866485596,6.639999866485596,6.610000133514404,6.610000133514404,279100,0.0,0.0
2022-10-19 15:00:00+08:00,6.610000133514404,6.630000114440918,6.599999904632568,6.610000133514404,313100,0.0,0.0
2022-10-19 16:00:00+08:00,6.610000133514404,6.619999885559082,6.579999923706055,6.619999885559082,739300,0.0,0.0
2022-10-20 09:00:00+08:00,6.590000152587891,6.650000095367432,6.579999923706055,6.639999866485596,206800,0.0,0.0
2022-10-20 10:00:00+08:00,6.639999866485596,6.650000095367432,6.619999885559082,6.630000114440918,113100,0.0,0.0
2022-10-20 11:00:00+08:00,6.630000114440918,6.639999866485596,6.619999885559082,6.639999866485596,59200,0.0,0.0
2022-10-20 12:00:00+08:00,6.639999866485596,6.639999866485596,6.639999866485596,6.639999866485596,13300,0.0,0.0
2022-10-20 13:00:00+08:00,6.639999866485596,6.650000095367432,6.619999885559082,6.619999885559082,153900,0.0,0.0
2022-10-20 14:00:00+08:00,6.619999885559082,6.650000095367432,6.619999885559082,6.650000095367432,182200,0.0,0.0
2022-10-20 15:00:00+08:00,6.650000095367432,6.659999847412109,6.639999866485596,6.659999847412109,191000,0.0,0.0
2022-10-20 16:00:00+08:00,6.659999847412109,6.659999847412109,6.619999885559082,6.630000114440918,215100,0.0,0.0
2022-10-21 09:00:00+08:00,6.639999866485596,6.639999866485596,6.579999923706055,6.599999904632568,240800,0.0,0.0
2022-10-21 10:00:00+08:00,6.599999904632568,6.610000133514404,6.579999923706055,6.590000152587891,136000,0.0,0.0
2022-10-21 11:00:00+08:00,6.590000152587891,6.599999904632568,6.570000171661377,6.579999923706055,203100,0.0,0.0
2022-10-21 12:00:00+08:00,6.579999923706055,6.590000152587891,6.579999923706055,6.590000152587891,16500,0.0,0.0
2022-10-21 13:00:00+08:00,6.590000152587891,6.590000152587891,6.559999942779541,6.570000171661377,397700,0.0,0.0
2022-10-21 14:00:00+08:00,6.570000171661377,6.579999923706055,6.539999961853027,6.550000190734863,336500,0.0,0.0
2022-10-21 15:00:00+08:00,6.550000190734863,6.579999923706055,6.550000190734863,6.559999942779541,157700,0.0,0.0
2022-10-21 16:00:00+08:00,6.559999942779541,6.570000171661377,6.519999980926514,6.539999961853027,577500,0.0,0.0
2022-10-25 09:00:00+08:00,6.619999885559082,6.659999847412109,6.599999904632568,6.619999885559082,718100,0.0,0.0
2022-10-25 10:00:00+08:00,6.619999885559082,6.639999866485596,6.610000133514404,6.619999885559082,259100,0.0,0.0
2022-10-25 11:00:00+08:00,6.610000133514404,6.639999866485596,6.590000152587891,6.599999904632568,258900,0.0,0.0
2022-10-25 12:00:00+08:00,6.599999904632568,6.599999904632568,6.599999904632568,6.599999904632568,17200,0.0,0.0
2022-10-25 13:00:00+08:00,6.599999904632568,6.610000133514404,6.550000190734863,6.570000171661377,187300,0.0,0.0
2022-10-25 14:00:00+08:00,6.570000171661377,6.579999923706055,6.53000020980835,6.53000020980835,250300,0.0,0.0
2022-10-25 15:00:00+08:00,6.53000020980835,6.550000190734863,6.519999980926514,6.550000190734863,170400,0.0,0.0
2022-10-25 16:00:00+08:00,6.550000190734863,6.590000152587891,6.519999980926514,6.590000152587891,337600,0.0,0.0
2022-10-26 09:00:00+08:00,6.610000133514404,6.639999866485596,6.570000171661377,6.630000114440918,360700,0.0,0.0
2022-10-26 10:00:00+08:00,6.630000114440918,6.639999866485596,6.610000133514404,6.630000114440918,179100,0.0,0.0
2022-10-26 11:00:00+08:00,6.630000114440918,6.630000114440918,6.579999923706055,6.599999904632568,267800,0.0,0.0
2022-10-26 12:00:00+08:00,6.599999904632568,6.599999904632568,6.599999904632568,6.599999904632568,6800,0.0,0.0
2022-10-26 13:00:00+08:00,6.599999904632568,6.610000133514404,6.579999923706055,6.590000152587891,196200,0.0,0.0
2022-10-26 14:00:00+08:00,6.590000152587891,6.590000152587891,6.570000171661377,6.579999923706055,224700,0.0,0.0
2022-10-26 15:00:00+08:00,6.590000152587891,6.619999885559082,6.570000171661377,6.610000133514404,260100,0.0,0.0
2022-10-26 16:00:00+08:00,6.610000133514404,6.619999885559082,6.590000152587891,6.599999904632568,356400,0.0,0.0
2022-10-27 09:00:00+08:00,6.630000114440918,6.690000057220459,6.610000133514404,6.679999828338623,608800,0.0,0.0
2022-10-27 10:00:00+08:00,6.679999828338623,6.679999828338623,6.630000114440918,6.630000114440918,150900,0.0,0.0
2022-10-27 11:00:00+08:00,6.630000114440918,6.650000095367432,6.610000133514404,6.610000133514404,208400,0.0,0.0
2022-10-27 13:00:00+08:00,6.630000114440918,6.630000114440918,6.619999885559082,6.630000114440918,105800,0.0,0.0
2022-10-27 14:00:00+08:00,6.630000114440918,6.639999866485596,6.630000114440918,6.639999866485596,106500,0.0,0.0
2022-10-27 15:00:00+08:00,6.639999866485596,6.670000076293945,6.630000114440918,6.659999847412109,466700,0.0,0.0
2022-10-27 16:00:00+08:00,6.659999847412109,6.679999828338623,6.650000095367432,6.650000095367432,362100,0.0,0.0
2022-10-28 09:00:00+08:00,6.760000228881836,6.829999923706055,6.739999771118164,6.760000228881836,1675400,0.0,0.0
2022-10-28 10:00:00+08:00,6.760000228881836,6.78000020980835,6.739999771118164,6.760000228881836,526200,0.0,0.0
2022-10-28 11:00:00+08:00,6.760000228881836,6.909999847412109,6.75,6.900000095367432,1324300,0.0,0.0
2022-10-28 12:00:00+08:00,6.900000095367432,6.900000095367432,6.889999866485596,6.889999866485596,36700,0.0,0.0
2022-10-28 13:00:00+08:00,6.889999866485596,6.989999771118164,6.889999866485596,6.940000057220459,978800,0.0,0.0
2022-10-28 14:00:00+08:00,6.940000057220459,6.96999979019165,6.920000076293945,6.96999979019165,643400,0.0,0.0
2022-10-28 15:00:00+08:00,6.96999979019165,7.019999980926514,6.960000038146973,6.989999771118164,1055100,0.0,0.0
2022-10-28 16:00:00+08:00,6.989999771118164,6.989999771118164,6.929999828338623,6.960000038146973,1208700,0.0,0.0
2022-10-31 09:00:00+08:00,7.070000171661377,7.079999923706055,6.980000019073486,7.0,797800,0.0,0.0
2022-10-31 10:00:00+08:00,7.0,7.03000020980835,6.989999771118164,7.010000228881836,461800,0.0,0.0
2022-10-31 11:00:00+08:00,7.010000228881836,7.03000020980835,7.010000228881836,7.03000020980835,231900,0.0,0.0
2022-10-31 12:00:00+08:00,7.03000020980835,7.03000020980835,7.03000020980835,7.03000020980835,10400,0.0,0.0
2022-10-31 13:00:00+08:00,7.019999980926514,7.039999961853027,6.96999979019165,6.989999771118164,507700,0.0,0.0
2022-10-31 14:00:00+08:00,6.989999771118164,7.019999980926514,6.980000019073486,7.0,370100,0.0,0.0
2022-10-31 15:00:00+08:00,7.0,7.0,6.980000019073486,6.989999771118164,336000,0.0,0.0
2022-10-31 16:00:00+08:00,6.989999771118164,7.0,6.96999979019165,6.96999979019165,471400,0.0,0.0
2022-11-01 09:00:00+08:00,7.010000228881836,7.050000190734863,7.0,7.019999980926514,599200,0.0,0.0
2022-11-01 10:00:00+08:00,7.019999980926514,7.039999961853027,7.019999980926514,7.039999961853027,262000,0.0,0.0
2022-11-01 11:00:00+08:00,7.039999961853027,7.050000190734863,6.989999771118164,7.010000228881836,239700,0.0,0.0
2022-11-01 12:00:00+08:00,7.010000228881836,7.010000228881836,7.010000228881836,7.010000228881836,10700,0.0,0.0
2022-11-01 13:00:00+08:00,7.010000228881836,7.019999980926514,7.0,7.010000228881836,75300,0.0,0.0
2022-11-01 14:00:00+08:00,7.010000228881836,7.03000020980835,7.0,7.03000020980835,112800,0.0,0.0
2022-11-01 15:00:00+08:00,7.03000020980835,7.03000020980835,7.0,7.019999980926514,176900,0.0,0.0
2022-11-01 16:00:00+08:00,7.019999980926514,7.050000190734863,7.010000228881836,7.050000190734863,484200,0.0,0.0
2022-11-02 09:00:00+08:00,7.039999961853027,7.070000171661377,7.0,7.039999961853027,682100,0.0,0.0
2022-11-02 10:00:00+08:00,7.050000190734863,7.070000171661377,7.039999961853027,7.070000171661377,130700,0.0,0.0
2022-11-02 11:00:00+08:00,7.070000171661377,7.070000171661377,7.050000190734863,7.050000190734863,153100,0.0,0.0
2022-11-02 12:00:00+08:00,7.050000190734863,7.050000190734863,7.050000190734863,7.050000190734863,16500,0.0,0.0
2022-11-02 13:00:00+08:00,7.050000190734863,7.079999923706055,7.050000190734863,7.079999923706055,186400,0.0,0.0
2022-11-02 14:00:00+08:00,7.079999923706055,7.079999923706055,7.059999942779541,7.070000171661377,287500,0.0,0.0
2022-11-02 15:00:00+08:00,7.070000171661377,7.079999923706055,7.039999961853027,7.050000190734863,320900,0.0,0.0
2022-11-02 16:00:00+08:00,7.050000190734863,7.090000152587891,7.050000190734863,7.090000152587891,332100,0.0,0.0
2022-11-03 09:00:00+08:00,7.019999980926514,7.050000190734863,6.980000019073486,7.010000228881836,418900,0.0,0.0
2022-11-03 10:00:00+08:00,7.010000228881836,7.03000020980835,7.0,7.010000228881836,133200,0.0,0.0
2022-11-03 11:00:00+08:00,7.019999980926514,7.050000190734863,7.010000228881836,7.039999961853027,144200,0.0,0.0
2022-11-03 12:00:00+08:00,7.039999961853027,7.039999961853027,7.039999961853027,7.039999961853027,6600,0.0,0.0
2022-11-03 13:00:00+08:00,7.039999961853027,7.039999961853027,7.010000228881836,7.019999980926514,182100,0.0,0.0
2022-11-03 14:00:00+08:00,7.019999980926514,7.03000020980835,7.010000228881836,7.010000228881836,167000,0.0,0.0
2022-11-03 15:00:00+08:00,7.010000228881836,7.03000020980835,7.0,7.019999980926514,219000,0.0,0.0
2022-11-03 16:00:00+08:00,7.019999980926514,7.03000020980835,7.0,7.03000020980835,174600,0.0,0.0
2022-11-04 09:00:00+08:00,7.03000020980835,7.070000171661377,7.0,7.059999942779541,515400,0.0,0.0
2022-11-04 10:00:00+08:00,7.059999942779541,7.079999923706055,7.050000190734863,7.050000190734863,393400,0.0,0.0
2022-11-04 11:00:00+08:00,7.050000190734863,7.050000190734863,7.03000020980835,7.050000190734863,125000,0.0,0.0
2022-11-04 12:00:00+08:00,7.050000190734863,7.050000190734863,7.050000190734863,7.050000190734863,7900,0.0,0.0
2022-11-04 13:00:00+08:00,7.039999961853027,7.079999923706055,7.039999961853027,7.079999923706055,246400,0.0,0.0
2022-11-04 14:00:00+08:00,7.079999923706055,7.090000152587891,7.070000171661377,7.090000152587891,175500,0.0,0.0
2022-11-04 15:00:00+08:00,7.090000152587891,7.099999904632568,7.079999923706055,7.079999923706055,304100,0.0,0.0
2022-11-04 16:00:00+08:00,7.079999923706055,7.119999885559082,7.079999923706055,7.110000133514404,538500,0.0,0.0
2022-11-07 09:00:00+08:00,7.110000133514404,7.170000076293945,7.079999923706055,7.150000095367432,753600,0.0,0.0
2022-11-07 10:00:00+08:00,7.150000095367432,7.150000095367432,7.099999904632568,7.110000133514404,128700,0.0,0.0
2022-11-07 11:00:00+08:00,7.110000133514404,7.119999885559082,7.079999923706055,7.090000152587891,248000,0.0,0.0
2022-11-07 12:00:00+08:00,7.090000152587891,7.099999904632568,7.090000152587891,7.099999904632568,9500,0.0,0.0
2022-11-07 13:00:00+08:00,7.099999904632568,7.099999904632568,7.079999923706055,7.099999904632568,141200,0.0,0.0
2022-11-07 14:00:00+08:00,7.099999904632568,7.110000133514404,7.090000152587891,7.099999904632568,110700,0.0,0.0
2022-11-07 15:00:00+08:00,7.099999904632568,7.099999904632568,7.079999923706055,7.099999904632568,129100,0.0,0.0
2022-11-07 16:00:00+08:00,7.099999904632568,7.119999885559082,7.090000152587891,7.119999885559082,316200,0.0,0.0
2022-11-08 09:00:00+08:00,7.159999847412109,7.159999847412109,7.070000171661377,7.070000171661377,594200,0.0,0.0
2022-11-08 10:00:00+08:00,7.070000171661377,7.119999885559082,7.070000171661377,7.099999904632568,265400,0.0,0.0
2022-11-08 11:00:00+08:00,7.099999904632568,7.119999885559082,7.090000152587891,7.099999904632568,114800,0.0,0.0
2022-11-08 12:00:00+08:00,7.099999904632568,7.099999904632568,7.099999904632568,7.099999904632568,16200,0.0,0.0
2022-11-08 13:00:00+08:00,7.110000133514404,7.110000133514404,7.090000152587891,7.110000133514404,184000,0.0,0.0
2022-11-08 14:00:00+08:00,7.110000133514404,7.110000133514404,7.079999923706055,7.110000133514404,194400,0.0,0.0
2022-11-08 15:00:00+08:00,7.110000133514404,7.110000133514404,7.090000152587891,7.090000152587891,105500,0.0,0.0
2022-11-08 16:00:00+08:00,7.090000152587891,7.099999904632568,7.059999942779541,7.059999942779541,392900,0.0,0.0
2022-11-09 09:00:00+08:00,7.070000171661377,7.110000133514404,7.050000190734863,7.079999923706055,340500,0.0,0.0
2022-11-09 10:00:00+08:00,7.079999923706055,7.110000133514404,7.070000171661377,7.090000152587891,97700,0.0,0.0
2022-11-09 11:00:00+08:00,7.090000152587891,7.099999904632568,7.070000171661377,7.079999923706055,125600,0.0,0.0
2022-11-09 12:00:00+08:00,7.079999923706055,7.079999923706055,7.079999923706055,7.079999923706055,6900,0.0,0.0
2022-11-09 13:00:00+08:00,7.079999923706055,7.079999923706055,7.059999942779541,7.070000171661377,128900,0.0,0.0
2022-11-09 14:00:00+08:00,7.070000171661377,7.079999923706055,7.059999942779541,7.070000171661377,91300,0.0,0.0
2022-11-09 15:00:00+08:00,7.070000171661377,7.090000152587891,7.059999942779541,7.070000171661377,213100,0.0,0.0
2022-11-09 16:00:00+08:00,7.070000171661377,7.090000152587891,7.059999942779541,7.079999923706055,193400,0.0,0.0
2022-11-10 09:00:00+08:00,7.050000190734863,7.110000133514404,7.039999961853027,7.110000133514404,336100,0.0,0.0
2022-11-10 10:00:00+08:00,7.110000133514404,7.110000133514404,7.070000171661377,7.099999904632568,266100,0.0,0.0
2022-11-10 11:00:00+08:00,7.099999904632568,7.099999904632568,7.070000171661377,7.090000152587891,131500,0.0,0.0
2022-11-10 13:00:00+08:00,7.079999923706055,7.099999904632568,7.079999923706055,7.079999923706055,94700,0.0,0.0
2022-11-10 14:00:00+08:00,7.079999923706055,7.090000152587891,7.059999942779541,7.090000152587891,119300,0.0,0.0
2022-11-10 15:00:00+08:00,7.090000152587891,7.099999904632568,7.079999923706055,7.090000152587891,194700,0.0,0.0
2022-11-10 16:00:00+08:00,7.090000152587891,7.110000133514404,7.070000171661377,7.099999904632568,249600,0.0,0.0
2022-11-11 09:00:00+08:00,7.190000057220459,7.239999771118164,7.170000076293945,7.210000038146973,1698200,0.0,0.0
2022-11-11 10:00:00+08:00,7.210000038146973,7.230000019073486,7.190000057220459,7.21999979019165,458000,0.0,0.0
2022-11-11 11:00:00+08:00,7.21999979019165,7.239999771118164,7.199999809265137,7.21999979019165,461900,0.0,0.0
2022-11-11 12:00:00+08:00,7.21999979019165,7.21999979019165,7.21999979019165,7.21999979019165,14500,0.0,0.0
2022-11-11 13:00:00+08:00,7.21999979019165,7.239999771118164,7.210000038146973,7.239999771118164,433700,0.0,0.0
2022-11-11 14:00:00+08:00,7.239999771118164,7.25,7.230000019073486,7.25,490300,0.0,0.0
2022-11-11 15:00:00+08:00,7.25,7.269999980926514,7.230000019073486,7.230000019073486,729800,0.0,0.0
2022-11-11 16:00:00+08:00,7.230000019073486,7.260000228881836,7.230000019073486,7.239999771118164,589200,0.0,0.0
2022-11-14 09:00:00+08:00,7.269999980926514,7.309999942779541,7.210000038146973,7.289999961853027,1262400,0.0,0.0
2022-11-14 10:00:00+08:00,7.289999961853027,7.329999923706055,7.28000020980835,7.309999942779541,527500,0.0,0.0
2022-11-14 11:00:00+08:00,7.309999942779541,7.369999885559082,7.309999942779541,7.369999885559082,735300,0.0,0.0
2022-11-14 12:00:00+08:00,7.369999885559082,7.369999885559082,7.369999885559082,7.369999885559082,84900,0.0,0.0
2022-11-14 13:00:00+08:00,7.360000133514404,7.360000133514404,7.329999923706055,7.340000152587891,265500,0.0,0.0
2022-11-14 14:00:00+08:00,7.340000152587891,7.360000133514404,7.320000171661377,7.320000171661377,224700,0.0,0.0
2022-11-14 15:00:00+08:00,7.320000171661377,7.329999923706055,7.289999961853027,7.289999961853027,368100,0.0,0.0
2022-11-14 16:00:00+08:00,7.289999961853027,7.340000152587891,7.289999961853027,7.309999942779541,424500,0.0,0.0
2022-11-15 09:00:00+08:00,7.340000152587891,7.360000133514404,7.269999980926514,7.329999923706055,673200,0.0,0.0
2022-11-15 10:00:00+08:00,7.329999923706055,7.369999885559082,7.320000171661377,7.329999923706055,291700,0.0,0.0
2022-11-15 11:00:00+08:00,7.329999923706055,7.329999923706055,7.300000190734863,7.320000171661377,264700,0.0,0.0
2022-11-15 12:00:00+08:00,7.320000171661377,7.320000171661377,7.309999942779541,7.309999942779541,12200,0.0,0.0
2022-11-15 13:00:00+08:00,7.309999942779541,7.349999904632568,7.289999961853027,7.329999923706055,425800,0.0,0.0
2022-11-15 14:00:00+08:00,7.329999923706055,7.349999904632568,7.309999942779541,7.320000171661377,275500,0.0,0.0
2022-11-15 15:00:00+08:00,7.320000171661377,7.349999904632568,7.300000190734863,7.300000190734863,309400,0.0,0.0
2022-11-15 16:00:00+08:00,7.300000190734863,7.329999923706055,7.289999961853027,7.289999961853027,343000,0.0,0.0
2022-11-16 09:00:00+08:00,7.300000190734863,7.329999923706055,7.260000228881836,7.309999942779541,667500,0.0,0.0
2022-11-16 10:00:00+08:00,7.309999942779541,7.329999923706055,7.300000190734863,7.329999923706055,200900,0.0,0.0
2022-11-16 11:00:00+08:00,7.329999923706055,7.360000133514404,7.309999942779541,7.320000171661377,594000,0.0,0.0
2022-11-16 12:00:00+08:00,7.320000171661377,7.340000152587891,7.320000171661377,7.340000152587891,24400,0.0,0.0
2022-11-16 13:00:00+08:00,7.340000152587891,7.369999885559082,7.329999923706055,7.349999904632568,411200,0.0,0.0
2022-11-16 14:00:00+08:00,7.349999904632568,7.389999866485596,7.349999904632568,7.389999866485596,702900,0.0,0.0
2022-11-16 15:00:00+08:00,7.389999866485596,7.389999866485596,7.329999923706055,7.329999923706055,587000,0.0,0.0
2022-11-16 16:00:00+08:00,7.329999923706055,7.369999885559082,7.320000171661377,7.340000152587891,400900,0.0,0.0
2022-11-17 09:00:00+08:00,7.380000114440918,7.46999979019165,7.349999904632568,7.420000076293945,0,0.0,0.0
2022-11-17 10:00:00+08:00,7.420000076293945,7.429999828338623,7.380000114440918,7.380000114440918,2053300,0.0,0.0
2022-11-17 11:00:00+08:00,7.380000114440918,7.400000095367432,7.360000133514404,7.400000095367432,205800,0.0,0.0
2022-11-17 12:00:00+08:00,7.400000095367432,7.400000095367432,7.400000095367432,7.400000095367432,54200,0.0,0.0
2022-11-17 13:00:00+08:00,7.400000095367432,7.420000076293945,7.380000114440918,7.389999866485596,240200,0.0,0.0
2022-11-17 14:00:00+08:00,7.389999866485596,7.400000095367432,7.380000114440918,7.380000114440918,197800,0.0,0.0
2022-11-17 15:00:00+08:00,7.380000114440918,7.400000095367432,7.380000114440918,7.389999866485596,66300,0.0,0.0
2022-11-17 16:00:00+08:00,7.389999866485596,7.420000076293945,7.380000114440918,7.420000076293945,328200,0.0,0.0
2022-11-18 09:00:00+08:00,7.449999809265137,7.5,7.429999828338623,7.440000057220459,1374600,0.0,0.0
2022-11-18 10:00:00+08:00,7.440000057220459,7.449999809265137,7.409999847412109,7.429999828338623,475100,0.0,0.0
2022-11-18 11:00:00+08:00,7.429999828338623,7.429999828338623,7.409999847412109,7.409999847412109,232100,0.0,0.0
2022-11-18 12:00:00+08:00,7.409999847412109,7.420000076293945,7.409999847412109,7.420000076293945,17400,0.0,0.0
2022-11-18 13:00:00+08:00,7.420000076293945,7.429999828338623,7.400000095367432,7.420000076293945,247300,0.0,0.0
2022-11-18 14:00:00+08:00,7.420000076293945,7.420000076293945,7.380000114440918,7.409999847412109,399400,0.0,0.0
2022-11-18 15:00:00+08:00,7.409999847412109,7.420000076293945,7.400000095367432,7.400000095367432,118800,0.0,0.0
2022-11-18 16:00:00+08:00,7.400000095367432,7.440000057220459,7.400000095367432,7.409999847412109,508400,0.0,0.0
2022-11-21 09:00:00+08:00,7.380000114440918,7.460000038146973,7.380000114440918,7.400000095367432,438200,0.0,0.0
2022-11-21 10:00:00+08:00,7.389999866485596,7.400000095367432,7.360000133514404,7.369999885559082,249000,0.0,0.0
2022-11-21 11:00:00+08:00,7.369999885559082,7.380000114440918,7.329999923706055,7.340000152587891,250900,0.0,0.0
2022-11-21 12:00:00+08:00,7.340000152587891,7.340000152587891,7.340000152587891,7.340000152587891,6200,0.0,0.0
2022-11-21 13:00:00+08:00,7.349999904632568,7.360000133514404,7.329999923706055,7.349999904632568,173500,0.0,0.0
2022-11-21 14:00:00+08:00,7.349999904632568,7.360000133514404,7.320000171661377,7.340000152587891,426100,0.0,0.0
2022-11-21 15:00:00+08:00,7.340000152587891,7.369999885559082,7.329999923706055,7.360000133514404,448800,0.0,0.0
2022-11-21 16:00:00+08:00,7.360000133514404,7.380000114440918,7.340000152587891,7.380000114440918,281200,0.0,0.0
2022-11-22 09:00:00+08:00,7.409999847412109,7.480000019073486,7.409999847412109,7.460000038146973,673100,0.0,0.0
2022-11-22 10:00:00+08:00,7.46999979019165,7.46999979019165,7.440000057220459,7.449999809265137,182500,0.0,0.0
2022-11-22 11:00:00+08:00,7.449999809265137,7.449999809265137,7.420000076293945,7.429999828338623,165900,0.0,0.0
2022-11-22 12:00:00+08:00,7.429999828338623,7.429999828338623,7.429999828338623,7.429999828338623,2700,0.0,0.0
2022-11-22 13:00:00+08:00,7.429999828338623,7.440000057220459,7.409999847412109,7.420000076293945,151400,0.0,0.0
2022-11-22 14:00:00+08:00,7.420000076293945,7.429999828338623,7.409999847412109,7.420000076293945,64800,0.0,0.0
2022-11-22 15:00:00+08:00,7.420000076293945,7.449999809265137,7.409999847412109,7.429999828338623,306200,0.0,0.0
2022-11-22 16:00:00+08:00,7.429999828338623,7.440000057220459,7.409999847412109,7.409999847412109,142500,0.0,0.0
2022-11-23 09:00:00+08:00,7.440000057220459,7.480000019073486,7.440000057220459,7.460000038146973,289400,0.0,0.0
2022-11-23 10:00:00+08:00,7.460000038146973,7.46999979019165,7.440000057220459,7.440000057220459,191500,0.0,0.0
2022-11-23 11:00:00+08:00,7.440000057220459,7.449999809265137,7.420000076293945,7.429999828338623,108300,0.0,0.0
2022-11-23 12:00:00+08:00,7.429999828338623,7.429999828338623,7.429999828338623,7.429999828338623,8500,0.0,0.0
2022-11-23 13:00:00+08:00,7.420000076293945,7.440000057220459,7.420000076293945,7.429999828338623,151000,0.0,0.0
2022-11-23 14:00:00+08:00,7.429999828338623,7.429999828338623,7.420000076293945,7.420000076293945,75000,0.0,0.0
2022-11-23 15:00:00+08:00,7.420000076293945,7.429999828338623,7.409999847412109,7.409999847412109,141700,0.0,0.0
2022-11-23 16:00:00+08:00,7.409999847412109,7.429999828338623,7.409999847412109,7.429999828338623,134000,0.0,0.0
2022-11-24 09:00:00+08:00,7.46999979019165,7.489999771118164,7.440000057220459,7.460000038146973,500900,0.0,0.0
2022-11-24 10:00:00+08:00,7.460000038146973,7.480000019073486,7.449999809265137,7.460000038146973,216900,0.0,0.0
2022-11-24 11:00:00+08:00,7.460000038146973,7.46999979019165,7.449999809265137,7.460000038146973,115100,0.0,0.0
2022-11-24 12:00:00+08:00,7.460000038146973,7.460000038146973,7.460000038146973,7.460000038146973,10000,0.0,0.0
2022-11-24 13:00:00+08:00,7.460000038146973,7.46999979019165,7.449999809265137,7.46999979019165,100000,0.0,0.0
2022-11-24 14:00:00+08:00,7.46999979019165,7.480000019073486,7.460000038146973,7.46999979019165,258400,0.0,0.0
2022-11-24 15:00:00+08:00,7.46999979019165,7.480000019073486,7.46999979019165,7.46999979019165,170800,0.0,0.0
2022-11-24 16:00:00+08:00,7.46999979019165,7.489999771118164,7.46999979019165,7.489999771118164,644100,0.0,0.0
2022-11-25 09:00:00+08:00,7.489999771118164,7.539999961853027,7.46999979019165,7.519999980926514,1151100,0.0,0.0
2022-11-25 10:00:00+08:00,7.519999980926514,7.53000020980835,7.489999771118164,7.489999771118164,424200,0.0,0.0
2022-11-25 11:00:00+08:00,7.489999771118164,7.5,7.489999771118164,7.5,55800,0.0,0.0
2022-11-25 12:00:00+08:00,7.5,7.5,7.5,7.5,19500,0.0,0.0
2022-11-25 13:00:00+08:00,7.5,7.5,7.480000019073486,7.489999771118164,123800,0.0,0.0
2022-11-25 14:00:00+08:00,7.489999771118164,7.5,7.480000019073486,7.480000019073486,203300,0.0,0.0
2022-11-25 15:00:00+08:00,7.480000019073486,7.489999771118164,7.480000019073486,7.489999771118164,20000,0.0,0.0
2022-11-25 16:00:00+08:00,7.489999771118164,7.5,7.480000019073486,7.5,276000,0.0,0.0
2022-11-28 09:00:00+08:00,7.5,7.5,7.429999828338623,7.449999809265137,639100,0.0,0.0
2022-11-28 10:00:00+08:00,7.449999809265137,7.46999979019165,7.449999809265137,7.46999979019165,180000,0.0,0.0
2022-11-28 11:00:00+08:00,7.46999979019165,7.46999979019165,7.420000076293945,7.46999979019165,282200,0.0,0.0
2022-11-28 12:00:00+08:00,7.46999979019165,7.46999979019165,7.460000038146973,7.460000038146973,6200,0.0,0.0
2022-11-28 13:00:00+08:00,7.460000038146973,7.480000019073486,7.449999809265137,7.46999979019165,169300,0.0,0.0
2022-11-28 14:00:00+08:00,7.46999979019165,7.5,7.460000038146973,7.489999771118164,259900,0.0,0.0
2022-11-28 15:00:00+08:00,7.489999771118164,7.5,7.480000019073486,7.489999771118164,181700,0.0,0.0
2022-11-28 16:00:00+08:00,7.489999771118164,7.5,7.480000019073486,7.5,358700,0.0,0.0
2022-11-29 09:00:00+08:00,7.480000019073486,7.539999961853027,7.460000038146973,7.519999980926514,482800,0.0,0.0
2022-11-29 10:00:00+08:00,7.519999980926514,7.539999961853027,7.510000228881836,7.519999980926514,156800,0.0,0.0
2022-11-29 11:00:00+08:00,7.519999980926514,7.53000020980835,7.5,7.53000020980835,198100,0.0,0.0
2022-11-29 12:00:00+08:00,7.53000020980835,7.53000020980835,7.53000020980835,7.53000020980835,23300,0.0,0.0
2022-11-29 13:00:00+08:00,7.519999980926514,7.519999980926514,7.5,7.519999980926514,126800,0.0,0.0
2022-11-29 14:00:00+08:00,7.519999980926514,7.519999980926514,7.5,7.5,69600,0.0,0.0
2022-11-29 15:00:00+08:00,7.5,7.519999980926514,7.5,7.519999980926514,181700,0.0,0.0
2022-11-29 16:00:00+08:00,7.519999980926514,7.53000020980835,7.510000228881836,7.53000020980835,193200,0.0,0.0
2022-11-30 09:00:00+08:00,7.519999980926514,7.550000190734863,7.46999979019165,7.510000228881836,821500,0.0,0.0
2022-11-30 10:00:00+08:00,7.510000228881836,7.53000020980835,7.510000228881836,7.519999980926514,196000,0.0,0.0
2022-11-30 11:00:00+08:00,7.519999980926514,7.53000020980835,7.449999809265137,7.5,612500,0.0,0.0
2022-11-30 12:00:00+08:00,7.5,7.5,7.5,7.5,11700,0.0,0.0
2022-11-30 13:00:00+08:00,7.5,7.510000228881836,7.46999979019165,7.5,141700,0.0,0.0
2022-11-30 14:00:00+08:00,7.5,7.5,7.489999771118164,7.5,68900,0.0,0.0
2022-11-30 15:00:00+08:00,7.5,7.519999980926514,7.489999771118164,7.510000228881836,254400,0.0,0.0
2022-11-30 16:00:00+08:00,7.510000228881836,7.539999961853027,7.5,7.539999961853027,339000,0.0,0.0
2022-12-01 09:00:00+08:00,7.539999961853027,7.619999885559082,7.539999961853027,7.590000152587891,1311900,0.0,0.0
2022-12-01 10:00:00+08:00,7.590000152587891,7.610000133514404,7.579999923706055,7.590000152587891,421600,0.0,0.0
2022-12-01 11:00:00+08:00,7.590000152587891,7.599999904632568,7.579999923706055,7.590000152587891,276000,0.0,0.0
2022-12-01 12:00:00+08:00,7.590000152587891,7.590000152587891,7.590000152587891,7.590000152587891,5200,0.0,0.0
2022-12-01 13:00:00+08:00,7.590000152587891,7.599999904632568,7.579999923706055,7.590000152587891,186100,0.0,0.0
2022-12-01 14:00:00+08:00,7.590000152587891,7.599999904632568,7.570000171661377,7.590000152587891,245400,0.0,0.0
2022-12-01 15:00:00+08:00,7.590000152587891,7.590000152587891,7.550000190734863,7.559999942779541,304000,0.0,0.0
2022-12-01 16:00:00+08:00,7.559999942779541,7.579999923706055,7.550000190734863,7.579999923706055,319900,0.0,0.0
2022-12-02 09:00:00+08:00,7.590000152587891,7.679999828338623,7.550000190734863,7.670000076293945,1317800,0.0,0.0
2022-12-02 10:00:00+08:00,7.670000076293945,7.679999828338623,7.639999866485596,7.659999847412109,353800,0.0,0.0
2022-12-02 11:00:00+08:00,7.659999847412109,7.679999828338623,7.639999866485596,7.650000095367432,479500,0.0,0.0
2022-12-02 12:00:00+08:00,7.650000095367432,7.650000095367432,7.650000095367432,7.650000095367432,14200,0.0,0.0
2022-12-02 13:00:00+08:00,7.650000095367432,7.650000095367432,7.630000114440918,7.639999866485596,252300,0.0,0.0
2022-12-02 14:00:00+08:00,7.639999866485596,7.659999847412109,7.630000114440918,7.639999866485596,428000,0.0,0.0
2022-12-02 15:00:00+08:00,7.639999866485596,7.639999866485596,7.619999885559082,7.630000114440918,205800,0.0,0.0
2022-12-02 16:00:00+08:00,7.630000114440918,7.639999866485596,7.619999885559082,7.639999866485596,264500,0.0,0.0
2022-12-05 09:00:00+08:00,7.659999847412109,7.71999979019165,7.639999866485596,7.699999809265137,1315800,0.0,0.0
2022-12-05 10:00:00+08:00,7.699999809265137,7.710000038146973,7.690000057220459,7.710000038146973,486700,0.0,0.0
2022-12-05 11:00:00+08:00,7.710000038146973,7.71999979019165,7.699999809265137,7.699999809265137,649500,0.0,0.0
2022-12-05 12:00:00+08:00,7.699999809265137,7.699999809265137,7.699999809265137,7.699999809265137,41200,0.0,0.0
2022-12-05 13:00:00+08:00,7.699999809265137,7.710000038146973,7.650000095367432,7.650000095367432,335000,0.0,0.0
2022-12-05 14:00:00+08:00,7.650000095367432,7.659999847412109,7.619999885559082,7.650000095367432,699200,0.0,0.0
2022-12-05 15:00:00+08:00,7.650000095367432,7.650000095367432,7.619999885559082,7.630000114440918,289700,0.0,0.0
2022-12-05 16:00:00+08:00,7.630000114440918,7.630000114440918,7.590000152587891,7.599999904632568,899900,0.0,0.0
2022-12-06 09:00:00+08:00,7.590000152587891,7.630000114440918,7.53000020980835,7.539999961853027,832500,0.0,0.0
2022-12-06 10:00:00+08:00,7.539999961853027,7.539999961853027,7.519999980926514,7.519999980926514,363100,0.0,0.0
2022-12-06 11:00:00+08:00,7.519999980926514,7.53000020980835,7.510000228881836,7.519999980926514,217200,0.0,0.0
2022-12-06 12:00:00+08:00,7.519999980926514,7.519999980926514,7.519999980926514,7.519999980926514,14900,0.0,0.0
2022-12-06 13:00:00+08:00,7.53000020980835,7.53000020980835,7.480000019073486,7.5,510200,0.0,0.0
2022-12-06 14:00:00+08:00,7.5,7.5,7.449999809265137,7.460000038146973,575600,0.0,0.0
2022-12-06 15:00:00+08:00,7.460000038146973,7.46999979019165,7.449999809265137,7.46999979019165,518700,0.0,0.0
2022-12-06 16:00:00+08:00,7.46999979019165,7.480000019073486,7.420000076293945,7.429999828338623,1357500,0.0,0.0
2022-12-07 09:00:00+08:00,7.449999809265137,7.46999979019165,7.429999828338623,7.449999809265137,363500,0.0,0.0
2022-12-07 10:00:00+08:00,7.449999809265137,7.460000038146973,7.440000057220459,7.449999809265137,171100,0.0,0.0
2022-12-07 11:00:00+08:00,7.449999809265137,7.480000019073486,7.440000057220459,7.480000019073486,225300,0.0,0.0
2022-12-07 12:00:00+08:00,7.480000019073486,7.480000019073486,7.480000019073486,7.480000019073486,11000,0.0,0.0
2022-12-07 13:00:00+08:00,7.480000019073486,7.489999771118164,7.449999809265137,7.449999809265137,323000,0.0,0.0
2022-12-07 14:00:00+08:00,7.449999809265137,7.46999979019165,7.449999809265137,7.449999809265137,169000,0.0,0.0
2022-12-07 15:00:00+08:00,7.449999809265137,7.460000038146973,7.420000076293945,7.429999828338623,466400,0.0,0.0
2022-12-07 16:00:00+08:00,7.429999828338623,7.460000038146973,7.420000076293945,7.429999828338623,275400,0.0,0.0
2022-12-08 09:00:00+08:00,7.409999847412109,7.449999809265137,7.400000095367432,7.429999828338623,618200,0.0,0.0
2022-12-08 10:00:00+08:00,7.429999828338623,7.449999809265137,7.409999847412109,7.440000057220459,205700,0.0,0.0
2022-12-08 11:00:00+08:00,7.440000057220459,7.489999771118164,7.429999828338623,7.480000019073486,505600,0.0,0.0
2022-12-08 12:00:00+08:00,7.480000019073486,7.480000019073486,7.480000019073486,7.480000019073486,11600,0.0,0.0
2022-12-08 13:00:00+08:00,7.480000019073486,7.480000019073486,7.449999809265137,7.460000038146973,354900,0.0,0.0
2022-12-08 14:00:00+08:00,7.460000038146973,7.480000019073486,7.449999809265137,7.46999979019165,155000,0.0,0.0
2022-12-08 15:00:00+08:00,7.46999979019165,7.480000019073486,7.460000038146973,7.480000019073486,356300,0.0,0.0
2022-12-08 16:00:00+08:00,7.480000019073486,7.480000019073486,7.440000057220459,7.46999979019165,556900,0.0,0.0
2022-12-09 09:00:00+08:00,7.53000020980835,7.539999961853027,7.46999979019165,7.5,595900,0.0,0.0
2022-12-09 10:00:00+08:00,7.5,7.5,7.480000019073486,7.489999771118164,164100,0.0,0.0
2022-12-09 11:00:00+08:00,7.489999771118164,7.489999771118164,7.46999979019165,7.489999771118164,152300,0.0,0.0
2022-12-09 12:00:00+08:00,7.489999771118164,7.489999771118164,7.489999771118164,7.489999771118164,18200,0.0,0.0
2022-12-09 13:00:00+08:00,7.489999771118164,7.5,7.460000038146973,7.460000038146973,300300,0.0,0.0
2022-12-09 14:00:00+08:00,7.460000038146973,7.46999979019165,7.460000038146973,7.460000038146973,113300,0.0,0.0
2022-12-09 15:00:00+08:00,7.460000038146973,7.46999979019165,7.449999809265137,7.449999809265137,274400,0.0,0.0
2022-12-09 16:00:00+08:00,7.449999809265137,7.480000019073486,7.440000057220459,7.480000019073486,569300,0.0,0.0
2022-12-12 09:00:00+08:00,7.46999979019165,7.480000019073486,7.429999828338623,7.449999809265137,266700,0.0,0.0
2022-12-12 10:00:00+08:00,7.449999809265137,7.460000038146973,7.440000057220459,7.449999809265137,96900,0.0,0.0
2022-12-12 11:00:00+08:00,7.449999809265137,7.449999809265137,7.429999828338623,7.449999809265137,123700,0.0,0.0
2022-12-12 12:00:00+08:00,7.449999809265137,7.449999809265137,7.440000057220459,7.440000057220459,8400,0.0,0.0
2022-12-12 13:00:00+08:00,7.440000057220459,7.449999809265137,7.409999847412109,7.429999828338623,125400,0.0,0.0
2022-12-12 14:00:00+08:00,7.429999828338623,7.440000057220459,7.409999847412109,7.429999828338623,185300,0.0,0.0
2022-12-12 15:00:00+08:00,7.429999828338623,7.440000057220459,7.409999847412109,7.420000076293945,312200,0.0,0.0
2022-12-12 16:00:00+08:00,7.420000076293945,7.429999828338623,7.389999866485596,7.429999828338623,390600,0.0,0.0
2022-12-13 09:00:00+08:00,7.480000019073486,7.5,7.440000057220459,7.46999979019165,480900,0.0,0.0
2022-12-13 10:00:00+08:00,7.46999979019165,7.489999771118164,7.460000038146973,7.460000038146973,172800,0.0,0.0
2022-12-13 11:00:00+08:00,7.460000038146973,7.46999979019165,7.449999809265137,7.449999809265137,154700,0.0,0.0
2022-12-13 12:00:00+08:00,7.449999809265137,7.460000038146973,7.449999809265137,7.460000038146973,6300,0.0,0.0
2022-12-13 13:00:00+08:00,7.460000038146973,7.460000038146973,7.429999828338623,7.429999828338623,225800,0.0,0.0
2022-12-13 14:00:00+08:00,7.429999828338623,7.440000057220459,7.420000076293945,7.429999828338623,144300,0.0,0.0
2022-12-13 15:00:00+08:00,7.429999828338623,7.440000057220459,7.420000076293945,7.420000076293945,185200,0.0,0.0
2022-12-13 16:00:00+08:00,7.420000076293945,7.449999809265137,7.409999847412109,7.440000057220459,386600,0.0,0.0
2022-12-14 09:00:00+08:00,7.46999979019165,7.480000019073486,7.409999847412109,7.460000038146973,374900,0.0,0.0
2022-12-14 10:00:00+08:00,7.460000038146973,7.5,7.460000038146973,7.5,262300,0.0,0.0
2022-12-14 11:00:00+08:00,7.5,7.53000020980835,7.489999771118164,7.519999980926514,462500,0.0,0.0
2022-12-14 12:00:00+08:00,7.519999980926514,7.519999980926514,7.519999980926514,7.519999980926514,16100,0.0,0.0
2022-12-14 13:00:00+08:00,7.519999980926514,7.570000171661377,7.519999980926514,7.559999942779541,411200,0.0,0.0
2022-12-14 14:00:00+08:00,7.559999942779541,7.579999923706055,7.510000228881836,7.519999980926514,265900,0.0,0.0
2022-12-14 15:00:00+08:00,7.519999980926514,7.539999961853027,7.5,7.5,318500,0.0,0.0
2022-12-14 16:00:00+08:00,7.5,7.5,7.460000038146973,7.480000019073486,455200,0.0,0.0
2022-12-15 09:00:00+08:00,7.489999771118164,7.5,7.440000057220459,7.449999809265137,322000,0.0,0.0
2022-12-15 10:00:00+08:00,7.449999809265137,7.46999979019165,7.440000057220459,7.460000038146973,112300,0.0,0.0
2022-12-15 11:00:00+08:00,7.460000038146973,7.489999771118164,7.460000038146973,7.46999979019165,113700,0.0,0.0
2022-12-15 12:00:00+08:00,7.46999979019165,7.46999979019165,7.46999979019165,7.46999979019165,3900,0.0,0.0
2022-12-15 13:00:00+08:00,7.46999979019165,7.489999771118164,7.449999809265137,7.480000019073486,225500,0.0,0.0
2022-12-15 14:00:00+08:00,7.480000019073486,7.489999771118164,7.46999979019165,7.46999979019165,175300,0.0,0.0
2022-12-15 15:00:00+08:00,7.46999979019165,7.480000019073486,7.449999809265137,7.460000038146973,207200,0.0,0.0
2022-12-15 16:00:00+08:00,7.460000038146973,7.46999979019165,7.420000076293945,7.449999809265137,535100,0.0,0.0
2022-12-16 09:00:00+08:00,7.389999866485596,7.409999847412109,7.340000152587891,7.349999904632568,992900,0.0,0.0
2022-12-16 10:00:00+08:00,7.349999904632568,7.360000133514404,7.309999942779541,7.340000152587891,763100,0.0,0.0
2022-12-16 11:00:00+08:00,7.340000152587891,7.340000152587891,7.309999942779541,7.320000171661377,458200,0.0,0.0
2022-12-16 12:00:00+08:00,7.320000171661377,7.329999923706055,7.320000171661377,7.329999923706055,7100,0.0,0.0
2022-12-16 13:00:00+08:00,7.329999923706055,7.329999923706055,7.309999942779541,7.320000171661377,293700,0.0,0.0
2022-12-16 14:00:00+08:00,7.320000171661377,7.340000152587891,7.309999942779541,7.329999923706055,382900,0.0,0.0
2022-12-16 15:00:00+08:00,7.329999923706055,7.349999904632568,7.320000171661377,7.349999904632568,318100,0.0,0.0
2022-12-16 16:00:00+08:00,7.349999904632568,7.349999904632568,7.320000171661377,7.329999923706055,727400,0.0,0.0
2022-12-19 09:00:00+08:00,7.320000171661377,7.400000095367432,7.309999942779541,7.360000133514404,654000,0.0,0.0
2022-12-19 10:00:00+08:00,7.360000133514404,7.360000133514404,7.340000152587891,7.349999904632568,173300,0.0,0.0
2022-12-19 11:00:00+08:00,7.349999904632568,7.349999904632568,7.320000171661377,7.349999904632568,173500,0.0,0.0
2022-12-19 12:00:00+08:00,7.349999904632568,7.349999904632568,7.340000152587891,7.340000152587891,7400,0.0,0.0
2022-12-19 13:00:00+08:00,7.340000152587891,7.360000133514404,7.320000171661377,7.349999904632568,358800,0.0,0.0
2022-12-19 14:00:00+08:00,7.349999904632568,7.349999904632568,7.320000171661377,7.320000171661377,205900,0.0,0.0
2022-12-19 15:00:00+08:00,7.320000171661377,7.340000152587891,7.320000171661377,7.329999923706055,153500,0.0,0.0
2022-12-19 16:00:00+08:00,7.329999923706055,7.329999923706055,7.309999942779541,7.309999942779541,329200,0.0,0.0
2022-12-20 09:00:00+08:00,7.320000171661377,7.349999904632568,7.269999980926514,7.28000020980835,668600,0.0,0.0
2022-12-20 10:00:00+08:00,7.28000020980835,7.289999961853027,7.25,7.25,308800,0.0,0.0
2022-12-20 11:00:00+08:00,7.25,7.260000228881836,7.199999809265137,7.21999979019165,602000,0.0,0.0
2022-12-20 12:00:00+08:00,7.21999979019165,7.21999979019165,7.21999979019165,7.21999979019165,33800,0.0,0.0
2022-12-20 13:00:00+08:00,7.21999979019165,7.239999771118164,7.21999979019165,7.239999771118164,229800,0.0,0.0
2022-12-20 14:00:00+08:00,7.239999771118164,7.25,7.230000019073486,7.239999771118164,106600,0.0,0.0
2022-12-20 15:00:00+08:00,7.239999771118164,7.25,7.21999979019165,7.239999771118164,272700,0.0,0.0
2022-12-20 16:00:00+08:00,7.239999771118164,7.239999771118164,7.21999979019165,7.21999979019165,330400,0.0,0.0
2022-12-21 09:00:00+08:00,7.230000019073486,7.269999980926514,7.21999979019165,7.25,502900,0.0,0.0
2022-12-21 10:00:00+08:00,7.25,7.269999980926514,7.21999979019165,7.239999771118164,241100,0.0,0.0
2022-12-21 11:00:00+08:00,7.239999771118164,7.28000020980835,7.239999771118164,7.260000228881836,258900,0.0,0.0
2022-12-21 12:00:00+08:00,7.260000228881836,7.269999980926514,7.260000228881836,7.269999980926514,6600,0.0,0.0
2022-12-21 13:00:00+08:00,7.269999980926514,7.28000020980835,7.25,7.269999980926514,151000,0.0,0.0
2022-12-21 14:00:00+08:00,7.269999980926514,7.269999980926514,7.25,7.25,83000,0.0,0.0
2022-12-21 15:00:00+08:00,7.25,7.289999961853027,7.25,7.269999980926514,283200,0.0,0.0
2022-12-21 16:00:00+08:00,7.269999980926514,7.300000190734863,7.269999980926514,7.289999961853027,404500,0.0,0.0
2022-12-22 09:00:00+08:00,7.369999885559082,7.389999866485596,7.340000152587891,7.369999885559082,474800,0.0,0.0
2022-12-22 10:00:00+08:00,7.369999885559082,7.400000095367432,7.369999885559082,7.389999866485596,297400,0.0,0.0
2022-12-22 11:00:00+08:00,7.389999866485596,7.440000057220459,7.389999866485596,7.429999828338623,467700,0.0,0.0
2022-12-22 12:00:00+08:00,7.429999828338623,7.429999828338623,7.420000076293945,7.420000076293945,21700,0.0,0.0
2022-12-22 13:00:00+08:00,7.420000076293945,7.429999828338623,7.409999847412109,7.420000076293945,104200,0.0,0.0
2022-12-22 14:00:00+08:00,7.420000076293945,7.429999828338623,7.389999866485596,7.389999866485596,212600,0.0,0.0
2022-12-22 15:00:00+08:00,7.389999866485596,7.420000076293945,7.380000114440918,7.409999847412109,89400,0.0,0.0
2022-12-22 16:00:00+08:00,7.409999847412109,7.420000076293945,7.380000114440918,7.400000095367432,319300,0.0,0.0
2022-12-23 09:00:00+08:00,7.360000133514404,7.369999885559082,7.329999923706055,7.360000133514404,235800,0.0,0.0
2022-12-23 10:00:00+08:00,7.360000133514404,7.369999885559082,7.349999904632568,7.349999904632568,76700,0.0,0.0
2022-12-23 11:00:00+08:00,7.349999904632568,7.360000133514404,7.340000152587891,7.340000152587891,110200,0.0,0.0
2022-12-23 12:00:00+08:00,7.340000152587891,7.349999904632568,7.340000152587891,7.349999904632568,600,0.0,0.0
2022-12-23 13:00:00+08:00,7.349999904632568,7.360000133514404,7.329999923706055,7.349999904632568,42500,0.0,0.0
2022-12-23 14:00:00+08:00,7.349999904632568,7.360000133514404,7.340000152587891,7.340000152587891,37500,0.0,0.0
2022-12-23 15:00:00+08:00,7.340000152587891,7.360000133514404,7.340000152587891,7.360000133514404,57700,0.0,0.0
2022-12-23 16:00:00+08:00,7.360000133514404,7.369999885559082,7.340000152587891,7.360000133514404,66300,0.0,0.0
2022-12-27 09:00:00+08:00,7.400000095367432,7.400000095367432,7.349999904632568,7.380000114440918,0,0.0,0.0
2022-12-27 10:00:00+08:00,7.380000114440918,7.380000114440918,7.340000152587891,7.360000133514404,401800,0.0,0.0
2022-12-27 11:00:00+08:00,7.360000133514404,7.360000133514404,7.340000152587891,7.349999904632568,64300,0.0,0.0
2022-12-27 12:00:00+08:00,7.349999904632568,7.349999904632568,7.349999904632568,7.349999904632568,3800,0.0,0.0
2022-12-27 13:00:00+08:00,7.349999904632568,7.349999904632568,7.340000152587891,7.349999904632568,76400,0.0,0.0
2022-12-27 14:00:00+08:00,7.349999904632568,7.349999904632568,7.329999923706055,7.340000152587891,161400,0.0,0.0
2022-12-27 15:00:00+08:00,7.340000152587891,7.349999904632568,7.329999923706055,7.349999904632568,79600,0.0,0.0
2022-12-27 16:00:00+08:00,7.349999904632568,7.349999904632568,7.329999923706055,7.340000152587891,225200,0.0,0.0
2022-12-28 09:00:00+08:00,7.309999942779541,7.340000152587891,7.289999961853027,7.300000190734863,297000,0.0,0.0
2022-12-28 10:00:00+08:00,7.300000190734863,7.309999942779541,7.289999961853027,7.300000190734863,119900,0.0,0.0
2022-12-28 11:00:00+08:00,7.300000190734863,7.309999942779541,7.289999961853027,7.300000190734863,117100,0.0,0.0
2022-12-28 12:00:00+08:00,7.300000190734863,7.309999942779541,7.300000190734863,7.309999942779541,13800,0.0,0.0
2022-12-28 13:00:00+08:00,7.309999942779541,7.309999942779541,7.289999961853027,7.289999961853027,93500,0.0,0.0
2022-12-28 14:00:00+08:00,7.289999961853027,7.300000190734863,7.289999961853027,7.289999961853027,237400,0.0,0.0
2022-12-28 15:00:00+08:00,7.289999961853027,7.289999961853027,7.269999980926514,7.269999980926514,185500,0.0,0.0
2022-12-28 16:00:00+08:00,7.269999980926514,7.300000190734863,7.260000228881836,7.300000190734863,396600,0.0,0.0
2022-12-29 09:00:00+08:00,7.309999942779541,7.349999904632568,7.28000020980835,7.300000190734863,391200,0.0,0.0
2022-12-29 10:00:00+08:00,7.300000190734863,7.320000171661377,7.300000190734863,7.309999942779541,99900,0.0,0.0
2022-12-29 11:00:00+08:00,7.309999942779541,7.309999942779541,7.269999980926514,7.269999980926514,105800,0.0,0.0
2022-12-29 12:00:00+08:00,7.269999980926514,7.269999980926514,7.269999980926514,7.269999980926514,19900,0.0,0.0
2022-12-29 13:00:00+08:00,7.28000020980835,7.309999942779541,7.28000020980835,7.289999961853027,91100,0.0,0.0
2022-12-29 14:00:00+08:00,7.289999961853027,7.300000190734863,7.28000020980835,7.28000020980835,56100,0.0,0.0
2022-12-29 15:00:00+08:00,7.28000020980835,7.289999961853027,7.28000020980835,7.289999961853027,67500,0.0,0.0
2022-12-29 16:00:00+08:00,7.289999961853027,7.300000190734863,7.28000020980835,7.289999961853027,128100,0.0,0.0
2022-12-30 09:00:00+08:00,7.340000152587891,7.349999904632568,7.300000190734863,7.300000190734863,165900,0.0,0.0
2022-12-30 10:00:00+08:00,7.300000190734863,7.320000171661377,7.300000190734863,7.309999942779541,76200,0.0,0.0
2022-12-30 11:00:00+08:00,7.309999942779541,7.309999942779541,7.269999980926514,7.300000190734863,247500,0.0,0.0
2022-12-30 12:00:00+08:00,7.300000190734863,7.300000190734863,7.300000190734863,7.300000190734863,21000,0.0,0.0
2022-12-30 13:00:00+08:00,7.300000190734863,7.300000190734863,7.289999961853027,7.300000190734863,54200,0.0,0.0
2022-12-30 14:00:00+08:00,7.300000190734863,7.300000190734863,7.28000020980835,7.28000020980835,55900,0.0,0.0
2022-12-30 15:00:00+08:00,7.28000020980835,7.289999961853027,7.269999980926514,7.269999980926514,221500,0.0,0.0
2022-12-30 16:00:00+08:00,7.269999980926514,7.28000020980835,7.260000228881836,7.260000228881836,232300,0.0,0.0
2023-01-03 09:00:00+08:00,7.260000228881836,7.269999980926514,7.179999828338623,7.239999771118164,659500,0.0,0.0
2023-01-03 10:00:00+08:00,7.239999771118164,7.269999980926514,7.239999771118164,7.260000228881836,187500,0.0,0.0
2023-01-03 11:00:00+08:00,7.260000228881836,7.28000020980835,7.25,7.25,220200,0.0,0.0
2023-01-03 12:00:00+08:00,7.25,7.260000228881836,7.25,7.260000228881836,19900,0.0,0.0
2023-01-03 13:00:00+08:00,7.260000228881836,7.28000020980835,7.25,7.28000020980835,153100,0.0,0.0
2023-01-03 14:00:00+08:00,7.28000020980835,7.289999961853027,7.269999980926514,7.269999980926514,109900,0.0,0.0
2023-01-03 15:00:00+08:00,7.269999980926514,7.300000190734863,7.269999980926514,7.289999961853027,123800,0.0,0.0
2023-01-03 16:00:00+08:00,7.289999961853027,7.289999961853027,7.25,7.269999980926514,162400,0.0,0.0
2023-01-04 09:00:00+08:00,7.269999980926514,7.28000020980835,7.239999771118164,7.25,164000,0.0,0.0
2023-01-04 10:00:00+08:00,7.25,7.260000228881836,7.21999979019165,7.230000019073486,132500,0.0,0.0
2023-01-04 11:00:00+08:00,7.230000019073486,7.25,7.230000019073486,7.239999771118164,76100,0.0,0.0
2023-01-04 12:00:00+08:00,7.239999771118164,7.239999771118164,7.239999771118164,7.239999771118164,2500,0.0,0.0
2023-01-04 13:00:00+08:00,7.239999771118164,7.25,7.210000038146973,7.210000038146973,190100,0.0,0.0
2023-01-04 14:00:00+08:00,7.210000038146973,7.230000019073486,7.210000038146973,7.21999979019165,67400,0.0,0.0
2023-01-04 15:00:00+08:00,7.21999979019165,7.230000019073486,7.210000038146973,7.21999979019165,160400,0.0,0.0
2023-01-04 16:00:00+08:00,7.21999979019165,7.230000019073486,7.210000038146973,7.21999979019165,237800,0.0,0.0
2023-01-05 09:00:00+08:00,7.260000228881836,7.300000190734863,7.239999771118164,7.300000190734863,387300,0.0,0.0
2023-01-05 10:00:00+08:00,7.300000190734863,7.320000171661377,7.289999961853027,7.300000190734863,295700,0.0,0.0
2023-01-05 11:00:00+08:00,7.300000190734863,7.340000152587891,7.300000190734863,7.340000152587891,223400,0.0,0.0
2023-01-05 12:00:00+08:00,7.340000152587891,7.340000152587891,7.340000152587891,7.340000152587891,15800,0.0,0.0
2023-01-05 13:00:00+08:00,7.340000152587891,7.349999904632568,7.309999942779541,7.309999942779541,131900,0.0,0.0
2023-01-05 14:00:00+08:00,7.309999942779541,7.320000171661377,7.300000190734863,7.309999942779541,78800,0.0,0.0
2023-01-05 15:00:00+08:00,7.309999942779541,7.320000171661377,7.300000190734863,7.309999942779541,124200,0.0,0.0
2023-01-05 16:00:00+08:00,7.309999942779541,7.320000171661377,7.289999961853027,7.320000171661377,103400,0.0,0.0
2023-01-06 09:00:00+08:00,7.309999942779541,7.329999923706055,7.269999980926514,7.269999980926514,380400,0.0,0.0
2023-01-06 10:00:00+08:00,7.269999980926514,7.289999961853027,7.260000228881836,7.269999980926514,337200,0.0,0.0
2023-01-06 11:00:00+08:00,7.269999980926514,7.289999961853027,7.239999771118164,7.260000228881836,333300,0.0,0.0
2023-01-06 12:00:00+08:00,7.260000228881836,7.260000228881836,7.260000228881836,7.260000228881836,1900,0.0,0.0
2023-01-06 13:00:00+08:00,7.260000228881836,7.260000228881836,7.230000019073486,7.25,353000,0.0,0.0
2023-01-06 14:00:00+08:00,7.25,7.260000228881836,7.230000019073486,7.239999771118164,176500,0.0,0.0
2023-01-06 15:00:00+08:00,7.239999771118164,7.25,7.230000019073486,7.239999771118164,208500,0.0,0.0
2023-01-06 16:00:00+08:00,7.239999771118164,7.260000228881836,7.239999771118164,7.260000228881836,121800,0.0,0.0
2023-01-09 09:00:00+08:00,7.309999942779541,7.389999866485596,7.309999942779541,7.349999904632568,754800,0.0,0.0
2023-01-09 10:00:00+08:00,7.349999904632568,7.349999904632568,7.289999961853027,7.300000190734863,319800,0.0,0.0
2023-01-09 11:00:00+08:00,7.300000190734863,7.309999942779541,7.28000020980835,7.28000020980835,186200,0.0,0.0
2023-01-09 12:00:00+08:00,7.309999942779541,7.309999942779541,7.289999961853027,7.289999961853027,31400,0.0,0.0
2023-01-09 13:00:00+08:00,7.289999961853027,7.289999961853027,7.269999980926514,7.28000020980835,186200,0.0,0.0
2023-01-09 14:00:00+08:00,7.28000020980835,7.300000190734863,7.28000020980835,7.289999961853027,78900,0.0,0.0
2023-01-09 15:00:00+08:00,7.289999961853027,7.300000190734863,7.289999961853027,7.289999961853027,26500,0.0,0.0
2023-01-09 16:00:00+08:00,7.289999961853027,7.320000171661377,7.28000020980835,7.289999961853027,126900,0.0,0.0
2023-01-10 09:00:00+08:00,7.309999942779541,7.340000152587891,7.28000020980835,7.300000190734863,390700,0.0,0.0
2023-01-10 10:00:00+08:00,7.300000190734863,7.300000190734863,7.260000228881836,7.28000020980835,187800,0.0,0.0
2023-01-10 11:00:00+08:00,7.28000020980835,7.28000020980835,7.25,7.25,194500,0.0,0.0
2023-01-10 12:00:00+08:00,7.260000228881836,7.260000228881836,7.260000228881836,7.260000228881836,15600,0.0,0.0
2023-01-10 13:00:00+08:00,7.260000228881836,7.260000228881836,7.21999979019165,7.25,455000,0.0,0.0
2023-01-10 14:00:00+08:00,7.25,7.25,7.239999771118164,7.239999771118164,70100,0.0,0.0
2023-01-10 15:00:00+08:00,7.239999771118164,7.25,7.230000019073486,7.239999771118164,192300,0.0,0.0
2023-01-10 16:00:00+08:00,7.239999771118164,7.269999980926514,7.230000019073486,7.269999980926514,222300,0.0,0.0
2023-01-11 09:00:00+08:00,7.28000020980835,7.289999961853027,7.230000019073486,7.28000020980835,345400,0.0,0.0
2023-01-11 10:00:00+08:00,7.28000020980835,7.28000020980835,7.260000228881836,7.269999980926514,123200,0.0,0.0
2023-01-11 11:00:00+08:00,7.269999980926514,7.28000020980835,7.269999980926514,7.269999980926514,49500,0.0,0.0
2023-01-11 12:00:00+08:00,7.260000228881836,7.269999980926514,7.260000228881836,7.269999980926514,57000,0.0,0.0
2023-01-11 13:00:00+08:00,7.269999980926514,7.269999980926514,7.25,7.269999980926514,122000,0.0,0.0
2023-01-11 14:00:00+08:00,7.269999980926514,7.28000020980835,7.260000228881836,7.269999980926514,213700,0.0,0.0
2023-01-11 15:00:00+08:00,7.269999980926514,7.269999980926514,7.25,7.260000228881836,123800,0.0,0.0
2023-01-11 16:00:00+08:00,7.260000228881836,7.28000020980835,7.25,7.260000228881836,192500,0.0,0.0
2023-01-12 09:00:00+08:00,7.300000190734863,7.309999942779541,7.210000038146973,7.21999979019165,759600,0.0,0.0
2023-01-12 10:00:00+08:00,7.21999979019165,7.230000019073486,7.199999809265137,7.210000038146973,349800,0.0,0.0
2023-01-12 11:00:00+08:00,7.210000038146973,7.210000038146973,7.170000076293945,7.179999828338623,944500,0.0,0.0
2023-01-12 12:00:00+08:00,7.179999828338623,7.179999828338623,7.179999828338623,7.179999828338623,26000,0.0,0.0
2023-01-12 13:00:00+08:00,7.179999828338623,7.190000057220459,7.130000114440918,7.150000095367432,676800,0.0,0.0
2023-01-12 14:00:00+08:00,7.150000095367432,7.159999847412109,7.119999885559082,7.130000114440918,452100,0.0,0.0
2023-01-12 15:00:00+08:00,7.130000114440918,7.150000095367432,7.130000114440918,7.130000114440918,367700,0.0,0.0
2023-01-12 16:00:00+08:00,7.130000114440918,7.150000095367432,7.130000114440918,7.150000095367432,612400,0.0,0.0
2023-01-13 09:00:00+08:00,7.210000038146973,7.230000019073486,7.179999828338623,7.199999809265137,624800,0.0,0.0
2023-01-13 10:00:00+08:00,7.199999809265137,7.210000038146973,7.179999828338623,7.199999809265137,200600,0.0,0.0
2023-01-13 11:00:00+08:00,7.199999809265137,7.199999809265137,7.179999828338623,7.199999809265137,112700,0.0,0.0
2023-01-13 12:00:00+08:00,7.199999809265137,7.199999809265137,7.199999809265137,7.199999809265137,23600,0.0,0.0
2023-01-13 13:00:00+08:00,7.199999809265137,7.21999979019165,7.179999828338623,7.21999979019165,201300,0.0,0.0
2023-01-13 14:00:00+08:00,7.21999979019165,7.21999979019165,7.199999809265137,7.210000038146973,185600,0.0,0.0
2023-01-13 15:00:00+08:00,7.210000038146973,7.230000019073486,7.199999809265137,7.210000038146973,282500,0.0,0.0
2023-01-13 16:00:00+08:00,7.210000038146973,7.239999771118164,7.210000038146973,7.239999771118164,688800,0.0,0.0
2023-01-16 09:00:00+08:00,7.239999771118164,7.25,7.210000038146973,7.21999979019165,359900,0.0,0.0
2023-01-16 10:00:00+08:00,7.21999979019165,7.230000019073486,7.190000057220459,7.190000057220459,518800,0.0,0.0
2023-01-16 11:00:00+08:00,7.190000057220459,7.190000057220459,7.159999847412109,7.170000076293945,469400,0.0,0.0
2023-01-16 12:00:00+08:00,7.170000076293945,7.170000076293945,7.159999847412109,7.159999847412109,10100,0.0,0.0
2023-01-16 13:00:00+08:00,7.159999847412109,7.170000076293945,7.130000114440918,7.139999866485596,543800,0.0,0.0
2023-01-16 14:00:00+08:00,7.139999866485596,7.150000095367432,7.119999885559082,7.139999866485596,515700,0.0,0.0
2023-01-16 15:00:00+08:00,7.139999866485596,7.150000095367432,7.110000133514404,7.110000133514404,653400,0.0,0.0
2023-01-16 16:00:00+08:00,7.110000133514404,7.159999847412109,7.110000133514404,7.150000095367432,725300,0.0,0.0
2023-01-17 09:00:00+08:00,7.159999847412109,7.190000057220459,7.150000095367432,7.159999847412109,464700,0.0,0.0
2023-01-17 10:00:00+08:00,7.159999847412109,7.170000076293945,7.130000114440918,7.159999847412109,181700,0.0,0.0
2023-01-17 11:00:00+08:00,7.159999847412109,7.190000057220459,7.159999847412109,7.179999828338623,172400,0.0,0.0
2023-01-17 12:00:00+08:00,7.179999828338623,7.179999828338623,7.170000076293945,7.170000076293945,18300,0.0,0.0
2023-01-17 13:00:00+08:00,7.170000076293945,7.179999828338623,7.159999847412109,7.159999847412109,86600,0.0,0.0
2023-01-17 14:00:00+08:00,7.159999847412109,7.199999809265137,7.159999847412109,7.179999828338623,271900,0.0,0.0
2023-01-17 15:00:00+08:00,7.179999828338623,7.190000057220459,7.159999847412109,7.170000076293945,152300,0.0,0.0
2023-01-17 16:00:00+08:00,7.170000076293945,7.179999828338623,7.150000095367432,7.170000076293945,343300,0.0,0.0
2023-01-18 09:00:00+08:00,7.179999828338623,7.210000038146973,7.159999847412109,7.170000076293945,432500,0.0,0.0
2023-01-18 10:00:00+08:00,7.170000076293945,7.21999979019165,7.159999847412109,7.199999809265137,327100,0.0,0.0
2023-01-18 11:00:00+08:00,7.199999809265137,7.239999771118164,7.199999809265137,7.21999979019165,202500,0.0,0.0
2023-01-18 12:00:00+08:00,7.239999771118164,7.239999771118164,7.239999771118164,7.239999771118164,42500,0.0,0.0
2023-01-18 13:00:00+08:00,7.239999771118164,7.25,7.230000019073486,7.230000019073486,305500,0.0,0.0
2023-01-18 14:00:00+08:00,7.230000019073486,7.239999771118164,7.230000019073486,7.239999771118164,161200,0.0,0.0
2023-01-18 15:00:00+08:00,7.239999771118164,7.239999771118164,7.21999979019165,7.21999979019165,277600,0.0,0.0
2023-01-18 16:00:00+08:00,7.21999979019165,7.230000019073486,7.199999809265137,7.21999979019165,346100,0.0,0.0
2023-01-19 09:00:00+08:00,7.210000038146973,7.320000171661377,7.210000038146973,7.320000171661377,946200,0.0,0.0
2023-01-19 10:00:00+08:00,7.289999961853027,7.340000152587891,7.289999961853027,7.309999942779541,406300,0.0,0.0
2023-01-19 11:00:00+08:00,7.309999942779541,7.320000171661377,7.300000190734863,7.309999942779541,192100,0.0,0.0
2023-01-19 12:00:00+08:00,7.320000171661377,7.320000171661377,7.320000171661377,7.320000171661377,25700,0.0,0.0
2023-01-19 13:00:00+08:00,7.320000171661377,7.329999923706055,7.309999942779541,7.320000171661377,190400,0.0,0.0
2023-01-19 14:00:00+08:00,7.320000171661377,7.320000171661377,7.309999942779541,7.320000171661377,240200,0.0,0.0
2023-01-19 15:00:00+08:00,7.320000171661377,7.340000152587891,7.300000190734863,7.300000190734863,807800,0.0,0.0
2023-01-19 16:00:00+08:00,7.300000190734863,7.320000171661377,7.300000190734863,7.309999942779541,352400,0.0,0.0
2023-01-20 09:00:00+08:00,7.329999923706055,7.360000133514404,7.289999961853027,7.320000171661377,482800,0.0,0.0
2023-01-20 10:00:00+08:00,7.320000171661377,7.340000152587891,7.300000190734863,7.320000171661377,202000,0.0,0.0
2023-01-20 11:00:00+08:00,7.320000171661377,7.380000114440918,7.320000171661377,7.360000133514404,571500,0.0,0.0
2023-01-20 12:00:00+08:00,7.369999885559082,7.369999885559082,7.360000133514404,7.360000133514404,20100,0.0,0.0
2023-01-20 13:00:00+08:00,7.360000133514404,7.369999885559082,7.349999904632568,7.360000133514404,127800,0.0,0.0
2023-01-20 14:00:00+08:00,7.360000133514404,7.369999885559082,7.349999904632568,7.360000133514404,119000,0.0,0.0
2023-01-20 15:00:00+08:00,7.360000133514404,7.369999885559082,7.340000152587891,7.360000133514404,178000,0.0,0.0
2023-01-20 16:00:00+08:00,7.360000133514404,7.369999885559082,7.340000152587891,7.360000133514404,256600,0.0,0.0
2023-01-25 09:00:00+08:00,7.420000076293945,7.53000020980835,7.420000076293945,7.449999809265137,1485800,0.0,0.0
2023-01-25 10:00:00+08:00,7.449999809265137,7.46999979019165,7.429999828338623,7.429999828338623,534400,0.0,0.0
2023-01-25 11:00:00+08:00,7.429999828338623,7.46999979019165,7.429999828338623,7.46999979019165,391200,0.0,0.0
2023-01-25 12:00:00+08:00,7.489999771118164,7.489999771118164,7.489999771118164,7.489999771118164,59800,0.0,0.0
2023-01-25 13:00:00+08:00,7.489999771118164,7.489999771118164,7.460000038146973,7.46999979019165,414700,0.0,0.0
2023-01-25 14:00:00+08:00,7.46999979019165,7.480000019073486,7.449999809265137,7.449999809265137,211400,0.0,0.0
2023-01-25 15:00:00+08:00,7.449999809265137,7.480000019073486,7.449999809265137,7.46999979019165,270600,0.0,0.0
2023-01-25 16:00:00+08:00,7.46999979019165,7.480000019073486,7.440000057220459,7.46999979019165,400900,0.0,0.0
2023-01-26 09:00:00+08:00,7.46999979019165,7.53000020980835,7.449999809265137,7.489999771118164,813300,0.0,0.0
2023-01-26 10:00:00+08:00,7.489999771118164,7.489999771118164,7.46999979019165,7.480000019073486,144800,0.0,0.0
2023-01-26 11:00:00+08:00,7.480000019073486,7.489999771118164,7.440000057220459,7.460000038146973,238700,0.0,0.0
2023-01-26 12:00:00+08:00,7.480000019073486,7.480000019073486,7.460000038146973,7.460000038146973,36100,0.0,0.0
2023-01-26 13:00:00+08:00,7.460000038146973,7.5,7.460000038146973,7.5,184200,0.0,0.0
2023-01-26 14:00:00+08:00,7.5,7.510000228881836,7.489999771118164,7.489999771118164,423700,0.0,0.0
2023-01-26 15:00:00+08:00,7.489999771118164,7.510000228881836,7.489999771118164,7.5,226400,0.0,0.0
2023-01-26 16:00:00+08:00,7.5,7.519999980926514,7.489999771118164,7.519999980926514,357900,0.0,0.0
2023-01-27 09:00:00+08:00,7.539999961853027,7.550000190734863,7.519999980926514,7.550000190734863,873500,0.0,0.0
2023-01-27 10:00:00+08:00,7.550000190734863,7.550000190734863,7.53000020980835,7.539999961853027,324800,0.0,0.0
2023-01-27 11:00:00+08:00,7.539999961853027,7.550000190734863,7.53000020980835,7.550000190734863,186500,0.0,0.0
2023-01-27 12:00:00+08:00,7.550000190734863,7.550000190734863,7.539999961853027,7.539999961853027,37200,0.0,0.0
2023-01-27 13:00:00+08:00,7.539999961853027,7.550000190734863,7.53000020980835,7.550000190734863,122600,0.0,0.0
2023-01-27 14:00:00+08:00,7.550000190734863,7.559999942779541,7.539999961853027,7.539999961853027,216500,0.0,0.0
2023-01-27 15:00:00+08:00,7.539999961853027,7.550000190734863,7.539999961853027,7.550000190734863,94100,0.0,0.0
2023-01-27 16:00:00+08:00,7.550000190734863,7.559999942779541,7.539999961853027,7.550000190734863,329600,0.0,0.0
2023-01-30 09:00:00+08:00,7.579999923706055,7.619999885559082,7.510000228881836,7.559999942779541,662800,0.0,0.0
2023-01-30 10:00:00+08:00,7.559999942779541,7.570000171661377,7.550000190734863,7.570000171661377,137700,0.0,0.0
2023-01-30 11:00:00+08:00,7.570000171661377,7.570000171661377,7.550000190734863,7.559999942779541,97300,0.0,0.0
2023-01-30 12:00:00+08:00,7.559999942779541,7.559999942779541,7.559999942779541,7.559999942779541,31400,0.0,0.0
2023-01-30 13:00:00+08:00,7.559999942779541,7.570000171661377,7.550000190734863,7.559999942779541,167500,0.0,0.0
2023-01-30 14:00:00+08:00,7.559999942779541,7.570000171661377,7.550000190734863,7.559999942779541,92800,0.0,0.0
2023-01-30 15:00:00+08:00,7.559999942779541,7.570000171661377,7.539999961853027,7.539999961853027,208600,0.0,0.0
2023-01-30 16:00:00+08:00,7.539999961853027,7.550000190734863,7.53000020980835,7.550000190734863,310700,0.0,0.0
2023-01-31 09:00:00+08:00,7.539999961853027,7.579999923706055,7.539999961853027,7.579999923706055,354200,0.0,0.0
2023-01-31 10:00:00+08:00,7.579999923706055,7.590000152587891,7.570000171661377,7.579999923706055,292500,0.0,0.0
2023-01-31 11:00:00+08:00,7.579999923706055,7.590000152587891,7.559999942779541,7.559999942779541,172300,0.0,0.0
2023-01-31 12:00:00+08:00,7.550000190734863,7.550000190734863,7.550000190734863,7.550000190734863,23200,0.0,0.0
2023-01-31 13:00:00+08:00,7.550000190734863,7.550000190734863,7.5,7.5,232100,0.0,0.0
2023-01-31 14:00:00+08:00,7.5,7.519999980926514,7.489999771118164,7.489999771118164,305300,0.0,0.0
2023-01-31 15:00:00+08:00,7.489999771118164,7.539999961853027,7.480000019073486,7.539999961853027,0,0.0,0.0
2023-01-31 16:00:00+08:00,7.539999961853027,7.539999961853027,7.519999980926514,7.539999961853027,2069600,0.0,0.0
2023-02-01 09:00:00+08:00,7.599999904632568,7.650000095367432,7.590000152587891,7.610000133514404,605100,0.0,0.0
2023-02-01 10:00:00+08:00,7.610000133514404,7.619999885559082,7.590000152587891,7.599999904632568,277800,0.0,0.0
2023-02-01 11:00:00+08:00,7.599999904632568,7.610000133514404,7.579999923706055,7.590000152587891,211000,0.0,0.0
2023-02-01 12:00:00+08:00,7.590000152587891,7.590000152587891,7.590000152587891,7.590000152587891,21700,0.0,0.0
2023-02-01 13:00:00+08:00,7.590000152587891,7.610000133514404,7.590000152587891,7.590000152587891,125800,0.0,0.0
2023-02-01 14:00:00+08:00,7.590000152587891,7.619999885559082,7.590000152587891,7.610000133514404,167000,0.0,0.0
2023-02-01 15:00:00+08:00,7.610000133514404,7.619999885559082,7.599999904632568,7.610000133514404,121300,0.0,0.0
2023-02-01 16:00:00+08:00,7.610000133514404,7.630000114440918,7.610000133514404,7.619999885559082,358800,0.0,0.0
2023-02-02 09:00:00+08:00,7.639999866485596,7.650000095367432,7.550000190734863,7.579999923706055,567800,0.0,0.0
2023-02-02 10:00:00+08:00,7.579999923706055,7.610000133514404,7.579999923706055,7.599999904632568,126000,0.0,0.0
2023-02-02 11:00:00+08:00,7.599999904632568,7.619999885559082,7.579999923706055,7.599999904632568,145400,0.0,0.0
2023-02-02 12:00:00+08:00,7.610000133514404,7.610000133514404,7.610000133514404,7.610000133514404,6700,0.0,0.0
2023-02-02 13:00:00+08:00,7.610000133514404,7.619999885559082,7.599999904632568,7.610000133514404,60200,0.0,0.0
2023-02-02 14:00:00+08:00,7.610000133514404,7.619999885559082,7.599999904632568,7.610000133514404,152600,0.0,0.0
2023-02-02 15:00:00+08:00,7.610000133514404,7.630000114440918,7.599999904632568,7.619999885559082,106900,0.0,0.0
2023-02-02 16:00:00+08:00,7.619999885559082,7.650000095367432,7.610000133514404,7.650000095367432,258300,0.0,0.0
2023-02-03 09:00:00+08:00,7.449999809265137,7.489999771118164,7.309999942779541,7.340000152587891,3450500,0.0,0.0
2023-02-03 10:00:00+08:00,7.340000152587891,7.369999885559082,7.25,7.269999980926514,2256200,0.0,0.0
2023-02-03 11:00:00+08:00,7.269999980926514,7.309999942779541,7.230000019073486,7.309999942779541,1332000,0.0,0.0
2023-02-03 12:00:00+08:00,7.309999942779541,7.320000171661377,7.309999942779541,7.320000171661377,50800,0.0,0.0
2023-02-03 13:00:00+08:00,7.320000171661377,7.320000171661377,7.260000228881836,7.269999980926514,1138300,0.0,0.0
2023-02-03 14:00:00+08:00,7.269999980926514,7.28000020980835,7.25,7.28000020980835,917700,0.0,0.0
2023-02-03 15:00:00+08:00,7.28000020980835,7.28000020980835,7.25,7.269999980926514,1020500,0.0,0.0
2023-02-03 16:00:00+08:00,7.269999980926514,7.28000020980835,7.25,7.260000228881836,1295000,0.0,0.0
2023-02-06 09:00:00+08:00,7.21999979019165,7.230000019073486,7.170000076293945,7.199999809265137,1304600,0.0,0.0
2023-02-06 10:00:00+08:00,7.199999809265137,7.230000019073486,7.190000057220459,7.210000038146973,578400,0.0,0.0
2023-02-06 11:00:00+08:00,7.210000038146973,7.210000038146973,7.190000057220459,7.190000057220459,433400,0.0,0.0
2023-02-06 12:00:00+08:00,7.190000057220459,7.190000057220459,7.190000057220459,7.190000057220459,87700,0.0,0.0
2023-02-06 13:00:00+08:00,7.190000057220459,7.199999809265137,7.179999828338623,7.190000057220459,414400,0.0,0.0
2023-02-06 14:00:00+08:00,7.190000057220459,7.199999809265137,7.179999828338623,7.179999828338623,465200,0.0,0.0
2023-02-06 15:00:00+08:00,7.179999828338623,7.190000057220459,7.179999828338623,7.179999828338623,352100,0.0,0.0
2023-02-06 16:00:00+08:00,7.179999828338623,7.190000057220459,7.179999828338623,7.179999828338623,808900,0.0,0.0
2023-02-07 09:00:00+08:00,7.210000038146973,7.230000019073486,7.079999923706055,7.110000133514404,3108700,0.0,0.0
2023-02-07 10:00:00+08:00,7.110000133514404,7.110000133514404,7.090000152587891,7.110000133514404,716400,0.0,0.0
2023-02-07 11:00:00+08:00,7.110000133514404,7.110000133514404,7.079999923706055,7.090000152587891,679300,0.0,0.0
2023-02-07 12:00:00+08:00,7.099999904632568,7.099999904632568,7.090000152587891,7.090000152587891,24200,0.0,0.0
2023-02-07 13:00:00+08:00,7.090000152587891,7.110000133514404,7.090000152587891,7.110000133514404,418500,0.0,0.0
2023-02-07 14:00:00+08:00,7.110000133514404,7.110000133514404,7.090000152587891,7.110000133514404,455700,0.0,0.0
2023-02-07 15:00:00+08:00,7.110000133514404,7.110000133514404,7.090000152587891,7.099999904632568,368100,0.0,0.0
2023-02-07 16:00:00+08:00,7.099999904632568,7.119999885559082,7.079999923706055,7.110000133514404,1206400,0.0,0.0
2023-02-08 09:00:00+08:00,7.130000114440918,7.130000114440918,7.110000133514404,7.119999885559082,611800,0.0,0.0
2023-02-08 10:00:00+08:00,7.119999885559082,7.159999847412109,7.119999885559082,7.139999866485596,594400,0.0,0.0
2023-02-08 11:00:00+08:00,7.139999866485596,7.150000095367432,7.119999885559082,7.119999885559082,282100,0.0,0.0
2023-02-08 12:00:00+08:00,7.119999885559082,7.119999885559082,7.119999885559082,7.119999885559082,53300,0.0,0.0
2023-02-08 13:00:00+08:00,7.119999885559082,7.130000114440918,7.110000133514404,7.110000133514404,213800,0.0,0.0
2023-02-08 14:00:00+08:00,7.110000133514404,7.119999885559082,7.090000152587891,7.090000152587891,536200,0.0,0.0
2023-02-08 15:00:00+08:00,7.090000152587891,7.099999904632568,7.079999923706055,7.090000152587891,774100,0.0,0.0
2023-02-08 16:00:00+08:00,7.090000152587891,7.099999904632568,7.079999923706055,7.079999923706055,374100,0.0,0.0
2023-02-09 09:00:00+08:00,7.090000152587891,7.119999885559082,7.059999942779541,7.119999885559082,903000,0.0,0.0
2023-02-09 10:00:00+08:00,7.119999885559082,7.119999885559082,7.079999923706055,7.090000152587891,467100,0.0,0.0
2023-02-09 11:00:00+08:00,7.090000152587891,7.099999904632568,7.079999923706055,7.079999923706055,246500,0.0,0.0
2023-02-09 12:00:00+08:00,7.090000152587891,7.090000152587891,7.079999923706055,7.079999923706055,22600,0.0,0.0
2023-02-09 13:00:00+08:00,7.079999923706055,7.090000152587891,7.079999923706055,7.079999923706055,133900,0.0,0.0
2023-02-09 14:00:00+08:00,7.079999923706055,7.099999904632568,7.079999923706055,7.079999923706055,426100,0.0,0.0
2023-02-09 15:00:00+08:00,7.079999923706055,7.090000152587891,7.079999923706055,7.079999923706055,346500,0.0,0.0
2023-02-09 16:00:00+08:00,7.079999923706055,7.099999904632568,7.079999923706055,7.079999923706055,424700,0.0,0.0
2023-02-10 09:00:00+08:00,7.070000171661377,7.079999923706055,7.039999961853027,7.059999942779541,802100,0.0,0.0
2023-02-10 10:00:00+08:00,7.059999942779541,7.070000171661377,7.050000190734863,7.059999942779541,284100,0.0,0.0
2023-02-10 11:00:00+08:00,7.059999942779541,7.070000171661377,7.050000190734863,7.070000171661377,284400,0.0,0.0
2023-02-10 12:00:00+08:00,7.070000171661377,7.070000171661377,7.070000171661377,7.070000171661377,30000,0.0,0.0
2023-02-10 13:00:00+08:00,7.059999942779541,7.090000152587891,7.059999942779541,7.090000152587891,247000,0.0,0.0
2023-02-10 14:00:00+08:00,7.090000152587891,7.090000152587891,7.070000171661377,7.079999923706055,150000,0.0,0.0
2023-02-10 15:00:00+08:00,7.079999923706055,7.099999904632568,7.079999923706055,7.099999904632568,338800,0.0,0.0
2023-02-10 16:00:00+08:00,7.099999904632568,7.139999866485596,7.090000152587891,7.099999904632568,789000,0.0,0.0
2023-02-13 09:00:00+08:00,7.119999885559082,7.139999866485596,7.079999923706055,7.090000152587891,669800,0.0,0.0
2023-02-13 10:00:00+08:00,7.090000152587891,7.090000152587891,7.070000171661377,7.079999923706055,254400,0.0,0.0
2023-02-13 11:00:00+08:00,7.079999923706055,7.079999923706055,7.059999942779541,7.059999942779541,371400,0.0,0.0
2023-02-13 12:00:00+08:00,7.059999942779541,7.059999942779541,7.059999942779541,7.059999942779541,56900,0.0,0.0
2023-02-13 13:00:00+08:00,7.059999942779541,7.070000171661377,7.050000190734863,7.050000190734863,305400,0.0,0.0
2023-02-13 14:00:00+08:00,7.050000190734863,7.059999942779541,7.050000190734863,7.050000190734863,88500,0.0,0.0
2023-02-13 15:00:00+08:00,7.050000190734863,7.059999942779541,7.050000190734863,7.050000190734863,292200,0.0,0.0
2023-02-13 16:00:00+08:00,7.050000190734863,7.079999923706055,7.050000190734863,7.059999942779541,515700,0.0,0.0
2023-02-14 09:00:00+08:00,7.090000152587891,7.090000152587891,7.059999942779541,7.070000171661377,307500,0.0,0.0
2023-02-14 10:00:00+08:00,7.070000171661377,7.079999923706055,7.059999942779541,7.070000171661377,173200,0.0,0.0
2023-02-14 11:00:00+08:00,7.070000171661377,7.079999923706055,7.059999942779541,7.059999942779541,129500,0.0,0.0
2023-02-14 12:00:00+08:00,7.059999942779541,7.059999942779541,7.059999942779541,7.059999942779541,10900,0.0,0.0
2023-02-14 13:00:00+08:00,7.059999942779541,7.079999923706055,7.059999942779541,7.070000171661377,142800,0.0,0.0
2023-02-14 14:00:00+08:00,7.070000171661377,7.090000152587891,7.070000171661377,7.070000171661377,411800,0.0,0.0
2023-02-14 15:00:00+08:00,7.070000171661377,7.090000152587891,7.070000171661377,7.090000152587891,222700,0.0,0.0
2023-02-14 16:00:00+08:00,7.090000152587891,7.090000152587891,7.070000171661377,7.070000171661377,270000,0.0,0.0
2023-02-15 09:00:00+08:00,7.079999923706055,7.079999923706055,7.039999961853027,7.039999961853027,509400,0.0,0.0
2023-02-15 10:00:00+08:00,7.039999961853027,7.039999961853027,7.010000228881836,7.019999980926514,969700,0.0,0.0
2023-02-15 11:00:00+08:00,7.019999980926514,7.079999923706055,7.019999980926514,7.079999923706055,330000,0.0,0.0
2023-02-15 12:00:00+08:00,7.079999923706055,7.079999923706055,7.079999923706055,7.079999923706055,15800,0.0,0.0
2023-02-15 13:00:00+08:00,7.079999923706055,7.079999923706055,7.059999942779541,7.070000171661377,293800,0.0,0.0
2023-02-15 14:00:00+08:00,7.070000171661377,7.070000171661377,7.059999942779541,7.059999942779541,142400,0.0,0.0
2023-02-15 15:00:00+08:00,7.059999942779541,7.070000171661377,7.050000190734863,7.059999942779541,346700,0.0,0.0
2023-02-15 16:00:00+08:00,7.059999942779541,7.119999885559082,7.059999942779541,7.099999904632568,715400,0.0,0.0
2023-02-16 09:00:00+08:00,7.119999885559082,7.139999866485596,7.090000152587891,7.139999866485596,589800,0.0,0.0
2023-02-16 10:00:00+08:00,7.139999866485596,7.139999866485596,7.119999885559082,7.139999866485596,153900,0.0,0.0
2023-02-16 11:00:00+08:00,7.139999866485596,7.170000076293945,7.130000114440918,7.150000095367432,543000,0.0,0.0
2023-02-16 12:00:00+08:00,7.210000038146973,7.210000038146973,7.199999809265137,7.199999809265137,180300,0.0,0.0
2023-02-16 13:00:00+08:00,7.199999809265137,7.21999979019165,7.179999828338623,7.179999828338623,681900,0.0,0.0
2023-02-16 14:00:00+08:00,7.179999828338623,7.190000057220459,7.139999866485596,7.139999866485596,437400,0.0,0.0
2023-02-16 15:00:00+08:00,7.139999866485596,7.179999828338623,7.139999866485596,7.139999866485596,582100,0.0,0.0
2023-02-16 16:00:00+08:00,7.139999866485596,7.170000076293945,7.130000114440918,7.139999866485596,528200,0.0,0.0
2023-02-17 09:00:00+08:00,7.170000076293945,7.269999980926514,7.170000076293945,7.239999771118164,1850700,0.0,0.0
2023-02-17 10:00:00+08:00,7.239999771118164,7.289999961853027,7.230000019073486,7.28000020980835,785300,0.0,0.0
2023-02-17 11:00:00+08:00,7.28000020980835,7.320000171661377,7.269999980926514,7.289999961853027,892100,0.0,0.0
2023-02-17 12:00:00+08:00,7.300000190734863,7.300000190734863,7.300000190734863,7.300000190734863,98900,0.0,0.0
2023-02-17 13:00:00+08:00,7.300000190734863,7.309999942779541,7.269999980926514,7.289999961853027,634800,0.0,0.0
2023-02-17 14:00:00+08:00,7.289999961853027,7.289999961853027,7.239999771118164,7.25,578500,0.0,0.0
2023-02-17 15:00:00+08:00,7.25,7.289999961853027,7.239999771118164,7.260000228881836,899900,0.0,0.0
2023-02-17 16:00:00+08:00,7.260000228881836,7.28000020980835,7.25,7.269999980926514,893400,0.0,0.0
2023-02-20 09:00:00+08:00,7.340000152587891,7.340000152587891,7.179999828338623,7.199999809265137,2676600,0.0,0.0
2023-02-20 10:00:00+08:00,7.199999809265137,7.230000019073486,7.190000057220459,7.190000057220459,961100,0.0,0.0
2023-02-20 11:00:00+08:00,7.190000057220459,7.199999809265137,7.179999828338623,7.190000057220459,761000,0.0,0.0
2023-02-20 12:00:00+08:00,7.190000057220459,7.190000057220459,7.190000057220459,7.190000057220459,45300,0.0,0.0
2023-02-20 13:00:00+08:00,7.190000057220459,7.199999809265137,7.179999828338623,7.199999809265137,450900,0.0,0.0
2023-02-20 14:00:00+08:00,7.199999809265137,7.199999809265137,7.139999866485596,7.139999866485596,1122800,0.0,0.0
2023-02-20 15:00:00+08:00,7.139999866485596,7.139999866485596,7.090000152587891,7.110000133514404,991500,0.0,0.0
2023-02-20 16:00:00+08:00,7.110000133514404,7.130000114440918,7.090000152587891,7.099999904632568,1119300,0.0,0.0
2023-02-21 09:00:00+08:00,7.099999904632568,7.190000057220459,7.070000171661377,7.159999847412109,1924300,0.0,0.0
2023-02-21 10:00:00+08:00,7.159999847412109,7.170000076293945,7.130000114440918,7.130000114440918,773400,0.0,0.0
2023-02-21 11:00:00+08:00,7.130000114440918,7.139999866485596,7.119999885559082,7.130000114440918,301600,0.0,0.0
2023-02-21 12:00:00+08:00,7.130000114440918,7.130000114440918,7.130000114440918,7.130000114440918,10500,0.0,0.0
2023-02-21 13:00:00+08:00,7.130000114440918,7.139999866485596,7.119999885559082,7.119999885559082,315800,0.0,0.0
2023-02-21 14:00:00+08:00,7.119999885559082,7.179999828338623,7.119999885559082,7.170000076293945,967600,0.0,0.0
2023-02-21 15:00:00+08:00,7.170000076293945,7.179999828338623,7.139999866485596,7.139999866485596,809900,0.0,0.0
2023-02-21 16:00:00+08:00,7.139999866485596,7.170000076293945,7.139999866485596,7.139999866485596,1637400,0.0,0.0
2023-02-22 09:00:00+08:00,7.150000095367432,7.199999809265137,7.139999866485596,7.199999809265137,1310700,0.0,0.0
2023-02-22 10:00:00+08:00,7.199999809265137,7.300000190734863,7.199999809265137,7.289999961853027,2082300,0.0,0.0
2023-02-22 11:00:00+08:00,7.289999961853027,7.320000171661377,7.289999961853027,7.300000190734863,1022600,0.0,0.0
2023-02-22 12:00:00+08:00,7.300000190734863,7.300000190734863,7.300000190734863,7.300000190734863,101700,0.0,0.0
2023-02-22 13:00:00+08:00,7.300000190734863,7.349999904632568,7.300000190734863,7.340000152587891,1481200,0.0,0.0
2023-02-22 14:00:00+08:00,7.340000152587891,7.349999904632568,7.320000171661377,7.329999923706055,867300,0.0,0.0
2023-02-22 15:00:00+08:00,7.329999923706055,7.340000152587891,7.289999961853027,7.309999942779541,1090300,0.0,0.0
2023-02-22 16:00:00+08:00,7.309999942779541,7.349999904632568,7.300000190734863,7.320000171661377,1813100,0.0,0.0
2023-02-23 09:00:00+08:00,5.230000019073486,5.800000190734863,5.130000114440918,5.639999866485596,10217100,0.0,0.0
2023-02-23 10:00:00+08:00,5.639999866485596,5.710000038146973,5.539999961853027,5.570000171661377,3511700,0.0,0.0
2023-02-23 11:00:00+08:00,5.570000171661377,5.570000171661377,5.489999771118164,5.489999771118164,3141100,0.0,0.0
2023-02-23 12:00:00+08:00,5.5,5.5,5.489999771118164,5.489999771118164,135800,0.0,0.0
2023-02-23 13:00:00+08:00,5.489999771118164,5.5,5.449999809265137,5.46999979019165,2085100,0.0,0.0
2023-02-23 14:00:00+08:00,5.46999979019165,5.46999979019165,5.409999847412109,5.420000076293945,2548800,0.0,0.0
2023-02-23 15:00:00+08:00,5.420000076293945,5.429999828338623,5.400000095367432,5.409999847412109,2063300,0.0,0.0
2023-02-23 16:00:00+08:00,5.409999847412109,5.420000076293945,5.400000095367432,5.409999847412109,2781400,0.0,0.0
2023-02-24 09:00:00+08:00,5.449999809265137,5.489999771118164,5.329999923706055,5.449999809265137,4454400,0.0,0.0
2023-02-24 10:00:00+08:00,5.449999809265137,5.46999979019165,5.440000057220459,5.46999979019165,1112300,0.0,0.0
2023-02-24 11:00:00+08:00,5.46999979019165,5.5,5.460000038146973,5.5,1084500,0.0,0.0
2023-02-24 12:00:00+08:00,5.5,5.5,5.5,5.5,155400,0.0,0.0
2023-02-24 13:00:00+08:00,5.5,5.570000171661377,5.5,5.519999980926514,2199900,0.0,0.0
2023-02-24 14:00:00+08:00,5.519999980926514,5.539999961853027,5.510000228881836,5.519999980926514,742400,0.0,0.0
2023-02-24 15:00:00+08:00,5.519999980926514,5.539999961853027,5.510000228881836,5.539999961853027,1131600,0.0,0.0
2023-02-24 16:00:00+08:00,5.539999961853027,5.570000171661377,5.53000020980835,5.53000020980835,2095100,0.0,0.0
2023-02-27 09:00:00+08:00,5.539999961853027,5.539999961853027,5.460000038146973,5.5,1954700,0.0,0.0
2023-02-27 10:00:00+08:00,5.5,5.519999980926514,5.489999771118164,5.489999771118164,721700,0.0,0.0
2023-02-27 11:00:00+08:00,5.489999771118164,5.510000228881836,5.449999809265137,5.449999809265137,1022600,0.0,0.0
2023-02-27 12:00:00+08:00,5.460000038146973,5.460000038146973,5.460000038146973,5.460000038146973,33100,0.0,0.0
2023-02-27 13:00:00+08:00,5.460000038146973,5.46999979019165,5.449999809265137,5.46999979019165,290400,0.0,0.0
2023-02-27 14:00:00+08:00,5.46999979019165,5.480000019073486,5.460000038146973,5.46999979019165,447700,0.0,0.0
2023-02-27 15:00:00+08:00,5.46999979019165,5.46999979019165,5.449999809265137,5.460000038146973,1055600,0.0,0.0
2023-02-27 16:00:00+08:00,5.460000038146973,5.46999979019165,5.429999828338623,5.460000038146973,2262800,0.0,0.0
2023-02-28 09:00:00+08:00,5.460000038146973,5.5,5.449999809265137,5.480000019073486,740700,0.0,0.0
2023-02-28 10:00:00+08:00,5.480000019073486,5.519999980926514,5.46999979019165,5.489999771118164,662600,0.0,0.0
2023-02-28 11:00:00+08:00,5.489999771118164,5.510000228881836,5.489999771118164,5.5,266500,0.0,0.0
2023-02-28 12:00:00+08:00,5.5,5.5,5.489999771118164,5.489999771118164,25700,0.0,0.0
2023-02-28 13:00:00+08:00,5.489999771118164,5.489999771118164,5.460000038146973,5.480000019073486,432600,0.0,0.0
2023-02-28 14:00:00+08:00,5.480000019073486,5.480000019073486,5.46999979019165,5.46999979019165,197000,0.0,0.0
2023-02-28 15:00:00+08:00,5.46999979019165,5.480000019073486,5.46999979019165,5.46999979019165,219300,0.0,0.0
2023-02-28 16:00:00+08:00,5.46999979019165,5.480000019073486,5.460000038146973,5.46999979019165,598800,0.0,0.0
2023-03-01 09:00:00+08:00,5.489999771118164,5.519999980926514,5.440000057220459,5.489999771118164,1477800,0.0,0.0
2023-03-01 10:00:00+08:00,5.489999771118164,5.5,5.489999771118164,5.5,373900,0.0,0.0
2023-03-01 11:00:00+08:00,5.5,5.519999980926514,5.5,5.510000228881836,994700,0.0,0.0
2023-03-01 12:00:00+08:00,5.510000228881836,5.510000228881836,5.510000228881836,5.510000228881836,42400,0.0,0.0
2023-03-01 13:00:00+08:00,5.510000228881836,5.519999980926514,5.5,5.510000228881836,583200,0.0,0.0
2023-03-01 14:00:00+08:00,5.510000228881836,5.510000228881836,5.489999771118164,5.489999771118164,467200,0.0,0.0
2023-03-01 15:00:00+08:00,5.489999771118164,5.5,5.480000019073486,5.489999771118164,495600,0.0,0.0
2023-03-01 16:00:00+08:00,5.489999771118164,5.5,5.480000019073486,5.489999771118164,670300,0.0,0.0
2023-03-02 09:00:00+08:00,5.519999980926514,5.53000020980835,5.460000038146973,5.489999771118164,686800,0.0,0.0
2023-03-02 10:00:00+08:00,5.489999771118164,5.489999771118164,5.46999979019165,5.46999979019165,601400,0.0,0.0
2023-03-02 11:00:00+08:00,5.46999979019165,5.480000019073486,5.460000038146973,5.460000038146973,488800,0.0,0.0
2023-03-02 12:00:00+08:00,5.460000038146973,5.46999979019165,5.460000038146973,5.46999979019165,20300,0.0,0.0
2023-03-02 13:00:00+08:00,5.46999979019165,5.480000019073486,5.449999809265137,5.460000038146973,629600,0.0,0.0
2023-03-02 14:00:00+08:00,5.460000038146973,5.46999979019165,5.460000038146973,5.460000038146973,406500,0.0,0.0
2023-03-02 15:00:00+08:00,5.460000038146973,5.460000038146973,5.449999809265137,5.460000038146973,303500,0.0,0.0
2023-03-02 16:00:00+08:00,5.460000038146973,5.460000038146973,5.420000076293945,5.420000076293945,1200200,0.0,0.0
2023-03-03 09:00:00+08:00,5.480000019073486,5.489999771118164,5.440000057220459,5.460000038146973,788900,0.0,0.0
2023-03-03 10:00:00+08:00,5.460000038146973,5.519999980926514,5.460000038146973,5.510000228881836,955600,0.0,0.0
2023-03-03 11:00:00+08:00,5.510000228881836,5.510000228881836,5.46999979019165,5.46999979019165,529900,0.0,0.0
2023-03-03 12:00:00+08:00,5.480000019073486,5.480000019073486,5.480000019073486,5.480000019073486,15900,0.0,0.0
2023-03-03 13:00:00+08:00,5.480000019073486,5.480000019073486,5.449999809265137,5.46999979019165,425900,0.0,0.0
2023-03-03 14:00:00+08:00,5.46999979019165,5.46999979019165,5.440000057220459,5.449999809265137,287600,0.0,0.0
2023-03-03 15:00:00+08:00,5.449999809265137,5.460000038146973,5.449999809265137,5.449999809265137,207200,0.0,0.0
2023-03-03 16:00:00+08:00,5.449999809265137,5.480000019073486,5.449999809265137,5.460000038146973,690000,0.0,0.0
2023-03-06 09:00:00+08:00,5.480000019073486,5.480000019073486,5.400000095367432,5.429999828338623,1160600,0.0,0.0
2023-03-06 10:00:00+08:00,5.429999828338623,5.449999809265137,5.409999847412109,5.449999809265137,265000,0.0,0.0
2023-03-06 11:00:00+08:00,5.449999809265137,5.480000019073486,5.440000057220459,5.46999979019165,607900,0.0,0.0
2023-03-06 12:00:00+08:00,5.46999979019165,5.46999979019165,5.46999979019165,5.46999979019165,16000,0.0,0.0
2023-03-06 13:00:00+08:00,5.46999979019165,5.489999771118164,5.46999979019165,5.480000019073486,603600,0.0,0.0
2023-03-06 14:00:00+08:00,5.480000019073486,5.5,5.46999979019165,5.480000019073486,333700,0.0,0.0
2023-03-06 15:00:00+08:00,5.480000019073486,5.5,5.480000019073486,5.489999771118164,239900,0.0,0.0
2023-03-06 16:00:00+08:00,5.489999771118164,5.519999980926514,5.489999771118164,5.519999980926514,1086600,0.0,0.0
2023-03-07 09:00:00+08:00,5.519999980926514,5.519999980926514,5.480000019073486,5.510000228881836,699500,0.0,0.0
2023-03-07 10:00:00+08:00,5.510000228881836,5.539999961853027,5.510000228881836,5.53000020980835,1068500,0.0,0.0
2023-03-07 11:00:00+08:00,5.53000020980835,5.53000020980835,5.480000019073486,5.480000019073486,487900,0.0,0.0
2023-03-07 12:00:00+08:00,5.489999771118164,5.5,5.489999771118164,5.5,35300,0.0,0.0
2023-03-07 13:00:00+08:00,5.5,5.5,5.460000038146973,5.46999979019165,530600,0.0,0.0
2023-03-07 14:00:00+08:00,5.46999979019165,5.46999979019165,5.449999809265137,5.460000038146973,896300,0.0,0.0
2023-03-07 15:00:00+08:00,5.460000038146973,5.46999979019165,5.460000038146973,5.460000038146973,327700,0.0,0.0
2023-03-07 16:00:00+08:00,5.460000038146973,5.480000019073486,5.449999809265137,5.480000019073486,724400,0.0,0.0
2023-03-08 09:00:00+08:00,5.460000038146973,5.489999771118164,5.440000057220459,5.460000038146973,635200,0.0,0.0
2023-03-08 10:00:00+08:00,5.460000038146973,5.460000038146973,5.449999809265137,5.460000038146973,275000,0.0,0.0
2023-03-08 11:00:00+08:00,5.460000038146973,5.46999979019165,5.449999809265137,5.449999809265137,682000,0.0,0.0
2023-03-08 12:00:00+08:00,5.460000038146973,5.460000038146973,5.460000038146973,5.460000038146973,11600,0.0,0.0
2023-03-08 13:00:00+08:00,5.460000038146973,5.480000019073486,5.449999809265137,5.460000038146973,381400,0.0,0.0
2023-03-08 14:00:00+08:00,5.460000038146973,5.46999979019165,5.449999809265137,5.460000038146973,199800,0.0,0.0
2023-03-08 15:00:00+08:00,5.460000038146973,5.46999979019165,5.449999809265137,5.460000038146973,299800,0.0,0.0
2023-03-08 16:00:00+08:00,5.460000038146973,5.460000038146973,5.449999809265137,5.460000038146973,478200,0.0,0.0
2023-03-09 09:00:00+08:00,5.480000019073486,5.5,5.46999979019165,5.489999771118164,806000,0.0,0.0
2023-03-09 10:00:00+08:00,5.489999771118164,5.489999771118164,5.460000038146973,5.46999979019165,180700,0.0,0.0
2023-03-09 11:00:00+08:00,5.46999979019165,5.489999771118164,5.460000038146973,5.480000019073486,362100,0.0,0.0
2023-03-09 12:00:00+08:00,5.489999771118164,5.489999771118164,5.489999771118164,5.489999771118164,10800,0.0,0.0
2023-03-09 13:00:00+08:00,5.489999771118164,5.489999771118164,5.480000019073486,5.480000019073486,231300,0.0,0.0
2023-03-09 14:00:00+08:00,5.480000019073486,5.489999771118164,5.480000019073486,5.489999771118164,249500,0.0,0.0
2023-03-09 15:00:00+08:00,5.489999771118164,5.5,5.46999979019165,5.5,513300,0.0,0.0
2023-03-09 16:00:00+08:00,5.5,5.510000228881836,5.480000019073486,5.5,837100,0.0,0.0
2023-03-10 09:00:00+08:00,5.460000038146973,5.519999980926514,5.449999809265137,5.489999771118164,889100,0.0,0.0
2023-03-10 10:00:00+08:00,5.489999771118164,5.489999771118164,5.449999809265137,5.460000038146973,486400,0.0,0.0
2023-03-10 11:00:00+08:00,5.460000038146973,5.46999979019165,5.449999809265137,5.460000038146973,532400,0.0,0.0
2023-03-10 12:00:00+08:00,5.449999809265137,5.460000038146973,5.449999809265137,5.460000038146973,54000,0.0,0.0
2023-03-10 13:00:00+08:00,5.460000038146973,5.460000038146973,5.409999847412109,5.409999847412109,1262200,0.0,0.0
2023-03-10 14:00:00+08:00,5.409999847412109,5.440000057220459,5.409999847412109,5.440000057220459,450900,0.0,0.0
2023-03-10 15:00:00+08:00,5.440000057220459,5.460000038146973,5.429999828338623,5.449999809265137,462200,0.0,0.0
2023-03-10 16:00:00+08:00,5.449999809265137,5.460000038146973,5.420000076293945,5.449999809265137,1304500,0.0,0.0
2023-03-13 09:00:00+08:00,5.429999828338623,5.46999979019165,5.380000114440918,5.400000095367432,1197300,0.0,0.0
2023-03-13 10:00:00+08:00,5.400000095367432,5.420000076293945,5.389999866485596,5.409999847412109,449500,0.0,0.0
2023-03-13 11:00:00+08:00,5.409999847412109,5.420000076293945,5.389999866485596,5.400000095367432,470800,0.0,0.0
2023-03-13 12:00:00+08:00,5.400000095367432,5.400000095367432,5.400000095367432,5.400000095367432,41200,0.0,0.0
2023-03-13 13:00:00+08:00,5.400000095367432,5.400000095367432,5.369999885559082,5.369999885559082,573700,0.0,0.0
2023-03-13 14:00:00+08:00,5.380000114440918,5.380000114440918,5.360000133514404,5.380000114440918,434200,0.0,0.0
2023-03-13 15:00:00+08:00,5.380000114440918,5.380000114440918,5.360000133514404,5.369999885559082,294600,0.0,0.0
2023-03-13 16:00:00+08:00,5.369999885559082,5.380000114440918,5.320000171661377,5.320000171661377,1472900,0.0,0.0
2023-03-14 09:00:00+08:00,5.329999923706055,5.380000114440918,5.309999942779541,5.360000133514404,824600,0.0,0.0
2023-03-14 10:00:00+08:00,5.360000133514404,5.380000114440918,5.340000152587891,5.349999904632568,595000,0.0,0.0
2023-03-14 11:00:00+08:00,5.349999904632568,5.349999904632568,5.320000171661377,5.320000171661377,578700,0.0,0.0
2023-03-14 12:00:00+08:00,5.320000171661377,5.329999923706055,5.320000171661377,5.329999923706055,26000,0.0,0.0
2023-03-14 13:00:00+08:00,5.329999923706055,5.329999923706055,5.269999980926514,5.309999942779541,977500,0.0,0.0
2023-03-14 14:00:00+08:00,5.309999942779541,5.309999942779541,5.260000228881836,5.28000020980835,750300,0.0,0.0
2023-03-14 15:00:00+08:00,5.28000020980835,5.289999961853027,5.269999980926514,5.28000020980835,358500,0.0,0.0
2023-03-14 16:00:00+08:00,5.28000020980835,5.300000190734863,5.269999980926514,5.300000190734863,630400,0.0,0.0
2023-03-15 09:00:00+08:00,5.340000152587891,5.400000095367432,5.340000152587891,5.389999866485596,1391500,0.0,0.0
2023-03-15 10:00:00+08:00,5.389999866485596,5.389999866485596,5.329999923706055,5.349999904632568,795600,0.0,0.0
2023-03-15 11:00:00+08:00,5.349999904632568,5.360000133514404,5.329999923706055,5.340000152587891,465300,0.0,0.0
2023-03-15 12:00:00+08:00,5.340000152587891,5.340000152587891,5.340000152587891,5.340000152587891,16300,0.0,0.0
2023-03-15 13:00:00+08:00,5.340000152587891,5.349999904632568,5.329999923706055,5.340000152587891,340500,0.0,0.0
2023-03-15 14:00:00+08:00,5.340000152587891,5.349999904632568,5.329999923706055,5.349999904632568,326300,0.0,0.0
2023-03-15 15:00:00+08:00,5.349999904632568,5.360000133514404,5.340000152587891,5.349999904632568,481600,0.0,0.0
2023-03-15 16:00:00+08:00,5.349999904632568,5.360000133514404,5.329999923706055,5.349999904632568,912100,0.0,0.0
2023-03-16 09:00:00+08:00,5.349999904632568,5.389999866485596,5.329999923706055,5.340000152587891,907900,0.0,0.0
2023-03-16 10:00:00+08:00,5.340000152587891,5.369999885559082,5.340000152587891,5.360000133514404,518600,0.0,0.0
2023-03-16 11:00:00+08:00,5.360000133514404,5.360000133514404,5.329999923706055,5.349999904632568,828700,0.0,0.0
2023-03-16 12:00:00+08:00,5.349999904632568,5.349999904632568,5.349999904632568,5.349999904632568,13500,0.0,0.0
2023-03-16 13:00:00+08:00,5.360000133514404,5.360000133514404,5.320000171661377,5.320000171661377,667000,0.0,0.0
2023-03-16 14:00:00+08:00,5.320000171661377,5.320000171661377,5.28000020980835,5.300000190734863,871000,0.0,0.0
2023-03-16 15:00:00+08:00,5.300000190734863,5.340000152587891,5.289999961853027,5.340000152587891,486800,0.0,0.0
2023-03-16 16:00:00+08:00,5.340000152587891,5.340000152587891,5.300000190734863,5.320000171661377,924000,0.0,0.0
2023-03-17 09:00:00+08:00,5.369999885559082,5.380000114440918,5.300000190734863,5.320000171661377,1310100,0.0,0.0
2023-03-17 10:00:00+08:00,5.320000171661377,5.340000152587891,5.309999942779541,5.340000152587891,687500,0.0,0.0
2023-03-17 11:00:00+08:00,5.340000152587891,5.380000114440918,5.340000152587891,5.369999885559082,1294100,0.0,0.0
2023-03-17 12:00:00+08:00,5.369999885559082,5.369999885559082,5.360000133514404,5.360000133514404,71400,0.0,0.0
2023-03-17 13:00:00+08:00,5.360000133514404,5.389999866485596,5.349999904632568,5.360000133514404,1140100,0.0,0.0
2023-03-17 14:00:00+08:00,5.360000133514404,5.369999885559082,5.349999904632568,5.360000133514404,495800,0.0,0.0
2023-03-17 15:00:00+08:00,5.360000133514404,5.380000114440918,5.360000133514404,5.380000114440918,435700,0.0,0.0
2023-03-17 16:00:00+08:00,5.380000114440918,5.400000095367432,5.369999885559082,5.380000114440918,1398400,0.0,0.0
2023-03-20 09:00:00+08:00,5.389999866485596,5.389999866485596,5.360000133514404,5.369999885559082,506000,0.0,0.0
2023-03-20 10:00:00+08:00,5.369999885559082,5.380000114440918,5.349999904632568,5.349999904632568,189700,0.0,0.0
2023-03-20 11:00:00+08:00,5.349999904632568,5.360000133514404,5.329999923706055,5.329999923706055,182300,0.0,0.0
2023-03-20 12:00:00+08:00,5.329999923706055,5.340000152587891,5.329999923706055,5.340000152587891,28800,0.0,0.0
2023-03-20 13:00:00+08:00,5.340000152587891,5.349999904632568,5.329999923706055,5.340000152587891,154100,0.0,0.0
2023-03-20 14:00:00+08:00,5.340000152587891,5.340000152587891,5.300000190734863,5.300000190734863,342600,0.0,0.0
2023-03-20 15:00:00+08:00,5.300000190734863,5.309999942779541,5.28000020980835,5.289999961853027,940500,0.0,0.0
2023-03-20 16:00:00+08:00,5.289999961853027,5.289999961853027,5.269999980926514,5.28000020980835,1019500,0.0,0.0
2023-03-21 09:00:00+08:00,5.340000152587891,5.369999885559082,5.300000190734863,5.360000133514404,659200,0.0,0.0
2023-03-21 10:00:00+08:00,5.360000133514404,5.380000114440918,5.349999904632568,5.349999904632568,322800,0.0,0.0
2023-03-21 11:00:00+08:00,5.349999904632568,5.369999885559082,5.329999923706055,5.349999904632568,282500,0.0,0.0
2023-03-21 12:00:00+08:00,5.340000152587891,5.349999904632568,5.340000152587891,5.349999904632568,15900,0.0,0.0
2023-03-21 13:00:00+08:00,5.349999904632568,5.360000133514404,5.329999923706055,5.340000152587891,194200,0.0,0.0
2023-03-21 14:00:00+08:00,5.340000152587891,5.360000133514404,5.320000171661377,5.349999904632568,228300,0.0,0.0
2023-03-21 15:00:00+08:00,5.349999904632568,5.360000133514404,5.340000152587891,5.340000152587891,279100,0.0,0.0
2023-03-21 16:00:00+08:00,5.340000152587891,5.349999904632568,5.329999923706055,5.340000152587891,438600,0.0,0.0
2023-03-22 09:00:00+08:00,5.369999885559082,5.429999828338623,5.340000152587891,5.429999828338623,940800,0.0,0.0
2023-03-22 10:00:00+08:00,5.429999828338623,5.440000057220459,5.420000076293945,5.420000076293945,390000,0.0,0.0
2023-03-22 11:00:00+08:00,5.420000076293945,5.429999828338623,5.409999847412109,5.429999828338623,229700,0.0,0.0
2023-03-22 12:00:00+08:00,5.429999828338623,5.429999828338623,5.420000076293945,5.420000076293945,65100,0.0,0.0
2023-03-22 13:00:00+08:00,5.420000076293945,5.440000057220459,5.420000076293945,5.429999828338623,341600,0.0,0.0
2023-03-22 14:00:00+08:00,5.429999828338623,5.460000038146973,5.429999828338623,5.429999828338623,746300,0.0,0.0
2023-03-22 15:00:00+08:00,5.429999828338623,5.449999809265137,5.429999828338623,5.429999828338623,287900,0.0,0.0
2023-03-22 16:00:00+08:00,5.429999828338623,5.440000057220459,5.420000076293945,5.429999828338623,437000,0.0,0.0
2023-03-23 09:00:00+08:00,5.409999847412109,5.420000076293945,5.380000114440918,5.409999847412109,633300,0.0,0.0
2023-03-23 10:00:00+08:00,5.409999847412109,5.440000057220459,5.400000095367432,5.429999828338623,252400,0.0,0.0
2023-03-23 11:00:00+08:00,5.429999828338623,5.449999809265137,5.420000076293945,5.429999828338623,188900,0.0,0.0
2023-03-23 12:00:00+08:00,5.449999809265137,5.449999809265137,5.440000057220459,5.440000057220459,9100,0.0,0.0
2023-03-23 13:00:00+08:00,5.440000057220459,5.46999979019165,5.440000057220459,5.46999979019165,282600,0.0,0.0
2023-03-23 14:00:00+08:00,5.46999979019165,5.46999979019165,5.460000038146973,5.46999979019165,90400,0.0,0.0
2023-03-23 15:00:00+08:00,5.46999979019165,5.46999979019165,5.449999809265137,5.449999809265137,197200,0.0,0.0
2023-03-23 16:00:00+08:00,5.449999809265137,5.46999979019165,5.440000057220459,5.460000038146973,293300,0.0,0.0
2023-03-24 09:00:00+08:00,5.440000057220459,5.460000038146973,5.389999866485596,5.409999847412109,625100,0.0,0.0
2023-03-24 10:00:00+08:00,5.409999847412109,5.429999828338623,5.400000095367432,5.429999828338623,197500,0.0,0.0
2023-03-24 11:00:00+08:00,5.429999828338623,5.429999828338623,5.409999847412109,5.409999847412109,165900,0.0,0.0
2023-03-24 12:00:00+08:00,5.420000076293945,5.420000076293945,5.409999847412109,5.409999847412109,9200,0.0,0.0
2023-03-24 13:00:00+08:00,5.409999847412109,5.429999828338623,5.409999847412109,5.420000076293945,0,0.0,0.0
2023-03-24 14:00:00+08:00,5.420000076293945,5.429999828338623,5.420000076293945,5.420000076293945,1291600,0.0,0.0
2023-03-24 15:00:00+08:00,5.420000076293945,5.440000057220459,5.420000076293945,5.440000057220459,187600,0.0,0.0
2023-03-24 16:00:00+08:00,5.440000057220459,5.440000057220459,5.400000095367432,5.400000095367432,394900,0.0,0.0
2023-03-27 09:00:00+08:00,5.440000057220459,5.480000019073486,5.429999828338623,5.46999979019165,808900,0.0,0.0
2023-03-27 10:00:00+08:00,5.46999979019165,5.480000019073486,5.460000038146973,5.480000019073486,209800,0.0,0.0
2023-03-27 11:00:00+08:00,5.480000019073486,5.5,5.46999979019165,5.480000019073486,418400,0.0,0.0
2023-03-27 12:00:00+08:00,5.489999771118164,5.489999771118164,5.480000019073486,5.480000019073486,6600,0.0,0.0
2023-03-27 13:00:00+08:00,5.480000019073486,5.480000019073486,5.46999979019165,5.480000019073486,77400,0.0,0.0
2023-03-27 14:00:00+08:00,5.480000019073486,5.480000019073486,5.46999979019165,5.480000019073486,79500,0.0,0.0
2023-03-27 15:00:00+08:00,5.480000019073486,5.480000019073486,5.449999809265137,5.449999809265137,154100,0.0,0.0
2023-03-27 16:00:00+08:00,5.449999809265137,5.46999979019165,5.440000057220459,5.460000038146973,274600,0.0,0.0
2023-03-28 09:00:00+08:00,5.5,5.539999961853027,5.46999979019165,5.519999980926514,979500,0.0,0.0
2023-03-28 10:00:00+08:00,5.519999980926514,5.539999961853027,5.510000228881836,5.53000020980835,409600,0.0,0.0
2023-03-28 11:00:00+08:00,5.53000020980835,5.539999961853027,5.519999980926514,5.53000020980835,228700,0.0,0.0
2023-03-28 12:00:00+08:00,5.53000020980835,5.53000020980835,5.53000020980835,5.53000020980835,21900,0.0,0.0
2023-03-28 13:00:00+08:00,5.53000020980835,5.539999961853027,5.510000228881836,5.539999961853027,437300,0.0,0.0
2023-03-28 14:00:00+08:00,5.539999961853027,5.550000190734863,5.510000228881836,5.510000228881836,645200,0.0,0.0
2023-03-28 15:00:00+08:00,5.510000228881836,5.53000020980835,5.510000228881836,5.53000020980835,234700,0.0,0.0
2023-03-28 16:00:00+08:00,5.53000020980835,5.539999961853027,5.519999980926514,5.519999980926514,469100,0.0,0.0
2023-03-29 09:00:00+08:00,5.53000020980835,5.570000171661377,5.489999771118164,5.539999961853027,1307400,0.0,0.0
2023-03-29 10:00:00+08:00,5.539999961853027,5.539999961853027,5.519999980926514,5.53000020980835,225300,0.0,0.0
2023-03-29 11:00:00+08:00,5.53000020980835,5.550000190734863,5.53000020980835,5.550000190734863,94100,0.0,0.0
2023-03-29 12:00:00+08:00,5.550000190734863,5.550000190734863,5.539999961853027,5.539999961853027,26800,0.0,0.0
2023-03-29 13:00:00+08:00,5.539999961853027,5.559999942779541,5.539999961853027,5.550000190734863,283700,0.0,0.0
2023-03-29 14:00:00+08:00,5.550000190734863,5.559999942779541,5.539999961853027,5.550000190734863,220200,0.0,0.0
2023-03-29 15:00:00+08:00,5.550000190734863,5.559999942779541,5.539999961853027,5.550000190734863,165100,0.0,0.0
2023-03-29 16:00:00+08:00,5.550000190734863,5.559999942779541,5.539999961853027,5.550000190734863,345200,0.0,0.0
2023-03-30 09:00:00+08:00,5.590000152587891,5.639999866485596,5.590000152587891,5.610000133514404,990500,0.0,0.0
2023-03-30 10:00:00+08:00,5.590000152587891,5.610000133514404,5.570000171661377,5.579999923706055,307900,0.0,0.0
2023-03-30 11:00:00+08:00,5.579999923706055,5.599999904632568,5.579999923706055,5.599999904632568,238100,0.0,0.0
2023-03-30 12:00:00+08:00,5.590000152587891,5.590000152587891,5.590000152587891,5.590000152587891,8900,0.0,0.0
2023-03-30 13:00:00+08:00,5.590000152587891,5.610000133514404,5.579999923706055,5.599999904632568,291300,0.0,0.0
2023-03-30 14:00:00+08:00,5.599999904632568,5.599999904632568,5.599999904632568,5.599999904632568,196400,0.0,0.0
2023-03-30 15:00:00+08:00,5.599999904632568,5.610000133514404,5.590000152587891,5.590000152587891,332600,0.0,0.0
2023-03-30 16:00:00+08:00,5.590000152587891,5.619999885559082,5.590000152587891,5.619999885559082,386800,0.0,0.0
2023-03-31 09:00:00+08:00,5.610000133514404,5.650000095367432,5.599999904632568,5.639999866485596,594600,0.0,0.0
2023-03-31 10:00:00+08:00,5.639999866485596,5.639999866485596,5.610000133514404,5.630000114440918,146100,0.0,0.0
2023-03-31 11:00:00+08:00,5.630000114440918,5.639999866485596,5.619999885559082,5.639999866485596,217600,0.0,0.0
2023-03-31 12:00:00+08:00,5.639999866485596,5.639999866485596,5.630000114440918,5.630000114440918,11500,0.0,0.0
2023-03-31 13:00:00+08:00,5.630000114440918,5.650000095367432,5.630000114440918,5.630000114440918,425900,0.0,0.0
2023-03-31 14:00:00+08:00,5.630000114440918,5.639999866485596,5.619999885559082,5.639999866485596,173600,0.0,0.0
2023-03-31 15:00:00+08:00,5.639999866485596,5.639999866485596,5.619999885559082,5.630000114440918,289000,0.0,0.0
2023-03-31 16:00:00+08:00,5.630000114440918,5.639999866485596,5.630000114440918,5.630000114440918,427800,0.0,0.0
2023-04-03 09:00:00+08:00,5.679999828338623,5.769999980926514,5.670000076293945,5.71999979019165,1642400,0.0,0.0
2023-04-03 10:00:00+08:00,5.71999979019165,5.739999771118164,5.71999979019165,5.71999979019165,557800,0.0,0.0
2023-04-03 11:00:00+08:00,5.71999979019165,5.730000019073486,5.699999809265137,5.699999809265137,213000,0.0,0.0
2023-04-03 12:00:00+08:00,5.710000038146973,5.710000038146973,5.710000038146973,5.710000038146973,35300,0.0,0.0
2023-04-03 13:00:00+08:00,5.699999809265137,5.710000038146973,5.690000057220459,5.690000057220459,345000,0.0,0.0
2023-04-03 14:00:00+08:00,5.690000057220459,5.710000038146973,5.690000057220459,5.710000038146973,218000,0.0,0.0
2023-04-03 15:00:00+08:00,5.710000038146973,5.730000019073486,5.699999809265137,5.71999979019165,358900,0.0,0.0
2023-04-03 16:00:00+08:00,5.71999979019165,5.730000019073486,5.710000038146973,5.730000019073486,406900,0.0,0.0
2023-04-04 09:00:00+08:00,5.739999771118164,5.78000020980835,5.710000038146973,5.760000228881836,1130400,0.0,0.0
2023-04-04 10:00:00+08:00,5.760000228881836,5.789999961853027,5.760000228881836,5.78000020980835,542300,0.0,0.0
2023-04-04 11:00:00+08:00,5.78000020980835,5.889999866485596,5.78000020980835,5.889999866485596,1777700,0.0,0.0
2023-04-04 12:00:00+08:00,5.889999866485596,5.889999866485596,5.880000114440918,5.880000114440918,48500,0.0,0.0
2023-04-04 13:00:00+08:00,5.880000114440918,5.909999847412109,5.869999885559082,5.900000095367432,808700,0.0,0.0
2023-04-04 14:00:00+08:00,5.900000095367432,5.909999847412109,5.889999866485596,5.900000095367432,681900,0.0,0.0
2023-04-04 15:00:00+08:00,5.900000095367432,5.900000095367432,5.880000114440918,5.889999866485596,457300,0.0,0.0
2023-04-04 16:00:00+08:00,5.889999866485596,5.889999866485596,5.869999885559082,5.880000114440918,763900,0.0,0.0
2023-04-05 09:00:00+08:00,5.920000076293945,5.989999771118164,5.889999866485596,5.909999847412109,2017900,0.0,0.0
2023-04-05 10:00:00+08:00,5.909999847412109,5.929999828338623,5.889999866485596,5.900000095367432,669400,0.0,0.0
2023-04-05 11:00:00+08:00,5.909999847412109,5.909999847412109,5.880000114440918,5.889999866485596,386300,0.0,0.0
2023-04-05 12:00:00+08:00,5.889999866485596,5.889999866485596,5.889999866485596,5.889999866485596,29800,0.0,0.0
2023-04-05 13:00:00+08:00,5.889999866485596,5.900000095367432,5.869999885559082,5.869999885559082,452600,0.0,0.0
2023-04-05 14:00:00+08:00,5.869999885559082,5.880000114440918,5.860000133514404,5.880000114440918,252400,0.0,0.0
2023-04-05 15:00:00+08:00,5.880000114440918,5.880000114440918,5.849999904632568,5.860000133514404,484600,0.0,0.0
2023-04-05 16:00:00+08:00,5.860000133514404,5.860000133514404,5.840000152587891,5.840000152587891,520400,0.0,0.0
2023-04-06 09:00:00+08:00,5.860000133514404,5.889999866485596,5.829999923706055,5.860000133514404,570700,0.0,0.0
2023-04-06 10:00:00+08:00,5.860000133514404,5.869999885559082,5.849999904632568,5.849999904632568,263900,0.0,0.0
2023-04-06 11:00:00+08:00,5.849999904632568,5.860000133514404,5.829999923706055,5.840000152587891,241200,0.0,0.0
2023-04-06 12:00:00+08:00,5.840000152587891,5.840000152587891,5.840000152587891,5.840000152587891,11200,0.0,0.0
2023-04-06 13:00:00+08:00,5.840000152587891,5.849999904632568,5.829999923706055,5.849999904632568,193000,0.0,0.0
2023-04-06 14:00:00+08:00,5.849999904632568,5.849999904632568,5.829999923706055,5.840000152587891,120800,0.0,0.0
2023-04-06 15:00:00+08:00,5.840000152587891,5.869999885559082,5.840000152587891,5.860000133514404,191500,0.0,0.0
2023-04-06 16:00:00+08:00,5.860000133514404,5.869999885559082,5.849999904632568,5.869999885559082,248300,0.0,0.0
2023-04-10 09:00:00+08:00,5.880000114440918,5.929999828338623,5.869999885559082,5.869999885559082,384400,0.0,0.0
2023-04-10 10:00:00+08:00,5.869999885559082,5.889999866485596,5.860000133514404,5.860000133514404,293900,0.0,0.0
2023-04-10 11:00:00+08:00,5.860000133514404,5.880000114440918,5.860000133514404,5.860000133514404,223400,0.0,0.0
2023-04-10 12:00:00+08:00,5.880000114440918,5.880000114440918,5.880000114440918,5.880000114440918,13700,0.0,0.0
2023-04-10 13:00:00+08:00,5.880000114440918,5.880000114440918,5.860000133514404,5.869999885559082,32000,0.0,0.0
2023-04-10 14:00:00+08:00,5.869999885559082,5.889999866485596,5.860000133514404,5.869999885559082,128500,0.0,0.0
2023-04-10 15:00:00+08:00,5.869999885559082,5.880000114440918,5.860000133514404,5.869999885559082,178000,0.0,0.0
2023-04-10 16:00:00+08:00,5.869999885559082,5.880000114440918,5.860000133514404,5.869999885559082,199100,0.0,0.0
2023-04-11 09:00:00+08:00,5.869999885559082,5.920000076293945,5.840000152587891,5.909999847412109,443300,0.0,0.0
2023-04-11 10:00:00+08:00,5.909999847412109,5.909999847412109,5.880000114440918,5.889999866485596,153600,0.0,0.0
2023-04-11 11:00:00+08:00,5.889999866485596,5.889999866485596,5.869999885559082,5.880000114440918,169700,0.0,0.0
2023-04-11 12:00:00+08:00,5.889999866485596,5.889999866485596,5.880000114440918,5.880000114440918,9500,0.0,0.0
2023-04-11 13:00:00+08:00,5.880000114440918,5.889999866485596,5.880000114440918,5.880000114440918,65600,0.0,0.0
2023-04-11 14:00:00+08:00,5.880000114440918,5.900000095367432,5.880000114440918,5.880000114440918,69400,0.0,0.0
2023-04-11 15:00:00+08:00,5.880000114440918,5.900000095367432,5.880000114440918,5.889999866485596,141900,0.0,0.0
2023-04-11 16:00:00+08:00,5.889999866485596,5.900000095367432,5.880000114440918,5.880000114440918,123400,0.0,0.0
2023-04-12 09:00:00+08:00,5.909999847412109,5.920000076293945,5.889999866485596,5.900000095367432,314800,0.0,0.0
2023-04-12 10:00:00+08:00,5.900000095367432,5.909999847412109,5.869999885559082,5.880000114440918,133700,0.0,0.0
2023-04-12 11:00:00+08:00,5.880000114440918,5.889999866485596,5.849999904632568,5.849999904632568,303900,0.0,0.0
2023-04-12 12:00:00+08:00,5.869999885559082,5.869999885559082,5.860000133514404,5.860000133514404,86900,0.0,0.0
2023-04-12 13:00:00+08:00,5.860000133514404,5.860000133514404,5.820000171661377,5.840000152587891,421700,0.0,0.0
2023-04-12 14:00:00+08:00,5.840000152587891,5.860000133514404,5.829999923706055,5.840000152587891,324000,0.0,0.0
2023-04-12 15:00:00+08:00,5.840000152587891,5.849999904632568,5.829999923706055,5.829999923706055,287400,0.0,0.0
2023-04-12 16:00:00+08:00,5.829999923706055,5.869999885559082,5.829999923706055,5.860000133514404,372400,0.0,0.0
2023-04-13 09:00:00+08:00,5.840000152587891,5.880000114440918,5.820000171661377,5.869999885559082,328400,0.0,0.0
2023-04-13 10:00:00+08:00,5.869999885559082,5.880000114440918,5.869999885559082,5.869999885559082,82300,0.0,0.0
2023-04-13 11:00:00+08:00,5.869999885559082,5.880000114440918,5.869999885559082,5.880000114440918,145700,0.0,0.0
2023-04-13 12:00:00+08:00,5.869999885559082,5.869999885559082,5.869999885559082,5.869999885559082,14300,0.0,0.0
2023-04-13 13:00:00+08:00,5.869999885559082,5.889999866485596,5.860000133514404,5.869999885559082,153400,0.0,0.0
2023-04-13 14:00:00+08:00,5.869999885559082,5.889999866485596,5.869999885559082,5.880000114440918,145400,0.0,0.0
2023-04-13 15:00:00+08:00,5.880000114440918,5.909999847412109,5.869999885559082,5.889999866485596,492400,0.0,0.0
2023-04-13 16:00:00+08:00,5.889999866485596,5.900000095367432,5.880000114440918,5.880000114440918,246300,0.0,0.0
2023-04-14 09:00:00+08:00,5.909999847412109,5.920000076293945,5.889999866485596,5.900000095367432,317400,0.0,0.0
2023-04-14 10:00:00+08:00,5.909999847412109,5.940000057220459,5.900000095367432,5.920000076293945,540800,0.0,0.0
2023-04-14 11:00:00+08:00,5.920000076293945,5.920000076293945,5.900000095367432,5.920000076293945,121700,0.0,0.0
2023-04-14 12:00:00+08:00,5.920000076293945,5.920000076293945,5.909999847412109,5.909999847412109,20900,0.0,0.0
2023-04-14 13:00:00+08:00,5.909999847412109,5.920000076293945,5.900000095367432,5.920000076293945,95000,0.0,0.0
2023-04-14 14:00:00+08:00,5.920000076293945,5.940000057220459,5.909999847412109,5.929999828338623,327500,0.0,0.0
2023-04-14 15:00:00+08:00,5.929999828338623,5.940000057220459,5.920000076293945,5.929999828338623,169600,0.0,0.0
2023-04-14 16:00:00+08:00,5.929999828338623,5.940000057220459,5.909999847412109,5.909999847412109,454500,0.0,0.0
2023-04-17 09:00:00+08:00,5.980000019073486,5.989999771118164,5.900000095367432,5.920000076293945,1138000,0.0,0.0
2023-04-17 10:00:00+08:00,5.920000076293945,5.940000057220459,5.909999847412109,5.929999828338623,295600,0.0,0.0
2023-04-17 11:00:00+08:00,5.929999828338623,5.96999979019165,5.929999828338623,5.960000038146973,550900,0.0,0.0
2023-04-17 12:00:00+08:00,5.96999979019165,5.96999979019165,5.96999979019165,5.96999979019165,28800,0.0,0.0
2023-04-17 13:00:00+08:00,5.96999979019165,6.0,5.960000038146973,5.989999771118164,866000,0.0,0.0
2023-04-17 14:00:00+08:00,5.989999771118164,5.989999771118164,5.960000038146973,5.989999771118164,391400,0.0,0.0
2023-04-17 15:00:00+08:00,5.989999771118164,6.03000020980835,5.980000019073486,6.019999980926514,1337300,0.0,0.0
2023-04-17 16:00:00+08:00,6.019999980926514,6.059999942779541,6.010000228881836,6.039999961853027,1119700,0.0,0.0
2023-04-18 09:00:00+08:00,6.059999942779541,6.090000152587891,6.010000228881836,6.090000152587891,1042500,0.0,0.0
2023-04-18 10:00:00+08:00,6.090000152587891,6.139999866485596,6.079999923706055,6.139999866485596,1113400,0.0,0.0
2023-04-18 11:00:00+08:00,6.139999866485596,6.139999866485596,6.110000133514404,6.110000133514404,551600,0.0,0.0
2023-04-18 12:00:00+08:00,6.110000133514404,6.110000133514404,6.110000133514404,6.110000133514404,20800,0.0,0.0
2023-04-18 13:00:00+08:00,6.110000133514404,6.119999885559082,6.099999904632568,6.099999904632568,226400,0.0,0.0
2023-04-18 14:00:00+08:00,6.099999904632568,6.110000133514404,6.079999923706055,6.099999904632568,552700,0.0,0.0
2023-04-18 15:00:00+08:00,6.099999904632568,6.110000133514404,6.090000152587891,6.099999904632568,286700,0.0,0.0
2023-04-18 16:00:00+08:00,6.099999904632568,6.110000133514404,6.070000171661377,6.070000171661377,601100,0.0,0.0
2023-04-19 09:00:00+08:00,6.090000152587891,6.179999828338623,6.090000152587891,6.170000076293945,997100,0.0,0.0
2023-04-19 10:00:00+08:00,6.170000076293945,6.190000057220459,6.150000095367432,6.179999828338623,553800,0.0,0.0
2023-04-19 11:00:00+08:00,6.179999828338623,6.199999809265137,6.179999828338623,6.190000057220459,345700,0.0,0.0
2023-04-19 12:00:00+08:00,6.190000057220459,6.190000057220459,6.179999828338623,6.179999828338623,24400,0.0,0.0
2023-04-19 13:00:00+08:00,6.179999828338623,6.239999771118164,6.179999828338623,6.21999979019165,1082200,0.0,0.0
2023-04-19 14:00:00+08:00,6.21999979019165,6.230000019073486,6.199999809265137,6.210000038146973,474400,0.0,0.0
2023-04-19 15:00:00+08:00,6.210000038146973,6.21999979019165,6.199999809265137,6.199999809265137,492600,0.0,0.0
2023-04-19 16:00:00+08:00,6.199999809265137,6.210000038146973,6.159999847412109,6.179999828338623,792000,0.0,0.0
2023-04-20 09:00:00+08:00,6.199999809265137,6.21999979019165,6.159999847412109,6.199999809265137,870200,0.0,0.0
2023-04-20 10:00:00+08:00,6.199999809265137,6.230000019073486,6.190000057220459,6.21999979019165,547900,0.0,0.0
2023-04-20 11:00:00+08:00,6.21999979019165,6.25,6.21999979019165,6.239999771118164,892400,0.0,0.0
2023-04-20 12:00:00+08:00,6.239999771118164,6.239999771118164,6.239999771118164,6.239999771118164,13300,0.0,0.0
2023-04-20 13:00:00+08:00,6.239999771118164,6.260000228881836,6.230000019073486,6.260000228881836,292600,0.0,0.0
2023-04-20 14:00:00+08:00,6.260000228881836,6.269999980926514,6.25,6.269999980926514,685200,0.0,0.0
2023-04-20 15:00:00+08:00,6.269999980926514,6.289999961853027,6.269999980926514,6.269999980926514,729000,0.0,0.0
2023-04-20 16:00:00+08:00,6.269999980926514,6.289999961853027,6.260000228881836,6.269999980926514,468400,0.0,0.0
2023-04-21 09:00:00+08:00,6.300000190734863,6.46999979019165,6.289999961853027,6.420000076293945,3386600,0.0,0.0
2023-04-21 10:00:00+08:00,6.420000076293945,6.440000057220459,6.409999847412109,6.420000076293945,468400,0.0,0.0
2023-04-21 11:00:00+08:00,6.420000076293945,6.480000019073486,6.420000076293945,6.480000019073486,821500,0.0,0.0
2023-04-21 12:00:00+08:00,6.480000019073486,6.480000019073486,6.46999979019165,6.46999979019165,114500,0.0,0.0
2023-04-21 13:00:00+08:00,6.46999979019165,6.480000019073486,6.449999809265137,6.460000038146973,422100,0.0,0.0
2023-04-21 14:00:00+08:00,6.460000038146973,6.480000019073486,6.440000057220459,6.449999809265137,527300,0.0,0.0
2023-04-21 15:00:00+08:00,6.449999809265137,6.460000038146973,6.420000076293945,6.440000057220459,650100,0.0,0.0
2023-04-21 16:00:00+08:00,6.440000057220459,6.480000019073486,6.429999828338623,6.46999979019165,671200,0.0,0.0
2023-04-24 09:00:00+08:00,6.46999979019165,6.489999771118164,6.369999885559082,6.389999866485596,1545200,0.0,0.0
2023-04-24 10:00:00+08:00,6.389999866485596,6.409999847412109,6.369999885559082,6.389999866485596,562800,0.0,0.0
2023-04-24 11:00:00+08:00,6.389999866485596,6.409999847412109,6.389999866485596,6.400000095367432,494100,0.0,0.0
2023-04-24 12:00:00+08:00,6.400000095367432,6.400000095367432,6.400000095367432,6.400000095367432,12000,0.0,0.0
2023-04-24 13:00:00+08:00,6.400000095367432,6.429999828338623,6.400000095367432,6.429999828338623,665800,0.0,0.0
2023-04-24 14:00:00+08:00,6.429999828338623,6.429999828338623,6.400000095367432,6.400000095367432,354000,0.0,0.0
2023-04-24 15:00:00+08:00,6.409999847412109,6.429999828338623,6.400000095367432,6.429999828338623,250700,0.0,0.0
2023-04-24 16:00:00+08:00,6.429999828338623,6.440000057220459,6.420000076293945,6.429999828338623,494800,0.0,0.0
2023-04-25 09:00:00+08:00,6.440000057220459,6.440000057220459,6.369999885559082,6.400000095367432,800400,0.0,0.0
2023-04-25 10:00:00+08:00,6.400000095367432,6.409999847412109,6.360000133514404,6.369999885559082,630500,0.0,0.0
2023-04-25 11:00:00+08:00,6.369999885559082,6.369999885559082,6.329999923706055,6.349999904632568,778700,0.0,0.0
2023-04-25 12:00:00+08:00,6.329999923706055,6.329999923706055,6.329999923706055,6.329999923706055,139900,0.0,0.0
2023-04-25 13:00:00+08:00,6.329999923706055,6.380000114440918,6.329999923706055,6.369999885559082,268300,0.0,0.0
2023-04-25 14:00:00+08:00,6.369999885559082,6.369999885559082,6.360000133514404,6.360000133514404,159300,0.0,0.0
2023-04-25 15:00:00+08:00,6.360000133514404,6.380000114440918,6.360000133514404,6.369999885559082,477100,0.0,0.0
2023-04-25 16:00:00+08:00,6.369999885559082,6.369999885559082,6.340000152587891,6.349999904632568,682800,0.0,0.0
2023-04-26 09:00:00+08:00,6.320000171661377,6.340000152587891,6.289999961853027,6.309999942779541,1122900,0.0,0.0
2023-04-26 10:00:00+08:00,6.309999942779541,6.369999885559082,6.300000190734863,6.369999885559082,566600,0.0,0.0
2023-04-26 11:00:00+08:00,6.369999885559082,6.369999885559082,6.349999904632568,6.349999904632568,240000,0.0,0.0
2023-04-26 12:00:00+08:00,6.360000133514404,6.360000133514404,6.360000133514404,6.360000133514404,7200,0.0,0.0
2023-04-26 13:00:00+08:00,6.360000133514404,6.360000133514404,6.340000152587891,6.360000133514404,177900,0.0,0.0
2023-04-26 14:00:00+08:00,6.360000133514404,6.369999885559082,6.349999904632568,6.349999904632568,237700,0.0,0.0
2023-04-26 15:00:00+08:00,6.349999904632568,6.360000133514404,6.349999904632568,6.349999904632568,217200,0.0,0.0
2023-04-26 16:00:00+08:00,6.349999904632568,6.360000133514404,6.349999904632568,6.360000133514404,390000,0.0,0.0
2023-04-27 09:00:00+08:00,6.130000114440918,6.139999866485596,6.090000152587891,6.110000133514404,2345100,0.0,0.0
2023-04-27 10:00:00+08:00,6.110000133514404,6.119999885559082,6.079999923706055,6.090000152587891,701700,0.0,0.0
2023-04-27 11:00:00+08:00,6.090000152587891,6.099999904632568,6.090000152587891,6.099999904632568,288200,0.0,0.0
2023-04-27 12:00:00+08:00,6.099999904632568,6.099999904632568,6.090000152587891,6.090000152587891,19300,0.0,0.0
2023-04-27 13:00:00+08:00,6.090000152587891,6.099999904632568,6.059999942779541,6.079999923706055,797000,0.0,0.0
2023-04-27 14:00:00+08:00,6.079999923706055,6.090000152587891,6.070000171661377,6.090000152587891,236000,0.0,0.0
2023-04-27 15:00:00+08:00,6.090000152587891,6.099999904632568,6.070000171661377,6.099999904632568,257200,0.0,0.0
2023-04-27 16:00:00+08:00,6.099999904632568,6.150000095367432,6.090000152587891,6.130000114440918,863000,0.0,0.0
2023-04-28 09:00:00+08:00,6.150000095367432,6.21999979019165,6.119999885559082,6.210000038146973,1044000,0.0,0.0
2023-04-28 10:00:00+08:00,6.210000038146973,6.25,6.210000038146973,6.239999771118164,560300,0.0,0.0
2023-04-28 11:00:00+08:00,6.239999771118164,6.239999771118164,6.190000057220459,6.21999979019165,392100,0.0,0.0
2023-04-28 12:00:00+08:00,6.210000038146973,6.210000038146973,6.210000038146973,6.210000038146973,9700,0.0,0.0
2023-04-28 13:00:00+08:00,6.210000038146973,6.210000038146973,6.190000057220459,6.199999809265137,147400,0.0,0.0
2023-04-28 14:00:00+08:00,6.199999809265137,6.210000038146973,6.179999828338623,6.179999828338623,289100,0.0,0.0
2023-04-28 15:00:00+08:00,6.179999828338623,6.190000057220459,6.170000076293945,6.179999828338623,220400,0.0,0.0
2023-04-28 16:00:00+08:00,6.179999828338623,6.190000057220459,6.170000076293945,6.179999828338623,515500,0.0,0.0
2023-05-02 09:00:00+08:00,6.230000019073486,6.300000190734863,6.210000038146973,6.21999979019165,1402700,0.0,0.0
2023-05-02 10:00:00+08:00,6.21999979019165,6.230000019073486,6.199999809265137,6.21999979019165,454600,0.0,0.0
2023-05-02 11:00:00+08:00,6.21999979019165,6.230000019073486,6.210000038146973,6.230000019073486,259900,0.0,0.0
2023-05-02 12:00:00+08:00,6.21999979019165,6.21999979019165,6.21999979019165,6.21999979019165,23200,0.0,0.0
2023-05-02 13:00:00+08:00,6.21999979019165,6.21999979019165,6.190000057220459,6.21999979019165,312500,0.0,0.0
2023-05-02 14:00:00+08:00,6.21999979019165,6.21999979019165,6.210000038146973,6.21999979019165,99200,0.0,0.0
2023-05-02 15:00:00+08:00,6.21999979019165,6.230000019073486,6.210000038146973,6.21999979019165,295100,0.0,0.0
2023-05-02 16:00:00+08:00,6.21999979019165,6.230000019073486,6.210000038146973,6.210000038146973,484500,0.0,0.0
2023-05-03 09:00:00+08:00,6.289999961853027,6.309999942779541,6.210000038146973,6.230000019073486,1543300,0.0,0.0
2023-05-03 10:00:00+08:00,6.230000019073486,6.289999961853027,6.230000019073486,6.289999961853027,710500,0.0,0.0
2023-05-03 11:00:00+08:00,6.289999961853027,6.340000152587891,6.269999980926514,6.329999923706055,1075400,0.0,0.0
2023-05-03 12:00:00+08:00,6.329999923706055,6.329999923706055,6.329999923706055,6.329999923706055,25100,0.0,0.0
2023-05-03 13:00:00+08:00,6.329999923706055,6.400000095367432,6.320000171661377,6.349999904632568,892800,0.0,0.0
2023-05-03 14:00:00+08:00,6.349999904632568,6.369999885559082,6.340000152587891,6.360000133514404,393900,0.0,0.0
2023-05-03 15:00:00+08:00,6.360000133514404,6.400000095367432,6.349999904632568,6.389999866485596,479400,0.0,0.0
2023-05-03 16:00:00+08:00,6.389999866485596,6.420000076293945,6.380000114440918,6.400000095367432,1547600,0.0,0.0
2023-05-04 09:00:00+08:00,6.440000057220459,6.46999979019165,6.400000095367432,6.409999847412109,795400,0.0,0.0
2023-05-04 10:00:00+08:00,6.420000076293945,6.429999828338623,6.409999847412109,6.420000076293945,172800,0.0,0.0
2023-05-04 11:00:00+08:00,6.420000076293945,6.449999809265137,6.420000076293945,6.440000057220459,0,0.0,0.0
2023-05-04 12:00:00+08:00,6.440000057220459,6.440000057220459,6.429999828338623,6.429999828338623,1341500,0.0,0.0
2023-05-04 13:00:00+08:00,6.429999828338623,6.449999809265137,6.420000076293945,6.429999828338623,226400,0.0,0.0
2023-05-04 14:00:00+08:00,6.429999828338623,6.440000057220459,6.420000076293945,6.429999828338623,194600,0.0,0.0
2023-05-04 15:00:00+08:00,6.429999828338623,6.449999809265137,6.420000076293945,6.440000057220459,446500,0.0,0.0
2023-05-04 16:00:00+08:00,6.440000057220459,6.5,6.440000057220459,6.5,1583800,0.0,0.0
2023-05-05 09:00:00+08:00,6.510000228881836,6.550000190734863,6.460000038146973,6.46999979019165,910700,0.0,0.0
2023-05-05 10:00:00+08:00,6.46999979019165,6.489999771118164,6.429999828338623,6.440000057220459,390100,0.0,0.0
2023-05-05 11:00:00+08:00,6.440000057220459,6.460000038146973,6.420000076293945,6.449999809265137,407800,0.0,0.0
2023-05-05 12:00:00+08:00,6.449999809265137,6.460000038146973,6.449999809265137,6.460000038146973,12400,0.0,0.0
2023-05-05 13:00:00+08:00,6.460000038146973,6.460000038146973,6.440000057220459,6.449999809265137,120500,0.0,0.0
2023-05-05 14:00:00+08:00,6.449999809265137,6.460000038146973,6.440000057220459,6.449999809265137,199900,0.0,0.0
2023-05-05 15:00:00+08:00,6.449999809265137,6.460000038146973,6.440000057220459,6.449999809265137,173000,0.0,0.0
2023-05-05 16:00:00+08:00,6.449999809265137,6.460000038146973,6.440000057220459,6.449999809265137,374200,0.0,0.0
2023-05-08 09:00:00+08:00,6.5,6.5,6.429999828338623,6.449999809265137,396100,0.0,0.0
2023-05-08 10:00:00+08:00,6.449999809265137,6.46999979019165,6.449999809265137,6.460000038146973,182300,0.0,0.0
2023-05-08 11:00:00+08:00,6.460000038146973,6.460000038146973,6.429999828338623,6.429999828338623,110400,0.0,0.0
2023-05-08 12:00:00+08:00,6.449999809265137,6.449999809265137,6.449999809265137,6.449999809265137,11300,0.0,0.0
2023-05-08 13:00:00+08:00,6.449999809265137,6.449999809265137,6.429999828338623,6.440000057220459,92700,0.0,0.0
2023-05-08 14:00:00+08:00,6.440000057220459,6.440000057220459,6.420000076293945,6.429999828338623,107100,0.0,0.0
2023-05-08 15:00:00+08:00,6.429999828338623,6.429999828338623,6.409999847412109,6.420000076293945,175700,0.0,0.0
2023-05-08 16:00:00+08:00,6.420000076293945,6.440000057220459,6.420000076293945,6.429999828338623,177600,0.0,0.0
2023-05-09 09:00:00+08:00,6.409999847412109,6.420000076293945,6.329999923706055,6.369999885559082,1112700,0.0,0.0
2023-05-09 10:00:00+08:00,6.369999885559082,6.429999828338623,6.369999885559082,6.429999828338623,415400,0.0,0.0
2023-05-09 11:00:00+08:00,6.429999828338623,6.429999828338623,6.400000095367432,6.409999847412109,274200,0.0,0.0
2023-05-09 12:00:00+08:00,6.380000114440918,6.380000114440918,6.380000114440918,6.380000114440918,29200,0.0,0.0
2023-05-09 13:00:00+08:00,6.380000114440918,6.409999847412109,6.380000114440918,6.400000095367432,170000,0.0,0.0
2023-05-09 14:00:00+08:00,6.400000095367432,6.409999847412109,6.389999866485596,6.389999866485596,153200,0.0,0.0
2023-05-09 15:00:00+08:00,6.389999866485596,6.400000095367432,6.360000133514404,6.369999885559082,237600,0.0,0.0
2023-05-09 16:00:00+08:00,6.369999885559082,6.380000114440918,6.360000133514404,6.360000133514404,586400,0.0,0.0
2023-05-10 09:00:00+08:00,6.369999885559082,6.420000076293945,6.340000152587891,6.389999866485596,556900,0.0,0.0
2023-05-10 10:00:00+08:00,6.389999866485596,6.409999847412109,6.389999866485596,6.389999866485596,264200,0.0,0.0
2023-05-10 11:00:00+08:00,6.389999866485596,6.400000095367432,6.380000114440918,6.400000095367432,407700,0.0,0.0
2023-05-10 12:00:00+08:00,6.400000095367432,6.400000095367432,6.400000095367432,6.400000095367432,69600,0.0,0.0
2023-05-10 13:00:00+08:00,6.400000095367432,6.409999847412109,6.389999866485596,6.409999847412109,223600,0.0,0.0
2023-05-10 14:00:00+08:00,6.409999847412109,6.409999847412109,6.400000095367432,6.409999847412109,323700,0.0,0.0
2023-05-10 15:00:00+08:00,6.409999847412109,6.409999847412109,6.400000095367432,6.400000095367432,128800,0.0,0.0
2023-05-10 16:00:00+08:00,6.400000095367432,6.420000076293945,6.389999866485596,6.420000076293945,316700,0.0,0.0
2023-05-11 09:00:00+08:00,6.429999828338623,6.460000038146973,6.389999866485596,6.449999809265137,704800,0.0,0.0
2023-05-11 10:00:00+08:00,6.449999809265137,6.449999809265137,6.409999847412109,6.409999847412109,214300,0.0,0.0
2023-05-11 11:00:00+08:00,6.409999847412109,6.420000076293945,6.400000095367432,6.409999847412109,136600,0.0,0.0
2023-05-11 12:00:00+08:00,6.409999847412109,6.409999847412109,6.409999847412109,6.409999847412109,16500,0.0,0.0
2023-05-11 13:00:00+08:00,6.400000095367432,6.420000076293945,6.389999866485596,6.409999847412109,274800,0.0,0.0
2023-05-11 14:00:00+08:00,6.409999847412109,6.420000076293945,6.400000095367432,6.420000076293945,398800,0.0,0.0
2023-05-11 15:00:00+08:00,6.420000076293945,6.429999828338623,6.409999847412109,6.429999828338623,243800,0.0,0.0
2023-05-11 16:00:00+08:00,6.429999828338623,6.440000057220459,6.420000076293945,6.429999828338623,602600,0.0,0.0
2023-05-12 09:00:00+08:00,6.429999828338623,6.429999828338623,6.380000114440918,6.400000095367432,597800,0.0,0.0
2023-05-12 10:00:00+08:00,6.400000095367432,6.420000076293945,6.360000133514404,6.360000133514404,667900,0.0,0.0
2023-05-12 11:00:00+08:00,6.360000133514404,6.389999866485596,6.360000133514404,6.389999866485596,330200,0.0,0.0
2023-05-12 12:00:00+08:00,6.380000114440918,6.380000114440918,6.380000114440918,6.380000114440918,17200,0.0,0.0
2023-05-12 13:00:00+08:00,6.380000114440918,6.400000095367432,6.380000114440918,6.389999866485596,219900,0.0,0.0
2023-05-12 14:00:00+08:00,6.389999866485596,6.409999847412109,6.389999866485596,6.400000095367432,214400,0.0,0.0
2023-05-12 15:00:00+08:00,6.400000095367432,6.420000076293945,6.389999866485596,6.400000095367432,268700,0.0,0.0
2023-05-12 16:00:00+08:00,6.389999866485596,6.409999847412109,6.389999866485596,6.409999847412109,233300,0.0,0.0
2023-05-15 09:00:00+08:00,6.409999847412109,6.420000076293945,6.340000152587891,6.420000076293945,745100,0.0,0.0
2023-05-15 10:00:00+08:00,6.420000076293945,6.440000057220459,6.409999847412109,6.429999828338623,318900,0.0,0.0
2023-05-15 11:00:00+08:00,6.429999828338623,6.449999809265137,6.420000076293945,6.440000057220459,286500,0.0,0.0
2023-05-15 12:00:00+08:00,6.429999828338623,6.429999828338623,6.429999828338623,6.429999828338623,54800,0.0,0.0
2023-05-15 13:00:00+08:00,6.429999828338623,6.449999809265137,6.420000076293945,6.440000057220459,309500,0.0,0.0
2023-05-15 14:00:00+08:00,6.440000057220459,6.449999809265137,6.420000076293945,6.429999828338623,278800,0.0,0.0
2023-05-15 15:00:00+08:00,6.429999828338623,6.440000057220459,6.420000076293945,6.429999828338623,118400,0.0,0.0
2023-05-15 16:00:00+08:00,6.429999828338623,6.440000057220459,6.429999828338623,6.429999828338623,162300,0.0,0.0
2023-05-16 09:00:00+08:00,6.440000057220459,6.440000057220459,6.409999847412109,6.429999828338623,407700,0.0,0.0
2023-05-16 10:00:00+08:00,6.429999828338623,6.53000020980835,6.420000076293945,6.519999980926514,1350800,0.0,0.0
2023-05-16 11:00:00+08:00,6.519999980926514,6.539999961853027,6.5,6.5,378500,0.0,0.0
2023-05-16 12:00:00+08:00,6.5,6.510000228881836,6.5,6.510000228881836,17600,0.0,0.0
2023-05-16 13:00:00+08:00,6.510000228881836,6.510000228881836,6.489999771118164,6.489999771118164,251300,0.0,0.0
2023-05-16 14:00:00+08:00,6.489999771118164,6.489999771118164,6.46999979019165,6.46999979019165,288800,0.0,0.0
2023-05-16 15:00:00+08:00,6.46999979019165,6.489999771118164,6.46999979019165,6.489999771118164,171700,0.0,0.0
2023-05-16 16:00:00+08:00,6.489999771118164,6.5,6.480000019073486,6.489999771118164,347100,0.0,0.0
2023-05-17 09:00:00+08:00,6.489999771118164,6.519999980926514,6.46999979019165,6.480000019073486,793900,0.0,0.0
2023-05-17 10:00:00+08:00,6.480000019073486,6.489999771118164,6.460000038146973,6.46999979019165,250600,0.0,0.0
2023-05-17 11:00:00+08:00,6.46999979019165,6.46999979019165,6.449999809265137,6.449999809265137,821200,0.0,0.0
2023-05-17 12:00:00+08:00,6.449999809265137,6.460000038146973,6.449999809265137,6.460000038146973,37400,0.0,0.0
2023-05-17 13:00:00+08:00,6.460000038146973,6.46999979019165,6.449999809265137,6.449999809265137,489900,0.0,0.0
2023-05-17 14:00:00+08:00,6.449999809265137,6.460000038146973,6.440000057220459,6.460000038146973,620500,0.0,0.0
2023-05-17 15:00:00+08:00,6.460000038146973,6.460000038146973,6.440000057220459,6.449999809265137,229200,0.0,0.0
2023-05-17 16:00:00+08:00,6.449999809265137,6.460000038146973,6.440000057220459,6.460000038146973,254900,0.0,0.0
2023-05-18 09:00:00+08:00,6.5,6.570000171661377,6.480000019073486,6.519999980926514,1300100,0.0,0.0
2023-05-18 10:00:00+08:00,6.519999980926514,6.53000020980835,6.5,6.519999980926514,563000,0.0,0.0
2023-05-18 11:00:00+08:00,6.519999980926514,6.53000020980835,6.5,6.510000228881836,0,0.0,0.0
2023-05-18 12:00:00+08:00,6.510000228881836,6.510000228881836,6.5,6.5,2172600,0.0,0.0
2023-05-18 13:00:00+08:00,6.5,6.510000228881836,6.489999771118164,6.5,211000,0.0,0.0
2023-05-18 14:00:00+08:00,6.5,6.519999980926514,6.5,6.510000228881836,212300,0.0,0.0
2023-05-18 15:00:00+08:00,6.510000228881836,6.53000020980835,6.510000228881836,6.510000228881836,246700,0.0,0.0
2023-05-18 16:00:00+08:00,6.510000228881836,6.53000020980835,6.510000228881836,6.510000228881836,372600,0.0,0.0
2023-05-19 09:00:00+08:00,6.510000228881836,6.570000171661377,6.510000228881836,6.539999961853027,886000,0.0,0.0
2023-05-19 10:00:00+08:00,6.539999961853027,6.550000190734863,6.53000020980835,6.53000020980835,280700,0.0,0.0
2023-05-19 11:00:00+08:00,6.53000020980835,6.53000020980835,6.489999771118164,6.489999771118164,326200,0.0,0.0
2023-05-19 12:00:00+08:00,6.489999771118164,6.489999771118164,6.489999771118164,6.489999771118164,20100,0.0,0.0
2023-05-19 13:00:00+08:00,6.5,6.510000228881836,6.480000019073486,6.489999771118164,257200,0.0,0.0
2023-05-19 14:00:00+08:00,6.489999771118164,6.5,6.46999979019165,6.46999979019165,265000,0.0,0.0
2023-05-19 15:00:00+08:00,6.46999979019165,6.480000019073486,6.460000038146973,6.480000019073486,245800,0.0,0.0
2023-05-19 16:00:00+08:00,6.480000019073486,6.480000019073486,6.46999979019165,6.46999979019165,167000,0.0,0.0
2023-05-22 09:00:00+08:00,6.480000019073486,6.5,6.429999828338623,6.480000019073486,468500,0.0,0.0
2023-05-22 10:00:00+08:00,6.480000019073486,6.510000228881836,6.480000019073486,6.510000228881836,357000,0.0,0.0
2023-05-22 11:00:00+08:00,6.510000228881836,6.510000228881836,6.489999771118164,6.5,247100,0.0,0.0
2023-05-22 12:00:00+08:00,6.5,6.5,6.5,6.5,34700,0.0,0.0
2023-05-22 13:00:00+08:00,6.5,6.510000228881836,6.489999771118164,6.5,227900,0.0,0.0
2023-05-22 14:00:00+08:00,6.5,6.510000228881836,6.489999771118164,6.5,0,0.0,0.0
2023-05-22 15:00:00+08:00,6.5,6.510000228881836,6.489999771118164,6.5,1824100,0.0,0.0
2023-05-22 16:00:00+08:00,6.5,6.510000228881836,6.489999771118164,6.510000228881836,369400,0.0,0.0
2023-05-23 09:00:00+08:00,6.510000228881836,6.559999942779541,6.46999979019165,6.539999961853027,586400,0.0,0.0
2023-05-23 10:00:00+08:00,6.53000020980835,6.539999961853027,6.489999771118164,6.489999771118164,308000,0.0,0.0
2023-05-23 11:00:00+08:00,6.489999771118164,6.519999980926514,6.489999771118164,6.510000228881836,122000,0.0,0.0
2023-05-23 12:00:00+08:00,6.510000228881836,6.510000228881836,6.5,6.5,6500,0.0,0.0
2023-05-23 13:00:00+08:00,6.5,6.53000020980835,6.5,6.510000228881836,218600,0.0,0.0
2023-05-23 14:00:00+08:00,6.510000228881836,6.519999980926514,6.5,6.5,21600,0.0,0.0
2023-05-23 15:00:00+08:00,6.5,6.510000228881836,6.5,6.510000228881836,88700,0.0,0.0
2023-05-23 16:00:00+08:00,6.510000228881836,6.510000228881836,6.5,6.5,159700,0.0,0.0
2023-05-24 09:00:00+08:00,6.480000019073486,6.519999980926514,6.480000019073486,6.480000019073486,387000,0.0,0.0
2023-05-24 10:00:00+08:00,6.480000019073486,6.489999771118164,6.480000019073486,6.489999771118164,93300,0.0,0.0
2023-05-24 11:00:00+08:00,6.489999771118164,6.489999771118164,6.46999979019165,6.480000019073486,139100,0.0,0.0
2023-05-24 12:00:00+08:00,6.46999979019165,6.480000019073486,6.46999979019165,6.480000019073486,2900,0.0,0.0
2023-05-24 13:00:00+08:00,6.480000019073486,6.480000019073486,6.449999809265137,6.46999979019165,194500,0.0,0.0
2023-05-24 14:00:00+08:00,6.46999979019165,6.46999979019165,6.429999828338623,6.440000057220459,268200,0.0,0.0
2023-05-24 15:00:00+08:00,6.440000057220459,6.440000057220459,6.380000114440918,6.409999847412109,759700,0.0,0.0
2023-05-24 16:00:00+08:00,6.409999847412109,6.440000057220459,6.400000095367432,6.420000076293945,527100,0.0,0.0
2023-05-25 09:00:00+08:00,6.380000114440918,6.400000095367432,6.329999923706055,6.360000133514404,1084900,0.0,0.0
2023-05-25 10:00:00+08:00,6.360000133514404,6.389999866485596,6.349999904632568,6.360000133514404,311500,0.0,0.0
2023-05-25 11:00:00+08:00,6.360000133514404,6.369999885559082,6.320000171661377,6.329999923706055,709700,0.0,0.0
2023-05-25 12:00:00+08:00,6.320000171661377,6.329999923706055,6.320000171661377,6.329999923706055,32800,0.0,0.0
2023-05-25 13:00:00+08:00,6.329999923706055,6.340000152587891,6.309999942779541,6.340000152587891,358400,0.0,0.0
2023-05-25 14:00:00+08:00,6.340000152587891,6.340000152587891,6.28000020980835,6.309999942779541,1104100,0.0,0.0
2023-05-25 15:00:00+08:00,6.309999942779541,6.320000171661377,6.289999961853027,6.309999942779541,469200,0.0,0.0
2023-05-25 16:00:00+08:00,6.309999942779541,6.320000171661377,6.309999942779541,6.309999942779541,212600,0.0,0.0
2023-05-26 09:00:00+08:00,6.309999942779541,6.369999885559082,6.300000190734863,6.369999885559082,486100,0.0,0.0
2023-05-26 10:00:00+08:00,6.369999885559082,6.389999866485596,6.360000133514404,6.380000114440918,253000,0.0,0.0
2023-05-26 11:00:00+08:00,6.380000114440918,6.389999866485596,6.369999885559082,6.380000114440918,145600,0.0,0.0
2023-05-26 12:00:00+08:00,6.389999866485596,6.389999866485596,6.389999866485596,6.389999866485596,8900,0.0,0.0
2023-05-26 13:00:00+08:00,6.389999866485596,6.400000095367432,6.369999885559082,6.389999866485596,188500,0.0,0.0
2023-05-26 14:00:00+08:00,6.389999866485596,6.389999866485596,6.369999885559082,6.389999866485596,164700,0.0,0.0
2023-05-26 15:00:00+08:00,6.389999866485596,6.400000095367432,6.380000114440918,6.389999866485596,181800,0.0,0.0
2023-05-26 16:00:00+08:00,6.389999866485596,6.400000095367432,6.380000114440918,6.389999866485596,201600,0.0,0.0
2023-05-29 09:00:00+08:00,6.440000057220459,6.460000038146973,6.400000095367432,6.409999847412109,453600,0.0,0.0
2023-05-29 10:00:00+08:00,6.409999847412109,6.420000076293945,6.369999885559082,6.369999885559082,350100,0.0,0.0
2023-05-29 11:00:00+08:00,6.369999885559082,6.380000114440918,6.360000133514404,6.380000114440918,159800,0.0,0.0
2023-05-29 12:00:00+08:00,6.369999885559082,6.380000114440918,6.369999885559082,6.380000114440918,3900,0.0,0.0
2023-05-29 13:00:00+08:00,6.380000114440918,6.380000114440918,6.340000152587891,6.349999904632568,225800,0.0,0.0
2023-05-29 14:00:00+08:00,6.349999904632568,6.360000133514404,6.340000152587891,6.340000152587891,0,0.0,0.0
2023-05-29 15:00:00+08:00,6.340000152587891,6.360000133514404,6.340000152587891,6.340000152587891,1566700,0.0,0.0
2023-05-29 16:00:00+08:00,6.340000152587891,6.349999904632568,6.340000152587891,6.340000152587891,256000,0.0,0.0
2023-05-30 09:00:00+08:00,6.360000133514404,6.380000114440918,6.300000190734863,6.340000152587891,532000,0.0,0.0
2023-05-30 10:00:00+08:00,6.340000152587891,6.349999904632568,6.309999942779541,6.320000171661377,213900,0.0,0.0
2023-05-30 11:00:00+08:00,6.320000171661377,6.329999923706055,6.28000020980835,6.289999961853027,498600,0.0,0.0
2023-05-30 12:00:00+08:00,6.289999961853027,6.300000190734863,6.289999961853027,6.300000190734863,6300,0.0,0.0
2023-05-30 13:00:00+08:00,6.300000190734863,6.309999942779541,6.289999961853027,6.309999942779541,160800,0.0,0.0
2023-05-30 14:00:00+08:00,6.309999942779541,6.340000152587891,6.309999942779541,6.320000171661377,258000,0.0,0.0
2023-05-30 15:00:00+08:00,6.320000171661377,6.329999923706055,6.320000171661377,6.329999923706055,146700,0.0,0.0
2023-05-30 16:00:00+08:00,6.329999923706055,6.329999923706055,6.300000190734863,6.320000171661377,278400,0.0,0.0
2023-05-31 09:00:00+08:00,6.289999961853027,6.289999961853027,6.239999771118164,6.25,781300,0.0,0.0
2023-05-31 10:00:00+08:00,6.25,6.25,6.199999809265137,6.239999771118164,948100,0.0,0.0
2023-05-31 11:00:00+08:00,6.239999771118164,6.239999771118164,6.210000038146973,6.230000019073486,358500,0.0,0.0
2023-05-31 12:00:00+08:00,6.21999979019165,6.230000019073486,6.21999979019165,6.230000019073486,13000,0.0,0.0
2023-05-31 13:00:00+08:00,6.230000019073486,6.239999771118164,6.21999979019165,6.21999979019165,338700,0.0,0.0
2023-05-31 14:00:00+08:00,6.21999979019165,6.239999771118164,6.210000038146973,6.230000019073486,368300,0.0,0.0
2023-05-31 15:00:00+08:00,6.230000019073486,6.239999771118164,6.210000038146973,6.230000019073486,339000,0.0,0.0
2023-05-31 16:00:00+08:00,6.230000019073486,6.239999771118164,6.21999979019165,6.230000019073486,524200,0.0,0.0
2023-06-01 09:00:00+08:00,6.289999961853027,6.340000152587891,6.260000228881836,6.300000190734863,954800,0.0,0.0
2023-06-01 10:00:00+08:00,6.300000190734863,6.309999942779541,6.289999961853027,6.300000190734863,249400,0.0,0.0
2023-06-01 11:00:00+08:00,6.300000190734863,6.300000190734863,6.260000228881836,6.260000228881836,458100,0.0,0.0
2023-06-01 12:00:00+08:00,6.25,6.25,6.25,6.25,32200,0.0,0.0
2023-06-01 13:00:00+08:00,6.269999980926514,6.269999980926514,6.230000019073486,6.25,507000,0.0,0.0
2023-06-01 14:00:00+08:00,6.25,6.260000228881836,6.239999771118164,6.239999771118164,141200,0.0,0.0
2023-06-01 15:00:00+08:00,6.239999771118164,6.239999771118164,6.230000019073486,6.230000019073486,397200,0.0,0.0
2023-06-01 16:00:00+08:00,6.230000019073486,6.25,6.21999979019165,6.25,653700,0.0,0.0
2023-06-05 09:00:00+08:00,6.320000171661377,6.409999847412109,6.320000171661377,6.369999885559082,1349000,0.0,0.0
2023-06-05 10:00:00+08:00,6.369999885559082,6.369999885559082,6.329999923706055,6.340000152587891,331100,0.0,0.0
2023-06-05 11:00:00+08:00,6.340000152587891,6.380000114440918,6.340000152587891,6.369999885559082,246400,0.0,0.0
2023-06-05 12:00:00+08:00,6.380000114440918,6.380000114440918,6.369999885559082,6.369999885559082,6700,0.0,0.0
2023-06-05 13:00:00+08:00,6.369999885559082,6.380000114440918,6.349999904632568,6.349999904632568,275400,0.0,0.0
2023-06-05 14:00:00+08:00,6.349999904632568,6.360000133514404,6.329999923706055,6.329999923706055,326100,0.0,0.0
2023-06-05 15:00:00+08:00,6.329999923706055,6.340000152587891,6.320000171661377,6.329999923706055,260300,0.0,0.0
2023-06-05 16:00:00+08:00,6.329999923706055,6.349999904632568,6.320000171661377,6.349999904632568,350600,0.0,0.0
2023-06-06 09:00:00+08:00,6.340000152587891,6.369999885559082,6.309999942779541,6.320000171661377,487400,0.0,0.0
2023-06-06 10:00:00+08:00,6.320000171661377,6.340000152587891,6.300000190734863,6.320000171661377,347000,0.0,0.0
2023-06-06 11:00:00+08:00,6.320000171661377,6.329999923706055,6.309999942779541,6.320000171661377,155500,0.0,0.0
2023-06-06 12:00:00+08:00,6.320000171661377,6.329999923706055,6.320000171661377,6.329999923706055,10600,0.0,0.0
2023-06-06 13:00:00+08:00,6.329999923706055,6.340000152587891,6.320000171661377,6.320000171661377,164700,0.0,0.0
2023-06-06 14:00:00+08:00,6.320000171661377,6.329999923706055,6.309999942779541,6.309999942779541,164400,0.0,0.0
2023-06-06 15:00:00+08:00,6.309999942779541,6.329999923706055,6.300000190734863,6.329999923706055,299900,0.0,0.0
2023-06-06 16:00:00+08:00,6.340000152587891,6.340000152587891,6.309999942779541,6.309999942779541,327400,0.0,0.0
2023-06-07 09:00:00+08:00,6.320000171661377,6.389999866485596,6.320000171661377,6.349999904632568,501900,0.0,0.0
2023-06-07 10:00:00+08:00,6.349999904632568,6.360000133514404,6.320000171661377,6.320000171661377,154800,0.0,0.0
2023-06-07 11:00:00+08:00,6.320000171661377,6.329999923706055,6.309999942779541,6.320000171661377,263900,0.0,0.0
2023-06-07 12:00:00+08:00,6.320000171661377,6.320000171661377,6.320000171661377,6.320000171661377,13800,0.0,0.0
2023-06-07 13:00:00+08:00,6.320000171661377,6.340000152587891,6.309999942779541,6.320000171661377,375900,0.0,0.0
2023-06-07 14:00:00+08:00,6.320000171661377,6.329999923706055,6.320000171661377,6.329999923706055,31000,0.0,0.0
2023-06-07 15:00:00+08:00,6.329999923706055,6.329999923706055,6.309999942779541,6.309999942779541,186200,0.0,0.0
2023-06-07 16:00:00+08:00,6.309999942779541,6.320000171661377,6.309999942779541,6.320000171661377,394600,0.0,0.0
2023-06-08 09:00:00+08:00,6.340000152587891,6.369999885559082,6.320000171661377,6.329999923706055,391600,0.0,0.0
2023-06-08 10:00:00+08:00,6.329999923706055,6.340000152587891,6.320000171661377,6.329999923706055,166100,0.0,0.0
2023-06-08 11:00:00+08:00,6.329999923706055,6.329999923706055,6.309999942779541,6.320000171661377,176000,0.0,0.0
2023-06-08 12:00:00+08:00,6.320000171661377,6.320000171661377,6.320000171661377,6.320000171661377,17000,0.0,0.0
2023-06-08 13:00:00+08:00,6.329999923706055,6.340000152587891,6.309999942779541,6.340000152587891,608200,0.0,0.0
2023-06-08 14:00:00+08:00,6.340000152587891,6.349999904632568,6.329999923706055,6.340000152587891,131000,0.0,0.0
2023-06-08 15:00:00+08:00,6.340000152587891,6.369999885559082,6.340000152587891,6.369999885559082,285400,0.0,0.0
2023-06-08 16:00:00+08:00,6.369999885559082,6.380000114440918,6.360000133514404,6.369999885559082,402800,0.0,0.0
2023-06-09 09:00:00+08:00,6.389999866485596,6.440000057220459,6.369999885559082,6.409999847412109,716800,0.0,0.0
2023-06-09 10:00:00+08:00,6.409999847412109,6.420000076293945,6.400000095367432,6.409999847412109,243500,0.0,0.0
2023-06-09 11:00:00+08:00,6.409999847412109,6.420000076293945,6.389999866485596,6.409999847412109,138300,0.0,0.0
2023-06-09 12:00:00+08:00,6.409999847412109,6.409999847412109,6.400000095367432,6.400000095367432,17100,0.0,0.0
2023-06-09 13:00:00+08:00,6.400000095367432,6.420000076293945,6.400000095367432,6.400000095367432,182300,0.0,0.0
2023-06-09 14:00:00+08:00,6.400000095367432,6.420000076293945,6.400000095367432,6.409999847412109,216900,0.0,0.0
2023-06-09 15:00:00+08:00,6.409999847412109,6.429999828338623,6.400000095367432,6.429999828338623,315500,0.0,0.0
2023-06-09 16:00:00+08:00,6.429999828338623,6.449999809265137,6.420000076293945,6.449999809265137,525000,0.0,0.0
2023-06-12 09:00:00+08:00,6.440000057220459,6.480000019073486,6.440000057220459,6.449999809265137,545900,0.0,0.0
2023-06-12 10:00:00+08:00,6.449999809265137,6.460000038146973,6.429999828338623,6.429999828338623,128500,0.0,0.0
2023-06-12 11:00:00+08:00,6.429999828338623,6.460000038146973,6.429999828338623,6.440000057220459,176200,0.0,0.0
2023-06-12 12:00:00+08:00,6.429999828338623,6.429999828338623,6.429999828338623,6.429999828338623,9600,0.0,0.0
2023-06-12 13:00:00+08:00,6.440000057220459,6.460000038146973,6.440000057220459,6.460000038146973,127700,0.0,0.0
2023-06-12 14:00:00+08:00,6.460000038146973,6.460000038146973,6.440000057220459,6.449999809265137,118700,0.0,0.0
2023-06-12 15:00:00+08:00,6.449999809265137,6.449999809265137,6.429999828338623,6.429999828338623,93400,0.0,0.0
2023-06-12 16:00:00+08:00,6.429999828338623,6.449999809265137,6.429999828338623,6.440000057220459,232400,0.0,0.0
2023-06-13 09:00:00+08:00,6.440000057220459,6.440000057220459,6.389999866485596,6.409999847412109,331100,0.0,0.0
2023-06-13 10:00:00+08:00,6.409999847412109,6.429999828338623,6.409999847412109,6.420000076293945,90300,0.0,0.0
2023-06-13 11:00:00+08:00,6.420000076293945,6.449999809265137,6.420000076293945,6.440000057220459,156700,0.0,0.0
2023-06-13 12:00:00+08:00,6.449999809265137,6.449999809265137,6.449999809265137,6.449999809265137,15300,0.0,0.0
2023-06-13 13:00:00+08:00,6.449999809265137,6.5,6.440000057220459,6.5,633000,0.0,0.0
2023-06-13 14:00:00+08:00,6.5,6.510000228881836,6.480000019073486,6.510000228881836,767400,0.0,0.0
2023-06-13 15:00:00+08:00,6.510000228881836,6.519999980926514,6.489999771118164,6.5,435800,0.0,0.0
2023-06-13 16:00:00+08:00,6.5,6.510000228881836,6.489999771118164,6.489999771118164,281500,0.0,0.0
2023-06-14 09:00:00+08:00,6.510000228881836,6.570000171661377,6.489999771118164,6.570000171661377,1146100,0.0,0.0
2023-06-14 10:00:00+08:00,6.570000171661377,6.639999866485596,6.539999961853027,6.630000114440918,1344800,0.0,0.0
2023-06-14 11:00:00+08:00,6.630000114440918,6.670000076293945,6.630000114440918,6.659999847412109,1101200,0.0,0.0
2023-06-14 12:00:00+08:00,6.659999847412109,6.659999847412109,6.659999847412109,6.659999847412109,21900,0.0,0.0
2023-06-14 13:00:00+08:00,6.659999847412109,6.659999847412109,6.639999866485596,6.639999866485596,455500,0.0,0.0
2023-06-14 14:00:00+08:00,6.639999866485596,6.670000076293945,6.639999866485596,6.659999847412109,320800,0.0,0.0
2023-06-14 15:00:00+08:00,6.659999847412109,6.690000057220459,6.659999847412109,6.690000057220459,853200,0.0,0.0
2023-06-14 16:00:00+08:00,6.690000057220459,6.699999809265137,6.679999828338623,6.699999809265137,785200,0.0,0.0
2023-06-15 09:00:00+08:00,6.730000019073486,6.869999885559082,6.71999979019165,6.829999923706055,1720800,0.0,0.0
2023-06-15 10:00:00+08:00,6.840000152587891,6.960000038146973,6.840000152587891,6.940000057220459,1651900,0.0,0.0
2023-06-15 11:00:00+08:00,6.940000057220459,6.980000019073486,6.940000057220459,6.960000038146973,655800,0.0,0.0
2023-06-15 12:00:00+08:00,6.960000038146973,6.960000038146973,6.960000038146973,6.960000038146973,24200,0.0,0.0
2023-06-15 13:00:00+08:00,6.960000038146973,6.989999771118164,6.940000057220459,6.940000057220459,681900,0.0,0.0
2023-06-15 14:00:00+08:00,6.940000057220459,6.989999771118164,6.929999828338623,6.989999771118164,515500,0.0,0.0
2023-06-15 15:00:00+08:00,6.989999771118164,7.039999961853027,6.96999979019165,7.019999980926514,1483000,0.0,0.0
2023-06-15 16:00:00+08:00,7.019999980926514,7.039999961853027,7.019999980926514,7.039999961853027,989700,0.0,0.0
2023-06-16 09:00:00+08:00,7.139999866485596,7.170000076293945,7.079999923706055,7.119999885559082,1875000,0.0,0.0
2023-06-16 10:00:00+08:00,7.119999885559082,7.119999885559082,7.070000171661377,7.119999885559082,608700,0.0,0.0
2023-06-16 11:00:00+08:00,7.119999885559082,7.139999866485596,7.099999904632568,7.099999904632568,292500,0.0,0.0
2023-06-16 12:00:00+08:00,7.119999885559082,7.119999885559082,7.119999885559082,7.119999885559082,54900,0.0,0.0
2023-06-16 13:00:00+08:00,7.110000133514404,7.150000095367432,7.099999904632568,7.119999885559082,641600,0.0,0.0
2023-06-16 14:00:00+08:00,7.119999885559082,7.130000114440918,7.03000020980835,7.039999961853027,844400,0.0,0.0
2023-06-16 15:00:00+08:00,7.039999961853027,7.059999942779541,6.960000038146973,6.989999771118164,1466600,0.0,0.0
2023-06-16 16:00:00+08:00,6.989999771118164,7.059999942779541,6.989999771118164,7.03000020980835,1108400,0.0,0.0
2023-06-19 09:00:00+08:00,6.929999828338623,6.949999809265137,6.880000114440918,6.920000076293945,907600,0.0,0.0
2023-06-19 10:00:00+08:00,6.920000076293945,6.929999828338623,6.900000095367432,6.920000076293945,140200,0.0,0.0
2023-06-19 11:00:00+08:00,6.920000076293945,6.940000057220459,6.920000076293945,6.940000057220459,193800,0.0,0.0
2023-06-19 12:00:00+08:00,6.929999828338623,6.929999828338623,6.929999828338623,6.929999828338623,16900,0.0,0.0
2023-06-19 13:00:00+08:00,6.929999828338623,6.960000038146973,6.929999828338623,6.949999809265137,180400,0.0,0.0
2023-06-19 14:00:00+08:00,6.949999809265137,6.960000038146973,6.940000057220459,6.960000038146973,196400,0.0,0.0
2023-06-19 15:00:00+08:00,6.960000038146973,6.980000019073486,6.949999809265137,6.960000038146973,215500,0.0,0.0
2023-06-19 16:00:00+08:00,6.960000038146973,6.96999979019165,6.949999809265137,6.960000038146973,266400,0.0,0.0
2023-06-20 09:00:00+08:00,6.940000057220459,6.940000057220459,6.78000020980835,6.789999961853027,1478200,0.0,0.0
2023-06-20 10:00:00+08:00,6.789999961853027,6.789999961853027,6.730000019073486,6.730000019073486,941300,0.0,0.0
2023-06-20 11:00:00+08:00,6.730000019073486,6.75,6.710000038146973,6.730000019073486,586500,0.0,0.0
2023-06-20 12:00:00+08:00,6.730000019073486,6.730000019073486,6.730000019073486,6.730000019073486,14600,0.0,0.0
2023-06-20 13:00:00+08:00,6.730000019073486,6.730000019073486,6.650000095367432,6.670000076293945,1072000,0.0,0.0
2023-06-20 14:00:00+08:00,6.670000076293945,6.679999828338623,6.559999942779541,6.579999923706055,1078800,0.0,0.0
2023-06-20 15:00:00+08:00,6.579999923706055,6.630000114440918,6.550000190734863,6.630000114440918,0,0.0,0.0
2023-06-20 16:00:00+08:00,6.630000114440918,6.639999866485596,6.599999904632568,6.610000133514404,7357500,0.0,0.0
2023-06-21 09:00:00+08:00,6.53000020980835,6.679999828338623,6.519999980926514,6.650000095367432,1741900,0.0,0.0
2023-06-21 10:00:00+08:00,6.650000095367432,6.71999979019165,6.639999866485596,6.699999809265137,935100,0.0,0.0
2023-06-21 11:00:00+08:00,6.699999809265137,6.739999771118164,6.699999809265137,6.71999979019165,413900,0.0,0.0
2023-06-21 12:00:00+08:00,6.71999979019165,6.71999979019165,6.71999979019165,6.71999979019165,56800,0.0,0.0
2023-06-21 13:00:00+08:00,6.71999979019165,6.75,6.71999979019165,6.730000019073486,455000,0.0,0.0
2023-06-21 14:00:00+08:00,6.730000019073486,6.75,6.71999979019165,6.75,482400,0.0,0.0
2023-06-21 15:00:00+08:00,6.75,6.75,6.710000038146973,6.730000019073486,342100,0.0,0.0
2023-06-21 16:00:00+08:00,6.730000019073486,6.730000019073486,6.699999809265137,6.710000038146973,529600,0.0,0.0
2023-06-22 09:00:00+08:00,6.730000019073486,6.829999923706055,6.730000019073486,6.739999771118164,1370800,0.0,0.0
2023-06-22 10:00:00+08:00,6.739999771118164,6.739999771118164,6.670000076293945,6.670000076293945,699500,0.0,0.0
2023-06-22 11:00:00+08:00,6.670000076293945,6.699999809265137,6.670000076293945,6.690000057220459,139100,0.0,0.0
2023-06-22 12:00:00+08:00,6.699999809265137,6.699999809265137,6.699999809265137,6.699999809265137,15900,0.0,0.0
2023-06-22 13:00:00+08:00,6.699999809265137,6.71999979019165,6.679999828338623,6.679999828338623,195600,0.0,0.0
2023-06-22 14:00:00+08:00,6.679999828338623,6.699999809265137,6.670000076293945,6.679999828338623,256300,0.0,0.0
2023-06-22 15:00:00+08:00,6.679999828338623,6.679999828338623,6.659999847412109,6.679999828338623,0,0.0,0.0
2023-06-22 16:00:00+08:00,6.679999828338623,6.690000057220459,6.670000076293945,6.679999828338623,3441100,0.0,0.0
2023-06-23 09:00:00+08:00,6.659999847412109,6.690000057220459,6.579999923706055,6.599999904632568,1327800,0.0,0.0
2023-06-23 10:00:00+08:00,6.599999904632568,6.610000133514404,6.570000171661377,6.599999904632568,598700,0.0,0.0
2023-06-23 11:00:00+08:00,6.599999904632568,6.610000133514404,6.570000171661377,6.590000152587891,469900,0.0,0.0
2023-06-23 12:00:00+08:00,6.579999923706055,6.590000152587891,6.579999923706055,6.590000152587891,75700,0.0,0.0
2023-06-23 13:00:00+08:00,6.590000152587891,6.599999904632568,6.570000171661377,6.590000152587891,560500,0.0,0.0
2023-06-23 14:00:00+08:00,6.590000152587891,6.650000095367432,6.590000152587891,6.650000095367432,386300,0.0,0.0
2023-06-23 15:00:00+08:00,6.650000095367432,6.659999847412109,6.610000133514404,6.630000114440918,450600,0.0,0.0
2023-06-23 16:00:00+08:00,6.630000114440918,6.650000095367432,6.619999885559082,6.630000114440918,408800,0.0,0.0
2023-06-26 09:00:00+08:00,6.659999847412109,6.739999771118164,6.659999847412109,6.699999809265137,724800,0.0,0.0
2023-06-26 10:00:00+08:00,6.699999809265137,6.71999979019165,6.699999809265137,6.710000038146973,162800,0.0,0.0
2023-06-26 11:00:00+08:00,6.710000038146973,6.71999979019165,6.670000076293945,6.670000076293945,292100,0.0,0.0
2023-06-26 12:00:00+08:00,6.679999828338623,6.679999828338623,6.679999828338623,6.679999828338623,16800,0.0,0.0
2023-06-26 13:00:00+08:00,6.679999828338623,6.690000057220459,6.659999847412109,6.659999847412109,189200,0.0,0.0
2023-06-26 14:00:00+08:00,6.659999847412109,6.670000076293945,6.639999866485596,6.670000076293945,350100,0.0,0.0
2023-06-26 15:00:00+08:00,6.670000076293945,6.670000076293945,6.659999847412109,6.670000076293945,184600,0.0,0.0
2023-06-26 16:00:00+08:00,6.670000076293945,6.670000076293945,6.639999866485596,6.670000076293945,622400,0.0,0.0
2023-06-27 09:00:00+08:00,6.679999828338623,6.730000019073486,6.659999847412109,6.71999979019165,598500,0.0,0.0
2023-06-27 10:00:00+08:00,6.71999979019165,6.71999979019165,6.690000057220459,6.699999809265137,246500,0.0,0.0
2023-06-27 11:00:00+08:00,6.699999809265137,6.71999979019165,6.699999809265137,6.699999809265137,141100,0.0,0.0
2023-06-27 12:00:00+08:00,6.699999809265137,6.699999809265137,6.690000057220459,6.690000057220459,4200,0.0,0.0
2023-06-27 13:00:00+08:00,6.690000057220459,6.710000038146973,6.690000057220459,6.699999809265137,182700,0.0,0.0
2023-06-27 14:00:00+08:00,6.710000038146973,6.71999979019165,6.699999809265137,6.710000038146973,137300,0.0,0.0
2023-06-27 15:00:00+08:00,6.710000038146973,6.739999771118164,6.710000038146973,6.739999771118164,589100,0.0,0.0
2023-06-27 16:00:00+08:00,6.739999771118164,6.739999771118164,6.71999979019165,6.71999979019165,308800,0.0,0.0
2023-06-28 09:00:00+08:00,6.730000019073486,6.75,6.690000057220459,6.699999809265137,655600,0.0,0.0
2023-06-28 10:00:00+08:00,6.699999809265137,6.710000038146973,6.679999828338623,6.699999809265137,164400,0.0,0.0
2023-06-28 11:00:00+08:00,6.699999809265137,6.699999809265137,6.659999847412109,6.670000076293945,364000,0.0,0.0
2023-06-28 12:00:00+08:00,6.670000076293945,6.670000076293945,6.670000076293945,6.670000076293945,10400,0.0,0.0
2023-06-28 13:00:00+08:00,6.670000076293945,6.679999828338623,6.659999847412109,6.679999828338623,103200,0.0,0.0
2023-06-28 14:00:00+08:00,6.679999828338623,6.690000057220459,6.670000076293945,6.690000057220459,166400,0.0,0.0
2023-06-28 15:00:00+08:00,6.690000057220459,6.690000057220459,6.670000076293945,6.670000076293945,232700,0.0,0.0
2023-06-28 16:00:00+08:00,6.670000076293945,6.679999828338623,6.650000095367432,6.670000076293945,625600,0.0,0.0
2023-06-30 09:00:00+08:00,6.679999828338623,6.71999979019165,6.650000095367432,6.690000057220459,721200,0.0,0.0
2023-06-30 10:00:00+08:00,6.690000057220459,6.699999809265137,6.659999847412109,6.659999847412109,163800,0.0,0.0
2023-06-30 11:00:00+08:00,6.659999847412109,6.670000076293945,6.650000095367432,6.659999847412109,106400,0.0,0.0
2023-06-30 12:00:00+08:00,6.679999828338623,6.679999828338623,6.670000076293945,6.670000076293945,21700,0.0,0.0
2023-06-30 13:00:00+08:00,6.670000076293945,6.690000057220459,6.659999847412109,6.690000057220459,108900,0.0,0.0
2023-06-30 14:00:00+08:00,6.690000057220459,6.699999809265137,6.679999828338623,6.699999809265137,183200,0.0,0.0
2023-06-30 15:00:00+08:00,6.699999809265137,6.71999979019165,6.690000057220459,6.710000038146973,361100,0.0,0.0
2023-06-30 16:00:00+08:00,6.710000038146973,6.710000038146973,6.690000057220459,6.699999809265137,507100,0.0,0.0
2023-07-03 09:00:00+08:00,6.710000038146973,6.710000038146973,6.630000114440918,6.650000095367432,927000,0.0,0.0
2023-07-03 10:00:00+08:00,6.650000095367432,6.690000057220459,6.650000095367432,6.670000076293945,549800,0.0,0.0
2023-07-03 11:00:00+08:00,6.670000076293945,6.699999809265137,6.670000076293945,6.690000057220459,358800,0.0,0.0
2023-07-03 12:00:00+08:00,6.699999809265137,6.699999809265137,6.699999809265137,6.699999809265137,33600,0.0,0.0
2023-07-03 13:00:00+08:00,6.699999809265137,6.710000038146973,6.659999847412109,6.679999828338623,363100,0.0,0.0
2023-07-03 14:00:00+08:00,6.679999828338623,6.699999809265137,6.670000076293945,6.690000057220459,294900,0.0,0.0
2023-07-03 15:00:00+08:00,6.690000057220459,6.699999809265137,6.679999828338623,6.679999828338623,114700,0.0,0.0
2023-07-03 16:00:00+08:00,6.679999828338623,6.690000057220459,6.659999847412109,6.670000076293945,282500,0.0,0.0
2023-07-04 09:00:00+08:00,6.670000076293945,6.690000057220459,6.650000095367432,6.670000076293945,453300,0.0,0.0
2023-07-04 10:00:00+08:00,6.670000076293945,6.690000057220459,6.659999847412109,6.670000076293945,219400,0.0,0.0
2023-07-04 11:00:00+08:00,6.670000076293945,6.690000057220459,6.659999847412109,6.679999828338623,196600,0.0,0.0
2023-07-04 12:00:00+08:00,6.679999828338623,6.679999828338623,6.670000076293945,6.670000076293945,8400,0.0,0.0
2023-07-04 13:00:00+08:00,6.670000076293945,6.690000057220459,6.670000076293945,6.690000057220459,94000,0.0,0.0
2023-07-04 14:00:00+08:00,6.690000057220459,6.690000057220459,6.679999828338623,6.690000057220459,68200,0.0,0.0
2023-07-04 15:00:00+08:00,6.690000057220459,6.690000057220459,6.679999828338623,6.690000057220459,152800,0.0,0.0
2023-07-04 16:00:00+08:00,6.690000057220459,6.690000057220459,6.679999828338623,6.690000057220459,265900,0.0,0.0
2023-07-05 09:00:00+08:00,6.690000057220459,6.699999809265137,6.630000114440918,6.679999828338623,551100,0.0,0.0
2023-07-05 10:00:00+08:00,6.679999828338623,6.679999828338623,6.650000095367432,6.659999847412109,221000,0.0,0.0
2023-07-05 11:00:00+08:00,6.659999847412109,6.670000076293945,6.650000095367432,6.670000076293945,308700,0.0,0.0
2023-07-05 12:00:00+08:00,6.679999828338623,6.679999828338623,6.679999828338623,6.679999828338623,27100,0.0,0.0
2023-07-05 13:00:00+08:00,6.679999828338623,6.679999828338623,6.659999847412109,6.679999828338623,75600,0.0,0.0
2023-07-05 14:00:00+08:00,6.679999828338623,6.679999828338623,6.659999847412109,6.659999847412109,123700,0.0,0.0
2023-07-05 15:00:00+08:00,6.659999847412109,6.670000076293945,6.650000095367432,6.670000076293945,177700,0.0,0.0
2023-07-05 16:00:00+08:00,6.670000076293945,6.670000076293945,6.650000095367432,6.659999847412109,285800,0.0,0.0
2023-07-06 09:00:00+08:00,6.650000095367432,6.650000095367432,6.559999942779541,6.570000171661377,1124300,0.0,0.0
2023-07-06 10:00:00+08:00,6.570000171661377,6.590000152587891,6.539999961853027,6.550000190734863,513800,0.0,0.0
2023-07-06 11:00:00+08:00,6.550000190734863,6.559999942779541,6.46999979019165,6.480000019073486,1057300,0.0,0.0
2023-07-06 12:00:00+08:00,6.480000019073486,6.480000019073486,6.480000019073486,6.480000019073486,32900,0.0,0.0
2023-07-06 13:00:00+08:00,6.489999771118164,6.5,6.46999979019165,6.5,471900,0.0,0.0
2023-07-06 14:00:00+08:00,6.5,6.510000228881836,6.489999771118164,6.5,331100,0.0,0.0
2023-07-06 15:00:00+08:00,6.5,6.5,6.46999979019165,6.480000019073486,579700,0.0,0.0
2023-07-06 16:00:00+08:00,6.480000019073486,6.510000228881836,6.46999979019165,6.5,602300,0.0,0.0
2023-07-07 09:00:00+08:00,6.420000076293945,6.440000057220459,6.369999885559082,6.429999828338623,1279600,0.0,0.0
2023-07-07 10:00:00+08:00,6.429999828338623,6.460000038146973,6.389999866485596,6.460000038146973,562500,0.0,0.0
2023-07-07 11:00:00+08:00,6.460000038146973,6.480000019073486,6.449999809265137,6.460000038146973,233500,0.0,0.0
2023-07-07 12:00:00+08:00,6.429999828338623,6.429999828338623,6.429999828338623,6.429999828338623,42300,0.0,0.0
2023-07-07 13:00:00+08:00,6.440000057220459,6.460000038146973,6.429999828338623,6.440000057220459,200600,0.0,0.0
2023-07-07 14:00:00+08:00,6.440000057220459,6.460000038146973,6.429999828338623,6.440000057220459,291000,0.0,0.0
2023-07-07 15:00:00+08:00,6.440000057220459,6.46999979019165,6.429999828338623,6.449999809265137,332400,0.0,0.0
2023-07-07 16:00:00+08:00,6.449999809265137,6.460000038146973,6.429999828338623,6.449999809265137,292000,0.0,0.0
2023-07-10 09:00:00+08:00,6.46999979019165,6.510000228881836,6.449999809265137,6.489999771118164,539600,0.0,0.0
2023-07-10 10:00:00+08:00,6.489999771118164,6.489999771118164,6.46999979019165,6.46999979019165,432100,0.0,0.0
2023-07-10 11:00:00+08:00,6.46999979019165,6.46999979019165,6.409999847412109,6.429999828338623,276900,0.0,0.0
2023-07-10 12:00:00+08:00,6.429999828338623,6.429999828338623,6.429999828338623,6.429999828338623,25100,0.0,0.0
2023-07-10 13:00:00+08:00,6.429999828338623,6.440000057220459,6.420000076293945,6.429999828338623,66600,0.0,0.0
2023-07-10 14:00:00+08:00,6.429999828338623,6.429999828338623,6.409999847412109,6.429999828338623,316100,0.0,0.0
2023-07-10 15:00:00+08:00,6.429999828338623,6.449999809265137,6.420000076293945,6.449999809265137,200300,0.0,0.0
2023-07-10 16:00:00+08:00,6.449999809265137,6.480000019073486,6.449999809265137,6.46999979019165,254300,0.0,0.0
2023-07-11 09:00:00+08:00,6.5,6.550000190734863,6.480000019073486,6.519999980926514,556200,0.0,0.0
2023-07-11 10:00:00+08:00,6.519999980926514,6.519999980926514,6.489999771118164,6.519999980926514,182300,0.0,0.0
2023-07-11 11:00:00+08:00,6.519999980926514,6.53000020980835,6.5,6.5,169600,0.0,0.0
2023-07-11 12:00:00+08:00,6.510000228881836,6.510000228881836,6.510000228881836,6.510000228881836,4000,0.0,0.0
2023-07-11 13:00:00+08:00,6.510000228881836,6.519999980926514,6.489999771118164,6.5,87200,0.0,0.0
2023-07-11 14:00:00+08:00,6.5,6.510000228881836,6.5,6.510000228881836,107100,0.0,0.0
2023-07-11 15:00:00+08:00,6.510000228881836,6.53000020980835,6.510000228881836,6.53000020980835,118300,0.0,0.0
2023-07-11 16:00:00+08:00,6.53000020980835,6.539999961853027,6.519999980926514,6.539999961853027,121000,0.0,0.0
2023-07-12 09:00:00+08:00,6.550000190734863,6.579999923706055,6.489999771118164,6.53000020980835,617200,0.0,0.0
2023-07-12 10:00:00+08:00,6.53000020980835,6.539999961853027,6.510000228881836,6.510000228881836,369800,0.0,0.0
2023-07-12 11:00:00+08:00,6.510000228881836,6.539999961853027,6.5,6.53000020980835,397300,0.0,0.0
2023-07-12 12:00:00+08:00,6.53000020980835,6.53000020980835,6.519999980926514,6.519999980926514,41700,0.0,0.0
2023-07-12 13:00:00+08:00,6.519999980926514,6.550000190734863,6.519999980926514,6.53000020980835,220400,0.0,0.0
2023-07-12 14:00:00+08:00,6.53000020980835,6.550000190734863,6.53000020980835,6.550000190734863,289000,0.0,0.0
2023-07-12 15:00:00+08:00,6.550000190734863,6.550000190734863,6.53000020980835,6.53000020980835,306900,0.0,0.0
2023-07-12 16:00:00+08:00,6.53000020980835,6.550000190734863,6.53000020980835,6.550000190734863,380600,0.0,0.0
2023-07-13 09:00:00+08:00,6.579999923706055,6.639999866485596,6.570000171661377,6.630000114440918,927100,0.0,0.0
2023-07-13 10:00:00+08:00,6.630000114440918,6.679999828338623,6.619999885559082,6.659999847412109,758900,0.0,0.0
2023-07-13 11:00:00+08:00,6.659999847412109,6.679999828338623,6.650000095367432,6.670000076293945,211500,0.0,0.0
2023-07-13 12:00:00+08:00,6.679999828338623,6.679999828338623,6.679999828338623,6.679999828338623,54400,0.0,0.0
2023-07-13 13:00:00+08:00,6.670000076293945,6.699999809265137,6.659999847412109,6.699999809265137,401700,0.0,0.0
2023-07-13 14:00:00+08:00,6.699999809265137,6.71999979019165,6.690000057220459,6.71999979019165,558900,0.0,0.0
2023-07-13 15:00:00+08:00,6.71999979019165,6.75,6.710000038146973,6.71999979019165,677800,0.0,0.0
2023-07-13 16:00:00+08:00,6.71999979019165,6.769999980926514,6.710000038146973,6.760000228881836,579700,0.0,0.0
2023-07-14 09:00:00+08:00,6.800000190734863,6.840000152587891,6.769999980926514,6.829999923706055,1105100,0.0,0.0
2023-07-14 10:00:00+08:00,6.829999923706055,6.849999904632568,6.829999923706055,6.829999923706055,476400,0.0,0.0
2023-07-14 11:00:00+08:00,6.829999923706055,6.840000152587891,6.809999942779541,6.820000171661377,406800,0.0,0.0
2023-07-14 12:00:00+08:00,6.829999923706055,6.829999923706055,6.820000171661377,6.820000171661377,61100,0.0,0.0
2023-07-14 13:00:00+08:00,6.820000171661377,6.829999923706055,6.789999961853027,6.789999961853027,172400,0.0,0.0
2023-07-14 14:00:00+08:00,6.789999961853027,6.800000190734863,6.789999961853027,6.800000190734863,56900,0.0,0.0
2023-07-14 15:00:00+08:00,6.800000190734863,6.820000171661377,6.800000190734863,6.809999942779541,471300,0.0,0.0
2023-07-14 16:00:00+08:00,6.809999942779541,6.820000171661377,6.800000190734863,6.820000171661377,206500,0.0,0.0
2023-07-17 09:00:00+08:00,6.809999942779541,6.820000171661377,6.71999979019165,6.760000228881836,552300,0.0,0.0
2023-07-17 10:00:00+08:00,6.760000228881836,6.809999942779541,6.75,6.800000190734863,251400,0.0,0.0
2023-07-17 11:00:00+08:00,6.800000190734863,6.829999923706055,6.78000020980835,6.800000190734863,224300,0.0,0.0
2023-07-17 12:00:00+08:00,6.809999942779541,6.809999942779541,6.809999942779541,6.809999942779541,18900,0.0,0.0
2023-07-17 13:00:00+08:00,6.809999942779541,6.820000171661377,6.78000020980835,6.800000190734863,266600,0.0,0.0
2023-07-17 14:00:00+08:00,6.800000190734863,6.820000171661377,6.800000190734863,6.820000171661377,256100,0.0,0.0
2023-07-17 15:00:00+08:00,6.820000171661377,6.829999923706055,6.809999942779541,6.820000171661377,217600,0.0,0.0
2023-07-17 16:00:00+08:00,6.820000171661377,6.829999923706055,6.800000190734863,6.829999923706055,358100,0.0,0.0
2023-07-18 09:00:00+08:00,6.829999923706055,6.880000114440918,6.800000190734863,6.829999923706055,694200,0.0,0.0
2023-07-18 10:00:00+08:00,6.829999923706055,6.849999904632568,6.820000171661377,6.840000152587891,122400,0.0,0.0
2023-07-18 11:00:00+08:00,6.840000152587891,6.849999904632568,6.809999942779541,6.809999942779541,273000,0.0,0.0
2023-07-18 12:00:00+08:00,6.809999942779541,6.809999942779541,6.809999942779541,6.809999942779541,20200,0.0,0.0
2023-07-18 13:00:00+08:00,6.809999942779541,6.829999923706055,6.809999942779541,6.829999923706055,75800,0.0,0.0
2023-07-18 14:00:00+08:00,6.829999923706055,6.840000152587891,6.820000171661377,6.829999923706055,215200,0.0,0.0
2023-07-18 15:00:00+08:00,6.829999923706055,6.829999923706055,6.820000171661377,6.829999923706055,82900,0.0,0.0
2023-07-18 16:00:00+08:00,6.829999923706055,6.860000133514404,6.829999923706055,6.840000152587891,298300,0.0,0.0
2023-07-19 09:00:00+08:00,6.869999885559082,6.900000095367432,6.840000152587891,6.840000152587891,431500,0.0,0.0
2023-07-19 10:00:00+08:00,6.840000152587891,6.860000133514404,6.829999923706055,6.840000152587891,97000,0.0,0.0
2023-07-19 11:00:00+08:00,6.840000152587891,6.860000133514404,6.840000152587891,6.849999904632568,204600,0.0,0.0
2023-07-19 12:00:00+08:00,6.849999904632568,6.849999904632568,6.849999904632568,6.849999904632568,13500,0.0,0.0
2023-07-19 13:00:00+08:00,6.840000152587891,6.860000133514404,6.840000152587891,6.849999904632568,300100,0.0,0.0
2023-07-19 14:00:00+08:00,6.849999904632568,6.869999885559082,6.849999904632568,6.869999885559082,136300,0.0,0.0
2023-07-19 15:00:00+08:00,6.869999885559082,6.880000114440918,6.860000133514404,6.869999885559082,252800,0.0,0.0
2023-07-19 16:00:00+08:00,6.869999885559082,6.880000114440918,6.860000133514404,6.869999885559082,218100,0.0,0.0
2023-07-20 09:00:00+08:00,6.860000133514404,6.900000095367432,6.849999904632568,6.889999866485596,488400,0.0,0.0
2023-07-20 10:00:00+08:00,6.900000095367432,6.929999828338623,6.889999866485596,6.909999847412109,681200,0.0,0.0
2023-07-20 11:00:00+08:00,6.909999847412109,6.920000076293945,6.900000095367432,6.909999847412109,211600,0.0,0.0
2023-07-20 12:00:00+08:00,6.909999847412109,6.909999847412109,6.909999847412109,6.909999847412109,51400,0.0,0.0
2023-07-20 13:00:00+08:00,6.909999847412109,6.96999979019165,6.900000095367432,6.96999979019165,477200,0.0,0.0
2023-07-20 14:00:00+08:00,6.96999979019165,6.96999979019165,6.929999828338623,6.929999828338623,350500,0.0,0.0
2023-07-20 15:00:00+08:00,6.929999828338623,6.940000057220459,6.920000076293945,6.929999828338623,249700,0.0,0.0
2023-07-20 16:00:00+08:00,6.929999828338623,6.960000038146973,6.929999828338623,6.960000038146973,160000,0.0,0.0
2023-07-21 09:00:00+08:00,6.960000038146973,6.960000038146973,6.800000190734863,6.829999923706055,1846800,0.0,0.0
2023-07-21 10:00:00+08:00,6.829999923706055,6.860000133514404,6.829999923706055,6.829999923706055,362200,0.0,0.0
2023-07-21 11:00:00+08:00,6.829999923706055,6.840000152587891,6.820000171661377,6.820000171661377,109500,0.0,0.0
2023-07-21 12:00:00+08:00,6.840000152587891,6.840000152587891,6.829999923706055,6.829999923706055,8100,0.0,0.0
2023-07-21 13:00:00+08:00,6.829999923706055,6.829999923706055,6.800000190734863,6.809999942779541,308200,0.0,0.0
2023-07-21 14:00:00+08:00,6.809999942779541,6.820000171661377,6.769999980926514,6.809999942779541,550100,0.0,0.0
2023-07-21 15:00:00+08:00,6.809999942779541,6.820000171661377,6.789999961853027,6.800000190734863,349700,0.0,0.0
2023-07-21 16:00:00+08:00,6.800000190734863,6.820000171661377,6.789999961853027,6.800000190734863,482500,0.0,0.0
2023-07-24 09:00:00+08:00,6.789999961853027,6.800000190734863,6.710000038146973,6.71999979019165,693600,0.0,0.0
2023-07-24 10:00:00+08:00,6.71999979019165,6.730000019073486,6.699999809265137,6.699999809265137,490900,0.0,0.0
2023-07-24 11:00:00+08:00,6.699999809265137,6.710000038146973,6.690000057220459,6.699999809265137,311900,0.0,0.0
2023-07-24 12:00:00+08:00,6.699999809265137,6.699999809265137,6.690000057220459,6.690000057220459,41100,0.0,0.0
2023-07-24 13:00:00+08:00,6.690000057220459,6.690000057220459,6.679999828338623,6.679999828338623,197500,0.0,0.0
2023-07-24 14:00:00+08:00,6.679999828338623,6.690000057220459,6.679999828338623,6.679999828338623,159000,0.0,0.0
2023-07-24 15:00:00+08:00,6.679999828338623,6.710000038146973,6.679999828338623,6.710000038146973,441900,0.0,0.0
2023-07-24 16:00:00+08:00,6.710000038146973,6.710000038146973,6.690000057220459,6.710000038146973,350100,0.0,0.0
2023-07-25 09:00:00+08:00,6.769999980926514,6.869999885559082,6.730000019073486,6.840000152587891,1007800,0.0,0.0
2023-07-25 10:00:00+08:00,6.840000152587891,6.869999885559082,6.829999923706055,6.849999904632568,351800,0.0,0.0
2023-07-25 11:00:00+08:00,6.849999904632568,6.849999904632568,6.820000171661377,6.829999923706055,110100,0.0,0.0
2023-07-25 12:00:00+08:00,6.829999923706055,6.829999923706055,6.829999923706055,6.829999923706055,21700,0.0,0.0
2023-07-25 13:00:00+08:00,6.829999923706055,6.849999904632568,6.820000171661377,6.849999904632568,291500,0.0,0.0
2023-07-25 14:00:00+08:00,6.849999904632568,6.880000114440918,6.840000152587891,6.880000114440918,660500,0.0,0.0
2023-07-25 15:00:00+08:00,6.880000114440918,6.900000095367432,6.869999885559082,6.880000114440918,467700,0.0,0.0
2023-07-25 16:00:00+08:00,6.880000114440918,6.900000095367432,6.840000152587891,6.860000133514404,810800,0.0,0.0
2023-07-26 09:00:00+08:00,6.880000114440918,6.96999979019165,6.860000133514404,6.96999979019165,1316600,0.0,0.0
2023-07-26 10:00:00+08:00,6.96999979019165,7.0,6.949999809265137,6.96999979019165,885400,0.0,0.0
2023-07-26 11:00:00+08:00,6.96999979019165,6.980000019073486,6.960000038146973,6.96999979019165,291500,0.0,0.0
2023-07-26 12:00:00+08:00,6.96999979019165,6.96999979019165,6.96999979019165,6.96999979019165,65300,0.0,0.0
2023-07-26 13:00:00+08:00,6.96999979019165,6.989999771118164,6.960000038146973,6.960000038146973,353800,0.0,0.0
2023-07-26 14:00:00+08:00,6.960000038146973,6.980000019073486,6.960000038146973,6.980000019073486,209100,0.0,0.0
2023-07-26 15:00:00+08:00,6.980000019073486,6.989999771118164,6.96999979019165,6.980000019073486,353900,0.0,0.0
2023-07-26 16:00:00+08:00,6.980000019073486,6.989999771118164,6.980000019073486,6.989999771118164,487500,0.0,0.0
2023-07-27 09:00:00+08:00,6.989999771118164,7.019999980926514,6.96999979019165,6.989999771118164,860100,0.0,0.0
2023-07-27 10:00:00+08:00,6.989999771118164,7.010000228881836,6.960000038146973,6.960000038146973,559300,0.0,0.0
2023-07-27 11:00:00+08:00,6.960000038146973,6.96999979019165,6.929999828338623,6.949999809265137,376400,0.0,0.0
2023-07-27 12:00:00+08:00,6.960000038146973,6.960000038146973,6.949999809265137,6.949999809265137,30600,0.0,0.0
2023-07-27 13:00:00+08:00,6.949999809265137,6.96999979019165,6.949999809265137,6.960000038146973,294600,0.0,0.0
2023-07-27 14:00:00+08:00,6.960000038146973,6.96999979019165,6.949999809265137,6.960000038146973,301600,0.0,0.0
2023-07-27 15:00:00+08:00,6.960000038146973,6.960000038146973,6.940000057220459,6.940000057220459,261400,0.0,0.0
2023-07-27 16:00:00+08:00,6.940000057220459,6.960000038146973,6.929999828338623,6.949999809265137,1105700,0.0,0.0
2023-07-28 09:00:00+08:00,7.090000152587891,7.150000095367432,7.059999942779541,7.110000133514404,3159200,0.0,0.0
2023-07-28 10:00:00+08:00,7.110000133514404,7.130000114440918,7.099999904632568,7.110000133514404,655000,0.0,0.0
2023-07-28 11:00:00+08:00,7.110000133514404,7.150000095367432,7.110000133514404,7.139999866485596,668400,0.0,0.0
2023-07-28 12:00:00+08:00,7.139999866485596,7.139999866485596,7.139999866485596,7.139999866485596,36400,0.0,0.0
2023-07-28 13:00:00+08:00,7.130000114440918,7.159999847412109,7.130000114440918,7.150000095367432,1106200,0.0,0.0
2023-07-28 14:00:00+08:00,7.150000095367432,7.159999847412109,7.139999866485596,7.159999847412109,652400,0.0,0.0
2023-07-28 15:00:00+08:00,7.159999847412109,7.159999847412109,7.150000095367432,7.150000095367432,507500,0.0,0.0
2023-07-28 16:00:00+08:00,7.150000095367432,7.190000057220459,7.150000095367432,7.179999828338623,1065300,0.0,0.0
2023-07-31 09:00:00+08:00,7.260000228881836,7.440000057220459,7.260000228881836,7.440000057220459,2771800,0.0,0.0
2023-07-31 10:00:00+08:00,7.440000057220459,7.449999809265137,7.380000114440918,7.409999847412109,787800,0.0,0.0
2023-07-31 11:00:00+08:00,7.409999847412109,7.420000076293945,7.360000133514404,7.360000133514404,458000,0.0,0.0
2023-07-31 12:00:00+08:00,7.369999885559082,7.369999885559082,7.369999885559082,7.369999885559082,37800,0.0,0.0
2023-07-31 13:00:00+08:00,7.369999885559082,7.389999866485596,7.349999904632568,7.369999885559082,483200,0.0,0.0
2023-07-31 14:00:00+08:00,7.369999885559082,7.380000114440918,7.329999923706055,7.340000152587891,640200,0.0,0.0
2023-07-31 15:00:00+08:00,7.340000152587891,7.360000133514404,7.320000171661377,7.360000133514404,568400,0.0,0.0
2023-07-31 16:00:00+08:00,7.360000133514404,7.369999885559082,7.349999904632568,7.369999885559082,536900,0.0,0.0
2023-08-01 09:00:00+08:00,7.429999828338623,7.460000038146973,7.369999885559082,7.380000114440918,1218700,0.0,0.0
2023-08-01 10:00:00+08:00,7.380000114440918,7.400000095367432,7.349999904632568,7.349999904632568,341500,0.0,0.0
2023-08-01 11:00:00+08:00,7.349999904632568,7.380000114440918,7.349999904632568,7.380000114440918,231200,0.0,0.0
2023-08-01 12:00:00+08:00,7.389999866485596,7.389999866485596,7.380000114440918,7.380000114440918,25500,0.0,0.0
2023-08-01 13:00:00+08:00,7.380000114440918,7.400000095367432,7.380000114440918,7.389999866485596,237000,0.0,0.0
2023-08-01 14:00:00+08:00,7.389999866485596,7.400000095367432,7.369999885559082,7.369999885559082,375200,0.0,0.0
2023-08-01 15:00:00+08:00,7.369999885559082,7.380000114440918,7.349999904632568,7.380000114440918,370300,0.0,0.0
2023-08-01 16:00:00+08:00,7.380000114440918,7.400000095367432,7.369999885559082,7.389999866485596,473000,0.0,0.0
2023-08-02 09:00:00+08:00,7.389999866485596,7.400000095367432,7.360000133514404,7.369999885559082,463300,0.0,0.0
2023-08-02 10:00:00+08:00,7.369999885559082,7.380000114440918,7.309999942779541,7.340000152587891,601500,0.0,0.0
2023-08-02 11:00:00+08:00,7.340000152587891,7.360000133514404,7.309999942779541,7.340000152587891,580500,0.0,0.0
2023-08-02 12:00:00+08:00,7.340000152587891,7.340000152587891,7.340000152587891,7.340000152587891,43900,0.0,0.0
2023-08-02 13:00:00+08:00,7.340000152587891,7.340000152587891,7.239999771118164,7.269999980926514,1108000,0.0,0.0
2023-08-02 14:00:00+08:00,7.269999980926514,7.28000020980835,7.25,7.25,380600,0.0,0.0
2023-08-02 15:00:00+08:00,7.25,7.28000020980835,7.25,7.260000228881836,410000,0.0,0.0
2023-08-02 16:00:00+08:00,7.260000228881836,7.269999980926514,7.21999979019165,7.260000228881836,1031600,0.0,0.0
2023-08-03 09:00:00+08:00,7.260000228881836,7.360000133514404,7.25,7.329999923706055,1097400,0.0,0.0
2023-08-03 10:00:00+08:00,7.329999923706055,7.329999923706055,7.309999942779541,7.309999942779541,397600,0.0,0.0
2023-08-03 11:00:00+08:00,7.309999942779541,7.320000171661377,7.28000020980835,7.309999942779541,256900,0.0,0.0
2023-08-03 12:00:00+08:00,7.309999942779541,7.309999942779541,7.300000190734863,7.300000190734863,15300,0.0,0.0
2023-08-03 13:00:00+08:00,7.300000190734863,7.320000171661377,7.289999961853027,7.289999961853027,207400,0.0,0.0
2023-08-03 14:00:00+08:00,7.289999961853027,7.320000171661377,7.289999961853027,7.289999961853027,404500,0.0,0.0
2023-08-03 15:00:00+08:00,7.289999961853027,7.300000190734863,7.269999980926514,7.28000020980835,528500,0.0,0.0
2023-08-03 16:00:00+08:00,7.28000020980835,7.289999961853027,7.25,7.269999980926514,624300,0.0,0.0
2023-08-04 09:00:00+08:00,7.309999942779541,7.320000171661377,7.21999979019165,7.239999771118164,1305100,0.0,0.0
2023-08-04 10:00:00+08:00,7.239999771118164,7.25,7.21999979019165,7.239999771118164,413200,0.0,0.0
2023-08-04 11:00:00+08:00,7.239999771118164,7.25,7.21999979019165,7.230000019073486,376000,0.0,0.0
2023-08-04 12:00:00+08:00,7.230000019073486,7.230000019073486,7.230000019073486,7.230000019073486,20800,0.0,0.0
2023-08-04 13:00:00+08:00,7.239999771118164,7.260000228881836,7.230000019073486,7.230000019073486,255800,0.0,0.0
2023-08-04 14:00:00+08:00,7.230000019073486,7.25,7.230000019073486,7.239999771118164,169100,0.0,0.0
2023-08-04 15:00:00+08:00,7.239999771118164,7.25,7.230000019073486,7.239999771118164,177300,0.0,0.0
2023-08-04 16:00:00+08:00,7.239999771118164,7.269999980926514,7.230000019073486,7.239999771118164,752900,0.0,0.0
2023-08-07 09:00:00+08:00,7.079999923706055,7.159999847412109,7.050000190734863,7.150000095367432,1000800,0.0,0.0
2023-08-07 10:00:00+08:00,7.150000095367432,7.190000057220459,7.150000095367432,7.170000076293945,376900,0.0,0.0
2023-08-07 11:00:00+08:00,7.170000076293945,7.190000057220459,7.159999847412109,7.179999828338623,378100,0.0,0.0
2023-08-07 12:00:00+08:00,7.179999828338623,7.179999828338623,7.179999828338623,7.179999828338623,8800,0.0,0.0
2023-08-07 13:00:00+08:00,7.179999828338623,7.190000057220459,7.170000076293945,7.190000057220459,173500,0.0,0.0
2023-08-07 14:00:00+08:00,7.190000057220459,7.190000057220459,7.150000095367432,7.150000095367432,146700,0.0,0.0
2023-08-07 15:00:00+08:00,7.150000095367432,7.179999828338623,7.150000095367432,7.170000076293945,276800,0.0,0.0
2023-08-07 16:00:00+08:00,7.170000076293945,7.190000057220459,7.159999847412109,7.190000057220459,430200,0.0,0.0
2023-08-08 09:00:00+08:00,7.21999979019165,7.21999979019165,7.150000095367432,7.159999847412109,465100,0.0,0.0
2023-08-08 10:00:00+08:00,7.159999847412109,7.199999809265137,7.159999847412109,7.170000076293945,228900,0.0,0.0
2023-08-08 11:00:00+08:00,7.170000076293945,7.179999828338623,7.150000095367432,7.159999847412109,184700,0.0,0.0
2023-08-08 12:00:00+08:00,7.170000076293945,7.170000076293945,7.159999847412109,7.159999847412109,5100,0.0,0.0
2023-08-08 13:00:00+08:00,7.159999847412109,7.170000076293945,7.150000095367432,7.159999847412109,90000,0.0,0.0
2023-08-08 14:00:00+08:00,7.159999847412109,7.170000076293945,7.150000095367432,7.159999847412109,179200,0.0,0.0
2023-08-08 15:00:00+08:00,7.159999847412109,7.159999847412109,7.139999866485596,7.150000095367432,264800,0.0,0.0
2023-08-08 16:00:00+08:00,7.150000095367432,7.159999847412109,7.150000095367432,7.150000095367432,122300,0.0,0.0
2023-08-10 09:00:00+08:00,7.139999866485596,7.139999866485596,7.059999942779541,7.090000152587891,909300,0.0,0.0
2023-08-10 10:00:00+08:00,7.079999923706055,7.090000152587891,7.059999942779541,7.070000171661377,389400,0.0,0.0
2023-08-10 11:00:00+08:00,7.070000171661377,7.079999923706055,7.059999942779541,7.070000171661377,183000,0.0,0.0
2023-08-10 12:00:00+08:00,7.070000171661377,7.070000171661377,7.070000171661377,7.070000171661377,29400,0.0,0.0
2023-08-10 13:00:00+08:00,7.059999942779541,7.090000152587891,7.059999942779541,7.079999923706055,174400,0.0,0.0
2023-08-10 14:00:00+08:00,7.079999923706055,7.090000152587891,7.079999923706055,7.090000152587891,102900,0.0,0.0
2023-08-10 15:00:00+08:00,7.090000152587891,7.099999904632568,7.079999923706055,7.090000152587891,110000,0.0,0.0
2023-08-10 16:00:00+08:00,7.090000152587891,7.110000133514404,7.090000152587891,7.099999904632568,258200,0.0,0.0
2023-08-11 09:00:00+08:00,7.110000133514404,7.130000114440918,7.079999923706055,7.090000152587891,483600,0.0,0.0
2023-08-11 10:00:00+08:00,7.079999923706055,7.079999923706055,7.050000190734863,7.070000171661377,360200,0.0,0.0
2023-08-11 11:00:00+08:00,7.070000171661377,7.079999923706055,7.050000190734863,7.079999923706055,211200,0.0,0.0
2023-08-11 12:00:00+08:00,7.059999942779541,7.059999942779541,7.059999942779541,7.059999942779541,10300,0.0,0.0
2023-08-11 13:00:00+08:00,7.090000152587891,7.090000152587891,7.070000171661377,7.079999923706055,125500,0.0,0.0
2023-08-11 14:00:00+08:00,7.079999923706055,7.099999904632568,7.079999923706055,7.079999923706055,112300,0.0,0.0
2023-08-11 15:00:00+08:00,7.079999923706055,7.099999904632568,7.079999923706055,7.090000152587891,202000,0.0,0.0
2023-08-11 16:00:00+08:00,7.090000152587891,7.119999885559082,7.090000152587891,7.110000133514404,366500,0.0,0.0
2023-08-14 09:00:00+08:00,7.090000152587891,7.090000152587891,7.010000228881836,7.039999961853027,579700,0.0,0.0
2023-08-14 10:00:00+08:00,7.039999961853027,7.039999961853027,7.0,7.0,406100,0.0,0.0
2023-08-14 11:00:00+08:00,7.0,7.010000228881836,6.949999809265137,6.960000038146973,1066500,0.0,0.0
2023-08-14 12:00:00+08:00,6.960000038146973,6.960000038146973,6.960000038146973,6.960000038146973,48800,0.0,0.0
2023-08-14 13:00:00+08:00,6.960000038146973,6.96999979019165,6.920000076293945,6.949999809265137,556500,0.0,0.0
2023-08-14 14:00:00+08:00,6.949999809265137,6.96999979019165,6.940000057220459,6.96999979019165,255600,0.0,0.0
2023-08-14 15:00:00+08:00,6.96999979019165,6.980000019073486,6.949999809265137,6.949999809265137,264700,0.0,0.0
2023-08-14 16:00:00+08:00,6.949999809265137,7.0,6.949999809265137,6.989999771118164,849300,0.0,0.0
2023-08-15 09:00:00+08:00,7.0,7.050000190734863,7.0,7.039999961853027,313900,0.0,0.0
2023-08-15 10:00:00+08:00,7.039999961853027,7.039999961853027,7.010000228881836,7.019999980926514,309100,0.0,0.0
2023-08-15 11:00:00+08:00,7.019999980926514,7.03000020980835,7.010000228881836,7.019999980926514,130900,0.0,0.0
2023-08-15 12:00:00+08:00,7.010000228881836,7.010000228881836,7.010000228881836,7.010000228881836,6700,0.0,0.0
2023-08-15 13:00:00+08:00,6.989999771118164,7.010000228881836,6.980000019073486,7.0,312800,0.0,0.0
2023-08-15 14:00:00+08:00,7.0,7.0,6.980000019073486,6.980000019073486,120700,0.0,0.0
2023-08-15 15:00:00+08:00,6.980000019073486,6.989999771118164,6.940000057220459,6.940000057220459,545600,0.0,0.0
2023-08-15 16:00:00+08:00,6.940000057220459,6.960000038146973,6.929999828338623,6.949999809265137,748400,0.0,0.0
2023-08-16 09:00:00+08:00,6.920000076293945,6.920000076293945,6.849999904632568,6.920000076293945,988400,0.0,0.0
2023-08-16 10:00:00+08:00,6.920000076293945,6.949999809265137,6.900000095367432,6.949999809265137,324500,0.0,0.0
2023-08-16 11:00:00+08:00,6.949999809265137,6.96999979019165,6.929999828338623,6.929999828338623,277700,0.0,0.0
2023-08-16 12:00:00+08:00,6.920000076293945,6.920000076293945,6.920000076293945,6.920000076293945,18200,0.0,0.0
2023-08-16 13:00:00+08:00,6.940000057220459,6.940000057220459,6.869999885559082,6.900000095367432,455500,0.0,0.0
2023-08-16 14:00:00+08:00,6.900000095367432,6.920000076293945,6.889999866485596,6.900000095367432,208400,0.0,0.0
2023-08-16 15:00:00+08:00,6.900000095367432,6.900000095367432,6.880000114440918,6.880000114440918,612300,0.0,0.0
2023-08-16 16:00:00+08:00,6.880000114440918,6.900000095367432,6.849999904632568,6.880000114440918,809100,0.0,0.0
2023-08-17 09:00:00+08:00,6.860000133514404,6.880000114440918,6.769999980926514,6.800000190734863,1874800,0.0,0.0
2023-08-17 10:00:00+08:00,6.800000190734863,6.829999923706055,6.789999961853027,6.820000171661377,522400,0.0,0.0
2023-08-17 11:00:00+08:00,6.820000171661377,6.840000152587891,6.800000190734863,6.820000171661377,371700,0.0,0.0
2023-08-17 12:00:00+08:00,6.820000171661377,6.820000171661377,6.820000171661377,6.820000171661377,26500,0.0,0.0
2023-08-17 13:00:00+08:00,6.820000171661377,6.829999923706055,6.809999942779541,6.809999942779541,166800,0.0,0.0
2023-08-17 14:00:00+08:00,6.809999942779541,6.840000152587891,6.809999942779541,6.840000152587891,221100,0.0,0.0
2023-08-17 15:00:00+08:00,6.840000152587891,6.840000152587891,6.829999923706055,6.840000152587891,128800,0.0,0.0
2023-08-17 16:00:00+08:00,6.840000152587891,6.860000133514404,6.829999923706055,6.840000152587891,509000,0.0,0.0
2023-08-18 09:00:00+08:00,6.800000190734863,6.829999923706055,6.71999979019165,6.730000019073486,1628400,0.0,0.0
2023-08-18 10:00:00+08:00,6.730000019073486,6.75,6.710000038146973,6.730000019073486,502800,0.0,0.0
2023-08-18 11:00:00+08:00,6.730000019073486,6.739999771118164,6.71999979019165,6.71999979019165,271100,0.0,0.0
2023-08-18 12:00:00+08:00,6.71999979019165,6.730000019073486,6.71999979019165,6.730000019073486,56500,0.0,0.0
2023-08-18 13:00:00+08:00,6.730000019073486,6.730000019073486,6.690000057220459,6.699999809265137,1054900,0.0,0.0
2023-08-18 14:00:00+08:00,6.699999809265137,6.710000038146973,6.670000076293945,6.679999828338623,634700,0.0,0.0
2023-08-18 15:00:00+08:00,6.679999828338623,6.690000057220459,6.670000076293945,6.679999828338623,413900,0.0,0.0
2023-08-18 16:00:00+08:00,6.679999828338623,6.690000057220459,6.659999847412109,6.670000076293945,944600,0.0,0.0
2023-08-21 09:00:00+08:00,6.679999828338623,6.730000019073486,6.659999847412109,6.679999828338623,935100,0.0,0.0
2023-08-21 10:00:00+08:00,6.670000076293945,6.710000038146973,6.670000076293945,6.699999809265137,498300,0.0,0.0
2023-08-21 11:00:00+08:00,6.699999809265137,6.699999809265137,6.679999828338623,6.699999809265137,231800,0.0,0.0
2023-08-21 12:00:00+08:00,6.699999809265137,6.699999809265137,6.690000057220459,6.690000057220459,23700,0.0,0.0
2023-08-21 13:00:00+08:00,6.690000057220459,6.699999809265137,6.679999828338623,6.699999809265137,254900,0.0,0.0
2023-08-21 14:00:00+08:00,6.699999809265137,6.699999809265137,6.679999828338623,6.690000057220459,312300,0.0,0.0
2023-08-21 15:00:00+08:00,6.690000057220459,6.699999809265137,6.679999828338623,6.690000057220459,275700,0.0,0.0
2023-08-21 16:00:00+08:00,6.690000057220459,6.699999809265137,6.679999828338623,6.699999809265137,403600,0.0,0.0
2023-08-22 09:00:00+08:00,6.730000019073486,6.730000019073486,6.639999866485596,6.650000095367432,711200,0.0,0.0
2023-08-22 10:00:00+08:00,6.650000095367432,6.679999828338623,6.630000114440918,6.650000095367432,605000,0.0,0.0
2023-08-22 11:00:00+08:00,6.650000095367432,6.670000076293945,6.650000095367432,6.659999847412109,144500,0.0,0.0
2023-08-22 12:00:00+08:00,6.659999847412109,6.659999847412109,6.659999847412109,6.659999847412109,19100,0.0,0.0
2023-08-22 13:00:00+08:00,6.659999847412109,6.659999847412109,6.630000114440918,6.650000095367432,237800,0.0,0.0
2023-08-22 14:00:00+08:00,6.650000095367432,6.670000076293945,6.639999866485596,6.659999847412109,407000,0.0,0.0
2023-08-22 15:00:00+08:00,6.670000076293945,6.710000038146973,6.659999847412109,6.690000057220459,606700,0.0,0.0
2023-08-22 16:00:00+08:00,6.690000057220459,6.710000038146973,6.679999828338623,6.699999809265137,414300,0.0,0.0
2023-08-23 09:00:00+08:00,6.659999847412109,6.739999771118164,6.639999866485596,6.730000019073486,522300,0.0,0.0
2023-08-23 10:00:00+08:00,6.730000019073486,6.75,6.690000057220459,6.690000057220459,563600,0.0,0.0
2023-08-23 11:00:00+08:00,6.690000057220459,6.699999809265137,6.679999828338623,6.679999828338623,202600,0.0,0.0
2023-08-23 12:00:00+08:00,6.679999828338623,6.690000057220459,6.679999828338623,6.690000057220459,10900,0.0,0.0
2023-08-23 13:00:00+08:00,6.690000057220459,6.710000038146973,6.679999828338623,6.699999809265137,277100,0.0,0.0
2023-08-23 14:00:00+08:00,6.699999809265137,6.710000038146973,6.679999828338623,6.679999828338623,230800,0.0,0.0
2023-08-23 15:00:00+08:00,6.679999828338623,6.710000038146973,6.679999828338623,6.699999809265137,274500,0.0,0.0
2023-08-23 16:00:00+08:00,6.699999809265137,6.710000038146973,6.690000057220459,6.690000057220459,322300,0.0,0.0
2023-08-24 09:00:00+08:00,6.730000019073486,6.739999771118164,6.710000038146973,6.71999979019165,0,0.0,0.0
2023-08-24 10:00:00+08:00,6.71999979019165,6.71999979019165,6.690000057220459,6.699999809265137,360600,0.0,0.0
2023-08-24 11:00:00+08:00,6.699999809265137,6.699999809265137,6.690000057220459,6.699999809265137,280000,0.0,0.0
2023-08-24 12:00:00+08:00,6.690000057220459,6.699999809265137,6.690000057220459,6.699999809265137,22700,0.0,0.0
2023-08-24 13:00:00+08:00,6.699999809265137,6.699999809265137,6.679999828338623,6.699999809265137,297700,0.0,0.0
2023-08-24 14:00:00+08:00,6.699999809265137,6.710000038146973,6.690000057220459,6.710000038146973,445600,0.0,0.0
2023-08-24 15:00:00+08:00,6.710000038146973,6.71999979019165,6.699999809265137,6.710000038146973,173500,0.0,0.0
2023-08-24 16:00:00+08:00,6.710000038146973,6.71999979019165,6.699999809265137,6.699999809265137,496600,0.0,0.0
2023-08-25 09:00:00+08:00,6.670000076293945,6.71999979019165,6.659999847412109,6.710000038146973,637200,0.0,0.0
2023-08-25 10:00:00+08:00,6.710000038146973,6.710000038146973,6.670000076293945,6.690000057220459,314000,0.0,0.0
2023-08-25 11:00:00+08:00,6.690000057220459,6.699999809265137,6.679999828338623,6.679999828338623,128500,0.0,0.0
2023-08-25 12:00:00+08:00,6.679999828338623,6.690000057220459,6.679999828338623,6.690000057220459,13500,0.0,0.0
2023-08-25 13:00:00+08:00,6.690000057220459,6.699999809265137,6.679999828338623,6.699999809265137,90800,0.0,0.0
2023-08-25 14:00:00+08:00,6.699999809265137,6.699999809265137,6.679999828338623,6.690000057220459,198800,0.0,0.0
2023-08-25 15:00:00+08:00,6.690000057220459,6.699999809265137,6.679999828338623,6.690000057220459,421700,0.0,0.0
2023-08-25 16:00:00+08:00,6.690000057220459,6.699999809265137,6.679999828338623,6.699999809265137,252900,0.0,0.0
2023-08-28 09:00:00+08:00,6.730000019073486,6.880000114440918,6.71999979019165,6.869999885559082,1814500,0.0,0.0
2023-08-28 10:00:00+08:00,6.869999885559082,6.909999847412109,6.860000133514404,6.900000095367432,618400,0.0,0.0
2023-08-28 11:00:00+08:00,6.900000095367432,6.900000095367432,6.849999904632568,6.869999885559082,390300,0.0,0.0
2023-08-28 12:00:00+08:00,6.880000114440918,6.880000114440918,6.880000114440918,6.880000114440918,8600,0.0,0.0
2023-08-28 13:00:00+08:00,6.880000114440918,6.889999866485596,6.849999904632568,6.889999866485596,285800,0.0,0.0
2023-08-28 14:00:00+08:00,6.889999866485596,6.889999866485596,6.869999885559082,6.889999866485596,249600,0.0,0.0
2023-08-28 15:00:00+08:00,6.889999866485596,6.889999866485596,6.869999885559082,6.880000114440918,178300,0.0,0.0
2023-08-28 16:00:00+08:00,6.880000114440918,6.889999866485596,6.860000133514404,6.880000114440918,486700,0.0,0.0
2023-08-29 09:00:00+08:00,6.900000095367432,6.900000095367432,6.849999904632568,6.860000133514404,668500,0.0,0.0
2023-08-29 10:00:00+08:00,6.860000133514404,6.880000114440918,6.860000133514404,6.869999885559082,230900,0.0,0.0
2023-08-29 11:00:00+08:00,6.869999885559082,6.889999866485596,6.869999885559082,6.869999885559082,0,0.0,0.0
2023-08-29 12:00:00+08:00,6.869999885559082,6.880000114440918,6.869999885559082,6.880000114440918,1229900,0.0,0.0
2023-08-29 13:00:00+08:00,6.880000114440918,6.889999866485596,6.869999885559082,6.880000114440918,178300,0.0,0.0
2023-08-29 14:00:00+08:00,6.880000114440918,6.900000095367432,6.849999904632568,6.860000133514404,321300,0.0,0.0
2023-08-29 15:00:00+08:00,6.860000133514404,6.869999885559082,6.840000152587891,6.840000152587891,387600,0.0,0.0
2023-08-29 16:00:00+08:00,6.840000152587891,6.860000133514404,6.829999923706055,6.860000133514404,567900,0.0,0.0
2023-08-30 09:00:00+08:00,6.900000095367432,6.920000076293945,6.849999904632568,6.889999866485596,381600,0.0,0.0
2023-08-30 10:00:00+08:00,6.889999866485596,6.900000095367432,6.869999885559082,6.880000114440918,264300,0.0,0.0
2023-08-30 11:00:00+08:00,6.880000114440918,6.889999866485596,6.869999885559082,6.880000114440918,190200,0.0,0.0
2023-08-30 12:00:00+08:00,6.889999866485596,6.889999866485596,6.880000114440918,6.880000114440918,12400,0.0,0.0
2023-08-30 13:00:00+08:00,6.880000114440918,6.889999866485596,6.869999885559082,6.869999885559082,135700,0.0,0.0
2023-08-30 14:00:00+08:00,6.869999885559082,6.880000114440918,6.829999923706055,6.840000152587891,401200,0.0,0.0
2023-08-30 15:00:00+08:00,6.840000152587891,6.849999904632568,6.820000171661377,6.829999923706055,317300,0.0,0.0
2023-08-30 16:00:00+08:00,6.829999923706055,6.849999904632568,6.820000171661377,6.840000152587891,327800,0.0,0.0
2023-08-31 09:00:00+08:00,6.849999904632568,6.889999866485596,6.829999923706055,6.869999885559082,331300,0.0,0.0
2023-08-31 10:00:00+08:00,6.869999885559082,6.880000114440918,6.860000133514404,6.869999885559082,152500,0.0,0.0
2023-08-31 11:00:00+08:00,6.869999885559082,6.920000076293945,6.860000133514404,6.920000076293945,395900,0.0,0.0
2023-08-31 12:00:00+08:00,6.920000076293945,6.920000076293945,6.920000076293945,6.920000076293945,22700,0.0,0.0
2023-08-31 13:00:00+08:00,6.920000076293945,6.949999809265137,6.909999847412109,6.949999809265137,386300,0.0,0.0
2023-08-31 14:00:00+08:00,6.949999809265137,6.949999809265137,6.909999847412109,6.929999828338623,519600,0.0,0.0
2023-08-31 15:00:00+08:00,6.929999828338623,6.949999809265137,6.920000076293945,6.949999809265137,235100,0.0,0.0
2023-08-31 16:00:00+08:00,6.949999809265137,6.96999979019165,6.929999828338623,6.96999979019165,992300,0.0,0.0
2023-09-04 09:00:00+08:00,6.96999979019165,7.0,6.929999828338623,6.929999828338623,638600,0.0,0.0
2023-09-04 10:00:00+08:00,6.929999828338623,6.960000038146973,6.920000076293945,6.949999809265137,193800,0.0,0.0
2023-09-04 11:00:00+08:00,6.949999809265137,6.960000038146973,6.920000076293945,6.929999828338623,188900,0.0,0.0
2023-09-04 12:00:00+08:00,6.940000057220459,6.940000057220459,6.929999828338623,6.929999828338623,5800,0.0,0.0
2023-09-04 13:00:00+08:00,6.929999828338623,6.949999809265137,6.929999828338623,6.929999828338623,151500,0.0,0.0
2023-09-04 14:00:00+08:00,6.929999828338623,6.949999809265137,6.929999828338623,6.929999828338623,90800,0.0,0.0
2023-09-04 15:00:00+08:00,6.929999828338623,6.960000038146973,6.929999828338623,6.960000038146973,251400,0.0,0.0
2023-09-04 16:00:00+08:00,6.960000038146973,6.960000038146973,6.920000076293945,6.929999828338623,329000,0.0,0.0
2023-09-05 09:00:00+08:00,6.920000076293945,6.920000076293945,6.849999904632568,6.869999885559082,307300,0.0,0.0
2023-09-05 10:00:00+08:00,6.869999885559082,6.869999885559082,6.829999923706055,6.849999904632568,237500,0.0,0.0
2023-09-05 11:00:00+08:00,6.849999904632568,6.869999885559082,6.840000152587891,6.869999885559082,171100,0.0,0.0
2023-09-05 12:00:00+08:00,6.869999885559082,6.869999885559082,6.869999885559082,6.869999885559082,2900,0.0,0.0
2023-09-05 13:00:00+08:00,6.869999885559082,6.889999866485596,6.860000133514404,6.889999866485596,45100,0.0,0.0
2023-09-05 14:00:00+08:00,6.889999866485596,6.889999866485596,6.860000133514404,6.880000114440918,75200,0.0,0.0
2023-09-05 15:00:00+08:00,6.880000114440918,6.880000114440918,6.849999904632568,6.860000133514404,64700,0.0,0.0
2023-09-05 16:00:00+08:00,6.860000133514404,6.869999885559082,6.849999904632568,6.860000133514404,212800,0.0,0.0
2023-09-06 09:00:00+08:00,6.869999885559082,6.909999847412109,6.849999904632568,6.889999866485596,427000,0.0,0.0
2023-09-06 10:00:00+08:00,6.889999866485596,6.900000095367432,6.860000133514404,6.889999866485596,206300,0.0,0.0
2023-09-06 11:00:00+08:00,6.889999866485596,6.889999866485596,6.849999904632568,6.849999904632568,185800,0.0,0.0
2023-09-06 12:00:00+08:00,6.849999904632568,6.849999904632568,6.849999904632568,6.849999904632568,0,0.0,0.0
2023-09-06 13:00:00+08:00,6.849999904632568,6.860000133514404,6.840000152587891,6.860000133514404,1031300,0.0,0.0
2023-09-06 14:00:00+08:00,6.860000133514404,6.860000133514404,6.820000171661377,6.820000171661377,156100,0.0,0.0
2023-09-06 15:00:00+08:00,6.820000171661377,6.829999923706055,6.789999961853027,6.789999961853027,452200,0.0,0.0
2023-09-06 16:00:00+08:00,6.789999961853027,6.820000171661377,6.789999961853027,6.809999942779541,321500,0.0,0.0
2023-09-07 09:00:00+08:00,6.800000190734863,6.829999923706055,6.760000228881836,6.760000228881836,573200,0.0,0.0
2023-09-07 10:00:00+08:00,6.760000228881836,6.789999961853027,6.760000228881836,6.78000020980835,236800,0.0,0.0
2023-09-07 11:00:00+08:00,6.78000020980835,6.789999961853027,6.78000020980835,6.789999961853027,96700,0.0,0.0
2023-09-07 12:00:00+08:00,6.78000020980835,6.78000020980835,6.78000020980835,6.78000020980835,11900,0.0,0.0
2023-09-07 13:00:00+08:00,6.78000020980835,6.78000020980835,6.769999980926514,6.78000020980835,127900,0.0,0.0
2023-09-07 14:00:00+08:00,6.769999980926514,6.800000190734863,6.769999980926514,6.789999961853027,203200,0.0,0.0
2023-09-07 15:00:00+08:00,6.789999961853027,6.800000190734863,6.769999980926514,6.800000190734863,290800,0.0,0.0
2023-09-07 16:00:00+08:00,6.800000190734863,6.849999904632568,6.789999961853027,6.849999904632568,465800,0.0,0.0
2023-09-08 09:00:00+08:00,6.849999904632568,6.849999904632568,6.760000228881836,6.78000020980835,698500,0.0,0.0
2023-09-08 10:00:00+08:00,6.78000020980835,6.800000190734863,6.769999980926514,6.78000020980835,199000,0.0,0.0
2023-09-08 11:00:00+08:00,6.78000020980835,6.809999942779541,6.78000020980835,6.800000190734863,162000,0.0,0.0
2023-09-08 12:00:00+08:00,6.809999942779541,6.809999942779541,6.809999942779541,6.809999942779541,29300,0.0,0.0
2023-09-08 13:00:00+08:00,6.809999942779541,6.809999942779541,6.800000190734863,6.800000190734863,50400,0.0,0.0
2023-09-08 14:00:00+08:00,6.800000190734863,6.820000171661377,6.800000190734863,6.809999942779541,118000,0.0,0.0
2023-09-08 15:00:00+08:00,6.809999942779541,6.809999942779541,6.800000190734863,6.809999942779541,76700,0.0,0.0
2023-09-08 16:00:00+08:00,6.809999942779541,6.820000171661377,6.800000190734863,6.809999942779541,275400,0.0,0.0
2023-09-11 09:00:00+08:00,6.829999923706055,6.869999885559082,6.809999942779541,6.820000171661377,687000,0.0,0.0
2023-09-11 10:00:00+08:00,6.820000171661377,6.829999923706055,6.800000190734863,6.829999923706055,175800,0.0,0.0
2023-09-11 11:00:00+08:00,6.829999923706055,6.829999923706055,6.809999942779541,6.809999942779541,95200,0.0,0.0
2023-09-11 12:00:00+08:00,6.820000171661377,6.820000171661377,6.820000171661377,6.820000171661377,21300,0.0,0.0
2023-09-11 13:00:00+08:00,6.820000171661377,6.829999923706055,6.809999942779541,6.829999923706055,100700,0.0,0.0
2023-09-11 14:00:00+08:00,6.829999923706055,6.849999904632568,6.829999923706055,6.829999923706055,206100,0.0,0.0
2023-09-11 15:00:00+08:00,6.829999923706055,6.849999904632568,6.829999923706055,6.849999904632568,117300,0.0,0.0
2023-09-11 16:00:00+08:00,6.849999904632568,6.849999904632568,6.829999923706055,6.829999923706055,332600,0.0,0.0
2023-09-12 09:00:00+08:00,6.849999904632568,6.869999885559082,6.820000171661377,6.849999904632568,245300,0.0,0.0
2023-09-12 10:00:00+08:00,6.849999904632568,6.860000133514404,6.829999923706055,6.849999904632568,161600,0.0,0.0
2023-09-12 11:00:00+08:00,6.849999904632568,6.880000114440918,6.840000152587891,6.849999904632568,324400,0.0,0.0
2023-09-12 12:00:00+08:00,6.840000152587891,6.840000152587891,6.840000152587891,6.840000152587891,5800,0.0,0.0
2023-09-12 13:00:00+08:00,6.840000152587891,6.860000133514404,6.840000152587891,6.860000133514404,115600,0.0,0.0
2023-09-12 14:00:00+08:00,6.860000133514404,6.889999866485596,6.849999904632568,6.880000114440918,287000,0.0,0.0
2023-09-12 15:00:00+08:00,6.880000114440918,6.920000076293945,6.869999885559082,6.909999847412109,644200,0.0,0.0
2023-09-12 16:00:00+08:00,6.909999847412109,6.920000076293945,6.909999847412109,6.920000076293945,387900,0.0,0.0
2023-09-13 09:00:00+08:00,6.929999828338623,6.949999809265137,6.860000133514404,6.860000133514404,708100,0.0,0.0
2023-09-13 10:00:00+08:00,6.860000133514404,6.880000114440918,6.849999904632568,6.849999904632568,284000,0.0,0.0
2023-09-13 11:00:00+08:00,6.849999904632568,6.869999885559082,6.849999904632568,6.860000133514404,215700,0.0,0.0
2023-09-13 12:00:00+08:00,6.869999885559082,6.869999885559082,6.869999885559082,6.869999885559082,46900,0.0,0.0
2023-09-13 13:00:00+08:00,6.860000133514404,6.869999885559082,6.849999904632568,6.849999904632568,259500,0.0,0.0
2023-09-13 14:00:00+08:00,6.849999904632568,6.860000133514404,6.840000152587891,6.840000152587891,201300,0.0,0.0
2023-09-13 15:00:00+08:00,6.840000152587891,6.889999866485596,6.840000152587891,6.889999866485596,444900,0.0,0.0
2023-09-13 16:00:00+08:00,6.889999866485596,6.900000095367432,6.869999885559082,6.889999866485596,435000,0.0,0.0
2023-09-14 09:00:00+08:00,6.889999866485596,6.920000076293945,6.840000152587891,6.849999904632568,634000,0.0,0.0
2023-09-14 10:00:00+08:00,6.849999904632568,6.849999904632568,6.820000171661377,6.840000152587891,384900,0.0,0.0
2023-09-14 11:00:00+08:00,6.840000152587891,6.849999904632568,6.829999923706055,6.829999923706055,137900,0.0,0.0
2023-09-14 12:00:00+08:00,6.840000152587891,6.840000152587891,6.840000152587891,6.840000152587891,26100,0.0,0.0
2023-09-14 13:00:00+08:00,6.840000152587891,6.869999885559082,6.829999923706055,6.849999904632568,460100,0.0,0.0
2023-09-14 14:00:00+08:00,6.849999904632568,6.849999904632568,6.840000152587891,6.840000152587891,248600,0.0,0.0
2023-09-14 15:00:00+08:00,6.840000152587891,6.849999904632568,6.840000152587891,6.840000152587891,108600,0.0,0.0
2023-09-14 16:00:00+08:00,6.840000152587891,6.849999904632568,6.829999923706055,6.849999904632568,485700,0.0,0.0
2023-09-15 09:00:00+08:00,6.889999866485596,6.960000038146973,6.869999885559082,6.949999809265137,1042400,0.0,0.0
2023-09-15 10:00:00+08:00,6.949999809265137,6.980000019073486,6.940000057220459,6.96999979019165,485200,0.0,0.0
2023-09-15 11:00:00+08:00,6.96999979019165,7.0,6.96999979019165,6.989999771118164,856200,0.0,0.0
2023-09-15 12:00:00+08:00,7.0,7.0,7.0,7.0,87900,0.0,0.0
2023-09-15 13:00:00+08:00,7.0,7.050000190734863,7.0,7.03000020980835,1125800,0.0,0.0
2023-09-15 14:00:00+08:00,7.03000020980835,7.03000020980835,7.0,7.010000228881836,422900,0.0,0.0
2023-09-15 15:00:00+08:00,7.010000228881836,7.039999961853027,7.0,7.03000020980835,451700,0.0,0.0
2023-09-15 16:00:00+08:00,7.03000020980835,7.050000190734863,7.010000228881836,7.019999980926514,457300,0.0,0.0
2023-09-18 09:00:00+08:00,6.96999979019165,6.989999771118164,6.929999828338623,6.929999828338623,506200,0.0,0.0
2023-09-18 10:00:00+08:00,6.929999828338623,6.940000057220459,6.920000076293945,6.940000057220459,284500,0.0,0.0
2023-09-18 11:00:00+08:00,6.940000057220459,6.949999809265137,6.920000076293945,6.920000076293945,216200,0.0,0.0
2023-09-18 12:00:00+08:00,6.929999828338623,6.929999828338623,6.929999828338623,6.929999828338623,18000,0.0,0.0
2023-09-18 13:00:00+08:00,6.929999828338623,6.949999809265137,6.920000076293945,6.929999828338623,347100,0.0,0.0
2023-09-18 14:00:00+08:00,6.929999828338623,6.940000057220459,6.909999847412109,6.920000076293945,262700,0.0,0.0
2023-09-18 15:00:00+08:00,6.920000076293945,6.929999828338623,6.909999847412109,6.909999847412109,168000,0.0,0.0
2023-09-18 16:00:00+08:00,6.909999847412109,6.929999828338623,6.900000095367432,6.920000076293945,496400,0.0,0.0
2023-09-19 09:00:00+08:00,6.900000095367432,6.909999847412109,6.829999923706055,6.849999904632568,810000,0.0,0.0
2023-09-19 10:00:00+08:00,6.849999904632568,6.860000133514404,6.840000152587891,6.840000152587891,334800,0.0,0.0
2023-09-19 11:00:00+08:00,6.840000152587891,6.840000152587891,6.800000190734863,6.820000171661377,1015100,0.0,0.0
2023-09-19 12:00:00+08:00,6.829999923706055,6.829999923706055,6.820000171661377,6.820000171661377,38200,0.0,0.0
2023-09-19 13:00:00+08:00,6.820000171661377,6.820000171661377,6.789999961853027,6.800000190734863,309800,0.0,0.0
2023-09-19 14:00:00+08:00,6.800000190734863,6.809999942779541,6.789999961853027,6.809999942779541,288500,0.0,0.0
2023-09-19 15:00:00+08:00,6.809999942779541,6.809999942779541,6.789999961853027,6.800000190734863,267900,0.0,0.0
2023-09-19 16:00:00+08:00,6.800000190734863,6.800000190734863,6.769999980926514,6.800000190734863,528700,0.0,0.0
2023-09-20 09:00:00+08:00,6.809999942779541,6.849999904632568,6.809999942779541,6.820000171661377,373500,0.0,0.0
2023-09-20 10:00:00+08:00,6.820000171661377,6.829999923706055,6.800000190734863,6.829999923706055,145100,0.0,0.0
2023-09-20 11:00:00+08:00,6.829999923706055,6.829999923706055,6.820000171661377,6.829999923706055,52800,0.0,0.0
2023-09-20 12:00:00+08:00,6.829999923706055,6.829999923706055,6.820000171661377,6.820000171661377,15700,0.0,0.0
2023-09-20 13:00:00+08:00,6.820000171661377,6.840000152587891,6.820000171661377,6.840000152587891,85400,0.0,0.0
2023-09-20 14:00:00+08:00,6.840000152587891,6.860000133514404,6.829999923706055,6.840000152587891,185500,0.0,0.0
2023-09-20 15:00:00+08:00,6.840000152587891,6.840000152587891,6.829999923706055,6.840000152587891,135800,0.0,0.0
2023-09-20 16:00:00+08:00,6.840000152587891,6.849999904632568,6.829999923706055,6.849999904632568,185100,0.0,0.0
2023-09-21 09:00:00+08:00,6.820000171661377,6.829999923706055,6.769999980926514,6.789999961853027,591700,0.0,0.0
2023-09-21 10:00:00+08:00,6.789999961853027,6.789999961853027,6.690000057220459,6.710000038146973,1221200,0.0,0.0
2023-09-21 11:00:00+08:00,6.710000038146973,6.739999771118164,6.699999809265137,6.730000019073486,420200,0.0,0.0
2023-09-21 12:00:00+08:00,6.730000019073486,6.730000019073486,6.730000019073486,6.730000019073486,26100,0.0,0.0
2023-09-21 13:00:00+08:00,6.730000019073486,6.730000019073486,6.710000038146973,6.71999979019165,405500,0.0,0.0
2023-09-21 14:00:00+08:00,6.71999979019165,6.71999979019165,6.710000038146973,6.71999979019165,289000,0.0,0.0
2023-09-21 15:00:00+08:00,6.71999979019165,6.739999771118164,6.710000038146973,6.730000019073486,159300,0.0,0.0
2023-09-21 16:00:00+08:00,6.730000019073486,6.739999771118164,6.710000038146973,6.71999979019165,450100,0.0,0.0
2023-09-22 09:00:00+08:00,6.690000057220459,6.71999979019165,6.670000076293945,6.710000038146973,586900,0.0,0.0
2023-09-22 10:00:00+08:00,6.710000038146973,6.739999771118164,6.710000038146973,6.739999771118164,254200,0.0,0.0
2023-09-22 11:00:00+08:00,6.739999771118164,6.739999771118164,6.71999979019165,6.739999771118164,150600,0.0,0.0
2023-09-22 12:00:00+08:00,6.739999771118164,6.739999771118164,6.739999771118164,6.739999771118164,12500,0.0,0.0
2023-09-22 13:00:00+08:00,6.739999771118164,6.760000228881836,6.730000019073486,6.730000019073486,246700,0.0,0.0
2023-09-22 14:00:00+08:00,6.730000019073486,6.75,6.730000019073486,6.739999771118164,165000,0.0,0.0
2023-09-22 15:00:00+08:00,6.739999771118164,6.75,6.730000019073486,6.730000019073486,93500,0.0,0.0
2023-09-22 16:00:00+08:00,6.730000019073486,6.739999771118164,6.710000038146973,6.730000019073486,376500,0.0,0.0
2023-09-25 09:00:00+08:00,6.730000019073486,6.730000019073486,6.690000057220459,6.710000038146973,367400,0.0,0.0
2023-09-25 10:00:00+08:00,6.710000038146973,6.75,6.699999809265137,6.75,356000,0.0,0.0
2023-09-25 11:00:00+08:00,6.739999771118164,6.760000228881836,6.739999771118164,6.75,218800,0.0,0.0
2023-09-25 12:00:00+08:00,6.760000228881836,6.760000228881836,6.75,6.75,8400,0.0,0.0
2023-09-25 13:00:00+08:00,6.75,6.760000228881836,6.75,6.75,274200,0.0,0.0
2023-09-25 14:00:00+08:00,6.75,6.760000228881836,6.739999771118164,6.75,90600,0.0,0.0
2023-09-25 15:00:00+08:00,6.75,6.760000228881836,6.75,6.760000228881836,113200,0.0,0.0
2023-09-25 16:00:00+08:00,6.760000228881836,6.760000228881836,6.75,6.75,267000,0.0,0.0
2023-09-26 09:00:00+08:00,6.769999980926514,6.809999942779541,6.75,6.760000228881836,570300,0.0,0.0
2023-09-26 10:00:00+08:00,6.760000228881836,6.800000190734863,6.760000228881836,6.789999961853027,223600,0.0,0.0
2023-09-26 11:00:00+08:00,6.789999961853027,6.829999923706055,6.789999961853027,6.809999942779541,456400,0.0,0.0
2023-09-26 12:00:00+08:00,6.809999942779541,6.809999942779541,6.809999942779541,6.809999942779541,17000,0.0,0.0
2023-09-26 13:00:00+08:00,6.809999942779541,6.809999942779541,6.789999961853027,6.800000190734863,83200,0.0,0.0
2023-09-26 14:00:00+08:00,6.800000190734863,6.809999942779541,6.78000020980835,6.789999961853027,270100,0.0,0.0
2023-09-26 15:00:00+08:00,6.789999961853027,6.800000190734863,6.78000020980835,6.800000190734863,295700,0.0,0.0
2023-09-26 16:00:00+08:00,6.800000190734863,6.800000190734863,6.789999961853027,6.800000190734863,274700,0.0,0.0
2023-09-27 09:00:00+08:00,6.75,6.78000020980835,6.730000019073486,6.739999771118164,583100,0.0,0.0
2023-09-27 10:00:00+08:00,6.739999771118164,6.760000228881836,6.739999771118164,6.739999771118164,347400,0.0,0.0
2023-09-27 11:00:00+08:00,6.739999771118164,6.760000228881836,6.730000019073486,6.730000019073486,423300,0.0,0.0
2023-09-27 12:00:00+08:00,6.760000228881836,6.760000228881836,6.760000228881836,6.760000228881836,24300,0.0,0.0
2023-09-27 13:00:00+08:00,6.75,6.769999980926514,6.739999771118164,6.769999980926514,310500,0.0,0.0
2023-09-27 14:00:00+08:00,6.769999980926514,6.78000020980835,6.760000228881836,6.769999980926514,171300,0.0,0.0
2023-09-27 15:00:00+08:00,6.769999980926514,6.769999980926514,6.75,6.760000228881836,208500,0.0,0.0
2023-09-27 16:00:00+08:00,6.760000228881836,6.769999980926514,6.75,6.760000228881836,544800,0.0,0.0
2023-09-28 09:00:00+08:00,6.760000228881836,6.820000171661377,6.760000228881836,6.809999942779541,555700,0.0,0.0
2023-09-28 10:00:00+08:00,6.809999942779541,6.820000171661377,6.800000190734863,6.809999942779541,164800,0.0,0.0
2023-09-28 11:00:00+08:00,6.809999942779541,6.809999942779541,6.789999961853027,6.809999942779541,182000,0.0,0.0
2023-09-28 12:00:00+08:00,6.809999942779541,6.809999942779541,6.800000190734863,6.800000190734863,29800,0.0,0.0
2023-09-28 13:00:00+08:00,6.800000190734863,6.820000171661377,6.789999961853027,6.820000171661377,182400,0.0,0.0
2023-09-28 14:00:00+08:00,6.820000171661377,6.840000152587891,6.809999942779541,6.840000152587891,252500,0.0,0.0
2023-09-28 15:00:00+08:00,6.840000152587891,6.849999904632568,6.820000171661377,6.820000171661377,306500,0.0,0.0
2023-09-28 16:00:00+08:00,6.820000171661377,6.840000152587891,6.809999942779541,6.829999923706055,439800,0.0,0.0
2023-09-29 09:00:00+08:00,6.829999923706055,6.829999923706055,6.800000190734863,6.829999923706055,223100,0.0,0.0
2023-09-29 10:00:00+08:00,6.829999923706055,6.840000152587891,6.809999942779541,6.840000152587891,139800,0.0,0.0
2023-09-29 11:00:00+08:00,6.840000152587891,6.840000152587891,6.809999942779541,6.809999942779541,112200,0.0,0.0
2023-09-29 12:00:00+08:00,6.820000171661377,6.820000171661377,6.820000171661377,6.820000171661377,4900,0.0,0.0
2023-09-29 13:00:00+08:00,6.820000171661377,6.829999923706055,6.809999942779541,6.820000171661377,72500,0.0,0.0
2023-09-29 14:00:00+08:00,6.820000171661377,6.820000171661377,6.800000190734863,6.800000190734863,69500,0.0,0.0
2023-09-29 15:00:00+08:00,6.800000190734863,6.829999923706055,6.800000190734863,6.820000171661377,228400,0.0,0.0
2023-09-29 16:00:00+08:00,6.820000171661377,6.829999923706055,6.800000190734863,6.809999942779541,221900,0.0,0.0
2023-10-02 09:00:00+08:00,6.829999923706055,6.869999885559082,6.800000190734863,6.829999923706055,618400,0.0,0.0
2023-10-02 10:00:00+08:00,6.829999923706055,6.840000152587891,6.820000171661377,6.829999923706055,131600,0.0,0.0
2023-10-02 11:00:00+08:00,6.829999923706055,6.829999923706055,6.800000190734863,6.800000190734863,191900,0.0,0.0
2023-10-02 12:00:00+08:00,6.800000190734863,6.809999942779541,6.800000190734863,6.809999942779541,40200,0.0,0.0
2023-10-02 13:00:00+08:00,6.809999942779541,6.809999942779541,6.75,6.760000228881836,665700,0.0,0.0
2023-10-02 14:00:00+08:00,6.760000228881836,6.789999961853027,6.75,6.78000020980835,452700,0.0,0.0
2023-10-02 15:00:00+08:00,6.78000020980835,6.789999961853027,6.760000228881836,6.789999961853027,367000,0.0,0.0
2023-10-02 16:00:00+08:00,6.789999961853027,6.800000190734863,6.769999980926514,6.78000020980835,406700,0.0,0.0
2023-10-03 09:00:00+08:00,6.760000228881836,6.769999980926514,6.690000057220459,6.690000057220459,1252200,0.0,0.0
2023-10-03 10:00:00+08:00,6.690000057220459,6.699999809265137,6.670000076293945,6.670000076293945,1004600,0.0,0.0
2023-10-03 11:00:00+08:00,6.670000076293945,6.710000038146973,6.670000076293945,6.699999809265137,379900,0.0,0.0
2023-10-03 12:00:00+08:00,6.710000038146973,6.710000038146973,6.710000038146973,6.710000038146973,11700,0.0,0.0
2023-10-03 13:00:00+08:00,6.710000038146973,6.71999979019165,6.679999828338623,6.699999809265137,452200,0.0,0.0
2023-10-03 14:00:00+08:00,6.699999809265137,6.71999979019165,6.699999809265137,6.71999979019165,194800,0.0,0.0
2023-10-03 15:00:00+08:00,6.71999979019165,6.71999979019165,6.690000057220459,6.690000057220459,604400,0.0,0.0
2023-10-03 16:00:00+08:00,6.690000057220459,6.71999979019165,6.690000057220459,6.710000038146973,462900,0.0,0.0
2023-10-04 09:00:00+08:00,6.659999847412109,6.670000076293945,6.53000020980835,6.550000190734863,2538700,0.0,0.0
2023-10-04 10:00:00+08:00,6.550000190734863,6.559999942779541,6.510000228881836,6.559999942779541,1004500,0.0,0.0
2023-10-04 11:00:00+08:00,6.559999942779541,6.559999942779541,6.510000228881836,6.519999980926514,801900,0.0,0.0
2023-10-04 12:00:00+08:00,6.510000228881836,6.519999980926514,6.510000228881836,6.519999980926514,59200,0.0,0.0
2023-10-04 13:00:00+08:00,6.519999980926514,6.519999980926514,6.5,6.510000228881836,652600,0.0,0.0
2023-10-04 14:00:00+08:00,6.510000228881836,6.519999980926514,6.5,6.5,454200,0.0,0.0
2023-10-04 15:00:00+08:00,6.5,6.539999961853027,6.480000019073486,6.539999961853027,1077300,0.0,0.0
2023-10-04 16:00:00+08:00,6.539999961853027,6.550000190734863,6.510000228881836,6.510000228881836,597700,0.0,0.0
2023-10-05 09:00:00+08:00,6.539999961853027,6.559999942779541,6.53000020980835,6.539999961853027,420200,0.0,0.0
2023-10-05 10:00:00+08:00,6.539999961853027,6.539999961853027,6.510000228881836,6.539999961853027,259200,0.0,0.0
2023-10-05 11:00:00+08:00,6.539999961853027,6.550000190734863,6.519999980926514,6.550000190734863,491300,0.0,0.0
2023-10-05 12:00:00+08:00,6.539999961853027,6.539999961853027,6.539999961853027,6.539999961853027,8300,0.0,0.0
2023-10-05 13:00:00+08:00,6.539999961853027,6.550000190734863,6.53000020980835,6.53000020980835,157500,0.0,0.0
2023-10-05 14:00:00+08:00,6.53000020980835,6.539999961853027,6.519999980926514,6.519999980926514,160000,0.0,0.0
2023-10-05 15:00:00+08:00,6.519999980926514,6.53000020980835,6.519999980926514,6.519999980926514,316400,0.0,0.0
2023-10-05 16:00:00+08:00,6.519999980926514,6.539999961853027,6.519999980926514,6.539999961853027,621800,0.0,0.0
2023-10-06 09:00:00+08:00,6.539999961853027,6.579999923706055,6.53000020980835,6.559999942779541,452300,0.0,0.0
2023-10-06 10:00:00+08:00,6.559999942779541,6.559999942779541,6.519999980926514,6.550000190734863,268400,0.0,0.0
2023-10-06 11:00:00+08:00,6.550000190734863,6.550000190734863,6.53000020980835,6.53000020980835,176500,0.0,0.0
2023-10-06 12:00:00+08:00,6.539999961853027,6.539999961853027,6.539999961853027,6.539999961853027,8400,0.0,0.0
2023-10-06 13:00:00+08:00,6.539999961853027,6.550000190734863,6.53000020980835,6.539999961853027,252200,0.0,0.0
2023-10-06 14:00:00+08:00,6.539999961853027,6.579999923706055,6.539999961853027,6.579999923706055,603400,0.0,0.0
2023-10-06 15:00:00+08:00,6.579999923706055,6.610000133514404,6.579999923706055,6.599999904632568,449700,0.0,0.0
2023-10-06 16:00:00+08:00,6.599999904632568,6.610000133514404,6.590000152587891,6.599999904632568,314000,0.0,0.0
2023-10-09 09:00:00+08:00,6.599999904632568,6.610000133514404,6.519999980926514,6.579999923706055,578700,0.0,0.0
2023-10-09 10:00:00+08:00,6.579999923706055,6.610000133514404,6.570000171661377,6.610000133514404,311300,0.0,0.0
2023-10-09 11:00:00+08:00,6.610000133514404,6.610000133514404,6.559999942779541,6.570000171661377,332400,0.0,0.0
2023-10-09 12:00:00+08:00,6.579999923706055,6.579999923706055,6.570000171661377,6.570000171661377,5800,0.0,0.0
2023-10-09 13:00:00+08:00,6.570000171661377,6.599999904632568,6.570000171661377,6.579999923706055,221800,0.0,0.0
2023-10-09 14:00:00+08:00,6.579999923706055,6.590000152587891,6.570000171661377,6.579999923706055,156800,0.0,0.0
2023-10-09 15:00:00+08:00,6.579999923706055,6.590000152587891,6.550000190734863,6.559999942779541,404600,0.0,0.0
2023-10-09 16:00:00+08:00,6.559999942779541,6.570000171661377,6.559999942779541,6.559999942779541,248600,0.0,0.0
2023-10-10 09:00:00+08:00,6.599999904632568,6.650000095367432,6.599999904632568,6.639999866485596,717800,0.0,0.0
2023-10-10 10:00:00+08:00,6.639999866485596,6.650000095367432,6.619999885559082,6.639999866485596,345200,0.0,0.0
2023-10-10 11:00:00+08:00,6.639999866485596,6.639999866485596,6.599999904632568,6.599999904632568,158600,0.0,0.0
2023-10-10 12:00:00+08:00,6.610000133514404,6.610000133514404,6.610000133514404,6.610000133514404,10600,0.0,0.0
2023-10-10 13:00:00+08:00,6.610000133514404,6.630000114440918,6.599999904632568,6.619999885559082,212700,0.0,0.0
2023-10-10 14:00:00+08:00,6.619999885559082,6.619999885559082,6.599999904632568,6.610000133514404,112300,0.0,0.0
2023-10-10 15:00:00+08:00,6.610000133514404,6.630000114440918,6.599999904632568,6.610000133514404,315800,0.0,0.0
2023-10-10 16:00:00+08:00,6.610000133514404,6.639999866485596,6.610000133514404,6.630000114440918,534000,0.0,0.0
2023-10-11 09:00:00+08:00,6.659999847412109,6.690000057220459,6.619999885559082,6.650000095367432,470300,0.0,0.0
2023-10-11 10:00:00+08:00,6.650000095367432,6.670000076293945,6.639999866485596,6.659999847412109,101100,0.0,0.0
2023-10-11 11:00:00+08:00,6.659999847412109,6.659999847412109,6.639999866485596,6.650000095367432,69000,0.0,0.0
2023-10-11 12:00:00+08:00,6.659999847412109,6.659999847412109,6.659999847412109,6.659999847412109,21200,0.0,0.0
2023-10-11 13:00:00+08:00,6.659999847412109,6.679999828338623,6.650000095367432,6.679999828338623,115500,0.0,0.0
2023-10-11 14:00:00+08:00,6.679999828338623,6.679999828338623,6.650000095367432,6.659999847412109,66200,0.0,0.0
2023-10-11 15:00:00+08:00,6.659999847412109,6.679999828338623,6.650000095367432,6.670000076293945,289600,0.0,0.0
2023-10-11 16:00:00+08:00,6.670000076293945,6.670000076293945,6.650000095367432,6.650000095367432,216300,0.0,0.0
2023-10-12 09:00:00+08:00,6.679999828338623,6.75,6.650000095367432,6.730000019073486,836600,0.0,0.0
2023-10-12 10:00:00+08:00,6.730000019073486,6.769999980926514,6.71999979019165,6.760000228881836,478100,0.0,0.0
2023-10-12 11:00:00+08:00,6.760000228881836,6.769999980926514,6.739999771118164,6.75,188800,0.0,0.0
2023-10-12 12:00:00+08:00,6.769999980926514,6.769999980926514,6.75,6.75,48200,0.0,0.0
2023-10-12 13:00:00+08:00,6.75,6.78000020980835,6.739999771118164,6.760000228881836,367900,0.0,0.0
2023-10-12 14:00:00+08:00,6.760000228881836,6.769999980926514,6.739999771118164,6.760000228881836,222600,0.0,0.0
2023-10-12 15:00:00+08:00,6.760000228881836,6.769999980926514,6.760000228881836,6.760000228881836,236700,0.0,0.0
2023-10-12 16:00:00+08:00,6.760000228881836,6.760000228881836,6.739999771118164,6.75,253900,0.0,0.0
2023-10-13 09:00:00+08:00,6.71999979019165,6.730000019073486,6.679999828338623,6.699999809265137,259800,0.0,0.0
2023-10-13 10:00:00+08:00,6.699999809265137,6.710000038146973,6.690000057220459,6.710000038146973,91800,0.0,0.0
2023-10-13 11:00:00+08:00,6.710000038146973,6.71999979019165,6.699999809265137,6.710000038146973,144600,0.0,0.0
2023-10-13 12:00:00+08:00,6.710000038146973,6.71999979019165,6.710000038146973,6.71999979019165,7200,0.0,0.0
2023-10-13 13:00:00+08:00,6.71999979019165,6.71999979019165,6.690000057220459,6.690000057220459,97600,0.0,0.0
2023-10-13 14:00:00+08:00,6.690000057220459,6.699999809265137,6.679999828338623,6.679999828338623,168300,0.0,0.0
2023-10-13 15:00:00+08:00,6.679999828338623,6.699999809265137,6.670000076293945,6.670000076293945,349600,0.0,0.0
2023-10-13 16:00:00+08:00,6.670000076293945,6.679999828338623,6.650000095367432,6.670000076293945,423800,0.0,0.0
2023-10-16 09:00:00+08:00,6.630000114440918,6.639999866485596,6.610000133514404,6.619999885559082,285000,0.0,0.0
2023-10-16 10:00:00+08:00,6.619999885559082,6.619999885559082,6.590000152587891,6.599999904632568,477900,0.0,0.0
2023-10-16 11:00:00+08:00,6.599999904632568,6.610000133514404,6.599999904632568,6.610000133514404,63700,0.0,0.0
2023-10-16 12:00:00+08:00,6.599999904632568,6.599999904632568,6.599999904632568,6.599999904632568,45500,0.0,0.0
2023-10-16 13:00:00+08:00,6.599999904632568,6.610000133514404,6.570000171661377,6.579999923706055,296000,0.0,0.0
2023-10-16 14:00:00+08:00,6.579999923706055,6.590000152587891,6.570000171661377,6.579999923706055,110500,0.0,0.0
2023-10-16 15:00:00+08:00,6.579999923706055,6.579999923706055,6.559999942779541,6.559999942779541,314600,0.0,0.0
2023-10-16 16:00:00+08:00,6.559999942779541,6.570000171661377,6.550000190734863,6.570000171661377,315400,0.0,0.0
2023-10-17 09:00:00+08:00,6.610000133514404,6.610000133514404,6.539999961853027,6.539999961853027,1178300,0.0,0.0
2023-10-17 10:00:00+08:00,6.539999961853027,6.570000171661377,6.519999980926514,6.559999942779541,583900,0.0,0.0
2023-10-17 11:00:00+08:00,6.559999942779541,6.570000171661377,6.539999961853027,6.539999961853027,199400,0.0,0.0
2023-10-17 12:00:00+08:00,6.539999961853027,6.550000190734863,6.539999961853027,6.550000190734863,27800,0.0,0.0
2023-10-17 13:00:00+08:00,6.550000190734863,6.550000190734863,6.53000020980835,6.539999961853027,123900,0.0,0.0
2023-10-17 14:00:00+08:00,6.539999961853027,6.539999961853027,6.53000020980835,6.53000020980835,138800,0.0,0.0
2023-10-17 15:00:00+08:00,6.53000020980835,6.550000190734863,6.519999980926514,6.53000020980835,555700,0.0,0.0
2023-10-17 16:00:00+08:00,6.53000020980835,6.539999961853027,6.519999980926514,6.519999980926514,361800,0.0,0.0
2023-10-18 09:00:00+08:00,6.570000171661377,6.570000171661377,6.429999828338623,6.449999809265137,1168400,0.0,0.0
2023-10-18 10:00:00+08:00,6.449999809265137,6.46999979019165,6.409999847412109,6.429999828338623,535000,0.0,0.0
2023-10-18 11:00:00+08:00,6.429999828338623,6.429999828338623,6.400000095367432,6.409999847412109,440000,0.0,0.0
2023-10-18 12:00:00+08:00,6.409999847412109,6.409999847412109,6.409999847412109,6.409999847412109,29000,0.0,0.0
2023-10-18 13:00:00+08:00,6.420000076293945,6.420000076293945,6.340000152587891,6.360000133514404,1469100,0.0,0.0
2023-10-18 14:00:00+08:00,6.360000133514404,6.360000133514404,6.340000152587891,6.340000152587891,359900,0.0,0.0
2023-10-18 15:00:00+08:00,6.340000152587891,6.349999904632568,6.309999942779541,6.329999923706055,1033500,0.0,0.0
2023-10-18 16:00:00+08:00,6.329999923706055,6.340000152587891,6.309999942779541,6.320000171661377,855500,0.0,0.0
2023-10-19 09:00:00+08:00,6.25,6.28000020980835,6.170000076293945,6.239999771118164,1625500,0.0,0.0
2023-10-19 10:00:00+08:00,6.239999771118164,6.25,6.199999809265137,6.21999979019165,633200,0.0,0.0
2023-10-19 11:00:00+08:00,6.21999979019165,6.28000020980835,6.210000038146973,6.28000020980835,379400,0.0,0.0
2023-10-19 12:00:00+08:00,6.28000020980835,6.289999961853027,6.28000020980835,6.289999961853027,23700,0.0,0.0
2023-10-19 13:00:00+08:00,6.289999961853027,6.300000190734863,6.239999771118164,6.239999771118164,440300,0.0,0.0
2023-10-19 14:00:00+08:00,6.239999771118164,6.269999980926514,6.230000019073486,6.25,293300,0.0,0.0
2023-10-19 15:00:00+08:00,6.25,6.269999980926514,6.239999771118164,6.260000228881836,489600,0.0,0.0
2023-10-19 16:00:00+08:00,6.260000228881836,6.269999980926514,6.25,6.25,378700,0.0,0.0
2023-10-20 09:00:00+08:00,6.289999961853027,6.389999866485596,6.269999980926514,6.360000133514404,1480900,0.0,0.0
2023-10-20 10:00:00+08:00,6.360000133514404,6.429999828338623,6.349999904632568,6.420000076293945,825000,0.0,0.0
2023-10-20 11:00:00+08:00,6.420000076293945,6.449999809265137,6.420000076293945,6.449999809265137,402100,0.0,0.0
2023-10-20 12:00:00+08:00,6.449999809265137,6.449999809265137,6.449999809265137,6.449999809265137,34700,0.0,0.0
2023-10-20 13:00:00+08:00,6.449999809265137,6.480000019073486,6.409999847412109,6.409999847412109,0,0.0,0.0
2023-10-20 14:00:00+08:00,6.409999847412109,6.440000057220459,6.400000095367432,6.420000076293945,3632900,0.0,0.0
2023-10-20 15:00:00+08:00,6.409999847412109,6.409999847412109,6.320000171661377,6.340000152587891,781600,0.0,0.0
2023-10-20 16:00:00+08:00,6.340000152587891,6.340000152587891,6.309999942779541,6.309999942779541,957500,0.0,0.0
2023-10-23 09:00:00+08:00,6.340000152587891,6.380000114440918,6.309999942779541,6.349999904632568,760900,0.0,0.0
2023-10-23 10:00:00+08:00,6.349999904632568,6.349999904632568,6.320000171661377,6.320000171661377,336000,0.0,0.0
2023-10-23 11:00:00+08:00,6.320000171661377,6.369999885559082,6.320000171661377,6.360000133514404,280300,0.0,0.0
2023-10-23 12:00:00+08:00,6.369999885559082,6.369999885559082,6.369999885559082,6.369999885559082,7400,0.0,0.0
2023-10-23 13:00:00+08:00,6.369999885559082,6.380000114440918,6.360000133514404,6.380000114440918,288500,0.0,0.0
2023-10-23 14:00:00+08:00,6.380000114440918,6.380000114440918,6.329999923706055,6.329999923706055,601400,0.0,0.0
2023-10-23 15:00:00+08:00,6.329999923706055,6.340000152587891,6.309999942779541,6.320000171661377,358100,0.0,0.0
2023-10-23 16:00:00+08:00,6.320000171661377,6.320000171661377,6.309999942779541,6.309999942779541,331600,0.0,0.0
2023-10-24 09:00:00+08:00,6.329999923706055,6.369999885559082,6.269999980926514,6.28000020980835,1141500,0.0,0.0
2023-10-24 10:00:00+08:00,6.28000020980835,6.349999904632568,6.269999980926514,6.340000152587891,375200,0.0,0.0
2023-10-24 11:00:00+08:00,6.340000152587891,6.360000133514404,6.329999923706055,6.349999904632568,278200,0.0,0.0
2023-10-24 12:00:00+08:00,6.349999904632568,6.349999904632568,6.349999904632568,6.349999904632568,18100,0.0,0.0
2023-10-24 13:00:00+08:00,6.349999904632568,6.389999866485596,6.340000152587891,6.369999885559082,477100,0.0,0.0
2023-10-24 14:00:00+08:00,6.369999885559082,6.389999866485596,6.369999885559082,6.380000114440918,220500,0.0,0.0
2023-10-24 15:00:00+08:00,6.380000114440918,6.400000095367432,6.369999885559082,6.369999885559082,683145,0.0,0.0
2023-10-24 16:00:00+08:00,6.369999885559082,6.400000095367432,6.369999885559082,6.389999866485596,611500,0.0,0.0
2023-10-25 09:00:00+08:00,6.28000020980835,6.309999942779541,6.25,6.28000020980835,921500,0.0,0.0
2023-10-25 10:00:00+08:00,6.28000020980835,6.300000190734863,6.28000020980835,6.28000020980835,234800,0.0,0.0
2023-10-25 11:00:00+08:00,6.28000020980835,6.300000190734863,6.28000020980835,6.28000020980835,144300,0.0,0.0
2023-10-25 12:00:00+08:00,6.28000020980835,6.28000020980835,6.28000020980835,6.28000020980835,6800,0.0,0.0
2023-10-25 13:00:00+08:00,6.28000020980835,6.28000020980835,6.21999979019165,6.230000019073486,1060100,0.0,0.0
2023-10-25 14:00:00+08:00,6.230000019073486,6.239999771118164,6.21999979019165,6.230000019073486,228000,0.0,0.0
2023-10-25 15:00:00+08:00,6.230000019073486,6.230000019073486,6.210000038146973,6.21999979019165,810400,0.0,0.0
2023-10-25 16:00:00+08:00,6.21999979019165,6.230000019073486,6.210000038146973,6.21999979019165,464600,0.0,0.0
2023-10-26 09:00:00+08:00,6.199999809265137,6.25,6.190000057220459,6.199999809265137,636100,0.0,0.0
2023-10-26 10:00:00+08:00,6.199999809265137,6.199999809265137,6.150000095367432,6.179999828338623,606400,0.0,0.0
2023-10-26 11:00:00+08:00,6.179999828338623,6.199999809265137,6.170000076293945,6.190000057220459,174800,0.0,0.0
2023-10-26 12:00:00+08:00,6.190000057220459,6.190000057220459,6.190000057220459,6.190000057220459,18700,0.0,0.0
2023-10-26 13:00:00+08:00,6.190000057220459,6.21999979019165,6.179999828338623,6.210000038146973,840300,0.0,0.0
2023-10-26 14:00:00+08:00,6.210000038146973,6.230000019073486,6.199999809265137,6.199999809265137,303100,0.0,0.0
2023-10-26 15:00:00+08:00,6.199999809265137,6.230000019073486,6.190000057220459,6.230000019073486,249200,0.0,0.0
2023-10-26 16:00:00+08:00,6.230000019073486,6.230000019073486,6.210000038146973,6.230000019073486,477500,0.0,0.0
2023-10-27 09:00:00+08:00,6.230000019073486,6.230000019073486,6.199999809265137,6.21999979019165,248400,0.0,0.0
2023-10-27 10:00:00+08:00,6.21999979019165,6.239999771118164,6.21999979019165,6.21999979019165,160400,0.0,0.0
2023-10-27 11:00:00+08:00,6.21999979019165,6.230000019073486,6.199999809265137,6.230000019073486,954300,0.0,0.0
2023-10-27 12:00:00+08:00,6.210000038146973,6.230000019073486,6.210000038146973,6.230000019073486,68900,0.0,0.0
2023-10-27 13:00:00+08:00,6.230000019073486,6.25,6.230000019073486,6.25,175700,0.0,0.0
2023-10-27 14:00:00+08:00,6.25,6.25,6.239999771118164,6.25,161500,0.0,0.0
2023-10-27 15:00:00+08:00,6.25,6.260000228881836,6.239999771118164,6.25,155000,0.0,0.0
2023-10-27 16:00:00+08:00,6.25,6.25,6.21999979019165,6.25,448600,0.0,0.0
2023-10-30 09:00:00+08:00,6.21999979019165,6.239999771118164,6.159999847412109,6.199999809265137,462300,0.0,0.0
2023-10-30 10:00:00+08:00,6.199999809265137,6.21999979019165,6.179999828338623,6.210000038146973,246200,0.0,0.0
2023-10-30 11:00:00+08:00,6.210000038146973,6.25,6.210000038146973,6.239999771118164,144200,0.0,0.0
2023-10-30 12:00:00+08:00,6.21999979019165,6.239999771118164,6.21999979019165,6.239999771118164,9700,0.0,0.0
2023-10-30 13:00:00+08:00,6.239999771118164,6.25,6.210000038146973,6.239999771118164,1093102,0.0,0.0
2023-10-30 14:00:00+08:00,6.239999771118164,6.239999771118164,6.230000019073486,6.230000019073486,84800,0.0,0.0
2023-10-30 15:00:00+08:00,6.230000019073486,6.239999771118164,6.21999979019165,6.230000019073486,93600,0.0,0.0
2023-10-30 16:00:00+08:00,6.230000019073486,6.230000019073486,6.199999809265137,6.21999979019165,298100,0.0,0.0
2023-10-31 09:00:00+08:00,6.269999980926514,6.309999942779541,6.239999771118164,6.25,730400,0.0,0.0
2023-10-31 10:00:00+08:00,6.25,6.260000228881836,6.239999771118164,6.239999771118164,127100,0.0,0.0
2023-10-31 11:00:00+08:00,6.239999771118164,6.239999771118164,6.210000038146973,6.21999979019165,188100,0.0,0.0
2023-10-31 12:00:00+08:00,6.21999979019165,6.21999979019165,6.21999979019165,6.21999979019165,16400,0.0,0.0
2023-10-31 13:00:00+08:00,6.21999979019165,6.239999771118164,6.199999809265137,6.210000038146973,356700,0.0,0.0
2023-10-31 14:00:00+08:00,6.210000038146973,6.21999979019165,6.190000057220459,6.21999979019165,271300,0.0,0.0
2023-10-31 15:00:00+08:00,6.21999979019165,6.21999979019165,6.199999809265137,6.210000038146973,90600,0.0,0.0
2023-10-31 16:00:00+08:00,6.210000038146973,6.210000038146973,6.179999828338623,6.199999809265137,346400,0.0,0.0
2023-11-01 09:00:00+08:00,6.210000038146973,6.21999979019165,6.159999847412109,6.210000038146973,606000,0.0,0.0
2023-11-01 10:00:00+08:00,6.210000038146973,6.210000038146973,6.179999828338623,6.190000057220459,181400,0.0,0.0
2023-11-01 11:00:00+08:00,6.190000057220459,6.190000057220459,6.170000076293945,6.179999828338623,216500,0.0,0.0
2023-11-01 12:00:00+08:00,6.179999828338623,6.179999828338623,6.179999828338623,6.179999828338623,11400,0.0,0.0
2023-11-01 13:00:00+08:00,6.179999828338623,6.190000057220459,6.170000076293945,6.179999828338623,147600,0.0,0.0
2023-11-01 14:00:00+08:00,6.199999809265137,6.230000019073486,6.199999809265137,6.230000019073486,269900,0.0,0.0
2023-11-01 15:00:00+08:00,6.230000019073486,6.230000019073486,6.210000038146973,6.210000038146973,96800,0.0,0.0
2023-11-01 16:00:00+08:00,6.210000038146973,6.21999979019165,6.179999828338623,6.190000057220459,338500,0.0,0.0
2023-11-02 09:00:00+08:00,6.269999980926514,6.28000020980835,6.199999809265137,6.28000020980835,906300,0.0,0.0
2023-11-02 10:00:00+08:00,6.28000020980835,6.289999961853027,6.210000038146973,6.210000038146973,393600,0.0,0.0
2023-11-02 11:00:00+08:00,6.210000038146973,6.21999979019165,6.199999809265137,6.210000038146973,76500,0.0,0.0
2023-11-02 12:00:00+08:00,6.210000038146973,6.210000038146973,6.210000038146973,6.210000038146973,27300,0.0,0.0
2023-11-02 13:00:00+08:00,6.210000038146973,6.230000019073486,6.199999809265137,6.210000038146973,347500,0.0,0.0
2023-11-02 14:00:00+08:00,6.210000038146973,6.210000038146973,6.199999809265137,6.199999809265137,105100,0.0,0.0
2023-11-02 15:00:00+08:00,6.199999809265137,6.230000019073486,6.199999809265137,6.230000019073486,416600,0.0,0.0
2023-11-02 16:00:00+08:00,6.230000019073486,6.230000019073486,6.210000038146973,6.210000038146973,332100,0.0,0.0
2023-11-03 09:00:00+08:00,6.269999980926514,6.369999885559082,6.260000228881836,6.369999885559082,1445400,0.0,0.0
2023-11-03 10:00:00+08:00,6.369999885559082,6.420000076293945,6.360000133514404,6.409999847412109,1018300,0.0,0.0
2023-11-03 11:00:00+08:00,6.409999847412109,6.440000057220459,6.400000095367432,6.400000095367432,528700,0.0,0.0
2023-11-03 12:00:00+08:00,6.409999847412109,6.409999847412109,6.409999847412109,6.409999847412109,19300,0.0,0.0
2023-11-03 13:00:00+08:00,6.409999847412109,6.420000076293945,6.389999866485596,6.420000076293945,250700,0.0,0.0
2023-11-03 14:00:00+08:00,6.420000076293945,6.429999828338623,6.409999847412109,6.420000076293945,211800,0.0,0.0
2023-11-03 15:00:00+08:00,6.420000076293945,6.429999828338623,6.409999847412109,6.420000076293945,208600,0.0,0.0
2023-11-03 16:00:00+08:00,6.420000076293945,6.429999828338623,6.400000095367432,6.409999847412109,420200,0.0,0.0
2023-11-06 09:00:00+08:00,6.46999979019165,6.46999979019165,6.420000076293945,6.440000057220459,639700,0.0,0.0
2023-11-06 10:00:00+08:00,6.440000057220459,6.440000057220459,6.420000076293945,6.429999828338623,201100,0.0,0.0
2023-11-06 11:00:00+08:00,6.429999828338623,6.440000057220459,6.420000076293945,6.420000076293945,174200,0.0,0.0
2023-11-06 12:00:00+08:00,6.429999828338623,6.429999828338623,6.429999828338623,6.429999828338623,10900,0.0,0.0
2023-11-06 13:00:00+08:00,6.429999828338623,6.460000038146973,6.429999828338623,6.449999809265137,233500,0.0,0.0
2023-11-06 14:00:00+08:00,6.449999809265137,6.480000019073486,6.440000057220459,6.460000038146973,255200,0.0,0.0
2023-11-06 15:00:00+08:00,6.460000038146973,6.480000019073486,6.460000038146973,6.46999979019165,193600,0.0,0.0
2023-11-06 16:00:00+08:00,6.46999979019165,6.489999771118164,6.460000038146973,6.46999979019165,292500,0.0,0.0
2023-11-07 09:00:00+08:00,6.449999809265137,6.489999771118164,6.409999847412109,6.420000076293945,513700,0.0,0.0
2023-11-07 10:00:00+08:00,6.420000076293945,6.449999809265137,6.409999847412109,6.440000057220459,392700,0.0,0.0
2023-11-07 11:00:00+08:00,6.440000057220459,6.46999979019165,6.429999828338623,6.460000038146973,134400,0.0,0.0
2023-11-07 12:00:00+08:00,6.460000038146973,6.460000038146973,6.460000038146973,6.460000038146973,11800,0.0,0.0
2023-11-07 13:00:00+08:00,6.460000038146973,6.460000038146973,6.440000057220459,6.440000057220459,0,0.0,0.0
2023-11-07 14:00:00+08:00,6.440000057220459,6.449999809265137,6.420000076293945,6.420000076293945,1424600,0.0,0.0
2023-11-07 15:00:00+08:00,6.420000076293945,6.440000057220459,6.420000076293945,6.429999828338623,186700,0.0,0.0
2023-11-07 16:00:00+08:00,6.429999828338623,6.440000057220459,6.420000076293945,6.429999828338623,170000,0.0,0.0
2023-11-08 09:00:00+08:00,6.429999828338623,6.429999828338623,6.340000152587891,6.349999904632568,480700,0.0,0.0
2023-11-08 10:00:00+08:00,6.340000152587891,6.360000133514404,6.329999923706055,6.360000133514404,306000,0.0,0.0
2023-11-08 11:00:00+08:00,6.360000133514404,6.369999885559082,6.320000171661377,6.320000171661377,162200,0.0,0.0
2023-11-08 12:00:00+08:00,6.320000171661377,6.320000171661377,6.320000171661377,6.320000171661377,19600,0.0,0.0
2023-11-08 13:00:00+08:00,6.320000171661377,6.329999923706055,6.289999961853027,6.300000190734863,532300,0.0,0.0
2023-11-08 14:00:00+08:00,6.300000190734863,6.309999942779541,6.28000020980835,6.309999942779541,276500,0.0,0.0
2023-11-08 15:00:00+08:00,6.309999942779541,6.309999942779541,6.289999961853027,6.289999961853027,102000,0.0,0.0
2023-11-08 16:00:00+08:00,6.289999961853027,6.309999942779541,6.289999961853027,6.289999961853027,292600,0.0,0.0
2023-11-09 09:00:00+08:00,6.289999961853027,6.329999923706055,6.28000020980835,6.300000190734863,406100,0.0,0.0
2023-11-09 10:00:00+08:00,6.300000190734863,6.340000152587891,6.289999961853027,6.309999942779541,321000,0.0,0.0
2023-11-09 11:00:00+08:00,6.309999942779541,6.349999904632568,6.309999942779541,6.309999942779541,229800,0.0,0.0
2023-11-09 12:00:00+08:00,6.320000171661377,6.320000171661377,6.309999942779541,6.309999942779541,7800,0.0,0.0
2023-11-09 13:00:00+08:00,6.309999942779541,6.329999923706055,6.289999961853027,6.289999961853027,342700,0.0,0.0
2023-11-09 14:00:00+08:00,6.289999961853027,6.300000190734863,6.289999961853027,6.289999961853027,83000,0.0,0.0
2023-11-09 15:00:00+08:00,6.289999961853027,6.300000190734863,6.269999980926514,6.269999980926514,466900,0.0,0.0
2023-11-09 16:00:00+08:00,6.269999980926514,6.320000171661377,6.269999980926514,6.309999942779541,545800,0.0,0.0
2023-11-10 09:00:00+08:00,6.260000228881836,6.28000020980835,6.239999771118164,6.260000228881836,455400,0.0,0.0
2023-11-10 10:00:00+08:00,6.260000228881836,6.300000190734863,6.25,6.269999980926514,144600,0.0,0.0
2023-11-10 11:00:00+08:00,6.269999980926514,6.28000020980835,6.260000228881836,6.28000020980835,71400,0.0,0.0
2023-11-10 12:00:00+08:00,6.289999961853027,6.289999961853027,6.28000020980835,6.28000020980835,6700,0.0,0.0
2023-11-10 13:00:00+08:00,6.28000020980835,6.289999961853027,6.260000228881836,6.28000020980835,136800,0.0,0.0
2023-11-10 14:00:00+08:00,6.28000020980835,6.300000190734863,6.28000020980835,6.28000020980835,56400,0.0,0.0
2023-11-10 15:00:00+08:00,6.28000020980835,6.289999961853027,6.269999980926514,6.28000020980835,131400,0.0,0.0
2023-11-10 16:00:00+08:00,6.28000020980835,6.28000020980835,6.25,6.260000228881836,215000,0.0,0.0
2023-11-14 09:00:00+08:00,6.300000190734863,6.300000190734863,6.210000038146973,6.230000019073486,678800,0.0,0.0
2023-11-14 10:00:00+08:00,6.230000019073486,6.239999771118164,6.179999828338623,6.21999979019165,572300,0.0,0.0
2023-11-14 11:00:00+08:00,6.21999979019165,6.230000019073486,6.199999809265137,6.21999979019165,230400,0.0,0.0
2023-11-14 12:00:00+08:00,6.21999979019165,6.21999979019165,6.21999979019165,6.21999979019165,38600,0.0,0.0
2023-11-14 13:00:00+08:00,6.210000038146973,6.210000038146973,6.190000057220459,6.210000038146973,140000,0.0,0.0
2023-11-14 14:00:00+08:00,6.210000038146973,6.230000019073486,6.199999809265137,6.230000019073486,149900,0.0,0.0
2023-11-14 15:00:00+08:00,6.230000019073486,6.230000019073486,6.199999809265137,6.210000038146973,266500,0.0,0.0
2023-11-14 16:00:00+08:00,6.210000038146973,6.21999979019165,6.210000038146973,6.21999979019165,158200,0.0,0.0
2023-11-15 09:00:00+08:00,6.300000190734863,6.409999847412109,6.28000020980835,6.340000152587891,2131100,0.0,0.0
2023-11-15 10:00:00+08:00,6.340000152587891,6.349999904632568,6.309999942779541,6.340000152587891,199900,0.0,0.0
2023-11-15 11:00:00+08:00,6.340000152587891,6.340000152587891,6.309999942779541,6.320000171661377,173300,0.0,0.0
2023-11-15 12:00:00+08:00,6.320000171661377,6.329999923706055,6.320000171661377,6.329999923706055,18200,0.0,0.0
2023-11-15 13:00:00+08:00,6.329999923706055,6.389999866485596,6.320000171661377,6.380000114440918,454100,0.0,0.0
2023-11-15 14:00:00+08:00,6.380000114440918,6.429999828338623,6.369999885559082,6.409999847412109,752800,0.0,0.0
2023-11-15 15:00:00+08:00,6.409999847412109,6.429999828338623,6.409999847412109,6.429999828338623,249000,0.0,0.0
2023-11-15 16:00:00+08:00,6.429999828338623,6.440000057220459,6.400000095367432,6.400000095367432,563000,0.0,0.0
2023-11-16 09:00:00+08:00,6.380000114440918,6.389999866485596,6.320000171661377,6.320000171661377,517500,0.0,0.0
2023-11-16 10:00:00+08:00,6.320000171661377,6.349999904632568,6.300000190734863,6.349999904632568,204600,0.0,0.0
2023-11-16 11:00:00+08:00,6.349999904632568,6.380000114440918,6.349999904632568,6.369999885559082,157400,0.0,0.0
2023-11-16 12:00:00+08:00,6.369999885559082,6.369999885559082,6.369999885559082,6.369999885559082,8600,0.0,0.0
2023-11-16 13:00:00+08:00,6.369999885559082,6.400000095367432,6.360000133514404,6.369999885559082,218400,0.0,0.0
2023-11-16 14:00:00+08:00,6.369999885559082,6.400000095367432,6.369999885559082,6.389999866485596,187900,0.0,0.0
2023-11-16 15:00:00+08:00,6.389999866485596,6.400000095367432,6.380000114440918,6.389999866485596,183600,0.0,0.0
2023-11-16 16:00:00+08:00,6.389999866485596,6.409999847412109,6.389999866485596,6.400000095367432,248500,0.0,0.0
2023-11-17 09:00:00+08:00,6.369999885559082,6.389999866485596,6.340000152587891,6.369999885559082,178400,0.0,0.0
2023-11-17 10:00:00+08:00,6.369999885559082,6.380000114440918,6.360000133514404,6.360000133514404,49600,0.0,0.0
2023-11-17 11:00:00+08:00,6.360000133514404,6.380000114440918,6.349999904632568,6.380000114440918,80500,0.0,0.0
2023-11-17 12:00:00+08:00,6.369999885559082,6.380000114440918,6.369999885559082,6.380000114440918,6200,0.0,0.0
2023-11-17 13:00:00+08:00,6.380000114440918,6.440000057220459,6.380000114440918,6.429999828338623,373700,0.0,0.0
2023-11-17 14:00:00+08:00,6.429999828338623,6.46999979019165,6.420000076293945,6.460000038146973,404500,0.0,0.0
2023-11-17 15:00:00+08:00,6.460000038146973,6.46999979019165,6.429999828338623,6.440000057220459,254000,0.0,0.0
2023-11-17 16:00:00+08:00,6.440000057220459,6.46999979019165,6.440000057220459,6.46999979019165,448400,0.0,0.0
2023-11-20 09:00:00+08:00,6.46999979019165,6.5,6.400000095367432,6.449999809265137,458200,0.0,0.0
2023-11-20 10:00:00+08:00,6.449999809265137,6.449999809265137,6.400000095367432,6.420000076293945,255700,0.0,0.0
2023-11-20 11:00:00+08:00,6.420000076293945,6.440000057220459,6.409999847412109,6.429999828338623,55100,0.0,0.0
2023-11-20 12:00:00+08:00,6.429999828338623,6.429999828338623,6.429999828338623,6.429999828338623,8500,0.0,0.0
2023-11-20 13:00:00+08:00,6.429999828338623,6.429999828338623,6.389999866485596,6.389999866485596,98400,0.0,0.0
2023-11-20 14:00:00+08:00,6.389999866485596,6.420000076293945,6.389999866485596,6.409999847412109,94500,0.0,0.0
2023-11-20 15:00:00+08:00,6.409999847412109,6.420000076293945,6.400000095367432,6.409999847412109,87000,0.0,0.0
2023-11-20 16:00:00+08:00,6.409999847412109,6.420000076293945,6.409999847412109,6.420000076293945,120500,0.0,0.0
2023-11-21 09:00:00+08:00,6.440000057220459,6.449999809265137,6.400000095367432,6.420000076293945,159700,0.0,0.0
2023-11-21 10:00:00+08:00,6.420000076293945,6.420000076293945,6.400000095367432,6.409999847412109,137200,0.0,0.0
2023-11-21 11:00:00+08:00,6.409999847412109,6.420000076293945,6.400000095367432,6.420000076293945,112300,0.0,0.0
2023-11-21 12:00:00+08:00,6.420000076293945,6.420000076293945,6.409999847412109,6.409999847412109,5400,0.0,0.0
2023-11-21 13:00:00+08:00,6.409999847412109,6.429999828338623,6.400000095367432,6.429999828338623,124800,0.0,0.0
2023-11-21 14:00:00+08:00,6.429999828338623,6.429999828338623,6.400000095367432,6.420000076293945,142500,0.0,0.0
2023-11-21 15:00:00+08:00,6.420000076293945,6.429999828338623,6.409999847412109,6.420000076293945,153300,0.0,0.0
2023-11-21 16:00:00+08:00,6.420000076293945,6.420000076293945,6.400000095367432,6.409999847412109,140100,0.0,0.0
2023-11-22 09:00:00+08:00,6.400000095367432,6.449999809265137,6.389999866485596,6.440000057220459,400600,0.0,0.0
2023-11-22 10:00:00+08:00,6.440000057220459,6.460000038146973,6.440000057220459,6.440000057220459,184800,0.0,0.0
2023-11-22 11:00:00+08:00,6.440000057220459,6.46999979019165,6.440000057220459,6.460000038146973,138700,0.0,0.0
2023-11-22 12:00:00+08:00,6.46999979019165,6.46999979019165,6.46999979019165,6.46999979019165,12600,0.0,0.0
2023-11-22 13:00:00+08:00,6.46999979019165,6.510000228881836,6.460000038146973,6.489999771118164,478700,0.0,0.0
2023-11-22 14:00:00+08:00,6.489999771118164,6.489999771118164,6.46999979019165,6.489999771118164,182200,0.0,0.0
2023-11-22 15:00:00+08:00,6.489999771118164,6.489999771118164,6.460000038146973,6.46999979019165,179400,0.0,0.0
2023-11-22 16:00:00+08:00,6.46999979019165,6.480000019073486,6.449999809265137,6.460000038146973,137400,0.0,0.0
2023-11-23 09:00:00+08:00,6.449999809265137,6.480000019073486,6.440000057220459,6.46999979019165,113100,0.0,0.0
2023-11-23 10:00:00+08:00,6.46999979019165,6.489999771118164,6.46999979019165,6.480000019073486,48000,0.0,0.0
2023-11-23 11:00:00+08:00,6.480000019073486,6.480000019073486,6.460000038146973,6.480000019073486,127300,0.0,0.0
2023-11-23 12:00:00+08:00,6.46999979019165,6.46999979019165,6.46999979019165,6.46999979019165,10000,0.0,0.0
2023-11-23 13:00:00+08:00,6.46999979019165,6.46999979019165,6.449999809265137,6.460000038146973,94700,0.0,0.0
2023-11-23 14:00:00+08:00,6.460000038146973,6.480000019073486,6.460000038146973,6.460000038146973,58800,0.0,0.0
2023-11-23 15:00:00+08:00,6.460000038146973,6.480000019073486,6.460000038146973,6.480000019073486,51000,0.0,0.0
2023-11-23 16:00:00+08:00,6.480000019073486,6.480000019073486,6.460000038146973,6.46999979019165,90800,0.0,0.0
2023-11-24 09:00:00+08:00,6.449999809265137,6.489999771118164,6.449999809265137,6.480000019073486,104900,0.0,0.0
2023-11-24 10:00:00+08:00,6.480000019073486,6.480000019073486,6.440000057220459,6.449999809265137,59000,0.0,0.0
2023-11-24 11:00:00+08:00,6.449999809265137,6.449999809265137,6.420000076293945,6.420000076293945,50500,0.0,0.0
2023-11-24 12:00:00+08:00,6.420000076293945,6.440000057220459,6.420000076293945,6.440000057220459,35500,0.0,0.0
2023-11-24 13:00:00+08:00,6.440000057220459,6.449999809265137,6.420000076293945,6.429999828338623,100700,0.0,0.0
2023-11-24 14:00:00+08:00,6.429999828338623,6.429999828338623,6.409999847412109,6.420000076293945,138200,0.0,0.0
2023-11-24 15:00:00+08:00,6.420000076293945,6.429999828338623,6.409999847412109,6.420000076293945,57400,0.0,0.0
2023-11-24 16:00:00+08:00,6.420000076293945,6.429999828338623,6.409999847412109,6.420000076293945,85700,0.0,0.0
2023-11-27 09:00:00+08:00,6.429999828338623,6.440000057220459,6.409999847412109,6.420000076293945,222700,0.0,0.0
2023-11-27 10:00:00+08:00,6.420000076293945,6.429999828338623,6.349999904632568,6.369999885559082,585600,0.0,0.0
2023-11-27 11:00:00+08:00,6.369999885559082,6.369999885559082,6.320000171661377,6.349999904632568,291600,0.0,0.0
2023-11-27 12:00:00+08:00,6.369999885559082,6.369999885559082,6.360000133514404,6.360000133514404,6700,0.0,0.0
2023-11-27 13:00:00+08:00,6.360000133514404,6.380000114440918,6.349999904632568,6.369999885559082,179600,0.0,0.0
2023-11-27 14:00:00+08:00,6.369999885559082,6.389999866485596,6.369999885559082,6.389999866485596,150200,0.0,0.0
2023-11-27 15:00:00+08:00,6.389999866485596,6.389999866485596,6.369999885559082,6.369999885559082,54900,0.0,0.0
2023-11-27 16:00:00+08:00,6.369999885559082,6.369999885559082,6.349999904632568,6.369999885559082,154400,0.0,0.0
2023-11-28 09:00:00+08:00,6.360000133514404,6.389999866485596,6.349999904632568,6.380000114440918,269200,0.0,0.0
2023-11-28 10:00:00+08:00,6.380000114440918,6.389999866485596,6.349999904632568,6.380000114440918,144500,0.0,0.0
2023-11-28 11:00:00+08:00,6.380000114440918,6.389999866485596,6.360000133514404,6.380000114440918,138900,0.0,0.0
2023-11-28 12:00:00+08:00,6.369999885559082,6.380000114440918,6.369999885559082,6.380000114440918,11700,0.0,0.0
2023-11-28 13:00:00+08:00,6.380000114440918,6.380000114440918,6.329999923706055,6.340000152587891,307600,0.0,0.0
2023-11-28 14:00:00+08:00,6.340000152587891,6.360000133514404,6.340000152587891,6.349999904632568,40200,0.0,0.0
2023-11-28 15:00:00+08:00,6.349999904632568,6.360000133514404,6.340000152587891,6.349999904632568,123800,0.0,0.0
2023-11-28 16:00:00+08:00,6.349999904632568,6.369999885559082,6.340000152587891,6.360000133514404,108000,0.0,0.0
2023-11-29 09:00:00+08:00,6.369999885559082,6.420000076293945,6.360000133514404,6.409999847412109,678700,0.0,0.0
2023-11-29 10:00:00+08:00,6.409999847412109,6.429999828338623,6.380000114440918,6.389999866485596,301400,0.0,0.0
2023-11-29 11:00:00+08:00,6.389999866485596,6.400000095367432,6.380000114440918,6.400000095367432,109900,0.0,0.0
2023-11-29 12:00:00+08:00,6.409999847412109,6.409999847412109,6.409999847412109,6.409999847412109,23100,0.0,0.0
2023-11-29 13:00:00+08:00,6.409999847412109,6.409999847412109,6.380000114440918,6.389999866485596,105900,0.0,0.0
2023-11-29 14:00:00+08:00,6.389999866485596,6.400000095367432,6.369999885559082,6.400000095367432,162900,0.0,0.0
2023-11-29 15:00:00+08:00,6.400000095367432,6.429999828338623,6.400000095367432,6.420000076293945,330200,0.0,0.0
2023-11-29 16:00:00+08:00,6.420000076293945,6.460000038146973,6.420000076293945,6.429999828338623,414400,0.0,0.0
2023-11-30 09:00:00+08:00,6.449999809265137,6.46999979019165,6.409999847412109,6.460000038146973,624000,0.0,0.0
2023-11-30 10:00:00+08:00,6.460000038146973,6.539999961853027,6.440000057220459,6.539999961853027,907800,0.0,0.0
2023-11-30 11:00:00+08:00,6.539999961853027,6.619999885559082,6.519999980926514,6.610000133514404,1453400,0.0,0.0
2023-11-30 12:00:00+08:00,6.599999904632568,6.599999904632568,6.599999904632568,6.599999904632568,38600,0.0,0.0
2023-11-30 13:00:00+08:00,6.599999904632568,6.610000133514404,6.579999923706055,6.590000152587891,509100,0.0,0.0
2023-11-30 14:00:00+08:00,6.590000152587891,6.639999866485596,6.579999923706055,6.630000114440918,1213500,0.0,0.0
2023-11-30 15:00:00+08:00,6.630000114440918,6.650000095367432,6.630000114440918,6.650000095367432,819100,0.0,0.0
2023-11-30 16:00:00+08:00,6.650000095367432,6.670000076293945,6.630000114440918,6.670000076293945,1405400,0.0,0.0
2023-12-01 09:00:00+08:00,6.650000095367432,6.829999923706055,6.630000114440918,6.789999961853027,2474800,0.0,0.0
2023-12-01 10:00:00+08:00,6.78000020980835,6.800000190734863,6.75,6.769999980926514,504100,0.0,0.0
2023-12-01 11:00:00+08:00,6.769999980926514,6.800000190734863,6.75,6.769999980926514,398300,0.0,0.0
2023-12-01 12:00:00+08:00,6.769999980926514,6.769999980926514,6.769999980926514,6.769999980926514,4600,0.0,0.0
2023-12-01 13:00:00+08:00,6.769999980926514,6.800000190734863,6.769999980926514,6.769999980926514,418200,0.0,0.0
2023-12-01 14:00:00+08:00,6.769999980926514,6.840000152587891,6.760000228881836,6.809999942779541,1352700,0.0,0.0
2023-12-01 15:00:00+08:00,6.809999942779541,6.840000152587891,6.800000190734863,6.829999923706055,645100,0.0,0.0
2023-12-01 16:00:00+08:00,6.829999923706055,6.849999904632568,6.820000171661377,6.829999923706055,1061800,0.0,0.0
2023-12-04 09:00:00+08:00,6.860000133514404,6.949999809265137,6.849999904632568,6.929999828338623,1832600,0.0,0.0
2023-12-04 10:00:00+08:00,6.929999828338623,6.929999828338623,6.880000114440918,6.889999866485596,768400,0.0,0.0
2023-12-04 11:00:00+08:00,6.889999866485596,6.900000095367432,6.869999885559082,6.869999885559082,188600,0.0,0.0
2023-12-04 12:00:00+08:00,6.860000133514404,6.860000133514404,6.860000133514404,6.860000133514404,46200,0.0,0.0
2023-12-04 13:00:00+08:00,6.860000133514404,6.880000114440918,6.820000171661377,6.820000171661377,383000,0.0,0.0
2023-12-04 14:00:00+08:00,6.820000171661377,6.840000152587891,6.809999942779541,6.840000152587891,319700,0.0,0.0
2023-12-04 15:00:00+08:00,6.840000152587891,6.860000133514404,6.829999923706055,6.829999923706055,407700,0.0,0.0
2023-12-04 16:00:00+08:00,6.829999923706055,6.840000152587891,6.78000020980835,6.809999942779541,764900,0.0,0.0
2023-12-05 09:00:00+08:00,6.789999961853027,6.840000152587891,6.760000228881836,6.840000152587891,577200,0.0,0.0
2023-12-05 10:00:00+08:00,6.840000152587891,6.840000152587891,6.769999980926514,6.769999980926514,297300,0.0,0.0
2023-12-05 11:00:00+08:00,6.769999980926514,6.78000020980835,6.75,6.760000228881836,261900,0.0,0.0
2023-12-05 12:00:00+08:00,6.760000228881836,6.760000228881836,6.760000228881836,6.760000228881836,10800,0.0,0.0
2023-12-05 13:00:00+08:00,6.760000228881836,6.769999980926514,6.75,6.760000228881836,174300,0.0,0.0
2023-12-05 14:00:00+08:00,6.760000228881836,6.769999980926514,6.71999979019165,6.730000019073486,454000,0.0,0.0
2023-12-05 15:00:00+08:00,6.730000019073486,6.739999771118164,6.71999979019165,6.739999771118164,335300,0.0,0.0
2023-12-05 16:00:00+08:00,6.739999771118164,6.75,6.71999979019165,6.739999771118164,205900,0.0,0.0
2023-12-06 09:00:00+08:00,6.75,6.75,6.690000057220459,6.71999979019165,598200,0.0,0.0
2023-12-06 10:00:00+08:00,6.71999979019165,6.760000228881836,6.710000038146973,6.730000019073486,0,0.0,0.0
2023-12-06 11:00:00+08:00,6.730000019073486,6.739999771118164,6.730000019073486,6.730000019073486,893200,0.0,0.0
2023-12-06 12:00:00+08:00,6.739999771118164,6.739999771118164,6.730000019073486,6.730000019073486,14700,0.0,0.0
2023-12-06 13:00:00+08:00,6.730000019073486,6.769999980926514,6.730000019073486,6.739999771118164,189400,0.0,0.0
2023-12-06 14:00:00+08:00,6.739999771118164,6.75,6.730000019073486,6.739999771118164,71900,0.0,0.0
2023-12-06 15:00:00+08:00,6.739999771118164,6.769999980926514,6.739999771118164,6.760000228881836,172700,0.0,0.0
2023-12-06 16:00:00+08:00,6.760000228881836,6.809999942779541,6.75,6.809999942779541,309800,0.0,0.0
2023-12-07 09:00:00+08:00,6.75,6.800000190734863,6.710000038146973,6.71999979019165,655600,0.0,0.0
2023-12-07 10:00:00+08:00,6.71999979019165,6.71999979019165,6.650000095367432,6.670000076293945,792900,0.0,0.0
2023-12-07 11:00:00+08:00,6.670000076293945,6.679999828338623,6.659999847412109,6.679999828338623,338900,0.0,0.0
2023-12-07 12:00:00+08:00,6.670000076293945,6.670000076293945,6.670000076293945,6.670000076293945,11900,0.0,0.0
2023-12-07 13:00:00+08:00,6.670000076293945,6.699999809265137,6.670000076293945,6.699999809265137,281200,0.0,0.0
2023-12-07 14:00:00+08:00,6.699999809265137,6.71999979019165,6.690000057220459,6.690000057220459,298600,0.0,0.0
2023-12-07 15:00:00+08:00,6.690000057220459,6.71999979019165,6.690000057220459,6.71999979019165,358000,0.0,0.0
2023-12-07 16:00:00+08:00,6.71999979019165,6.730000019073486,6.670000076293945,6.690000057220459,558100,0.0,0.0
2023-12-08 09:00:00+08:00,6.75,6.789999961853027,6.710000038146973,6.769999980926514,734600,0.0,0.0
2023-12-08 10:00:00+08:00,6.769999980926514,6.800000190734863,6.75,6.800000190734863,286100,0.0,0.0
2023-12-08 11:00:00+08:00,6.800000190734863,6.800000190734863,6.78000020980835,6.78000020980835,116000,0.0,0.0
2023-12-08 12:00:00+08:00,6.78000020980835,6.78000020980835,6.78000020980835,6.78000020980835,29700,0.0,0.0
2023-12-08 13:00:00+08:00,6.78000020980835,6.789999961853027,6.760000228881836,6.78000020980835,120100,0.0,0.0
2023-12-08 14:00:00+08:00,6.78000020980835,6.78000020980835,6.760000228881836,6.760000228881836,91900,0.0,0.0
2023-12-08 15:00:00+08:00,6.760000228881836,6.78000020980835,6.75,6.78000020980835,242000,0.0,0.0
2023-12-08 16:00:00+08:00,6.78000020980835,6.789999961853027,6.75,6.760000228881836,337900,0.0,0.0
2023-12-11 09:00:00+08:00,6.75,6.75,6.699999809265137,6.71999979019165,148800,0.0,0.0
2023-12-11 10:00:00+08:00,6.71999979019165,6.730000019073486,6.699999809265137,6.710000038146973,246800,0.0,0.0
2023-12-11 11:00:00+08:00,6.710000038146973,6.730000019073486,6.699999809265137,6.71999979019165,101100,0.0,0.0
2023-12-11 12:00:00+08:00,6.699999809265137,6.710000038146973,6.699999809265137,6.710000038146973,16100,0.0,0.0
2023-12-11 13:00:00+08:00,6.710000038146973,6.739999771118164,6.699999809265137,6.71999979019165,123600,0.0,0.0
2023-12-11 14:00:00+08:00,6.71999979019165,6.730000019073486,6.710000038146973,6.71999979019165,45100,0.0,0.0
2023-12-11 15:00:00+08:00,6.71999979019165,6.71999979019165,6.699999809265137,6.710000038146973,136000,0.0,0.0
2023-12-11 16:00:00+08:00,6.710000038146973,6.710000038146973,6.699999809265137,6.710000038146973,224000,0.0,0.0
2023-12-12 09:00:00+08:00,6.739999771118164,6.760000228881836,6.699999809265137,6.760000228881836,466500,0.0,0.0
2023-12-12 10:00:00+08:00,6.760000228881836,6.760000228881836,6.71999979019165,6.71999979019165,204800,0.0,0.0
2023-12-12 11:00:00+08:00,6.71999979019165,6.739999771118164,6.71999979019165,6.71999979019165,229100,0.0,0.0
2023-12-12 12:00:00+08:00,6.730000019073486,6.730000019073486,6.71999979019165,6.71999979019165,2400,0.0,0.0
2023-12-12 13:00:00+08:00,6.71999979019165,6.730000019073486,6.710000038146973,6.710000038146973,147000,0.0,0.0
2023-12-12 14:00:00+08:00,6.71999979019165,6.71999979019165,6.690000057220459,6.699999809265137,467800,0.0,0.0
2023-12-12 15:00:00+08:00,6.699999809265137,6.71999979019165,6.690000057220459,6.710000038146973,208800,0.0,0.0
2023-12-12 16:00:00+08:00,6.710000038146973,6.730000019073486,6.699999809265137,6.730000019073486,164000,0.0,0.0
2023-12-13 09:00:00+08:00,6.71999979019165,6.760000228881836,6.690000057220459,6.690000057220459,280900,0.0,0.0
2023-12-13 10:00:00+08:00,6.690000057220459,6.699999809265137,6.679999828338623,6.690000057220459,164600,0.0,0.0
2023-12-13 11:00:00+08:00,6.690000057220459,6.710000038146973,6.679999828338623,6.690000057220459,128800,0.0,0.0
2023-12-13 12:00:00+08:00,6.690000057220459,6.690000057220459,6.690000057220459,6.690000057220459,17500,0.0,0.0
2023-12-13 13:00:00+08:00,6.690000057220459,6.710000038146973,6.679999828338623,6.710000038146973,71900,0.0,0.0
2023-12-13 14:00:00+08:00,6.710000038146973,6.71999979019165,6.699999809265137,6.710000038146973,93000,0.0,0.0
2023-12-13 15:00:00+08:00,6.710000038146973,6.75,6.710000038146973,6.75,259700,0.0,0.0
2023-12-13 16:00:00+08:00,6.75,6.769999980926514,6.739999771118164,6.760000228881836,296600,0.0,0.0
2023-12-14 09:00:00+08:00,6.829999923706055,6.909999847412109,6.829999923706055,6.889999866485596,1424700,0.0,0.0
2023-12-14 10:00:00+08:00,6.889999866485596,6.900000095367432,6.849999904632568,6.849999904632568,234500,0.0,0.0
2023-12-14 11:00:00+08:00,6.849999904632568,6.849999904632568,6.809999942779541,6.820000171661377,273600,0.0,0.0
2023-12-14 12:00:00+08:00,6.840000152587891,6.840000152587891,6.840000152587891,6.840000152587891,10800,0.0,0.0
2023-12-14 13:00:00+08:00,6.829999923706055,6.849999904632568,6.820000171661377,6.820000171661377,209900,0.0,0.0
2023-12-14 14:00:00+08:00,6.820000171661377,6.820000171661377,6.789999961853027,6.800000190734863,273300,0.0,0.0
2023-12-14 15:00:00+08:00,6.800000190734863,6.840000152587891,6.800000190734863,6.829999923706055,281800,0.0,0.0
2023-12-14 16:00:00+08:00,6.829999923706055,6.849999904632568,6.809999942779541,6.820000171661377,562200,0.0,0.0
2023-12-15 09:00:00+08:00,6.840000152587891,6.840000152587891,6.789999961853027,6.789999961853027,368700,0.0,0.0
2023-12-15 10:00:00+08:00,6.789999961853027,6.820000171661377,6.78000020980835,6.800000190734863,269600,0.0,0.0
2023-12-15 11:00:00+08:00,6.800000190734863,6.829999923706055,6.800000190734863,6.820000171661377,164500,0.0,0.0
2023-12-15 12:00:00+08:00,6.820000171661377,6.820000171661377,6.820000171661377,6.820000171661377,9800,0.0,0.0
2023-12-15 13:00:00+08:00,6.820000171661377,6.820000171661377,6.800000190734863,6.800000190734863,72700,0.0,0.0
2023-12-15 14:00:00+08:00,6.800000190734863,6.829999923706055,6.800000190734863,6.809999942779541,304100,0.0,0.0
2023-12-15 15:00:00+08:00,6.809999942779541,6.840000152587891,6.809999942779541,6.840000152587891,260400,0.0,0.0
2023-12-15 16:00:00+08:00,6.840000152587891,6.860000133514404,6.809999942779541,6.829999923706055,437300,0.0,0.0
2023-12-18 09:00:00+08:00,6.789999961853027,6.809999942779541,6.739999771118164,6.78000020980835,276700,0.0,0.0
2023-12-18 10:00:00+08:00,6.78000020980835,6.800000190734863,6.760000228881836,6.78000020980835,87300,0.0,0.0
2023-12-18 11:00:00+08:00,6.78000020980835,6.800000190734863,6.78000020980835,6.789999961853027,51400,0.0,0.0
2023-12-18 12:00:00+08:00,6.789999961853027,6.789999961853027,6.78000020980835,6.78000020980835,8200,0.0,0.0
2023-12-18 13:00:00+08:00,6.78000020980835,6.800000190734863,6.760000228881836,6.789999961853027,131100,0.0,0.0
2023-12-18 14:00:00+08:00,6.789999961853027,6.800000190734863,6.769999980926514,6.78000020980835,77000,0.0,0.0
2023-12-18 15:00:00+08:00,6.78000020980835,6.789999961853027,6.769999980926514,6.78000020980835,81800,0.0,0.0
2023-12-18 16:00:00+08:00,6.78000020980835,6.789999961853027,6.78000020980835,6.789999961853027,146000,0.0,0.0
2023-12-19 09:00:00+08:00,6.78000020980835,6.78000020980835,6.730000019073486,6.75,325100,0.0,0.0
2023-12-19 10:00:00+08:00,6.75,6.769999980926514,6.739999771118164,6.75,221500,0.0,0.0
2023-12-19 11:00:00+08:00,6.75,6.809999942779541,6.739999771118164,6.800000190734863,238600,0.0,0.0
2023-12-19 12:00:00+08:00,6.800000190734863,6.800000190734863,6.800000190734863,6.800000190734863,23400,0.0,0.0
2023-12-19 13:00:00+08:00,6.800000190734863,6.849999904632568,6.800000190734863,6.840000152587891,271500,0.0,0.0
2023-12-19 14:00:00+08:00,6.840000152587891,6.849999904632568,6.809999942779541,6.820000171661377,244300,0.0,0.0
2023-12-19 15:00:00+08:00,6.820000171661377,6.829999923706055,6.809999942779541,6.829999923706055,134500,0.0,0.0
2023-12-19 16:00:00+08:00,6.829999923706055,6.840000152587891,6.809999942779541,6.829999923706055,253900,0.0,0.0
2023-12-20 09:00:00+08:00,6.860000133514404,6.920000076293945,6.849999904632568,6.869999885559082,1394000,0.0,0.0
2023-12-20 10:00:00+08:00,6.869999885559082,6.880000114440918,6.860000133514404,6.869999885559082,151800,0.0,0.0
2023-12-20 11:00:00+08:00,6.869999885559082,6.889999866485596,6.869999885559082,6.869999885559082,190600,0.0,0.0
2023-12-20 12:00:00+08:00,6.869999885559082,6.880000114440918,6.869999885559082,6.880000114440918,7000,0.0,0.0
2023-12-20 13:00:00+08:00,6.880000114440918,6.880000114440918,6.840000152587891,6.840000152587891,243900,0.0,0.0
2023-12-20 14:00:00+08:00,6.840000152587891,6.849999904632568,6.829999923706055,6.829999923706055,61300,0.0,0.0
2023-12-20 15:00:00+08:00,6.829999923706055,6.849999904632568,6.829999923706055,6.849999904632568,168100,0.0,0.0
2023-12-20 16:00:00+08:00,6.849999904632568,6.860000133514404,6.829999923706055,6.849999904632568,325100,0.0,0.0
2023-12-21 09:00:00+08:00,6.809999942779541,6.829999923706055,6.789999961853027,6.820000171661377,215100,0.0,0.0
2023-12-21 10:00:00+08:00,6.840000152587891,6.860000133514404,6.829999923706055,6.840000152587891,225500,0.0,0.0
2023-12-21 11:00:00+08:00,6.840000152587891,6.849999904632568,6.829999923706055,6.829999923706055,102100,0.0,0.0
2023-12-21 12:00:00+08:00,6.800000190734863,6.829999923706055,6.800000190734863,6.829999923706055,75400,0.0,0.0
2023-12-21 13:00:00+08:00,6.829999923706055,6.869999885559082,6.809999942779541,6.860000133514404,143100,0.0,0.0
2023-12-21 14:00:00+08:00,6.860000133514404,6.869999885559082,6.860000133514404,6.869999885559082,66100,0.0,0.0
2023-12-21 15:00:00+08:00,6.869999885559082,6.869999885559082,6.860000133514404,6.860000133514404,70200,0.0,0.0
2023-12-21 16:00:00+08:00,6.860000133514404,6.889999866485596,6.860000133514404,6.889999866485596,370000,0.0,0.0
2023-12-22 09:00:00+08:00,6.900000095367432,6.940000057220459,6.889999866485596,6.900000095367432,895900,0.0,0.0
2023-12-22 10:00:00+08:00,6.900000095367432,6.909999847412109,6.889999866485596,6.900000095367432,121200,0.0,0.0
2023-12-22 11:00:00+08:00,6.900000095367432,6.940000057220459,6.900000095367432,6.940000057220459,536900,0.0,0.0
2023-12-22 12:00:00+08:00,6.929999828338623,6.940000057220459,6.929999828338623,6.940000057220459,8900,0.0,0.0
2023-12-22 13:00:00+08:00,6.940000057220459,6.949999809265137,6.920000076293945,6.920000076293945,827500,0.0,0.0
2023-12-22 14:00:00+08:00,6.920000076293945,6.929999828338623,6.909999847412109,6.909999847412109,93300,0.0,0.0
2023-12-22 15:00:00+08:00,6.909999847412109,6.920000076293945,6.900000095367432,6.909999847412109,66500,0.0,0.0
2023-12-22 16:00:00+08:00,6.909999847412109,6.909999847412109,6.900000095367432,6.909999847412109,140900,0.0,0.0
2023-12-26 09:00:00+08:00,6.929999828338623,6.940000057220459,6.889999866485596,6.920000076293945,217300,0.0,0.0
2023-12-26 10:00:00+08:00,6.920000076293945,6.940000057220459,6.909999847412109,6.929999828338623,226600,0.0,0.0
2023-12-26 11:00:00+08:00,6.929999828338623,6.929999828338623,6.909999847412109,6.929999828338623,117500,0.0,0.0
2023-12-26 12:00:00+08:00,6.929999828338623,6.929999828338623,6.920000076293945,6.920000076293945,4700,0.0,0.0
2023-12-26 13:00:00+08:00,6.920000076293945,6.940000057220459,6.920000076293945,6.920000076293945,75500,0.0,0.0
2023-12-26 14:00:00+08:00,6.920000076293945,6.929999828338623,6.920000076293945,6.929999828338623,25200,0.0,0.0
2023-12-26 15:00:00+08:00,6.929999828338623,6.929999828338623,6.920000076293945,6.920000076293945,26700,0.0,0.0
2023-12-26 16:00:00+08:00,6.920000076293945,6.929999828338623,6.920000076293945,6.929999828338623,57800,0.0,0.0
2023-12-27 09:00:00+08:00,6.940000057220459,6.949999809265137,6.909999847412109,6.940000057220459,230800,0.0,0.0
2023-12-27 10:00:00+08:00,6.920000076293945,6.940000057220459,6.920000076293945,6.940000057220459,167900,0.0,0.0
2023-12-27 11:00:00+08:00,6.940000057220459,6.949999809265137,6.929999828338623,6.949999809265137,340300,0.0,0.0
2023-12-27 12:00:00+08:00,6.940000057220459,6.940000057220459,6.940000057220459,6.940000057220459,6100,0.0,0.0
2023-12-27 13:00:00+08:00,6.949999809265137,6.989999771118164,6.949999809265137,6.989999771118164,1299800,0.0,0.0
2023-12-27 14:00:00+08:00,6.989999771118164,6.989999771118164,6.980000019073486,6.989999771118164,257800,0.0,0.0
2023-12-27 15:00:00+08:00,6.989999771118164,7.0,6.980000019073486,6.989999771118164,530000,0.0,0.0
2023-12-27 16:00:00+08:00,6.989999771118164,7.0,6.96999979019165,6.989999771118164,468600,0.0,0.0
2023-12-28 09:00:00+08:00,7.010000228881836,7.050000190734863,7.0,7.050000190734863,1324000,0.0,0.0
2023-12-28 10:00:00+08:00,7.050000190734863,7.079999923706055,7.050000190734863,7.059999942779541,1085500,0.0,0.0
2023-12-28 11:00:00+08:00,7.059999942779541,7.059999942779541,7.050000190734863,7.050000190734863,462700,0.0,0.0
2023-12-28 12:00:00+08:00,7.050000190734863,7.050000190734863,7.050000190734863,7.050000190734863,45700,0.0,0.0
2023-12-28 13:00:00+08:00,7.039999961853027,7.050000190734863,7.019999980926514,7.039999961853027,499900,0.0,0.0
2023-12-28 14:00:00+08:00,7.039999961853027,7.050000190734863,7.039999961853027,7.039999961853027,284100,0.0,0.0
2023-12-28 15:00:00+08:00,7.039999961853027,7.050000190734863,7.03000020980835,7.039999961853027,427100,0.0,0.0
2023-12-28 16:00:00+08:00,7.039999961853027,7.039999961853027,7.019999980926514,7.03000020980835,350300,0.0,0.0
2023-12-29 09:00:00+08:00,7.039999961853027,7.070000171661377,7.019999980926514,7.039999961853027,881800,0.0,0.0
2023-12-29 10:00:00+08:00,7.039999961853027,7.059999942779541,7.019999980926514,7.059999942779541,270200,0.0,0.0
2023-12-29 11:00:00+08:00,7.059999942779541,7.059999942779541,7.039999961853027,7.039999961853027,240500,0.0,0.0
2023-12-29 12:00:00+08:00,7.039999961853027,7.039999961853027,7.039999961853027,7.039999961853027,66300,0.0,0.0
2023-12-29 13:00:00+08:00,7.039999961853027,7.070000171661377,7.039999961853027,7.059999942779541,398900,0.0,0.0
2023-12-29 14:00:00+08:00,7.059999942779541,7.070000171661377,7.039999961853027,7.059999942779541,475100,0.0,0.0
2023-12-29 15:00:00+08:00,7.059999942779541,7.070000171661377,7.059999942779541,7.070000171661377,238400,0.0,0.0
2023-12-29 16:00:00+08:00,7.070000171661377,7.070000171661377,7.050000190734863,7.059999942779541,477300,0.0,0.0
2024-01-02 09:00:00+08:00,7.059999942779541,7.159999847412109,7.050000190734863,7.079999923706055,1484200,0.0,0.0
2024-01-02 10:00:00+08:00,7.079999923706055,7.090000152587891,7.059999942779541,7.079999923706055,355200,0.0,0.0
2024-01-02 11:00:00+08:00,7.079999923706055,7.090000152587891,7.070000171661377,7.090000152587891,188500,0.0,0.0
2024-01-02 12:00:00+08:00,7.090000152587891,7.090000152587891,7.079999923706055,7.079999923706055,13400,0.0,0.0
2024-01-02 13:00:00+08:00,7.079999923706055,7.079999923706055,7.059999942779541,7.079999923706055,273100,0.0,0.0
2024-01-02 14:00:00+08:00,7.079999923706055,7.079999923706055,7.059999942779541,7.070000171661377,307100,0.0,0.0
2024-01-02 15:00:00+08:00,7.070000171661377,7.079999923706055,7.039999961853027,7.059999942779541,276600,0.0,0.0
2024-01-02 16:00:00+08:00,7.059999942779541,7.070000171661377,7.050000190734863,7.059999942779541,227300,0.0,0.0
2024-01-03 09:00:00+08:00,7.03000020980835,7.090000152587891,7.0,7.070000171661377,1104600,0.0,0.0
2024-01-03 10:00:00+08:00,7.070000171661377,7.110000133514404,7.070000171661377,7.090000152587891,733300,0.0,0.0
2024-01-03 11:00:00+08:00,7.090000152587891,7.139999866485596,7.079999923706055,7.139999866485596,972900,0.0,0.0
2024-01-03 12:00:00+08:00,7.130000114440918,7.130000114440918,7.130000114440918,7.130000114440918,16100,0.0,0.0
2024-01-03 13:00:00+08:00,7.130000114440918,7.139999866485596,7.079999923706055,7.090000152587891,514000,0.0,0.0
2024-01-03 14:00:00+08:00,7.090000152587891,7.130000114440918,7.079999923706055,7.119999885559082,392400,0.0,0.0
2024-01-03 15:00:00+08:00,7.119999885559082,7.119999885559082,7.099999904632568,7.110000133514404,357000,0.0,0.0
2024-01-03 16:00:00+08:00,7.110000133514404,7.119999885559082,7.090000152587891,7.099999904632568,731800,0.0,0.0
2024-01-04 09:00:00+08:00,7.059999942779541,7.079999923706055,7.039999961853027,7.039999961853027,450300,0.0,0.0
2024-01-04 10:00:00+08:00,7.039999961853027,7.050000190734863,6.96999979019165,6.980000019073486,546900,0.0,0.0
2024-01-04 11:00:00+08:00,6.980000019073486,7.010000228881836,6.96999979019165,7.0,226000,0.0,0.0
2024-01-04 12:00:00+08:00,6.980000019073486,6.989999771118164,6.980000019073486,6.989999771118164,89800,0.0,0.0
2024-01-04 13:00:00+08:00,6.989999771118164,6.989999771118164,6.96999979019165,6.980000019073486,212800,0.0,0.0
2024-01-04 14:00:00+08:00,6.980000019073486,6.989999771118164,6.960000038146973,6.989999771118164,337700,0.0,0.0
2024-01-04 15:00:00+08:00,6.989999771118164,7.0,6.980000019073486,6.980000019073486,250200,0.0,0.0
2024-01-04 16:00:00+08:00,6.980000019073486,7.0,6.96999979019165,6.980000019073486,440100,0.0,0.0
2024-01-05 09:00:00+08:00,6.980000019073486,7.03000020980835,6.980000019073486,7.03000020980835,705600,0.0,0.0
2024-01-05 10:00:00+08:00,7.03000020980835,7.039999961853027,7.010000228881836,7.039999961853027,207700,0.0,0.0
2024-01-05 11:00:00+08:00,7.039999961853027,7.050000190734863,7.010000228881836,7.039999961853027,234500,0.0,0.0
2024-01-05 12:00:00+08:00,7.039999961853027,7.039999961853027,7.03000020980835,7.03000020980835,5100,0.0,0.0
2024-01-05 13:00:00+08:00,7.03000020980835,7.050000190734863,7.019999980926514,7.039999961853027,169000,0.0,0.0
2024-01-05 14:00:00+08:00,7.039999961853027,7.039999961853027,7.010000228881836,7.03000020980835,196000,0.0,0.0
2024-01-05 15:00:00+08:00,7.03000020980835,7.039999961853027,7.019999980926514,7.03000020980835,98100,0.0,0.0
2024-01-05 16:00:00+08:00,7.03000020980835,7.039999961853027,7.019999980926514,7.03000020980835,144600,0.0,0.0
2024-01-08 09:00:00+08:00,7.019999980926514,7.090000152587891,6.940000057220459,6.949999809265137,706900,0.0,0.0
2024-01-08 10:00:00+08:00,6.949999809265137,6.960000038146973,6.929999828338623,6.940000057220459,531500,0.0,0.0
2024-01-08 11:00:00+08:00,6.940000057220459,6.96999979019165,6.940000057220459,6.960000038146973,208800,0.0,0.0
2024-01-08 12:00:00+08:00,6.960000038146973,6.960000038146973,6.960000038146973,6.960000038146973,23600,0.0,0.0
2024-01-08 13:00:00+08:00,6.960000038146973,6.96999979019165,6.940000057220459,6.949999809265137,299900,0.0,0.0
2024-01-08 14:00:00+08:00,6.949999809265137,6.960000038146973,6.949999809265137,6.949999809265137,37700,0.0,0.0
2024-01-08 15:00:00+08:00,6.949999809265137,6.960000038146973,6.949999809265137,6.949999809265137,94100,0.0,0.0
2024-01-08 16:00:00+08:00,6.949999809265137,6.960000038146973,6.940000057220459,6.949999809265137,283100,0.0,0.0
2024-01-09 09:00:00+08:00,6.980000019073486,6.989999771118164,6.940000057220459,6.940000057220459,381600,0.0,0.0
2024-01-09 10:00:00+08:00,6.940000057220459,6.980000019073486,6.940000057220459,6.960000038146973,166700,0.0,0.0
2024-01-09 11:00:00+08:00,6.960000038146973,7.010000228881836,6.960000038146973,6.989999771118164,309900,0.0,0.0
2024-01-09 12:00:00+08:00,6.989999771118164,6.989999771118164,6.989999771118164,6.989999771118164,1800,0.0,0.0
2024-01-09 13:00:00+08:00,6.989999771118164,7.0,6.980000019073486,6.989999771118164,99700,0.0,0.0
2024-01-09 14:00:00+08:00,6.989999771118164,7.0,6.96999979019165,6.96999979019165,107200,0.0,0.0
2024-01-09 15:00:00+08:00,6.96999979019165,6.980000019073486,6.960000038146973,6.96999979019165,80900,0.0,0.0
2024-01-09 16:00:00+08:00,6.96999979019165,6.980000019073486,6.949999809265137,6.949999809265137,259200,0.0,0.0
2024-01-10 09:00:00+08:00,6.960000038146973,6.989999771118164,6.920000076293945,6.980000019073486,469200,0.0,0.0
2024-01-10 10:00:00+08:00,6.980000019073486,7.0,6.929999828338623,6.949999809265137,484900,0.0,0.0
2024-01-10 11:00:00+08:00,6.949999809265137,6.980000019073486,6.929999828338623,6.940000057220459,367400,0.0,0.0
2024-01-10 12:00:00+08:00,6.929999828338623,6.940000057220459,6.929999828338623,6.940000057220459,23300,0.0,0.0
2024-01-10 13:00:00+08:00,6.940000057220459,6.949999809265137,6.929999828338623,6.940000057220459,183600,0.0,0.0
2024-01-10 14:00:00+08:00,6.940000057220459,6.949999809265137,6.929999828338623,6.929999828338623,195900,0.0,0.0
2024-01-10 15:00:00+08:00,6.929999828338623,6.940000057220459,6.909999847412109,6.920000076293945,307500,0.0,0.0
2024-01-10 16:00:00+08:00,6.920000076293945,6.960000038146973,6.920000076293945,6.960000038146973,515000,0.0,0.0
2024-01-11 09:00:00+08:00,6.96999979019165,6.989999771118164,6.940000057220459,6.96999979019165,523800,0.0,0.0
2024-01-11 10:00:00+08:00,6.96999979019165,7.0,6.960000038146973,6.96999979019165,210700,0.0,0.0
2024-01-11 11:00:00+08:00,6.96999979019165,6.96999979019165,6.960000038146973,6.960000038146973,163900,0.0,0.0
2024-01-11 12:00:00+08:00,6.960000038146973,6.960000038146973,6.960000038146973,6.960000038146973,5600,0.0,0.0
2024-01-11 13:00:00+08:00,6.960000038146973,6.96999979019165,6.949999809265137,6.96999979019165,131800,0.0,0.0
2024-01-11 14:00:00+08:00,6.96999979019165,6.96999979019165,6.949999809265137,6.949999809265137,156900,0.0,0.0
2024-01-11 15:00:00+08:00,6.949999809265137,6.960000038146973,6.929999828338623,6.949999809265137,364400,0.0,0.0
2024-01-11 16:00:00+08:00,6.949999809265137,6.960000038146973,6.940000057220459,6.949999809265137,225600,0.0,0.0
2024-01-12 09:00:00+08:00,6.929999828338623,6.929999828338623,6.880000114440918,6.909999847412109,710800,0.0,0.0
2024-01-12 10:00:00+08:00,6.909999847412109,6.920000076293945,6.900000095367432,6.909999847412109,157900,0.0,0.0
2024-01-12 11:00:00+08:00,6.909999847412109,6.920000076293945,6.880000114440918,6.889999866485596,323900,0.0,0.0
2024-01-12 12:00:00+08:00,6.889999866485596,6.889999866485596,6.889999866485596,6.889999866485596,14800,0.0,0.0
2024-01-12 13:00:00+08:00,6.889999866485596,6.900000095367432,6.880000114440918,6.889999866485596,96400,0.0,0.0
2024-01-12 14:00:00+08:00,6.889999866485596,6.900000095367432,6.869999885559082,6.880000114440918,399500,0.0,0.0
2024-01-12 15:00:00+08:00,6.880000114440918,6.900000095367432,6.880000114440918,6.889999866485596,236100,0.0,0.0
2024-01-12 16:00:00+08:00,6.889999866485596,6.920000076293945,6.889999866485596,6.920000076293945,275900,0.0,0.0
2024-01-15 09:00:00+08:00,6.960000038146973,6.989999771118164,6.940000057220459,6.949999809265137,0,0.0,0.0
2024-01-15 10:00:00+08:00,6.949999809265137,6.96999979019165,6.949999809265137,6.96999979019165,74500,0.0,0.0
2024-01-15 11:00:00+08:00,6.96999979019165,6.96999979019165,6.960000038146973,6.960000038146973,29500,0.0,0.0
2024-01-15 12:00:00+08:00,6.960000038146973,6.960000038146973,6.960000038146973,6.960000038146973,12000,0.0,0.0
2024-01-15 13:00:00+08:00,6.960000038146973,6.980000019073486,6.949999809265137,6.980000019073486,144800,0.0,0.0
2024-01-15 14:00:00+08:00,6.980000019073486,6.989999771118164,6.96999979019165,6.980000019073486,158900,0.0,0.0
2024-01-15 15:00:00+08:00,6.980000019073486,6.989999771118164,6.96999979019165,6.96999979019165,80800,0.0,0.0
2024-01-15 16:00:00+08:00,6.96999979019165,6.980000019073486,6.960000038146973,6.980000019073486,104000,0.0,0.0
2024-01-16 09:00:00+08:00,6.949999809265137,7.019999980926514,6.900000095367432,7.0,808500,0.0,0.0
2024-01-16 10:00:00+08:00,7.0,7.03000020980835,6.980000019073486,7.019999980926514,331500,0.0,0.0
2024-01-16 11:00:00+08:00,7.019999980926514,7.039999961853027,7.010000228881836,7.019999980926514,354200,0.0,0.0
2024-01-16 12:00:00+08:00,7.019999980926514,7.019999980926514,7.019999980926514,7.019999980926514,2600,0.0,0.0
2024-01-16 13:00:00+08:00,7.019999980926514,7.019999980926514,6.989999771118164,6.989999771118164,142900,0.0,0.0
2024-01-16 14:00:00+08:00,6.989999771118164,7.0,6.980000019073486,6.989999771118164,172300,0.0,0.0
2024-01-16 15:00:00+08:00,6.989999771118164,7.0,6.960000038146973,6.96999979019165,156300,0.0,0.0
2024-01-16 16:00:00+08:00,6.96999979019165,7.0,6.949999809265137,6.989999771118164,314000,0.0,0.0
2024-01-17 09:00:00+08:00,6.949999809265137,6.960000038146973,6.920000076293945,6.929999828338623,760500,0.0,0.0
2024-01-17 10:00:00+08:00,6.929999828338623,6.940000057220459,6.909999847412109,6.940000057220459,296300,0.0,0.0
2024-01-17 11:00:00+08:00,6.940000057220459,6.960000038146973,6.929999828338623,6.940000057220459,214200,0.0,0.0
2024-01-17 12:00:00+08:00,6.920000076293945,6.920000076293945,6.920000076293945,6.920000076293945,33100,0.0,0.0
2024-01-17 13:00:00+08:00,6.920000076293945,6.929999828338623,6.889999866485596,6.900000095367432,643600,0.0,0.0
2024-01-17 14:00:00+08:00,6.900000095367432,6.909999847412109,6.889999866485596,6.889999866485596,401900,0.0,0.0
2024-01-17 15:00:00+08:00,6.889999866485596,6.889999866485596,6.860000133514404,6.880000114440918,485800,0.0,0.0
2024-01-17 16:00:00+08:00,6.880000114440918,6.889999866485596,6.869999885559082,6.880000114440918,391600,0.0,0.0
2024-01-18 09:00:00+08:00,6.860000133514404,6.880000114440918,6.840000152587891,6.869999885559082,496700,0.0,0.0
2024-01-18 10:00:00+08:00,6.869999885559082,6.880000114440918,6.840000152587891,6.849999904632568,421100,0.0,0.0
2024-01-18 11:00:00+08:00,6.849999904632568,6.860000133514404,6.840000152587891,6.849999904632568,228400,0.0,0.0
2024-01-18 12:00:00+08:00,6.840000152587891,6.840000152587891,6.840000152587891,6.840000152587891,62300,0.0,0.0
2024-01-18 13:00:00+08:00,6.840000152587891,6.849999904632568,6.78000020980835,6.829999923706055,724800,0.0,0.0
2024-01-18 14:00:00+08:00,6.829999923706055,6.860000133514404,6.820000171661377,6.840000152587891,158600,0.0,0.0
2024-01-18 15:00:00+08:00,6.840000152587891,6.849999904632568,6.829999923706055,6.829999923706055,181000,0.0,0.0
2024-01-18 16:00:00+08:00,6.829999923706055,6.860000133514404,6.820000171661377,6.849999904632568,351800,0.0,0.0
2024-01-19 09:00:00+08:00,6.900000095367432,6.940000057220459,6.869999885559082,6.909999847412109,359700,0.0,0.0
2024-01-19 10:00:00+08:00,6.909999847412109,6.940000057220459,6.889999866485596,6.929999828338623,334500,0.0,0.0
2024-01-19 11:00:00+08:00,6.929999828338623,6.929999828338623,6.900000095367432,6.900000095367432,167400,0.0,0.0
2024-01-19 12:00:00+08:00,6.900000095367432,6.900000095367432,6.900000095367432,6.900000095367432,7900,0.0,0.0
2024-01-19 13:00:00+08:00,6.900000095367432,6.909999847412109,6.880000114440918,6.880000114440918,103800,0.0,0.0
2024-01-19 14:00:00+08:00,6.880000114440918,6.900000095367432,6.880000114440918,6.880000114440918,114800,0.0,0.0
2024-01-19 15:00:00+08:00,6.880000114440918,6.900000095367432,6.880000114440918,6.900000095367432,105400,0.0,0.0
2024-01-19 16:00:00+08:00,6.900000095367432,6.900000095367432,6.860000133514404,6.880000114440918,262600,0.0,0.0
2024-01-22 09:00:00+08:00,6.920000076293945,6.949999809265137,6.900000095367432,6.900000095367432,508500,0.0,0.0
2024-01-22 10:00:00+08:00,6.900000095367432,6.909999847412109,6.840000152587891,6.849999904632568,417500,0.0,0.0
2024-01-22 11:00:00+08:00,6.849999904632568,6.869999885559082,6.840000152587891,6.869999885559082,210400,0.0,0.0
2024-01-22 12:00:00+08:00,6.869999885559082,6.869999885559082,6.869999885559082,6.869999885559082,13000,0.0,0.0
2024-01-22 13:00:00+08:00,6.869999885559082,6.880000114440918,6.849999904632568,6.860000133514404,191100,0.0,0.0
2024-01-22 14:00:00+08:00,6.860000133514404,6.869999885559082,6.840000152587891,6.849999904632568,230700,0.0,0.0
2024-01-22 15:00:00+08:00,6.849999904632568,6.849999904632568,6.820000171661377,6.840000152587891,299300,0.0,0.0
2024-01-22 16:00:00+08:00,6.840000152587891,6.849999904632568,6.820000171661377,6.829999923706055,282500,0.0,0.0
2024-01-23 09:00:00+08:00,6.889999866485596,6.889999866485596,6.829999923706055,6.860000133514404,604300,0.0,0.0
2024-01-23 10:00:00+08:00,6.860000133514404,6.889999866485596,6.849999904632568,6.849999904632568,391600,0.0,0.0
2024-01-23 11:00:00+08:00,6.849999904632568,6.880000114440918,6.849999904632568,6.869999885559082,211500,0.0,0.0
2024-01-23 12:00:00+08:00,6.880000114440918,6.880000114440918,6.880000114440918,6.880000114440918,23900,0.0,0.0
2024-01-23 13:00:00+08:00,6.869999885559082,6.889999866485596,6.869999885559082,6.889999866485596,388700,0.0,0.0
2024-01-23 14:00:00+08:00,6.889999866485596,6.889999866485596,6.860000133514404,6.860000133514404,137900,0.0,0.0
2024-01-23 15:00:00+08:00,6.860000133514404,6.869999885559082,6.840000152587891,6.840000152587891,160800,0.0,0.0
2024-01-23 16:00:00+08:00,6.840000152587891,6.849999904632568,6.829999923706055,6.849999904632568,205500,0.0,0.0
2024-01-24 09:00:00+08:00,6.829999923706055,6.849999904632568,6.820000171661377,6.849999904632568,310700,0.0,0.0
2024-01-24 10:00:00+08:00,6.849999904632568,6.869999885559082,6.820000171661377,6.829999923706055,442100,0.0,0.0
2024-01-24 11:00:00+08:00,6.829999923706055,6.829999923706055,6.809999942779541,6.820000171661377,162600,0.0,0.0
2024-01-24 12:00:00+08:00,6.809999942779541,6.820000171661377,6.809999942779541,6.820000171661377,6100,0.0,0.0
2024-01-24 13:00:00+08:00,6.820000171661377,6.820000171661377,6.800000190734863,6.820000171661377,271300,0.0,0.0
2024-01-24 14:00:00+08:00,6.820000171661377,6.829999923706055,6.820000171661377,6.820000171661377,96500,0.0,0.0
2024-01-24 15:00:00+08:00,6.820000171661377,6.849999904632568,6.809999942779541,6.849999904632568,465400,0.0,0.0
2024-01-24 16:00:00+08:00,6.849999904632568,6.849999904632568,6.820000171661377,6.849999904632568,771000,0.0,0.0
2024-01-25 09:00:00+08:00,6.869999885559082,6.880000114440918,6.829999923706055,6.880000114440918,500300,0.0,0.0
2024-01-25 10:00:00+08:00,6.880000114440918,6.889999866485596,6.849999904632568,6.869999885559082,321100,0.0,0.0
2024-01-25 11:00:00+08:00,6.869999885559082,6.869999885559082,6.840000152587891,6.860000133514404,296200,0.0,0.0
2024-01-25 12:00:00+08:00,6.860000133514404,6.860000133514404,6.849999904632568,6.860000133514404,31900,0.0,0.0
2024-01-25 13:00:00+08:00,6.860000133514404,6.889999866485596,6.860000133514404,6.869999885559082,354300,0.0,0.0
2024-01-25 14:00:00+08:00,6.869999885559082,6.889999866485596,6.869999885559082,6.880000114440918,186100,0.0,0.0
2024-01-25 15:00:00+08:00,6.880000114440918,6.889999866485596,6.880000114440918,6.880000114440918,134300,0.0,0.0
2024-01-25 16:00:00+08:00,6.880000114440918,6.900000095367432,6.869999885559082,6.900000095367432,386600,0.0,0.0
2024-01-26 09:00:00+08:00,6.889999866485596,6.920000076293945,6.860000133514404,6.909999847412109,762900,0.0,0.0
2024-01-26 10:00:00+08:00,6.909999847412109,6.949999809265137,6.909999847412109,6.909999847412109,570700,0.0,0.0
2024-01-26 11:00:00+08:00,6.909999847412109,6.920000076293945,6.869999885559082,6.880000114440918,518500,0.0,0.0
2024-01-26 12:00:00+08:00,6.869999885559082,6.880000114440918,6.869999885559082,6.880000114440918,17400,0.0,0.0
2024-01-26 13:00:00+08:00,6.880000114440918,6.900000095367432,6.849999904632568,6.900000095367432,513900,0.0,0.0
2024-01-26 14:00:00+08:00,6.900000095367432,6.900000095367432,6.860000133514404,6.880000114440918,363500,0.0,0.0
2024-01-26 15:00:00+08:00,6.880000114440918,6.880000114440918,6.869999885559082,6.869999885559082,141300,0.0,0.0
2024-01-26 16:00:00+08:00,6.869999885559082,6.900000095367432,6.860000133514404,6.869999885559082,500600,0.0,0.0
2024-01-29 09:00:00+08:00,6.889999866485596,6.900000095367432,6.860000133514404,6.869999885559082,174500,0.0,0.0
2024-01-29 10:00:00+08:00,6.869999885559082,6.880000114440918,6.860000133514404,6.860000133514404,85700,0.0,0.0
2024-01-29 11:00:00+08:00,6.869999885559082,6.869999885559082,6.840000152587891,6.849999904632568,184400,0.0,0.0
2024-01-29 12:00:00+08:00,6.849999904632568,6.849999904632568,6.840000152587891,6.840000152587891,8200,0.0,0.0
2024-01-29 13:00:00+08:00,6.840000152587891,6.849999904632568,6.829999923706055,6.840000152587891,292700,0.0,0.0
2024-01-29 14:00:00+08:00,6.840000152587891,6.840000152587891,6.809999942779541,6.820000171661377,377200,0.0,0.0
2024-01-29 15:00:00+08:00,6.820000171661377,6.840000152587891,6.809999942779541,6.840000152587891,185700,0.0,0.0
2024-01-29 16:00:00+08:00,6.840000152587891,6.849999904632568,6.829999923706055,6.829999923706055,189600,0.0,0.0
2024-01-30 09:00:00+08:00,6.909999847412109,7.059999942779541,6.880000114440918,7.050000190734863,3237600,0.0,0.0
2024-01-30 10:00:00+08:00,7.050000190734863,7.139999866485596,7.03000020980835,7.110000133514404,2094700,0.0,0.0
2024-01-30 11:00:00+08:00,7.110000133514404,7.130000114440918,7.099999904632568,7.110000133514404,800000,0.0,0.0
2024-01-30 12:00:00+08:00,7.099999904632568,7.099999904632568,7.099999904632568,7.099999904632568,46800,0.0,0.0
2024-01-30 13:00:00+08:00,7.099999904632568,7.139999866485596,7.090000152587891,7.130000114440918,1099800,0.0,0.0
2024-01-30 14:00:00+08:00,7.130000114440918,7.130000114440918,7.099999904632568,7.099999904632568,503100,0.0,0.0
2024-01-30 15:00:00+08:00,7.099999904632568,7.110000133514404,7.090000152587891,7.099999904632568,302600,0.0,0.0
2024-01-30 16:00:00+08:00,7.099999904632568,7.130000114440918,7.099999904632568,7.130000114440918,808500,0.0,0.0
2024-01-31 09:00:00+08:00,7.059999942779541,7.110000133514404,7.019999980926514,7.070000171661377,1440200,0.0,0.0
2024-01-31 10:00:00+08:00,7.070000171661377,7.110000133514404,7.059999942779541,7.099999904632568,702000,0.0,0.0
2024-01-31 11:00:00+08:00,7.099999904632568,7.139999866485596,7.090000152587891,7.130000114440918,1386000,0.0,0.0
2024-01-31 12:00:00+08:00,7.119999885559082,7.119999885559082,7.119999885559082,7.119999885559082,27700,0.0,0.0
2024-01-31 13:00:00+08:00,7.130000114440918,7.170000076293945,7.130000114440918,7.159999847412109,1487500,0.0,0.0
2024-01-31 14:00:00+08:00,7.159999847412109,7.159999847412109,7.139999866485596,7.150000095367432,492900,0.0,0.0
2024-01-31 15:00:00+08:00,7.150000095367432,7.170000076293945,7.150000095367432,7.159999847412109,611300,0.0,0.0
2024-01-31 16:00:00+08:00,7.159999847412109,7.159999847412109,7.150000095367432,7.159999847412109,762500,0.0,0.0
2024-02-01 09:00:00+08:00,7.099999904632568,7.170000076293945,7.070000171661377,7.119999885559082,2337200,0.0,0.0
2024-02-01 10:00:00+08:00,7.119999885559082,7.119999885559082,7.070000171661377,7.119999885559082,861300,0.0,0.0
2024-02-01 11:00:00+08:00,7.119999885559082,7.139999866485596,7.110000133514404,7.130000114440918,346200,0.0,0.0
2024-02-01 12:00:00+08:00,7.119999885559082,7.130000114440918,7.119999885559082,7.130000114440918,26700,0.0,0.0
2024-02-01 13:00:00+08:00,7.130000114440918,7.139999866485596,7.099999904632568,7.099999904632568,292200,0.0,0.0
2024-02-01 14:00:00+08:00,7.099999904632568,7.119999885559082,7.099999904632568,7.099999904632568,442100,0.0,0.0
2024-02-01 15:00:00+08:00,7.099999904632568,7.119999885559082,7.099999904632568,7.119999885559082,389500,0.0,0.0
2024-02-01 16:00:00+08:00,7.119999885559082,7.139999866485596,7.110000133514404,7.130000114440918,866700,0.0,0.0
2024-02-02 09:00:00+08:00,7.190000057220459,7.269999980926514,7.150000095367432,7.260000228881836,3366500,0.0,0.0
2024-02-02 10:00:00+08:00,7.260000228881836,7.309999942779541,7.25,7.289999961853027,2577500,0.0,0.0
2024-02-02 11:00:00+08:00,7.289999961853027,7.320000171661377,7.289999961853027,7.289999961853027,1608400,0.0,0.0
2024-02-02 12:00:00+08:00,7.289999961853027,7.289999961853027,7.289999961853027,7.289999961853027,48300,0.0,0.0
2024-02-02 13:00:00+08:00,7.289999961853027,7.309999942779541,7.289999961853027,7.289999961853027,390100,0.0,0.0
2024-02-02 14:00:00+08:00,7.289999961853027,7.300000190734863,7.28000020980835,7.289999961853027,412600,0.0,0.0
2024-02-02 15:00:00+08:00,7.289999961853027,7.300000190734863,7.269999980926514,7.28000020980835,492000,0.0,0.0
2024-02-02 16:00:00+08:00,7.28000020980835,7.289999961853027,7.269999980926514,7.269999980926514,551200,0.0,0.0
2024-02-05 09:00:00+08:00,7.230000019073486,7.239999771118164,7.110000133514404,7.119999885559082,2387200,0.0,0.0
2024-02-05 10:00:00+08:00,7.119999885559082,7.119999885559082,7.050000190734863,7.079999923706055,1592500,0.0,0.0
2024-02-05 11:00:00+08:00,7.079999923706055,7.110000133514404,7.079999923706055,7.090000152587891,719700,0.0,0.0
2024-02-05 12:00:00+08:00,7.090000152587891,7.090000152587891,7.090000152587891,7.090000152587891,21100,0.0,0.0
2024-02-05 13:00:00+08:00,7.099999904632568,7.099999904632568,7.090000152587891,7.099999904632568,236300,0.0,0.0
2024-02-05 14:00:00+08:00,7.099999904632568,7.130000114440918,7.090000152587891,7.110000133514404,427800,0.0,0.0
2024-02-05 15:00:00+08:00,7.110000133514404,7.119999885559082,7.099999904632568,7.110000133514404,681600,0.0,0.0
2024-02-05 16:00:00+08:00,7.110000133514404,7.119999885559082,7.099999904632568,7.110000133514404,564400,0.0,0.0
2024-02-06 09:00:00+08:00,7.059999942779541,7.110000133514404,7.050000190734863,7.090000152587891,907700,0.0,0.0
2024-02-06 10:00:00+08:00,7.090000152587891,7.099999904632568,7.079999923706055,7.079999923706055,271900,0.0,0.0
2024-02-06 11:00:00+08:00,7.079999923706055,7.139999866485596,7.079999923706055,7.119999885559082,388900,0.0,0.0
2024-02-06 12:00:00+08:00,7.119999885559082,7.119999885559082,7.119999885559082,7.119999885559082,9100,0.0,0.0
2024-02-06 13:00:00+08:00,7.119999885559082,7.119999885559082,7.090000152587891,7.099999904632568,386300,0.0,0.0
2024-02-06 14:00:00+08:00,7.099999904632568,7.110000133514404,7.090000152587891,7.099999904632568,481400,0.0,0.0
2024-02-06 15:00:00+08:00,7.099999904632568,7.130000114440918,7.099999904632568,7.119999885559082,209100,0.0,0.0
2024-02-06 16:00:00+08:00,7.119999885559082,7.170000076293945,7.119999885559082,7.170000076293945,691000,0.0,0.0
2024-02-07 09:00:00+08:00,7.179999828338623,7.190000057220459,7.130000114440918,7.150000095367432,474700,0.0,0.0
2024-02-07 10:00:00+08:00,7.150000095367432,7.170000076293945,7.139999866485596,7.150000095367432,456200,0.0,0.0
2024-02-07 11:00:00+08:00,7.150000095367432,7.159999847412109,7.139999866485596,7.150000095367432,190200,0.0,0.0
2024-02-07 12:00:00+08:00,7.150000095367432,7.159999847412109,7.150000095367432,7.159999847412109,26500,0.0,0.0
2024-02-07 13:00:00+08:00,7.159999847412109,7.170000076293945,7.150000095367432,7.150000095367432,107500,0.0,0.0
2024-02-07 14:00:00+08:00,7.150000095367432,7.159999847412109,7.139999866485596,7.139999866485596,271500,0.0,0.0
2024-02-07 15:00:00+08:00,7.139999866485596,7.150000095367432,7.139999866485596,7.139999866485596,231600,0.0,0.0
2024-02-07 16:00:00+08:00,7.139999866485596,7.170000076293945,7.139999866485596,7.159999847412109,268100,0.0,0.0
2024-02-08 09:00:00+08:00,7.159999847412109,7.170000076293945,7.070000171661377,7.099999904632568,497800,0.0,0.0
2024-02-08 10:00:00+08:00,7.099999904632568,7.099999904632568,7.070000171661377,7.099999904632568,350900,0.0,0.0
2024-02-08 11:00:00+08:00,7.099999904632568,7.130000114440918,7.090000152587891,7.119999885559082,254800,0.0,0.0
2024-02-08 12:00:00+08:00,7.119999885559082,7.119999885559082,7.119999885559082,7.119999885559082,7900,0.0,0.0
2024-02-08 13:00:00+08:00,7.119999885559082,7.139999866485596,7.110000133514404,7.130000114440918,256200,0.0,0.0
2024-02-08 14:00:00+08:00,7.130000114440918,7.139999866485596,7.099999904632568,7.110000133514404,252700,0.0,0.0
2024-02-08 15:00:00+08:00,7.110000133514404,7.119999885559082,7.090000152587891,7.119999885559082,294000,0.0,0.0
2024-02-08 16:00:00+08:00,7.119999885559082,7.139999866485596,7.099999904632568,7.099999904632568,398000,0.0,0.0
2024-02-09 09:00:00+08:00,7.079999923706055,7.119999885559082,7.03000020980835,7.039999961853027,1153500,0.0,0.0
2024-02-09 10:00:00+08:00,7.039999961853027,7.119999885559082,7.039999961853027,7.099999904632568,723500,0.0,0.0
2024-02-09 11:00:00+08:00,7.099999904632568,7.119999885559082,7.099999904632568,7.099999904632568,520000,0.0,0.0
2024-02-13 09:00:00+08:00,7.119999885559082,7.190000057220459,7.110000133514404,7.159999847412109,912700,0.0,0.0
2024-02-13 10:00:00+08:00,7.159999847412109,7.159999847412109,7.139999866485596,7.139999866485596,349900,0.0,0.0
2024-02-13 11:00:00+08:00,7.139999866485596,7.150000095367432,7.079999923706055,7.090000152587891,468500,0.0,0.0
2024-02-13 12:00:00+08:00,7.090000152587891,7.090000152587891,7.090000152587891,7.090000152587891,28900,0.0,0.0
2024-02-13 13:00:00+08:00,7.090000152587891,7.130000114440918,7.079999923706055,7.119999885559082,266500,0.0,0.0
2024-02-13 14:00:00+08:00,7.119999885559082,7.139999866485596,7.119999885559082,7.130000114440918,136900,0.0,0.0
2024-02-13 15:00:00+08:00,7.130000114440918,7.159999847412109,7.130000114440918,7.159999847412109,316400,0.0,0.0
2024-02-13 16:00:00+08:00,7.159999847412109,7.159999847412109,7.139999866485596,7.150000095367432,367600,0.0,0.0
2024-02-14 09:00:00+08:00,7.070000171661377,7.139999866485596,7.059999942779541,7.119999885559082,1200200,0.0,0.0
2024-02-14 10:00:00+08:00,7.119999885559082,7.139999866485596,7.099999904632568,7.139999866485596,405900,0.0,0.0
2024-02-14 11:00:00+08:00,7.139999866485596,7.190000057220459,7.130000114440918,7.179999828338623,416400,0.0,0.0
2024-02-14 12:00:00+08:00,7.170000076293945,7.170000076293945,7.170000076293945,7.170000076293945,24000,0.0,0.0
2024-02-14 13:00:00+08:00,7.170000076293945,7.179999828338623,7.159999847412109,7.179999828338623,173000,0.0,0.0
2024-02-14 14:00:00+08:00,7.179999828338623,7.190000057220459,7.170000076293945,7.179999828338623,350000,0.0,0.0
2024-02-14 15:00:00+08:00,7.179999828338623,7.179999828338623,7.159999847412109,7.170000076293945,169400,0.0,0.0
2024-02-14 16:00:00+08:00,7.170000076293945,7.179999828338623,7.159999847412109,7.170000076293945,138800,0.0,0.0
2024-02-15 09:00:00+08:00,7.210000038146973,7.380000114440918,7.210000038146973,7.329999923706055,3500500,0.0,0.0
2024-02-15 10:00:00+08:00,7.329999923706055,7.340000152587891,7.320000171661377,7.329999923706055,523200,0.0,0.0
2024-02-15 11:00:00+08:00,7.329999923706055,7.340000152587891,7.320000171661377,7.329999923706055,359500,0.0,0.0
2024-02-15 12:00:00+08:00,7.320000171661377,7.320000171661377,7.320000171661377,7.320000171661377,17300,0.0,0.0
2024-02-15 13:00:00+08:00,7.320000171661377,7.320000171661377,7.289999961853027,7.309999942779541,267900,0.0,0.0
2024-02-15 14:00:00+08:00,7.309999942779541,7.349999904632568,7.300000190734863,7.340000152587891,432800,0.0,0.0
2024-02-15 15:00:00+08:00,7.340000152587891,7.369999885559082,7.340000152587891,7.349999904632568,1055700,0.0,0.0
2024-02-15 16:00:00+08:00,7.349999904632568,7.369999885559082,7.349999904632568,7.369999885559082,657100,0.0,0.0
2024-02-16 09:00:00+08:00,7.369999885559082,7.369999885559082,7.289999961853027,7.320000171661377,577200,0.0,0.0
2024-02-16 10:00:00+08:00,7.320000171661377,7.329999923706055,7.300000190734863,7.320000171661377,416800,0.0,0.0
2024-02-16 11:00:00+08:00,7.320000171661377,7.329999923706055,7.300000190734863,7.329999923706055,288200,0.0,0.0
2024-02-16 12:00:00+08:00,7.329999923706055,7.329999923706055,7.320000171661377,7.320000171661377,23000,0.0,0.0
2024-02-16 13:00:00+08:00,7.320000171661377,7.320000171661377,7.300000190734863,7.309999942779541,246400,0.0,0.0
2024-02-16 14:00:00+08:00,7.309999942779541,7.349999904632568,7.309999942779541,7.340000152587891,419300,0.0,0.0
2024-02-16 15:00:00+08:00,7.340000152587891,7.360000133514404,7.329999923706055,7.349999904632568,389800,0.0,0.0
2024-02-16 16:00:00+08:00,7.349999904632568,7.349999904632568,7.329999923706055,7.340000152587891,258700,0.0,0.0
2024-02-19 09:00:00+08:00,7.329999923706055,7.349999904632568,7.309999942779541,7.329999923706055,259900,0.0,0.0
2024-02-19 10:00:00+08:00,7.329999923706055,7.340000152587891,7.320000171661377,7.329999923706055,116100,0.0,0.0
2024-02-19 11:00:00+08:00,7.329999923706055,7.369999885559082,7.320000171661377,7.360000133514404,470800,0.0,0.0
2024-02-19 12:00:00+08:00,7.360000133514404,7.360000133514404,7.349999904632568,7.349999904632568,23900,0.0,0.0
2024-02-19 13:00:00+08:00,7.349999904632568,7.380000114440918,7.340000152587891,7.369999885559082,391100,0.0,0.0
2024-02-19 14:00:00+08:00,7.369999885559082,7.369999885559082,7.349999904632568,7.360000133514404,200900,0.0,0.0
2024-02-19 15:00:00+08:00,7.360000133514404,7.360000133514404,7.340000152587891,7.349999904632568,144800,0.0,0.0
2024-02-19 16:00:00+08:00,7.349999904632568,7.349999904632568,7.329999923706055,7.340000152587891,184400,0.0,0.0
2024-02-20 09:00:00+08:00,7.340000152587891,7.380000114440918,7.329999923706055,7.349999904632568,472400,0.0,0.0
2024-02-20 10:00:00+08:00,7.349999904632568,7.380000114440918,7.340000152587891,7.380000114440918,212700,0.0,0.0
2024-02-20 11:00:00+08:00,7.380000114440918,7.380000114440918,7.340000152587891,7.349999904632568,254100,0.0,0.0
2024-02-20 12:00:00+08:00,7.340000152587891,7.340000152587891,7.340000152587891,7.340000152587891,6300,0.0,0.0
2024-02-20 13:00:00+08:00,7.340000152587891,7.369999885559082,7.329999923706055,7.369999885559082,161800,0.0,0.0
2024-02-20 14:00:00+08:00,7.369999885559082,7.380000114440918,7.360000133514404,7.380000114440918,317500,0.0,0.0
2024-02-20 15:00:00+08:00,7.380000114440918,7.389999866485596,7.369999885559082,7.389999866485596,249200,0.0,0.0
2024-02-20 16:00:00+08:00,7.389999866485596,7.389999866485596,7.369999885559082,7.369999885559082,215100,0.0,0.0
2024-02-21 09:00:00+08:00,7.340000152587891,7.389999866485596,7.329999923706055,7.349999904632568,628700,0.0,0.0
2024-02-21 10:00:00+08:00,7.349999904632568,7.360000133514404,7.320000171661377,7.340000152587891,430000,0.0,0.0
2024-02-21 11:00:00+08:00,7.340000152587891,7.340000152587891,7.320000171661377,7.329999923706055,153300,0.0,0.0
2024-02-21 12:00:00+08:00,7.329999923706055,7.329999923706055,7.329999923706055,7.329999923706055,13900,0.0,0.0
2024-02-21 13:00:00+08:00,7.329999923706055,7.329999923706055,7.269999980926514,7.289999961853027,404400,0.0,0.0
2024-02-21 14:00:00+08:00,7.289999961853027,7.300000190734863,7.28000020980835,7.300000190734863,101100,0.0,0.0
2024-02-21 15:00:00+08:00,7.300000190734863,7.309999942779541,7.28000020980835,7.289999961853027,181800,0.0,0.0
2024-02-21 16:00:00+08:00,7.289999961853027,7.289999961853027,7.25,7.25,508900,0.0,0.0
2024-02-22 09:00:00+08:00,7.340000152587891,7.340000152587891,7.28000020980835,7.289999961853027,536500,0.0,0.0
2024-02-22 10:00:00+08:00,7.289999961853027,7.320000171661377,7.269999980926514,7.309999942779541,273600,0.0,0.0
2024-02-22 11:00:00+08:00,7.309999942779541,7.309999942779541,7.28000020980835,7.289999961853027,132600,0.0,0.0
2024-02-22 12:00:00+08:00,7.289999961853027,7.289999961853027,7.289999961853027,7.289999961853027,7300,0.0,0.0
2024-02-22 13:00:00+08:00,7.289999961853027,7.320000171661377,7.289999961853027,7.320000171661377,218200,0.0,0.0
2024-02-22 14:00:00+08:00,7.320000171661377,7.340000152587891,7.309999942779541,7.329999923706055,283700,0.0,0.0
2024-02-22 15:00:00+08:00,7.329999923706055,7.340000152587891,7.309999942779541,7.320000171661377,181300,0.0,0.0
2024-02-22 16:00:00+08:00,7.320000171661377,7.349999904632568,7.309999942779541,7.320000171661377,404900,0.0,0.0
2024-02-23 09:00:00+08:00,7.289999961853027,7.300000190734863,7.25,7.25,433100,0.0,0.0
2024-02-23 10:00:00+08:00,7.25,7.289999961853027,7.25,7.260000228881836,167200,0.0,0.0
2024-02-23 11:00:00+08:00,7.260000228881836,7.269999980926514,7.25,7.260000228881836,234600,0.0,0.0
2024-02-23 12:00:00+08:00,7.269999980926514,7.269999980926514,7.260000228881836,7.260000228881836,22800,0.0,0.0
2024-02-23 13:00:00+08:00,7.260000228881836,7.269999980926514,7.25,7.260000228881836,164900,0.0,0.0
2024-02-23 14:00:00+08:00,7.260000228881836,7.28000020980835,7.25,7.28000020980835,175600,0.0,0.0
2024-02-23 15:00:00+08:00,7.28000020980835,7.289999961853027,7.269999980926514,7.269999980926514,210900,0.0,0.0
2024-02-23 16:00:00+08:00,7.269999980926514,7.269999980926514,7.230000019073486,7.25,425300,0.0,0.0
2024-02-26 09:00:00+08:00,7.210000038146973,7.21999979019165,7.159999847412109,7.190000057220459,481300,0.0,0.0
2024-02-26 10:00:00+08:00,7.190000057220459,7.199999809265137,7.159999847412109,7.190000057220459,279300,0.0,0.0
2024-02-26 11:00:00+08:00,7.190000057220459,7.210000038146973,7.190000057220459,7.190000057220459,63500,0.0,0.0
2024-02-26 12:00:00+08:00,7.159999847412109,7.159999847412109,7.159999847412109,7.159999847412109,162300,0.0,0.0
2024-02-26 13:00:00+08:00,7.170000076293945,7.179999828338623,7.159999847412109,7.179999828338623,131800,0.0,0.0
2024-02-26 14:00:00+08:00,7.179999828338623,7.190000057220459,7.170000076293945,7.179999828338623,85300,0.0,0.0
2024-02-26 15:00:00+08:00,7.179999828338623,7.210000038146973,7.179999828338623,7.210000038146973,160200,0.0,0.0
2024-02-26 16:00:00+08:00,7.210000038146973,7.25,7.190000057220459,7.199999809265137,414100,0.0,0.0
2024-02-27 09:00:00+08:00,7.210000038146973,7.239999771118164,7.170000076293945,7.190000057220459,224900,0.0,0.0
2024-02-27 10:00:00+08:00,7.190000057220459,7.210000038146973,7.170000076293945,7.170000076293945,181400,0.0,0.0
2024-02-27 11:00:00+08:00,7.170000076293945,7.179999828338623,7.150000095367432,7.159999847412109,170300,0.0,0.0
2024-02-27 12:00:00+08:00,7.170000076293945,7.170000076293945,7.159999847412109,7.159999847412109,3400,0.0,0.0
2024-02-27 13:00:00+08:00,7.159999847412109,7.170000076293945,7.150000095367432,7.170000076293945,195900,0.0,0.0
2024-02-27 14:00:00+08:00,7.170000076293945,7.179999828338623,7.159999847412109,7.159999847412109,174400,0.0,0.0
2024-02-27 15:00:00+08:00,7.159999847412109,7.199999809265137,7.159999847412109,7.190000057220459,268800,0.0,0.0
2024-02-27 16:00:00+08:00,7.190000057220459,7.21999979019165,7.179999828338623,7.190000057220459,295700,0.0,0.0
2024-02-28 09:00:00+08:00,7.190000057220459,7.239999771118164,7.150000095367432,7.170000076293945,560800,0.0,0.0
2024-02-28 10:00:00+08:00,7.170000076293945,7.179999828338623,7.159999847412109,7.159999847412109,123000,0.0,0.0
2024-02-28 11:00:00+08:00,7.159999847412109,7.170000076293945,7.130000114440918,7.159999847412109,337300,0.0,0.0
2024-02-28 12:00:00+08:00,7.159999847412109,7.159999847412109,7.159999847412109,7.159999847412109,4400,0.0,0.0
2024-02-28 13:00:00+08:00,7.159999847412109,7.170000076293945,7.150000095367432,7.150000095367432,62000,0.0,0.0
2024-02-28 14:00:00+08:00,7.150000095367432,7.159999847412109,7.139999866485596,7.159999847412109,192700,0.0,0.0
2024-02-28 15:00:00+08:00,7.159999847412109,7.159999847412109,7.119999885559082,7.119999885559082,170300,0.0,0.0
2024-02-28 16:00:00+08:00,7.119999885559082,7.139999866485596,7.110000133514404,7.130000114440918,247900,0.0,0.0
2024-02-29 09:00:00+08:00,7.130000114440918,7.170000076293945,7.119999885559082,7.159999847412109,308300,0.0,0.0
2024-02-29 10:00:00+08:00,7.159999847412109,7.210000038146973,7.150000095367432,7.210000038146973,463500,0.0,0.0
2024-02-29 11:00:00+08:00,7.210000038146973,7.210000038146973,7.179999828338623,7.210000038146973,250000,0.0,0.0
2024-02-29 12:00:00+08:00,7.21999979019165,7.21999979019165,7.21999979019165,7.21999979019165,27100,0.0,0.0
2024-02-29 13:00:00+08:00,7.21999979019165,7.28000020980835,7.21999979019165,7.25,530900,0.0,0.0
2024-02-29 14:00:00+08:00,7.25,7.269999980926514,7.25,7.260000228881836,298300,0.0,0.0
2024-02-29 15:00:00+08:00,7.260000228881836,7.269999980926514,7.239999771118164,7.25,187400,0.0,0.0
2024-02-29 16:00:00+08:00,7.25,7.25,7.210000038146973,7.239999771118164,224400,0.0,0.0
2024-03-01 09:00:00+08:00,7.239999771118164,7.239999771118164,7.139999866485596,7.159999847412109,780700,0.0,0.0
2024-03-01 10:00:00+08:00,7.159999847412109,7.230000019073486,7.150000095367432,7.21999979019165,301500,0.0,0.0
2024-03-01 11:00:00+08:00,7.21999979019165,7.230000019073486,7.190000057220459,7.199999809265137,177500,0.0,0.0
2024-03-01 12:00:00+08:00,7.199999809265137,7.199999809265137,7.199999809265137,7.199999809265137,13600,0.0,0.0
2024-03-01 13:00:00+08:00,7.199999809265137,7.199999809265137,7.119999885559082,7.170000076293945,486600,0.0,0.0
2024-03-01 14:00:00+08:00,7.170000076293945,7.210000038146973,7.170000076293945,7.190000057220459,122800,0.0,0.0
2024-03-01 15:00:00+08:00,7.190000057220459,7.190000057220459,7.070000171661377,7.159999847412109,660600,0.0,0.0
2024-03-01 16:00:00+08:00,7.159999847412109,7.170000076293945,7.139999866485596,7.159999847412109,398600,0.0,0.0
2024-03-04 09:00:00+08:00,7.190000057220459,7.21999979019165,7.130000114440918,7.159999847412109,261500,0.0,0.0
2024-03-04 10:00:00+08:00,7.159999847412109,7.159999847412109,7.139999866485596,7.139999866485596,98700,0.0,0.0
2024-03-04 11:00:00+08:00,7.139999866485596,7.150000095367432,7.119999885559082,7.139999866485596,124300,0.0,0.0
2024-03-04 12:00:00+08:00,7.130000114440918,7.139999866485596,7.130000114440918,7.139999866485596,10900,0.0,0.0
2024-03-04 13:00:00+08:00,7.139999866485596,7.139999866485596,7.119999885559082,7.130000114440918,116700,0.0,0.0
2024-03-04 14:00:00+08:00,7.130000114440918,7.139999866485596,7.110000133514404,7.130000114440918,155600,0.0,0.0
2024-03-04 15:00:00+08:00,7.130000114440918,7.130000114440918,7.119999885559082,7.119999885559082,114300,0.0,0.0
2024-03-04 16:00:00+08:00,7.119999885559082,7.130000114440918,7.110000133514404,7.130000114440918,152400,0.0,0.0
2024-03-05 09:00:00+08:00,7.130000114440918,7.159999847412109,7.110000133514404,7.139999866485596,526700,0.0,0.0
2024-03-05 10:00:00+08:00,7.139999866485596,7.150000095367432,7.090000152587891,7.110000133514404,266900,0.0,0.0
2024-03-05 11:00:00+08:00,7.110000133514404,7.110000133514404,7.099999904632568,7.110000133514404,55500,0.0,0.0
2024-03-05 12:00:00+08:00,7.110000133514404,7.110000133514404,7.110000133514404,7.110000133514404,6100,0.0,0.0
2024-03-05 13:00:00+08:00,7.110000133514404,7.130000114440918,7.099999904632568,7.110000133514404,134300,0.0,0.0
2024-03-05 14:00:00+08:00,7.110000133514404,7.110000133514404,7.079999923706055,7.099999904632568,539800,0.0,0.0
2024-03-05 15:00:00+08:00,7.099999904632568,7.110000133514404,7.099999904632568,7.099999904632568,204400,0.0,0.0
2024-03-05 16:00:00+08:00,7.099999904632568,7.110000133514404,7.099999904632568,7.110000133514404,167600,0.0,0.0
2024-03-06 09:00:00+08:00,7.099999904632568,7.170000076293945,7.099999904632568,7.150000095367432,473700,0.0,0.0
2024-03-06 10:00:00+08:00,7.150000095367432,7.170000076293945,7.139999866485596,7.170000076293945,245000,0.0,0.0
2024-03-06 11:00:00+08:00,7.170000076293945,7.190000057220459,7.159999847412109,7.179999828338623,239300,0.0,0.0
2024-03-06 12:00:00+08:00,7.179999828338623,7.179999828338623,7.179999828338623,7.179999828338623,38100,0.0,0.0
2024-03-06 13:00:00+08:00,7.179999828338623,7.199999809265137,7.170000076293945,7.190000057220459,347700,0.0,0.0
2024-03-06 14:00:00+08:00,7.190000057220459,7.190000057220459,7.179999828338623,7.179999828338623,0,0.0,0.0
2024-03-06 15:00:00+08:00,7.179999828338623,7.190000057220459,7.170000076293945,7.179999828338623,1714200,0.0,0.0
2024-03-06 16:00:00+08:00,7.179999828338623,7.190000057220459,7.170000076293945,7.170000076293945,390000,0.0,0.0
2024-03-07 09:00:00+08:00,7.190000057220459,7.199999809265137,7.150000095367432,7.159999847412109,381500,0.0,0.0
2024-03-07 10:00:00+08:00,7.159999847412109,7.170000076293945,7.139999866485596,7.150000095367432,165600,0.0,0.0
2024-03-07 11:00:00+08:00,7.150000095367432,7.170000076293945,7.130000114440918,7.159999847412109,215100,0.0,0.0
2024-03-07 12:00:00+08:00,7.130000114440918,7.150000095367432,7.130000114440918,7.150000095367432,21200,0.0,0.0
2024-03-07 13:00:00+08:00,7.150000095367432,7.159999847412109,7.130000114440918,7.150000095367432,209800,0.0,0.0
2024-03-07 14:00:00+08:00,7.150000095367432,7.159999847412109,7.139999866485596,7.159999847412109,95200,0.0,0.0
2024-03-07 15:00:00+08:00,7.159999847412109,7.159999847412109,7.139999866485596,7.150000095367432,99900,0.0,0.0
2024-03-07 16:00:00+08:00,7.150000095367432,7.159999847412109,7.130000114440918,7.150000095367432,363200,0.0,0.0
2024-03-08 09:00:00+08:00,7.150000095367432,7.190000057220459,7.150000095367432,7.179999828338623,280900,0.0,0.0
2024-03-08 10:00:00+08:00,7.179999828338623,7.179999828338623,7.139999866485596,7.150000095367432,166900,0.0,0.0
2024-03-08 11:00:00+08:00,7.150000095367432,7.179999828338623,7.150000095367432,7.170000076293945,119500,0.0,0.0
2024-03-08 12:00:00+08:00,7.170000076293945,7.170000076293945,7.170000076293945,7.170000076293945,22700,0.0,0.0
2024-03-08 13:00:00+08:00,7.170000076293945,7.179999828338623,7.159999847412109,7.170000076293945,105000,0.0,0.0
2024-03-08 14:00:00+08:00,7.159999847412109,7.170000076293945,7.150000095367432,7.150000095367432,126900,0.0,0.0
2024-03-08 15:00:00+08:00,7.150000095367432,7.159999847412109,7.139999866485596,7.159999847412109,100500,0.0,0.0
2024-03-08 16:00:00+08:00,7.159999847412109,7.170000076293945,7.139999866485596,7.170000076293945,429300,0.0,0.0
2024-03-11 09:00:00+08:00,7.139999866485596,7.150000095367432,7.119999885559082,7.139999866485596,389900,0.0,0.0
2024-03-11 10:00:00+08:00,7.139999866485596,7.179999828338623,7.139999866485596,7.159999847412109,174200,0.0,0.0
2024-03-11 11:00:00+08:00,7.159999847412109,7.190000057220459,7.159999847412109,7.190000057220459,207600,0.0,0.0
2024-03-11 12:00:00+08:00,7.179999828338623,7.179999828338623,7.179999828338623,7.179999828338623,9400,0.0,0.0
2024-03-11 13:00:00+08:00,7.179999828338623,7.190000057220459,7.159999847412109,7.170000076293945,199900,0.0,0.0
2024-03-11 14:00:00+08:00,7.170000076293945,7.170000076293945,7.150000095367432,7.159999847412109,112400,0.0,0.0
2024-03-11 15:00:00+08:00,7.159999847412109,7.170000076293945,7.150000095367432,7.159999847412109,137100,0.0,0.0
2024-03-11 16:00:00+08:00,7.159999847412109,7.179999828338623,7.150000095367432,7.179999828338623,238100,0.0,0.0
2024-03-12 09:00:00+08:00,7.190000057220459,7.210000038146973,7.170000076293945,7.170000076293945,306900,0.0,0.0
2024-03-12 10:00:00+08:00,7.170000076293945,7.190000057220459,7.170000076293945,7.190000057220459,82400,0.0,0.0
2024-03-12 11:00:00+08:00,7.190000057220459,7.190000057220459,7.159999847412109,7.159999847412109,145100,0.0,0.0
2024-03-12 12:00:00+08:00,7.150000095367432,7.150000095367432,7.150000095367432,7.150000095367432,21300,0.0,0.0
2024-03-12 13:00:00+08:00,7.150000095367432,7.159999847412109,7.150000095367432,7.159999847412109,53200,0.0,0.0
2024-03-12 14:00:00+08:00,7.159999847412109,7.159999847412109,7.150000095367432,7.150000095367432,45800,0.0,0.0
2024-03-12 15:00:00+08:00,7.150000095367432,7.159999847412109,7.130000114440918,7.130000114440918,203700,0.0,0.0
2024-03-12 16:00:00+08:00,7.130000114440918,7.139999866485596,7.110000133514404,7.119999885559082,297200,0.0,0.0
2024-03-13 09:00:00+08:00,7.159999847412109,7.199999809265137,7.159999847412109,7.190000057220459,564700,0.0,0.0
2024-03-13 10:00:00+08:00,7.190000057220459,7.210000038146973,7.170000076293945,7.179999828338623,376800,0.0,0.0
2024-03-13 11:00:00+08:00,7.179999828338623,7.190000057220459,7.159999847412109,7.170000076293945,180800,0.0,0.0
2024-03-13 12:00:00+08:00,7.190000057220459,7.190000057220459,7.170000076293945,7.170000076293945,35000,0.0,0.0
2024-03-13 13:00:00+08:00,7.170000076293945,7.190000057220459,7.159999847412109,7.179999828338623,165000,0.0,0.0
2024-03-13 14:00:00+08:00,7.179999828338623,7.179999828338623,7.159999847412109,7.159999847412109,135800,0.0,0.0
2024-03-13 15:00:00+08:00,7.159999847412109,7.179999828338623,7.159999847412109,7.170000076293945,144400,0.0,0.0
2024-03-13 16:00:00+08:00,7.170000076293945,7.170000076293945,7.139999866485596,7.150000095367432,541800,0.0,0.0
2024-03-14 09:00:00+08:00,7.179999828338623,7.230000019073486,7.159999847412109,7.21999979019165,701400,0.0,0.0
2024-03-14 10:00:00+08:00,7.21999979019165,7.269999980926514,7.21999979019165,7.25,717000,0.0,0.0
2024-03-14 11:00:00+08:00,7.25,7.25,7.230000019073486,7.230000019073486,233400,0.0,0.0
2024-03-14 12:00:00+08:00,7.25,7.25,7.25,7.25,27600,0.0,0.0
2024-03-14 13:00:00+08:00,7.239999771118164,7.269999980926514,7.239999771118164,7.239999771118164,218900,0.0,0.0
2024-03-14 14:00:00+08:00,7.239999771118164,7.269999980926514,7.239999771118164,7.269999980926514,244100,0.0,0.0
2024-03-14 15:00:00+08:00,7.269999980926514,7.289999961853027,7.260000228881836,7.269999980926514,398400,0.0,0.0
2024-03-14 16:00:00+08:00,7.269999980926514,7.289999961853027,7.269999980926514,7.28000020980835,294500,0.0,0.0
2024-03-15 09:00:00+08:00,7.230000019073486,7.28000020980835,7.210000038146973,7.239999771118164,579900,0.0,0.0
2024-03-15 10:00:00+08:00,7.239999771118164,7.239999771118164,7.199999809265137,7.199999809265137,437100,0.0,0.0
2024-03-15 11:00:00+08:00,7.199999809265137,7.230000019073486,7.190000057220459,7.230000019073486,396000,0.0,0.0
2024-03-15 12:00:00+08:00,7.199999809265137,7.210000038146973,7.199999809265137,7.210000038146973,61300,0.0,0.0
2024-03-15 13:00:00+08:00,7.210000038146973,7.210000038146973,7.190000057220459,7.199999809265137,154000,0.0,0.0
2024-03-15 14:00:00+08:00,7.199999809265137,7.210000038146973,7.190000057220459,7.190000057220459,119200,0.0,0.0
2024-03-15 15:00:00+08:00,7.190000057220459,7.239999771118164,7.190000057220459,7.230000019073486,293300,0.0,0.0
2024-03-15 16:00:00+08:00,7.230000019073486,7.269999980926514,7.230000019073486,7.25,1022500,0.0,0.0
2024-03-18 09:00:00+08:00,7.25,7.269999980926514,7.210000038146973,7.230000019073486,295900,0.0,0.0
2024-03-18 10:00:00+08:00,7.230000019073486,7.239999771118164,7.210000038146973,7.230000019073486,127500,0.0,0.0
2024-03-18 11:00:00+08:00,7.230000019073486,7.239999771118164,7.199999809265137,7.199999809265137,151100,0.0,0.0
2024-03-18 12:00:00+08:00,7.199999809265137,7.199999809265137,7.199999809265137,7.199999809265137,25000,0.0,0.0
2024-03-18 13:00:00+08:00,7.199999809265137,7.210000038146973,7.190000057220459,7.190000057220459,220300,0.0,0.0
2024-03-18 14:00:00+08:00,7.190000057220459,7.199999809265137,7.170000076293945,7.190000057220459,490200,0.0,0.0
2024-03-18 15:00:00+08:00,7.190000057220459,7.190000057220459,7.170000076293945,7.170000076293945,291900,0.0,0.0
2024-03-18 16:00:00+08:00,7.170000076293945,7.190000057220459,7.159999847412109,7.179999828338623,476900,0.0,0.0
2024-03-19 09:00:00+08:00,7.179999828338623,7.199999809265137,7.170000076293945,7.170000076293945,171500,0.0,0.0
2024-03-19 10:00:00+08:00,7.170000076293945,7.199999809265137,7.170000076293945,7.199999809265137,211700,0.0,0.0
2024-03-19 11:00:00+08:00,7.199999809265137,7.210000038146973,7.170000076293945,7.170000076293945,109500,0.0,0.0
2024-03-19 12:00:00+08:00,7.170000076293945,7.170000076293945,7.159999847412109,7.159999847412109,21200,0.0,0.0
2024-03-19 13:00:00+08:00,7.159999847412109,7.199999809265137,7.159999847412109,7.170000076293945,211900,0.0,0.0
2024-03-19 14:00:00+08:00,7.170000076293945,7.179999828338623,7.170000076293945,7.179999828338623,29500,0.0,0.0
2024-03-19 15:00:00+08:00,7.179999828338623,7.190000057220459,7.150000095367432,7.159999847412109,278300,0.0,0.0
2024-03-19 16:00:00+08:00,7.159999847412109,7.179999828338623,7.150000095367432,7.170000076293945,373800,0.0,0.0
2024-03-20 09:00:00+08:00,7.190000057220459,7.239999771118164,7.190000057220459,7.199999809265137,368600,0.0,0.0
2024-03-20 10:00:00+08:00,7.199999809265137,7.21999979019165,7.199999809265137,7.21999979019165,137900,0.0,0.0
2024-03-20 11:00:00+08:00,7.21999979019165,7.230000019073486,7.199999809265137,7.210000038146973,385600,0.0,0.0
2024-03-20 12:00:00+08:00,7.210000038146973,7.210000038146973,7.210000038146973,7.210000038146973,8300,0.0,0.0
2024-03-20 13:00:00+08:00,7.210000038146973,7.210000038146973,7.179999828338623,7.190000057220459,176600,0.0,0.0
2024-03-20 14:00:00+08:00,7.190000057220459,7.199999809265137,7.179999828338623,7.199999809265137,213900,0.0,0.0
2024-03-20 15:00:00+08:00,7.199999809265137,7.199999809265137,7.170000076293945,7.170000076293945,135100,0.0,0.0
2024-03-20 16:00:00+08:00,7.170000076293945,7.179999828338623,7.159999847412109,7.179999828338623,150400,0.0,0.0
2024-03-21 09:00:00+08:00,7.239999771118164,7.289999961853027,7.230000019073486,7.28000020980835,0,0.0,0.0
2024-03-21 10:00:00+08:00,7.28000020980835,7.289999961853027,7.239999771118164,7.28000020980835,1487800,0.0,0.0
2024-03-21 11:00:00+08:00,7.28000020980835,7.289999961853027,7.260000228881836,7.289999961853027,230200,0.0,0.0
2024-03-21 12:00:00+08:00,7.289999961853027,7.289999961853027,7.28000020980835,7.28000020980835,32200,0.0,0.0
2024-03-21 13:00:00+08:00,7.28000020980835,7.340000152587891,7.28000020980835,7.329999923706055,1184700,0.0,0.0
2024-03-21 14:00:00+08:00,7.320000171661377,7.349999904632568,7.320000171661377,7.329999923706055,727900,0.0,0.0
2024-03-21 15:00:00+08:00,7.329999923706055,7.360000133514404,7.329999923706055,7.349999904632568,549900,0.0,0.0
2024-03-21 16:00:00+08:00,7.349999904632568,7.360000133514404,7.309999942779541,7.309999942779541,550800,0.0,0.0
2024-03-22 09:00:00+08:00,7.320000171661377,7.369999885559082,7.309999942779541,7.320000171661377,468800,0.0,0.0
2024-03-22 10:00:00+08:00,7.309999942779541,7.329999923706055,7.300000190734863,7.329999923706055,106000,0.0,0.0
2024-03-22 11:00:00+08:00,7.329999923706055,7.340000152587891,7.320000171661377,7.329999923706055,106200,0.0,0.0
2024-03-22 12:00:00+08:00,7.340000152587891,7.340000152587891,7.329999923706055,7.329999923706055,15600,0.0,0.0
2024-03-22 13:00:00+08:00,7.329999923706055,7.340000152587891,7.320000171661377,7.320000171661377,41400,0.0,0.0
2024-03-22 14:00:00+08:00,7.320000171661377,7.340000152587891,7.320000171661377,7.329999923706055,130300,0.0,0.0
2024-03-22 15:00:00+08:00,7.329999923706055,7.340000152587891,7.320000171661377,7.340000152587891,203600,0.0,0.0
2024-03-22 16:00:00+08:00,7.340000152587891,7.340000152587891,7.320000171661377,7.340000152587891,219300,0.0,0.0
2024-03-25 09:00:00+08:00,7.340000152587891,7.380000114440918,7.309999942779541,7.309999942779541,397500,0.0,0.0
2024-03-25 10:00:00+08:00,7.309999942779541,7.329999923706055,7.309999942779541,7.320000171661377,131800,0.0,0.0
2024-03-25 11:00:00+08:00,7.320000171661377,7.329999923706055,7.309999942779541,7.309999942779541,191400,0.0,0.0
2024-03-25 12:00:00+08:00,7.320000171661377,7.320000171661377,7.320000171661377,7.320000171661377,12000,0.0,0.0
2024-03-25 13:00:00+08:00,7.309999942779541,7.340000152587891,7.309999942779541,7.329999923706055,43900,0.0,0.0
2024-03-25 14:00:00+08:00,7.329999923706055,7.329999923706055,7.300000190734863,7.309999942779541,162700,0.0,0.0
2024-03-25 15:00:00+08:00,7.309999942779541,7.329999923706055,7.300000190734863,7.309999942779541,0,0.0,0.0
2024-03-25 16:00:00+08:00,7.309999942779541,7.320000171661377,7.289999961853027,7.300000190734863,1286600,0.0,0.0
2024-03-26 09:00:00+08:00,7.309999942779541,7.369999885559082,7.28000020980835,7.360000133514404,521000,0.0,0.0
2024-03-26 10:00:00+08:00,7.360000133514404,7.380000114440918,7.340000152587891,7.349999904632568,862500,0.0,0.0
2024-03-26 11:00:00+08:00,7.349999904632568,7.369999885559082,7.349999904632568,7.369999885559082,322500,0.0,0.0
2024-03-26 12:00:00+08:00,7.369999885559082,7.369999885559082,7.360000133514404,7.360000133514404,36300,0.0,0.0
2024-03-26 13:00:00+08:00,7.360000133514404,7.429999828338623,7.360000133514404,7.429999828338623,1475400,0.0,0.0
2024-03-26 14:00:00+08:00,7.429999828338623,7.440000057220459,7.409999847412109,7.429999828338623,629400,0.0,0.0
2024-03-26 15:00:00+08:00,7.429999828338623,7.449999809265137,7.429999828338623,7.440000057220459,586800,0.0,0.0
2024-03-26 16:00:00+08:00,7.440000057220459,7.449999809265137,7.429999828338623,7.449999809265137,588500,0.0,0.0
2024-03-27 09:00:00+08:00,7.429999828338623,7.440000057220459,7.360000133514404,7.409999847412109,457800,0.0,0.0
2024-03-27 10:00:00+08:00,7.409999847412109,7.409999847412109,7.389999866485596,7.400000095367432,298700,0.0,0.0
2024-03-27 11:00:00+08:00,7.400000095367432,7.420000076293945,7.389999866485596,7.420000076293945,155500,0.0,0.0
2024-03-27 12:00:00+08:00,7.420000076293945,7.420000076293945,7.420000076293945,7.420000076293945,20900,0.0,0.0
2024-03-27 13:00:00+08:00,7.420000076293945,7.429999828338623,7.409999847412109,7.420000076293945,317100,0.0,0.0
2024-03-27 14:00:00+08:00,7.420000076293945,7.429999828338623,7.409999847412109,7.409999847412109,269600,0.0,0.0
2024-03-27 15:00:00+08:00,7.409999847412109,7.409999847412109,7.380000114440918,7.409999847412109,171400,0.0,0.0
2024-03-27 16:00:00+08:00,7.409999847412109,7.409999847412109,7.380000114440918,7.400000095367432,206900,0.0,0.0
2024-03-28 09:00:00+08:00,7.429999828338623,7.440000057220459,7.389999866485596,7.400000095367432,218600,0.0,0.0
2024-03-28 10:00:00+08:00,7.400000095367432,7.409999847412109,7.380000114440918,7.389999866485596,197900,0.0,0.0
2024-03-28 11:00:00+08:00,7.389999866485596,7.400000095367432,7.369999885559082,7.369999885559082,103700,0.0,0.0
2024-03-28 12:00:00+08:00,7.369999885559082,7.380000114440918,7.369999885559082,7.380000114440918,7000,0.0,0.0
2024-03-28 13:00:00+08:00,7.380000114440918,7.389999866485596,7.360000133514404,7.369999885559082,297100,0.0,0.0
2024-03-28 14:00:00+08:00,7.369999885559082,7.380000114440918,7.360000133514404,7.369999885559082,136100,0.0,0.0
2024-03-28 15:00:00+08:00,7.369999885559082,7.380000114440918,7.349999904632568,7.360000133514404,273900,0.0,0.0
2024-03-28 16:00:00+08:00,7.360000133514404,7.369999885559082,7.340000152587891,7.349999904632568,351200,0.0,0.0
2024-04-01 09:00:00+08:00,7.380000114440918,7.400000095367432,7.360000133514404,7.380000114440918,356000,0.0,0.0
2024-04-01 10:00:00+08:00,7.380000114440918,7.409999847412109,7.380000114440918,7.380000114440918,165900,0.0,0.0
2024-04-01 11:00:00+08:00,7.380000114440918,7.400000095367432,7.369999885559082,7.389999866485596,93800,0.0,0.0
2024-04-01 12:00:00+08:00,7.400000095367432,7.400000095367432,7.389999866485596,7.389999866485596,8000,0.0,0.0
2024-04-01 13:00:00+08:00,7.389999866485596,7.400000095367432,7.360000133514404,7.369999885559082,129600,0.0,0.0
2024-04-01 14:00:00+08:00,7.369999885559082,7.380000114440918,7.360000133514404,7.360000133514404,49600,0.0,0.0
2024-04-01 15:00:00+08:00,7.360000133514404,7.380000114440918,7.340000152587891,7.360000133514404,136900,0.0,0.0
2024-04-01 16:00:00+08:00,7.360000133514404,7.369999885559082,7.340000152587891,7.349999904632568,220800,0.0,0.0
2024-04-02 09:00:00+08:00,7.380000114440918,7.400000095367432,7.360000133514404,7.389999866485596,276700,0.0,0.0
2024-04-02 10:00:00+08:00,7.389999866485596,7.400000095367432,7.369999885559082,7.400000095367432,225100,0.0,0.0
2024-04-02 11:00:00+08:00,7.400000095367432,7.420000076293945,7.389999866485596,7.389999866485596,341700,0.0,0.0
2024-04-02 12:00:00+08:00,7.389999866485596,7.389999866485596,7.389999866485596,7.389999866485596,30300,0.0,0.0
2024-04-02 13:00:00+08:00,7.400000095367432,7.400000095367432,7.369999885559082,7.369999885559082,100900,0.0,0.0
2024-04-02 14:00:00+08:00,7.369999885559082,7.389999866485596,7.369999885559082,7.369999885559082,63400,0.0,0.0
2024-04-02 15:00:00+08:00,7.369999885559082,7.389999866485596,7.349999904632568,7.380000114440918,278200,0.0,0.0
2024-04-02 16:00:00+08:00,7.380000114440918,7.400000095367432,7.369999885559082,7.380000114440918,225400,0.0,0.0
2024-04-03 09:00:00+08:00,7.360000133514404,7.369999885559082,7.300000190734863,7.320000171661377,656700,0.0,0.0
2024-04-03 10:00:00+08:00,7.320000171661377,7.340000152587891,7.309999942779541,7.320000171661377,241200,0.0,0.0
2024-04-03 11:00:00+08:00,7.320000171661377,7.329999923706055,7.309999942779541,7.309999942779541,115800,0.0,0.0
2024-04-03 12:00:00+08:00,7.309999942779541,7.320000171661377,7.309999942779541,7.320000171661377,17300,0.0,0.0
2024-04-03 13:00:00+08:00,7.320000171661377,7.320000171661377,7.309999942779541,7.309999942779541,126500,0.0,0.0
2024-04-03 14:00:00+08:00,7.309999942779541,7.320000171661377,7.309999942779541,7.309999942779541,66500,0.0,0.0
2024-04-03 15:00:00+08:00,7.309999942779541,7.309999942779541,7.300000190734863,7.300000190734863,138800,0.0,0.0
2024-04-03 16:00:00+08:00,7.300000190734863,7.309999942779541,7.300000190734863,7.300000190734863,250600,0.0,0.0
2024-04-04 09:00:00+08:00,7.320000171661377,7.380000114440918,7.28000020980835,7.349999904632568,361100,0.0,0.0
2024-04-04 10:00:00+08:00,7.349999904632568,7.380000114440918,7.329999923706055,7.360000133514404,207800,0.0,0.0
2024-04-04 11:00:00+08:00,7.360000133514404,7.369999885559082,7.340000152587891,7.340000152587891,53200,0.0,0.0
2024-04-04 12:00:00+08:00,7.349999904632568,7.349999904632568,7.349999904632568,7.349999904632568,12000,0.0,0.0
2024-04-04 13:00:00+08:00,7.349999904632568,7.349999904632568,7.329999923706055,7.349999904632568,107900,0.0,0.0
2024-04-04 14:00:00+08:00,7.349999904632568,7.349999904632568,7.329999923706055,7.329999923706055,42600,0.0,0.0
2024-04-04 15:00:00+08:00,7.329999923706055,7.349999904632568,7.320000171661377,7.340000152587891,195800,0.0,0.0
2024-04-04 16:00:00+08:00,7.340000152587891,7.349999904632568,7.329999923706055,7.329999923706055,177600,0.0,0.0
2024-04-05 09:00:00+08:00,7.300000190734863,7.320000171661377,7.260000228881836,7.269999980926514,881300,0.0,0.0
2024-04-05 10:00:00+08:00,7.269999980926514,7.28000020980835,7.260000228881836,7.269999980926514,175100,0.0,0.0
2024-04-05 11:00:00+08:00,7.269999980926514,7.289999961853027,7.269999980926514,7.289999961853027,92700,0.0,0.0
2024-04-05 12:00:00+08:00,7.289999961853027,7.289999961853027,7.289999961853027,7.289999961853027,3400,0.0,0.0
2024-04-05 13:00:00+08:00,7.289999961853027,7.320000171661377,7.289999961853027,7.309999942779541,85800,0.0,0.0
2024-04-05 14:00:00+08:00,7.309999942779541,7.320000171661377,7.289999961853027,7.300000190734863,198400,0.0,0.0
2024-04-05 15:00:00+08:00,7.300000190734863,7.309999942779541,7.289999961853027,7.289999961853027,269700,0.0,0.0
2024-04-05 16:00:00+08:00,7.289999961853027,7.300000190734863,7.289999961853027,7.289999961853027,546800,0.0,0.0
2024-04-08 09:00:00+08:00,7.329999923706055,7.340000152587891,7.289999961853027,7.300000190734863,315900,0.0,0.0
2024-04-08 10:00:00+08:00,7.300000190734863,7.309999942779541,7.300000190734863,7.309999942779541,95700,0.0,0.0
2024-04-08 11:00:00+08:00,7.309999942779541,7.309999942779541,7.289999961853027,7.289999961853027,81300,0.0,0.0
2024-04-08 12:00:00+08:00,7.289999961853027,7.300000190734863,7.289999961853027,7.300000190734863,5600,0.0,0.0
2024-04-08 13:00:00+08:00,7.300000190734863,7.320000171661377,7.289999961853027,7.300000190734863,239600,0.0,0.0
2024-04-08 14:00:00+08:00,7.300000190734863,7.300000190734863,7.289999961853027,7.289999961853027,301300,0.0,0.0
2024-04-08 15:00:00+08:00,7.289999961853027,7.300000190734863,7.28000020980835,7.289999961853027,163000,0.0,0.0
2024-04-08 16:00:00+08:00,7.289999961853027,7.300000190734863,7.269999980926514,7.269999980926514,302500,0.0,0.0
2024-04-09 09:00:00+08:00,7.309999942779541,7.369999885559082,7.289999961853027,7.340000152587891,401400,0.0,0.0
2024-04-09 10:00:00+08:00,7.340000152587891,7.349999904632568,7.309999942779541,7.309999942779541,118900,0.0,0.0
2024-04-09 11:00:00+08:00,7.309999942779541,7.320000171661377,7.289999961853027,7.300000190734863,205000,0.0,0.0
2024-04-09 12:00:00+08:00,7.289999961853027,7.289999961853027,7.289999961853027,7.289999961853027,18800,0.0,0.0
2024-04-09 13:00:00+08:00,7.300000190734863,7.309999942779541,7.28000020980835,7.28000020980835,303800,0.0,0.0
2024-04-09 14:00:00+08:00,7.28000020980835,7.309999942779541,7.28000020980835,7.289999961853027,267000,0.0,0.0
2024-04-09 15:00:00+08:00,7.289999961853027,7.300000190734863,7.28000020980835,7.289999961853027,151000,0.0,0.0
2024-04-09 16:00:00+08:00,7.289999961853027,7.300000190734863,7.28000020980835,7.289999961853027,226500,0.0,0.0
2024-04-11 09:00:00+08:00,7.25,7.28000020980835,7.230000019073486,7.25,552400,0.0,0.0
2024-04-11 10:00:00+08:00,7.25,7.260000228881836,7.210000038146973,7.210000038146973,659300,0.0,0.0
2024-04-11 11:00:00+08:00,7.210000038146973,7.230000019073486,7.199999809265137,7.21999979019165,401300,0.0,0.0
2024-04-11 12:00:00+08:00,7.21999979019165,7.230000019073486,7.21999979019165,7.230000019073486,15700,0.0,0.0
2024-04-11 13:00:00+08:00,7.230000019073486,7.239999771118164,7.21999979019165,7.239999771118164,134900,0.0,0.0
2024-04-11 14:00:00+08:00,7.239999771118164,7.239999771118164,7.21999979019165,7.230000019073486,355100,0.0,0.0
2024-04-11 15:00:00+08:00,7.230000019073486,7.230000019073486,7.199999809265137,7.210000038146973,803900,0.0,0.0
2024-04-11 16:00:00+08:00,7.210000038146973,7.210000038146973,7.190000057220459,7.199999809265137,598200,0.0,0.0
2024-04-12 09:00:00+08:00,7.230000019073486,7.230000019073486,7.170000076293945,7.190000057220459,553900,0.0,0.0
2024-04-12 10:00:00+08:00,7.190000057220459,7.190000057220459,7.170000076293945,7.190000057220459,322000,0.0,0.0
2024-04-12 11:00:00+08:00,7.190000057220459,7.190000057220459,7.170000076293945,7.170000076293945,91700,0.0,0.0
2024-04-12 12:00:00+08:00,7.170000076293945,7.179999828338623,7.170000076293945,7.179999828338623,35900,0.0,0.0
2024-04-12 13:00:00+08:00,7.179999828338623,7.179999828338623,7.159999847412109,7.170000076293945,308600,0.0,0.0
2024-04-12 14:00:00+08:00,7.170000076293945,7.170000076293945,7.159999847412109,7.170000076293945,160600,0.0,0.0
2024-04-12 15:00:00+08:00,7.170000076293945,7.170000076293945,7.150000095367432,7.159999847412109,514400,0.0,0.0
2024-04-12 16:00:00+08:00,7.159999847412109,7.179999828338623,7.150000095367432,7.170000076293945,395100,0.0,0.0
2024-04-15 09:00:00+08:00,7.079999923706055,7.079999923706055,6.960000038146973,6.96999979019165,2464500,0.0,0.0
2024-04-15 10:00:00+08:00,6.96999979019165,6.980000019073486,6.940000057220459,6.96999979019165,1022000,0.0,0.0
2024-04-15 11:00:00+08:00,6.96999979019165,6.989999771118164,6.949999809265137,6.960000038146973,586800,0.0,0.0
2024-04-15 12:00:00+08:00,6.960000038146973,6.96999979019165,6.960000038146973,6.96999979019165,19500,0.0,0.0
2024-04-15 13:00:00+08:00,6.96999979019165,6.96999979019165,6.949999809265137,6.960000038146973,366900,0.0,0.0
2024-04-15 14:00:00+08:00,6.960000038146973,6.96999979019165,6.949999809265137,6.949999809265137,536200,0.0,0.0
2024-04-15 15:00:00+08:00,6.949999809265137,6.980000019073486,6.949999809265137,6.980000019073486,552100,0.0,0.0
2024-04-15 16:00:00+08:00,6.980000019073486,6.989999771118164,6.960000038146973,6.980000019073486,513800,0.0,0.0
2024-04-16 09:00:00+08:00,6.980000019073486,7.019999980926514,6.909999847412109,6.929999828338623,952600,0.0,0.0
2024-04-16 10:00:00+08:00,6.929999828338623,6.929999828338623,6.900000095367432,6.909999847412109,524200,0.0,0.0
2024-04-16 11:00:00+08:00,6.909999847412109,6.909999847412109,6.840000152587891,6.860000133514404,930000,0.0,0.0
2024-04-16 12:00:00+08:00,6.860000133514404,6.860000133514404,6.860000133514404,6.860000133514404,37200,0.0,0.0
2024-04-16 13:00:00+08:00,6.860000133514404,6.880000114440918,6.849999904632568,6.869999885559082,296500,0.0,0.0
2024-04-16 14:00:00+08:00,6.869999885559082,6.869999885559082,6.849999904632568,6.860000133514404,243000,0.0,0.0
2024-04-16 15:00:00+08:00,6.860000133514404,6.880000114440918,6.849999904632568,6.869999885559082,400500,0.0,0.0
2024-04-16 16:00:00+08:00,6.869999885559082,6.900000095367432,6.860000133514404,6.889999866485596,264700,0.0,0.0
2024-04-17 09:00:00+08:00,6.889999866485596,6.900000095367432,6.840000152587891,6.880000114440918,906000,0.0,0.0
2024-04-17 10:00:00+08:00,6.880000114440918,6.889999866485596,6.869999885559082,6.880000114440918,283600,0.0,0.0
2024-04-17 11:00:00+08:00,6.880000114440918,6.880000114440918,6.860000133514404,6.869999885559082,340700,0.0,0.0
2024-04-17 12:00:00+08:00,6.880000114440918,6.880000114440918,6.880000114440918,6.880000114440918,9100,0.0,0.0
2024-04-17 13:00:00+08:00,6.880000114440918,6.889999866485596,6.860000133514404,6.869999885559082,263300,0.0,0.0
2024-04-17 14:00:00+08:00,6.869999885559082,6.869999885559082,6.849999904632568,6.860000133514404,448700,0.0,0.0
2024-04-17 15:00:00+08:00,6.860000133514404,6.869999885559082,6.849999904632568,6.860000133514404,377700,0.0,0.0
2024-04-17 16:00:00+08:00,6.860000133514404,6.889999866485596,6.860000133514404,6.880000114440918,318300,0.0,0.0
2024-04-18 09:00:00+08:00,6.900000095367432,6.989999771118164,6.869999885559082,6.960000038146973,758100,0.0,0.0
2024-04-18 10:00:00+08:00,6.960000038146973,6.989999771118164,6.949999809265137,6.96999979019165,606200,0.0,0.0
2024-04-18 11:00:00+08:00,6.96999979019165,7.010000228881836,6.960000038146973,7.0,454200,0.0,0.0
2024-04-18 12:00:00+08:00,7.010000228881836,7.010000228881836,7.0,7.0,28400,0.0,0.0
2024-04-18 13:00:00+08:00,7.0,7.010000228881836,6.989999771118164,7.0,155200,0.0,0.0
2024-04-18 14:00:00+08:00,7.0,7.019999980926514,6.989999771118164,7.0,568300,0.0,0.0
2024-04-18 15:00:00+08:00,7.0,7.010000228881836,6.980000019073486,6.989999771118164,318600,0.0,0.0
2024-04-18 16:00:00+08:00,6.989999771118164,7.010000228881836,6.989999771118164,7.0,487800,0.0,0.0
2024-04-19 09:00:00+08:00,6.96999979019165,7.010000228881836,6.960000038146973,6.960000038146973,737100,0.0,0.0
2024-04-19 10:00:00+08:00,6.960000038146973,6.96999979019165,6.900000095367432,6.929999828338623,1025800,0.0,0.0
2024-04-19 11:00:00+08:00,6.929999828338623,6.949999809265137,6.929999828338623,6.940000057220459,326200,0.0,0.0
2024-04-19 12:00:00+08:00,6.940000057220459,6.940000057220459,6.940000057220459,6.940000057220459,9700,0.0,0.0
2024-04-19 13:00:00+08:00,6.940000057220459,6.960000038146973,6.929999828338623,6.949999809265137,185200,0.0,0.0
2024-04-19 14:00:00+08:00,6.949999809265137,6.980000019073486,6.949999809265137,6.96999979019165,151200,0.0,0.0
2024-04-19 15:00:00+08:00,6.96999979019165,6.980000019073486,6.960000038146973,6.980000019073486,235400,0.0,0.0
2024-04-19 16:00:00+08:00,6.980000019073486,6.980000019073486,6.960000038146973,6.96999979019165,334200,0.0,0.0
2024-04-22 09:00:00+08:00,7.0,7.070000171661377,6.989999771118164,7.050000190734863,639800,0.0,0.0
2024-04-22 10:00:00+08:00,7.050000190734863,7.059999942779541,7.010000228881836,7.010000228881836,385900,0.0,0.0
2024-04-22 11:00:00+08:00,7.010000228881836,7.010000228881836,6.96999979019165,6.980000019073486,372300,0.0,0.0
2024-04-22 12:00:00+08:00,6.989999771118164,6.989999771118164,6.989999771118164,6.989999771118164,21700,0.0,0.0
2024-04-22 13:00:00+08:00,6.989999771118164,6.989999771118164,6.949999809265137,6.989999771118164,425100,0.0,0.0
2024-04-22 14:00:00+08:00,6.989999771118164,7.03000020980835,6.989999771118164,7.010000228881836,254900,0.0,0.0
2024-04-22 15:00:00+08:00,7.010000228881836,7.03000020980835,7.0,7.019999980926514,244500,0.0,0.0
2024-04-22 16:00:00+08:00,7.019999980926514,7.019999980926514,7.0,7.010000228881836,244900,0.0,0.0
2024-04-23 09:00:00+08:00,7.090000152587891,7.099999904632568,6.989999771118164,7.0,1304400,0.0,0.0
2024-04-23 10:00:00+08:00,7.0,7.03000020980835,6.96999979019165,7.019999980926514,711200,0.0,0.0
2024-04-23 11:00:00+08:00,7.019999980926514,7.039999961853027,7.010000228881836,7.019999980926514,280000,0.0,0.0
2024-04-23 12:00:00+08:00,7.010000228881836,7.010000228881836,7.010000228881836,7.010000228881836,16600,0.0,0.0
2024-04-23 13:00:00+08:00,7.010000228881836,7.019999980926514,6.989999771118164,6.989999771118164,309300,0.0,0.0
2024-04-23 14:00:00+08:00,6.989999771118164,7.019999980926514,6.989999771118164,7.0,219100,0.0,0.0
2024-04-23 15:00:00+08:00,7.0,7.03000020980835,7.0,7.010000228881836,299700,0.0,0.0
2024-04-23 16:00:00+08:00,7.010000228881836,7.039999961853027,7.0,7.019999980926514,352300,0.0,0.0
2024-04-24 09:00:00+08:00,7.079999923706055,7.119999885559082,7.050000190734863,7.110000133514404,958600,0.0,0.0
2024-04-24 10:00:00+08:00,7.110000133514404,7.119999885559082,7.090000152587891,7.110000133514404,231500,0.0,0.0
2024-04-24 11:00:00+08:00,7.110000133514404,7.110000133514404,7.090000152587891,7.099999904632568,246500,0.0,0.0
2024-04-24 12:00:00+08:00,7.110000133514404,7.110000133514404,7.099999904632568,7.099999904632568,31100,0.0,0.0
2024-04-24 13:00:00+08:00,7.099999904632568,7.130000114440918,7.090000152587891,7.119999885559082,442900,0.0,0.0
2024-04-24 14:00:00+08:00,7.119999885559082,7.150000095367432,7.119999885559082,7.139999866485596,474300,0.0,0.0
2024-04-24 15:00:00+08:00,7.139999866485596,7.139999866485596,7.110000133514404,7.130000114440918,199400,0.0,0.0
2024-04-24 16:00:00+08:00,7.130000114440918,7.139999866485596,7.090000152587891,7.110000133514404,828900,0.0,0.0
2024-04-25 09:00:00+08:00,6.920000076293945,6.920000076293945,6.840000152587891,6.840000152587891,1788000,0.0,0.0
2024-04-25 10:00:00+08:00,6.840000152587891,6.900000095367432,6.840000152587891,6.880000114440918,514300,0.0,0.0
2024-04-25 11:00:00+08:00,6.880000114440918,6.889999866485596,6.849999904632568,6.860000133514404,486600,0.0,0.0
2024-04-25 12:00:00+08:00,6.869999885559082,6.869999885559082,6.860000133514404,6.860000133514404,6200,0.0,0.0
2024-04-25 13:00:00+08:00,6.860000133514404,6.880000114440918,6.849999904632568,6.860000133514404,473700,0.0,0.0
2024-04-25 14:00:00+08:00,6.860000133514404,6.869999885559082,6.849999904632568,6.860000133514404,247800,0.0,0.0
2024-04-25 15:00:00+08:00,6.860000133514404,6.869999885559082,6.849999904632568,6.860000133514404,343600,0.0,0.0
2024-04-25 16:00:00+08:00,6.860000133514404,6.869999885559082,6.849999904632568,6.849999904632568,616900,0.0,0.0
2024-04-26 09:00:00+08:00,6.809999942779541,6.849999904632568,6.78000020980835,6.840000152587891,733600,0.0,0.0
2024-04-26 10:00:00+08:00,6.840000152587891,6.860000133514404,6.809999942779541,6.809999942779541,216300,0.0,0.0
2024-04-26 11:00:00+08:00,6.809999942779541,6.829999923706055,6.800000190734863,6.820000171661377,293700,0.0,0.0
2024-04-26 12:00:00+08:00,6.820000171661377,6.820000171661377,6.809999942779541,6.809999942779541,8600,0.0,0.0
2024-04-26 13:00:00+08:00,6.809999942779541,6.829999923706055,6.809999942779541,6.829999923706055,138400,0.0,0.0
2024-04-26 14:00:00+08:00,6.829999923706055,6.849999904632568,6.829999923706055,6.840000152587891,162300,0.0,0.0
2024-04-26 15:00:00+08:00,6.840000152587891,6.860000133514404,6.829999923706055,6.849999904632568,182300,0.0,0.0
2024-04-26 16:00:00+08:00,6.849999904632568,6.849999904632568,6.829999923706055,6.849999904632568,179200,0.0,0.0
2024-04-29 09:00:00+08:00,6.849999904632568,6.880000114440918,6.820000171661377,6.840000152587891,644600,0.0,0.0
2024-04-29 10:00:00+08:00,6.840000152587891,6.849999904632568,6.829999923706055,6.840000152587891,306900,0.0,0.0
2024-04-29 11:00:00+08:00,6.840000152587891,6.860000133514404,6.829999923706055,6.840000152587891,230500,0.0,0.0
2024-04-29 12:00:00+08:00,6.840000152587891,6.840000152587891,6.829999923706055,6.829999923706055,28600,0.0,0.0
2024-04-29 13:00:00+08:00,6.829999923706055,6.840000152587891,6.809999942779541,6.829999923706055,295600,0.0,0.0
2024-04-29 14:00:00+08:00,6.829999923706055,6.840000152587891,6.820000171661377,6.820000171661377,302300,0.0,0.0
2024-04-29 15:00:00+08:00,6.820000171661377,6.840000152587891,6.820000171661377,6.820000171661377,248000,0.0,0.0
2024-04-29 16:00:00+08:00,6.820000171661377,6.829999923706055,6.809999942779541,6.829999923706055,596900,0.0,0.0
2024-04-30 09:00:00+08:00,6.840000152587891,6.860000133514404,6.800000190734863,6.849999904632568,395800,0.0,0.0
2024-04-30 10:00:00+08:00,6.849999904632568,6.860000133514404,6.840000152587891,6.840000152587891,249500,0.0,0.0
2024-04-30 11:00:00+08:00,6.840000152587891,6.889999866485596,6.840000152587891,6.880000114440918,490100,0.0,0.0
2024-04-30 12:00:00+08:00,6.869999885559082,6.880000114440918,6.869999885559082,6.880000114440918,32300,0.0,0.0
2024-04-30 13:00:00+08:00,6.880000114440918,6.889999866485596,6.869999885559082,6.889999866485596,276900,0.0,0.0
2024-04-30 14:00:00+08:00,6.889999866485596,6.889999866485596,6.880000114440918,6.889999866485596,135800,0.0,0.0
2024-04-30 15:00:00+08:00,6.889999866485596,6.889999866485596,6.869999885559082,6.869999885559082,277500,0.0,0.0
2024-04-30 16:00:00+08:00,6.869999885559082,6.889999866485596,6.860000133514404,6.880000114440918,449700,0.0,0.0
2024-05-02 09:00:00+08:00,6.840000152587891,6.869999885559082,6.800000190734863,6.840000152587891,743500,0.0,0.0
2024-05-02 10:00:00+08:00,6.840000152587891,6.849999904632568,6.829999923706055,6.829999923706055,225000,0.0,0.0
2024-05-02 11:00:00+08:00,6.829999923706055,6.849999904632568,6.829999923706055,6.829999923706055,121500,0.0,0.0
2024-05-02 12:00:00+08:00,6.829999923706055,6.829999923706055,6.829999923706055,6.829999923706055,19100,0.0,0.0
2024-05-02 13:00:00+08:00,6.829999923706055,6.840000152587891,6.820000171661377,6.820000171661377,150600,0.0,0.0
2024-05-02 14:00:00+08:00,6.820000171661377,6.829999923706055,6.800000190734863,6.800000190734863,290100,0.0,0.0
2024-05-02 15:00:00+08:00,6.800000190734863,6.820000171661377,6.800000190734863,6.809999942779541,197100,0.0,0.0
2024-05-02 16:00:00+08:00,6.809999942779541,6.829999923706055,6.809999942779541,6.809999942779541,292100,0.0,0.0
2024-05-03 09:00:00+08:00,6.840000152587891,6.869999885559082,6.840000152587891,6.849999904632568,318100,0.0,0.0
2024-05-03 10:00:00+08:00,6.849999904632568,6.860000133514404,6.820000171661377,6.860000133514404,248700,0.0,0.0
2024-05-03 11:00:00+08:00,6.860000133514404,6.860000133514404,6.840000152587891,6.840000152587891,70500,0.0,0.0
2024-05-03 12:00:00+08:00,6.849999904632568,6.849999904632568,6.840000152587891,6.840000152587891,5900,0.0,0.0
2024-05-03 13:00:00+08:00,6.840000152587891,6.849999904632568,6.829999923706055,6.829999923706055,113600,0.0,0.0
2024-05-03 14:00:00+08:00,6.829999923706055,6.849999904632568,6.829999923706055,6.849999904632568,145500,0.0,0.0
2024-05-03 15:00:00+08:00,6.849999904632568,6.849999904632568,6.829999923706055,6.829999923706055,208700,0.0,0.0
2024-05-03 16:00:00+08:00,6.829999923706055,6.840000152587891,6.800000190734863,6.809999942779541,570000,0.0,0.0
2024-05-06 09:00:00+08:00,6.829999923706055,6.860000133514404,6.820000171661377,6.840000152587891,225700,0.0,0.0
2024-05-06 10:00:00+08:00,6.840000152587891,6.849999904632568,6.840000152587891,6.849999904632568,124000,0.0,0.0
2024-05-06 11:00:00+08:00,6.849999904632568,6.849999904632568,6.829999923706055,6.829999923706055,91000,0.0,0.0
2024-05-06 12:00:00+08:00,6.829999923706055,6.829999923706055,6.829999923706055,6.829999923706055,22800,0.0,0.0
2024-05-06 13:00:00+08:00,6.829999923706055,6.840000152587891,6.820000171661377,6.840000152587891,81300,0.0,0.0
2024-05-06 14:00:00+08:00,6.840000152587891,6.840000152587891,6.829999923706055,6.840000152587891,45200,0.0,0.0
2024-05-06 15:00:00+08:00,6.840000152587891,6.840000152587891,6.820000171661377,6.820000171661377,110600,0.0,0.0
2024-05-06 16:00:00+08:00,6.820000171661377,6.829999923706055,6.809999942779541,6.809999942779541,171200,0.0,0.0
2024-05-07 09:00:00+08:00,6.829999923706055,6.840000152587891,6.809999942779541,6.829999923706055,413400,0.0,0.0
2024-05-07 10:00:00+08:00,6.829999923706055,6.840000152587891,6.820000171661377,6.820000171661377,195700,0.0,0.0
2024-05-07 11:00:00+08:00,6.820000171661377,6.829999923706055,6.769999980926514,6.78000020980835,812000,0.0,0.0
2024-05-07 12:00:00+08:00,6.78000020980835,6.78000020980835,6.78000020980835,6.78000020980835,35900,0.0,0.0
2024-05-07 13:00:00+08:00,6.78000020980835,6.789999961853027,6.769999980926514,6.769999980926514,237700,0.0,0.0
2024-05-07 14:00:00+08:00,6.769999980926514,6.769999980926514,6.730000019073486,6.760000228881836,756600,0.0,0.0
2024-05-07 15:00:00+08:00,6.760000228881836,6.769999980926514,6.71999979019165,6.71999979019165,599100,0.0,0.0
2024-05-07 16:00:00+08:00,6.71999979019165,6.739999771118164,6.710000038146973,6.730000019073486,688400,0.0,0.0
2024-05-08 09:00:00+08:00,6.71999979019165,6.71999979019165,6.659999847412109,6.699999809265137,799600,0.0,0.0
2024-05-08 10:00:00+08:00,6.699999809265137,6.710000038146973,6.690000057220459,6.690000057220459,176400,0.0,0.0
2024-05-08 11:00:00+08:00,6.690000057220459,6.710000038146973,6.690000057220459,6.690000057220459,132700,0.0,0.0
2024-05-08 12:00:00+08:00,6.690000057220459,6.690000057220459,6.690000057220459,6.690000057220459,18500,0.0,0.0
2024-05-08 13:00:00+08:00,6.690000057220459,6.699999809265137,6.670000076293945,6.679999828338623,146700,0.0,0.0
2024-05-08 14:00:00+08:00,6.679999828338623,6.679999828338623,6.670000076293945,6.679999828338623,143600,0.0,0.0
2024-05-08 15:00:00+08:00,6.679999828338623,6.679999828338623,6.670000076293945,6.670000076293945,172900,0.0,0.0
2024-05-08 16:00:00+08:00,6.670000076293945,6.699999809265137,6.670000076293945,6.670000076293945,498500,0.0,0.0
2024-05-09 09:00:00+08:00,6.659999847412109,6.659999847412109,6.510000228881836,6.559999942779541,2545200,0.0,0.0
2024-05-09 10:00:00+08:00,6.559999942779541,6.590000152587891,6.550000190734863,6.590000152587891,928100,0.0,0.0
2024-05-09 11:00:00+08:00,6.590000152587891,6.630000114440918,6.579999923706055,6.610000133514404,564600,0.0,0.0
2024-05-09 12:00:00+08:00,6.619999885559082,6.619999885559082,6.619999885559082,6.619999885559082,23500,0.0,0.0
2024-05-09 13:00:00+08:00,6.619999885559082,6.619999885559082,6.599999904632568,6.599999904632568,442000,0.0,0.0
2024-05-09 14:00:00+08:00,6.599999904632568,6.610000133514404,6.590000152587891,6.599999904632568,279500,0.0,0.0
2024-05-09 15:00:00+08:00,6.599999904632568,6.630000114440918,6.599999904632568,6.610000133514404,438000,0.0,0.0
2024-05-09 16:00:00+08:00,6.610000133514404,6.619999885559082,6.599999904632568,6.599999904632568,618400,0.0,0.0
2024-05-10 09:00:00+08:00,6.659999847412109,6.699999809265137,6.650000095367432,6.699999809265137,844300,0.0,0.0
2024-05-10 10:00:00+08:00,6.699999809265137,6.710000038146973,6.670000076293945,6.710000038146973,418900,0.0,0.0
2024-05-10 11:00:00+08:00,6.710000038146973,6.710000038146973,6.679999828338623,6.710000038146973,336900,0.0,0.0
2024-05-10 12:00:00+08:00,6.710000038146973,6.710000038146973,6.710000038146973,6.710000038146973,32000,0.0,0.0
2024-05-10 13:00:00+08:00,6.710000038146973,6.730000019073486,6.699999809265137,6.710000038146973,332100,0.0,0.0
2024-05-10 14:00:00+08:00,6.710000038146973,6.71999979019165,6.710000038146973,6.710000038146973,63600,0.0,0.0
2024-05-10 15:00:00+08:00,6.710000038146973,6.71999979019165,6.710000038146973,6.71999979019165,116300,0.0,0.0
2024-05-10 16:00:00+08:00,6.71999979019165,6.71999979019165,6.699999809265137,6.710000038146973,384700,0.0,0.0
2024-05-13 09:00:00+08:00,6.71999979019165,6.769999980926514,6.690000057220459,6.710000038146973,967400,0.0,0.0
2024-05-13 10:00:00+08:00,6.710000038146973,6.739999771118164,6.710000038146973,6.71999979019165,356800,0.0,0.0
2024-05-13 11:00:00+08:00,6.71999979019165,6.730000019073486,6.710000038146973,6.710000038146973,233800,0.0,0.0
2024-05-13 12:00:00+08:00,6.710000038146973,6.710000038146973,6.710000038146973,6.710000038146973,53500,0.0,0.0
2024-05-13 13:00:00+08:00,6.710000038146973,6.739999771118164,6.710000038146973,6.739999771118164,290000,0.0,0.0
2024-05-13 14:00:00+08:00,6.739999771118164,6.739999771118164,6.71999979019165,6.730000019073486,203200,0.0,0.0
2024-05-13 15:00:00+08:00,6.730000019073486,6.730000019073486,6.710000038146973,6.710000038146973,210500,0.0,0.0
2024-05-13 16:00:00+08:00,6.710000038146973,6.739999771118164,6.710000038146973,6.739999771118164,478600,0.0,0.0
2024-05-14 09:00:00+08:00,6.739999771118164,6.75,6.710000038146973,6.71999979019165,512300,0.0,0.0
2024-05-14 10:00:00+08:00,6.71999979019165,6.71999979019165,6.710000038146973,6.710000038146973,152800,0.0,0.0
2024-05-14 11:00:00+08:00,6.710000038146973,6.730000019073486,6.699999809265137,6.730000019073486,255600,0.0,0.0
2024-05-14 12:00:00+08:00,6.71999979019165,6.71999979019165,6.71999979019165,6.71999979019165,30100,0.0,0.0
2024-05-14 13:00:00+08:00,6.71999979019165,6.75,6.710000038146973,6.730000019073486,296600,0.0,0.0
2024-05-14 14:00:00+08:00,6.730000019073486,6.78000020980835,6.730000019073486,6.769999980926514,531800,0.0,0.0
2024-05-14 15:00:00+08:00,6.769999980926514,6.769999980926514,6.760000228881836,6.760000228881836,264700,0.0,0.0
2024-05-14 16:00:00+08:00,6.760000228881836,6.789999961853027,6.760000228881836,6.769999980926514,473500,0.0,0.0
2024-05-15 09:00:00+08:00,6.78000020980835,6.78000020980835,6.710000038146973,6.71999979019165,636300,0.0,0.0
2024-05-15 10:00:00+08:00,6.71999979019165,6.730000019073486,6.710000038146973,6.710000038146973,169200,0.0,0.0
2024-05-15 11:00:00+08:00,6.710000038146973,6.71999979019165,6.710000038146973,6.71999979019165,98400,0.0,0.0
2024-05-15 12:00:00+08:00,6.71999979019165,6.71999979019165,6.710000038146973,6.710000038146973,22800,0.0,0.0
2024-05-15 13:00:00+08:00,6.710000038146973,6.710000038146973,6.679999828338623,6.690000057220459,518200,0.0,0.0
2024-05-15 14:00:00+08:00,6.690000057220459,6.690000057220459,6.670000076293945,6.679999828338623,307100,0.0,0.0
2024-05-15 15:00:00+08:00,6.679999828338623,6.679999828338623,6.670000076293945,6.670000076293945,98200,0.0,0.0
2024-05-15 16:00:00+08:00,6.670000076293945,6.690000057220459,6.670000076293945,6.690000057220459,574100,0.0,0.0
2024-05-16 09:00:00+08:00,6.710000038146973,6.75,6.699999809265137,6.710000038146973,652800,0.0,0.0
2024-05-16 10:00:00+08:00,6.710000038146973,6.71999979019165,6.690000057220459,6.71999979019165,435800,0.0,0.0
2024-05-16 11:00:00+08:00,6.71999979019165,6.75,6.710000038146973,6.75,365300,0.0,0.0
2024-05-16 12:00:00+08:00,6.75,6.75,6.75,6.75,93200,0.0,0.0
2024-05-16 13:00:00+08:00,6.75,6.769999980926514,6.75,6.75,251200,0.0,0.0
2024-05-16 14:00:00+08:00,6.75,6.760000228881836,6.71999979019165,6.739999771118164,273000,0.0,0.0
2024-05-16 15:00:00+08:00,6.739999771118164,6.739999771118164,6.730000019073486,6.739999771118164,161300,0.0,0.0
2024-05-16 16:00:00+08:00,6.739999771118164,6.75,6.71999979019165,6.739999771118164,331400,0.0,0.0
2024-05-17 09:00:00+08:00,6.75,6.769999980926514,6.730000019073486,6.75,415900,0.0,0.0
2024-05-17 10:00:00+08:00,6.75,6.760000228881836,6.739999771118164,6.75,105300,0.0,0.0
2024-05-17 11:00:00+08:00,6.75,6.75,6.730000019073486,6.75,287500,0.0,0.0
2024-05-17 12:00:00+08:00,6.75,6.75,6.739999771118164,6.739999771118164,27800,0.0,0.0
2024-05-17 13:00:00+08:00,6.739999771118164,6.75,6.730000019073486,6.75,112800,0.0,0.0
2024-05-17 14:00:00+08:00,6.75,6.760000228881836,6.739999771118164,6.75,323500,0.0,0.0
2024-05-17 15:00:00+08:00,6.75,6.760000228881836,6.739999771118164,6.739999771118164,402000,0.0,0.0
2024-05-17 16:00:00+08:00,6.739999771118164,6.769999980926514,6.739999771118164,6.769999980926514,194500,0.0,0.0
2024-05-20 09:00:00+08:00,6.760000228881836,6.769999980926514,6.71999979019165,6.739999771118164,413000,0.0,0.0
2024-05-20 10:00:00+08:00,6.739999771118164,6.760000228881836,6.739999771118164,6.760000228881836,104100,0.0,0.0
2024-05-20 11:00:00+08:00,6.760000228881836,6.769999980926514,6.739999771118164,6.739999771118164,158300,0.0,0.0
2024-05-20 12:00:00+08:00,6.75,6.75,6.75,6.75,16900,0.0,0.0
2024-05-20 13:00:00+08:00,6.75,6.75,6.730000019073486,6.739999771118164,194000,0.0,0.0
2024-05-20 14:00:00+08:00,6.739999771118164,6.739999771118164,6.71999979019165,6.730000019073486,217800,0.0,0.0
2024-05-20 15:00:00+08:00,6.730000019073486,6.730000019073486,6.710000038146973,6.710000038146973,164000,0.0,0.0
2024-05-20 16:00:00+08:00,6.710000038146973,6.730000019073486,6.710000038146973,6.730000019073486,201200,0.0,0.0
2024-05-21 09:00:00+08:00,6.710000038146973,6.710000038146973,6.679999828338623,6.710000038146973,322200,0.0,0.0
2024-05-21 10:00:00+08:00,6.710000038146973,6.71999979019165,6.690000057220459,6.699999809265137,174100,0.0,0.0
2024-05-21 11:00:00+08:00,6.699999809265137,6.710000038146973,6.679999828338623,6.690000057220459,178100,0.0,0.0
2024-05-21 12:00:00+08:00,6.699999809265137,6.699999809265137,6.699999809265137,6.699999809265137,15400,0.0,0.0
2024-05-21 13:00:00+08:00,6.690000057220459,6.699999809265137,6.690000057220459,6.699999809265137,78400,0.0,0.0
2024-05-21 14:00:00+08:00,6.699999809265137,6.699999809265137,6.679999828338623,6.690000057220459,93200,0.0,0.0
2024-05-21 15:00:00+08:00,6.690000057220459,6.699999809265137,6.679999828338623,6.699999809265137,402800,0.0,0.0
2024-05-21 16:00:00+08:00,6.699999809265137,6.710000038146973,6.679999828338623,6.699999809265137,245200,0.0,0.0
2024-05-23 09:00:00+08:00,6.690000057220459,6.699999809265137,6.639999866485596,6.659999847412109,1133900,0.0,0.0
2024-05-23 10:00:00+08:00,6.659999847412109,6.659999847412109,6.630000114440918,6.639999866485596,459300,0.0,0.0
2024-05-23 11:00:00+08:00,6.639999866485596,6.650000095367432,6.639999866485596,6.650000095367432,187800,0.0,0.0
2024-05-23 12:00:00+08:00,6.639999866485596,6.639999866485596,6.639999866485596,6.639999866485596,39000,0.0,0.0
2024-05-23 13:00:00+08:00,6.639999866485596,6.679999828338623,6.630000114440918,6.659999847412109,407700,0.0,0.0
2024-05-23 14:00:00+08:00,6.659999847412109,6.670000076293945,6.650000095367432,6.650000095367432,200700,0.0,0.0
2024-05-23 15:00:00+08:00,6.650000095367432,6.659999847412109,6.639999866485596,6.639999866485596,208800,0.0,0.0
2024-05-23 16:00:00+08:00,6.639999866485596,6.670000076293945,6.639999866485596,6.650000095367432,394800,0.0,0.0
2024-05-24 09:00:00+08:00,6.639999866485596,6.679999828338623,6.630000114440918,6.659999847412109,415300,0.0,0.0
2024-05-24 10:00:00+08:00,6.659999847412109,6.670000076293945,6.650000095367432,6.650000095367432,359000,0.0,0.0
2024-05-24 11:00:00+08:00,6.650000095367432,6.659999847412109,6.639999866485596,6.659999847412109,150800,0.0,0.0
2024-05-24 12:00:00+08:00,6.659999847412109,6.659999847412109,6.659999847412109,6.659999847412109,22900,0.0,0.0
2024-05-24 13:00:00+08:00,6.650000095367432,6.679999828338623,6.650000095367432,6.679999828338623,241200,0.0,0.0
2024-05-24 14:00:00+08:00,6.679999828338623,6.699999809265137,6.659999847412109,6.699999809265137,244500,0.0,0.0
2024-05-24 15:00:00+08:00,6.699999809265137,6.699999809265137,6.670000076293945,6.699999809265137,415000,0.0,0.0
2024-05-24 16:00:00+08:00,6.699999809265137,6.71999979019165,6.690000057220459,6.71999979019165,276900,0.0,0.0
2024-05-27 09:00:00+08:00,6.71999979019165,6.75,6.71999979019165,6.730000019073486,436800,0.0,0.0
2024-05-27 10:00:00+08:00,6.730000019073486,6.739999771118164,6.710000038146973,6.739999771118164,146600,0.0,0.0
2024-05-27 11:00:00+08:00,6.739999771118164,6.739999771118164,6.71999979019165,6.730000019073486,80500,0.0,0.0
2024-05-27 12:00:00+08:00,6.71999979019165,6.730000019073486,6.71999979019165,6.730000019073486,11300,0.0,0.0
2024-05-27 13:00:00+08:00,6.730000019073486,6.739999771118164,6.710000038146973,6.71999979019165,214000,0.0,0.0
2024-05-27 14:00:00+08:00,6.71999979019165,6.730000019073486,6.710000038146973,6.710000038146973,217000,0.0,0.0
2024-05-27 15:00:00+08:00,6.710000038146973,6.739999771118164,6.710000038146973,6.739999771118164,109900,0.0,0.0
2024-05-27 16:00:00+08:00,6.739999771118164,6.739999771118164,6.71999979019165,6.730000019073486,263300,0.0,0.0
2024-05-28 09:00:00+08:00,6.75,6.78000020980835,6.739999771118164,6.75,440100,0.0,0.0
2024-05-28 10:00:00+08:00,6.75,6.75,6.71999979019165,6.739999771118164,245000,0.0,0.0
2024-05-28 11:00:00+08:00,6.739999771118164,6.75,6.730000019073486,6.75,175200,0.0,0.0
2024-05-28 12:00:00+08:00,6.75,6.75,6.75,6.75,15000,0.0,0.0
2024-05-28 13:00:00+08:00,6.75,6.75,6.730000019073486,6.730000019073486,84300,0.0,0.0
2024-05-28 14:00:00+08:00,6.730000019073486,6.75,6.730000019073486,6.75,183500,0.0,0.0
2024-05-28 15:00:00+08:00,6.75,6.75,6.730000019073486,6.75,300400,0.0,0.0
2024-05-28 16:00:00+08:00,6.75,6.769999980926514,6.739999771118164,6.769999980926514,248700,0.0,0.0
2024-05-29 09:00:00+08:00,6.75,6.75,6.71999979019165,6.730000019073486,667200,0.0,0.0
2024-05-29 10:00:00+08:00,6.730000019073486,6.75,6.710000038146973,6.739999771118164,358900,0.0,0.0
2024-05-29 11:00:00+08:00,6.739999771118164,6.739999771118164,6.71999979019165,6.739999771118164,216100,0.0,0.0
2024-05-29 12:00:00+08:00,6.739999771118164,6.739999771118164,6.739999771118164,6.739999771118164,20200,0.0,0.0
2024-05-29 13:00:00+08:00,6.739999771118164,6.739999771118164,6.730000019073486,6.730000019073486,79000,0.0,0.0
2024-05-29 14:00:00+08:00,6.730000019073486,6.75,6.730000019073486,6.739999771118164,219300,0.0,0.0
2024-05-29 15:00:00+08:00,6.739999771118164,6.739999771118164,6.730000019073486,6.730000019073486,150500,0.0,0.0
2024-05-29 16:00:00+08:00,6.730000019073486,6.739999771118164,6.71999979019165,6.730000019073486,233400,0.0,0.0
2024-05-30 09:00:00+08:00,6.710000038146973,6.739999771118164,6.699999809265137,6.739999771118164,214600,0.0,0.0
2024-05-30 10:00:00+08:00,6.739999771118164,6.739999771118164,6.699999809265137,6.710000038146973,259500,0.0,0.0
2024-05-30 11:00:00+08:00,6.710000038146973,6.71999979019165,6.699999809265137,6.71999979019165,124300,0.0,0.0
2024-05-30 12:00:00+08:00,6.710000038146973,6.710000038146973,6.710000038146973,6.710000038146973,12400,0.0,0.0
2024-05-30 13:00:00+08:00,6.71999979019165,6.730000019073486,6.699999809265137,6.710000038146973,264600,0.0,0.0
2024-05-30 14:00:00+08:00,6.710000038146973,6.71999979019165,6.699999809265137,6.710000038146973,185100,0.0,0.0
2024-05-30 15:00:00+08:00,6.710000038146973,6.730000019073486,6.710000038146973,6.71999979019165,277500,0.0,0.0
2024-05-30 16:00:00+08:00,6.71999979019165,6.730000019073486,6.699999809265137,6.71999979019165,226300,0.0,0.0
2024-05-31 09:00:00+08:00,6.730000019073486,6.739999771118164,6.690000057220459,6.710000038146973,590500,0.0,0.0
2024-05-31 10:00:00+08:00,6.710000038146973,6.71999979019165,6.699999809265137,6.710000038146973,122000,0.0,0.0
2024-05-31 11:00:00+08:00,6.710000038146973,6.710000038146973,6.699999809265137,6.710000038146973,139000,0.0,0.0
2024-05-31 12:00:00+08:00,6.710000038146973,6.710000038146973,6.699999809265137,6.699999809265137,14000,0.0,0.0
2024-05-31 13:00:00+08:00,6.710000038146973,6.710000038146973,6.690000057220459,6.699999809265137,342900,0.0,0.0
2024-05-31 14:00:00+08:00,6.699999809265137,6.699999809265137,6.690000057220459,6.690000057220459,91300,0.0,0.0
2024-05-31 15:00:00+08:00,6.690000057220459,6.699999809265137,6.690000057220459,6.699999809265137,262100,0.0,0.0
2024-05-31 16:00:00+08:00,6.699999809265137,6.71999979019165,6.690000057220459,6.710000038146973,721700,0.0,0.0
2024-06-03 09:00:00+08:00,6.739999771118164,6.739999771118164,6.659999847412109,6.670000076293945,640300,0.0,0.0
2024-06-03 10:00:00+08:00,6.670000076293945,6.699999809265137,6.670000076293945,6.679999828338623,404200,0.0,0.0
2024-06-03 11:00:00+08:00,6.679999828338623,6.690000057220459,6.679999828338623,6.690000057220459,122300,0.0,0.0
2024-06-03 12:00:00+08:00,6.679999828338623,6.679999828338623,6.679999828338623,6.679999828338623,27700,0.0,0.0
2024-06-03 13:00:00+08:00,6.679999828338623,6.690000057220459,6.659999847412109,6.670000076293945,423000,0.0,0.0
2024-06-03 14:00:00+08:00,6.670000076293945,6.690000057220459,6.670000076293945,6.670000076293945,177700,0.0,0.0
2024-06-03 15:00:00+08:00,6.670000076293945,6.679999828338623,6.670000076293945,6.679999828338623,327400,0.0,0.0
2024-06-03 16:00:00+08:00,6.679999828338623,6.690000057220459,6.659999847412109,6.670000076293945,412500,0.0,0.0
2024-06-04 09:00:00+08:00,6.679999828338623,6.679999828338623,6.610000133514404,6.610000133514404,1319700,0.0,0.0
2024-06-04 10:00:00+08:00,6.610000133514404,6.639999866485596,6.610000133514404,6.619999885559082,297100,0.0,0.0
2024-06-04 11:00:00+08:00,6.619999885559082,6.639999866485596,6.619999885559082,6.630000114440918,151100,0.0,0.0
2024-06-04 13:00:00+08:00,6.630000114440918,6.639999866485596,6.619999885559082,6.630000114440918,274400,0.0,0.0
2024-06-04 14:00:00+08:00,6.630000114440918,6.630000114440918,6.619999885559082,6.619999885559082,162000,0.0,0.0
2024-06-04 15:00:00+08:00,6.619999885559082,6.630000114440918,6.610000133514404,6.610000133514404,567500,0.0,0.0
2024-06-04 16:00:00+08:00,6.610000133514404,6.630000114440918,6.610000133514404,6.610000133514404,605100,0.0,0.0
2024-06-05 09:00:00+08:00,6.639999866485596,6.670000076293945,6.630000114440918,6.659999847412109,384800,0.0,0.0
2024-06-05 10:00:00+08:00,6.659999847412109,6.690000057220459,6.659999847412109,6.679999828338623,360300,0.0,0.0
2024-06-05 11:00:00+08:00,6.679999828338623,6.679999828338623,6.670000076293945,6.679999828338623,166300,0.0,0.0
2024-06-05 12:00:00+08:00,6.690000057220459,6.690000057220459,6.690000057220459,6.690000057220459,130800,0.0,0.0
2024-06-05 13:00:00+08:00,6.690000057220459,6.690000057220459,6.670000076293945,6.679999828338623,113800,0.0,0.0
2024-06-05 14:00:00+08:00,6.679999828338623,6.679999828338623,6.659999847412109,6.670000076293945,300800,0.0,0.0
2024-06-05 15:00:00+08:00,6.670000076293945,6.679999828338623,6.659999847412109,6.679999828338623,579300,0.0,0.0
2024-06-05 16:00:00+08:00,6.679999828338623,6.710000038146973,6.670000076293945,6.699999809265137,520400,0.0,0.0
2024-06-06 09:00:00+08:00,6.739999771118164,6.75,6.679999828338623,6.699999809265137,859000,0.0,0.0
2024-06-06 10:00:00+08:00,6.699999809265137,6.699999809265137,6.659999847412109,6.690000057220459,458600,0.0,0.0
2024-06-06 11:00:00+08:00,6.690000057220459,6.690000057220459,6.659999847412109,6.670000076293945,310300,0.0,0.0
2024-06-06 12:00:00+08:00,6.670000076293945,6.670000076293945,6.670000076293945,6.670000076293945,11600,0.0,0.0
2024-06-06 13:00:00+08:00,6.670000076293945,6.670000076293945,6.659999847412109,6.659999847412109,91600,0.0,0.0
2024-06-06 14:00:00+08:00,6.659999847412109,6.670000076293945,6.650000095367432,6.659999847412109,391000,0.0,0.0
2024-06-06 15:00:00+08:00,6.659999847412109,6.670000076293945,6.650000095367432,6.659999847412109,267800,0.0,0.0
2024-06-06 16:00:00+08:00,6.670000076293945,6.670000076293945,6.659999847412109,6.670000076293945,208800,0.0,0.0
2024-06-07 09:00:00+08:00,6.659999847412109,6.679999828338623,6.639999866485596,6.659999847412109,222900,0.0,0.0
2024-06-07 10:00:00+08:00,6.659999847412109,6.670000076293945,6.650000095367432,6.650000095367432,161900,0.0,0.0
2024-06-07 11:00:00+08:00,6.650000095367432,6.679999828338623,6.650000095367432,6.670000076293945,154600,0.0,0.0
2024-06-07 12:00:00+08:00,6.650000095367432,6.650000095367432,6.650000095367432,6.650000095367432,33700,0.0,0.0
2024-06-07 13:00:00+08:00,6.650000095367432,6.670000076293945,6.650000095367432,6.650000095367432,108300,0.0,0.0
2024-06-07 14:00:00+08:00,6.650000095367432,6.670000076293945,6.639999866485596,6.639999866485596,183600,0.0,0.0
2024-06-07 15:00:00+08:00,6.639999866485596,6.670000076293945,6.630000114440918,6.650000095367432,466500,0.0,0.0
2024-06-07 16:00:00+08:00,6.650000095367432,6.650000095367432,6.630000114440918,6.650000095367432,322500,0.0,0.0
2024-06-10 09:00:00+08:00,6.619999885559082,6.630000114440918,6.570000171661377,6.579999923706055,1022900,0.0,0.0
2024-06-10 10:00:00+08:00,6.579999923706055,6.590000152587891,6.570000171661377,6.579999923706055,292900,0.0,0.0
2024-06-10 11:00:00+08:00,6.579999923706055,6.590000152587891,6.570000171661377,6.570000171661377,352500,0.0,0.0
2024-06-10 12:00:00+08:00,6.579999923706055,6.579999923706055,6.579999923706055,6.579999923706055,24100,0.0,0.0
2024-06-10 13:00:00+08:00,6.579999923706055,6.579999923706055,6.570000171661377,6.579999923706055,189100,0.0,0.0
2024-06-10 14:00:00+08:00,6.579999923706055,6.579999923706055,6.570000171661377,6.570000171661377,253600,0.0,0.0
2024-06-10 15:00:00+08:00,6.570000171661377,6.590000152587891,6.559999942779541,6.590000152587891,502500,0.0,0.0
2024-06-10 16:00:00+08:00,6.590000152587891,6.590000152587891,6.559999942779541,6.579999923706055,416700,0.0,0.0
2024-06-11 09:00:00+08:00,6.590000152587891,6.650000095367432,6.590000152587891,6.630000114440918,531700,0.0,0.0
2024-06-11 10:00:00+08:00,6.630000114440918,6.630000114440918,6.599999904632568,6.599999904632568,240600,0.0,0.0
2024-06-11 11:00:00+08:00,6.599999904632568,6.630000114440918,6.599999904632568,6.630000114440918,263500,0.0,0.0
2024-06-11 12:00:00+08:00,6.630000114440918,6.630000114440918,6.630000114440918,6.630000114440918,13700,0.0,0.0
2024-06-11 13:00:00+08:00,6.630000114440918,6.630000114440918,6.619999885559082,6.619999885559082,70200,0.0,0.0
2024-06-11 14:00:00+08:00,6.619999885559082,6.630000114440918,6.610000133514404,6.610000133514404,63400,0.0,0.0
2024-06-11 15:00:00+08:00,6.610000133514404,6.619999885559082,6.599999904632568,6.599999904632568,162200,0.0,0.0
2024-06-11 16:00:00+08:00,6.599999904632568,6.619999885559082,6.599999904632568,6.610000133514404,303900,0.0,0.0
2024-06-12 09:00:00+08:00,6.619999885559082,6.650000095367432,6.590000152587891,6.590000152587891,712300,0.0,0.0
2024-06-12 10:00:00+08:00,6.590000152587891,6.599999904632568,6.570000171661377,6.599999904632568,575000,0.0,0.0
2024-06-12 11:00:00+08:00,6.599999904632568,6.599999904632568,6.590000152587891,6.599999904632568,116800,0.0,0.0
2024-06-12 12:00:00+08:00,6.599999904632568,6.599999904632568,6.590000152587891,6.590000152587891,18900,0.0,0.0
2024-06-12 13:00:00+08:00,6.590000152587891,6.610000133514404,6.590000152587891,6.590000152587891,202300,0.0,0.0
2024-06-12 14:00:00+08:00,6.590000152587891,6.599999904632568,6.579999923706055,6.590000152587891,190800,0.0,0.0
2024-06-12 15:00:00+08:00,6.590000152587891,6.599999904632568,6.579999923706055,6.590000152587891,263100,0.0,0.0
2024-06-12 16:00:00+08:00,6.590000152587891,6.599999904632568,6.579999923706055,6.599999904632568,667700,0.0,0.0
2024-06-13 09:00:00+08:00,6.599999904632568,6.619999885559082,6.590000152587891,6.610000133514404,326800,0.0,0.0
2024-06-13 10:00:00+08:00,6.610000133514404,6.610000133514404,6.590000152587891,6.599999904632568,247600,0.0,0.0
2024-06-13 11:00:00+08:00,6.599999904632568,6.619999885559082,6.599999904632568,6.610000133514404,194600,0.0,0.0
2024-06-13 12:00:00+08:00,6.619999885559082,6.619999885559082,6.619999885559082,6.619999885559082,12200,0.0,0.0
2024-06-13 13:00:00+08:00,6.619999885559082,6.630000114440918,6.610000133514404,6.619999885559082,86100,0.0,0.0
2024-06-13 14:00:00+08:00,6.619999885559082,6.630000114440918,6.610000133514404,6.619999885559082,131000,0.0,0.0
2024-06-13 15:00:00+08:00,6.619999885559082,6.639999866485596,6.619999885559082,6.639999866485596,462800,0.0,0.0
2024-06-13 16:00:00+08:00,6.639999866485596,6.639999866485596,6.610000133514404,6.619999885559082,299200,0.0,0.0
2024-06-14 09:00:00+08:00,6.599999904632568,6.610000133514404,6.570000171661377,6.599999904632568,627000,0.0,0.0
2024-06-14 10:00:00+08:00,6.599999904632568,6.599999904632568,6.579999923706055,6.579999923706055,211900,0.0,0.0
2024-06-14 11:00:00+08:00,6.579999923706055,6.590000152587891,6.570000171661377,6.570000171661377,343100,0.0,0.0
2024-06-14 12:00:00+08:00,6.570000171661377,6.579999923706055,6.570000171661377,6.579999923706055,17500,0.0,0.0
2024-06-14 13:00:00+08:00,6.579999923706055,6.590000152587891,6.570000171661377,6.579999923706055,256200,0.0,0.0
2024-06-14 14:00:00+08:00,6.579999923706055,6.579999923706055,6.550000190734863,6.559999942779541,409900,0.0,0.0
2024-06-14 15:00:00+08:00,6.559999942779541,6.570000171661377,6.550000190734863,6.550000190734863,569200,0.0,0.0
2024-06-14 16:00:00+08:00,6.550000190734863,6.559999942779541,6.539999961853027,6.539999961853027,658600,0.0,0.0
2024-06-18 09:00:00+08:00,6.570000171661377,6.579999923706055,6.550000190734863,6.570000171661377,323700,0.0,0.0
2024-06-18 10:00:00+08:00,6.570000171661377,6.579999923706055,6.559999942779541,6.559999942779541,154600,0.0,0.0
2024-06-18 11:00:00+08:00,6.559999942779541,6.570000171661377,6.550000190734863,6.550000190734863,389500,0.0,0.0
2024-06-18 12:00:00+08:00,6.559999942779541,6.559999942779541,6.559999942779541,6.559999942779541,29300,0.0,0.0
2024-06-18 13:00:00+08:00,6.559999942779541,6.559999942779541,6.53000020980835,6.539999961853027,203600,0.0,0.0
2024-06-18 14:00:00+08:00,6.539999961853027,6.550000190734863,6.53000020980835,6.539999961853027,0,0.0,0.0
2024-06-18 15:00:00+08:00,6.539999961853027,6.559999942779541,6.53000020980835,6.550000190734863,1798100,0.0,0.0
2024-06-18 16:00:00+08:00,6.550000190734863,6.559999942779541,6.539999961853027,6.550000190734863,211200,0.0,0.0
2024-06-19 09:00:00+08:00,6.599999904632568,6.610000133514404,6.570000171661377,6.590000152587891,838500,0.0,0.0
2024-06-19 10:00:00+08:00,6.590000152587891,6.619999885559082,6.590000152587891,6.610000133514404,173300,0.0,0.0
2024-06-19 11:00:00+08:00,6.610000133514404,6.630000114440918,6.610000133514404,6.619999885559082,286500,0.0,0.0
2024-06-19 12:00:00+08:00,6.630000114440918,6.630000114440918,6.619999885559082,6.619999885559082,13000,0.0,0.0
2024-06-19 13:00:00+08:00,6.619999885559082,6.619999885559082,6.610000133514404,6.610000133514404,96400,0.0,0.0
2024-06-19 14:00:00+08:00,6.610000133514404,6.619999885559082,6.610000133514404,6.619999885559082,41000,0.0,0.0
2024-06-19 15:00:00+08:00,6.619999885559082,6.619999885559082,6.599999904632568,6.610000133514404,146300,0.0,0.0
2024-06-19 16:00:00+08:00,6.610000133514404,6.639999866485596,6.590000152587891,6.630000114440918,757400,0.0,0.0
2024-06-20 09:00:00+08:00,6.570000171661377,6.579999923706055,6.53000020980835,6.550000190734863,747600,0.0,0.0
2024-06-20 10:00:00+08:00,6.550000190734863,6.550000190734863,6.460000038146973,6.46999979019165,1420800,0.0,0.0
2024-06-20 11:00:00+08:00,6.46999979019165,6.489999771118164,6.460000038146973,6.480000019073486,1134900,0.0,0.0
2024-06-20 12:00:00+08:00,6.489999771118164,6.489999771118164,6.489999771118164,6.489999771118164,29400,0.0,0.0
2024-06-20 13:00:00+08:00,6.489999771118164,6.489999771118164,6.480000019073486,6.480000019073486,113000,0.0,0.0
2024-06-20 14:00:00+08:00,6.480000019073486,6.489999771118164,6.480000019073486,6.480000019073486,170100,0.0,0.0
2024-06-20 15:00:00+08:00,6.480000019073486,6.489999771118164,6.46999979019165,6.46999979019165,376000,0.0,0.0
2024-06-20 16:00:00+08:00,6.46999979019165,6.5,6.46999979019165,6.489999771118164,516100,0.0,0.0
2024-06-21 09:00:00+08:00,6.5,6.539999961853027,6.5,6.53000020980835,434400,0.0,0.0
2024-06-21 10:00:00+08:00,6.53000020980835,6.550000190734863,6.53000020980835,6.539999961853027,312800,0.0,0.0
2024-06-21 11:00:00+08:00,6.539999961853027,6.559999942779541,6.539999961853027,6.559999942779541,226800,0.0,0.0
2024-06-21 12:00:00+08:00,6.550000190734863,6.550000190734863,6.550000190734863,6.550000190734863,13100,0.0,0.0
2024-06-21 13:00:00+08:00,6.559999942779541,6.559999942779541,6.539999961853027,6.550000190734863,318400,0.0,0.0
2024-06-21 14:00:00+08:00,6.550000190734863,6.550000190734863,6.539999961853027,6.550000190734863,234700,0.0,0.0
2024-06-21 15:00:00+08:00,6.550000190734863,6.550000190734863,6.53000020980835,6.53000020980835,256700,0.0,0.0
2024-06-21 16:00:00+08:00,6.53000020980835,6.550000190734863,6.519999980926514,6.519999980926514,464500,0.0,0.0
2024-06-24 09:00:00+08:00,6.519999980926514,6.519999980926514,6.480000019073486,6.519999980926514,347600,0.0,0.0
2024-06-24 10:00:00+08:00,6.519999980926514,6.539999961853027,6.510000228881836,6.539999961853027,288200,0.0,0.0
2024-06-24 11:00:00+08:00,6.539999961853027,6.559999942779541,6.53000020980835,6.539999961853027,296500,0.0,0.0
2024-06-24 12:00:00+08:00,6.539999961853027,6.550000190734863,6.539999961853027,6.550000190734863,23000,0.0,0.0
2024-06-24 13:00:00+08:00,6.550000190734863,6.550000190734863,6.53000020980835,6.550000190734863,137100,0.0,0.0
2024-06-24 14:00:00+08:00,6.550000190734863,6.550000190734863,6.53000020980835,6.53000020980835,89800,0.0,0.0
2024-06-24 15:00:00+08:00,6.53000020980835,6.539999961853027,6.53000020980835,6.539999961853027,159200,0.0,0.0
2024-06-24 16:00:00+08:00,6.539999961853027,6.550000190734863,6.53000020980835,6.539999961853027,364000,0.0,0.0
2024-06-25 09:00:00+08:00,6.53000020980835,6.550000190734863,6.5,6.539999961853027,508100,0.0,0.0
2024-06-25 10:00:00+08:00,6.539999961853027,6.550000190734863,6.53000020980835,6.539999961853027,490200,0.0,0.0
2024-06-25 11:00:00+08:00,6.539999961853027,6.559999942779541,6.539999961853027,6.559999942779541,203200,0.0,0.0
2024-06-25 12:00:00+08:00,6.559999942779541,6.559999942779541,6.559999942779541,6.559999942779541,5900,0.0,0.0
2024-06-25 13:00:00+08:00,6.559999942779541,6.559999942779541,6.539999961853027,6.539999961853027,488200,0.0,0.0
2024-06-25 14:00:00+08:00,6.539999961853027,6.550000190734863,6.539999961853027,6.550000190734863,197300,0.0,0.0
2024-06-25 15:00:00+08:00,6.550000190734863,6.550000190734863,6.53000020980835,6.550000190734863,384600,0.0,0.0
2024-06-25 16:00:00+08:00,6.550000190734863,6.559999942779541,6.53000020980835,6.550000190734863,237500,0.0,0.0
2024-06-26 09:00:00+08:00,6.519999980926514,6.53000020980835,6.489999771118164,6.519999980926514,432000,0.0,0.0
2024-06-26 10:00:00+08:00,6.519999980926514,6.519999980926514,6.510000228881836,6.519999980926514,33700,0.0,0.0
2024-06-26 11:00:00+08:00,6.519999980926514,6.519999980926514,6.510000228881836,6.519999980926514,60400,0.0,0.0
2024-06-26 12:00:00+08:00,6.510000228881836,6.510000228881836,6.510000228881836,6.510000228881836,26000,0.0,0.0
2024-06-26 13:00:00+08:00,6.519999980926514,6.519999980926514,6.510000228881836,6.519999980926514,123400,0.0,0.0
2024-06-26 14:00:00+08:00,6.519999980926514,6.539999961853027,6.510000228881836,6.53000020980835,179800,0.0,0.0
2024-06-26 15:00:00+08:00,6.53000020980835,6.53000020980835,6.510000228881836,6.510000228881836,107400,0.0,0.0
2024-06-26 16:00:00+08:00,6.510000228881836,6.53000020980835,6.510000228881836,6.510000228881836,240400,0.0,0.0
2024-06-27 09:00:00+08:00,6.510000228881836,6.53000020980835,6.5,6.53000020980835,250500,0.0,0.0
2024-06-27 10:00:00+08:00,6.53000020980835,6.539999961853027,6.519999980926514,6.53000020980835,203400,0.0,0.0
2024-06-27 11:00:00+08:00,6.53000020980835,6.539999961853027,6.519999980926514,6.53000020980835,254300,0.0,0.0
2024-06-27 12:00:00+08:00,6.53000020980835,6.53000020980835,6.53000020980835,6.53000020980835,8700,0.0,0.0
2024-06-27 13:00:00+08:00,6.53000020980835,6.53000020980835,6.519999980926514,6.53000020980835,50300,0.0,0.0
2024-06-27 14:00:00+08:00,6.53000020980835,6.539999961853027,6.510000228881836,6.510000228881836,364200,0.0,0.0
2024-06-27 15:00:00+08:00,6.510000228881836,6.519999980926514,6.510000228881836,6.519999980926514,122700,0.0,0.0
2024-06-27 16:00:00+08:00,6.519999980926514,6.519999980926514,6.510000228881836,6.519999980926514,165900,0.0,0.0
2024-06-28 09:00:00+08:00,6.510000228881836,6.53000020980835,6.489999771118164,6.489999771118164,296300,0.0,0.0
2024-06-28 10:00:00+08:00,6.489999771118164,6.510000228881836,6.480000019073486,6.5,273700,0.0,0.0
2024-06-28 11:00:00+08:00,6.489999771118164,6.5,6.480000019073486,6.489999771118164,353800,0.0,0.0
2024-06-28 12:00:00+08:00,6.489999771118164,6.489999771118164,6.489999771118164,6.489999771118164,8000,0.0,0.0
2024-06-28 13:00:00+08:00,6.489999771118164,6.489999771118164,6.480000019073486,6.480000019073486,107700,0.0,0.0
2024-06-28 14:00:00+08:00,6.480000019073486,6.5,6.480000019073486,6.5,204200,0.0,0.0
2024-06-28 15:00:00+08:00,6.5,6.5,6.46999979019165,6.46999979019165,370800,0.0,0.0
2024-06-28 16:00:00+08:00,6.46999979019165,6.489999771118164,6.460000038146973,6.46999979019165,361200,0.0,0.0
2024-07-01 09:00:00+08:00,6.46999979019165,6.480000019073486,6.449999809265137,6.460000038146973,206100,0.0,0.0
2024-07-01 10:00:00+08:00,6.460000038146973,6.480000019073486,6.460000038146973,6.46999979019165,114700,0.0,0.0
2024-07-01 11:00:00+08:00,6.46999979019165,6.480000019073486,6.460000038146973,6.460000038146973,121700,0.0,0.0
2024-07-01 12:00:00+08:00,6.460000038146973,6.460000038146973,6.460000038146973,6.460000038146973,29800,0.0,0.0
2024-07-01 13:00:00+08:00,6.460000038146973,6.460000038146973,6.429999828338623,6.449999809265137,652700,0.0,0.0
2024-07-01 14:00:00+08:00,6.449999809265137,6.449999809265137,6.429999828338623,6.449999809265137,123400,0.0,0.0
2024-07-01 15:00:00+08:00,6.449999809265137,6.460000038146973,6.440000057220459,6.440000057220459,244400,0.0,0.0
2024-07-01 16:00:00+08:00,6.440000057220459,6.449999809265137,6.429999828338623,6.440000057220459,410700,0.0,0.0
2024-07-02 09:00:00+08:00,6.429999828338623,6.429999828338623,6.380000114440918,6.400000095367432,901100,0.0,0.0
2024-07-02 10:00:00+08:00,6.409999847412109,6.429999828338623,6.409999847412109,6.409999847412109,202300,0.0,0.0
2024-07-02 11:00:00+08:00,6.409999847412109,6.429999828338623,6.409999847412109,6.429999828338623,100200,0.0,0.0
2024-07-02 12:00:00+08:00,6.420000076293945,6.420000076293945,6.420000076293945,6.420000076293945,18600,0.0,0.0
2024-07-02 13:00:00+08:00,6.420000076293945,6.429999828338623,6.420000076293945,6.429999828338623,54800,0.0,0.0
2024-07-02 14:00:00+08:00,6.429999828338623,6.429999828338623,6.389999866485596,6.389999866485596,537700,0.0,0.0
2024-07-02 15:00:00+08:00,6.389999866485596,6.409999847412109,6.380000114440918,6.389999866485596,696000,0.0,0.0
2024-07-02 16:00:00+08:00,6.389999866485596,6.389999866485596,6.360000133514404,6.369999885559082,1063700,0.0,0.0
2024-07-03 09:00:00+08:00,6.420000076293945,6.429999828338623,6.389999866485596,6.420000076293945,451600,0.0,0.0
2024-07-03 10:00:00+08:00,6.420000076293945,6.460000038146973,6.409999847412109,6.449999809265137,492700,0.0,0.0
2024-07-03 11:00:00+08:00,6.449999809265137,6.460000038146973,6.440000057220459,6.440000057220459,276100,0.0,0.0
2024-07-03 12:00:00+08:00,6.440000057220459,6.440000057220459,6.440000057220459,6.440000057220459,19700,0.0,0.0
2024-07-03 13:00:00+08:00,6.440000057220459,6.440000057220459,6.429999828338623,6.429999828338623,179100,0.0,0.0
2024-07-03 14:00:00+08:00,6.429999828338623,6.449999809265137,6.429999828338623,6.440000057220459,167400,0.0,0.0
2024-07-03 15:00:00+08:00,6.440000057220459,6.449999809265137,6.440000057220459,6.440000057220459,284200,0.0,0.0
2024-07-03 16:00:00+08:00,6.440000057220459,6.460000038146973,6.429999828338623,6.449999809265137,508600,0.0,0.0
2024-07-04 09:00:00+08:00,6.519999980926514,6.579999923706055,6.519999980926514,6.570000171661377,1074300,0.0,0.0
2024-07-04 10:00:00+08:00,6.570000171661377,6.579999923706055,6.539999961853027,6.559999942779541,526400,0.0,0.0
2024-07-04 11:00:00+08:00,6.559999942779541,6.559999942779541,6.53000020980835,6.53000020980835,206000,0.0,0.0
2024-07-04 12:00:00+08:00,6.539999961853027,6.539999961853027,6.539999961853027,6.539999961853027,34500,0.0,0.0
2024-07-04 13:00:00+08:00,6.53000020980835,6.550000190734863,6.53000020980835,6.53000020980835,115200,0.0,0.0
2024-07-04 14:00:00+08:00,6.53000020980835,6.550000190734863,6.519999980926514,6.550000190734863,253700,0.0,0.0
2024-07-04 15:00:00+08:00,6.550000190734863,6.550000190734863,6.519999980926514,6.539999961853027,394400,0.0,0.0
2024-07-04 16:00:00+08:00,6.539999961853027,6.550000190734863,6.53000020980835,6.53000020980835,264100,0.0,0.0
2024-07-05 09:00:00+08:00,6.559999942779541,6.570000171661377,6.550000190734863,6.550000190734863,224400,0.0,0.0
2024-07-05 10:00:00+08:00,6.550000190734863,6.570000171661377,6.550000190734863,6.559999942779541,395200,0.0,0.0
2024-07-05 11:00:00+08:00,6.559999942779541,6.570000171661377,6.519999980926514,6.519999980926514,330700,0.0,0.0
2024-07-05 12:00:00+08:00,6.519999980926514,6.53000020980835,6.519999980926514,6.53000020980835,19700,0.0,0.0
2024-07-05 13:00:00+08:00,6.53000020980835,6.539999961853027,6.519999980926514,6.539999961853027,154500,0.0,0.0
2024-07-05 14:00:00+08:00,6.539999961853027,6.550000190734863,6.53000020980835,6.550000190734863,155700,0.0,0.0
2024-07-05 15:00:00+08:00,6.550000190734863,6.550000190734863,6.53000020980835,6.550000190734863,229600,0.0,0.0
2024-07-05 16:00:00+08:00,6.550000190734863,6.559999942779541,6.53000020980835,6.550000190734863,233500,0.0,0.0
2024-07-08 09:00:00+08:00,6.510000228881836,6.550000190734863,6.5,6.539999961853027,458800,0.0,0.0
2024-07-08 10:00:00+08:00,6.539999961853027,6.539999961853027,6.519999980926514,6.53000020980835,96800,0.0,0.0
2024-07-08 11:00:00+08:00,6.53000020980835,6.539999961853027,6.519999980926514,6.53000020980835,91600,0.0,0.0
2024-07-08 12:00:00+08:00,6.53000020980835,6.53000020980835,6.519999980926514,6.519999980926514,17200,0.0,0.0
2024-07-08 13:00:00+08:00,6.519999980926514,6.519999980926514,6.5,6.519999980926514,270800,0.0,0.0
2024-07-08 14:00:00+08:00,6.519999980926514,6.519999980926514,6.510000228881836,6.510000228881836,71800,0.0,0.0
2024-07-08 15:00:00+08:00,6.510000228881836,6.519999980926514,6.510000228881836,6.510000228881836,114600,0.0,0.0
2024-07-08 16:00:00+08:00,6.510000228881836,6.53000020980835,6.510000228881836,6.510000228881836,383000,0.0,0.0
2024-07-09 09:00:00+08:00,6.53000020980835,6.550000190734863,6.519999980926514,6.53000020980835,296800,0.0,0.0
2024-07-09 10:00:00+08:00,6.539999961853027,6.539999961853027,6.53000020980835,6.539999961853027,64600,0.0,0.0
2024-07-09 11:00:00+08:00,6.539999961853027,6.539999961853027,6.53000020980835,6.539999961853027,178400,0.0,0.0
2024-07-09 12:00:00+08:00,6.539999961853027,6.539999961853027,6.539999961853027,6.539999961853027,22200,0.0,0.0
2024-07-09 13:00:00+08:00,6.53000020980835,6.550000190734863,6.53000020980835,6.550000190734863,462100,0.0,0.0
2024-07-09 14:00:00+08:00,6.550000190734863,6.559999942779541,6.539999961853027,6.539999961853027,209600,0.0,0.0
2024-07-09 15:00:00+08:00,6.539999961853027,6.559999942779541,6.539999961853027,6.550000190734863,192700,0.0,0.0
2024-07-09 16:00:00+08:00,6.550000190734863,6.590000152587891,6.539999961853027,6.570000171661377,588800,0.0,0.0
2024-07-10 09:00:00+08:00,6.579999923706055,6.610000133514404,6.579999923706055,6.590000152587891,311000,0.0,0.0
2024-07-10 10:00:00+08:00,6.599999904632568,6.630000114440918,6.590000152587891,6.619999885559082,999400,0.0,0.0
2024-07-10 11:00:00+08:00,6.619999885559082,6.639999866485596,6.610000133514404,6.619999885559082,166900,0.0,0.0
2024-07-10 12:00:00+08:00,6.639999866485596,6.639999866485596,6.630000114440918,6.630000114440918,32800,0.0,0.0
2024-07-10 13:00:00+08:00,6.630000114440918,6.679999828338623,6.630000114440918,6.670000076293945,397900,0.0,0.0
2024-07-10 14:00:00+08:00,6.670000076293945,6.670000076293945,6.650000095367432,6.670000076293945,416200,0.0,0.0
2024-07-10 15:00:00+08:00,6.670000076293945,6.679999828338623,6.659999847412109,6.659999847412109,438700,0.0,0.0
2024-07-10 16:00:00+08:00,6.659999847412109,6.670000076293945,6.659999847412109,6.670000076293945,362900,0.0,0.0
2024-07-11 09:00:00+08:00,6.690000057220459,6.699999809265137,6.659999847412109,6.670000076293945,0,0.0,0.0
2024-07-11 10:00:00+08:00,6.670000076293945,6.679999828338623,6.630000114440918,6.630000114440918,898800,0.0,0.0
2024-07-11 11:00:00+08:00,6.630000114440918,6.650000095367432,6.630000114440918,6.639999866485596,234800,0.0,0.0
2024-07-11 12:00:00+08:00,6.650000095367432,6.650000095367432,6.650000095367432,6.650000095367432,14000,0.0,0.0
2024-07-11 13:00:00+08:00,6.650000095367432,6.659999847412109,6.639999866485596,6.659999847412109,221000,0.0,0.0
2024-07-11 14:00:00+08:00,6.659999847412109,6.670000076293945,6.650000095367432,6.650000095367432,172100,0.0,0.0
2024-07-11 15:00:00+08:00,6.650000095367432,6.659999847412109,6.650000095367432,6.650000095367432,60900,0.0,0.0
2024-07-11 16:00:00+08:00,6.650000095367432,6.670000076293945,6.650000095367432,6.650000095367432,368600,0.0,0.0
2024-07-12 09:00:00+08:00,6.679999828338623,6.78000020980835,6.659999847412109,6.769999980926514,1607400,0.0,0.0
2024-07-12 10:00:00+08:00,6.769999980926514,6.78000020980835,6.71999979019165,6.71999979019165,493500,0.0,0.0
2024-07-12 11:00:00+08:00,6.71999979019165,6.760000228881836,6.71999979019165,6.75,556300,0.0,0.0
2024-07-12 12:00:00+08:00,6.75,6.75,6.75,6.75,24000,0.0,0.0
2024-07-12 13:00:00+08:00,6.75,6.75,6.71999979019165,6.71999979019165,312400,0.0,0.0
2024-07-12 14:00:00+08:00,6.71999979019165,6.760000228881836,6.71999979019165,6.75,650400,0.0,0.0
2024-07-12 15:00:00+08:00,6.75,6.75,6.71999979019165,6.71999979019165,329700,0.0,0.0
2024-07-12 16:00:00+08:00,6.71999979019165,6.730000019073486,6.710000038146973,6.730000019073486,464100,0.0,0.0
2024-07-15 09:00:00+08:00,6.739999771118164,6.75,6.699999809265137,6.71999979019165,480100,0.0,0.0
2024-07-15 10:00:00+08:00,6.71999979019165,6.739999771118164,6.710000038146973,6.710000038146973,244400,0.0,0.0
2024-07-15 11:00:00+08:00,6.710000038146973,6.71999979019165,6.710000038146973,6.71999979019165,91700,0.0,0.0
2024-07-15 12:00:00+08:00,6.710000038146973,6.710000038146973,6.710000038146973,6.710000038146973,19600,0.0,0.0
2024-07-15 13:00:00+08:00,6.710000038146973,6.730000019073486,6.710000038146973,6.730000019073486,152400,0.0,0.0
2024-07-15 14:00:00+08:00,6.730000019073486,6.730000019073486,6.710000038146973,6.71999979019165,257700,0.0,0.0
2024-07-15 15:00:00+08:00,6.71999979019165,6.71999979019165,6.710000038146973,6.710000038146973,121800,0.0,0.0
2024-07-15 16:00:00+08:00,6.710000038146973,6.730000019073486,6.699999809265137,6.710000038146973,470300,0.0,0.0
2024-07-16 09:00:00+08:00,6.710000038146973,6.730000019073486,6.670000076293945,6.699999809265137,603300,0.0,0.0
2024-07-16 10:00:00+08:00,6.699999809265137,6.739999771118164,6.699999809265137,6.739999771118164,476600,0.0,0.0
2024-07-16 11:00:00+08:00,6.739999771118164,6.739999771118164,6.710000038146973,6.710000038146973,138200,0.0,0.0
2024-07-16 12:00:00+08:00,6.699999809265137,6.699999809265137,6.699999809265137,6.699999809265137,30100,0.0,0.0
2024-07-16 13:00:00+08:00,6.710000038146973,6.71999979019165,6.699999809265137,6.699999809265137,238900,0.0,0.0
2024-07-16 14:00:00+08:00,6.699999809265137,6.71999979019165,6.690000057220459,6.699999809265137,140200,0.0,0.0
2024-07-16 15:00:00+08:00,6.699999809265137,6.699999809265137,6.679999828338623,6.679999828338623,120600,0.0,0.0
2024-07-16 16:00:00+08:00,6.679999828338623,6.710000038146973,6.679999828338623,6.679999828338623,248400,0.0,0.0
2024-07-17 09:00:00+08:00,6.710000038146973,6.71999979019165,6.679999828338623,6.690000057220459,249300,0.0,0.0
2024-07-17 10:00:00+08:00,6.690000057220459,6.699999809265137,6.670000076293945,6.690000057220459,344700,0.0,0.0
2024-07-17 11:00:00+08:00,6.690000057220459,6.699999809265137,6.670000076293945,6.690000057220459,123300,0.0,0.0
2024-07-17 12:00:00+08:00,6.690000057220459,6.690000057220459,6.690000057220459,6.690000057220459,12200,0.0,0.0
2024-07-17 13:00:00+08:00,6.699999809265137,6.699999809265137,6.679999828338623,6.699999809265137,343200,0.0,0.0
2024-07-17 14:00:00+08:00,6.699999809265137,6.710000038146973,6.690000057220459,6.699999809265137,197300,0.0,0.0
2024-07-17 15:00:00+08:00,6.699999809265137,6.710000038146973,6.679999828338623,6.699999809265137,360900,0.0,0.0
2024-07-17 16:00:00+08:00,6.699999809265137,6.699999809265137,6.679999828338623,6.690000057220459,505900,0.0,0.0
2024-07-18 09:00:00+08:00,6.679999828338623,6.710000038146973,6.659999847412109,6.699999809265137,438900,0.0,0.0
2024-07-18 10:00:00+08:00,6.699999809265137,6.699999809265137,6.650000095367432,6.670000076293945,436600,0.0,0.0
2024-07-18 11:00:00+08:00,6.670000076293945,6.679999828338623,6.659999847412109,6.670000076293945,174200,0.0,0.0
2024-07-18 12:00:00+08:00,6.670000076293945,6.670000076293945,6.670000076293945,6.670000076293945,12900,0.0,0.0
2024-07-18 13:00:00+08:00,6.670000076293945,6.679999828338623,6.659999847412109,6.679999828338623,165300,0.0,0.0
2024-07-18 14:00:00+08:00,6.679999828338623,6.679999828338623,6.670000076293945,6.679999828338623,74100,0.0,0.0
2024-07-18 15:00:00+08:00,6.679999828338623,6.690000057220459,6.670000076293945,6.679999828338623,163800,0.0,0.0
2024-07-18 16:00:00+08:00,6.679999828338623,6.679999828338623,6.659999847412109,6.670000076293945,390100,0.0,0.0
2024-07-19 09:00:00+08:00,6.670000076293945,6.670000076293945,6.599999904632568,6.619999885559082,652100,0.0,0.0
2024-07-19 10:00:00+08:00,6.619999885559082,6.630000114440918,6.610000133514404,6.619999885559082,196000,0.0,0.0
2024-07-19 11:00:00+08:00,6.619999885559082,6.630000114440918,6.610000133514404,6.619999885559082,194000,0.0,0.0
2024-07-19 12:00:00+08:00,6.610000133514404,6.610000133514404,6.610000133514404,6.610000133514404,18400,0.0,0.0
2024-07-19 13:00:00+08:00,6.610000133514404,6.610000133514404,6.599999904632568,6.599999904632568,183700,0.0,0.0
2024-07-19 14:00:00+08:00,6.599999904632568,6.619999885559082,6.599999904632568,6.599999904632568,196500,0.0,0.0
2024-07-19 15:00:00+08:00,6.599999904632568,6.610000133514404,6.579999923706055,6.590000152587891,380000,0.0,0.0
2024-07-19 16:00:00+08:00,6.590000152587891,6.599999904632568,6.579999923706055,6.579999923706055,492000,0.0,0.0
2024-07-22 09:00:00+08:00,6.579999923706055,6.599999904632568,6.550000190734863,6.570000171661377,651800,0.0,0.0
2024-07-22 10:00:00+08:00,6.570000171661377,6.599999904632568,6.570000171661377,6.570000171661377,238000,0.0,0.0
2024-07-22 11:00:00+08:00,6.570000171661377,6.590000152587891,6.570000171661377,6.570000171661377,235000,0.0,0.0
2024-07-22 12:00:00+08:00,6.570000171661377,6.570000171661377,6.570000171661377,6.570000171661377,17100,0.0,0.0
2024-07-22 13:00:00+08:00,6.579999923706055,6.579999923706055,6.559999942779541,6.559999942779541,178700,0.0,0.0
2024-07-22 14:00:00+08:00,6.559999942779541,6.579999923706055,6.559999942779541,6.570000171661377,218000,0.0,0.0
2024-07-22 15:00:00+08:00,6.570000171661377,6.579999923706055,6.559999942779541,6.570000171661377,58500,0.0,0.0
2024-07-22 16:00:00+08:00,6.570000171661377,6.599999904632568,6.570000171661377,6.579999923706055,422200,0.0,0.0
2024-07-23 09:00:00+08:00,6.570000171661377,6.599999904632568,6.559999942779541,6.590000152587891,257700,0.0,0.0
2024-07-23 10:00:00+08:00,6.590000152587891,6.610000133514404,6.590000152587891,6.590000152587891,127400,0.0,0.0
2024-07-23 11:00:00+08:00,6.590000152587891,6.619999885559082,6.579999923706055,6.590000152587891,245200,0.0,0.0
2024-07-23 12:00:00+08:00,6.579999923706055,6.579999923706055,6.579999923706055,6.579999923706055,12000,0.0,0.0
2024-07-23 13:00:00+08:00,6.579999923706055,6.590000152587891,6.570000171661377,6.590000152587891,166900,0.0,0.0
2024-07-23 14:00:00+08:00,6.590000152587891,6.590000152587891,6.570000171661377,6.590000152587891,244200,0.0,0.0
2024-07-23 15:00:00+08:00,6.590000152587891,6.599999904632568,6.570000171661377,6.590000152587891,224100,0.0,0.0
2024-07-23 16:00:00+08:00,6.590000152587891,6.590000152587891,6.579999923706055,6.579999923706055,165300,0.0,0.0
2024-07-24 09:00:00+08:00,6.590000152587891,6.590000152587891,6.53000020980835,6.550000190734863,354900,0.0,0.0
2024-07-24 10:00:00+08:00,6.550000190734863,6.559999942779541,6.539999961853027,6.559999942779541,310700,0.0,0.0
2024-07-24 11:00:00+08:00,6.559999942779541,6.570000171661377,6.550000190734863,6.550000190734863,92300,0.0,0.0
2024-07-24 12:00:00+08:00,6.550000190734863,6.550000190734863,6.550000190734863,6.550000190734863,15200,0.0,0.0
2024-07-24 13:00:00+08:00,6.550000190734863,6.559999942779541,6.550000190734863,6.550000190734863,76000,0.0,0.0
2024-07-24 14:00:00+08:00,6.550000190734863,6.559999942779541,6.53000020980835,6.539999961853027,431600,0.0,0.0
2024-07-24 15:00:00+08:00,6.539999961853027,6.570000171661377,6.539999961853027,6.550000190734863,76600,0.0,0.0
2024-07-24 16:00:00+08:00,6.550000190734863,6.570000171661377,6.550000190734863,6.559999942779541,153500,0.0,0.0
2024-07-25 09:00:00+08:00,6.519999980926514,6.53000020980835,6.510000228881836,6.510000228881836,513000,0.0,0.0
2024-07-25 10:00:00+08:00,6.510000228881836,6.519999980926514,6.510000228881836,6.519999980926514,113700,0.0,0.0
2024-07-25 11:00:00+08:00,6.519999980926514,6.53000020980835,6.510000228881836,6.519999980926514,134000,0.0,0.0
2024-07-25 12:00:00+08:00,6.519999980926514,6.519999980926514,6.519999980926514,6.519999980926514,13200,0.0,0.0
2024-07-25 13:00:00+08:00,6.519999980926514,6.519999980926514,6.5,6.5,354500,0.0,0.0
2024-07-25 14:00:00+08:00,6.5,6.510000228881836,6.489999771118164,6.5,273900,0.0,0.0
2024-07-25 15:00:00+08:00,6.5,6.5,6.480000019073486,6.489999771118164,395000,0.0,0.0
2024-07-25 16:00:00+08:00,6.489999771118164,6.510000228881836,6.480000019073486,6.489999771118164,578600,0.0,0.0
2024-07-26 09:00:00+08:00,6.480000019073486,6.539999961853027,6.460000038146973,6.539999961853027,382000,0.0,0.0
2024-07-26 10:00:00+08:00,6.539999961853027,6.559999942779541,6.539999961853027,6.550000190734863,600000,0.0,0.0
2024-07-26 11:00:00+08:00,6.550000190734863,6.610000133514404,6.550000190734863,6.590000152587891,482000,0.0,0.0
2024-07-26 12:00:00+08:00,6.590000152587891,6.590000152587891,6.590000152587891,6.590000152587891,12700,0.0,0.0
2024-07-26 13:00:00+08:00,6.590000152587891,6.610000133514404,6.579999923706055,6.610000133514404,260900,0.0,0.0
2024-07-26 14:00:00+08:00,6.610000133514404,6.610000133514404,6.579999923706055,6.590000152587891,82000,0.0,0.0
2024-07-26 15:00:00+08:00,6.590000152587891,6.599999904632568,6.579999923706055,6.590000152587891,121400,0.0,0.0
2024-07-26 16:00:00+08:00,6.590000152587891,6.599999904632568,6.579999923706055,6.579999923706055,547500,0.0,0.0
2024-07-29 09:00:00+08:00,6.599999904632568,6.610000133514404,6.559999942779541,6.559999942779541,368200,0.0,0.0
2024-07-29 10:00:00+08:00,6.559999942779541,6.590000152587891,6.559999942779541,6.579999923706055,221500,0.0,0.0
2024-07-29 11:00:00+08:00,6.579999923706055,6.579999923706055,6.550000190734863,6.550000190734863,217900,0.0,0.0
2024-07-29 12:00:00+08:00,6.550000190734863,6.550000190734863,6.550000190734863,6.550000190734863,44600,0.0,0.0
2024-07-29 13:00:00+08:00,6.550000190734863,6.550000190734863,6.53000020980835,6.53000020980835,269300,0.0,0.0
2024-07-29 14:00:00+08:00,6.53000020980835,6.559999942779541,6.53000020980835,6.539999961853027,199900,0.0,0.0
2024-07-29 15:00:00+08:00,6.539999961853027,6.550000190734863,6.539999961853027,6.539999961853027,171800,0.0,0.0
2024-07-29 16:00:00+08:00,6.539999961853027,6.559999942779541,6.53000020980835,6.539999961853027,476700,0.0,0.0
2024-07-30 09:00:00+08:00,6.53000020980835,6.550000190734863,6.519999980926514,6.53000020980835,357800,0.0,0.0
2024-07-30 10:00:00+08:00,6.53000020980835,6.570000171661377,6.53000020980835,6.550000190734863,309200,0.0,0.0
2024-07-30 11:00:00+08:00,6.550000190734863,6.559999942779541,6.539999961853027,6.559999942779541,166400,0.0,0.0
2024-07-30 12:00:00+08:00,6.559999942779541,6.559999942779541,6.559999942779541,6.559999942779541,33700,0.0,0.0
2024-07-30 13:00:00+08:00,6.559999942779541,6.559999942779541,6.539999961853027,6.539999961853027,103100,0.0,0.0
2024-07-30 14:00:00+08:00,6.539999961853027,6.550000190734863,6.539999961853027,6.550000190734863,65300,0.0,0.0
2024-07-30 15:00:00+08:00,6.550000190734863,6.550000190734863,6.519999980926514,6.539999961853027,275300,0.0,0.0
2024-07-30 16:00:00+08:00,6.539999961853027,6.539999961853027,6.53000020980835,6.539999961853027,190500,0.0,0.0
2024-07-31 09:00:00+08:00,6.550000190734863,6.570000171661377,6.53000020980835,6.550000190734863,257800,0.0,0.0
2024-07-31 10:00:00+08:00,6.550000190734863,6.570000171661377,6.550000190734863,6.550000190734863,134700,0.0,0.0
2024-07-31 11:00:00+08:00,6.550000190734863,6.570000171661377,6.550000190734863,6.570000171661377,167500,0.0,0.0
2024-07-31 12:00:00+08:00,6.579999923706055,6.579999923706055,6.579999923706055,6.579999923706055,29300,0.0,0.0
2024-07-31 13:00:00+08:00,6.570000171661377,6.599999904632568,6.570000171661377,6.599999904632568,244900,0.0,0.0
2024-07-31 14:00:00+08:00,6.599999904632568,6.610000133514404,6.590000152587891,6.599999904632568,572000,0.0,0.0
2024-07-31 15:00:00+08:00,6.599999904632568,6.650000095367432,6.590000152587891,6.650000095367432,284700,0.0,0.0
2024-07-31 16:00:00+08:00,6.650000095367432,6.659999847412109,6.630000114440918,6.659999847412109,410400,0.0,0.0
2024-08-01 09:00:00+08:00,6.639999866485596,6.639999866485596,6.429999828338623,6.480000019073486,2043100,0.0,0.0
2024-08-01 10:00:00+08:00,6.480000019073486,6.489999771118164,6.460000038146973,6.460000038146973,530000,0.0,0.0
2024-08-01 11:00:00+08:00,6.460000038146973,6.480000019073486,6.369999885559082,6.380000114440918,2265700,0.0,0.0
2024-08-01 12:00:00+08:00,6.389999866485596,6.389999866485596,6.389999866485596,6.389999866485596,81600,0.0,0.0
2024-08-01 13:00:00+08:00,6.389999866485596,6.389999866485596,6.340000152587891,6.360000133514404,2085000,0.0,0.0
2024-08-01 14:00:00+08:00,6.360000133514404,6.369999885559082,6.329999923706055,6.340000152587891,1565400,0.0,0.0
2024-08-01 15:00:00+08:00,6.340000152587891,6.349999904632568,6.329999923706055,6.349999904632568,901800,0.0,0.0
2024-08-01 16:00:00+08:00,6.349999904632568,6.349999904632568,6.320000171661377,6.340000152587891,1875100,0.0,0.0
2024-08-02 09:00:00+08:00,6.320000171661377,6.329999923706055,6.190000057220459,6.25,2017600,0.0,0.0
2024-08-02 10:00:00+08:00,6.25,6.25,6.210000038146973,6.230000019073486,842100,0.0,0.0
2024-08-02 11:00:00+08:00,6.230000019073486,6.239999771118164,6.21999979019165,6.230000019073486,352600,0.0,0.0
2024-08-02 12:00:00+08:00,6.230000019073486,6.230000019073486,6.230000019073486,6.230000019073486,39800,0.0,0.0
2024-08-02 13:00:00+08:00,6.230000019073486,6.239999771118164,6.21999979019165,6.21999979019165,393300,0.0,0.0
2024-08-02 14:00:00+08:00,6.21999979019165,6.230000019073486,6.199999809265137,6.210000038146973,630300,0.0,0.0
2024-08-02 15:00:00+08:00,6.210000038146973,6.210000038146973,6.199999809265137,6.199999809265137,864900,0.0,0.0
2024-08-02 16:00:00+08:00,6.199999809265137,6.21999979019165,6.199999809265137,6.210000038146973,863800,0.0,0.0
2024-08-05 09:00:00+08:00,6.110000133514404,6.119999885559082,5.949999809265137,6.070000171661377,2682000,0.0,0.0
2024-08-05 10:00:00+08:00,6.070000171661377,6.079999923706055,6.019999980926514,6.079999923706055,1189100,0.0,0.0
2024-08-05 11:00:00+08:00,6.079999923706055,6.099999904632568,6.050000190734863,6.050000190734863,421800,0.0,0.0
2024-08-05 12:00:00+08:00,6.050000190734863,6.050000190734863,6.050000190734863,6.050000190734863,115600,0.0,0.0
2024-08-05 13:00:00+08:00,6.039999961853027,6.050000190734863,5.980000019073486,5.989999771118164,1852600,0.0,0.0
2024-08-05 14:00:00+08:00,5.989999771118164,6.039999961853027,5.96999979019165,6.010000228881836,1211200,0.0,0.0
2024-08-05 15:00:00+08:00,6.010000228881836,6.039999961853027,6.0,6.039999961853027,768800,0.0,0.0
2024-08-05 16:00:00+08:00,6.039999961853027,6.059999942779541,6.010000228881836,6.019999980926514,983800,0.0,0.0
2024-08-06 09:00:00+08:00,6.070000171661377,6.079999923706055,5.920000076293945,5.940000057220459,2366700,0.0,0.0
2024-08-06 10:00:00+08:00,5.940000057220459,5.960000038146973,5.929999828338623,5.949999809265137,593200,0.0,0.0
2024-08-06 11:00:00+08:00,5.949999809265137,6.010000228881836,5.940000057220459,5.989999771118164,801000,0.0,0.0
2024-08-06 12:00:00+08:00,5.989999771118164,6.0,5.989999771118164,6.0,76400,0.0,0.0
2024-08-06 13:00:00+08:00,6.0,6.0,5.960000038146973,5.960000038146973,368400,0.0,0.0
2024-08-06 14:00:00+08:00,5.960000038146973,5.989999771118164,5.960000038146973,5.980000019073486,656200,0.0,0.0
2024-08-06 15:00:00+08:00,5.980000019073486,5.989999771118164,5.96999979019165,5.96999979019165,705100,0.0,0.0
2024-08-06 16:00:00+08:00,5.96999979019165,5.96999979019165,5.940000057220459,5.940000057220459,1376500,0.0,0.0
2024-08-07 09:00:00+08:00,5.980000019073486,6.019999980926514,5.980000019073486,6.010000228881836,903400,0.0,0.0
2024-08-07 10:00:00+08:00,6.010000228881836,6.03000020980835,6.0,6.010000228881836,573100,0.0,0.0
2024-08-07 11:00:00+08:00,6.010000228881836,6.059999942779541,6.0,6.039999961853027,895700,0.0,0.0
2024-08-07 12:00:00+08:00,6.03000020980835,6.039999961853027,6.03000020980835,6.039999961853027,38900,0.0,0.0
2024-08-07 13:00:00+08:00,6.039999961853027,6.079999923706055,6.039999961853027,6.050000190734863,691300,0.0,0.0
2024-08-07 14:00:00+08:00,6.050000190734863,6.050000190734863,6.010000228881836,6.010000228881836,828200,0.0,0.0
2024-08-07 15:00:00+08:00,6.010000228881836,6.019999980926514,5.96999979019165,5.989999771118164,1167100,0.0,0.0
2024-08-07 16:00:00+08:00,5.989999771118164,5.989999771118164,5.96999979019165,5.980000019073486,694700,0.0,0.0
2024-08-08 09:00:00+08:00,5.96999979019165,5.96999979019165,5.900000095367432,5.920000076293945,1367700,0.0,0.0
2024-08-08 10:00:00+08:00,5.920000076293945,5.929999828338623,5.900000095367432,5.909999847412109,753700,0.0,0.0
2024-08-08 11:00:00+08:00,5.909999847412109,5.929999828338623,5.900000095367432,5.929999828338623,424500,0.0,0.0
2024-08-08 12:00:00+08:00,5.929999828338623,5.929999828338623,5.929999828338623,5.929999828338623,34400,0.0,0.0
2024-08-08 13:00:00+08:00,5.929999828338623,5.940000057220459,5.900000095367432,5.940000057220459,795300,0.0,0.0
2024-08-08 14:00:00+08:00,5.940000057220459,5.949999809265137,5.929999828338623,5.949999809265137,360900,0.0,0.0
2024-08-08 15:00:00+08:00,5.949999809265137,5.949999809265137,5.900000095367432,5.920000076293945,832900,0.0,0.0
2024-08-08 16:00:00+08:00,5.920000076293945,5.949999809265137,5.909999847412109,5.940000057220459,541800,0.0,0.0
2024-08-12 09:00:00+08:00,5.920000076293945,5.960000038146973,5.900000095367432,5.940000057220459,1425300,0.0,0.0
2024-08-12 10:00:00+08:00,5.940000057220459,5.980000019073486,5.940000057220459,5.96999979019165,427100,0.0,0.0
2024-08-12 11:00:00+08:00,5.96999979019165,5.980000019073486,5.949999809265137,5.960000038146973,585700,0.0,0.0
2024-08-12 12:00:00+08:00,5.960000038146973,5.96999979019165,5.960000038146973,5.96999979019165,27600,0.0,0.0
2024-08-12 13:00:00+08:00,5.96999979019165,5.96999979019165,5.949999809265137,5.960000038146973,216300,0.0,0.0
2024-08-12 14:00:00+08:00,5.960000038146973,5.960000038146973,5.929999828338623,5.940000057220459,371300,0.0,0.0
2024-08-12 15:00:00+08:00,5.940000057220459,5.960000038146973,5.940000057220459,5.949999809265137,589300,0.0,0.0
2024-08-12 16:00:00+08:00,5.949999809265137,5.960000038146973,5.940000057220459,5.949999809265137,548400,0.0,0.0
2024-08-13 09:00:00+08:00,5.829999923706055,5.840000152587891,5.809999942779541,5.840000152587891,345500,0.0,0.0
2024-08-13 10:00:00+08:00,5.840000152587891,5.860000133514404,5.829999923706055,5.849999904632568,466100,0.0,0.0
2024-08-13 11:00:00+08:00,5.849999904632568,5.860000133514404,5.829999923706055,5.840000152587891,315200,0.0,0.0
2024-08-13 12:00:00+08:00,5.829999923706055,5.829999923706055,5.829999923706055,5.829999923706055,18500,0.0,0.0
2024-08-13 13:00:00+08:00,5.829999923706055,5.840000152587891,5.809999942779541,5.809999942779541,610900,0.0,0.0
2024-08-13 14:00:00+08:00,5.809999942779541,5.820000171661377,5.809999942779541,5.809999942779541,196800,0.0,0.0
2024-08-13 15:00:00+08:00,5.809999942779541,5.820000171661377,5.800000190734863,5.800000190734863,493500,0.0,0.0
2024-08-13 16:00:00+08:00,5.800000190734863,5.820000171661377,5.800000190734863,5.809999942779541,602700,0.0,0.0
2024-08-14 09:00:00+08:00,5.860000133514404,5.880000114440918,5.78000020980835,5.800000190734863,1283300,0.0,0.0
2024-08-14 10:00:00+08:00,5.800000190734863,5.800000190734863,5.760000228881836,5.789999961853027,883400,0.0,0.0
2024-08-14 11:00:00+08:00,5.789999961853027,5.800000190734863,5.769999980926514,5.78000020980835,375800,0.0,0.0
2024-08-14 12:00:00+08:00,5.769999980926514,5.78000020980835,5.769999980926514,5.78000020980835,101000,0.0,0.0
2024-08-14 13:00:00+08:00,5.78000020980835,5.78000020980835,5.760000228881836,5.78000020980835,405800,0.0,0.0
2024-08-14 14:00:00+08:00,5.78000020980835,5.800000190734863,5.769999980926514,5.800000190734863,267100,0.0,0.0
2024-08-14 15:00:00+08:00,5.800000190734863,5.809999942779541,5.789999961853027,5.789999961853027,412100,0.0,0.0
2024-08-14 16:00:00+08:00,5.789999961853027,5.809999942779541,5.789999961853027,5.800000190734863,545700,0.0,0.0
2024-08-15 09:00:00+08:00,5.800000190734863,5.849999904632568,5.78000020980835,5.840000152587891,895700,0.0,0.0
2024-08-15 10:00:00+08:00,5.840000152587891,5.920000076293945,5.840000152587891,5.920000076293945,781700,0.0,0.0
2024-08-15 11:00:00+08:00,5.920000076293945,5.920000076293945,5.880000114440918,5.889999866485596,298200,0.0,0.0
2024-08-15 12:00:00+08:00,5.889999866485596,5.889999866485596,5.889999866485596,5.889999866485596,26500,0.0,0.0
2024-08-15 13:00:00+08:00,5.889999866485596,5.909999847412109,5.889999866485596,5.909999847412109,150600,0.0,0.0
2024-08-15 14:00:00+08:00,5.909999847412109,5.920000076293945,5.900000095367432,5.909999847412109,144000,0.0,0.0
2024-08-15 15:00:00+08:00,5.909999847412109,5.929999828338623,5.909999847412109,5.929999828338623,287100,0.0,0.0
2024-08-15 16:00:00+08:00,5.929999828338623,5.940000057220459,5.900000095367432,5.909999847412109,488300,0.0,0.0
2024-08-16 09:00:00+08:00,5.940000057220459,6.03000020980835,5.929999828338623,6.03000020980835,1132000,0.0,0.0
2024-08-16 10:00:00+08:00,6.03000020980835,6.050000190734863,6.03000020980835,6.039999961853027,804300,0.0,0.0
2024-08-16 11:00:00+08:00,6.039999961853027,6.039999961853027,5.989999771118164,6.0,542300,0.0,0.0
2024-08-16 12:00:00+08:00,6.010000228881836,6.010000228881836,6.010000228881836,6.010000228881836,6300,0.0,0.0
2024-08-16 13:00:00+08:00,6.0,6.019999980926514,5.989999771118164,6.0,294900,0.0,0.0
2024-08-16 14:00:00+08:00,6.0,6.010000228881836,5.980000019073486,5.989999771118164,464300,0.0,0.0
2024-08-16 15:00:00+08:00,5.989999771118164,6.0,5.96999979019165,5.980000019073486,377200,0.0,0.0
2024-08-16 16:00:00+08:00,5.980000019073486,5.989999771118164,5.949999809265137,5.96999979019165,680900,0.0,0.0
2024-08-19 09:00:00+08:00,5.960000038146973,6.0,5.949999809265137,5.980000019073486,616400,0.0,0.0
2024-08-19 10:00:00+08:00,5.980000019073486,6.03000020980835,5.980000019073486,6.019999980926514,304700,0.0,0.0
2024-08-19 11:00:00+08:00,6.019999980926514,6.039999961853027,6.019999980926514,6.03000020980835,203700,0.0,0.0
2024-08-19 12:00:00+08:00,6.019999980926514,6.019999980926514,6.019999980926514,6.019999980926514,7500,0.0,0.0
2024-08-19 13:00:00+08:00,6.019999980926514,6.019999980926514,6.0,6.010000228881836,131000,0.0,0.0
2024-08-19 14:00:00+08:00,6.010000228881836,6.019999980926514,5.989999771118164,6.0,222400,0.0,0.0
2024-08-19 15:00:00+08:00,6.0,6.03000020980835,5.989999771118164,6.019999980926514,267100,0.0,0.0
2024-08-19 16:00:00+08:00,6.019999980926514,6.03000020980835,6.010000228881836,6.019999980926514,249700,0.0,0.0
2024-08-20 09:00:00+08:00,6.050000190734863,6.099999904632568,6.019999980926514,6.090000152587891,876000,0.0,0.0
2024-08-20 10:00:00+08:00,6.090000152587891,6.130000114440918,6.079999923706055,6.119999885559082,604700,0.0,0.0
2024-08-20 11:00:00+08:00,6.119999885559082,6.130000114440918,6.110000133514404,6.110000133514404,387000,0.0,0.0
2024-08-20 12:00:00+08:00,6.119999885559082,6.119999885559082,6.110000133514404,6.110000133514404,36600,0.0,0.0
2024-08-20 13:00:00+08:00,6.110000133514404,6.139999866485596,6.110000133514404,6.119999885559082,388800,0.0,0.0
2024-08-20 14:00:00+08:00,6.119999885559082,6.130000114440918,6.110000133514404,6.130000114440918,229900,0.0,0.0
2024-08-20 15:00:00+08:00,6.130000114440918,6.139999866485596,6.119999885559082,6.139999866485596,326400,0.0,0.0
2024-08-20 16:00:00+08:00,6.139999866485596,6.139999866485596,6.110000133514404,6.119999885559082,418400,0.0,0.0
2024-08-21 09:00:00+08:00,6.110000133514404,6.130000114440918,6.079999923706055,6.079999923706055,446000,0.0,0.0
2024-08-21 10:00:00+08:00,6.079999923706055,6.110000133514404,6.070000171661377,6.099999904632568,272000,0.0,0.0
2024-08-21 11:00:00+08:00,6.099999904632568,6.130000114440918,6.099999904632568,6.119999885559082,204200,0.0,0.0
2024-08-21 12:00:00+08:00,6.130000114440918,6.130000114440918,6.130000114440918,6.130000114440918,29200,0.0,0.0
2024-08-21 13:00:00+08:00,6.130000114440918,6.139999866485596,6.130000114440918,6.139999866485596,185600,0.0,0.0
2024-08-21 14:00:00+08:00,6.139999866485596,6.139999866485596,6.119999885559082,6.119999885559082,186200,0.0,0.0
2024-08-21 15:00:00+08:00,6.119999885559082,6.130000114440918,6.110000133514404,6.119999885559082,142900,0.0,0.0
2024-08-21 16:00:00+08:00,6.119999885559082,6.130000114440918,6.110000133514404,6.119999885559082,239200,0.0,0.0
2024-08-22 09:00:00+08:00,6.150000095367432,6.179999828338623,6.130000114440918,6.130000114440918,399600,0.0,0.0
2024-08-22 10:00:00+08:00,6.130000114440918,6.159999847412109,6.130000114440918,6.159999847412109,213000,0.0,0.0
2024-08-22 11:00:00+08:00,6.159999847412109,6.159999847412109,6.139999866485596,6.150000095367432,185500,0.0,0.0
2024-08-22 12:00:00+08:00,6.159999847412109,6.159999847412109,6.159999847412109,6.159999847412109,18100,0.0,0.0
2024-08-22 13:00:00+08:00,6.150000095367432,6.170000076293945,6.150000095367432,6.170000076293945,129400,0.0,0.0
2024-08-22 14:00:00+08:00,6.170000076293945,6.199999809265137,6.159999847412109,6.179999828338623,568400,0.0,0.0
2024-08-22 15:00:00+08:00,6.179999828338623,6.199999809265137,6.179999828338623,6.199999809265137,353100,0.0,0.0
2024-08-22 16:00:00+08:00,6.199999809265137,6.21999979019165,6.179999828338623,6.190000057220459,874500,0.0,0.0
2024-08-23 09:00:00+08:00,6.190000057220459,6.199999809265137,6.159999847412109,6.170000076293945,299200,0.0,0.0
2024-08-23 10:00:00+08:00,6.170000076293945,6.170000076293945,6.139999866485596,6.139999866485596,424900,0.0,0.0
2024-08-23 11:00:00+08:00,6.139999866485596,6.179999828338623,6.139999866485596,6.179999828338623,192900,0.0,0.0
2024-08-23 12:00:00+08:00,6.190000057220459,6.190000057220459,6.190000057220459,6.190000057220459,37000,0.0,0.0
2024-08-23 13:00:00+08:00,6.190000057220459,6.190000057220459,6.139999866485596,6.139999866485596,457700,0.0,0.0
2024-08-23 14:00:00+08:00,6.139999866485596,6.159999847412109,6.119999885559082,6.130000114440918,498700,0.0,0.0
2024-08-23 15:00:00+08:00,6.130000114440918,6.139999866485596,6.119999885559082,6.130000114440918,230200,0.0,0.0
2024-08-23 16:00:00+08:00,6.130000114440918,6.159999847412109,6.130000114440918,6.159999847412109,335600,0.0,0.0
2024-08-26 09:00:00+08:00,6.170000076293945,6.210000038146973,6.159999847412109,6.179999828338623,637200,0.0,0.0
2024-08-26 10:00:00+08:00,6.179999828338623,6.179999828338623,6.130000114440918,6.150000095367432,519500,0.0,0.0
2024-08-26 11:00:00+08:00,6.150000095367432,6.159999847412109,6.139999866485596,6.150000095367432,281100,0.0,0.0
2024-08-26 12:00:00+08:00,6.150000095367432,6.150000095367432,6.150000095367432,6.150000095367432,53100,0.0,0.0
2024-08-26 13:00:00+08:00,6.150000095367432,6.150000095367432,6.110000133514404,6.130000114440918,392800,0.0,0.0
2024-08-26 14:00:00+08:00,6.130000114440918,6.150000095367432,6.119999885559082,6.130000114440918,0,0.0,0.0
2024-08-26 15:00:00+08:00,6.130000114440918,6.179999828338623,6.130000114440918,6.170000076293945,2646200,0.0,0.0
2024-08-26 16:00:00+08:00,6.170000076293945,6.179999828338623,6.159999847412109,6.170000076293945,244600,0.0,0.0
2024-08-27 09:00:00+08:00,6.159999847412109,6.170000076293945,6.099999904632568,6.139999866485596,780500,0.0,0.0
2024-08-27 10:00:00+08:00,6.139999866485596,6.139999866485596,6.119999885559082,6.130000114440918,294400,0.0,0.0
2024-08-27 11:00:00+08:00,6.130000114440918,6.139999866485596,6.119999885559082,6.130000114440918,96800,0.0,0.0
2024-08-27 12:00:00+08:00,6.130000114440918,6.130000114440918,6.130000114440918,6.130000114440918,40300,0.0,0.0
2024-08-27 13:00:00+08:00,6.130000114440918,6.179999828338623,6.130000114440918,6.159999847412109,0,0.0,0.0
2024-08-27 14:00:00+08:00,6.159999847412109,6.159999847412109,6.130000114440918,6.130000114440918,1832800,0.0,0.0
2024-08-27 15:00:00+08:00,6.130000114440918,6.159999847412109,6.130000114440918,6.130000114440918,402200,0.0,0.0
2024-08-27 16:00:00+08:00,6.130000114440918,6.159999847412109,6.130000114440918,6.150000095367432,521400,0.0,0.0
2024-08-28 09:00:00+08:00,6.139999866485596,6.139999866485596,6.079999923706055,6.099999904632568,573400,0.0,0.0
2024-08-28 10:00:00+08:00,6.099999904632568,6.119999885559082,6.090000152587891,6.110000133514404,235700,0.0,0.0
2024-08-28 11:00:00+08:00,6.110000133514404,6.119999885559082,6.099999904632568,6.099999904632568,153300,0.0,0.0
2024-08-28 12:00:00+08:00,6.110000133514404,6.110000133514404,6.110000133514404,6.110000133514404,10800,0.0,0.0
2024-08-28 13:00:00+08:00,6.110000133514404,6.119999885559082,6.090000152587891,6.110000133514404,216200,0.0,0.0
2024-08-28 14:00:00+08:00,6.110000133514404,6.110000133514404,6.090000152587891,6.090000152587891,224800,0.0,0.0
2024-08-28 15:00:00+08:00,6.090000152587891,6.110000133514404,6.090000152587891,6.090000152587891,158500,0.0,0.0
2024-08-28 16:00:00+08:00,6.090000152587891,6.099999904632568,6.070000171661377,6.079999923706055,799700,0.0,0.0
2024-08-29 09:00:00+08:00,6.079999923706055,6.079999923706055,6.039999961853027,6.050000190734863,450500,0.0,0.0
2024-08-29 10:00:00+08:00,6.050000190734863,6.079999923706055,6.050000190734863,6.059999942779541,230300,0.0,0.0
2024-08-29 11:00:00+08:00,6.059999942779541,6.079999923706055,6.059999942779541,6.070000171661377,155000,0.0,0.0
2024-08-29 12:00:00+08:00,6.070000171661377,6.070000171661377,6.070000171661377,6.070000171661377,6700,0.0,0.0
2024-08-29 13:00:00+08:00,6.070000171661377,6.099999904632568,6.070000171661377,6.079999923706055,205500,0.0,0.0
2024-08-29 14:00:00+08:00,6.079999923706055,6.090000152587891,6.079999923706055,6.079999923706055,101000,0.0,0.0
2024-08-29 15:00:00+08:00,6.079999923706055,6.079999923706055,6.070000171661377,6.070000171661377,168900,0.0,0.0
2024-08-29 16:00:00+08:00,6.070000171661377,6.090000152587891,6.059999942779541,6.070000171661377,443700,0.0,0.0
2024-08-30 09:00:00+08:00,6.059999942779541,6.119999885559082,6.059999942779541,6.110000133514404,357100,0.0,0.0
2024-08-30 10:00:00+08:00,6.110000133514404,6.130000114440918,6.110000133514404,6.119999885559082,143300,0.0,0.0
2024-08-30 11:00:00+08:00,6.119999885559082,6.130000114440918,6.110000133514404,6.110000133514404,83400,0.0,0.0
2024-08-30 12:00:00+08:00,6.119999885559082,6.119999885559082,6.119999885559082,6.119999885559082,14700,0.0,0.0
2024-08-30 13:00:00+08:00,6.110000133514404,6.139999866485596,6.099999904632568,6.139999866485596,441700,0.0,0.0
2024-08-30 14:00:00+08:00,6.139999866485596,6.139999866485596,6.119999885559082,6.130000114440918,191500,0.0,0.0
2024-08-30 15:00:00+08:00,6.130000114440918,6.150000095367432,6.130000114440918,6.150000095367432,153700,0.0,0.0
2024-08-30 16:00:00+08:00,6.150000095367432,6.150000095367432,6.130000114440918,6.139999866485596,481400,0.0,0.0
2024-09-02 09:00:00+08:00,6.159999847412109,6.199999809265137,6.139999866485596,6.179999828338623,579000,0.0,0.0
2024-09-02 10:00:00+08:00,6.179999828338623,6.179999828338623,6.150000095367432,6.150000095367432,352700,0.0,0.0
2024-09-02 11:00:00+08:00,6.150000095367432,6.159999847412109,6.139999866485596,6.150000095367432,273600,0.0,0.0
2024-09-02 12:00:00+08:00,6.150000095367432,6.150000095367432,6.150000095367432,6.150000095367432,14500,0.0,0.0
2024-09-02 13:00:00+08:00,6.150000095367432,6.159999847412109,6.139999866485596,6.139999866485596,148000,0.0,0.0
2024-09-02 14:00:00+08:00,6.139999866485596,6.170000076293945,6.139999866485596,6.170000076293945,162700,0.0,0.0
2024-09-02 15:00:00+08:00,6.170000076293945,6.170000076293945,6.150000095367432,6.159999847412109,140300,0.0,0.0
2024-09-02 16:00:00+08:00,6.159999847412109,6.170000076293945,6.150000095367432,6.150000095367432,421200,0.0,0.0
2024-09-03 09:00:00+08:00,6.139999866485596,6.21999979019165,6.119999885559082,6.210000038146973,841900,0.0,0.0
2024-09-03 10:00:00+08:00,6.210000038146973,6.21999979019165,6.179999828338623,6.179999828338623,346500,0.0,0.0
2024-09-03 11:00:00+08:00,6.179999828338623,6.190000057220459,6.159999847412109,6.179999828338623,180400,0.0,0.0
2024-09-03 12:00:00+08:00,6.179999828338623,6.179999828338623,6.179999828338623,6.179999828338623,7000,0.0,0.0
2024-09-03 13:00:00+08:00,6.179999828338623,6.199999809265137,6.170000076293945,6.190000057220459,241400,0.0,0.0
2024-09-03 14:00:00+08:00,6.190000057220459,6.21999979019165,6.190000057220459,6.190000057220459,514100,0.0,0.0
2024-09-03 15:00:00+08:00,6.190000057220459,6.199999809265137,6.179999828338623,6.199999809265137,214700,0.0,0.0
2024-09-03 16:00:00+08:00,6.199999809265137,6.199999809265137,6.179999828338623,6.199999809265137,271000,0.0,0.0
2024-09-04 09:00:00+08:00,6.130000114440918,6.130000114440918,6.059999942779541,6.070000171661377,1438700,0.0,0.0
2024-09-04 10:00:00+08:00,6.070000171661377,6.110000133514404,6.059999942779541,6.099999904632568,739500,0.0,0.0
2024-09-04 11:00:00+08:00,6.099999904632568,6.099999904632568,6.079999923706055,6.090000152587891,255900,0.0,0.0
2024-09-04 12:00:00+08:00,6.079999923706055,6.079999923706055,6.079999923706055,6.079999923706055,61300,0.0,0.0
2024-09-04 13:00:00+08:00,6.079999923706055,6.090000152587891,6.059999942779541,6.070000171661377,634700,0.0,0.0
2024-09-04 14:00:00+08:00,6.070000171661377,6.079999923706055,6.059999942779541,6.070000171661377,369700,0.0,0.0
2024-09-04 15:00:00+08:00,6.070000171661377,6.099999904632568,6.070000171661377,6.099999904632568,422600,0.0,0.0
2024-09-04 16:00:00+08:00,6.099999904632568,6.119999885559082,6.079999923706055,6.099999904632568,656300,0.0,0.0
2024-09-05 09:00:00+08:00,6.119999885559082,6.150000095367432,6.099999904632568,6.099999904632568,460400,0.0,0.0
2024-09-05 10:00:00+08:00,6.099999904632568,6.119999885559082,6.090000152587891,6.110000133514404,436800,0.0,0.0
2024-09-05 11:00:00+08:00,6.110000133514404,6.110000133514404,6.079999923706055,6.090000152587891,180700,0.0,0.0
2024-09-05 12:00:00+08:00,6.090000152587891,6.090000152587891,6.090000152587891,6.090000152587891,13100,0.0,0.0
2024-09-05 13:00:00+08:00,6.090000152587891,6.099999904632568,6.059999942779541,6.079999923706055,437600,0.0,0.0
2024-09-05 14:00:00+08:00,6.079999923706055,6.099999904632568,6.079999923706055,6.099999904632568,116300,0.0,0.0
2024-09-05 15:00:00+08:00,6.099999904632568,6.119999885559082,6.090000152587891,6.099999904632568,333500,0.0,0.0
2024-09-05 16:00:00+08:00,6.099999904632568,6.119999885559082,6.090000152587891,6.099999904632568,456300,0.0,0.0
2024-09-06 09:00:00+08:00,6.070000171661377,6.119999885559082,6.059999942779541,6.119999885559082,288700,0.0,0.0
2024-09-06 10:00:00+08:00,6.119999885559082,6.130000114440918,6.110000133514404,6.130000114440918,211000,0.0,0.0
2024-09-06 11:00:00+08:00,6.130000114440918,6.130000114440918,6.099999904632568,6.119999885559082,135000,0.0,0.0
2024-09-06 12:00:00+08:00,6.119999885559082,6.119999885559082,6.119999885559082,6.119999885559082,2100,0.0,0.0
2024-09-06 13:00:00+08:00,6.110000133514404,6.119999885559082,6.090000152587891,6.110000133514404,427800,0.0,0.0
2024-09-06 14:00:00+08:00,6.110000133514404,6.130000114440918,6.090000152587891,6.110000133514404,301400,0.0,0.0
2024-09-06 15:00:00+08:00,6.110000133514404,6.110000133514404,6.079999923706055,6.099999904632568,281300,0.0,0.0
2024-09-06 16:00:00+08:00,6.099999904632568,6.099999904632568,6.079999923706055,6.090000152587891,299500,0.0,0.0
2024-09-09 09:00:00+08:00,6.079999923706055,6.110000133514404,6.059999942779541,6.090000152587891,491900,0.0,0.0
2024-09-09 10:00:00+08:00,6.090000152587891,6.110000133514404,6.079999923706055,6.110000133514404,357000,0.0,0.0
2024-09-09 11:00:00+08:00,6.110000133514404,6.110000133514404,6.090000152587891,6.090000152587891,305900,0.0,0.0
2024-09-09 12:00:00+08:00,6.090000152587891,6.090000152587891,6.090000152587891,6.090000152587891,26500,0.0,0.0
2024-09-09 13:00:00+08:00,6.090000152587891,6.119999885559082,6.090000152587891,6.110000133514404,361100,0.0,0.0
2024-09-09 14:00:00+08:00,6.110000133514404,6.119999885559082,6.099999904632568,6.119999885559082,304900,0.0,0.0
2024-09-09 15:00:00+08:00,6.119999885559082,6.119999885559082,6.099999904632568,6.119999885559082,371300,0.0,0.0
2024-09-09 16:00:00+08:00,6.119999885559082,6.130000114440918,6.090000152587891,6.099999904632568,691700,0.0,0.0
2024-09-10 09:00:00+08:00,6.130000114440918,6.130000114440918,6.110000133514404,6.119999885559082,460600,0.0,0.0
2024-09-10 10:00:00+08:00,6.119999885559082,6.130000114440918,6.110000133514404,6.110000133514404,294300,0.0,0.0
2024-09-10 11:00:00+08:00,6.110000133514404,6.130000114440918,6.099999904632568,6.119999885559082,257600,0.0,0.0
2024-09-10 12:00:00+08:00,6.119999885559082,6.119999885559082,6.119999885559082,6.119999885559082,3200,0.0,0.0
2024-09-10 13:00:00+08:00,6.119999885559082,6.119999885559082,6.110000133514404,6.110000133514404,117200,0.0,0.0
2024-09-10 14:00:00+08:00,6.110000133514404,6.130000114440918,6.099999904632568,6.119999885559082,234500,0.0,0.0
2024-09-10 15:00:00+08:00,6.119999885559082,6.139999866485596,6.119999885559082,6.130000114440918,275400,0.0,0.0
2024-09-10 16:00:00+08:00,6.130000114440918,6.130000114440918,6.110000133514404,6.110000133514404,181600,0.0,0.0
2024-09-11 09:00:00+08:00,6.099999904632568,6.139999866485596,6.079999923706055,6.130000114440918,580200,0.0,0.0
2024-09-11 10:00:00+08:00,6.130000114440918,6.130000114440918,6.099999904632568,6.110000133514404,378600,0.0,0.0
2024-09-11 11:00:00+08:00,6.110000133514404,6.119999885559082,6.090000152587891,6.099999904632568,306300,0.0,0.0
2024-09-11 12:00:00+08:00,6.099999904632568,6.099999904632568,6.099999904632568,6.099999904632568,3800,0.0,0.0
2024-09-11 13:00:00+08:00,6.099999904632568,6.099999904632568,6.090000152587891,6.090000152587891,385100,0.0,0.0
2024-09-11 14:00:00+08:00,6.090000152587891,6.110000133514404,6.079999923706055,6.099999904632568,389300,0.0,0.0
2024-09-11 15:00:00+08:00,6.099999904632568,6.119999885559082,6.099999904632568,6.119999885559082,315100,0.0,0.0
2024-09-11 16:00:00+08:00,6.119999885559082,6.119999885559082,6.099999904632568,6.119999885559082,814400,0.0,0.0
2024-09-12 09:00:00+08:00,6.139999866485596,6.210000038146973,6.139999866485596,6.210000038146973,1160300,0.0,0.0
2024-09-12 10:00:00+08:00,6.210000038146973,6.210000038146973,6.159999847412109,6.179999828338623,546000,0.0,0.0
2024-09-12 11:00:00+08:00,6.179999828338623,6.179999828338623,6.159999847412109,6.179999828338623,261300,0.0,0.0
2024-09-12 12:00:00+08:00,6.190000057220459,6.190000057220459,6.190000057220459,6.190000057220459,13700,0.0,0.0
2024-09-12 13:00:00+08:00,6.179999828338623,6.190000057220459,6.170000076293945,6.179999828338623,326600,0.0,0.0
2024-09-12 14:00:00+08:00,6.179999828338623,6.190000057220459,6.170000076293945,6.190000057220459,441200,0.0,0.0
2024-09-12 15:00:00+08:00,6.190000057220459,6.190000057220459,6.179999828338623,6.179999828338623,341000,0.0,0.0
2024-09-12 16:00:00+08:00,6.190000057220459,6.199999809265137,6.170000076293945,6.179999828338623,522900,0.0,0.0
2024-09-13 09:00:00+08:00,6.21999979019165,6.25,6.21999979019165,6.230000019073486,851200,0.0,0.0
2024-09-13 10:00:00+08:00,6.230000019073486,6.230000019073486,6.190000057220459,6.210000038146973,522800,0.0,0.0
2024-09-13 11:00:00+08:00,6.210000038146973,6.21999979019165,6.199999809265137,6.199999809265137,222200,0.0,0.0
2024-09-13 12:00:00+08:00,6.210000038146973,6.210000038146973,6.210000038146973,6.210000038146973,5100,0.0,0.0
2024-09-13 13:00:00+08:00,6.210000038146973,6.230000019073486,6.199999809265137,6.210000038146973,408900,0.0,0.0
2024-09-13 14:00:00+08:00,6.210000038146973,6.210000038146973,6.190000057220459,6.199999809265137,372400,0.0,0.0
2024-09-13 15:00:00+08:00,6.199999809265137,6.21999979019165,6.199999809265137,6.210000038146973,613400,0.0,0.0
2024-09-13 16:00:00+08:00,6.210000038146973,6.230000019073486,6.210000038146973,6.21999979019165,674400,0.0,0.0
