Datetime,Open,High,Low,Close,Volume,Dividends,Stock Splits
2024-10-09 09:00:00+08:00,28.799999237060547,29.350000381469727,28.799999237060547,29.350000381469727,63000,0.0,0.0
2024-10-09 09:05:00+08:00,29.299999237060547,29.700000762939453,29.200000762939453,29.5,140000,0.0,0.0
2024-10-09 09:10:00+08:00,29.5,30.399999618530273,29.100000381469727,29.350000381469727,496300,0.0,0.0
2024-10-09 09:15:00+08:00,29.350000381469727,29.399999618530273,29.200000762939453,29.350000381469727,79110,0.0,0.0
2024-10-09 09:20:00+08:00,29.350000381469727,29.450000762939453,29.25,29.299999237060547,62000,0.0,0.0
2024-10-09 09:25:00+08:00,29.25,29.299999237060547,29.25,29.25,20280,0.0,0.0
2024-10-09 09:30:00+08:00,29.25,29.25,29.149999618530273,29.25,29030,0.0,0.0
2024-10-09 09:35:00+08:00,29.200000762939453,29.25,29.149999618530273,29.200000762939453,22052,0.0,0.0
2024-10-09 09:40:00+08:00,29.149999618530273,29.200000762939453,29.0,29.049999237060547,32160,0.0,0.0
2024-10-09 09:45:00+08:00,29.049999237060547,29.100000381469727,29.0,29.0,23100,0.0,0.0
2024-10-09 09:50:00+08:00,29.0,29.100000381469727,28.950000762939453,29.0,33100,0.0,0.0
2024-10-09 09:55:00+08:00,29.100000381469727,29.149999618530273,29.049999237060547,29.049999237060547,17000,0.0,0.0
2024-10-09 10:00:00+08:00,29.049999237060547,29.049999237060547,28.899999618530273,28.950000762939453,48248,0.0,0.0
2024-10-09 10:05:00+08:00,28.950000762939453,29.049999237060547,28.950000762939453,28.950000762939453,13000,0.0,0.0
2024-10-09 10:10:00+08:00,28.950000762939453,28.950000762939453,28.850000381469727,28.850000381469727,40300,0.0,0.0
2024-10-09 10:15:00+08:00,28.799999237060547,28.850000381469727,28.700000762939453,28.799999237060547,41000,0.0,0.0
2024-10-09 10:20:00+08:00,28.850000381469727,28.899999618530273,28.850000381469727,28.899999618530273,3050,0.0,0.0
2024-10-09 10:25:00+08:00,28.799999237060547,28.899999618530273,28.799999237060547,28.899999618530273,7000,0.0,0.0
2024-10-09 10:30:00+08:00,28.850000381469727,28.850000381469727,28.799999237060547,28.850000381469727,15220,0.0,0.0
2024-10-09 10:35:00+08:00,28.799999237060547,28.799999237060547,28.75,28.75,43000,0.0,0.0
2024-10-09 10:40:00+08:00,28.75,28.75,28.75,28.75,15030,0.0,0.0
2024-10-09 10:45:00+08:00,28.75,28.899999618530273,28.75,28.899999618530273,11015,0.0,0.0
2024-10-09 10:50:00+08:00,28.899999618530273,29.0,28.850000381469727,28.950000762939453,11000,0.0,0.0
2024-10-09 10:55:00+08:00,29.0,29.0,28.899999618530273,28.899999618530273,4125,0.0,0.0
2024-10-09 11:00:00+08:00,28.850000381469727,28.899999618530273,28.850000381469727,28.899999618530273,7000,0.0,0.0
2024-10-09 11:05:00+08:00,28.850000381469727,28.850000381469727,28.700000762939453,28.700000762939453,25230,0.0,0.0
2024-10-09 11:10:00+08:00,28.75,28.799999237060547,28.75,28.75,7000,0.0,0.0
2024-10-09 11:15:00+08:00,28.700000762939453,28.700000762939453,28.700000762939453,28.700000762939453,26000,0.0,0.0
2024-10-09 11:20:00+08:00,28.649999618530273,28.700000762939453,28.649999618530273,28.700000762939453,6050,0.0,0.0
2024-10-09 11:25:00+08:00,28.700000762939453,28.75,28.700000762939453,28.75,8000,0.0,0.0
2024-10-09 11:35:00+08:00,28.700000762939453,28.700000762939453,28.700000762939453,28.700000762939453,1000,0.0,0.0
2024-10-09 11:40:00+08:00,28.700000762939453,28.700000762939453,28.600000381469727,28.649999618530273,11000,0.0,0.0
2024-10-09 11:45:00+08:00,28.649999618530273,28.649999618530273,28.649999618530273,28.649999618530273,1000,0.0,0.0
2024-10-09 11:50:00+08:00,28.649999618530273,28.649999618530273,28.649999618530273,28.649999618530273,4000,0.0,0.0
2024-10-09 11:55:00+08:00,28.600000381469727,28.600000381469727,28.600000381469727,28.600000381469727,13000,0.0,0.0
2024-10-09 12:00:00+08:00,28.600000381469727,28.600000381469727,28.549999237060547,28.549999237060547,14000,0.0,0.0
2024-10-09 12:05:00+08:00,28.549999237060547,28.549999237060547,28.350000381469727,28.450000762939453,49150,0.0,0.0
2024-10-09 12:10:00+08:00,28.450000762939453,28.600000381469727,28.450000762939453,28.600000381469727,15101,0.0,0.0
2024-10-09 12:15:00+08:00,28.549999237060547,28.600000381469727,28.549999237060547,28.600000381469727,7000,0.0,0.0
2024-10-09 12:20:00+08:00,28.5,28.5,28.5,28.5,4000,0.0,0.0
2024-10-09 12:25:00+08:00,28.450000762939453,28.450000762939453,28.350000381469727,28.350000381469727,27000,0.0,0.0
2024-10-09 12:30:00+08:00,28.299999237060547,28.399999618530273,28.299999237060547,28.399999618530273,23000,0.0,0.0
2024-10-09 12:35:00+08:00,28.399999618530273,28.600000381469727,28.399999618530273,28.549999237060547,10006,0.0,0.0
2024-10-09 12:40:00+08:00,28.549999237060547,28.549999237060547,28.549999237060547,28.549999237060547,1000,0.0,0.0
2024-10-09 12:45:00+08:00,28.450000762939453,28.450000762939453,28.450000762939453,28.450000762939453,3000,0.0,0.0
2024-10-09 12:50:00+08:00,28.450000762939453,28.5,28.350000381469727,28.5,22003,0.0,0.0
2024-10-09 12:55:00+08:00,28.450000762939453,28.450000762939453,28.350000381469727,28.350000381469727,6100,0.0,0.0
2024-10-09 13:00:00+08:00,28.399999618530273,28.399999618530273,28.299999237060547,28.299999237060547,36136,0.0,0.0
2024-10-09 13:05:00+08:00,28.299999237060547,28.299999237060547,28.25,28.25,61050,0.0,0.0
2024-10-09 13:10:00+08:00,28.25,28.299999237060547,28.25,28.299999237060547,15010,0.0,0.0
2024-10-09 13:15:00+08:00,28.299999237060547,28.450000762939453,28.299999237060547,28.450000762939453,44040,0.0,0.0
2024-10-09 13:20:00+08:00,28.450000762939453,28.600000381469727,28.399999618530273,28.549999237060547,45001,0.0,0.0
2024-10-11 09:00:00+08:00,28.25,28.899999618530273,28.25,28.75,0,0.0,0.0
2024-10-11 09:05:00+08:00,28.700000762939453,29.299999237060547,28.700000762939453,29.100000381469727,68344,0.0,0.0
2024-10-11 09:10:00+08:00,29.100000381469727,29.299999237060547,28.799999237060547,28.899999618530273,73028,0.0,0.0
2024-10-11 09:15:00+08:00,28.850000381469727,28.850000381469727,28.5,28.5,17000,0.0,0.0
2024-10-11 09:20:00+08:00,28.5,28.600000381469727,28.5,28.600000381469727,14000,0.0,0.0
2024-10-11 09:25:00+08:00,28.649999618530273,28.950000762939453,28.649999618530273,28.950000762939453,20000,0.0,0.0
2024-10-11 09:30:00+08:00,28.850000381469727,28.850000381469727,28.799999237060547,28.799999237060547,9002,0.0,0.0
2024-10-11 09:35:00+08:00,28.75,28.75,28.600000381469727,28.600000381469727,12000,0.0,0.0
2024-10-11 09:40:00+08:00,28.600000381469727,28.600000381469727,28.600000381469727,28.600000381469727,3030,0.0,0.0
2024-10-11 09:45:00+08:00,28.600000381469727,28.75,28.549999237060547,28.75,14115,0.0,0.0
2024-10-11 09:50:00+08:00,28.75,28.899999618530273,28.649999618530273,28.899999618530273,8332,0.0,0.0
2024-10-11 09:55:00+08:00,28.700000762939453,28.700000762939453,28.649999618530273,28.649999618530273,5148,0.0,0.0
2024-10-11 10:00:00+08:00,28.600000381469727,28.600000381469727,28.600000381469727,28.600000381469727,1021,0.0,0.0
2024-10-11 10:10:00+08:00,28.600000381469727,28.600000381469727,28.600000381469727,28.600000381469727,1038,0.0,0.0
2024-10-11 10:15:00+08:00,28.600000381469727,28.649999618530273,28.600000381469727,28.649999618530273,8063,0.0,0.0
2024-10-11 10:20:00+08:00,28.700000762939453,28.850000381469727,28.700000762939453,28.799999237060547,4030,0.0,0.0
2024-10-11 10:25:00+08:00,28.649999618530273,28.799999237060547,28.649999618530273,28.799999237060547,4076,0.0,0.0
2024-10-11 10:30:00+08:00,28.799999237060547,28.799999237060547,28.799999237060547,28.799999237060547,3000,0.0,0.0
2024-10-11 10:35:00+08:00,28.75,28.799999237060547,28.75,28.799999237060547,3000,0.0,0.0
2024-10-11 10:40:00+08:00,28.799999237060547,28.950000762939453,28.799999237060547,28.950000762939453,11000,0.0,0.0
2024-10-11 10:45:00+08:00,28.950000762939453,29.0,28.899999618530273,28.899999618530273,5000,0.0,0.0
2024-10-11 10:50:00+08:00,28.950000762939453,28.950000762939453,28.75,28.75,11305,0.0,0.0
2024-10-11 10:55:00+08:00,28.75,28.75,28.75,28.75,1044,0.0,0.0
2024-10-11 11:00:00+08:00,28.75,28.75,28.700000762939453,28.700000762939453,4000,0.0,0.0
2024-10-11 11:15:00+08:00,28.649999618530273,28.649999618530273,28.600000381469727,28.600000381469727,9106,0.0,0.0
2024-10-11 11:25:00+08:00,28.549999237060547,28.549999237060547,28.549999237060547,28.549999237060547,9037,0.0,0.0
2024-10-11 11:35:00+08:00,28.600000381469727,28.600000381469727,28.549999237060547,28.549999237060547,4179,0.0,0.0
2024-10-11 11:40:00+08:00,28.5,28.549999237060547,28.5,28.549999237060547,19000,0.0,0.0
2024-10-11 11:45:00+08:00,28.5,28.5,28.5,28.5,7100,0.0,0.0
2024-10-11 11:50:00+08:00,28.5,28.5,28.5,28.5,2000,0.0,0.0
2024-10-11 11:55:00+08:00,28.450000762939453,28.450000762939453,28.450000762939453,28.450000762939453,1000,0.0,0.0
2024-10-11 12:00:00+08:00,28.450000762939453,28.450000762939453,28.450000762939453,28.450000762939453,2000,0.0,0.0
2024-10-11 12:05:00+08:00,28.450000762939453,28.450000762939453,28.350000381469727,28.350000381469727,37000,0.0,0.0
2024-10-11 12:20:00+08:00,28.399999618530273,28.399999618530273,28.350000381469727,28.350000381469727,29002,0.0,0.0
2024-10-11 12:25:00+08:00,28.350000381469727,28.350000381469727,28.350000381469727,28.350000381469727,2999,0.0,0.0
2024-10-11 12:30:00+08:00,28.350000381469727,28.350000381469727,28.350000381469727,28.350000381469727,8000,0.0,0.0
2024-10-11 12:35:00+08:00,28.5,28.5,28.5,28.5,2003,0.0,0.0
2024-10-11 12:45:00+08:00,28.350000381469727,28.350000381469727,28.350000381469727,28.350000381469727,1000,0.0,0.0
2024-10-11 12:50:00+08:00,28.350000381469727,28.350000381469727,28.299999237060547,28.350000381469727,19000,0.0,0.0
2024-10-11 12:55:00+08:00,28.299999237060547,28.299999237060547,28.299999237060547,28.299999237060547,5000,0.0,0.0
2024-10-11 13:00:00+08:00,28.299999237060547,28.350000381469727,28.299999237060547,28.350000381469727,2000,0.0,0.0
2024-10-11 13:05:00+08:00,28.350000381469727,28.350000381469727,28.350000381469727,28.350000381469727,14000,0.0,0.0
2024-10-11 13:10:00+08:00,28.350000381469727,28.350000381469727,28.299999237060547,28.299999237060547,6000,0.0,0.0
2024-10-11 13:15:00+08:00,28.350000381469727,28.399999618530273,28.299999237060547,28.399999618530273,25100,0.0,0.0
2024-10-11 13:20:00+08:00,28.399999618530273,28.450000762939453,28.200000762939453,28.299999237060547,28001,0.0,0.0
2024-10-14 09:00:00+08:00,28.899999618530273,28.899999618530273,28.549999237060547,28.649999618530273,0,0.0,0.0
2024-10-14 09:05:00+08:00,28.600000381469727,28.600000381469727,28.399999618530273,28.399999618530273,15002,0.0,0.0
2024-10-14 09:10:00+08:00,28.549999237060547,28.549999237060547,28.350000381469727,28.549999237060547,23015,0.0,0.0
2024-10-14 09:15:00+08:00,28.549999237060547,28.600000381469727,28.549999237060547,28.600000381469727,12000,0.0,0.0
2024-10-14 09:20:00+08:00,28.600000381469727,28.649999618530273,28.600000381469727,28.649999618530273,3000,0.0,0.0
2024-10-14 09:25:00+08:00,28.600000381469727,28.649999618530273,28.549999237060547,28.600000381469727,9000,0.0,0.0
2024-10-14 09:30:00+08:00,28.600000381469727,28.600000381469727,28.5,28.600000381469727,11000,0.0,0.0
2024-10-14 09:35:00+08:00,28.549999237060547,28.600000381469727,28.549999237060547,28.600000381469727,3078,0.0,0.0
2024-10-14 09:40:00+08:00,28.600000381469727,28.600000381469727,28.450000762939453,28.600000381469727,8000,0.0,0.0
2024-10-14 09:45:00+08:00,28.649999618530273,28.899999618530273,28.649999618530273,28.850000381469727,33120,0.0,0.0
2024-10-14 09:50:00+08:00,28.850000381469727,29.200000762939453,28.799999237060547,29.149999618530273,80310,0.0,0.0
2024-10-14 09:55:00+08:00,29.149999618530273,29.149999618530273,28.899999618530273,28.899999618530273,47000,0.0,0.0
2024-10-14 10:00:00+08:00,28.950000762939453,29.0,28.950000762939453,29.0,7000,0.0,0.0
2024-10-14 10:05:00+08:00,29.0,29.049999237060547,28.899999618530273,29.049999237060547,8000,0.0,0.0
2024-10-14 10:10:00+08:00,29.049999237060547,29.200000762939453,29.049999237060547,29.149999618530273,29152,0.0,0.0
2024-10-14 10:15:00+08:00,29.149999618530273,29.149999618530273,29.149999618530273,29.149999618530273,12000,0.0,0.0
2024-10-14 10:20:00+08:00,29.149999618530273,29.149999618530273,29.0,29.149999618530273,5050,0.0,0.0
2024-10-14 10:25:00+08:00,29.100000381469727,29.149999618530273,29.0,29.100000381469727,9000,0.0,0.0
2024-10-14 10:30:00+08:00,29.100000381469727,29.149999618530273,29.0,29.149999618530273,18000,0.0,0.0
2024-10-14 10:35:00+08:00,29.149999618530273,29.25,29.100000381469727,29.25,39001,0.0,0.0
2024-10-14 10:40:00+08:00,29.25,29.299999237060547,29.25,29.25,14229,0.0,0.0
2024-10-14 10:45:00+08:00,29.25,29.25,29.200000762939453,29.25,15000,0.0,0.0
2024-10-14 10:50:00+08:00,29.25,29.25,29.200000762939453,29.200000762939453,9000,0.0,0.0
2024-10-14 10:55:00+08:00,29.25,29.299999237060547,29.25,29.299999237060547,5000,0.0,0.0
2024-10-14 11:00:00+08:00,29.299999237060547,29.299999237060547,29.200000762939453,29.200000762939453,11000,0.0,0.0
2024-10-14 11:05:00+08:00,29.200000762939453,29.5,29.200000762939453,29.5,79053,0.0,0.0
2024-10-14 11:10:00+08:00,29.450000762939453,29.450000762939453,29.399999618530273,29.399999618530273,9000,0.0,0.0
2024-10-14 11:15:00+08:00,29.399999618530273,29.549999237060547,29.399999618530273,29.549999237060547,55863,0.0,0.0
2024-10-14 11:20:00+08:00,29.600000381469727,29.600000381469727,29.5,29.5,17186,0.0,0.0
2024-10-14 11:25:00+08:00,29.450000762939453,29.450000762939453,29.350000381469727,29.350000381469727,16000,0.0,0.0
2024-10-14 11:30:00+08:00,29.399999618530273,29.399999618530273,29.399999618530273,29.399999618530273,3000,0.0,0.0
2024-10-14 11:35:00+08:00,29.299999237060547,29.299999237060547,29.149999618530273,29.149999618530273,11000,0.0,0.0
2024-10-14 11:40:00+08:00,29.149999618530273,29.200000762939453,29.149999618530273,29.200000762939453,6010,0.0,0.0
2024-10-14 11:45:00+08:00,29.100000381469727,29.299999237060547,29.100000381469727,29.299999237060547,5001,0.0,0.0
2024-10-14 11:50:00+08:00,29.299999237060547,29.299999237060547,29.299999237060547,29.299999237060547,3000,0.0,0.0
2024-10-14 11:55:00+08:00,29.299999237060547,29.299999237060547,29.200000762939453,29.200000762939453,5000,0.0,0.0
2024-10-14 12:00:00+08:00,29.200000762939453,29.200000762939453,29.149999618530273,29.200000762939453,8290,0.0,0.0
2024-10-14 12:05:00+08:00,29.200000762939453,29.200000762939453,29.100000381469727,29.200000762939453,5076,0.0,0.0
2024-10-14 12:10:00+08:00,29.149999618530273,29.200000762939453,29.100000381469727,29.200000762939453,8000,0.0,0.0
2024-10-14 12:15:00+08:00,29.200000762939453,29.200000762939453,29.149999618530273,29.149999618530273,14000,0.0,0.0
2024-10-14 12:20:00+08:00,29.200000762939453,29.200000762939453,29.100000381469727,29.100000381469727,5000,0.0,0.0
2024-10-14 12:25:00+08:00,29.149999618530273,29.200000762939453,29.100000381469727,29.200000762939453,9110,0.0,0.0
2024-10-14 12:30:00+08:00,29.200000762939453,29.200000762939453,29.100000381469727,29.100000381469727,6020,0.0,0.0
2024-10-14 12:35:00+08:00,29.25,29.25,29.25,29.25,3000,0.0,0.0
2024-10-14 12:40:00+08:00,29.25,29.25,29.25,29.25,3049,0.0,0.0
2024-10-14 12:50:00+08:00,29.200000762939453,29.200000762939453,29.149999618530273,29.149999618530273,2005,0.0,0.0
2024-10-14 12:55:00+08:00,29.149999618530273,29.149999618530273,29.049999237060547,29.049999237060547,13002,0.0,0.0
2024-10-14 13:00:00+08:00,29.100000381469727,29.25,29.100000381469727,29.200000762939453,9000,0.0,0.0
2024-10-14 13:05:00+08:00,29.200000762939453,29.25,29.149999618530273,29.25,18150,0.0,0.0
2024-10-14 13:10:00+08:00,29.200000762939453,29.200000762939453,29.100000381469727,29.100000381469727,11000,0.0,0.0
2024-10-14 13:15:00+08:00,29.149999618530273,29.200000762939453,29.049999237060547,29.200000762939453,16000,0.0,0.0
2024-10-14 13:20:00+08:00,29.149999618530273,29.25,29.149999618530273,29.200000762939453,18248,0.0,0.0
2024-10-15 09:00:00+08:00,29.149999618530273,29.799999237060547,29.149999618530273,29.649999618530273,70000,0.0,0.0
2024-10-15 09:05:00+08:00,29.600000381469727,29.600000381469727,29.350000381469727,29.5,39004,0.0,0.0
2024-10-15 09:10:00+08:00,29.450000762939453,29.75,29.399999618530273,29.600000381469727,142000,0.0,0.0
2024-10-15 09:15:00+08:00,29.600000381469727,29.600000381469727,29.5,29.5,8000,0.0,0.0
2024-10-15 09:20:00+08:00,29.450000762939453,29.5,29.399999618530273,29.5,29000,0.0,0.0
2024-10-15 09:25:00+08:00,29.5,29.600000381469727,29.450000762939453,29.600000381469727,13000,0.0,0.0
2024-10-15 09:30:00+08:00,29.600000381469727,29.600000381469727,29.450000762939453,29.450000762939453,16000,0.0,0.0
2024-10-15 09:35:00+08:00,29.450000762939453,29.600000381469727,29.450000762939453,29.549999237060547,30002,0.0,0.0
2024-10-15 09:40:00+08:00,29.600000381469727,29.700000762939453,29.600000381469727,29.700000762939453,38101,0.0,0.0
2024-10-15 09:45:00+08:00,29.700000762939453,29.899999618530273,29.700000762939453,29.75,89414,0.0,0.0
2024-10-15 09:50:00+08:00,29.75,29.799999237060547,29.649999618530273,29.700000762939453,25000,0.0,0.0
2024-10-15 09:55:00+08:00,29.700000762939453,29.75,29.649999618530273,29.75,13100,0.0,0.0
2024-10-15 10:00:00+08:00,29.75,29.799999237060547,29.75,29.799999237060547,14100,0.0,0.0
2024-10-15 10:05:00+08:00,29.75,29.799999237060547,29.700000762939453,29.799999237060547,13000,0.0,0.0
2024-10-15 10:10:00+08:00,29.75,29.75,29.649999618530273,29.649999618530273,6000,0.0,0.0
2024-10-15 10:15:00+08:00,29.700000762939453,29.75,29.600000381469727,29.600000381469727,50000,0.0,0.0
2024-10-15 10:20:00+08:00,29.75,29.75,29.600000381469727,29.75,14005,0.0,0.0
2024-10-15 10:25:00+08:00,29.75,29.75,29.600000381469727,29.700000762939453,9005,0.0,0.0
2024-10-15 10:30:00+08:00,29.649999618530273,29.700000762939453,29.649999618530273,29.700000762939453,6022,0.0,0.0
2024-10-15 10:35:00+08:00,29.700000762939453,29.700000762939453,29.700000762939453,29.700000762939453,4000,0.0,0.0
2024-10-15 10:40:00+08:00,29.600000381469727,29.649999618530273,29.549999237060547,29.649999618530273,6000,0.0,0.0
2024-10-15 10:45:00+08:00,29.649999618530273,29.649999618530273,29.600000381469727,29.600000381469727,5100,0.0,0.0
2024-10-15 10:50:00+08:00,29.600000381469727,29.600000381469727,29.399999618530273,29.399999618530273,22027,0.0,0.0
2024-10-15 10:55:00+08:00,29.5,29.5,29.450000762939453,29.5,5000,0.0,0.0
2024-10-15 11:00:00+08:00,29.5,29.549999237060547,29.5,29.5,7040,0.0,0.0
2024-10-15 11:05:00+08:00,29.600000381469727,29.600000381469727,29.549999237060547,29.549999237060547,4000,0.0,0.0
2024-10-15 11:10:00+08:00,29.600000381469727,29.600000381469727,29.549999237060547,29.600000381469727,4000,0.0,0.0
2024-10-15 11:15:00+08:00,29.5,29.600000381469727,29.5,29.600000381469727,10000,0.0,0.0
2024-10-15 11:20:00+08:00,29.600000381469727,29.600000381469727,29.600000381469727,29.600000381469727,3000,0.0,0.0
2024-10-15 11:25:00+08:00,29.600000381469727,29.600000381469727,29.600000381469727,29.600000381469727,4000,0.0,0.0
2024-10-15 11:30:00+08:00,29.549999237060547,29.549999237060547,29.549999237060547,29.549999237060547,6101,0.0,0.0
2024-10-15 11:35:00+08:00,29.549999237060547,29.549999237060547,29.450000762939453,29.450000762939453,5000,0.0,0.0
2024-10-15 11:40:00+08:00,29.350000381469727,29.5,29.25,29.5,30030,0.0,0.0
2024-10-15 11:45:00+08:00,29.5,29.5,29.450000762939453,29.450000762939453,3000,0.0,0.0
2024-10-15 11:50:00+08:00,29.450000762939453,29.450000762939453,29.399999618530273,29.399999618530273,7110,0.0,0.0
2024-10-15 11:55:00+08:00,29.299999237060547,29.450000762939453,29.25,29.399999618530273,9002,0.0,0.0
2024-10-15 12:00:00+08:00,29.399999618530273,29.399999618530273,29.399999618530273,29.399999618530273,4000,0.0,0.0
2024-10-15 12:05:00+08:00,29.399999618530273,29.399999618530273,29.399999618530273,29.399999618530273,4000,0.0,0.0
2024-10-15 12:10:00+08:00,29.299999237060547,29.450000762939453,29.25,29.450000762939453,18218,0.0,0.0
2024-10-15 12:15:00+08:00,29.399999618530273,29.399999618530273,29.25,29.25,7000,0.0,0.0
2024-10-15 12:20:00+08:00,29.399999618530273,29.399999618530273,29.399999618530273,29.399999618530273,4000,0.0,0.0
2024-10-15 12:25:00+08:00,29.399999618530273,29.399999618530273,29.350000381469727,29.350000381469727,6000,0.0,0.0
2024-10-15 12:30:00+08:00,29.399999618530273,29.399999618530273,29.350000381469727,29.350000381469727,9010,0.0,0.0
2024-10-15 12:35:00+08:00,29.299999237060547,29.299999237060547,29.200000762939453,29.299999237060547,6000,0.0,0.0
2024-10-15 12:40:00+08:00,29.299999237060547,29.299999237060547,29.299999237060547,29.299999237060547,11000,0.0,0.0
2024-10-15 12:45:00+08:00,29.25,29.299999237060547,29.25,29.25,6000,0.0,0.0
2024-10-15 12:50:00+08:00,29.25,29.299999237060547,29.25,29.299999237060547,12000,0.0,0.0
2024-10-15 12:55:00+08:00,29.299999237060547,29.350000381469727,29.25,29.299999237060547,14000,0.0,0.0
2024-10-15 13:00:00+08:00,29.25,29.25,29.049999237060547,29.049999237060547,25000,0.0,0.0
2024-10-15 13:05:00+08:00,29.049999237060547,29.100000381469727,29.049999237060547,29.049999237060547,14396,0.0,0.0
2024-10-15 13:10:00+08:00,29.0,29.0,28.899999618530273,28.950000762939453,36406,0.0,0.0
2024-10-15 13:15:00+08:00,28.950000762939453,28.950000762939453,28.950000762939453,28.950000762939453,32000,0.0,0.0
2024-10-15 13:20:00+08:00,28.950000762939453,29.149999618530273,28.899999618530273,29.0,25148,0.0,0.0
2024-10-16 09:00:00+08:00,28.75,29.100000381469727,28.75,29.0,0,0.0,0.0
2024-10-16 09:05:00+08:00,28.950000762939453,29.049999237060547,28.950000762939453,29.049999237060547,13050,0.0,0.0
2024-10-16 09:10:00+08:00,28.950000762939453,29.5,28.850000381469727,29.5,33080,0.0,0.0
2024-10-16 09:15:00+08:00,29.350000381469727,29.350000381469727,29.299999237060547,29.299999237060547,17000,0.0,0.0
2024-10-16 09:20:00+08:00,29.299999237060547,29.600000381469727,29.299999237060547,29.600000381469727,26000,0.0,0.0
2024-10-16 09:25:00+08:00,29.600000381469727,29.649999618530273,29.450000762939453,29.450000762939453,21110,0.0,0.0
2024-10-16 09:30:00+08:00,29.450000762939453,29.700000762939453,29.450000762939453,29.649999618530273,64140,0.0,0.0
2024-10-16 09:35:00+08:00,29.649999618530273,29.649999618530273,29.350000381469727,29.350000381469727,15000,0.0,0.0
2024-10-16 09:40:00+08:00,29.350000381469727,29.399999618530273,29.350000381469727,29.399999618530273,6000,0.0,0.0
2024-10-16 09:45:00+08:00,29.350000381469727,29.350000381469727,29.299999237060547,29.299999237060547,2000,0.0,0.0
2024-10-16 09:50:00+08:00,29.450000762939453,29.549999237060547,29.450000762939453,29.5,58004,0.0,0.0
2024-10-16 09:55:00+08:00,29.450000762939453,29.450000762939453,29.399999618530273,29.399999618530273,5000,0.0,0.0
2024-10-16 10:00:00+08:00,29.350000381469727,29.399999618530273,29.25,29.299999237060547,11011,0.0,0.0
2024-10-16 10:05:00+08:00,29.25,29.25,29.200000762939453,29.200000762939453,12000,0.0,0.0
2024-10-16 10:10:00+08:00,29.200000762939453,29.200000762939453,29.200000762939453,29.200000762939453,1000,0.0,0.0
2024-10-16 10:15:00+08:00,29.100000381469727,29.299999237060547,29.100000381469727,29.299999237060547,6000,0.0,0.0
2024-10-16 10:20:00+08:00,29.299999237060547,29.350000381469727,29.25,29.299999237060547,6005,0.0,0.0
2024-10-16 10:30:00+08:00,29.25,29.5,29.25,29.5,9000,0.0,0.0
2024-10-16 10:35:00+08:00,29.399999618530273,29.5,29.350000381469727,29.5,6000,0.0,0.0
2024-10-16 10:40:00+08:00,29.450000762939453,29.450000762939453,29.450000762939453,29.450000762939453,2000,0.0,0.0
2024-10-16 10:45:00+08:00,29.350000381469727,29.350000381469727,29.350000381469727,29.350000381469727,2000,0.0,0.0
2024-10-16 10:50:00+08:00,29.350000381469727,29.5,29.350000381469727,29.5,5000,0.0,0.0
2024-10-16 10:55:00+08:00,29.399999618530273,29.450000762939453,29.25,29.25,8000,0.0,0.0
2024-10-16 11:00:00+08:00,29.25,29.399999618530273,29.25,29.399999618530273,6000,0.0,0.0
2024-10-16 11:10:00+08:00,29.299999237060547,29.450000762939453,29.299999237060547,29.450000762939453,8000,0.0,0.0
2024-10-16 11:20:00+08:00,29.350000381469727,29.399999618530273,29.350000381469727,29.399999618530273,4000,0.0,0.0
2024-10-16 11:30:00+08:00,29.25,29.25,29.200000762939453,29.200000762939453,4000,0.0,0.0
2024-10-16 11:35:00+08:00,29.25,29.25,29.25,29.25,1052,0.0,0.0
2024-10-16 11:40:00+08:00,29.200000762939453,29.299999237060547,29.200000762939453,29.299999237060547,11000,0.0,0.0
2024-10-16 11:45:00+08:00,29.350000381469727,29.399999618530273,29.350000381469727,29.399999618530273,3000,0.0,0.0
2024-10-16 11:50:00+08:00,29.350000381469727,29.350000381469727,29.200000762939453,29.200000762939453,13000,0.0,0.0
2024-10-16 11:55:00+08:00,29.200000762939453,29.200000762939453,29.200000762939453,29.200000762939453,2000,0.0,0.0
2024-10-16 12:00:00+08:00,29.200000762939453,29.200000762939453,29.149999618530273,29.149999618530273,7050,0.0,0.0
2024-10-16 12:05:00+08:00,29.149999618530273,29.149999618530273,29.149999618530273,29.149999618530273,4000,0.0,0.0
2024-10-16 12:10:00+08:00,29.200000762939453,29.200000762939453,29.200000762939453,29.200000762939453,1000,0.0,0.0
2024-10-16 12:15:00+08:00,29.149999618530273,29.149999618530273,29.149999618530273,29.149999618530273,5000,0.0,0.0
2024-10-16 12:20:00+08:00,29.100000381469727,29.100000381469727,29.0,29.0,66698,0.0,0.0
2024-10-16 12:25:00+08:00,29.0,29.149999618530273,29.0,29.149999618530273,4000,0.0,0.0
2024-10-16 12:30:00+08:00,29.149999618530273,29.149999618530273,28.950000762939453,28.950000762939453,9000,0.0,0.0
2024-10-16 12:35:00+08:00,28.950000762939453,29.049999237060547,28.950000762939453,29.049999237060547,17000,0.0,0.0
2024-10-16 12:40:00+08:00,29.049999237060547,29.200000762939453,29.049999237060547,29.200000762939453,8100,0.0,0.0
2024-10-16 12:45:00+08:00,29.200000762939453,29.299999237060547,29.200000762939453,29.299999237060547,2020,0.0,0.0
2024-10-16 12:50:00+08:00,29.149999618530273,29.299999237060547,29.149999618530273,29.299999237060547,20000,0.0,0.0
2024-10-16 12:55:00+08:00,29.149999618530273,29.149999618530273,29.0,29.0,9000,0.0,0.0
2024-10-16 13:00:00+08:00,29.0,29.0,28.950000762939453,28.950000762939453,12137,0.0,0.0
2024-10-16 13:05:00+08:00,29.100000381469727,29.100000381469727,28.950000762939453,28.950000762939453,11000,0.0,0.0
2024-10-16 13:10:00+08:00,29.0,29.149999618530273,28.950000762939453,29.0,13000,0.0,0.0
2024-10-16 13:15:00+08:00,28.950000762939453,29.0,28.850000381469727,29.0,29309,0.0,0.0
2024-10-16 13:20:00+08:00,28.950000762939453,29.0,28.799999237060547,28.799999237060547,84000,0.0,0.0
2024-10-17 09:00:00+08:00,28.850000381469727,28.950000762939453,28.850000381469727,28.899999618530273,0,0.0,0.0
2024-10-17 09:05:00+08:00,28.950000762939453,28.950000762939453,28.899999618530273,28.899999618530273,5050,0.0,0.0
2024-10-17 09:10:00+08:00,29.0,29.049999237060547,29.0,29.049999237060547,2000,0.0,0.0
2024-10-17 09:20:00+08:00,29.049999237060547,29.149999618530273,29.049999237060547,29.149999618530273,14000,0.0,0.0
2024-10-17 09:25:00+08:00,29.149999618530273,29.149999618530273,29.049999237060547,29.049999237060547,10000,0.0,0.0
2024-10-17 09:30:00+08:00,29.0,29.0,28.950000762939453,28.950000762939453,7000,0.0,0.0
2024-10-17 09:35:00+08:00,28.950000762939453,28.950000762939453,28.899999618530273,28.950000762939453,8185,0.0,0.0
2024-10-17 09:40:00+08:00,29.0,29.0,28.649999618530273,28.649999618530273,46031,0.0,0.0
2024-10-17 09:45:00+08:00,28.899999618530273,28.899999618530273,28.899999618530273,28.899999618530273,2000,0.0,0.0
2024-10-17 09:50:00+08:00,28.899999618530273,28.950000762939453,28.899999618530273,28.899999618530273,6000,0.0,0.0
2024-10-17 09:55:00+08:00,28.899999618530273,28.899999618530273,28.899999618530273,28.899999618530273,1000,0.0,0.0
2024-10-17 10:00:00+08:00,28.899999618530273,28.899999618530273,28.899999618530273,28.899999618530273,4050,0.0,0.0
2024-10-17 10:10:00+08:00,28.75,28.75,28.75,28.75,2100,0.0,0.0
2024-10-17 10:15:00+08:00,28.75,28.75,28.75,28.75,3000,0.0,0.0
2024-10-17 10:20:00+08:00,28.850000381469727,28.950000762939453,28.850000381469727,28.950000762939453,6000,0.0,0.0
2024-10-17 10:25:00+08:00,29.0,29.0,28.899999618530273,28.899999618530273,9000,0.0,0.0
2024-10-17 10:30:00+08:00,28.950000762939453,29.0,28.950000762939453,29.0,5000,0.0,0.0
2024-10-17 10:35:00+08:00,29.0,29.0,29.0,29.0,5000,0.0,0.0
2024-10-17 10:40:00+08:00,28.899999618530273,28.899999618530273,28.75,28.75,5000,0.0,0.0
2024-10-17 10:50:00+08:00,28.950000762939453,29.0,28.950000762939453,29.0,3015,0.0,0.0
2024-10-17 10:55:00+08:00,28.899999618530273,28.899999618530273,28.899999618530273,28.899999618530273,1000,0.0,0.0
2024-10-17 11:15:00+08:00,28.799999237060547,28.799999237060547,28.799999237060547,28.799999237060547,9000,0.0,0.0
2024-10-17 11:20:00+08:00,28.799999237060547,28.799999237060547,28.799999237060547,28.799999237060547,2000,0.0,0.0
2024-10-17 11:35:00+08:00,28.75,28.75,28.700000762939453,28.700000762939453,11206,0.0,0.0
2024-10-17 11:40:00+08:00,28.75,28.75,28.75,28.75,4000,0.0,0.0
2024-10-17 11:45:00+08:00,28.75,28.75,28.75,28.75,14003,0.0,0.0
2024-10-17 11:50:00+08:00,28.75,28.75,28.75,28.75,3010,0.0,0.0
2024-10-17 11:55:00+08:00,28.799999237060547,28.799999237060547,28.799999237060547,28.799999237060547,1000,0.0,0.0
2024-10-17 12:00:00+08:00,28.75,28.75,28.700000762939453,28.700000762939453,14000,0.0,0.0
2024-10-17 12:05:00+08:00,28.700000762939453,28.700000762939453,28.700000762939453,28.700000762939453,25000,0.0,0.0
2024-10-17 12:10:00+08:00,28.75,28.75,28.75,28.75,2000,0.0,0.0
2024-10-17 12:15:00+08:00,28.799999237060547,28.799999237060547,28.799999237060547,28.799999237060547,3082,0.0,0.0
2024-10-17 12:40:00+08:00,28.75,28.75,28.700000762939453,28.700000762939453,11000,0.0,0.0
2024-10-17 12:45:00+08:00,28.700000762939453,28.700000762939453,28.700000762939453,28.700000762939453,2138,0.0,0.0
2024-10-17 12:50:00+08:00,28.700000762939453,28.700000762939453,28.549999237060547,28.600000381469727,28010,0.0,0.0
2024-10-17 12:55:00+08:00,28.600000381469727,28.600000381469727,28.5,28.600000381469727,19006,0.0,0.0
2024-10-17 13:00:00+08:00,28.549999237060547,28.549999237060547,28.5,28.5,48210,0.0,0.0
2024-10-17 13:05:00+08:00,28.450000762939453,28.5,28.399999618530273,28.399999618530273,11458,0.0,0.0
2024-10-17 13:10:00+08:00,28.399999618530273,28.450000762939453,28.399999618530273,28.450000762939453,18001,0.0,0.0
2024-10-17 13:15:00+08:00,28.450000762939453,28.450000762939453,28.399999618530273,28.399999618530273,54081,0.0,0.0
2024-10-17 13:20:00+08:00,28.350000381469727,28.350000381469727,28.299999237060547,28.350000381469727,12000,0.0,0.0
2024-10-18 09:00:00+08:00,28.649999618530273,28.75,28.600000381469727,28.700000762939453,0,0.0,0.0
2024-10-18 09:05:00+08:00,28.75,28.799999237060547,28.600000381469727,28.600000381469727,15001,0.0,0.0
2024-10-18 09:10:00+08:00,28.549999237060547,28.549999237060547,28.549999237060547,28.549999237060547,6000,0.0,0.0
2024-10-18 09:15:00+08:00,28.5,28.5,28.299999237060547,28.299999237060547,70000,0.0,0.0
2024-10-18 09:20:00+08:00,28.299999237060547,28.350000381469727,28.299999237060547,28.350000381469727,2049,0.0,0.0
2024-10-18 09:25:00+08:00,28.350000381469727,28.350000381469727,28.350000381469727,28.350000381469727,6000,0.0,0.0
2024-10-18 09:30:00+08:00,28.350000381469727,28.350000381469727,28.350000381469727,28.350000381469727,2000,0.0,0.0
2024-10-18 09:35:00+08:00,28.350000381469727,28.350000381469727,28.299999237060547,28.299999237060547,14000,0.0,0.0
2024-10-18 09:40:00+08:00,28.299999237060547,28.350000381469727,28.299999237060547,28.350000381469727,19088,0.0,0.0
2024-10-18 09:45:00+08:00,28.350000381469727,28.350000381469727,28.25,28.25,19000,0.0,0.0
2024-10-18 09:50:00+08:00,28.25,28.25,28.200000762939453,28.25,23163,0.0,0.0
2024-10-18 09:55:00+08:00,28.299999237060547,28.299999237060547,28.299999237060547,28.299999237060547,0,0.0,0.0
2024-10-18 10:00:00+08:00,28.25,28.299999237060547,28.25,28.299999237060547,236320,0.0,0.0
2024-10-18 10:05:00+08:00,28.25,28.299999237060547,28.25,28.25,6000,0.0,0.0
2024-10-18 10:10:00+08:00,28.25,28.299999237060547,28.25,28.299999237060547,4039,0.0,0.0
2024-10-18 10:15:00+08:00,28.200000762939453,28.200000762939453,28.200000762939453,28.200000762939453,15000,0.0,0.0
2024-10-18 10:20:00+08:00,28.200000762939453,28.200000762939453,28.149999618530273,28.149999618530273,2000,0.0,0.0
2024-10-18 10:25:00+08:00,28.149999618530273,28.149999618530273,28.149999618530273,28.149999618530273,2357,0.0,0.0
2024-10-18 10:30:00+08:00,28.149999618530273,28.149999618530273,28.149999618530273,28.149999618530273,1549,0.0,0.0
2024-10-18 10:35:00+08:00,28.149999618530273,28.149999618530273,28.149999618530273,28.149999618530273,22050,0.0,0.0
2024-10-18 10:40:00+08:00,28.149999618530273,28.200000762939453,28.149999618530273,28.200000762939453,42005,0.0,0.0
2024-10-18 10:45:00+08:00,28.200000762939453,28.200000762939453,28.200000762939453,28.200000762939453,1000,0.0,0.0
2024-10-18 10:50:00+08:00,28.200000762939453,28.200000762939453,28.200000762939453,28.200000762939453,7020,0.0,0.0
2024-10-18 10:55:00+08:00,28.149999618530273,28.149999618530273,28.149999618530273,28.149999618530273,2000,0.0,0.0
2024-10-18 11:00:00+08:00,28.149999618530273,28.149999618530273,28.149999618530273,28.149999618530273,16000,0.0,0.0
2024-10-18 11:05:00+08:00,28.100000381469727,28.100000381469727,28.0,28.049999237060547,51000,0.0,0.0
2024-10-18 11:10:00+08:00,28.049999237060547,28.049999237060547,28.0,28.0,25000,0.0,0.0
2024-10-18 11:15:00+08:00,28.0,28.0,27.850000381469727,27.899999618530273,18099,0.0,0.0
2024-10-18 11:20:00+08:00,27.950000762939453,27.950000762939453,27.950000762939453,27.950000762939453,3000,0.0,0.0
2024-10-18 11:25:00+08:00,27.899999618530273,27.899999618530273,27.850000381469727,27.850000381469727,15000,0.0,0.0
2024-10-18 11:30:00+08:00,27.850000381469727,27.850000381469727,27.649999618530273,27.649999618530273,59478,0.0,0.0
2024-10-18 11:35:00+08:00,27.649999618530273,27.649999618530273,27.5,27.5,38100,0.0,0.0
2024-10-18 11:40:00+08:00,27.5,27.600000381469727,27.5,27.600000381469727,18000,0.0,0.0
2024-10-18 11:45:00+08:00,27.600000381469727,27.600000381469727,27.600000381469727,27.600000381469727,2140,0.0,0.0
2024-10-18 11:55:00+08:00,27.549999237060547,27.549999237060547,27.5,27.549999237060547,16020,0.0,0.0
2024-10-18 12:00:00+08:00,27.549999237060547,27.600000381469727,27.5,27.600000381469727,8000,0.0,0.0
2024-10-18 12:05:00+08:00,27.600000381469727,27.600000381469727,27.549999237060547,27.549999237060547,3000,0.0,0.0
2024-10-18 12:10:00+08:00,27.549999237060547,27.549999237060547,27.5,27.5,5000,0.0,0.0
2024-10-18 12:15:00+08:00,27.549999237060547,27.549999237060547,27.549999237060547,27.549999237060547,1000,0.0,0.0
2024-10-18 12:20:00+08:00,27.549999237060547,27.600000381469727,27.5,27.600000381469727,11000,0.0,0.0
2024-10-18 12:30:00+08:00,27.649999618530273,27.799999237060547,27.649999618530273,27.799999237060547,20000,0.0,0.0
2024-10-18 12:35:00+08:00,27.75,27.75,27.600000381469727,27.600000381469727,27000,0.0,0.0
2024-10-18 12:40:00+08:00,27.600000381469727,27.700000762939453,27.549999237060547,27.600000381469727,28000,0.0,0.0
2024-10-18 12:45:00+08:00,27.600000381469727,27.600000381469727,27.600000381469727,27.600000381469727,7000,0.0,0.0
2024-10-18 12:50:00+08:00,27.600000381469727,27.600000381469727,27.549999237060547,27.549999237060547,2000,0.0,0.0
2024-10-18 12:55:00+08:00,27.549999237060547,27.549999237060547,27.5,27.549999237060547,5000,0.0,0.0
2024-10-18 13:00:00+08:00,27.549999237060547,27.600000381469727,27.549999237060547,27.549999237060547,13400,0.0,0.0
2024-10-18 13:05:00+08:00,27.600000381469727,27.600000381469727,27.549999237060547,27.549999237060547,6000,0.0,0.0
2024-10-18 13:10:00+08:00,27.549999237060547,27.549999237060547,27.549999237060547,27.549999237060547,3000,0.0,0.0
2024-10-18 13:15:00+08:00,27.549999237060547,27.649999618530273,27.549999237060547,27.600000381469727,44000,0.0,0.0
2024-10-18 13:20:00+08:00,27.600000381469727,27.600000381469727,27.549999237060547,27.549999237060547,18000,0.0,0.0
2024-10-21 09:00:00+08:00,27.549999237060547,27.850000381469727,27.549999237060547,27.850000381469727,0,0.0,0.0
2024-10-21 09:05:00+08:00,27.850000381469727,27.850000381469727,27.5,27.799999237060547,31250,0.0,0.0
2024-10-21 09:10:00+08:00,27.75,27.799999237060547,27.75,27.799999237060547,2000,0.0,0.0
2024-10-21 09:15:00+08:00,27.799999237060547,27.850000381469727,27.799999237060547,27.850000381469727,23000,0.0,0.0
2024-10-21 09:20:00+08:00,27.850000381469727,27.850000381469727,27.850000381469727,27.850000381469727,3000,0.0,0.0
2024-10-21 09:25:00+08:00,27.850000381469727,27.950000762939453,27.799999237060547,27.950000762939453,5002,0.0,0.0
2024-10-21 09:35:00+08:00,27.899999618530273,27.899999618530273,27.899999618530273,27.899999618530273,3000,0.0,0.0
2024-10-21 09:40:00+08:00,27.899999618530273,27.899999618530273,27.799999237060547,27.799999237060547,3118,0.0,0.0
2024-10-21 09:45:00+08:00,27.75,27.75,27.75,27.75,3001,0.0,0.0
2024-10-21 09:50:00+08:00,27.75,27.850000381469727,27.75,27.850000381469727,16001,0.0,0.0
2024-10-21 10:00:00+08:00,27.850000381469727,27.850000381469727,27.75,27.75,15000,0.0,0.0
2024-10-21 10:05:00+08:00,27.799999237060547,27.799999237060547,27.700000762939453,27.700000762939453,11000,0.0,0.0
2024-10-21 10:10:00+08:00,27.700000762939453,27.700000762939453,27.700000762939453,27.700000762939453,11441,0.0,0.0
2024-10-21 10:25:00+08:00,27.649999618530273,27.649999618530273,27.399999618530273,27.600000381469727,18000,0.0,0.0
2024-10-21 10:30:00+08:00,27.549999237060547,27.549999237060547,27.5,27.5,12000,0.0,0.0
2024-10-21 10:35:00+08:00,27.549999237060547,27.600000381469727,27.549999237060547,27.600000381469727,2000,0.0,0.0
2024-10-21 10:40:00+08:00,27.600000381469727,27.600000381469727,27.549999237060547,27.549999237060547,9100,0.0,0.0
2024-10-21 10:45:00+08:00,27.549999237060547,27.549999237060547,27.549999237060547,27.549999237060547,3000,0.0,0.0
2024-10-21 10:55:00+08:00,27.549999237060547,27.549999237060547,27.549999237060547,27.549999237060547,11001,0.0,0.0
2024-10-21 11:00:00+08:00,27.549999237060547,27.549999237060547,27.549999237060547,27.549999237060547,6000,0.0,0.0
2024-10-21 11:05:00+08:00,27.549999237060547,27.549999237060547,27.549999237060547,27.549999237060547,11000,0.0,0.0
2024-10-21 11:10:00+08:00,27.600000381469727,27.899999618530273,27.600000381469727,27.899999618530273,31000,0.0,0.0
2024-10-21 11:15:00+08:00,27.850000381469727,27.850000381469727,27.850000381469727,27.850000381469727,4000,0.0,0.0
2024-10-21 11:20:00+08:00,27.850000381469727,27.899999618530273,27.850000381469727,27.850000381469727,13001,0.0,0.0
2024-10-21 11:25:00+08:00,27.850000381469727,27.899999618530273,27.850000381469727,27.850000381469727,14000,0.0,0.0
2024-10-21 11:30:00+08:00,27.850000381469727,27.850000381469727,27.850000381469727,27.850000381469727,1000,0.0,0.0
2024-10-21 11:35:00+08:00,27.850000381469727,27.850000381469727,27.799999237060547,27.799999237060547,11000,0.0,0.0
2024-10-21 11:45:00+08:00,27.850000381469727,27.850000381469727,27.850000381469727,27.850000381469727,2000,0.0,0.0
2024-10-21 11:50:00+08:00,27.899999618530273,27.899999618530273,27.799999237060547,27.799999237060547,9000,0.0,0.0
2024-10-21 11:55:00+08:00,27.899999618530273,27.899999618530273,27.899999618530273,27.899999618530273,1100,0.0,0.0
2024-10-21 12:00:00+08:00,27.899999618530273,27.899999618530273,27.850000381469727,27.850000381469727,4000,0.0,0.0
2024-10-21 12:05:00+08:00,27.850000381469727,27.850000381469727,27.799999237060547,27.850000381469727,5000,0.0,0.0
2024-10-21 12:10:00+08:00,27.799999237060547,27.799999237060547,27.799999237060547,27.799999237060547,2000,0.0,0.0
2024-10-21 12:15:00+08:00,27.799999237060547,27.799999237060547,27.799999237060547,27.799999237060547,1000,0.0,0.0
2024-10-21 12:20:00+08:00,27.850000381469727,27.850000381469727,27.850000381469727,27.850000381469727,5000,0.0,0.0
2024-10-21 12:25:00+08:00,27.899999618530273,27.899999618530273,27.899999618530273,27.899999618530273,7010,0.0,0.0
2024-10-21 12:40:00+08:00,27.799999237060547,27.799999237060547,27.799999237060547,27.799999237060547,4000,0.0,0.0
2024-10-21 12:45:00+08:00,27.649999618530273,27.649999618530273,27.649999618530273,27.649999618530273,11340,0.0,0.0
2024-10-21 12:50:00+08:00,27.649999618530273,27.649999618530273,27.649999618530273,27.649999618530273,6000,0.0,0.0
2024-10-21 12:55:00+08:00,27.600000381469727,27.600000381469727,27.600000381469727,27.600000381469727,2000,0.0,0.0
2024-10-21 13:00:00+08:00,27.700000762939453,27.700000762939453,27.700000762939453,27.700000762939453,4000,0.0,0.0
2024-10-21 13:05:00+08:00,27.700000762939453,27.700000762939453,27.700000762939453,27.700000762939453,1000,0.0,0.0
2024-10-21 13:10:00+08:00,27.75,27.75,27.75,27.75,3000,0.0,0.0
2024-10-21 13:15:00+08:00,27.700000762939453,27.700000762939453,27.700000762939453,27.700000762939453,5000,0.0,0.0
2024-10-21 13:20:00+08:00,27.700000762939453,27.700000762939453,27.649999618530273,27.700000762939453,12000,0.0,0.0
2024-10-22 09:00:00+08:00,27.799999237060547,27.850000381469727,27.799999237060547,27.850000381469727,0,0.0,0.0
2024-10-22 09:05:00+08:00,27.799999237060547,27.799999237060547,27.799999237060547,27.799999237060547,3000,0.0,0.0
2024-10-22 09:10:00+08:00,27.700000762939453,27.700000762939453,27.549999237060547,27.549999237060547,8068,0.0,0.0
2024-10-22 09:15:00+08:00,27.549999237060547,27.649999618530273,27.549999237060547,27.649999618530273,2001,0.0,0.0
2024-10-22 09:25:00+08:00,27.649999618530273,27.799999237060547,27.649999618530273,27.799999237060547,10000,0.0,0.0
2024-10-22 09:30:00+08:00,27.649999618530273,27.649999618530273,27.600000381469727,27.600000381469727,3000,0.0,0.0
2024-10-22 09:35:00+08:00,27.75,27.75,27.600000381469727,27.600000381469727,2000,0.0,0.0
2024-10-22 09:50:00+08:00,27.649999618530273,27.649999618530273,27.600000381469727,27.600000381469727,8000,0.0,0.0
2024-10-22 09:55:00+08:00,27.75,27.75,27.600000381469727,27.600000381469727,2000,0.0,0.0
2024-10-22 10:00:00+08:00,27.600000381469727,27.600000381469727,27.549999237060547,27.549999237060547,21000,0.0,0.0
2024-10-22 10:05:00+08:00,27.549999237060547,27.549999237060547,27.5,27.5,5080,0.0,0.0
2024-10-22 10:10:00+08:00,27.5,27.649999618530273,27.5,27.549999237060547,24000,0.0,0.0
2024-10-22 10:15:00+08:00,27.600000381469727,27.600000381469727,27.600000381469727,27.600000381469727,2000,0.0,0.0
2024-10-22 10:20:00+08:00,27.549999237060547,27.600000381469727,27.549999237060547,27.600000381469727,3000,0.0,0.0
2024-10-22 10:30:00+08:00,27.549999237060547,27.549999237060547,27.549999237060547,27.549999237060547,1000,0.0,0.0
2024-10-22 10:35:00+08:00,27.600000381469727,27.850000381469727,27.549999237060547,27.850000381469727,23000,0.0,0.0
2024-10-22 10:45:00+08:00,27.799999237060547,27.799999237060547,27.799999237060547,27.799999237060547,1000,0.0,0.0
2024-10-22 10:55:00+08:00,27.799999237060547,27.799999237060547,27.700000762939453,27.700000762939453,4010,0.0,0.0
2024-10-22 11:10:00+08:00,27.649999618530273,27.649999618530273,27.649999618530273,27.649999618530273,7130,0.0,0.0
2024-10-22 11:25:00+08:00,27.700000762939453,27.700000762939453,27.700000762939453,27.700000762939453,4010,0.0,0.0
2024-10-22 11:30:00+08:00,27.649999618530273,27.649999618530273,27.600000381469727,27.600000381469727,15030,0.0,0.0
2024-10-22 11:35:00+08:00,27.600000381469727,27.600000381469727,27.600000381469727,27.600000381469727,1000,0.0,0.0
2024-10-22 11:40:00+08:00,27.549999237060547,27.549999237060547,27.549999237060547,27.549999237060547,2060,0.0,0.0
2024-10-22 11:45:00+08:00,27.549999237060547,27.549999237060547,27.549999237060547,27.549999237060547,2000,0.0,0.0
2024-10-22 12:05:00+08:00,27.600000381469727,27.600000381469727,27.600000381469727,27.600000381469727,2000,0.0,0.0
2024-10-22 12:10:00+08:00,27.700000762939453,27.700000762939453,27.700000762939453,27.700000762939453,3090,0.0,0.0
2024-10-22 12:15:00+08:00,27.700000762939453,27.700000762939453,27.700000762939453,27.700000762939453,1000,0.0,0.0
2024-10-22 12:20:00+08:00,27.649999618530273,27.649999618530273,27.649999618530273,27.649999618530273,3000,0.0,0.0
2024-10-22 12:30:00+08:00,27.649999618530273,27.700000762939453,27.5,27.5,68000,0.0,0.0
2024-10-22 12:35:00+08:00,27.75,27.75,27.549999237060547,27.549999237060547,3000,0.0,0.0
2024-10-22 12:40:00+08:00,27.549999237060547,27.549999237060547,27.5,27.5,16000,0.0,0.0
2024-10-22 12:45:00+08:00,27.5,27.600000381469727,27.5,27.600000381469727,3500,0.0,0.0
2024-10-22 12:50:00+08:00,27.549999237060547,27.549999237060547,27.5,27.5,5000,0.0,0.0
2024-10-22 13:00:00+08:00,27.700000762939453,27.850000381469727,27.700000762939453,27.799999237060547,29000,0.0,0.0
2024-10-22 13:05:00+08:00,27.799999237060547,27.950000762939453,27.799999237060547,27.850000381469727,29000,0.0,0.0
2024-10-22 13:10:00+08:00,27.899999618530273,27.950000762939453,27.850000381469727,27.899999618530273,26001,0.0,0.0
2024-10-22 13:15:00+08:00,27.950000762939453,28.100000381469727,27.899999618530273,28.100000381469727,39049,0.0,0.0
2024-10-22 13:20:00+08:00,28.100000381469727,28.100000381469727,28.049999237060547,28.049999237060547,13101,0.0,0.0
2024-10-23 09:00:00+08:00,28.600000381469727,28.600000381469727,28.350000381469727,28.5,0,0.0,0.0
2024-10-23 09:05:00+08:00,28.5,28.549999237060547,28.5,28.549999237060547,18487,0.0,0.0
2024-10-23 09:15:00+08:00,28.5,28.600000381469727,28.5,28.600000381469727,16000,0.0,0.0
2024-10-23 09:20:00+08:00,28.549999237060547,28.75,28.549999237060547,28.649999618530273,25160,0.0,0.0
2024-10-23 09:30:00+08:00,28.600000381469727,28.649999618530273,28.600000381469727,28.649999618530273,12000,0.0,0.0
2024-10-23 09:35:00+08:00,28.649999618530273,28.649999618530273,28.549999237060547,28.549999237060547,4000,0.0,0.0
2024-10-23 09:40:00+08:00,28.649999618530273,28.649999618530273,28.549999237060547,28.600000381469727,8000,0.0,0.0
2024-10-23 09:45:00+08:00,28.600000381469727,28.600000381469727,28.549999237060547,28.549999237060547,7000,0.0,0.0
2024-10-23 09:50:00+08:00,28.600000381469727,28.600000381469727,28.549999237060547,28.549999237060547,6000,0.0,0.0
2024-10-23 09:55:00+08:00,28.600000381469727,28.600000381469727,28.600000381469727,28.600000381469727,1091,0.0,0.0
2024-10-23 10:00:00+08:00,28.5,28.5,28.5,28.5,3010,0.0,0.0
2024-10-23 10:05:00+08:00,28.5,28.5,28.5,28.5,7000,0.0,0.0
2024-10-23 10:10:00+08:00,28.5,28.5,28.5,28.5,3000,0.0,0.0
2024-10-23 10:15:00+08:00,28.5,28.5,28.5,28.5,3000,0.0,0.0
2024-10-23 10:20:00+08:00,28.5,28.5,28.450000762939453,28.450000762939453,12049,0.0,0.0
2024-10-23 10:25:00+08:00,28.5,28.5,28.450000762939453,28.5,5010,0.0,0.0
2024-10-23 10:30:00+08:00,28.450000762939453,28.450000762939453,28.450000762939453,28.450000762939453,2000,0.0,0.0
2024-10-23 10:35:00+08:00,28.450000762939453,28.450000762939453,28.399999618530273,28.399999618530273,2000,0.0,0.0
2024-10-23 10:40:00+08:00,28.399999618530273,28.399999618530273,28.299999237060547,28.299999237060547,17344,0.0,0.0
2024-10-23 10:45:00+08:00,28.299999237060547,28.299999237060547,28.25,28.25,3000,0.0,0.0
2024-10-23 10:50:00+08:00,28.25,28.25,28.25,28.25,6000,0.0,0.0
2024-10-23 11:00:00+08:00,28.299999237060547,28.299999237060547,28.299999237060547,28.299999237060547,1000,0.0,0.0
2024-10-23 11:05:00+08:00,28.299999237060547,28.299999237060547,28.299999237060547,28.299999237060547,2000,0.0,0.0
2024-10-23 11:25:00+08:00,28.25,28.299999237060547,28.25,28.299999237060547,19000,0.0,0.0
2024-10-23 11:30:00+08:00,28.299999237060547,28.299999237060547,28.299999237060547,28.299999237060547,1000,0.0,0.0
2024-10-23 11:40:00+08:00,28.299999237060547,28.399999618530273,28.299999237060547,28.399999618530273,8000,0.0,0.0
2024-10-23 11:45:00+08:00,28.350000381469727,28.350000381469727,28.299999237060547,28.299999237060547,7000,0.0,0.0
2024-10-23 11:50:00+08:00,28.350000381469727,28.399999618530273,28.350000381469727,28.399999618530273,8011,0.0,0.0
2024-10-23 12:00:00+08:00,28.450000762939453,28.450000762939453,28.450000762939453,28.450000762939453,3000,0.0,0.0
2024-10-23 12:05:00+08:00,28.399999618530273,28.399999618530273,28.399999618530273,28.399999618530273,1003,0.0,0.0
2024-10-23 12:10:00+08:00,28.399999618530273,28.399999618530273,28.399999618530273,28.399999618530273,9000,0.0,0.0
2024-10-23 12:15:00+08:00,28.350000381469727,28.350000381469727,28.350000381469727,28.350000381469727,2000,0.0,0.0
2024-10-23 12:20:00+08:00,28.350000381469727,28.399999618530273,28.350000381469727,28.399999618530273,3050,0.0,0.0
2024-10-23 12:30:00+08:00,28.350000381469727,28.399999618530273,28.350000381469727,28.350000381469727,13000,0.0,0.0
2024-10-23 12:35:00+08:00,28.399999618530273,28.399999618530273,28.399999618530273,28.399999618530273,5000,0.0,0.0
2024-10-23 12:40:00+08:00,28.399999618530273,28.399999618530273,28.399999618530273,28.399999618530273,3001,0.0,0.0
2024-10-23 12:45:00+08:00,28.399999618530273,28.399999618530273,28.399999618530273,28.399999618530273,4000,0.0,0.0
2024-10-23 12:50:00+08:00,28.399999618530273,28.450000762939453,28.399999618530273,28.450000762939453,15150,0.0,0.0
2024-10-23 12:55:00+08:00,28.5,28.75,28.5,28.600000381469727,86657,0.0,0.0
2024-10-23 13:00:00+08:00,28.600000381469727,28.600000381469727,28.600000381469727,28.600000381469727,1000,0.0,0.0
2024-10-23 13:05:00+08:00,28.600000381469727,28.600000381469727,28.600000381469727,28.600000381469727,4000,0.0,0.0
2024-10-23 13:10:00+08:00,28.649999618530273,28.850000381469727,28.649999618530273,28.799999237060547,59000,0.0,0.0
2024-10-23 13:15:00+08:00,28.799999237060547,28.799999237060547,28.649999618530273,28.75,9200,0.0,0.0
2024-10-23 13:20:00+08:00,28.700000762939453,28.700000762939453,28.649999618530273,28.649999618530273,18345,0.0,0.0
2024-10-24 09:00:00+08:00,28.700000762939453,28.75,28.600000381469727,28.700000762939453,0,0.0,0.0
2024-10-24 09:05:00+08:00,28.649999618530273,28.75,28.600000381469727,28.75,6000,0.0,0.0
2024-10-24 09:10:00+08:00,28.649999618530273,28.75,28.649999618530273,28.700000762939453,10000,0.0,0.0
2024-10-24 09:15:00+08:00,28.600000381469727,28.600000381469727,28.600000381469727,28.600000381469727,2000,0.0,0.0
2024-10-24 09:20:00+08:00,28.549999237060547,28.700000762939453,28.549999237060547,28.700000762939453,17000,0.0,0.0
2024-10-24 09:25:00+08:00,28.649999618530273,28.700000762939453,28.649999618530273,28.700000762939453,9000,0.0,0.0
2024-10-24 09:30:00+08:00,28.700000762939453,28.700000762939453,28.700000762939453,28.700000762939453,1275,0.0,0.0
2024-10-24 09:40:00+08:00,28.649999618530273,28.649999618530273,28.649999618530273,28.649999618530273,1000,0.0,0.0
2024-10-24 09:45:00+08:00,28.600000381469727,28.700000762939453,28.5,28.5,12100,0.0,0.0
2024-10-24 09:50:00+08:00,28.5,28.5,28.5,28.5,1000,0.0,0.0
2024-10-24 09:55:00+08:00,28.5,28.5,28.5,28.5,3000,0.0,0.0
2024-10-24 10:00:00+08:00,28.5,28.5,28.399999618530273,28.399999618530273,21000,0.0,0.0
2024-10-24 10:05:00+08:00,28.450000762939453,28.450000762939453,28.399999618530273,28.450000762939453,4000,0.0,0.0
2024-10-24 10:15:00+08:00,28.399999618530273,28.399999618530273,28.399999618530273,28.399999618530273,1000,0.0,0.0
2024-10-24 10:25:00+08:00,28.399999618530273,28.399999618530273,28.399999618530273,28.399999618530273,3000,0.0,0.0
2024-10-24 10:30:00+08:00,28.399999618530273,28.399999618530273,28.399999618530273,28.399999618530273,2071,0.0,0.0
2024-10-24 10:35:00+08:00,28.399999618530273,28.399999618530273,28.399999618530273,28.399999618530273,3052,0.0,0.0
2024-10-24 10:40:00+08:00,28.350000381469727,28.350000381469727,28.299999237060547,28.299999237060547,12001,0.0,0.0
2024-10-24 10:45:00+08:00,28.25,28.25,28.25,28.25,11000,0.0,0.0
2024-10-24 10:50:00+08:00,28.299999237060547,28.299999237060547,28.299999237060547,28.299999237060547,2000,0.0,0.0
2024-10-24 10:55:00+08:00,28.299999237060547,28.299999237060547,28.299999237060547,28.299999237060547,3000,0.0,0.0
2024-10-24 11:00:00+08:00,28.299999237060547,28.299999237060547,28.299999237060547,28.299999237060547,4000,0.0,0.0
2024-10-24 11:05:00+08:00,28.299999237060547,28.299999237060547,28.299999237060547,28.299999237060547,3000,0.0,0.0
2024-10-24 11:10:00+08:00,28.25,28.25,28.25,28.25,2000,0.0,0.0
2024-10-24 11:15:00+08:00,28.25,28.25,28.25,28.25,0,0.0,0.0
2024-10-24 11:20:00+08:00,28.25,28.25,28.25,28.25,149499,0.0,0.0
2024-10-24 11:25:00+08:00,28.25,28.25,28.25,28.25,3100,0.0,0.0
2024-10-24 11:30:00+08:00,28.25,28.25,28.200000762939453,28.200000762939453,16130,0.0,0.0
2024-10-24 11:40:00+08:00,28.100000381469727,28.100000381469727,28.100000381469727,28.100000381469727,8000,0.0,0.0
2024-10-24 11:45:00+08:00,28.149999618530273,28.149999618530273,28.100000381469727,28.100000381469727,12000,0.0,0.0
2024-10-24 11:50:00+08:00,28.100000381469727,28.100000381469727,28.049999237060547,28.049999237060547,7040,0.0,0.0
2024-10-24 11:55:00+08:00,28.049999237060547,28.049999237060547,28.049999237060547,28.049999237060547,15228,0.0,0.0
2024-10-24 12:00:00+08:00,28.049999237060547,28.049999237060547,28.049999237060547,28.049999237060547,9000,0.0,0.0
2024-10-24 12:05:00+08:00,28.0,28.0,27.899999618530273,27.899999618530273,21000,0.0,0.0
2024-10-24 12:10:00+08:00,27.899999618530273,28.0,27.899999618530273,27.899999618530273,4161,0.0,0.0
2024-10-24 12:15:00+08:00,27.899999618530273,27.899999618530273,27.850000381469727,27.850000381469727,4100,0.0,0.0
2024-10-24 12:20:00+08:00,27.850000381469727,27.850000381469727,27.850000381469727,27.850000381469727,5000,0.0,0.0
2024-10-24 12:25:00+08:00,27.899999618530273,27.899999618530273,27.899999618530273,27.899999618530273,1000,0.0,0.0
2024-10-24 12:30:00+08:00,27.899999618530273,27.899999618530273,27.899999618530273,27.899999618530273,8300,0.0,0.0
2024-10-24 12:35:00+08:00,27.899999618530273,27.899999618530273,27.850000381469727,27.850000381469727,2000,0.0,0.0
2024-10-24 12:40:00+08:00,27.799999237060547,27.799999237060547,27.700000762939453,27.700000762939453,30681,0.0,0.0
2024-10-24 12:45:00+08:00,27.700000762939453,27.700000762939453,27.600000381469727,27.600000381469727,23215,0.0,0.0
2024-10-24 12:50:00+08:00,27.700000762939453,27.75,27.700000762939453,27.75,8000,0.0,0.0
2024-10-24 12:55:00+08:00,27.75,27.75,27.75,27.75,2000,0.0,0.0
2024-10-24 13:00:00+08:00,27.700000762939453,27.700000762939453,27.649999618530273,27.700000762939453,6200,0.0,0.0
2024-10-24 13:05:00+08:00,27.649999618530273,27.649999618530273,27.649999618530273,27.649999618530273,12036,0.0,0.0
2024-10-24 13:10:00+08:00,27.649999618530273,27.649999618530273,27.600000381469727,27.600000381469727,7000,0.0,0.0
2024-10-24 13:15:00+08:00,27.649999618530273,27.700000762939453,27.649999618530273,27.700000762939453,5100,0.0,0.0
2024-10-24 13:20:00+08:00,27.700000762939453,27.75,27.600000381469727,27.649999618530273,34000,0.0,0.0
2024-10-25 09:00:00+08:00,28.100000381469727,28.100000381469727,28.049999237060547,28.049999237060547,0,0.0,0.0
2024-10-25 09:05:00+08:00,28.049999237060547,28.049999237060547,28.049999237060547,28.049999237060547,17050,0.0,0.0
2024-10-25 09:15:00+08:00,27.850000381469727,27.850000381469727,27.850000381469727,27.850000381469727,4072,0.0,0.0
2024-10-25 09:25:00+08:00,27.700000762939453,27.700000762939453,27.700000762939453,27.700000762939453,4060,0.0,0.0
2024-10-25 09:30:00+08:00,27.700000762939453,27.700000762939453,27.700000762939453,27.700000762939453,3000,0.0,0.0
2024-10-25 09:35:00+08:00,27.700000762939453,27.850000381469727,27.700000762939453,27.850000381469727,9019,0.0,0.0
2024-10-25 09:45:00+08:00,27.850000381469727,28.0,27.850000381469727,28.0,2000,0.0,0.0
2024-10-25 09:50:00+08:00,27.899999618530273,27.899999618530273,27.899999618530273,27.899999618530273,1050,0.0,0.0
2024-10-25 09:55:00+08:00,27.899999618530273,27.899999618530273,27.899999618530273,27.899999618530273,1052,0.0,0.0
2024-10-25 10:00:00+08:00,27.850000381469727,27.850000381469727,27.850000381469727,27.850000381469727,1000,0.0,0.0
2024-10-25 10:05:00+08:00,27.850000381469727,27.850000381469727,27.850000381469727,27.850000381469727,4100,0.0,0.0
2024-10-25 10:10:00+08:00,27.799999237060547,27.799999237060547,27.799999237060547,27.799999237060547,1000,0.0,0.0
2024-10-25 10:15:00+08:00,27.850000381469727,27.850000381469727,27.799999237060547,27.799999237060547,6000,0.0,0.0
2024-10-25 10:20:00+08:00,27.799999237060547,27.799999237060547,27.799999237060547,27.799999237060547,1000,0.0,0.0
2024-10-25 10:25:00+08:00,27.799999237060547,27.850000381469727,27.799999237060547,27.850000381469727,2000,0.0,0.0
2024-10-25 10:30:00+08:00,27.799999237060547,27.799999237060547,27.799999237060547,27.799999237060547,1000,0.0,0.0
2024-10-25 10:35:00+08:00,27.700000762939453,27.700000762939453,27.649999618530273,27.700000762939453,12485,0.0,0.0
2024-10-25 10:40:00+08:00,27.75,27.75,27.75,27.75,4000,0.0,0.0
2024-10-25 10:45:00+08:00,27.75,27.75,27.75,27.75,3000,0.0,0.0
2024-10-25 10:50:00+08:00,27.75,27.75,27.700000762939453,27.700000762939453,4000,0.0,0.0
2024-10-25 10:55:00+08:00,27.700000762939453,27.700000762939453,27.700000762939453,27.700000762939453,1000,0.0,0.0
2024-10-25 11:10:00+08:00,27.700000762939453,27.700000762939453,27.700000762939453,27.700000762939453,1000,0.0,0.0
2024-10-25 11:20:00+08:00,27.75,27.75,27.75,27.75,2100,0.0,0.0
2024-10-25 11:25:00+08:00,27.75,27.75,27.75,27.75,1000,0.0,0.0
2024-10-25 11:30:00+08:00,27.700000762939453,27.700000762939453,27.700000762939453,27.700000762939453,7000,0.0,0.0
2024-10-25 11:35:00+08:00,27.649999618530273,27.649999618530273,27.649999618530273,27.649999618530273,3031,0.0,0.0
2024-10-25 11:40:00+08:00,27.649999618530273,27.649999618530273,27.649999618530273,27.649999618530273,4029,0.0,0.0
2024-10-25 11:55:00+08:00,27.600000381469727,27.600000381469727,27.600000381469727,27.600000381469727,0,0.0,0.0
2024-10-25 12:00:00+08:00,27.649999618530273,27.649999618530273,27.649999618530273,27.649999618530273,108048,0.0,0.0
2024-10-25 12:05:00+08:00,27.649999618530273,27.649999618530273,27.649999618530273,27.649999618530273,0,0.0,0.0
2024-10-25 12:20:00+08:00,27.649999618530273,27.649999618530273,27.649999618530273,27.649999618530273,114048,0.0,0.0
2024-10-25 12:25:00+08:00,27.649999618530273,27.649999618530273,27.600000381469727,27.600000381469727,14053,0.0,0.0
2024-10-25 12:30:00+08:00,27.600000381469727,27.649999618530273,27.600000381469727,27.649999618530273,3000,0.0,0.0
2024-10-25 12:35:00+08:00,27.600000381469727,27.649999618530273,27.600000381469727,27.649999618530273,3100,0.0,0.0
2024-10-25 12:40:00+08:00,27.649999618530273,27.649999618530273,27.600000381469727,27.600000381469727,7000,0.0,0.0
2024-10-25 12:45:00+08:00,27.600000381469727,27.600000381469727,27.600000381469727,27.600000381469727,20070,0.0,0.0
2024-10-25 12:50:00+08:00,27.600000381469727,27.600000381469727,27.600000381469727,27.600000381469727,2000,0.0,0.0
2024-10-25 12:55:00+08:00,27.600000381469727,27.600000381469727,27.600000381469727,27.600000381469727,6000,0.0,0.0
2024-10-25 13:00:00+08:00,27.600000381469727,27.600000381469727,27.600000381469727,27.600000381469727,3000,0.0,0.0
2024-10-25 13:05:00+08:00,27.649999618530273,27.649999618530273,27.649999618530273,27.649999618530273,2000,0.0,0.0
2024-10-25 13:10:00+08:00,27.600000381469727,27.600000381469727,27.549999237060547,27.549999237060547,14000,0.0,0.0
2024-10-25 13:15:00+08:00,27.649999618530273,27.649999618530273,27.549999237060547,27.549999237060547,9000,0.0,0.0
2024-10-25 13:20:00+08:00,27.549999237060547,27.600000381469727,27.549999237060547,27.549999237060547,21000,0.0,0.0
2024-10-28 09:00:00+08:00,27.649999618530273,27.649999618530273,27.600000381469727,27.600000381469727,0,0.0,0.0
2024-10-28 09:05:00+08:00,27.600000381469727,27.600000381469727,27.5,27.5,22001,0.0,0.0
2024-10-28 09:10:00+08:00,27.549999237060547,27.549999237060547,27.350000381469727,27.399999618530273,18100,0.0,0.0
2024-10-28 09:15:00+08:00,27.399999618530273,27.5,27.399999618530273,27.399999618530273,8400,0.0,0.0
2024-10-28 09:20:00+08:00,27.350000381469727,27.350000381469727,27.299999237060547,27.299999237060547,39000,0.0,0.0
2024-10-28 09:30:00+08:00,27.299999237060547,27.299999237060547,27.299999237060547,27.299999237060547,4000,0.0,0.0
2024-10-28 09:35:00+08:00,27.25,27.25,27.149999618530273,27.149999618530273,21000,0.0,0.0
2024-10-28 09:40:00+08:00,27.100000381469727,27.149999618530273,27.100000381469727,27.149999618530273,11000,0.0,0.0
2024-10-28 09:45:00+08:00,27.149999618530273,27.149999618530273,27.149999618530273,27.149999618530273,1000,0.0,0.0
2024-10-28 09:50:00+08:00,27.200000762939453,27.200000762939453,27.200000762939453,27.200000762939453,1117,0.0,0.0
2024-10-28 09:55:00+08:00,27.200000762939453,27.200000762939453,27.200000762939453,27.200000762939453,1000,0.0,0.0
2024-10-28 10:00:00+08:00,27.149999618530273,27.149999618530273,27.149999618530273,27.149999618530273,1000,0.0,0.0
2024-10-28 10:05:00+08:00,27.149999618530273,27.149999618530273,27.0,27.0,32020,0.0,0.0
2024-10-28 10:10:00+08:00,27.0,27.0,27.0,27.0,0,0.0,0.0
2024-10-28 10:25:00+08:00,27.049999237060547,27.049999237060547,27.049999237060547,27.049999237060547,188703,0.0,0.0
2024-10-28 10:30:00+08:00,27.049999237060547,27.049999237060547,27.049999237060547,27.049999237060547,1000,0.0,0.0
2024-10-28 10:35:00+08:00,27.049999237060547,27.149999618530273,27.049999237060547,27.049999237060547,21054,0.0,0.0
2024-10-28 10:40:00+08:00,27.049999237060547,27.049999237060547,27.049999237060547,27.049999237060547,1000,0.0,0.0
2024-10-28 10:50:00+08:00,27.049999237060547,27.049999237060547,27.049999237060547,27.049999237060547,1032,0.0,0.0
2024-10-28 11:05:00+08:00,27.049999237060547,27.049999237060547,27.049999237060547,27.049999237060547,1000,0.0,0.0
2024-10-28 11:15:00+08:00,27.049999237060547,27.049999237060547,27.049999237060547,27.049999237060547,1000,0.0,0.0
2024-10-28 11:25:00+08:00,27.049999237060547,27.049999237060547,27.049999237060547,27.049999237060547,3123,0.0,0.0
2024-10-28 11:35:00+08:00,27.049999237060547,27.049999237060547,27.049999237060547,27.049999237060547,4000,0.0,0.0
2024-10-28 11:40:00+08:00,27.049999237060547,27.049999237060547,27.049999237060547,27.049999237060547,5000,0.0,0.0
2024-10-28 11:45:00+08:00,27.0,27.0,27.0,27.0,10000,0.0,0.0
2024-10-28 11:50:00+08:00,27.0,27.0,27.0,27.0,2000,0.0,0.0
2024-10-28 11:55:00+08:00,27.0,27.0,26.950000762939453,26.950000762939453,29136,0.0,0.0
2024-10-28 12:00:00+08:00,26.899999618530273,26.899999618530273,26.899999618530273,26.899999618530273,12916,0.0,0.0
2024-10-28 12:05:00+08:00,26.899999618530273,26.899999618530273,26.899999618530273,26.899999618530273,5100,0.0,0.0
2024-10-28 12:10:00+08:00,26.899999618530273,26.899999618530273,26.899999618530273,26.899999618530273,2010,0.0,0.0
2024-10-28 12:15:00+08:00,26.850000381469727,26.850000381469727,26.850000381469727,26.850000381469727,2000,0.0,0.0
2024-10-28 12:20:00+08:00,26.850000381469727,26.850000381469727,26.850000381469727,26.850000381469727,6000,0.0,0.0
2024-10-28 12:25:00+08:00,26.850000381469727,26.850000381469727,26.850000381469727,26.850000381469727,1029,0.0,0.0
2024-10-28 12:30:00+08:00,26.850000381469727,26.850000381469727,26.850000381469727,26.850000381469727,3000,0.0,0.0
2024-10-28 12:35:00+08:00,26.899999618530273,26.899999618530273,26.899999618530273,26.899999618530273,3000,0.0,0.0
2024-10-28 12:40:00+08:00,26.899999618530273,26.899999618530273,26.899999618530273,26.899999618530273,0,0.0,0.0
2024-10-28 12:45:00+08:00,26.899999618530273,26.899999618530273,26.899999618530273,26.899999618530273,306103,0.0,0.0
2024-10-28 12:50:00+08:00,26.899999618530273,26.899999618530273,26.850000381469727,26.850000381469727,8000,0.0,0.0
2024-10-28 12:55:00+08:00,26.899999618530273,26.899999618530273,26.899999618530273,26.899999618530273,3000,0.0,0.0
2024-10-28 13:00:00+08:00,26.850000381469727,26.850000381469727,26.850000381469727,26.850000381469727,26001,0.0,0.0
2024-10-28 13:05:00+08:00,26.850000381469727,26.850000381469727,26.799999237060547,26.799999237060547,7722,0.0,0.0
2024-10-28 13:10:00+08:00,26.899999618530273,26.899999618530273,26.799999237060547,26.850000381469727,16077,0.0,0.0
2024-10-28 13:15:00+08:00,26.850000381469727,26.899999618530273,26.850000381469727,26.899999618530273,14050,0.0,0.0
2024-10-28 13:20:00+08:00,26.899999618530273,26.950000762939453,26.899999618530273,26.950000762939453,14006,0.0,0.0
2024-10-29 09:00:00+08:00,26.700000762939453,26.950000762939453,26.700000762939453,26.950000762939453,0,0.0,0.0
2024-10-29 09:05:00+08:00,26.950000762939453,26.950000762939453,26.799999237060547,26.799999237060547,16000,0.0,0.0
2024-10-29 09:10:00+08:00,26.75,26.75,26.75,26.75,16000,0.0,0.0
2024-10-29 09:15:00+08:00,26.799999237060547,26.799999237060547,26.75,26.75,4320,0.0,0.0
2024-10-29 09:20:00+08:00,26.75,26.799999237060547,26.700000762939453,26.799999237060547,4000,0.0,0.0
2024-10-29 09:25:00+08:00,26.799999237060547,26.899999618530273,26.799999237060547,26.899999618530273,13000,0.0,0.0
2024-10-29 09:30:00+08:00,26.899999618530273,26.899999618530273,26.899999618530273,26.899999618530273,1000,0.0,0.0
2024-10-29 09:35:00+08:00,26.850000381469727,26.850000381469727,26.850000381469727,26.850000381469727,1000,0.0,0.0
2024-10-29 09:40:00+08:00,26.799999237060547,26.799999237060547,26.75,26.75,17000,0.0,0.0
2024-10-29 09:45:00+08:00,26.700000762939453,26.700000762939453,26.649999618530273,26.649999618530273,9051,0.0,0.0
2024-10-29 09:50:00+08:00,26.700000762939453,26.700000762939453,26.649999618530273,26.649999618530273,2846,0.0,0.0
2024-10-29 10:00:00+08:00,26.600000381469727,26.600000381469727,26.5,26.549999237060547,18038,0.0,0.0
2024-10-29 10:05:00+08:00,26.549999237060547,26.549999237060547,26.5,26.5,15000,0.0,0.0
2024-10-29 10:10:00+08:00,26.5,26.600000381469727,26.5,26.600000381469727,8000,0.0,0.0
2024-10-29 10:15:00+08:00,26.5,26.600000381469727,26.5,26.600000381469727,5000,0.0,0.0
2024-10-29 10:20:00+08:00,26.549999237060547,26.549999237060547,26.549999237060547,26.549999237060547,1000,0.0,0.0
2024-10-29 10:25:00+08:00,26.600000381469727,26.600000381469727,26.600000381469727,26.600000381469727,4000,0.0,0.0
2024-10-29 10:40:00+08:00,26.600000381469727,26.600000381469727,26.600000381469727,26.600000381469727,9000,0.0,0.0
2024-10-29 10:45:00+08:00,26.600000381469727,26.649999618530273,26.600000381469727,26.649999618530273,4000,0.0,0.0
2024-10-29 10:50:00+08:00,26.649999618530273,26.75,26.649999618530273,26.75,8000,0.0,0.0
2024-10-29 10:55:00+08:00,26.75,26.75,26.75,26.75,1000,0.0,0.0
2024-10-29 11:00:00+08:00,26.850000381469727,26.899999618530273,26.850000381469727,26.899999618530273,15000,0.0,0.0
2024-10-29 11:15:00+08:00,26.799999237060547,26.799999237060547,26.799999237060547,26.799999237060547,3000,0.0,0.0
2024-10-29 11:25:00+08:00,26.799999237060547,26.799999237060547,26.600000381469727,26.600000381469727,10000,0.0,0.0
2024-10-29 11:35:00+08:00,26.649999618530273,26.649999618530273,26.600000381469727,26.600000381469727,4000,0.0,0.0
2024-10-29 11:40:00+08:00,26.649999618530273,26.649999618530273,26.600000381469727,26.600000381469727,3000,0.0,0.0
2024-10-29 11:45:00+08:00,26.649999618530273,26.649999618530273,26.600000381469727,26.600000381469727,10000,0.0,0.0
2024-10-29 11:50:00+08:00,26.600000381469727,26.600000381469727,26.600000381469727,26.600000381469727,1000,0.0,0.0
2024-10-29 11:55:00+08:00,26.600000381469727,26.600000381469727,26.600000381469727,26.600000381469727,2269,0.0,0.0
2024-10-29 12:00:00+08:00,26.600000381469727,26.600000381469727,26.600000381469727,26.600000381469727,5468,0.0,0.0
2024-10-29 12:05:00+08:00,26.649999618530273,26.649999618530273,26.649999618530273,26.649999618530273,2013,0.0,0.0
2024-10-29 12:25:00+08:00,26.649999618530273,26.649999618530273,26.649999618530273,26.649999618530273,1000,0.0,0.0
2024-10-29 12:30:00+08:00,26.700000762939453,26.700000762939453,26.700000762939453,26.700000762939453,2001,0.0,0.0
2024-10-29 12:45:00+08:00,26.700000762939453,26.75,26.700000762939453,26.75,4000,0.0,0.0
2024-10-29 12:50:00+08:00,26.75,26.75,26.700000762939453,26.700000762939453,4000,0.0,0.0
2024-10-29 12:55:00+08:00,26.700000762939453,27.0,26.700000762939453,27.0,36099,0.0,0.0
2024-10-29 13:00:00+08:00,27.049999237060547,27.049999237060547,27.049999237060547,27.049999237060547,4500,0.0,0.0
2024-10-29 13:05:00+08:00,26.899999618530273,26.899999618530273,26.5,26.649999618530273,46000,0.0,0.0
2024-10-29 13:10:00+08:00,26.850000381469727,26.850000381469727,26.649999618530273,26.649999618530273,7000,0.0,0.0
2024-10-29 13:15:00+08:00,26.799999237060547,26.799999237060547,26.700000762939453,26.700000762939453,6000,0.0,0.0
2024-10-29 13:20:00+08:00,26.700000762939453,26.75,26.700000762939453,26.700000762939453,3000,0.0,0.0
2024-10-30 09:00:00+08:00,26.649999618530273,27.5,26.649999618530273,27.299999237060547,0,0.0,0.0
2024-10-30 09:05:00+08:00,27.25,27.600000381469727,27.200000762939453,27.299999237060547,21000,0.0,0.0
2024-10-30 09:10:00+08:00,27.299999237060547,27.299999237060547,27.0,27.0,6457,0.0,0.0
2024-10-30 09:15:00+08:00,26.850000381469727,26.850000381469727,26.799999237060547,26.799999237060547,11000,0.0,0.0
2024-10-30 09:20:00+08:00,26.799999237060547,28.100000381469727,26.799999237060547,27.75,107000,0.0,0.0
2024-10-30 09:25:00+08:00,27.450000762939453,27.700000762939453,27.399999618530273,27.399999618530273,28485,0.0,0.0
2024-10-30 09:30:00+08:00,27.5,28.950000762939453,27.5,28.149999618530273,157197,0.0,0.0
2024-10-30 09:35:00+08:00,28.100000381469727,28.850000381469727,28.0,28.350000381469727,97417,0.0,0.0
2024-10-30 09:40:00+08:00,28.299999237060547,28.950000762939453,28.200000762939453,28.600000381469727,137230,0.0,0.0
2024-10-30 09:45:00+08:00,28.649999618530273,28.649999618530273,28.350000381469727,28.5,39008,0.0,0.0
2024-10-30 09:50:00+08:00,28.549999237060547,28.549999237060547,28.350000381469727,28.350000381469727,17054,0.0,0.0
2024-10-30 09:55:00+08:00,28.350000381469727,28.450000762939453,28.299999237060547,28.450000762939453,16288,0.0,0.0
2024-10-30 10:00:00+08:00,28.450000762939453,28.5,28.299999237060547,28.399999618530273,33021,0.0,0.0
2024-10-30 10:05:00+08:00,28.399999618530273,28.399999618530273,28.25,28.25,25000,0.0,0.0
2024-10-30 10:10:00+08:00,28.25,28.399999618530273,28.25,28.299999237060547,13000,0.0,0.0
2024-10-30 10:15:00+08:00,28.25,28.25,28.049999237060547,28.100000381469727,45104,0.0,0.0
2024-10-30 10:20:00+08:00,28.100000381469727,28.100000381469727,28.100000381469727,28.100000381469727,17000,0.0,0.0
2024-10-30 10:25:00+08:00,28.100000381469727,28.100000381469727,28.0,28.0,20000,0.0,0.0
2024-10-30 10:30:00+08:00,28.0,28.049999237060547,28.0,28.049999237060547,13100,0.0,0.0
2024-10-30 10:35:00+08:00,28.0,28.0,28.0,28.0,8050,0.0,0.0
2024-10-30 10:40:00+08:00,27.950000762939453,28.100000381469727,27.899999618530273,28.0,31000,0.0,0.0
2024-10-30 10:45:00+08:00,27.950000762939453,27.950000762939453,27.899999618530273,27.899999618530273,9010,0.0,0.0
2024-10-30 10:50:00+08:00,27.899999618530273,27.899999618530273,27.850000381469727,27.850000381469727,23199,0.0,0.0
2024-10-30 10:55:00+08:00,27.850000381469727,27.850000381469727,27.850000381469727,27.850000381469727,2000,0.0,0.0
2024-10-30 11:00:00+08:00,27.799999237060547,27.799999237060547,27.649999618530273,27.799999237060547,76000,0.0,0.0
2024-10-30 11:05:00+08:00,27.75,27.75,27.75,27.75,12000,0.0,0.0
2024-10-30 11:10:00+08:00,27.75,27.75,27.75,27.75,5000,0.0,0.0
2024-10-30 11:15:00+08:00,27.75,27.75,27.75,27.75,9000,0.0,0.0
2024-10-30 11:20:00+08:00,27.75,27.75,27.700000762939453,27.700000762939453,6000,0.0,0.0
2024-10-30 11:25:00+08:00,27.700000762939453,27.700000762939453,27.649999618530273,27.700000762939453,16000,0.0,0.0
2024-10-30 11:30:00+08:00,27.700000762939453,27.700000762939453,27.700000762939453,27.700000762939453,3000,0.0,0.0
2024-10-30 11:35:00+08:00,27.649999618530273,27.700000762939453,27.649999618530273,27.700000762939453,26267,0.0,0.0
2024-10-30 11:40:00+08:00,27.700000762939453,27.75,27.700000762939453,27.75,17000,0.0,0.0
2024-10-30 11:45:00+08:00,27.75,27.75,27.700000762939453,27.700000762939453,9000,0.0,0.0
2024-10-30 11:50:00+08:00,27.700000762939453,27.700000762939453,27.700000762939453,27.700000762939453,10000,0.0,0.0
2024-10-30 11:55:00+08:00,27.600000381469727,27.649999618530273,27.600000381469727,27.649999618530273,9035,0.0,0.0
2024-10-30 12:00:00+08:00,27.649999618530273,28.0,27.649999618530273,28.0,27065,0.0,0.0
2024-10-30 12:05:00+08:00,27.899999618530273,28.25,27.899999618530273,28.25,31300,0.0,0.0
2024-10-30 12:10:00+08:00,28.200000762939453,28.25,28.200000762939453,28.200000762939453,11012,0.0,0.0
2024-10-30 12:15:00+08:00,28.200000762939453,28.25,28.100000381469727,28.100000381469727,30000,0.0,0.0
2024-10-30 12:20:00+08:00,28.100000381469727,28.75,28.100000381469727,28.600000381469727,185318,0.0,0.0
2024-10-30 12:25:00+08:00,28.600000381469727,28.600000381469727,28.399999618530273,28.600000381469727,77000,0.0,0.0
2024-10-30 12:30:00+08:00,28.600000381469727,28.75,28.549999237060547,28.649999618530273,82550,0.0,0.0
2024-10-30 12:35:00+08:00,28.649999618530273,28.75,28.649999618530273,28.700000762939453,72050,0.0,0.0
2024-10-30 12:40:00+08:00,28.700000762939453,28.700000762939453,28.700000762939453,28.700000762939453,19001,0.0,0.0
2024-10-30 12:45:00+08:00,28.700000762939453,28.75,28.700000762939453,28.700000762939453,30100,0.0,0.0
2024-10-30 12:50:00+08:00,28.75,28.75,28.549999237060547,28.649999618530273,38015,0.0,0.0
2024-10-30 12:55:00+08:00,28.549999237060547,28.649999618530273,28.5,28.600000381469727,39001,0.0,0.0
2024-10-30 13:00:00+08:00,28.600000381469727,28.600000381469727,28.5,28.5,22000,0.0,0.0
2024-10-30 13:05:00+08:00,28.450000762939453,28.549999237060547,28.450000762939453,28.549999237060547,16017,0.0,0.0
2024-10-30 13:10:00+08:00,28.549999237060547,28.600000381469727,28.549999237060547,28.549999237060547,20130,0.0,0.0
2024-10-30 13:15:00+08:00,28.549999237060547,28.600000381469727,28.5,28.5,28130,0.0,0.0
2024-10-30 13:20:00+08:00,28.5,28.549999237060547,28.450000762939453,28.5,47299,0.0,0.0
2024-11-01 09:00:00+08:00,27.799999237060547,28.350000381469727,27.799999237060547,28.100000381469727,0,0.0,0.0
2024-11-01 09:05:00+08:00,28.100000381469727,29.700000762939453,28.100000381469727,29.0,234712,0.0,0.0
2024-11-01 09:10:00+08:00,29.0,30.950000762939453,29.0,30.899999618530273,999270,0.0,0.0
2024-11-01 09:15:00+08:00,30.899999618530273,31.0,30.600000381469727,30.850000381469727,555823,0.0,0.0
2024-11-01 09:20:00+08:00,30.799999237060547,30.899999618530273,30.549999237060547,30.799999237060547,282515,0.0,0.0
2024-11-01 09:25:00+08:00,30.75,31.350000381469727,30.75,31.350000381469727,2136125,0.0,0.0
2024-11-01 09:30:00+08:00,31.350000381469727,31.350000381469727,31.350000381469727,31.350000381469727,212813,0.0,0.0
2024-11-01 09:35:00+08:00,31.350000381469727,31.350000381469727,31.350000381469727,31.350000381469727,83127,0.0,0.0
2024-11-01 09:40:00+08:00,31.350000381469727,31.350000381469727,31.350000381469727,31.350000381469727,79183,0.0,0.0
2024-11-01 09:45:00+08:00,31.350000381469727,31.350000381469727,31.350000381469727,31.350000381469727,35290,0.0,0.0
2024-11-01 09:50:00+08:00,31.350000381469727,31.350000381469727,31.350000381469727,31.350000381469727,46471,0.0,0.0
2024-11-01 09:55:00+08:00,31.350000381469727,31.350000381469727,31.350000381469727,31.350000381469727,28230,0.0,0.0
2024-11-01 10:00:00+08:00,31.350000381469727,31.350000381469727,31.350000381469727,31.350000381469727,26200,0.0,0.0
2024-11-01 10:05:00+08:00,31.350000381469727,31.350000381469727,31.350000381469727,31.350000381469727,14125,0.0,0.0
2024-11-01 10:10:00+08:00,31.350000381469727,31.350000381469727,31.350000381469727,31.350000381469727,16041,0.0,0.0
2024-11-01 10:15:00+08:00,31.350000381469727,31.350000381469727,31.350000381469727,31.350000381469727,9060,0.0,0.0
2024-11-01 10:20:00+08:00,31.350000381469727,31.350000381469727,31.350000381469727,31.350000381469727,15762,0.0,0.0
2024-11-01 10:25:00+08:00,31.350000381469727,31.350000381469727,31.350000381469727,31.350000381469727,62500,0.0,0.0
2024-11-01 10:30:00+08:00,31.350000381469727,31.350000381469727,31.350000381469727,31.350000381469727,2534,0.0,0.0
2024-11-01 10:35:00+08:00,31.350000381469727,31.350000381469727,31.350000381469727,31.350000381469727,6225,0.0,0.0
2024-11-01 10:40:00+08:00,31.350000381469727,31.350000381469727,31.350000381469727,31.350000381469727,13085,0.0,0.0
2024-11-01 10:45:00+08:00,31.350000381469727,31.350000381469727,31.350000381469727,31.350000381469727,12000,0.0,0.0
2024-11-01 10:50:00+08:00,31.350000381469727,31.350000381469727,31.350000381469727,31.350000381469727,14020,0.0,0.0
2024-11-01 10:55:00+08:00,31.350000381469727,31.350000381469727,31.350000381469727,31.350000381469727,24000,0.0,0.0
2024-11-01 11:00:00+08:00,31.350000381469727,31.350000381469727,31.350000381469727,31.350000381469727,13000,0.0,0.0
2024-11-01 11:05:00+08:00,31.350000381469727,31.350000381469727,31.350000381469727,31.350000381469727,2070,0.0,0.0
2024-11-01 11:20:00+08:00,31.350000381469727,31.350000381469727,31.350000381469727,31.350000381469727,6000,0.0,0.0
2024-11-01 11:25:00+08:00,31.350000381469727,31.350000381469727,31.350000381469727,31.350000381469727,8000,0.0,0.0
2024-11-01 11:30:00+08:00,31.350000381469727,31.350000381469727,31.350000381469727,31.350000381469727,8000,0.0,0.0
2024-11-01 11:35:00+08:00,31.350000381469727,31.350000381469727,31.350000381469727,31.350000381469727,9200,0.0,0.0
2024-11-01 11:40:00+08:00,31.350000381469727,31.350000381469727,31.350000381469727,31.350000381469727,9050,0.0,0.0
2024-11-01 11:45:00+08:00,31.350000381469727,31.350000381469727,31.350000381469727,31.350000381469727,2037,0.0,0.0
2024-11-01 11:50:00+08:00,31.350000381469727,31.350000381469727,31.350000381469727,31.350000381469727,3389,0.0,0.0
2024-11-01 11:55:00+08:00,31.350000381469727,31.350000381469727,31.350000381469727,31.350000381469727,5294,0.0,0.0
2024-11-01 12:00:00+08:00,31.350000381469727,31.350000381469727,31.350000381469727,31.350000381469727,2000,0.0,0.0
2024-11-01 12:05:00+08:00,31.350000381469727,31.350000381469727,31.350000381469727,31.350000381469727,7370,0.0,0.0
2024-11-01 12:10:00+08:00,31.350000381469727,31.350000381469727,31.350000381469727,31.350000381469727,6000,0.0,0.0
2024-11-01 12:15:00+08:00,31.350000381469727,31.350000381469727,31.350000381469727,31.350000381469727,2000,0.0,0.0
2024-11-01 12:20:00+08:00,31.350000381469727,31.350000381469727,31.350000381469727,31.350000381469727,4055,0.0,0.0
2024-11-01 12:25:00+08:00,31.350000381469727,31.350000381469727,31.350000381469727,31.350000381469727,5250,0.0,0.0
2024-11-01 12:30:00+08:00,31.350000381469727,31.350000381469727,31.350000381469727,31.350000381469727,3000,0.0,0.0
2024-11-01 12:35:00+08:00,31.350000381469727,31.350000381469727,31.350000381469727,31.350000381469727,4000,0.0,0.0
2024-11-01 12:40:00+08:00,31.350000381469727,31.350000381469727,31.350000381469727,31.350000381469727,15604,0.0,0.0
2024-11-01 12:45:00+08:00,31.350000381469727,31.350000381469727,31.350000381469727,31.350000381469727,5141,0.0,0.0
2024-11-01 12:50:00+08:00,31.350000381469727,31.350000381469727,31.350000381469727,31.350000381469727,1150,0.0,0.0
2024-11-01 12:55:00+08:00,31.350000381469727,31.350000381469727,31.350000381469727,31.350000381469727,7000,0.0,0.0
2024-11-01 13:00:00+08:00,31.350000381469727,31.350000381469727,31.350000381469727,31.350000381469727,4300,0.0,0.0
2024-11-01 13:05:00+08:00,31.350000381469727,31.350000381469727,31.350000381469727,31.350000381469727,1000,0.0,0.0
2024-11-01 13:10:00+08:00,31.350000381469727,31.350000381469727,31.350000381469727,31.350000381469727,2000,0.0,0.0
2024-11-01 13:15:00+08:00,31.350000381469727,31.350000381469727,31.350000381469727,31.350000381469727,7000,0.0,0.0
2024-11-01 13:20:00+08:00,31.350000381469727,31.350000381469727,31.350000381469727,31.350000381469727,6362,0.0,0.0
2024-11-04 09:00:00+08:00,32.0,32.75,32.0,32.29999923706055,0,0.0,0.0
2024-11-04 09:05:00+08:00,32.349998474121094,32.349998474121094,30.700000762939453,30.700000762939453,1893461,0.0,0.0
2024-11-04 09:10:00+08:00,30.899999618530273,31.149999618530273,30.850000381469727,31.049999237060547,557010,0.0,0.0
2024-11-04 09:15:00+08:00,31.049999237060547,31.200000762939453,30.899999618530273,31.049999237060547,327580,0.0,0.0
2024-11-04 09:20:00+08:00,31.149999618530273,32.0,31.100000381469727,31.799999237060547,1251542,0.0,0.0
2024-11-04 09:25:00+08:00,31.75,32.5,31.049999237060547,31.950000762939453,1385100,0.0,0.0
2024-11-04 09:30:00+08:00,32.0,32.5,31.399999618530273,32.20000076293945,1398101,0.0,0.0
2024-11-04 09:35:00+08:00,32.25,33.20000076293945,32.25,33.099998474121094,2231949,0.0,0.0
2024-11-04 09:40:00+08:00,33.20000076293945,33.5,32.95000076293945,33.20000076293945,1240699,0.0,0.0
2024-11-04 09:45:00+08:00,33.20000076293945,33.25,32.79999923706055,33.150001525878906,700273,0.0,0.0
2024-11-04 09:50:00+08:00,33.150001525878906,33.20000076293945,32.650001525878906,33.0,377418,0.0,0.0
2024-11-04 09:55:00+08:00,32.95000076293945,33.25,32.849998474121094,33.04999923706055,426361,0.0,0.0
2024-11-04 10:00:00+08:00,33.04999923706055,33.04999923706055,32.79999923706055,32.79999923706055,171283,0.0,0.0
2024-11-04 10:05:00+08:00,32.79999923706055,32.79999923706055,32.400001525878906,32.5,404930,0.0,0.0
2024-11-04 10:10:00+08:00,32.5,32.54999923706055,32.25,32.29999923706055,419010,0.0,0.0
2024-11-04 10:15:00+08:00,32.29999923706055,32.54999923706055,32.25,32.45000076293945,229172,0.0,0.0
2024-11-04 10:20:00+08:00,32.5,32.849998474121094,32.45000076293945,32.54999923706055,207758,0.0,0.0
2024-11-04 10:25:00+08:00,32.54999923706055,32.650001525878906,32.5,32.54999923706055,54217,0.0,0.0
2024-11-04 10:30:00+08:00,32.599998474121094,32.79999923706055,32.599998474121094,32.75,102200,0.0,0.0
2024-11-04 10:35:00+08:00,32.75,32.849998474121094,32.70000076293945,32.70000076293945,107000,0.0,0.0
2024-11-04 10:40:00+08:00,32.650001525878906,32.75,32.599998474121094,32.70000076293945,68400,0.0,0.0
2024-11-04 10:45:00+08:00,32.70000076293945,32.900001525878906,32.70000076293945,32.79999923706055,136106,0.0,0.0
2024-11-04 10:50:00+08:00,32.79999923706055,32.79999923706055,32.599998474121094,32.650001525878906,57277,0.0,0.0
2024-11-04 10:55:00+08:00,32.650001525878906,32.650001525878906,32.54999923706055,32.650001525878906,48180,0.0,0.0
2024-11-04 11:00:00+08:00,32.650001525878906,32.70000076293945,32.650001525878906,32.70000076293945,34060,0.0,0.0
2024-11-04 11:05:00+08:00,32.650001525878906,32.650001525878906,32.54999923706055,32.54999923706055,58006,0.0,0.0
2024-11-04 11:10:00+08:00,32.599998474121094,32.849998474121094,32.54999923706055,32.70000076293945,169124,0.0,0.0
2024-11-04 11:15:00+08:00,32.70000076293945,32.75,32.54999923706055,32.54999923706055,49001,0.0,0.0
2024-11-04 11:20:00+08:00,32.54999923706055,32.54999923706055,32.54999923706055,32.54999923706055,48032,0.0,0.0
2024-11-04 11:25:00+08:00,32.599998474121094,32.599998474121094,32.5,32.54999923706055,38000,0.0,0.0
2024-11-04 11:30:00+08:00,32.54999923706055,32.599998474121094,32.54999923706055,32.599998474121094,19020,0.0,0.0
2024-11-04 11:35:00+08:00,32.599998474121094,32.599998474121094,32.29999923706055,32.400001525878906,175144,0.0,0.0
2024-11-04 11:40:00+08:00,32.45000076293945,32.45000076293945,32.29999923706055,32.29999923706055,106274,0.0,0.0
2024-11-04 11:45:00+08:00,32.29999923706055,32.400001525878906,32.25,32.349998474121094,160031,0.0,0.0
2024-11-04 11:50:00+08:00,32.400001525878906,32.54999923706055,32.400001525878906,32.54999923706055,101057,0.0,0.0
2024-11-04 11:55:00+08:00,32.54999923706055,32.599998474121094,32.5,32.54999923706055,68174,0.0,0.0
2024-11-04 12:00:00+08:00,32.599998474121094,32.599998474121094,32.45000076293945,32.5,50009,0.0,0.0
2024-11-04 12:05:00+08:00,32.54999923706055,32.79999923706055,32.54999923706055,32.54999923706055,119615,0.0,0.0
2024-11-04 12:10:00+08:00,32.54999923706055,32.54999923706055,32.45000076293945,32.5,25028,0.0,0.0
2024-11-04 12:15:00+08:00,32.5,32.5,32.400001525878906,32.400001525878906,16000,0.0,0.0
2024-11-04 12:20:00+08:00,32.400001525878906,32.400001525878906,32.349998474121094,32.349998474121094,68000,0.0,0.0
2024-11-04 12:25:00+08:00,32.349998474121094,32.5,32.349998474121094,32.400001525878906,84040,0.0,0.0
2024-11-04 12:30:00+08:00,32.400001525878906,32.45000076293945,32.400001525878906,32.45000076293945,44041,0.0,0.0
2024-11-04 12:35:00+08:00,32.400001525878906,32.45000076293945,32.349998474121094,32.45000076293945,72760,0.0,0.0
2024-11-04 12:40:00+08:00,32.45000076293945,32.54999923706055,32.400001525878906,32.54999923706055,55120,0.0,0.0
2024-11-04 12:45:00+08:00,32.5,32.54999923706055,32.400001525878906,32.400001525878906,71001,0.0,0.0
2024-11-04 12:50:00+08:00,32.400001525878906,32.5,32.400001525878906,32.45000076293945,59058,0.0,0.0
2024-11-04 12:55:00+08:00,32.5,32.54999923706055,32.45000076293945,32.54999923706055,125782,0.0,0.0
2024-11-04 13:00:00+08:00,32.54999923706055,32.54999923706055,32.349998474121094,32.349998474121094,370083,0.0,0.0
2024-11-04 13:05:00+08:00,32.349998474121094,32.70000076293945,32.349998474121094,32.54999923706055,285800,0.0,0.0
2024-11-04 13:10:00+08:00,32.54999923706055,32.599998474121094,32.5,32.54999923706055,179000,0.0,0.0
2024-11-04 13:15:00+08:00,32.54999923706055,32.599998474121094,32.45000076293945,32.5,252100,0.0,0.0
2024-11-04 13:20:00+08:00,32.45000076293945,32.79999923706055,32.45000076293945,32.54999923706055,755280,0.0,0.0
2024-11-05 09:00:00+08:00,32.54999923706055,32.849998474121094,32.5,32.650001525878906,0,0.0,0.0
2024-11-05 09:05:00+08:00,32.650001525878906,32.650001525878906,32.349998474121094,32.349998474121094,329651,0.0,0.0
2024-11-05 09:10:00+08:00,32.349998474121094,32.900001525878906,32.20000076293945,32.400001525878906,414013,0.0,0.0
2024-11-05 09:15:00+08:00,32.400001525878906,32.650001525878906,32.400001525878906,32.54999923706055,95180,0.0,0.0
2024-11-05 09:20:00+08:00,32.54999923706055,32.75,32.400001525878906,32.5,123270,0.0,0.0
2024-11-05 09:25:00+08:00,32.5,32.599998474121094,32.400001525878906,32.54999923706055,58150,0.0,0.0
2024-11-05 09:30:00+08:00,32.54999923706055,32.54999923706055,32.400001525878906,32.5,62000,0.0,0.0
2024-11-05 09:35:00+08:00,32.45000076293945,32.45000076293945,32.20000076293945,32.29999923706055,200215,0.0,0.0
2024-11-05 09:40:00+08:00,32.349998474121094,32.45000076293945,32.29999923706055,32.400001525878906,55000,0.0,0.0
2024-11-05 09:45:00+08:00,32.349998474121094,32.349998474121094,32.29999923706055,32.29999923706055,43100,0.0,0.0
2024-11-05 09:50:00+08:00,32.29999923706055,32.349998474121094,32.099998474121094,32.349998474121094,136388,0.0,0.0
2024-11-05 09:55:00+08:00,32.29999923706055,32.45000076293945,32.25,32.400001525878906,53043,0.0,0.0
2024-11-05 10:00:00+08:00,32.349998474121094,32.400001525878906,32.25,32.29999923706055,24000,0.0,0.0
2024-11-05 10:05:00+08:00,32.25,32.400001525878906,32.20000076293945,32.29999923706055,46091,0.0,0.0
2024-11-05 10:10:00+08:00,32.29999923706055,32.5,32.29999923706055,32.45000076293945,40201,0.0,0.0
2024-11-05 10:15:00+08:00,32.45000076293945,32.45000076293945,32.400001525878906,32.45000076293945,6000,0.0,0.0
2024-11-05 10:20:00+08:00,32.400001525878906,32.400001525878906,32.25,32.25,22400,0.0,0.0
2024-11-05 10:25:00+08:00,32.25,32.25,32.150001525878906,32.20000076293945,54037,0.0,0.0
2024-11-05 10:30:00+08:00,32.20000076293945,32.29999923706055,32.20000076293945,32.29999923706055,19273,0.0,0.0
2024-11-05 10:35:00+08:00,32.20000076293945,32.25,32.20000076293945,32.25,15173,0.0,0.0
2024-11-05 10:40:00+08:00,32.25,32.25,32.25,32.25,11042,0.0,0.0
2024-11-05 10:45:00+08:00,32.25,32.25,32.20000076293945,32.25,21000,0.0,0.0
2024-11-05 10:50:00+08:00,32.29999923706055,32.400001525878906,32.29999923706055,32.349998474121094,62575,0.0,0.0
2024-11-05 10:55:00+08:00,32.400001525878906,32.45000076293945,32.400001525878906,32.400001525878906,28090,0.0,0.0
2024-11-05 11:00:00+08:00,32.29999923706055,32.29999923706055,32.20000076293945,32.25,31082,0.0,0.0
2024-11-05 11:05:00+08:00,32.25,32.349998474121094,32.150001525878906,32.349998474121094,43000,0.0,0.0
2024-11-05 11:10:00+08:00,32.25,32.25,32.20000076293945,32.25,10000,0.0,0.0
2024-11-05 11:15:00+08:00,32.20000076293945,32.20000076293945,32.20000076293945,32.20000076293945,5123,0.0,0.0
2024-11-05 11:20:00+08:00,32.20000076293945,32.25,32.20000076293945,32.25,18001,0.0,0.0
2024-11-05 11:25:00+08:00,32.20000076293945,32.20000076293945,32.150001525878906,32.20000076293945,25001,0.0,0.0
2024-11-05 11:35:00+08:00,32.20000076293945,32.20000076293945,32.150001525878906,32.20000076293945,6030,0.0,0.0
2024-11-05 11:40:00+08:00,32.150001525878906,32.150001525878906,32.04999923706055,32.04999923706055,66050,0.0,0.0
2024-11-05 11:45:00+08:00,32.04999923706055,32.099998474121094,32.04999923706055,32.04999923706055,28059,0.0,0.0
2024-11-05 11:50:00+08:00,32.04999923706055,32.099998474121094,32.0,32.04999923706055,76000,0.0,0.0
2024-11-05 11:55:00+08:00,32.04999923706055,32.150001525878906,32.04999923706055,32.099998474121094,26479,0.0,0.0
2024-11-05 12:00:00+08:00,32.099998474121094,32.099998474121094,32.099998474121094,32.099998474121094,22103,0.0,0.0
2024-11-05 12:05:00+08:00,32.099998474121094,32.150001525878906,32.04999923706055,32.04999923706055,24047,0.0,0.0
2024-11-05 12:10:00+08:00,32.150001525878906,32.150001525878906,32.099998474121094,32.150001525878906,19000,0.0,0.0
2024-11-05 12:15:00+08:00,32.150001525878906,32.150001525878906,32.150001525878906,32.150001525878906,9033,0.0,0.0
2024-11-05 12:20:00+08:00,32.150001525878906,32.150001525878906,32.150001525878906,32.150001525878906,16000,0.0,0.0
2024-11-05 12:25:00+08:00,32.20000076293945,32.20000076293945,32.150001525878906,32.20000076293945,34000,0.0,0.0
2024-11-05 12:30:00+08:00,32.20000076293945,33.20000076293945,32.04999923706055,32.79999923706055,586492,0.0,0.0
2024-11-05 12:35:00+08:00,32.79999923706055,33.25,32.650001525878906,32.70000076293945,435862,0.0,0.0
2024-11-05 12:40:00+08:00,32.650001525878906,33.0,32.5,32.650001525878906,136000,0.0,0.0
2024-11-05 12:45:00+08:00,32.599998474121094,33.0,32.54999923706055,32.54999923706055,81010,0.0,0.0
2024-11-05 12:50:00+08:00,32.54999923706055,32.70000076293945,32.54999923706055,32.599998474121094,20007,0.0,0.0
2024-11-05 12:55:00+08:00,32.599998474121094,32.599998474121094,32.5,32.5,88200,0.0,0.0
2024-11-05 13:00:00+08:00,32.54999923706055,32.95000076293945,32.5,32.79999923706055,189000,0.0,0.0
2024-11-05 13:05:00+08:00,32.75,32.79999923706055,32.5,32.599998474121094,108000,0.0,0.0
2024-11-05 13:10:00+08:00,32.599998474121094,32.650001525878906,32.599998474121094,32.650001525878906,43069,0.0,0.0
2024-11-05 13:15:00+08:00,32.650001525878906,32.650001525878906,32.54999923706055,32.599998474121094,107933,0.0,0.0
2024-11-05 13:20:00+08:00,32.650001525878906,32.650001525878906,32.5,32.54999923706055,161201,0.0,0.0
2024-11-06 09:00:00+08:00,32.599998474121094,33.70000076293945,32.599998474121094,33.70000076293945,0,0.0,0.0
2024-11-06 09:05:00+08:00,33.849998474121094,33.900001525878906,33.25,33.599998474121094,531688,0.0,0.0
2024-11-06 09:10:00+08:00,33.5,34.25,33.5,34.0,971110,0.0,0.0
2024-11-06 09:15:00+08:00,34.0,34.0,33.599998474121094,33.70000076293945,204569,0.0,0.0
2024-11-06 09:20:00+08:00,33.70000076293945,33.95000076293945,33.650001525878906,33.95000076293945,140420,0.0,0.0
2024-11-06 09:25:00+08:00,33.900001525878906,33.900001525878906,33.599998474121094,33.599998474121094,130310,0.0,0.0
2024-11-06 09:30:00+08:00,33.599998474121094,33.650001525878906,33.5,33.54999923706055,156300,0.0,0.0
2024-11-06 09:35:00+08:00,33.5,33.54999923706055,33.5,33.5,54251,0.0,0.0
2024-11-06 09:40:00+08:00,33.5,33.54999923706055,33.5,33.54999923706055,60200,0.0,0.0
2024-11-06 09:45:00+08:00,33.54999923706055,33.900001525878906,33.54999923706055,33.849998474121094,157546,0.0,0.0
2024-11-06 09:50:00+08:00,33.849998474121094,33.849998474121094,33.54999923706055,33.54999923706055,153011,0.0,0.0
2024-11-06 09:55:00+08:00,33.54999923706055,33.900001525878906,33.5,33.849998474121094,223000,0.0,0.0
2024-11-06 10:00:00+08:00,33.849998474121094,35.650001525878906,33.79999923706055,35.20000076293945,1581339,0.0,0.0
2024-11-06 10:05:00+08:00,35.25,35.29999923706055,34.45000076293945,34.599998474121094,745357,0.0,0.0
2024-11-06 10:10:00+08:00,34.650001525878906,34.70000076293945,34.45000076293945,34.54999923706055,145010,0.0,0.0
2024-11-06 10:15:00+08:00,34.54999923706055,34.54999923706055,34.04999923706055,34.25,230000,0.0,0.0
2024-11-06 10:20:00+08:00,34.25,34.349998474121094,34.20000076293945,34.20000076293945,43000,0.0,0.0
2024-11-06 10:25:00+08:00,34.20000076293945,35.0,34.20000076293945,34.79999923706055,345731,0.0,0.0
2024-11-06 10:30:00+08:00,34.79999923706055,34.849998474121094,34.400001525878906,34.400001525878906,99331,0.0,0.0
2024-11-06 10:35:00+08:00,34.400001525878906,34.5,34.29999923706055,34.5,98030,0.0,0.0
2024-11-06 10:40:00+08:00,34.5,34.599998474121094,34.400001525878906,34.45000076293945,71205,0.0,0.0
2024-11-06 10:45:00+08:00,34.45000076293945,34.54999923706055,34.45000076293945,34.45000076293945,71549,0.0,0.0
2024-11-06 10:50:00+08:00,34.400001525878906,34.5,34.400001525878906,34.5,19001,0.0,0.0
2024-11-06 10:55:00+08:00,34.5,34.75,34.5,34.70000076293945,117162,0.0,0.0
2024-11-06 11:00:00+08:00,34.70000076293945,34.70000076293945,34.54999923706055,34.54999923706055,36105,0.0,0.0
2024-11-06 11:05:00+08:00,34.54999923706055,34.54999923706055,34.45000076293945,34.45000076293945,52305,0.0,0.0
2024-11-06 11:10:00+08:00,34.45000076293945,34.45000076293945,34.400001525878906,34.45000076293945,28100,0.0,0.0
2024-11-06 11:15:00+08:00,34.400001525878906,35.099998474121094,34.400001525878906,34.79999923706055,360195,0.0,0.0
2024-11-06 11:20:00+08:00,34.900001525878906,35.0,34.650001525878906,34.70000076293945,86005,0.0,0.0
2024-11-06 11:25:00+08:00,34.79999923706055,34.79999923706055,34.54999923706055,34.54999923706055,63530,0.0,0.0
2024-11-06 11:30:00+08:00,34.54999923706055,34.54999923706055,34.45000076293945,34.45000076293945,37587,0.0,0.0
2024-11-06 11:35:00+08:00,34.400001525878906,34.400001525878906,34.25,34.349998474121094,107116,0.0,0.0
2024-11-06 11:40:00+08:00,34.29999923706055,34.45000076293945,34.25,34.45000076293945,70000,0.0,0.0
2024-11-06 11:45:00+08:00,34.349998474121094,34.349998474121094,33.900001525878906,33.95000076293945,199123,0.0,0.0
2024-11-06 11:50:00+08:00,33.900001525878906,33.95000076293945,33.75,33.79999923706055,88500,0.0,0.0
2024-11-06 11:55:00+08:00,33.849998474121094,33.95000076293945,33.79999923706055,33.900001525878906,58100,0.0,0.0
2024-11-06 12:00:00+08:00,33.900001525878906,34.400001525878906,33.849998474121094,34.25,121130,0.0,0.0
2024-11-06 12:05:00+08:00,34.20000076293945,34.25,33.849998474121094,33.95000076293945,68900,0.0,0.0
2024-11-06 12:10:00+08:00,33.95000076293945,34.150001525878906,33.95000076293945,34.04999923706055,58330,0.0,0.0
2024-11-06 12:15:00+08:00,34.04999923706055,34.150001525878906,34.04999923706055,34.150001525878906,44300,0.0,0.0
2024-11-06 12:20:00+08:00,34.20000076293945,34.400001525878906,34.150001525878906,34.349998474121094,56350,0.0,0.0
2024-11-06 12:25:00+08:00,34.29999923706055,34.70000076293945,34.20000076293945,34.5,215500,0.0,0.0
2024-11-06 12:30:00+08:00,34.5,34.5,34.20000076293945,34.29999923706055,29000,0.0,0.0
2024-11-06 12:35:00+08:00,34.29999923706055,34.29999923706055,34.150001525878906,34.25,70300,0.0,0.0
2024-11-06 12:40:00+08:00,34.25,34.29999923706055,34.20000076293945,34.20000076293945,34000,0.0,0.0
2024-11-06 12:45:00+08:00,34.20000076293945,34.20000076293945,34.0,34.099998474121094,75010,0.0,0.0
2024-11-06 12:50:00+08:00,34.099998474121094,34.150001525878906,34.04999923706055,34.150001525878906,25425,0.0,0.0
2024-11-06 12:55:00+08:00,34.20000076293945,34.25,33.95000076293945,34.0,134140,0.0,0.0
2024-11-06 13:00:00+08:00,34.0,34.099998474121094,33.95000076293945,34.0,64000,0.0,0.0
2024-11-06 13:05:00+08:00,34.0,34.0,33.70000076293945,33.70000076293945,157653,0.0,0.0
2024-11-06 13:10:00+08:00,33.75,33.900001525878906,33.75,33.75,98000,0.0,0.0
2024-11-06 13:15:00+08:00,33.75,33.75,33.5,33.599998474121094,226630,0.0,0.0
2024-11-06 13:20:00+08:00,33.54999923706055,33.599998474121094,33.5,33.54999923706055,178716,0.0,0.0
2024-11-07 09:00:00+08:00,33.54999923706055,35.25,33.54999923706055,35.04999923706055,0,0.0,0.0
2024-11-07 09:05:00+08:00,35.04999923706055,35.150001525878906,34.04999923706055,34.29999923706055,594660,0.0,0.0
2024-11-07 09:10:00+08:00,34.20000076293945,35.150001525878906,33.849998474121094,35.0,734454,0.0,0.0
2024-11-07 09:15:00+08:00,35.0,35.0,34.400001525878906,34.70000076293945,263476,0.0,0.0
2024-11-07 09:20:00+08:00,34.70000076293945,34.849998474121094,34.20000076293945,34.20000076293945,153250,0.0,0.0
2024-11-07 09:25:00+08:00,34.20000076293945,34.599998474121094,34.0,34.25,256521,0.0,0.0
2024-11-07 09:30:00+08:00,34.25,34.599998474121094,34.25,34.5,76304,0.0,0.0
2024-11-07 09:35:00+08:00,34.5,34.79999923706055,34.29999923706055,34.75,172226,0.0,0.0
2024-11-07 09:40:00+08:00,34.70000076293945,34.75,34.54999923706055,34.599998474121094,52100,0.0,0.0
2024-11-07 09:45:00+08:00,34.650001525878906,34.79999923706055,34.54999923706055,34.75,92010,0.0,0.0
2024-11-07 09:50:00+08:00,34.70000076293945,34.95000076293945,34.54999923706055,34.95000076293945,112070,0.0,0.0
2024-11-07 09:55:00+08:00,34.95000076293945,34.95000076293945,34.70000076293945,34.849998474121094,79530,0.0,0.0
2024-11-07 10:00:00+08:00,34.900001525878906,35.650001525878906,34.79999923706055,35.25,1368284,0.0,0.0
2024-11-07 10:05:00+08:00,35.29999923706055,35.349998474121094,34.900001525878906,34.900001525878906,369000,0.0,0.0
2024-11-07 10:10:00+08:00,34.900001525878906,34.95000076293945,34.70000076293945,34.900001525878906,130645,0.0,0.0
2024-11-07 10:15:00+08:00,34.95000076293945,35.0,34.75,34.79999923706055,104015,0.0,0.0
2024-11-07 10:20:00+08:00,34.79999923706055,34.79999923706055,34.5,34.650001525878906,160515,0.0,0.0
2024-11-07 10:25:00+08:00,34.599998474121094,34.79999923706055,34.599998474121094,34.79999923706055,47260,0.0,0.0
2024-11-07 10:30:00+08:00,34.79999923706055,34.79999923706055,34.650001525878906,34.70000076293945,28000,0.0,0.0
2024-11-07 10:35:00+08:00,34.70000076293945,34.849998474121094,34.70000076293945,34.849998474121094,45002,0.0,0.0
2024-11-07 10:40:00+08:00,34.79999923706055,34.79999923706055,34.75,34.75,24000,0.0,0.0
2024-11-07 10:45:00+08:00,34.70000076293945,34.70000076293945,34.349998474121094,34.54999923706055,229697,0.0,0.0
2024-11-07 10:50:00+08:00,34.599998474121094,34.599998474121094,34.54999923706055,34.599998474121094,23000,0.0,0.0
2024-11-07 10:55:00+08:00,34.54999923706055,34.599998474121094,34.54999923706055,34.599998474121094,14200,0.0,0.0
2024-11-07 11:00:00+08:00,34.650001525878906,34.70000076293945,34.650001525878906,34.650001525878906,21200,0.0,0.0
2024-11-07 11:05:00+08:00,34.70000076293945,34.75,34.70000076293945,34.70000076293945,22009,0.0,0.0
2024-11-07 11:10:00+08:00,34.75,35.150001525878906,34.70000076293945,34.95000076293945,209988,0.0,0.0
2024-11-07 11:15:00+08:00,34.849998474121094,35.0,34.70000076293945,34.75,31060,0.0,0.0
2024-11-07 11:20:00+08:00,34.900001525878906,35.20000076293945,34.900001525878906,35.099998474121094,172000,0.0,0.0
2024-11-07 11:25:00+08:00,35.099998474121094,35.099998474121094,34.95000076293945,34.95000076293945,27010,0.0,0.0
2024-11-07 11:30:00+08:00,34.95000076293945,35.0,34.849998474121094,34.900001525878906,32000,0.0,0.0
2024-11-07 11:35:00+08:00,34.900001525878906,35.0,34.900001525878906,35.0,43000,0.0,0.0
2024-11-07 11:40:00+08:00,34.95000076293945,35.04999923706055,34.900001525878906,35.04999923706055,57000,0.0,0.0
2024-11-07 11:45:00+08:00,35.0,35.04999923706055,35.0,35.0,25005,0.0,0.0
2024-11-07 11:50:00+08:00,35.04999923706055,35.04999923706055,34.849998474121094,34.95000076293945,52050,0.0,0.0
2024-11-07 11:55:00+08:00,34.95000076293945,35.0,34.95000076293945,35.0,7100,0.0,0.0
2024-11-07 12:00:00+08:00,35.0,35.0,34.849998474121094,34.900001525878906,26082,0.0,0.0
2024-11-07 12:05:00+08:00,34.900001525878906,34.900001525878906,34.54999923706055,34.70000076293945,112218,0.0,0.0
2024-11-07 12:10:00+08:00,34.70000076293945,34.70000076293945,34.599998474121094,34.599998474121094,50005,0.0,0.0
2024-11-07 12:15:00+08:00,34.599998474121094,34.79999923706055,34.599998474121094,34.79999923706055,27000,0.0,0.0
2024-11-07 12:20:00+08:00,34.79999923706055,34.900001525878906,34.79999923706055,34.849998474121094,18060,0.0,0.0
2024-11-07 12:25:00+08:00,34.79999923706055,34.849998474121094,34.79999923706055,34.849998474121094,16025,0.0,0.0
2024-11-07 12:30:00+08:00,34.849998474121094,34.849998474121094,34.650001525878906,34.650001525878906,35030,0.0,0.0
2024-11-07 12:35:00+08:00,34.650001525878906,34.79999923706055,34.650001525878906,34.75,30100,0.0,0.0
2024-11-07 12:40:00+08:00,34.79999923706055,34.79999923706055,34.70000076293945,34.79999923706055,28030,0.0,0.0
2024-11-07 12:45:00+08:00,34.79999923706055,34.79999923706055,34.650001525878906,34.70000076293945,22200,0.0,0.0
2024-11-07 12:50:00+08:00,34.75,34.75,34.599998474121094,34.599998474121094,41000,0.0,0.0
2024-11-07 12:55:00+08:00,34.599998474121094,34.650001525878906,34.599998474121094,34.599998474121094,45040,0.0,0.0
2024-11-07 13:00:00+08:00,34.650001525878906,34.650001525878906,34.54999923706055,34.599998474121094,71100,0.0,0.0
2024-11-07 13:05:00+08:00,34.599998474121094,34.599998474121094,34.45000076293945,34.45000076293945,107000,0.0,0.0
2024-11-07 13:10:00+08:00,34.5,34.70000076293945,34.5,34.599998474121094,129000,0.0,0.0
2024-11-07 13:15:00+08:00,34.599998474121094,34.650001525878906,34.54999923706055,34.54999923706055,81099,0.0,0.0
2024-11-07 13:20:00+08:00,34.599998474121094,34.599998474121094,34.45000076293945,34.45000076293945,155265,0.0,0.0
2024-11-08 09:00:00+08:00,34.150001525878906,34.54999923706055,33.54999923706055,33.70000076293945,465000,0.0,0.0
2024-11-08 09:05:00+08:00,33.650001525878906,34.45000076293945,33.54999923706055,34.0,248000,0.0,0.0
2024-11-08 09:10:00+08:00,34.0,34.0,33.75,33.79999923706055,47255,0.0,0.0
2024-11-08 09:15:00+08:00,33.70000076293945,33.79999923706055,33.54999923706055,33.75,89099,0.0,0.0
2024-11-08 09:20:00+08:00,33.70000076293945,34.25,33.650001525878906,34.25,112426,0.0,0.0
2024-11-08 09:25:00+08:00,34.25,37.04999923706055,34.099998474121094,37.04999923706055,2277162,0.0,0.0
2024-11-08 09:30:00+08:00,37.650001525878906,37.70000076293945,36.70000076293945,37.0,2175366,0.0,0.0
2024-11-08 09:35:00+08:00,37.04999923706055,37.400001525878906,36.70000076293945,37.099998474121094,990666,0.0,0.0
2024-11-08 09:40:00+08:00,37.04999923706055,37.54999923706055,36.849998474121094,37.29999923706055,726211,0.0,0.0
2024-11-08 09:45:00+08:00,37.29999923706055,37.70000076293945,37.29999923706055,37.70000076293945,3208426,0.0,0.0
2024-11-08 09:50:00+08:00,37.70000076293945,37.70000076293945,37.70000076293945,37.70000076293945,313493,0.0,0.0
2024-11-08 09:55:00+08:00,37.70000076293945,37.70000076293945,37.70000076293945,37.70000076293945,137206,0.0,0.0
2024-11-08 10:00:00+08:00,37.70000076293945,37.70000076293945,37.70000076293945,37.70000076293945,94050,0.0,0.0
2024-11-08 10:05:00+08:00,37.70000076293945,37.70000076293945,37.70000076293945,37.70000076293945,178620,0.0,0.0
2024-11-08 10:10:00+08:00,37.70000076293945,37.70000076293945,37.70000076293945,37.70000076293945,78387,0.0,0.0
2024-11-08 10:15:00+08:00,37.70000076293945,37.70000076293945,37.70000076293945,37.70000076293945,63841,0.0,0.0
2024-11-08 10:20:00+08:00,37.70000076293945,37.70000076293945,37.70000076293945,37.70000076293945,47176,0.0,0.0
2024-11-08 10:25:00+08:00,37.70000076293945,37.70000076293945,37.70000076293945,37.70000076293945,24858,0.0,0.0
2024-11-08 10:30:00+08:00,37.70000076293945,37.70000076293945,37.70000076293945,37.70000076293945,37771,0.0,0.0
2024-11-08 10:35:00+08:00,37.70000076293945,37.70000076293945,37.70000076293945,37.70000076293945,71292,0.0,0.0
2024-11-08 10:40:00+08:00,37.70000076293945,37.70000076293945,37.70000076293945,37.70000076293945,35381,0.0,0.0
2024-11-08 10:45:00+08:00,37.70000076293945,37.70000076293945,37.70000076293945,37.70000076293945,17056,0.0,0.0
2024-11-08 10:50:00+08:00,37.70000076293945,37.70000076293945,37.70000076293945,37.70000076293945,33022,0.0,0.0
2024-11-08 10:55:00+08:00,37.70000076293945,37.70000076293945,37.70000076293945,37.70000076293945,51670,0.0,0.0
2024-11-08 11:00:00+08:00,37.70000076293945,37.70000076293945,37.70000076293945,37.70000076293945,0,0.0,0.0
2024-11-08 11:05:00+08:00,37.70000076293945,37.70000076293945,37.70000076293945,37.70000076293945,11557773,0.0,0.0
2024-11-08 11:10:00+08:00,37.70000076293945,37.70000076293945,37.70000076293945,37.70000076293945,25311,0.0,0.0
2024-11-08 11:15:00+08:00,37.70000076293945,37.70000076293945,37.70000076293945,37.70000076293945,17726,0.0,0.0
2024-11-08 11:20:00+08:00,37.70000076293945,37.70000076293945,37.70000076293945,37.70000076293945,6084,0.0,0.0
2024-11-08 11:25:00+08:00,37.70000076293945,37.70000076293945,37.70000076293945,37.70000076293945,22181,0.0,0.0
2024-11-08 11:30:00+08:00,37.70000076293945,37.70000076293945,37.70000076293945,37.70000076293945,10150,0.0,0.0
2024-11-08 11:35:00+08:00,37.70000076293945,37.70000076293945,37.70000076293945,37.70000076293945,23206,0.0,0.0
2024-11-08 11:40:00+08:00,37.70000076293945,37.70000076293945,37.70000076293945,37.70000076293945,35020,0.0,0.0
2024-11-08 11:45:00+08:00,37.70000076293945,37.70000076293945,37.70000076293945,37.70000076293945,24398,0.0,0.0
2024-11-08 11:50:00+08:00,37.70000076293945,37.70000076293945,37.70000076293945,37.70000076293945,10163,0.0,0.0
2024-11-08 11:55:00+08:00,37.70000076293945,37.70000076293945,37.70000076293945,37.70000076293945,5925,0.0,0.0
2024-11-08 12:00:00+08:00,37.70000076293945,37.70000076293945,37.70000076293945,37.70000076293945,27180,0.0,0.0
2024-11-08 12:05:00+08:00,37.70000076293945,37.70000076293945,37.70000076293945,37.70000076293945,12243,0.0,0.0
2024-11-08 12:10:00+08:00,37.70000076293945,37.70000076293945,37.70000076293945,37.70000076293945,6000,0.0,0.0
2024-11-08 12:15:00+08:00,37.70000076293945,37.70000076293945,37.70000076293945,37.70000076293945,21650,0.0,0.0
2024-11-08 12:20:00+08:00,37.70000076293945,37.70000076293945,37.70000076293945,37.70000076293945,13708,0.0,0.0
2024-11-08 12:25:00+08:00,37.70000076293945,37.70000076293945,37.70000076293945,37.70000076293945,25249,0.0,0.0
2024-11-08 12:30:00+08:00,37.70000076293945,37.70000076293945,37.70000076293945,37.70000076293945,35978,0.0,0.0
2024-11-08 12:35:00+08:00,37.70000076293945,37.70000076293945,37.70000076293945,37.70000076293945,15155,0.0,0.0
2024-11-08 12:40:00+08:00,37.70000076293945,37.70000076293945,37.70000076293945,37.70000076293945,23189,0.0,0.0
2024-11-08 12:45:00+08:00,37.70000076293945,37.70000076293945,37.70000076293945,37.70000076293945,15072,0.0,0.0
2024-11-08 12:50:00+08:00,37.70000076293945,37.70000076293945,37.70000076293945,37.70000076293945,25020,0.0,0.0
2024-11-08 12:55:00+08:00,37.70000076293945,37.70000076293945,37.70000076293945,37.70000076293945,31568,0.0,0.0
2024-11-08 13:00:00+08:00,37.70000076293945,37.70000076293945,37.70000076293945,37.70000076293945,11167,0.0,0.0
2024-11-08 13:05:00+08:00,37.70000076293945,37.70000076293945,37.70000076293945,37.70000076293945,19120,0.0,0.0
2024-11-08 13:10:00+08:00,37.70000076293945,37.70000076293945,37.70000076293945,37.70000076293945,5336,0.0,0.0
2024-11-08 13:15:00+08:00,37.70000076293945,37.70000076293945,37.70000076293945,37.70000076293945,18010,0.0,0.0
2024-11-08 13:20:00+08:00,37.70000076293945,37.70000076293945,37.70000076293945,37.70000076293945,30294,0.0,0.0
