Datetime,Open,High,Low,Close,Volume,Dividends,Stock Splits
2024-06-06 09:30:00-04:00,43.650001525878906,43.72999954223633,43.334999084472656,43.34000015258789,2414,0.0,0.0
2024-06-06 09:35:00-04:00,43.040000915527344,43.130001068115234,42.9900016784668,43.029998779296875,879,0.0,0.0
2024-06-06 09:40:00-04:00,43.029998779296875,43.060001373291016,43.029998779296875,43.060001373291016,243,0.0,0.0
2024-06-06 09:45:00-04:00,43.02000045776367,43.560001373291016,42.9900016784668,43.560001373291016,11670,0.0,0.0
2024-06-06 09:50:00-04:00,43.33000183105469,43.61000061035156,43.31999969482422,43.33000183105469,6370,0.0,0.0
2024-06-06 09:55:00-04:00,43.5,43.5,43.31999969482422,43.31999969482422,1156,0.0,0.0
2024-06-06 10:00:00-04:00,43.33000183105469,43.380001068115234,43.279998779296875,43.380001068115234,1489,0.0,0.0
2024-06-06 10:05:00-04:00,43.33000183105469,43.369998931884766,43.08000183105469,43.08000183105469,3984,0.0,0.0
2024-06-06 10:15:00-04:00,42.9900016784668,42.9900016784668,42.61000061035156,42.61000061035156,4070,0.0,0.0
2024-06-06 10:20:00-04:00,42.56999969482422,42.56999969482422,42.290199279785156,42.525001525878906,5742,0.0,0.0
2024-06-06 10:25:00-04:00,42.525001525878906,42.525001525878906,42.415000915527344,42.45000076293945,2062,0.0,0.0
2024-06-06 10:30:00-04:00,42.459999084472656,42.459999084472656,42.369998931884766,42.369998931884766,3711,0.0,0.0
2024-06-06 10:35:00-04:00,42.43000030517578,42.470001220703125,42.29999923706055,42.29999923706055,4858,0.0,0.0
2024-06-06 10:40:00-04:00,42.33000183105469,42.459999084472656,42.29999923706055,42.35499954223633,5386,0.0,0.0
2024-06-06 10:45:00-04:00,42.380001068115234,42.38999938964844,42.209999084472656,42.209999084472656,7806,0.0,0.0
2024-06-06 10:50:00-04:00,42.18000030517578,42.25,42.15999984741211,42.25,2725,0.0,0.0
2024-06-06 10:55:00-04:00,42.209999084472656,42.310001373291016,42.130001068115234,42.209999084472656,4662,0.0,0.0
2024-06-06 11:00:00-04:00,42.25,42.73500061035156,42.244998931884766,42.73500061035156,6926,0.0,0.0
2024-06-06 11:05:00-04:00,42.61000061035156,42.79499816894531,42.61000061035156,42.79499816894531,1236,0.0,0.0
2024-06-06 11:10:00-04:00,42.79499816894531,42.95000076293945,42.56999969482422,42.64500045776367,3084,0.0,0.0
2024-06-06 11:15:00-04:00,42.58000183105469,42.7400016784668,42.560001373291016,42.689998626708984,2738,0.0,0.0
2024-06-06 11:20:00-04:00,42.69499969482422,42.69499969482422,42.43000030517578,42.43000030517578,1655,0.0,0.0
2024-06-06 11:25:00-04:00,42.310001373291016,42.43000030517578,42.290000915527344,42.43000030517578,1462,0.0,0.0
2024-06-06 11:30:00-04:00,42.22999954223633,42.349998474121094,42.22999954223633,42.22999954223633,524,0.0,0.0
2024-06-06 11:35:00-04:00,42.22999954223633,42.34000015258789,42.18000030517578,42.18000030517578,1053,0.0,0.0
2024-06-06 11:40:00-04:00,42.310001373291016,42.529998779296875,42.310001373291016,42.529998779296875,2217,0.0,0.0
2024-06-06 11:45:00-04:00,42.400001525878906,42.400001525878906,42.400001525878906,42.400001525878906,510,0.0,0.0
2024-06-06 11:50:00-04:00,42.5099983215332,42.5099983215332,42.5099983215332,42.5099983215332,314,0.0,0.0
2024-06-06 11:55:00-04:00,42.2400016784668,42.31999969482422,42.209999084472656,42.209999084472656,692,0.0,0.0
2024-06-06 12:00:00-04:00,42.2400016784668,42.2400016784668,42.20000076293945,42.20000076293945,1022,0.0,0.0
2024-06-06 12:05:00-04:00,42.209999084472656,42.349998474121094,42.209999084472656,42.349998474121094,3191,0.0,0.0
2024-06-06 12:10:00-04:00,42.36000061035156,42.36000061035156,42.36000061035156,42.36000061035156,1380,0.0,0.0
2024-06-06 12:15:00-04:00,42.33000183105469,42.33000183105469,42.17499923706055,42.17499923706055,2682,0.0,0.0
2024-06-06 12:20:00-04:00,42.130001068115234,42.2599983215332,42.06999969482422,42.08000183105469,6689,0.0,0.0
2024-06-06 12:25:00-04:00,42.150001525878906,42.150001525878906,42.150001525878906,42.150001525878906,285,0.0,0.0
2024-06-06 12:30:00-04:00,42.099998474121094,42.290000915527344,42.040000915527344,42.290000915527344,3375,0.0,0.0
2024-06-06 12:35:00-04:00,42.130001068115234,42.130001068115234,42.11000061035156,42.11000061035156,328,0.0,0.0
2024-06-06 12:40:00-04:00,42.15999984741211,42.31999969482422,42.15999984741211,42.31999969482422,1349,0.0,0.0
2024-06-06 12:45:00-04:00,42.22999954223633,42.2599983215332,42.220001220703125,42.220001220703125,1283,0.0,0.0
2024-06-06 12:50:00-04:00,42.290000915527344,42.290000915527344,41.95000076293945,42.220001220703125,15428,0.0,0.0
2024-06-06 12:55:00-04:00,42.2400016784668,42.2400016784668,42.11000061035156,42.11000061035156,2232,0.0,0.0
2024-06-06 13:00:00-04:00,42.04999923706055,42.220001220703125,42.04999923706055,42.220001220703125,2544,0.0,0.0
2024-06-06 13:05:00-04:00,42.14500045776367,42.14500045776367,42.14500045776367,42.14500045776367,562,0.0,0.0
2024-06-06 13:10:00-04:00,42.125,42.279998779296875,42.060001373291016,42.279998779296875,3544,0.0,0.0
2024-06-06 13:15:00-04:00,42.27000045776367,42.33000183105469,42.27000045776367,42.29999923706055,5382,0.0,0.0
2024-06-06 13:20:00-04:00,42.29999923706055,42.29999923706055,42.18000030517578,42.18000030517578,1006,0.0,0.0
2024-06-06 13:25:00-04:00,42.20000076293945,42.31999969482422,42.20000076293945,42.31999969482422,1030,0.0,0.0
2024-06-06 13:30:00-04:00,42.369998931884766,42.38999938964844,42.349998474121094,42.38999938964844,1623,0.0,0.0
2024-06-06 13:35:00-04:00,42.31999969482422,42.31999969482422,42.220001220703125,42.224998474121094,4219,0.0,0.0
2024-06-06 13:40:00-04:00,42.189998626708984,42.540000915527344,42.189998626708984,42.540000915527344,5509,0.0,0.0
2024-06-06 13:45:00-04:00,42.505001068115234,42.505001068115234,42.505001068115234,42.505001068115234,6047,0.0,0.0
2024-06-06 13:50:00-04:00,42.505001068115234,42.68000030517578,42.470001220703125,42.60499954223633,7764,0.0,0.0
2024-06-06 13:55:00-04:00,42.54999923706055,42.60499954223633,42.54999923706055,42.60499954223633,2395,0.0,0.0
2024-06-06 14:00:00-04:00,42.60499954223633,42.60499954223633,42.470001220703125,42.470001220703125,2606,0.0,0.0
2024-06-06 14:05:00-04:00,42.29999923706055,42.369998931884766,42.26499938964844,42.26499938964844,2032,0.0,0.0
2024-06-06 14:10:00-04:00,42.02000045776367,42.15999984741211,42.02000045776367,42.13999938964844,1825,0.0,0.0
2024-06-06 14:15:00-04:00,42.16999816894531,42.29999923706055,42.16999816894531,42.29999923706055,4299,0.0,0.0
2024-06-06 14:20:00-04:00,42.36000061035156,42.36000061035156,42.28499984741211,42.28499984741211,483,0.0,0.0
2024-06-06 14:25:00-04:00,42.25,42.279998779296875,42.15999984741211,42.15999984741211,1180,0.0,0.0
2024-06-06 14:30:00-04:00,42.150001525878906,42.310001373291016,42.150001525878906,42.279998779296875,1219,0.0,0.0
2024-06-06 14:35:00-04:00,42.18000030517578,42.290000915527344,42.13999938964844,42.13999938964844,780,0.0,0.0
2024-06-06 14:40:00-04:00,42.189998626708984,42.290000915527344,42.189998626708984,42.20000076293945,1258,0.0,0.0
2024-06-06 14:45:00-04:00,42.31999969482422,42.529998779296875,42.31999969482422,42.505001068115234,2728,0.0,0.0
2024-06-06 14:50:00-04:00,42.56999969482422,42.599998474121094,42.5,42.599998474121094,1933,0.0,0.0
2024-06-06 14:55:00-04:00,42.474998474121094,42.595001220703125,42.474998474121094,42.51499938964844,1828,0.0,0.0
2024-06-06 15:00:00-04:00,42.52000045776367,42.54499816894531,42.45000076293945,42.47999954223633,1671,0.0,0.0
2024-06-06 15:05:00-04:00,42.5,42.52000045776367,42.45000076293945,42.45000076293945,3354,0.0,0.0
2024-06-06 15:10:00-04:00,42.380001068115234,42.52000045776367,42.380001068115234,42.40999984741211,4481,0.0,0.0
2024-06-06 15:15:00-04:00,42.36000061035156,42.40999984741211,42.334999084472656,42.404998779296875,1761,0.0,0.0
2024-06-06 15:20:00-04:00,42.31999969482422,42.43000030517578,42.31999969482422,42.43000030517578,1718,0.0,0.0
2024-06-06 15:25:00-04:00,42.40999984741211,42.43000030517578,42.369998931884766,42.43000030517578,2308,0.0,0.0
2024-06-06 15:30:00-04:00,42.349998474121094,42.5099983215332,42.349998474121094,42.4900016784668,7261,0.0,0.0
2024-06-06 15:35:00-04:00,42.40999984741211,42.470001220703125,42.40999984741211,42.470001220703125,1075,0.0,0.0
2024-06-06 15:40:00-04:00,42.40999984741211,42.5,42.380001068115234,42.459999084472656,4952,0.0,0.0
2024-06-06 15:45:00-04:00,42.38999938964844,42.415000915527344,42.189998626708984,42.189998626708984,20705,0.0,0.0
2024-06-06 15:50:00-04:00,42.209999084472656,42.25,42.06999969482422,42.08000183105469,19604,0.0,0.0
2024-06-06 15:55:00-04:00,42.07500076293945,42.130001068115234,41.9900016784668,42.06999969482422,37279,0.0,0.0
2024-06-07 09:30:00-04:00,41.380001068115234,41.5,41.380001068115234,41.5,1489,0.0,0.0
2024-06-07 09:35:00-04:00,41.79499816894531,41.880001068115234,41.70000076293945,41.849998474121094,1344,0.0,0.0
2024-06-07 09:40:00-04:00,41.65999984741211,41.70000076293945,41.29999923706055,41.70000076293945,4457,0.0,0.0
2024-06-07 09:45:00-04:00,41.8760986328125,41.8760986328125,41.529998779296875,41.79499816894531,27977,0.0,0.0
2024-06-07 09:50:00-04:00,41.790000915527344,41.95000076293945,41.56999969482422,41.56999969482422,2693,0.0,0.0
2024-06-07 09:55:00-04:00,41.68000030517578,41.69499969482422,41.439998626708984,41.439998626708984,1780,0.0,0.0
2024-06-07 10:00:00-04:00,41.41999816894531,41.70000076293945,41.41999816894531,41.689998626708984,1505,0.0,0.0
2024-06-07 10:05:00-04:00,41.595001220703125,41.595001220703125,41.41999816894531,41.439998626708984,1576,0.0,0.0
2024-06-07 10:10:00-04:00,41.43000030517578,41.55500030517578,41.40999984741211,41.54999923706055,1226,0.0,0.0
2024-06-07 10:15:00-04:00,41.45000076293945,41.61000061035156,41.45000076293945,41.47999954223633,3752,0.0,0.0
2024-06-07 10:20:00-04:00,41.52000045776367,41.599998474121094,41.380001068115234,41.51499938964844,8619,0.0,0.0
2024-06-07 10:25:00-04:00,41.665000915527344,41.72999954223633,41.459999084472656,41.4900016784668,3618,0.0,0.0
2024-06-07 10:30:00-04:00,41.41999816894531,41.47999954223633,41.400001525878906,41.47999954223633,2051,0.0,0.0
2024-06-07 10:35:00-04:00,41.52000045776367,41.52000045776367,41.41999816894531,41.5,1917,0.0,0.0
2024-06-07 10:40:00-04:00,41.625,41.650001525878906,41.59000015258789,41.59000015258789,1276,0.0,0.0
2024-06-07 10:45:00-04:00,41.560001373291016,41.68000030517578,41.540000915527344,41.560001373291016,4558,0.0,0.0
2024-06-07 10:50:00-04:00,41.69499969482422,41.69499969482422,41.45000076293945,41.45000076293945,2776,0.0,0.0
2024-06-07 10:55:00-04:00,41.400001525878906,41.400001525878906,41.400001525878906,41.400001525878906,600,0.0,0.0
2024-06-07 11:00:00-04:00,41.34000015258789,41.41999816894531,41.34000015258789,41.34000015258789,1047,0.0,0.0
2024-06-07 11:05:00-04:00,41.33000183105469,41.33000183105469,41.22999954223633,41.22999954223633,3055,0.0,0.0
2024-06-07 11:10:00-04:00,41.15999984741211,41.29999923706055,41.15999984741211,41.255001068115234,1994,0.0,0.0
2024-06-07 11:15:00-04:00,41.220001220703125,41.34000015258789,41.209999084472656,41.279998779296875,12710,0.0,0.0
2024-06-07 11:20:00-04:00,41.2400016784668,41.349998474121094,41.2400016784668,41.349998474121094,2661,0.0,0.0
2024-06-07 11:30:00-04:00,41.34000015258789,41.349998474121094,41.27000045776367,41.27000045776367,1498,0.0,0.0
2024-06-07 11:35:00-04:00,41.31999969482422,41.31999969482422,41.31999969482422,41.31999969482422,798,0.0,0.0
2024-06-07 11:40:00-04:00,41.314998626708984,41.33000183105469,41.314998626708984,41.33000183105469,816,0.0,0.0
2024-06-07 11:45:00-04:00,41.34000015258789,41.5,41.34000015258789,41.5,2514,0.0,0.0
2024-06-07 11:50:00-04:00,41.40999984741211,41.40999984741211,41.310001373291016,41.310001373291016,2372,0.0,0.0
2024-06-07 12:00:00-04:00,41.27000045776367,41.32500076293945,41.2599983215332,41.2599983215332,386,0.0,0.0
2024-06-07 12:05:00-04:00,41.29999923706055,41.29999923706055,41.2400016784668,41.279998779296875,2716,0.0,0.0
2024-06-07 12:15:00-04:00,41.2400016784668,41.2400016784668,41.029998779296875,41.04999923706055,4370,0.0,0.0
2024-06-07 12:20:00-04:00,41.040000915527344,41.08000183105469,41.0099983215332,41.0099983215332,1174,0.0,0.0
2024-06-07 12:25:00-04:00,41.060001373291016,41.13999938964844,41.060001373291016,41.13999938964844,3562,0.0,0.0
2024-06-07 12:30:00-04:00,41.060001373291016,41.099998474121094,40.88999938964844,40.93000030517578,4490,0.0,0.0
2024-06-07 12:35:00-04:00,40.974998474121094,41.0099983215332,40.95500183105469,40.95500183105469,1260,0.0,0.0
2024-06-07 12:40:00-04:00,40.935001373291016,41.0,40.935001373291016,40.95500183105469,1478,0.0,0.0
2024-06-07 12:45:00-04:00,40.94499969482422,40.95000076293945,40.7400016784668,40.849998474121094,6163,0.0,0.0
2024-06-07 12:50:00-04:00,40.880001068115234,40.880001068115234,40.86000061035156,40.86000061035156,1097,0.0,0.0
2024-06-07 12:55:00-04:00,40.849998474121094,41.1349983215332,40.849998474121094,41.1349983215332,6630,0.0,0.0
2024-06-07 13:00:00-04:00,41.1150016784668,41.189998626708984,41.1150016784668,41.125,585,0.0,0.0
2024-06-07 13:05:00-04:00,41.130001068115234,41.189998626708984,41.025001525878906,41.040000915527344,4449,0.0,0.0
2024-06-07 13:10:00-04:00,41.04999923706055,41.04999923706055,41.04999923706055,41.04999923706055,804,0.0,0.0
2024-06-07 13:15:00-04:00,41.040000915527344,41.040000915527344,40.880001068115234,40.880001068115234,2662,0.0,0.0
2024-06-07 13:20:00-04:00,40.849998474121094,40.95000076293945,40.849998474121094,40.90999984741211,3336,0.0,0.0
2024-06-07 13:25:00-04:00,40.90999984741211,40.98320007324219,40.529998779296875,40.54999923706055,16012,0.0,0.0
2024-06-07 13:30:00-04:00,40.61000061035156,40.61000061035156,40.5099983215332,40.5099983215332,3283,0.0,0.0
2024-06-07 13:35:00-04:00,40.53499984741211,40.53499984741211,40.53499984741211,40.53499984741211,915,0.0,0.0
2024-06-07 13:40:00-04:00,40.4900016784668,40.4900016784668,40.459999084472656,40.470001220703125,2083,0.0,0.0
2024-06-07 13:45:00-04:00,40.470001220703125,40.7400016784668,40.470001220703125,40.68000030517578,7606,0.0,0.0
2024-06-07 13:50:00-04:00,40.66999816894531,40.709999084472656,40.650001525878906,40.709999084472656,3487,0.0,0.0
2024-06-07 13:55:00-04:00,40.709999084472656,40.709999084472656,40.709999084472656,40.709999084472656,1431,0.0,0.0
2024-06-07 14:00:00-04:00,40.689998626708984,40.689998626708984,40.59000015258789,40.65999984741211,4000,0.0,0.0
2024-06-07 14:05:00-04:00,40.650001525878906,40.650001525878906,40.58000183105469,40.599998474121094,3829,0.0,0.0
2024-06-07 14:10:00-04:00,40.667999267578125,41.11000061035156,40.6349983215332,41.11000061035156,18135,0.0,0.0
2024-06-07 14:15:00-04:00,41.02000045776367,41.35499954223633,41.02000045776367,41.2599983215332,11296,0.0,0.0
2024-06-07 14:20:00-04:00,41.2599983215332,41.369998931884766,41.22999954223633,41.30500030517578,14110,0.0,0.0
2024-06-07 14:25:00-04:00,41.22999954223633,41.22999954223633,40.93000030517578,40.939998626708984,3386,0.0,0.0
2024-06-07 14:30:00-04:00,40.95000076293945,41.2599983215332,40.939998626708984,41.23500061035156,5448,0.0,0.0
2024-06-07 14:35:00-04:00,41.23500061035156,41.2400016784668,41.15999984741211,41.20000076293945,2183,0.0,0.0
2024-06-07 14:40:00-04:00,41.255001068115234,41.282501220703125,41.13999938964844,41.15999984741211,4245,0.0,0.0
2024-06-07 14:45:00-04:00,41.16999816894531,41.22999954223633,41.099998474121094,41.15999984741211,24288,0.0,0.0
2024-06-07 14:50:00-04:00,41.11000061035156,41.18000030517578,41.099998474121094,41.18000030517578,10246,0.0,0.0
2024-06-07 14:55:00-04:00,41.11000061035156,41.130001068115234,40.84000015258789,40.880001068115234,9724,0.0,0.0
2024-06-07 15:00:00-04:00,40.904998779296875,41.02000045776367,40.77000045776367,41.005001068115234,13066,0.0,0.0
2024-06-07 15:05:00-04:00,41.01499938964844,41.04999923706055,40.95000076293945,41.04499816894531,7389,0.0,0.0
2024-06-07 15:10:00-04:00,41.0099983215332,41.025001525878906,40.970001220703125,40.970001220703125,2562,0.0,0.0
2024-06-07 15:15:00-04:00,40.970001220703125,41.279998779296875,40.970001220703125,41.279998779296875,20452,0.0,0.0
2024-06-07 15:20:00-04:00,41.224998474121094,41.25,40.95000076293945,41.060001373291016,10426,0.0,0.0
2024-06-07 15:25:00-04:00,41.040000915527344,41.459999084472656,41.040000915527344,41.45000076293945,25015,0.0,0.0
2024-06-07 15:30:00-04:00,41.400001525878906,41.71500015258789,41.400001525878906,41.56999969482422,14754,0.0,0.0
2024-06-07 15:35:00-04:00,41.540000915527344,41.650001525878906,41.380001068115234,41.58000183105469,29104,0.0,0.0
2024-06-07 15:40:00-04:00,41.57500076293945,41.57500076293945,41.45000076293945,41.560001373291016,10304,0.0,0.0
2024-06-07 15:45:00-04:00,41.529998779296875,41.54499816894531,41.4900016784668,41.54499816894531,4618,0.0,0.0
2024-06-07 15:50:00-04:00,41.53499984741211,41.540000915527344,41.34000015258789,41.34000015258789,13007,0.0,0.0
2024-06-07 15:55:00-04:00,41.380001068115234,41.70000076293945,41.380001068115234,41.65999984741211,53575,0.0,0.0
2024-06-10 09:30:00-04:00,41.09000015258789,41.74869918823242,40.970001220703125,41.74869918823242,5463,0.0,0.0
2024-06-10 09:35:00-04:00,41.71770095825195,41.790000915527344,41.71770095825195,41.790000915527344,586,0.0,0.0
2024-06-10 09:40:00-04:00,41.20000076293945,41.59989929199219,41.20000076293945,41.43949890136719,1558,0.0,0.0
2024-06-10 09:45:00-04:00,41.404998779296875,41.599998474121094,41.404998779296875,41.41999816894531,2074,0.0,0.0
2024-06-10 09:50:00-04:00,41.59000015258789,41.59000015258789,41.555301666259766,41.56999969482422,1069,0.0,0.0
2024-06-10 09:55:00-04:00,41.560001373291016,41.72999954223633,41.505001068115234,41.61000061035156,3954,0.0,0.0
2024-06-10 10:00:00-04:00,41.859798431396484,42.06990051269531,41.83000183105469,41.88999938964844,3204,0.0,0.0
2024-06-10 10:05:00-04:00,42.029998779296875,42.029998779296875,41.849998474121094,41.86000061035156,1765,0.0,0.0
2024-06-10 10:10:00-04:00,41.869998931884766,42.15999984741211,41.81999969482422,42.0099983215332,8243,0.0,0.0
2024-06-10 10:15:00-04:00,41.95000076293945,42.239898681640625,41.95000076293945,42.220001220703125,1303,0.0,0.0
2024-06-10 10:20:00-04:00,42.22999954223633,42.310001373291016,42.22999954223633,42.255001068115234,1356,0.0,0.0
2024-06-10 10:25:00-04:00,42.380001068115234,42.68000030517578,42.22999954223633,42.46989822387695,8987,0.0,0.0
2024-06-10 10:30:00-04:00,42.375,42.375,42.375,42.375,230,0.0,0.0
2024-06-10 10:35:00-04:00,42.54999923706055,42.54999923706055,42.45000076293945,42.45000076293945,1541,0.0,0.0
2024-06-10 10:40:00-04:00,42.349998474121094,42.57500076293945,42.349998474121094,42.36000061035156,1228,0.0,0.0
2024-06-10 10:45:00-04:00,42.529998779296875,42.689998626708984,42.529998779296875,42.59749984741211,1708,0.0,0.0
2024-06-10 10:50:00-04:00,42.59000015258789,42.599998474121094,42.45000076293945,42.45000076293945,2303,0.0,0.0
2024-06-10 10:55:00-04:00,42.435001373291016,42.45000076293945,42.435001373291016,42.45000076293945,761,0.0,0.0
2024-06-10 11:00:00-04:00,42.45750045776367,42.45750045776367,42.45750045776367,42.45750045776367,326,0.0,0.0
2024-06-10 11:05:00-04:00,42.44499969482422,42.44499969482422,42.189998626708984,42.314998626708984,2906,0.0,0.0
2024-06-10 11:10:00-04:00,42.334999084472656,42.334999084472656,42.334999084472656,42.334999084472656,265,0.0,0.0
2024-06-10 11:15:00-04:00,42.349998474121094,42.470001220703125,42.2599983215332,42.470001220703125,1393,0.0,0.0
2024-06-10 11:20:00-04:00,42.46500015258789,43.005001068115234,42.459999084472656,42.926998138427734,20533,0.0,0.0
2024-06-10 11:25:00-04:00,42.97999954223633,43.099998474121094,42.89500045776367,42.89500045776367,3148,0.0,0.0
2024-06-10 11:30:00-04:00,42.81999969482422,42.939998626708984,42.81999969482422,42.869998931884766,1697,0.0,0.0
2024-06-10 11:35:00-04:00,42.77000045776367,42.77000045776367,42.77000045776367,42.77000045776367,1001,0.0,0.0
2024-06-10 11:45:00-04:00,42.790000915527344,42.810001373291016,42.7400016784668,42.810001373291016,693,0.0,0.0
2024-06-10 11:50:00-04:00,43.0099983215332,43.04999923706055,43.0099983215332,43.04999923706055,565,0.0,0.0
2024-06-10 11:55:00-04:00,43.25,43.25,43.06999969482422,43.099998474121094,1367,0.0,0.0
2024-06-10 12:00:00-04:00,43.119998931884766,43.119998931884766,42.970001220703125,42.970001220703125,1705,0.0,0.0
2024-06-10 12:05:00-04:00,42.81999969482422,42.81999969482422,42.75,42.75,720,0.0,0.0
2024-06-10 12:10:00-04:00,42.619998931884766,42.66999816894531,42.595001220703125,42.595001220703125,1698,0.0,0.0
2024-06-10 12:15:00-04:00,42.630001068115234,42.64500045776367,42.6150016784668,42.6150016784668,531,0.0,0.0
2024-06-10 12:20:00-04:00,42.72999954223633,42.72999954223633,42.66999816894531,42.66999816894531,1542,0.0,0.0
2024-06-10 12:30:00-04:00,42.56999969482422,42.56999969482422,42.56999969482422,42.56999969482422,260,0.0,0.0
2024-06-10 12:35:00-04:00,42.560001373291016,42.56999969482422,42.525001525878906,42.529998779296875,1714,0.0,0.0
2024-06-10 12:40:00-04:00,42.64500045776367,42.709999084472656,42.630001068115234,42.654998779296875,679,0.0,0.0
2024-06-10 12:45:00-04:00,42.71500015258789,42.71500015258789,42.5099983215332,42.540000915527344,1631,0.0,0.0
2024-06-10 12:50:00-04:00,42.58000183105469,42.70000076293945,42.58000183105469,42.70000076293945,889,0.0,0.0
2024-06-10 12:55:00-04:00,42.665000915527344,42.689998626708984,42.665000915527344,42.689998626708984,2361,0.0,0.0
2024-06-10 13:00:00-04:00,42.650001525878906,42.650001525878906,42.650001525878906,42.650001525878906,157,0.0,0.0
2024-06-10 13:05:00-04:00,42.67100143432617,42.67100143432617,42.59000015258789,42.59000015258789,1066,0.0,0.0
2024-06-10 13:10:00-04:00,42.665000915527344,42.665000915527344,42.54999923706055,42.54999923706055,1603,0.0,0.0
2024-06-10 13:15:00-04:00,42.630001068115234,42.630001068115234,42.630001068115234,42.630001068115234,117,0.0,0.0
2024-06-10 13:20:00-04:00,42.59000015258789,42.64500045776367,42.529998779296875,42.61000061035156,3043,0.0,0.0
2024-06-10 13:25:00-04:00,42.619998931884766,42.6349983215332,42.47999954223633,42.47999954223633,2576,0.0,0.0
2024-06-10 13:30:00-04:00,42.4900016784668,42.4900016784668,42.4900016784668,42.4900016784668,557,0.0,0.0
2024-06-10 13:35:00-04:00,42.58000183105469,42.58000183105469,42.41999816894531,42.52000045776367,3428,0.0,0.0
2024-06-10 13:40:00-04:00,42.59000015258789,42.630001068115234,42.59000015258789,42.630001068115234,849,0.0,0.0
2024-06-10 13:45:00-04:00,42.61000061035156,42.83000183105469,42.58000183105469,42.810001373291016,3373,0.0,0.0
2024-06-10 13:55:00-04:00,42.650001525878906,42.650001525878906,42.599998474121094,42.61000061035156,1047,0.0,0.0
2024-06-10 14:00:00-04:00,42.66999816894531,42.66999816894531,42.66999816894531,42.66999816894531,249,0.0,0.0
2024-06-10 14:05:00-04:00,42.67499923706055,42.73500061035156,42.650001525878906,42.650001525878906,1905,0.0,0.0
2024-06-10 14:10:00-04:00,42.54999923706055,42.650001525878906,42.5,42.650001525878906,1779,0.0,0.0
2024-06-10 14:15:00-04:00,42.59000015258789,42.59000015258789,42.470001220703125,42.470001220703125,1339,0.0,0.0
2024-06-10 14:20:00-04:00,42.47999954223633,42.5099983215332,42.47999954223633,42.5099983215332,708,0.0,0.0
2024-06-10 14:25:00-04:00,42.47999954223633,42.4900016784668,42.40999984741211,42.4900016784668,2150,0.0,0.0
2024-06-10 14:30:00-04:00,42.42499923706055,42.5,42.38999938964844,42.5,955,0.0,0.0
2024-06-10 14:35:00-04:00,42.48500061035156,42.709999084472656,42.48500061035156,42.709999084472656,2750,0.0,0.0
2024-06-10 14:40:00-04:00,42.70000076293945,42.7599983215332,42.65999984741211,42.7599983215332,2291,0.0,0.0
2024-06-10 14:45:00-04:00,43.0,43.0,42.974998474121094,42.974998474121094,2158,0.0,0.0
2024-06-10 14:50:00-04:00,43.099998474121094,43.099998474121094,43.04999923706055,43.04999923706055,227,0.0,0.0
2024-06-10 14:55:00-04:00,43.04999923706055,43.0525016784668,42.9900016784668,42.9900016784668,3495,0.0,0.0
2024-06-10 15:00:00-04:00,43.119998931884766,43.119998931884766,43.119998931884766,43.119998931884766,1761,0.0,0.0
2024-06-10 15:05:00-04:00,43.119998931884766,43.404998779296875,43.119998931884766,43.404998779296875,3774,0.0,0.0
2024-06-10 15:10:00-04:00,43.404998779296875,43.58000183105469,43.404998779296875,43.56999969482422,4312,0.0,0.0
2024-06-10 15:15:00-04:00,43.560001373291016,43.63999938964844,43.38999938964844,43.5,10784,0.0,0.0
2024-06-10 15:20:00-04:00,43.5099983215332,43.56999969482422,43.38999938964844,43.43000030517578,3202,0.0,0.0
2024-06-10 15:25:00-04:00,43.43000030517578,43.5099983215332,43.43000030517578,43.5099983215332,3369,0.0,0.0
2024-06-10 15:30:00-04:00,43.45000076293945,43.470001220703125,43.41999816894531,43.459999084472656,3424,0.0,0.0
2024-06-10 15:35:00-04:00,43.5,43.56999969482422,43.279998779296875,43.51499938964844,30480,0.0,0.0
2024-06-10 15:40:00-04:00,43.51499938964844,43.68000030517578,43.51499938964844,43.6150016784668,12893,0.0,0.0
2024-06-10 15:45:00-04:00,43.6150016784668,43.65999984741211,43.47999954223633,43.525001525878906,18205,0.0,0.0
2024-06-10 15:50:00-04:00,43.525001525878906,43.72999954223633,43.525001525878906,43.619998931884766,11400,0.0,0.0
2024-06-10 15:55:00-04:00,43.720001220703125,43.93000030517578,43.65999984741211,43.91999816894531,49492,0.0,0.0
2024-06-11 09:30:00-04:00,43.38999938964844,43.38999938964844,43.38999938964844,43.38999938964844,3019,0.0,0.0
2024-06-11 09:35:00-04:00,43.435001373291016,43.470001220703125,43.435001373291016,43.470001220703125,3394,0.0,0.0
2024-06-11 09:40:00-04:00,43.45000076293945,43.650001525878906,42.91999816894531,42.91999816894531,2339,0.0,0.0
2024-06-11 09:45:00-04:00,42.91999816894531,42.91999816894531,42.540000915527344,42.540000915527344,1226,0.0,0.0
2024-06-11 09:50:00-04:00,42.7599983215332,42.7599983215332,42.630001068115234,42.630001068115234,1643,0.0,0.0
2024-06-11 09:55:00-04:00,42.630001068115234,42.845001220703125,42.58000183105469,42.58000183105469,2105,0.0,0.0
2024-06-11 10:00:00-04:00,42.75,42.96500015258789,42.59000015258789,42.96500015258789,1746,0.0,0.0
2024-06-11 10:05:00-04:00,43.275001525878906,43.29999923706055,43.20000076293945,43.290000915527344,3219,0.0,0.0
2024-06-11 10:10:00-04:00,43.33000183105469,43.33000183105469,43.209999084472656,43.209999084472656,1289,0.0,0.0
2024-06-11 10:15:00-04:00,43.209999084472656,43.209999084472656,43.18000030517578,43.189998626708984,639,0.0,0.0
2024-06-11 10:20:00-04:00,43.28499984741211,43.28499984741211,42.970001220703125,42.970001220703125,1889,0.0,0.0
2024-06-11 10:25:00-04:00,42.880001068115234,43.02000045776367,42.880001068115234,42.89500045776367,2682,0.0,0.0
2024-06-11 10:30:00-04:00,43.0,43.0099983215332,42.81999969482422,42.81999969482422,2040,0.0,0.0
2024-06-11 10:35:00-04:00,42.86000061035156,42.86000061035156,42.849998474121094,42.849998474121094,828,0.0,0.0
2024-06-11 10:40:00-04:00,42.869998931884766,42.970001220703125,42.869998931884766,42.970001220703125,1204,0.0,0.0
2024-06-11 10:45:00-04:00,42.93000030517578,43.20000076293945,42.93000030517578,43.19499969482422,3727,0.0,0.0
2024-06-11 10:50:00-04:00,43.314998626708984,43.314998626708984,43.314998626708984,43.314998626708984,1229,0.0,0.0
2024-06-11 11:00:00-04:00,43.189998626708984,43.189998626708984,42.98500061035156,42.98500061035156,1700,0.0,0.0
2024-06-11 11:05:00-04:00,42.98500061035156,43.040000915527344,42.84000015258789,42.86000061035156,3269,0.0,0.0
2024-06-11 11:15:00-04:00,42.959999084472656,42.959999084472656,42.959999084472656,42.959999084472656,292,0.0,0.0
2024-06-11 11:20:00-04:00,43.04999923706055,43.04999923706055,43.04999923706055,43.04999923706055,274,0.0,0.0
2024-06-11 11:25:00-04:00,42.91999816894531,42.91999816894531,42.91999816894531,42.91999816894531,538,0.0,0.0
2024-06-11 11:30:00-04:00,42.95500183105469,43.060001373291016,42.95500183105469,43.03499984741211,6983,0.0,0.0
2024-06-11 11:40:00-04:00,43.040000915527344,43.209999084472656,43.040000915527344,43.17499923706055,1913,0.0,0.0
2024-06-11 11:45:00-04:00,43.17499923706055,43.17499923706055,43.17499923706055,43.17499923706055,382,0.0,0.0
2024-06-11 11:50:00-04:00,43.31999969482422,43.31999969482422,43.16999816894531,43.20000076293945,3307,0.0,0.0
2024-06-11 11:55:00-04:00,43.36000061035156,43.36000061035156,43.334999084472656,43.35499954223633,1672,0.0,0.0
2024-06-11 12:05:00-04:00,43.349998474121094,43.45500183105469,43.349998474121094,43.45500183105469,1322,0.0,0.0
2024-06-11 12:15:00-04:00,43.505001068115234,43.505001068115234,43.470001220703125,43.470001220703125,1045,0.0,0.0
2024-06-11 12:20:00-04:00,43.43000030517578,43.43000030517578,43.310001373291016,43.310001373291016,870,0.0,0.0
2024-06-11 12:25:00-04:00,43.310001373291016,43.380001068115234,43.279998779296875,43.279998779296875,2507,0.0,0.0
2024-06-11 12:30:00-04:00,43.154998779296875,43.154998779296875,43.154998779296875,43.154998779296875,198,0.0,0.0
2024-06-11 12:35:00-04:00,43.189998626708984,43.189998626708984,43.15999984741211,43.15999984741211,1215,0.0,0.0
2024-06-11 12:40:00-04:00,43.310001373291016,43.310001373291016,43.310001373291016,43.310001373291016,177,0.0,0.0
2024-06-11 12:45:00-04:00,43.32500076293945,43.32500076293945,43.314998626708984,43.314998626708984,635,0.0,0.0
2024-06-11 12:50:00-04:00,43.2400016784668,43.2400016784668,43.2400016784668,43.2400016784668,740,0.0,0.0
2024-06-11 12:55:00-04:00,43.31999969482422,43.400001525878906,43.25,43.27000045776367,2698,0.0,0.0
2024-06-11 13:00:00-04:00,43.279998779296875,43.43000030517578,43.279998779296875,43.42499923706055,2366,0.0,0.0
2024-06-11 13:05:00-04:00,43.39500045776367,43.40999984741211,43.28499984741211,43.314998626708984,4779,0.0,0.0
2024-06-11 13:10:00-04:00,43.400001525878906,43.47999954223633,43.35499954223633,43.400001525878906,7238,0.0,0.0
2024-06-11 13:15:00-04:00,43.400001525878906,43.400001525878906,43.310001373291016,43.342498779296875,9140,0.0,0.0
2024-06-11 13:20:00-04:00,43.2400016784668,43.2400016784668,42.96500015258789,42.96500015258789,3285,0.0,0.0
2024-06-11 13:25:00-04:00,42.93000030517578,42.97999954223633,42.900001525878906,42.900001525878906,3002,0.0,0.0
2024-06-11 13:30:00-04:00,42.97999954223633,42.97999954223633,42.845001220703125,42.845001220703125,5768,0.0,0.0
2024-06-11 13:35:00-04:00,42.75,42.790000915527344,42.7400016784668,42.790000915527344,5456,0.0,0.0
2024-06-11 13:40:00-04:00,42.90999984741211,42.90999984741211,42.90999984741211,42.90999984741211,1126,0.0,0.0
2024-06-11 13:45:00-04:00,42.9900016784668,42.9900016784668,42.880001068115234,42.900001525878906,4080,0.0,0.0
2024-06-11 13:50:00-04:00,42.93000030517578,43.06999969482422,42.900001525878906,43.06999969482422,3646,0.0,0.0
2024-06-11 13:55:00-04:00,43.060001373291016,43.22999954223633,43.060001373291016,43.13999938964844,4225,0.0,0.0
2024-06-11 14:00:00-04:00,43.18899917602539,43.33000183105469,43.18899917602539,43.275001525878906,3464,0.0,0.0
2024-06-11 14:05:00-04:00,43.25,43.34000015258789,43.15999984741211,43.15999984741211,7334,0.0,0.0
2024-06-11 14:10:00-04:00,43.15999984741211,43.380001068115234,43.15999984741211,43.380001068115234,1596,0.0,0.0
2024-06-11 14:15:00-04:00,43.33000183105469,43.33000183105469,43.33000183105469,43.33000183105469,209,0.0,0.0
2024-06-11 14:20:00-04:00,43.380001068115234,43.45500183105469,43.380001068115234,43.400001525878906,2322,0.0,0.0
2024-06-11 14:25:00-04:00,43.439998626708984,43.439998626708984,43.439998626708984,43.439998626708984,819,0.0,0.0
2024-06-11 14:30:00-04:00,43.41999816894531,43.41999816894531,43.41999816894531,43.41999816894531,412,0.0,0.0
2024-06-11 14:35:00-04:00,43.540000915527344,43.540000915527344,43.31999969482422,43.31999969482422,1803,0.0,0.0
2024-06-11 14:40:00-04:00,43.439998626708984,43.439998626708984,43.380001068115234,43.41999816894531,1425,0.0,0.0
2024-06-11 14:45:00-04:00,43.46500015258789,43.4900016784668,43.41999816894531,43.46500015258789,1974,0.0,0.0
2024-06-11 14:50:00-04:00,43.400001525878906,43.400001525878906,43.31999969482422,43.31999969482422,2643,0.0,0.0
2024-06-11 14:55:00-04:00,43.310001373291016,43.310001373291016,43.310001373291016,43.310001373291016,486,0.0,0.0
2024-06-11 15:00:00-04:00,43.337501525878906,43.369998931884766,43.279998779296875,43.279998779296875,1925,0.0,0.0
2024-06-11 15:05:00-04:00,43.307498931884766,43.34000015258789,43.23500061035156,43.23500061035156,1758,0.0,0.0
2024-06-11 15:10:00-04:00,43.22119903564453,43.22119903564453,43.22119903564453,43.22119903564453,1063,0.0,0.0
2024-06-11 15:15:00-04:00,43.27000045776367,43.27000045776367,43.18000030517578,43.18000030517578,614,0.0,0.0
2024-06-11 15:20:00-04:00,43.16999816894531,43.20000076293945,43.064998626708984,43.13999938964844,3722,0.0,0.0
2024-06-11 15:25:00-04:00,43.119998931884766,43.13999938964844,43.06999969482422,43.11249923706055,1401,0.0,0.0
2024-06-11 15:30:00-04:00,43.084999084472656,43.084999084472656,42.9900016784668,42.9900016784668,2044,0.0,0.0
2024-06-11 15:35:00-04:00,42.98500061035156,42.997501373291016,42.869998931884766,42.997501373291016,5488,0.0,0.0
2024-06-11 15:40:00-04:00,42.93000030517578,42.939998626708984,42.84000015258789,42.86000061035156,3838,0.0,0.0
2024-06-11 15:45:00-04:00,42.85499954223633,42.85499954223633,42.72999954223633,42.79999923706055,7727,0.0,0.0
2024-06-11 15:50:00-04:00,42.79999923706055,43.31999969482422,42.79999923706055,43.31999969482422,11366,0.0,0.0
2024-06-11 15:55:00-04:00,43.439998626708984,43.5099983215332,43.150001525878906,43.18000030517578,28189,0.0,0.0
2024-06-12 09:30:00-04:00,45.970001220703125,45.970001220703125,44.59000015258789,44.59000015258789,5329,0.0,0.0
2024-06-12 09:40:00-04:00,44.709999084472656,44.86399841308594,44.63999938964844,44.779998779296875,3095,0.0,0.0
2024-06-12 09:50:00-04:00,44.459999084472656,44.459999084472656,44.459999084472656,44.459999084472656,358,0.0,0.0
2024-06-12 09:55:00-04:00,44.689998626708984,44.75,44.275001525878906,44.275001525878906,2929,0.0,0.0
2024-06-12 10:00:00-04:00,44.2400016784668,44.56999969482422,44.16999816894531,44.40999984741211,6345,0.0,0.0
2024-06-12 10:05:00-04:00,44.345001220703125,44.869998931884766,44.275001525878906,44.84000015258789,3699,0.0,0.0
2024-06-12 10:10:00-04:00,44.72999954223633,44.86000061035156,44.525001525878906,44.54499816894531,2757,0.0,0.0
2024-06-12 10:15:00-04:00,44.52000045776367,44.52000045776367,44.334999084472656,44.505001068115234,5025,0.0,0.0
2024-06-12 10:20:00-04:00,44.5099983215332,45.02000045776367,44.5099983215332,44.7599983215332,7722,0.0,0.0
2024-06-12 10:25:00-04:00,44.79999923706055,44.900001525878906,44.68000030517578,44.88999938964844,4721,0.0,0.0
2024-06-12 10:30:00-04:00,44.709999084472656,44.79999923706055,44.689998626708984,44.79999923706055,3082,0.0,0.0
2024-06-12 10:35:00-04:00,44.68000030517578,44.79999923706055,44.65999984741211,44.790000915527344,3484,0.0,0.0
2024-06-12 10:40:00-04:00,44.7599983215332,44.7599983215332,44.63999938964844,44.63999938964844,1411,0.0,0.0
2024-06-12 10:45:00-04:00,44.67499923706055,44.685001373291016,44.540000915527344,44.56999969482422,2686,0.0,0.0
2024-06-12 10:50:00-04:00,44.459999084472656,44.505001068115234,44.439998626708984,44.439998626708984,10754,0.0,0.0
2024-06-12 10:55:00-04:00,44.5,44.71500015258789,44.5,44.71500015258789,3959,0.0,0.0
2024-06-12 11:00:00-04:00,44.665000915527344,44.665000915527344,44.64500045776367,44.64500045776367,791,0.0,0.0
2024-06-12 11:05:00-04:00,44.650001525878906,44.650001525878906,44.630001068115234,44.630001068115234,831,0.0,0.0
2024-06-12 11:10:00-04:00,44.6150016784668,44.6150016784668,44.540000915527344,44.540000915527344,1347,0.0,0.0
2024-06-12 11:15:00-04:00,44.64500045776367,44.79750061035156,44.630001068115234,44.68000030517578,7036,0.0,0.0
2024-06-12 11:20:00-04:00,44.744998931884766,44.744998931884766,44.630001068115234,44.689998626708984,1409,0.0,0.0
2024-06-12 11:25:00-04:00,44.75,44.75,44.7400016784668,44.7400016784668,1971,0.0,0.0
2024-06-12 11:30:00-04:00,44.66999816894531,44.68000030517578,44.4900016784668,44.52000045776367,4452,0.0,0.0
2024-06-12 11:35:00-04:00,44.505001068115234,44.54999923706055,44.459999084472656,44.459999084472656,12611,0.0,0.0
2024-06-12 11:40:00-04:00,44.51470184326172,44.51470184326172,44.494998931884766,44.494998931884766,531,0.0,0.0
2024-06-12 11:45:00-04:00,44.400001525878906,44.540000915527344,44.290000915527344,44.540000915527344,6427,0.0,0.0
2024-06-12 11:50:00-04:00,44.59000015258789,44.814998626708984,44.59000015258789,44.814998626708984,2651,0.0,0.0
2024-06-12 11:55:00-04:00,44.86000061035156,45.01499938964844,44.86000061035156,45.01499938964844,2024,0.0,0.0
2024-06-12 12:00:00-04:00,45.025001525878906,45.025001525878906,44.720001220703125,44.720001220703125,3381,0.0,0.0
2024-06-12 12:05:00-04:00,44.66999816894531,44.7400016784668,44.654998779296875,44.720001220703125,1641,0.0,0.0
2024-06-12 12:10:00-04:00,44.72999954223633,44.72999954223633,44.70000076293945,44.70000076293945,1297,0.0,0.0
2024-06-12 12:15:00-04:00,44.65999984741211,44.65999984741211,44.54999923706055,44.619998931884766,1910,0.0,0.0
2024-06-12 12:20:00-04:00,44.540000915527344,44.540000915527344,44.470001220703125,44.470001220703125,734,0.0,0.0
2024-06-12 12:25:00-04:00,44.47999954223633,44.47999954223633,44.470001220703125,44.470001220703125,1089,0.0,0.0
2024-06-12 12:30:00-04:00,44.46500015258789,44.52000045776367,44.46500015258789,44.5,1935,0.0,0.0
2024-06-12 12:35:00-04:00,44.54999923706055,44.56999969482422,44.540000915527344,44.540000915527344,2324,0.0,0.0
2024-06-12 12:40:00-04:00,44.564998626708984,44.65999984741211,44.564998626708984,44.65999984741211,1205,0.0,0.0
2024-06-12 12:45:00-04:00,44.81999969482422,44.85499954223633,44.7599983215332,44.7599983215332,1841,0.0,0.0
2024-06-12 12:50:00-04:00,44.709999084472656,44.709999084472656,44.709999084472656,44.709999084472656,254,0.0,0.0
2024-06-12 12:55:00-04:00,44.86000061035156,44.869998931884766,44.86000061035156,44.869998931884766,421,0.0,0.0
2024-06-12 13:00:00-04:00,44.875,44.90999984741211,44.790000915527344,44.845001220703125,2821,0.0,0.0
2024-06-12 13:05:00-04:00,44.82500076293945,44.8849983215332,44.82500076293945,44.8849983215332,1551,0.0,0.0
2024-06-12 13:10:00-04:00,44.869998931884766,45.0,44.869998931884766,44.90999984741211,4459,0.0,0.0
2024-06-12 13:15:00-04:00,44.869998931884766,44.95000076293945,44.869998931884766,44.95000076293945,684,0.0,0.0
2024-06-12 13:20:00-04:00,45.0,45.01499938964844,44.970001220703125,45.01499938964844,753,0.0,0.0
2024-06-12 13:25:00-04:00,45.02000045776367,45.029998779296875,45.02000045776367,45.029998779296875,1776,0.0,0.0
2024-06-12 13:30:00-04:00,45.029998779296875,45.04499816894531,44.95000076293945,44.95000076293945,3393,0.0,0.0
2024-06-12 13:35:00-04:00,45.02000045776367,45.025001525878906,44.93000030517578,44.93000030517578,1687,0.0,0.0
2024-06-12 13:40:00-04:00,44.974998474121094,45.01499938964844,44.95000076293945,44.95000076293945,2015,0.0,0.0
2024-06-12 13:45:00-04:00,44.91999816894531,44.91999816894531,44.91999816894531,44.91999816894531,531,0.0,0.0
2024-06-12 13:50:00-04:00,45.0,45.02000045776367,44.95000076293945,44.97999954223633,2504,0.0,0.0
2024-06-12 13:55:00-04:00,44.91999816894531,44.91999816894531,44.88999938964844,44.88999938964844,1728,0.0,0.0
2024-06-12 14:00:00-04:00,44.66999816894531,44.86000061035156,44.66999816894531,44.80500030517578,2826,0.0,0.0
2024-06-12 14:05:00-04:00,44.79499816894531,44.79499816894531,44.619998931884766,44.619998931884766,1240,0.0,0.0
2024-06-12 14:10:00-04:00,44.68000030517578,44.779998779296875,44.68000030517578,44.77000045776367,703,0.0,0.0
2024-06-12 14:15:00-04:00,44.720001220703125,44.9900016784668,44.720001220703125,44.9900016784668,4288,0.0,0.0
2024-06-12 14:20:00-04:00,44.869998931884766,44.869998931884766,44.869998931884766,44.869998931884766,733,0.0,0.0
2024-06-12 14:25:00-04:00,45.0,45.0,44.91999816894531,44.91999816894531,2560,0.0,0.0
2024-06-12 14:30:00-04:00,45.0,45.005001068115234,44.65999984741211,44.755001068115234,3885,0.0,0.0
2024-06-12 14:35:00-04:00,44.65999984741211,44.79999923706055,44.65999984741211,44.79999923706055,2054,0.0,0.0
2024-06-12 14:40:00-04:00,44.76499938964844,44.76499938964844,44.540000915527344,44.560001373291016,2734,0.0,0.0
2024-06-12 14:45:00-04:00,44.5,44.53499984741211,44.459999084472656,44.470001220703125,1532,0.0,0.0
2024-06-12 14:50:00-04:00,44.474998474121094,44.540000915527344,44.349998474121094,44.349998474121094,3223,0.0,0.0
2024-06-12 14:55:00-04:00,44.43000030517578,44.78499984741211,44.43000030517578,44.76499938964844,3981,0.0,0.0
2024-06-12 15:00:00-04:00,44.900001525878906,44.900001525878906,44.66999816894531,44.68000030517578,2203,0.0,0.0
2024-06-12 15:05:00-04:00,44.57500076293945,44.57500076293945,44.41999816894531,44.41999816894531,978,0.0,0.0
2024-06-12 15:10:00-04:00,44.474998474121094,44.650001525878906,44.474998474121094,44.650001525878906,5084,0.0,0.0
2024-06-12 15:15:00-04:00,44.4900016784668,44.709999084472656,44.40999984741211,44.47999954223633,4056,0.0,0.0
2024-06-12 15:20:00-04:00,44.42499923706055,44.42499923706055,44.185001373291016,44.185001373291016,7197,0.0,0.0
2024-06-12 15:25:00-04:00,44.15999984741211,44.25,43.86000061035156,43.86000061035156,5867,0.0,0.0
2024-06-12 15:30:00-04:00,43.810001373291016,43.8650016784668,43.65999984741211,43.65999984741211,6067,0.0,0.0
2024-06-12 15:35:00-04:00,43.650001525878906,43.880001068115234,43.619998931884766,43.81999969482422,8289,0.0,0.0
2024-06-12 15:40:00-04:00,43.81999969482422,43.904998779296875,43.77000045776367,43.904998779296875,10688,0.0,0.0
2024-06-12 15:45:00-04:00,44.0099983215332,44.34000015258789,44.0099983215332,44.279998779296875,11350,0.0,0.0
2024-06-12 15:50:00-04:00,44.34000015258789,44.4900016784668,44.29499816894531,44.4900016784668,13649,0.0,0.0
2024-06-12 15:55:00-04:00,44.45000076293945,44.45000076293945,44.220001220703125,44.224998474121094,31526,0.0,0.0
2024-06-13 09:30:00-04:00,44.13999938964844,44.13999938964844,43.33000183105469,43.33000183105469,1396,0.0,0.0
2024-06-13 09:40:00-04:00,44.2599983215332,44.779998779296875,44.2599983215332,44.33000183105469,1142,0.0,0.0
2024-06-13 09:45:00-04:00,44.77000045776367,45.040000915527344,44.66999816894531,45.040000915527344,2244,0.0,0.0
2024-06-13 09:50:00-04:00,45.040000915527344,45.040000915527344,44.845001220703125,44.845001220703125,342,0.0,0.0
2024-06-13 09:55:00-04:00,45.02000045776367,45.03499984741211,45.02000045776367,45.029998779296875,897,0.0,0.0
2024-06-13 10:00:00-04:00,45.01499938964844,45.01499938964844,44.52000045776367,44.52000045776367,3113,0.0,0.0
2024-06-13 10:05:00-04:00,44.7400016784668,44.88999938964844,44.56999969482422,44.56999969482422,2396,0.0,0.0
2024-06-13 10:10:00-04:00,44.45000076293945,44.45000076293945,44.45000076293945,44.45000076293945,1137,0.0,0.0
2024-06-13 10:15:00-04:00,44.060001373291016,44.06999969482422,43.95000076293945,43.95000076293945,2529,0.0,0.0
2024-06-13 10:20:00-04:00,44.06999969482422,44.11000061035156,43.935001373291016,43.935001373291016,3029,0.0,0.0
2024-06-13 10:25:00-04:00,44.33000183105469,44.33000183105469,44.33000183105469,44.33000183105469,186,0.0,0.0
2024-06-13 10:30:00-04:00,44.07699966430664,44.07699966430664,43.959999084472656,43.959999084472656,1520,0.0,0.0
2024-06-13 10:35:00-04:00,43.91999816894531,43.959999084472656,43.91999816894531,43.959999084472656,1171,0.0,0.0
2024-06-13 10:40:00-04:00,43.880001068115234,43.880001068115234,43.84000015258789,43.84000015258789,781,0.0,0.0
2024-06-13 10:45:00-04:00,43.845001220703125,43.845001220703125,43.630001068115234,43.630001068115234,2843,0.0,0.0
2024-06-13 10:55:00-04:00,43.6349983215332,43.7599983215332,43.6349983215332,43.7599983215332,2030,0.0,0.0
2024-06-13 11:00:00-04:00,43.70000076293945,43.70000076293945,43.619998931884766,43.619998931884766,1800,0.0,0.0
2024-06-13 11:05:00-04:00,43.599998474121094,43.599998474121094,43.599998474121094,43.599998474121094,200,0.0,0.0
2024-06-13 11:10:00-04:00,43.599998474121094,43.599998474121094,43.459999084472656,43.459999084472656,2351,0.0,0.0
2024-06-13 11:15:00-04:00,43.349998474121094,43.349998474121094,43.349998474121094,43.349998474121094,2513,0.0,0.0
2024-06-13 11:20:00-04:00,43.29999923706055,43.29999923706055,43.2400016784668,43.2400016784668,1071,0.0,0.0
2024-06-13 11:25:00-04:00,43.16999816894531,43.16999816894531,43.16999816894531,43.16999816894531,1201,0.0,0.0
2024-06-13 11:30:00-04:00,43.29999923706055,43.369998931884766,43.279998779296875,43.369998931884766,2094,0.0,0.0
2024-06-13 11:35:00-04:00,43.189998626708984,43.189998626708984,43.189998626708984,43.189998626708984,239,0.0,0.0
2024-06-13 11:40:00-04:00,42.9900016784668,43.08000183105469,42.9900016784668,43.08000183105469,717,0.0,0.0
2024-06-13 11:45:00-04:00,42.970001220703125,42.970001220703125,42.81999969482422,42.81999969482422,1302,0.0,0.0
2024-06-13 11:50:00-04:00,42.880001068115234,42.880001068115234,42.68000030517578,42.689998626708984,1308,0.0,0.0
2024-06-13 12:00:00-04:00,42.68000030517578,42.68000030517578,42.310001373291016,42.310001373291016,2506,0.0,0.0
2024-06-13 12:05:00-04:00,42.29999923706055,42.529998779296875,42.29999923706055,42.52000045776367,3735,0.0,0.0
2024-06-13 12:10:00-04:00,42.43000030517578,42.43000030517578,42.36000061035156,42.36000061035156,1288,0.0,0.0
2024-06-13 12:15:00-04:00,42.369998931884766,42.470001220703125,42.369998931884766,42.380001068115234,1371,0.0,0.0
2024-06-13 12:20:00-04:00,42.310001373291016,42.310001373291016,42.310001373291016,42.310001373291016,181,0.0,0.0
2024-06-13 12:25:00-04:00,42.310001373291016,42.310001373291016,42.279998779296875,42.279998779296875,1461,0.0,0.0
2024-06-13 12:30:00-04:00,42.314998626708984,42.31999969482422,42.314998626708984,42.31999969482422,1027,0.0,0.0
2024-06-13 12:35:00-04:00,42.459999084472656,42.4900016784668,42.400001525878906,42.404998779296875,1762,0.0,0.0
2024-06-13 12:45:00-04:00,42.380001068115234,42.380001068115234,42.380001068115234,42.380001068115234,141,0.0,0.0
2024-06-13 12:50:00-04:00,42.39500045776367,42.599998474121094,42.39500045776367,42.599998474121094,2669,0.0,0.0
2024-06-13 12:55:00-04:00,42.630001068115234,42.630001068115234,42.34000015258789,42.38999938964844,6027,0.0,0.0
2024-06-13 13:10:00-04:00,42.33000183105469,42.40250015258789,42.33000183105469,42.40250015258789,473,0.0,0.0
2024-06-13 13:15:00-04:00,42.27000045776367,42.279998779296875,42.2599983215332,42.279998779296875,1458,0.0,0.0
2024-06-13 13:20:00-04:00,42.36000061035156,42.36000061035156,42.2599983215332,42.31999969482422,2365,0.0,0.0
2024-06-13 13:25:00-04:00,42.34000015258789,42.34000015258789,42.34000015258789,42.34000015258789,704,0.0,0.0
2024-06-13 13:30:00-04:00,42.25,42.25,42.25,42.25,668,0.0,0.0
2024-06-13 13:35:00-04:00,42.220001220703125,42.400001525878906,42.16999816894531,42.345001220703125,3008,0.0,0.0
2024-06-13 13:40:00-04:00,42.45000076293945,42.45000076293945,42.45000076293945,42.45000076293945,522,0.0,0.0
2024-06-13 13:45:00-04:00,42.46500015258789,42.46500015258789,42.46500015258789,42.46500015258789,193,0.0,0.0
2024-06-13 13:50:00-04:00,42.529998779296875,42.529998779296875,42.529998779296875,42.529998779296875,754,0.0,0.0
2024-06-13 13:55:00-04:00,42.56399917602539,42.56399917602539,42.56399917602539,42.56399917602539,684,0.0,0.0
2024-06-13 14:00:00-04:00,42.650001525878906,42.65999984741211,42.650001525878906,42.65999984741211,922,0.0,0.0
2024-06-13 14:05:00-04:00,42.72999954223633,42.72999954223633,42.72999954223633,42.72999954223633,1700,0.0,0.0
2024-06-13 14:20:00-04:00,42.810001373291016,42.810001373291016,42.810001373291016,42.810001373291016,865,0.0,0.0
2024-06-13 14:25:00-04:00,42.790000915527344,42.790000915527344,42.709999084472656,42.709999084472656,2666,0.0,0.0
2024-06-13 14:30:00-04:00,42.54999923706055,42.54999923706055,42.54999923706055,42.54999923706055,721,0.0,0.0
2024-06-13 14:35:00-04:00,42.63999938964844,42.66999816894531,42.584999084472656,42.66999816894531,1378,0.0,0.0
2024-06-13 14:40:00-04:00,42.70000076293945,42.70000076293945,42.70000076293945,42.70000076293945,1649,0.0,0.0
2024-06-13 14:50:00-04:00,42.58000183105469,42.58000183105469,42.58000183105469,42.58000183105469,403,0.0,0.0
2024-06-13 14:55:00-04:00,42.63999938964844,42.70000076293945,42.63999938964844,42.70000076293945,2618,0.0,0.0
2024-06-13 15:00:00-04:00,42.73500061035156,42.73500061035156,42.73500061035156,42.73500061035156,237,0.0,0.0
2024-06-13 15:05:00-04:00,42.68000030517578,42.68000030517578,42.58000183105469,42.58000183105469,1346,0.0,0.0
2024-06-13 15:10:00-04:00,42.584999084472656,42.63999938964844,42.4900016784668,42.63999938964844,6168,0.0,0.0
2024-06-13 15:15:00-04:00,42.68000030517578,42.75,42.68000030517578,42.75,1463,0.0,0.0
2024-06-13 15:20:00-04:00,42.810001373291016,42.83000183105469,42.810001373291016,42.83000183105469,1720,0.0,0.0
2024-06-13 15:25:00-04:00,42.86000061035156,42.86000061035156,42.86000061035156,42.86000061035156,1083,0.0,0.0
2024-06-13 15:30:00-04:00,42.790000915527344,42.790000915527344,42.71500015258789,42.71500015258789,2019,0.0,0.0
2024-06-13 15:35:00-04:00,42.73500061035156,42.73500061035156,42.599998474121094,42.720001220703125,3220,0.0,0.0
2024-06-13 15:40:00-04:00,42.630001068115234,42.630001068115234,42.630001068115234,42.630001068115234,2058,0.0,0.0
2024-06-13 15:45:00-04:00,42.709999084472656,42.77000045776367,42.709999084472656,42.77000045776367,1850,0.0,0.0
2024-06-13 15:50:00-04:00,42.709999084472656,43.11000061035156,42.630001068115234,43.11000061035156,9680,0.0,0.0
2024-06-13 15:55:00-04:00,43.13999938964844,43.314998626708984,43.040000915527344,43.06999969482422,21507,0.0,0.0
2024-06-14 09:30:00-04:00,42.22999954223633,42.93000030517578,42.16999816894531,42.93000030517578,1662,0.0,0.0
2024-06-14 09:35:00-04:00,42.727699279785156,42.727699279785156,42.727699279785156,42.727699279785156,2013,0.0,0.0
2024-06-14 09:40:00-04:00,42.380001068115234,42.380001068115234,42.36000061035156,42.36000061035156,705,0.0,0.0
2024-06-14 09:45:00-04:00,42.50749969482422,42.630001068115234,42.43000030517578,42.59000015258789,1799,0.0,0.0
2024-06-14 09:50:00-04:00,42.619998931884766,42.66999816894531,42.4900016784668,42.525001525878906,3113,0.0,0.0
2024-06-14 10:00:00-04:00,42.15999984741211,42.15999984741211,42.15999984741211,42.15999984741211,949,0.0,0.0
2024-06-14 10:05:00-04:00,42.25,42.25,42.08000183105469,42.08000183105469,3966,0.0,0.0
2024-06-14 10:10:00-04:00,42.08000183105469,42.08000183105469,42.040000915527344,42.040000915527344,1403,0.0,0.0
2024-06-14 10:15:00-04:00,41.970001220703125,42.099998474121094,41.970001220703125,42.04499816894531,1888,0.0,0.0
2024-06-14 10:20:00-04:00,42.060001373291016,42.060001373291016,41.900001525878906,41.959999084472656,2458,0.0,0.0
2024-06-14 10:25:00-04:00,42.04999923706055,42.11000061035156,42.04999923706055,42.09000015258789,917,0.0,0.0
2024-06-14 10:30:00-04:00,42.130001068115234,42.25,42.130001068115234,42.189998626708984,3025,0.0,0.0
2024-06-14 10:35:00-04:00,42.165000915527344,42.20500183105469,42.1150016784668,42.20500183105469,4366,0.0,0.0
2024-06-14 10:40:00-04:00,42.09000015258789,42.09000015258789,41.91999816894531,42.0,3865,0.0,0.0
2024-06-14 10:45:00-04:00,41.88999938964844,41.88999938964844,41.529998779296875,41.790000915527344,8011,0.0,0.0
2024-06-14 10:50:00-04:00,41.7599983215332,41.83000183105469,41.619998931884766,41.7400016784668,2470,0.0,0.0
2024-06-14 10:55:00-04:00,41.92499923706055,42.01499938964844,41.91999816894531,42.01499938964844,1575,0.0,0.0
2024-06-14 11:00:00-04:00,41.970001220703125,42.01499938964844,41.939998626708984,41.939998626708984,1415,0.0,0.0
2024-06-14 11:05:00-04:00,41.880001068115234,41.880001068115234,41.77000045776367,41.77000045776367,1368,0.0,0.0
2024-06-14 11:10:00-04:00,41.97999954223633,41.97999954223633,41.97999954223633,41.97999954223633,1274,0.0,0.0
2024-06-14 11:15:00-04:00,41.8125,41.8125,41.8125,41.8125,207,0.0,0.0
2024-06-14 11:20:00-04:00,41.91999816894531,41.91999816894531,41.91999816894531,41.91999816894531,833,0.0,0.0
2024-06-14 11:25:00-04:00,42.0,42.0,41.90999984741211,41.90999984741211,1359,0.0,0.0
2024-06-14 11:30:00-04:00,41.9900016784668,41.9900016784668,41.880001068115234,41.880001068115234,1977,0.0,0.0
2024-06-14 11:40:00-04:00,41.619998931884766,41.630001068115234,41.56999969482422,41.56999969482422,2075,0.0,0.0
2024-06-14 11:50:00-04:00,41.619998931884766,41.630001068115234,41.619998931884766,41.630001068115234,624,0.0,0.0
2024-06-14 11:55:00-04:00,41.619998931884766,41.619998931884766,41.400001525878906,41.40999984741211,4470,0.0,0.0
2024-06-14 12:00:00-04:00,41.400001525878906,41.400001525878906,41.209999084472656,41.375,3062,0.0,0.0
2024-06-14 12:05:00-04:00,41.40999984741211,41.494998931884766,41.38999938964844,41.494998931884766,1773,0.0,0.0
2024-06-14 12:10:00-04:00,41.61000061035156,41.65999984741211,41.61000061035156,41.65999984741211,1694,0.0,0.0
2024-06-14 12:15:00-04:00,41.7400016784668,41.744998931884766,41.7400016784668,41.744998931884766,284,0.0,0.0
2024-06-14 12:20:00-04:00,41.849998474121094,41.849998474121094,41.84000015258789,41.84000015258789,483,0.0,0.0
2024-06-14 12:25:00-04:00,41.720001220703125,41.720001220703125,41.5099983215332,41.5099983215332,3192,0.0,0.0
2024-06-14 12:30:00-04:00,41.45000076293945,41.45000076293945,41.45000076293945,41.45000076293945,800,0.0,0.0
2024-06-14 12:35:00-04:00,41.560001373291016,41.56999969482422,41.560001373291016,41.56999969482422,1060,0.0,0.0
2024-06-14 12:40:00-04:00,41.529998779296875,41.63999938964844,41.529998779296875,41.63999938964844,2913,0.0,0.0
2024-06-14 12:45:00-04:00,41.5099983215332,41.5099983215332,41.435001373291016,41.435001373291016,1740,0.0,0.0
2024-06-14 13:05:00-04:00,41.470001220703125,41.650001525878906,41.470001220703125,41.650001525878906,1019,0.0,0.0
2024-06-14 13:10:00-04:00,41.75,42.0,41.75,42.0,2665,0.0,0.0
2024-06-14 13:20:00-04:00,41.95000076293945,41.959999084472656,41.810001373291016,41.810001373291016,3412,0.0,0.0
2024-06-14 13:30:00-04:00,41.790000915527344,41.790000915527344,41.72999954223633,41.72999954223633,1215,0.0,0.0
2024-06-14 13:40:00-04:00,41.66999816894531,41.68000030517578,41.56999969482422,41.56999969482422,1341,0.0,0.0
2024-06-14 13:45:00-04:00,41.630001068115234,41.709999084472656,41.52000045776367,41.52000045776367,2784,0.0,0.0
2024-06-14 13:50:00-04:00,41.41999816894531,41.41999816894531,41.34000015258789,41.39500045776367,4893,0.0,0.0
2024-06-14 13:55:00-04:00,41.349998474121094,41.349998474121094,41.209999084472656,41.220001220703125,1580,0.0,0.0
2024-06-14 14:00:00-04:00,41.209999084472656,41.25,41.11000061035156,41.2400016784668,3055,0.0,0.0
2024-06-14 14:05:00-04:00,41.255001068115234,41.255001068115234,41.255001068115234,41.255001068115234,2620,0.0,0.0
2024-06-14 14:10:00-04:00,41.27000045776367,41.27000045776367,41.150001525878906,41.150001525878906,876,0.0,0.0
2024-06-14 14:15:00-04:00,41.150001525878906,41.150001525878906,41.06999969482422,41.119998931884766,1764,0.0,0.0
2024-06-14 14:20:00-04:00,41.119998931884766,41.127498626708984,41.0,41.07500076293945,3928,0.0,0.0
2024-06-14 14:25:00-04:00,40.97999954223633,40.97999954223633,40.93000030517578,40.93000030517578,1322,0.0,0.0
2024-06-14 14:30:00-04:00,40.90999984741211,40.90999984741211,40.90999984741211,40.90999984741211,504,0.0,0.0
2024-06-14 14:35:00-04:00,40.90999984741211,41.0099983215332,40.81999969482422,40.88999938964844,6675,0.0,0.0
2024-06-14 14:40:00-04:00,40.81999969482422,40.8849983215332,40.81999969482422,40.8849983215332,374,0.0,0.0
2024-06-14 14:45:00-04:00,40.88999938964844,40.88999938964844,40.66999816894531,40.724998474121094,5188,0.0,0.0
2024-06-14 14:50:00-04:00,40.66999816894531,40.68899917602539,40.52000045776367,40.52000045776367,10482,0.0,0.0
2024-06-14 14:55:00-04:00,40.54999923706055,40.720001220703125,40.349998474121094,40.540000915527344,33334,0.0,0.0
2024-06-14 15:00:00-04:00,40.66999816894531,40.66999816894531,40.45000076293945,40.4900016784668,6701,0.0,0.0
2024-06-14 15:05:00-04:00,40.400001525878906,40.54999923706055,40.400001525878906,40.5,3612,0.0,0.0
2024-06-14 15:10:00-04:00,40.47999954223633,40.529998779296875,40.439998626708984,40.439998626708984,11717,0.0,0.0
2024-06-14 15:15:00-04:00,40.505001068115234,40.505001068115234,40.505001068115234,40.505001068115234,334,0.0,0.0
2024-06-14 15:20:00-04:00,40.459999084472656,40.56990051269531,40.45000076293945,40.45000076293945,3312,0.0,0.0
2024-06-14 15:25:00-04:00,40.43000030517578,40.51499938964844,40.43000030517578,40.51499938964844,1196,0.0,0.0
2024-06-14 15:30:00-04:00,40.51499938964844,40.630001068115234,40.5,40.5099983215332,15442,0.0,0.0
2024-06-14 15:35:00-04:00,40.474998474121094,40.5,40.220001220703125,40.5,10991,0.0,0.0
2024-06-14 15:40:00-04:00,40.459999084472656,41.01789855957031,40.459999084472656,41.01789855957031,20791,0.0,0.0
2024-06-14 15:45:00-04:00,41.02000045776367,41.2400016784668,40.84000015258789,41.220001220703125,26255,0.0,0.0
2024-06-14 15:50:00-04:00,41.209999084472656,41.290000915527344,40.810001373291016,41.08000183105469,19455,0.0,0.0
2024-06-14 15:55:00-04:00,41.15999984741211,41.15999984741211,40.869998931884766,41.13999938964844,48578,0.0,0.0
2024-06-17 09:30:00-04:00,40.849998474121094,40.849998474121094,40.3400993347168,40.3400993347168,2388,0.0,0.0
2024-06-17 09:40:00-04:00,40.7599983215332,41.22999954223633,40.7599983215332,41.060001373291016,5335,0.0,0.0
2024-06-17 09:45:00-04:00,41.099998474121094,41.099998474121094,40.86000061035156,40.939998626708984,2275,0.0,0.0
2024-06-17 09:50:00-04:00,41.16999816894531,41.279998779296875,41.16999816894531,41.26499938964844,1889,0.0,0.0
2024-06-17 09:55:00-04:00,41.27000045776367,41.27000045776367,41.27000045776367,41.27000045776367,1664,0.0,0.0
2024-06-17 10:00:00-04:00,41.21049880981445,41.4900016784668,41.189998626708984,41.4900016784668,6178,0.0,0.0
2024-06-17 10:05:00-04:00,41.55500030517578,41.630001068115234,41.459999084472656,41.57500076293945,13096,0.0,0.0
2024-06-17 10:10:00-04:00,41.54999923706055,41.54999923706055,41.52000045776367,41.52000045776367,895,0.0,0.0
2024-06-17 10:15:00-04:00,41.56999969482422,41.56999969482422,41.54499816894531,41.54499816894531,1859,0.0,0.0
2024-06-17 10:20:00-04:00,41.45970153808594,41.48500061035156,41.23500061035156,41.25,3330,0.0,0.0
2024-06-17 10:25:00-04:00,41.060001373291016,41.095001220703125,40.79999923706055,40.88999938964844,5001,0.0,0.0
2024-06-17 10:30:00-04:00,40.849998474121094,40.849998474121094,40.750099182128906,40.834999084472656,1872,0.0,0.0
2024-06-17 10:35:00-04:00,40.8390007019043,40.8390007019043,40.766700744628906,40.766700744628906,1054,0.0,0.0
2024-06-17 10:40:00-04:00,40.814998626708984,40.900001525878906,40.7400016784668,40.85499954223633,4019,0.0,0.0
2024-06-17 10:45:00-04:00,40.849998474121094,40.900001525878906,40.790000915527344,40.79499816894531,5269,0.0,0.0
2024-06-17 10:50:00-04:00,40.790000915527344,40.84000015258789,40.78499984741211,40.81999969482422,3289,0.0,0.0
2024-06-17 10:55:00-04:00,40.75,40.75,40.5099983215332,40.5099983215332,3435,0.0,0.0
2024-06-17 11:00:00-04:00,40.43000030517578,40.599998474121094,40.42499923706055,40.52000045776367,3165,0.0,0.0
2024-06-17 11:05:00-04:00,40.72999954223633,40.755001068115234,40.72999954223633,40.755001068115234,1243,0.0,0.0
2024-06-17 11:10:00-04:00,40.65999984741211,40.72999954223633,40.65999984741211,40.72999954223633,700,0.0,0.0
2024-06-17 11:15:00-04:00,40.650001525878906,40.72999954223633,40.61000061035156,40.66999816894531,5527,0.0,0.0
2024-06-17 11:20:00-04:00,40.560001373291016,40.560001373291016,40.2400016784668,40.27000045776367,2286,0.0,0.0
2024-06-17 11:25:00-04:00,40.32500076293945,40.32749938964844,40.32500076293945,40.32749938964844,493,0.0,0.0
2024-06-17 11:30:00-04:00,40.32500076293945,40.43000030517578,40.32500076293945,40.38999938964844,2752,0.0,0.0
2024-06-17 11:35:00-04:00,40.375,40.375,40.310001373291016,40.34000015258789,1719,0.0,0.0
2024-06-17 11:40:00-04:00,40.349998474121094,40.40999984741211,40.345001220703125,40.380001068115234,2065,0.0,0.0
2024-06-17 11:45:00-04:00,40.3849983215332,40.38999938964844,40.2599983215332,40.33000183105469,4397,0.0,0.0
2024-06-17 11:50:00-04:00,40.21500015258789,40.21500015258789,40.19499969482422,40.20000076293945,1056,0.0,0.0
2024-06-17 11:55:00-04:00,40.20000076293945,40.38999938964844,40.18000030517578,40.38999938964844,5511,0.0,0.0
2024-06-17 12:00:00-04:00,40.36000061035156,40.36000061035156,40.36000061035156,40.36000061035156,251,0.0,0.0
2024-06-17 12:05:00-04:00,40.36000061035156,40.36000061035156,40.36000061035156,40.36000061035156,1022,0.0,0.0
2024-06-17 12:10:00-04:00,40.369998931884766,40.41999816894531,40.279998779296875,40.29499816894531,3728,0.0,0.0
2024-06-17 12:15:00-04:00,40.29499816894531,40.349998474121094,40.25,40.29499816894531,2747,0.0,0.0
2024-06-17 12:20:00-04:00,40.34000015258789,40.439998626708984,40.2599983215332,40.43000030517578,5864,0.0,0.0
2024-06-17 12:25:00-04:00,40.5,40.61000061035156,40.459999084472656,40.5,3301,0.0,0.0
2024-06-17 12:30:00-04:00,40.45000076293945,40.4900016784668,40.255001068115234,40.314998626708984,4873,0.0,0.0
2024-06-17 12:35:00-04:00,40.189998626708984,40.23500061035156,39.880001068115234,39.939998626708984,27183,0.0,0.0
2024-06-17 12:40:00-04:00,39.894901275634766,39.900001525878906,39.84000015258789,39.84000015258789,2102,0.0,0.0
2024-06-17 12:45:00-04:00,39.81999969482422,39.900001525878906,39.790000915527344,39.88999938964844,4311,0.0,0.0
2024-06-17 12:50:00-04:00,39.84000015258789,39.91999816894531,39.72999954223633,39.72999954223633,7137,0.0,0.0
2024-06-17 12:55:00-04:00,39.689998626708984,39.720001220703125,39.63999938964844,39.720001220703125,2328,0.0,0.0
2024-06-17 13:00:00-04:00,39.72999954223633,39.81999969482422,39.65999984741211,39.65999984741211,6988,0.0,0.0
2024-06-17 13:05:00-04:00,39.720001220703125,39.720001220703125,39.70000076293945,39.70000076293945,1129,0.0,0.0
2024-06-17 13:10:00-04:00,39.59000015258789,39.59000015258789,39.54999923706055,39.560001373291016,817,0.0,0.0
2024-06-17 13:15:00-04:00,39.60499954223633,39.65999984741211,39.560001373291016,39.650001525878906,2693,0.0,0.0
2024-06-17 13:20:00-04:00,39.65999984741211,39.709999084472656,39.560001373291016,39.57749938964844,5828,0.0,0.0
2024-06-17 13:25:00-04:00,39.58000183105469,39.619998931884766,39.5099983215332,39.599998474121094,8524,0.0,0.0
2024-06-17 13:30:00-04:00,39.619998931884766,39.619998931884766,39.5099983215332,39.5099983215332,1802,0.0,0.0
2024-06-17 13:35:00-04:00,39.54999923706055,39.54999923706055,39.529998779296875,39.53499984741211,1480,0.0,0.0
2024-06-17 13:40:00-04:00,39.49800109863281,39.529998779296875,39.369998931884766,39.369998931884766,2464,0.0,0.0
2024-06-17 13:45:00-04:00,39.44499969482422,39.470001220703125,39.400001525878906,39.470001220703125,2588,0.0,0.0
2024-06-17 13:50:00-04:00,39.47999954223633,39.790000915527344,39.47999954223633,39.720001220703125,9894,0.0,0.0
2024-06-17 13:55:00-04:00,39.65999984741211,39.689998626708984,39.65999984741211,39.689998626708984,878,0.0,0.0
2024-06-17 14:00:00-04:00,39.72999954223633,39.8202018737793,39.72999954223633,39.779998779296875,18527,0.0,0.0
2024-06-17 14:05:00-04:00,39.790000915527344,39.790000915527344,39.66999816894531,39.66999816894531,4567,0.0,0.0
2024-06-17 14:10:00-04:00,39.625,39.630001068115234,39.470001220703125,39.470001220703125,3787,0.0,0.0
2024-06-17 14:15:00-04:00,39.369998931884766,39.41999816894531,39.314998626708984,39.314998626708984,7321,0.0,0.0
2024-06-17 14:20:00-04:00,39.31999969482422,39.31999969482422,39.220001220703125,39.24570083618164,1934,0.0,0.0
2024-06-17 14:25:00-04:00,39.224998474121094,39.400001525878906,39.224998474121094,39.31999969482422,8805,0.0,0.0
2024-06-17 14:30:00-04:00,39.22999954223633,39.310001373291016,39.18000030517578,39.18000030517578,1936,0.0,0.0
2024-06-17 14:35:00-04:00,39.22999954223633,39.290000915527344,39.22999954223633,39.244998931884766,5942,0.0,0.0
2024-06-17 14:40:00-04:00,39.2400016784668,39.2400016784668,39.13999938964844,39.13999938964844,4299,0.0,0.0
2024-06-17 14:45:00-04:00,39.150001525878906,39.150001525878906,39.09000015258789,39.099998474121094,1555,0.0,0.0
2024-06-17 14:50:00-04:00,39.11000061035156,39.439998626708984,39.06999969482422,39.31999969482422,20999,0.0,0.0
2024-06-17 14:55:00-04:00,39.310001373291016,39.310001373291016,38.98500061035156,39.150001525878906,10133,0.0,0.0
2024-06-17 15:00:00-04:00,39.145999908447266,39.20000076293945,38.970001220703125,38.970001220703125,7527,0.0,0.0
2024-06-17 15:05:00-04:00,39.02000045776367,39.04999923706055,38.9900016784668,39.0099983215332,6375,0.0,0.0
2024-06-17 15:10:00-04:00,39.040000915527344,39.130001068115234,38.95000076293945,38.95000076293945,10241,0.0,0.0
2024-06-17 15:15:00-04:00,38.900001525878906,38.900001525878906,38.720001220703125,38.775001525878906,14662,0.0,0.0
2024-06-17 15:20:00-04:00,38.77000045776367,38.91999816894531,38.6150016784668,38.84000015258789,29374,0.0,0.0
2024-06-17 15:25:00-04:00,38.845001220703125,39.13999938964844,38.845001220703125,39.06999969482422,7400,0.0,0.0
2024-06-17 15:30:00-04:00,39.02000045776367,39.15999984741211,38.97999954223633,39.03499984741211,15230,0.0,0.0
2024-06-17 15:35:00-04:00,38.91999816894531,38.91999816894531,38.77000045776367,38.77000045776367,2987,0.0,0.0
2024-06-17 15:40:00-04:00,38.77000045776367,38.959999084472656,38.77000045776367,38.935001373291016,9676,0.0,0.0
2024-06-17 15:45:00-04:00,38.97999954223633,39.099998474121094,38.97999954223633,39.06999969482422,7345,0.0,0.0
2024-06-17 15:50:00-04:00,39.040000915527344,39.15999984741211,39.0,39.09000015258789,22275,0.0,0.0
2024-06-17 15:55:00-04:00,39.060001373291016,39.06999969482422,38.880001068115234,38.88999938964844,41315,0.0,0.0
2024-06-18 09:30:00-04:00,39.130001068115234,39.130001068115234,39.130001068115234,39.130001068115234,1112,0.0,0.0
2024-06-18 09:35:00-04:00,38.61000061035156,38.61000061035156,38.560001373291016,38.56999969482422,433,0.0,0.0
2024-06-18 09:40:00-04:00,38.755001068115234,39.33000183105469,38.755001068115234,39.220001220703125,8556,0.0,0.0
2024-06-18 09:45:00-04:00,39.07500076293945,39.16999816894531,37.94499969482422,38.005001068115234,23934,0.0,0.0
2024-06-18 09:50:00-04:00,38.060001373291016,38.119998931884766,37.9900016784668,38.064998626708984,4011,0.0,0.0
2024-06-18 09:55:00-04:00,38.040000915527344,38.11000061035156,37.90999984741211,38.04999923706055,16557,0.0,0.0
2024-06-18 10:00:00-04:00,38.119998931884766,38.150001525878906,37.95000076293945,37.95000076293945,6249,0.0,0.0
2024-06-18 10:05:00-04:00,37.939998626708984,38.0,37.75,37.75,4698,0.0,0.0
2024-06-18 10:10:00-04:00,37.790000915527344,37.81999969482422,37.470001220703125,37.71500015258789,48848,0.0,0.0
2024-06-18 10:15:00-04:00,37.720001220703125,37.939998626708984,37.64360046386719,37.77000045776367,49762,0.0,0.0
2024-06-18 10:20:00-04:00,37.72999954223633,37.7400016784668,37.525001525878906,37.60499954223633,13576,0.0,0.0
2024-06-18 10:25:00-04:00,37.650001525878906,37.65999984741211,37.58000183105469,37.58000183105469,6039,0.0,0.0
2024-06-18 10:30:00-04:00,37.67499923706055,37.67499923706055,37.459999084472656,37.525001525878906,12860,0.0,0.0
2024-06-18 10:35:00-04:00,37.525001525878906,37.650001525878906,37.43000030517578,37.46500015258789,46880,0.0,0.0
2024-06-18 10:40:00-04:00,37.46500015258789,37.5,37.41999816894531,37.46500015258789,5260,0.0,0.0
2024-06-18 10:45:00-04:00,37.474998474121094,37.5,37.31999969482422,37.31999969482422,9413,0.0,0.0
2024-06-18 10:50:00-04:00,37.290000915527344,37.40999984741211,37.2400016784668,37.27000045776367,8114,0.0,0.0
2024-06-18 10:55:00-04:00,37.27000045776367,37.41999816894531,37.27000045776367,37.36000061035156,1864,0.0,0.0
2024-06-18 11:00:00-04:00,37.36000061035156,37.5,37.36000061035156,37.43000030517578,9283,0.0,0.0
2024-06-18 11:05:00-04:00,37.45000076293945,37.45000076293945,37.209999084472656,37.209999084472656,18947,0.0,0.0
2024-06-18 11:10:00-04:00,37.209999084472656,37.209999084472656,37.15999984741211,37.17499923706055,7537,0.0,0.0
2024-06-18 11:15:00-04:00,37.17499923706055,37.439998626708984,37.17499923706055,37.310001373291016,26373,0.0,0.0
2024-06-18 11:20:00-04:00,37.380001068115234,37.619998931884766,37.369998931884766,37.56999969482422,14258,0.0,0.0
2024-06-18 11:25:00-04:00,37.56999969482422,37.810001373291016,37.52000045776367,37.779998779296875,24126,0.0,0.0
2024-06-18 11:30:00-04:00,37.779998779296875,37.79999923706055,37.54999923706055,37.584999084472656,12915,0.0,0.0
2024-06-18 11:35:00-04:00,37.599998474121094,37.72999954223633,37.52000045776367,37.625,21210,0.0,0.0
2024-06-18 11:40:00-04:00,37.627498626708984,37.627498626708984,37.474998474121094,37.474998474121094,3630,0.0,0.0
2024-06-18 11:45:00-04:00,37.5,37.51499938964844,37.380001068115234,37.380001068115234,6114,0.0,0.0
2024-06-18 11:50:00-04:00,37.44499969482422,37.44499969482422,37.310001373291016,37.31999969482422,2899,0.0,0.0
2024-06-18 11:55:00-04:00,37.349998474121094,37.349998474121094,37.279998779296875,37.279998779296875,3064,0.0,0.0
2024-06-18 12:00:00-04:00,37.310001373291016,37.310001373291016,37.2599983215332,37.310001373291016,926,0.0,0.0
2024-06-18 12:05:00-04:00,37.34000015258789,37.349998474121094,37.2400016784668,37.2400016784668,3992,0.0,0.0
2024-06-18 12:10:00-04:00,37.25,37.349998474121094,37.2400016784668,37.349998474121094,5426,0.0,0.0
2024-06-18 12:15:00-04:00,37.349998474121094,37.52000045776367,37.349998474121094,37.411800384521484,8224,0.0,0.0
2024-06-18 12:20:00-04:00,37.4900016784668,37.56999969482422,37.470001220703125,37.525001525878906,12260,0.0,0.0
2024-06-18 12:25:00-04:00,37.525001525878906,37.56999969482422,37.459999084472656,37.529998779296875,55455,0.0,0.0
2024-06-18 12:30:00-04:00,37.540000915527344,37.79999923706055,37.48500061035156,37.790000915527344,36395,0.0,0.0
2024-06-18 12:35:00-04:00,37.7400016784668,37.7400016784668,37.68000030517578,37.685001373291016,5147,0.0,0.0
2024-06-18 12:40:00-04:00,37.685001373291016,37.685001373291016,37.529998779296875,37.60499954223633,5713,0.0,0.0
2024-06-18 12:45:00-04:00,37.6150016784668,37.6150016784668,37.54999923706055,37.54999923706055,1218,0.0,0.0
2024-06-18 12:50:00-04:00,37.61000061035156,37.68000030517578,37.40999984741211,37.40999984741211,13268,0.0,0.0
2024-06-18 12:55:00-04:00,37.36000061035156,37.36000061035156,37.290000915527344,37.290000915527344,1874,0.0,0.0
2024-06-18 13:00:00-04:00,37.334999084472656,37.334999084472656,37.25,37.25,1518,0.0,0.0
2024-06-18 13:05:00-04:00,37.27000045776367,37.27000045776367,37.220001220703125,37.22999954223633,3774,0.0,0.0
2024-06-18 13:10:00-04:00,37.22999954223633,37.23500061035156,37.08000183105469,37.08000183105469,6038,0.0,0.0
2024-06-18 13:15:00-04:00,37.11000061035156,37.11000061035156,37.040000915527344,37.04999923706055,2608,0.0,0.0
2024-06-18 13:20:00-04:00,37.04999923706055,37.07749938964844,37.02000045776367,37.07749938964844,2626,0.0,0.0
2024-06-18 13:25:00-04:00,37.04999923706055,37.04999923706055,36.849998474121094,36.849998474121094,10334,0.0,0.0
2024-06-18 13:30:00-04:00,36.790000915527344,36.8650016784668,36.790000915527344,36.8650016784668,930,0.0,0.0
2024-06-18 13:35:00-04:00,36.84000015258789,36.86000061035156,36.84000015258789,36.86000061035156,3506,0.0,0.0
2024-06-18 13:40:00-04:00,36.86000061035156,37.130001068115234,36.86000061035156,37.084999084472656,6351,0.0,0.0
2024-06-18 13:45:00-04:00,37.185001373291016,37.185001373291016,37.150001525878906,37.15999984741211,2023,0.0,0.0
2024-06-18 13:50:00-04:00,37.189998626708984,37.189998626708984,37.0099983215332,37.05500030517578,2760,0.0,0.0
2024-06-18 13:55:00-04:00,37.099998474121094,37.099998474121094,37.0,37.0,937,0.0,0.0
2024-06-18 14:00:00-04:00,37.0,37.060001373291016,36.939998626708984,36.97999954223633,4031,0.0,0.0
2024-06-18 14:05:00-04:00,37.005001068115234,37.04999923706055,36.939998626708984,37.04249954223633,1791,0.0,0.0
2024-06-18 14:10:00-04:00,37.04249954223633,37.06999969482422,36.93000030517578,37.0099983215332,2660,0.0,0.0
2024-06-18 14:15:00-04:00,36.939998626708984,36.939998626708984,36.619998931884766,36.619998931884766,13060,0.0,0.0
2024-06-18 14:20:00-04:00,36.61000061035156,36.61000061035156,36.279998779296875,36.400001525878906,16784,0.0,0.0
2024-06-18 14:25:00-04:00,36.39500045776367,36.5,36.349998474121094,36.404998779296875,6282,0.0,0.0
2024-06-18 14:30:00-04:00,36.404998779296875,36.75749969482422,36.38999938964844,36.75749969482422,5018,0.0,0.0
2024-06-18 14:35:00-04:00,36.75,36.83000183105469,36.619998931884766,36.83000183105469,11713,0.0,0.0
2024-06-18 14:40:00-04:00,36.83000183105469,36.8849983215332,36.66999816894531,36.66999816894531,11575,0.0,0.0
2024-06-18 14:45:00-04:00,36.72999954223633,36.790000915527344,36.61000061035156,36.61000061035156,9333,0.0,0.0
2024-06-18 14:50:00-04:00,36.54999923706055,36.66999816894531,36.459999084472656,36.459999084472656,7931,0.0,0.0
2024-06-18 14:55:00-04:00,36.5,36.54999923706055,36.43000030517578,36.5,3103,0.0,0.0
2024-06-18 15:00:00-04:00,36.5,36.540000915527344,36.41999816894531,36.529998779296875,11796,0.0,0.0
2024-06-18 15:05:00-04:00,36.47999954223633,36.7599983215332,36.47999954223633,36.75,23582,0.0,0.0
2024-06-18 15:10:00-04:00,36.75,36.86000061035156,36.619998931884766,36.66999816894531,27116,0.0,0.0
2024-06-18 15:15:00-04:00,36.59000015258789,36.67250061035156,36.54999923706055,36.67250061035156,2144,0.0,0.0
2024-06-18 15:20:00-04:00,36.625,36.630001068115234,36.54999923706055,36.630001068115234,2649,0.0,0.0
2024-06-18 15:25:00-04:00,36.59000015258789,36.70000076293945,36.58000183105469,36.58000183105469,8992,0.0,0.0
2024-06-18 15:30:00-04:00,36.54999923706055,36.66999816894531,36.529998779296875,36.66999816894531,8235,0.0,0.0
2024-06-18 15:35:00-04:00,36.59000015258789,36.63999938964844,36.52000045776367,36.52000045776367,10182,0.0,0.0
2024-06-18 15:40:00-04:00,36.54999923706055,36.59000015258789,36.470001220703125,36.52000045776367,10042,0.0,0.0
2024-06-18 15:45:00-04:00,36.52000045776367,36.54499816894531,36.36000061035156,36.40999984741211,14540,0.0,0.0
2024-06-18 15:50:00-04:00,36.38999938964844,36.38999938964844,36.2599983215332,36.349998474121094,18048,0.0,0.0
2024-06-18 15:55:00-04:00,36.349998474121094,36.43000030517578,36.2599983215332,36.43000030517578,61175,0.0,0.0
2024-06-20 09:30:00-04:00,36.709999084472656,37.19990158081055,36.709999084472656,37.09000015258789,8241,0.0,0.0
2024-06-20 09:35:00-04:00,37.0,37.40999984741211,37.0,37.19499969482422,6944,0.0,0.0
2024-06-20 09:40:00-04:00,37.189998626708984,37.63999938964844,37.04999923706055,37.43000030517578,32063,0.0,0.0
2024-06-20 09:45:00-04:00,37.5,37.68000030517578,37.404998779296875,37.53499984741211,26834,0.0,0.0
2024-06-20 09:50:00-04:00,37.53499984741211,37.54999923706055,37.400001525878906,37.507999420166016,24534,0.0,0.0
2024-06-20 09:55:00-04:00,37.5,37.529998779296875,37.459999084472656,37.459999084472656,758,0.0,0.0
2024-06-20 10:00:00-04:00,37.415000915527344,37.41999816894531,37.369998931884766,37.369998931884766,1603,0.0,0.0
2024-06-20 10:05:00-04:00,37.459999084472656,37.790000915527344,37.297000885009766,37.650001525878906,40244,0.0,0.0
2024-06-20 10:10:00-04:00,37.68000030517578,37.70000076293945,37.540000915527344,37.595001220703125,4196,0.0,0.0
2024-06-20 10:15:00-04:00,37.59000015258789,37.61000061035156,37.5,37.59000015258789,2300,0.0,0.0
2024-06-20 10:20:00-04:00,37.52000045776367,37.54999923706055,37.310001373291016,37.54999923706055,42803,0.0,0.0
2024-06-20 10:25:00-04:00,37.8849983215332,38.310001373291016,37.75,38.310001373291016,8658,0.0,0.0
2024-06-20 10:30:00-04:00,38.119998931884766,38.119998931884766,37.720001220703125,37.720001220703125,8156,0.0,0.0
2024-06-20 10:35:00-04:00,37.619998931884766,37.619998931884766,37.505001068115234,37.505001068115234,2450,0.0,0.0
2024-06-20 10:40:00-04:00,37.380001068115234,37.54999923706055,37.310001373291016,37.5099983215332,6323,0.0,0.0
2024-06-20 10:45:00-04:00,37.290000915527344,37.459999084472656,37.22999954223633,37.38999938964844,6696,0.0,0.0
2024-06-20 10:50:00-04:00,37.380001068115234,37.59000015258789,37.380001068115234,37.59000015258789,2126,0.0,0.0
2024-06-20 10:55:00-04:00,37.53499984741211,37.599998474121094,37.53499984741211,37.599998474121094,6891,0.0,0.0
2024-06-20 11:00:00-04:00,37.599998474121094,37.95000076293945,37.59989929199219,37.94990158081055,6947,0.0,0.0
2024-06-20 11:05:00-04:00,38.13999938964844,38.13999938964844,38.06999969482422,38.13999938964844,3119,0.0,0.0
2024-06-20 11:10:00-04:00,38.217498779296875,38.34000015258789,38.18000030517578,38.21500015258789,5050,0.0,0.0
2024-06-20 11:15:00-04:00,38.19499969482422,38.19499969482422,37.900001525878906,37.900001525878906,3198,0.0,0.0
2024-06-20 11:20:00-04:00,37.91999816894531,37.97999954223633,37.834999084472656,37.84000015258789,5681,0.0,0.0
2024-06-20 11:25:00-04:00,37.91999816894531,37.91999816894531,37.709999084472656,37.7599983215332,2642,0.0,0.0
2024-06-20 11:30:00-04:00,37.70000076293945,37.72999954223633,37.650001525878906,37.650001525878906,3303,0.0,0.0
2024-06-20 11:35:00-04:00,37.619998931884766,37.619998931884766,37.619998931884766,37.619998931884766,471,0.0,0.0
2024-06-20 11:40:00-04:00,37.56999969482422,37.650001525878906,37.5,37.56999969482422,12266,0.0,0.0
2024-06-20 11:45:00-04:00,37.4900016784668,37.689998626708984,37.4900016784668,37.6349983215332,8584,0.0,0.0
2024-06-20 11:50:00-04:00,37.66999816894531,37.689998626708984,37.61000061035156,37.689998626708984,1434,0.0,0.0
2024-06-20 11:55:00-04:00,37.66999816894531,37.66999816894531,37.59000015258789,37.619998931884766,4748,0.0,0.0
2024-06-20 12:00:00-04:00,37.52000045776367,37.66999816894531,37.4900016784668,37.650001525878906,9879,0.0,0.0
2024-06-20 12:05:00-04:00,37.619998931884766,37.650001525878906,37.59000015258789,37.619998931884766,9587,0.0,0.0
2024-06-20 12:10:00-04:00,37.619998931884766,37.65999984741211,37.599998474121094,37.63999938964844,9643,0.0,0.0
2024-06-20 12:15:00-04:00,37.650001525878906,37.8650016784668,37.650001525878906,37.8650016784668,17920,0.0,0.0
2024-06-20 12:20:00-04:00,37.95500183105469,38.09000015258789,37.81999969482422,37.875,6275,0.0,0.0
2024-06-20 12:25:00-04:00,37.81999969482422,37.81999969482422,37.70000076293945,37.720001220703125,4628,0.0,0.0
2024-06-20 12:30:00-04:00,37.630001068115234,37.70000076293945,37.54999923706055,37.70000076293945,1112,0.0,0.0
2024-06-20 12:35:00-04:00,37.54999923706055,37.54999923706055,37.45000076293945,37.45000076293945,2326,0.0,0.0
2024-06-20 12:40:00-04:00,37.5099983215332,37.650001525878906,37.5,37.5,6981,0.0,0.0
2024-06-20 12:45:00-04:00,37.5,37.59000015258789,37.5,37.59000015258789,2337,0.0,0.0
2024-06-20 12:50:00-04:00,37.52000045776367,37.6150016784668,37.5,37.6150016784668,4975,0.0,0.0
2024-06-20 12:55:00-04:00,37.56999969482422,37.59000015258789,37.560001373291016,37.560001373291016,1577,0.0,0.0
2024-06-20 13:00:00-04:00,37.5099983215332,37.59000015258789,37.439998626708984,37.5,7683,0.0,0.0
2024-06-20 13:05:00-04:00,37.540000915527344,37.59000015258789,37.5,37.59000015258789,1835,0.0,0.0
2024-06-20 13:10:00-04:00,37.54499816894531,37.59000015258789,37.54499816894531,37.57500076293945,1402,0.0,0.0
2024-06-20 13:15:00-04:00,37.59000015258789,37.63999938964844,37.58000183105469,37.61000061035156,5588,0.0,0.0
2024-06-20 13:20:00-04:00,37.61000061035156,37.630001068115234,37.57500076293945,37.599998474121094,4544,0.0,0.0
2024-06-20 13:25:00-04:00,37.59000015258789,37.630001068115234,37.54999923706055,37.619998931884766,2275,0.0,0.0
2024-06-20 13:30:00-04:00,37.619998931884766,37.650001525878906,37.599998474121094,37.599998474121094,5646,0.0,0.0
2024-06-20 13:35:00-04:00,37.59000015258789,37.59000015258789,37.4900016784668,37.525001525878906,5046,0.0,0.0
2024-06-20 13:40:00-04:00,37.56999969482422,37.650001525878906,37.56999969482422,37.650001525878906,6254,0.0,0.0
2024-06-20 13:45:00-04:00,37.63399887084961,37.63999938964844,37.61000061035156,37.61000061035156,2513,0.0,0.0
2024-06-20 13:50:00-04:00,37.61000061035156,37.650001525878906,37.61000061035156,37.650001525878906,2450,0.0,0.0
2024-06-20 13:55:00-04:00,37.625,37.650001525878906,37.59749984741211,37.59749984741211,5191,0.0,0.0
2024-06-20 14:00:00-04:00,37.61000061035156,37.61000061035156,37.560001373291016,37.599998474121094,4061,0.0,0.0
2024-06-20 14:05:00-04:00,37.595001220703125,37.61000061035156,37.560001373291016,37.59000015258789,4049,0.0,0.0
2024-06-20 14:10:00-04:00,37.619998931884766,37.650001525878906,37.58000183105469,37.58000183105469,21261,0.0,0.0
2024-06-20 14:15:00-04:00,37.61000061035156,37.790000915527344,37.61000061035156,37.724998474121094,25936,0.0,0.0
2024-06-20 14:20:00-04:00,37.689998626708984,37.75,37.689998626708984,37.724998474121094,7796,0.0,0.0
2024-06-20 14:25:00-04:00,37.724998474121094,38.029998779296875,37.724998474121094,37.95000076293945,31482,0.0,0.0
2024-06-20 14:30:00-04:00,38.064998626708984,38.064998626708984,37.93000030517578,37.970001220703125,14069,0.0,0.0
2024-06-20 14:35:00-04:00,38.0,38.0,37.95000076293945,38.0,5329,0.0,0.0
2024-06-20 14:40:00-04:00,38.0,38.130001068115234,38.0,38.11000061035156,28226,0.0,0.0
2024-06-20 14:45:00-04:00,38.119998931884766,38.43000030517578,38.060001373291016,38.43000030517578,13953,0.0,0.0
2024-06-20 14:50:00-04:00,38.489898681640625,38.489898681640625,38.279998779296875,38.334999084472656,15366,0.0,0.0
2024-06-20 14:55:00-04:00,38.34400177001953,38.36000061035156,38.209999084472656,38.22999954223633,5308,0.0,0.0
2024-06-20 15:00:00-04:00,38.150001525878906,38.16999816894531,37.900001525878906,37.959999084472656,16604,0.0,0.0
2024-06-20 15:05:00-04:00,37.96500015258789,38.029998779296875,37.90999984741211,38.0099983215332,7873,0.0,0.0
2024-06-20 15:10:00-04:00,38.0099983215332,38.0099983215332,37.970001220703125,37.994998931884766,779,0.0,0.0
2024-06-20 15:15:00-04:00,37.959999084472656,37.959999084472656,37.779998779296875,37.79999923706055,5831,0.0,0.0
2024-06-20 15:20:00-04:00,37.849998474121094,37.93000030517578,37.68000030517578,37.68000030517578,11350,0.0,0.0
2024-06-20 15:25:00-04:00,37.76219940185547,37.810001373291016,37.68000030517578,37.810001373291016,4601,0.0,0.0
2024-06-20 15:30:00-04:00,37.75,37.90999984741211,37.70000076293945,37.90999984741211,11647,0.0,0.0
2024-06-20 15:35:00-04:00,37.880001068115234,37.970001220703125,37.880001068115234,37.939998626708984,5189,0.0,0.0
2024-06-20 15:40:00-04:00,37.95000076293945,37.95000076293945,37.86000061035156,37.92499923706055,10491,0.0,0.0
2024-06-20 15:45:00-04:00,37.939998626708984,38.04999923706055,37.91999816894531,38.01499938964844,9068,0.0,0.0
2024-06-20 15:50:00-04:00,38.040000915527344,38.439998626708984,38.040000915527344,38.29999923706055,23800,0.0,0.0
2024-06-20 15:55:00-04:00,38.279998779296875,38.29999923706055,37.970001220703125,38.09000015258789,35857,0.0,0.0
2024-06-21 09:30:00-04:00,38.09000015258789,38.09000015258789,38.09000015258789,38.09000015258789,61368,0.0,0.0
2024-06-21 09:40:00-04:00,38.380001068115234,38.58000183105469,38.380001068115234,38.58000183105469,1562,0.0,0.0
2024-06-21 09:50:00-04:00,38.494998931884766,38.5099983215332,38.36000061035156,38.36000061035156,1287,0.0,0.0
2024-06-21 09:55:00-04:00,38.22999954223633,38.4900016784668,38.09000015258789,38.36000061035156,2648,0.0,0.0
2024-06-21 10:00:00-04:00,38.150001525878906,38.150001525878906,38.150001525878906,38.150001525878906,247,0.0,0.0
2024-06-21 10:05:00-04:00,38.08000183105469,38.43000030517578,38.08000183105469,38.380001068115234,1009,0.0,0.0
2024-06-21 10:10:00-04:00,38.40999984741211,38.40999984741211,38.27349853515625,38.400001525878906,2295,0.0,0.0
2024-06-21 10:15:00-04:00,38.404998779296875,38.404998779296875,38.310001373291016,38.375,761,0.0,0.0
2024-06-21 10:20:00-04:00,38.369998931884766,38.4900016784668,38.369998931884766,38.4900016784668,1747,0.0,0.0
2024-06-21 10:25:00-04:00,38.400001525878906,38.400001525878906,38.290000915527344,38.290000915527344,1940,0.0,0.0
2024-06-21 10:30:00-04:00,38.3849983215332,38.86000061035156,38.3849983215332,38.7400016784668,5130,0.0,0.0
2024-06-21 10:35:00-04:00,38.650001525878906,38.75,38.650001525878906,38.73500061035156,1988,0.0,0.0
2024-06-21 10:40:00-04:00,38.63999938964844,38.63999938964844,38.380001068115234,38.400001525878906,933,0.0,0.0
2024-06-21 10:45:00-04:00,38.560001373291016,38.560001373291016,38.439998626708984,38.439998626708984,1030,0.0,0.0
2024-06-21 10:50:00-04:00,38.400001525878906,38.45500183105469,38.2599983215332,38.2599983215332,2522,0.0,0.0
2024-06-21 10:55:00-04:00,38.18000030517578,38.18000030517578,38.18000030517578,38.18000030517578,783,0.0,0.0
2024-06-21 11:00:00-04:00,38.13999938964844,38.13999938964844,38.06999969482422,38.06999969482422,679,0.0,0.0
2024-06-21 11:05:00-04:00,38.09000015258789,38.09000015258789,37.94499969482422,38.02000045776367,2485,0.0,0.0
2024-06-21 11:10:00-04:00,38.040000915527344,38.040000915527344,37.95000076293945,37.95000076293945,2007,0.0,0.0
2024-06-21 11:15:00-04:00,38.29999923706055,38.470001220703125,38.28990173339844,38.470001220703125,4828,0.0,0.0
2024-06-21 11:20:00-04:00,38.40999984741211,38.459999084472656,38.334999084472656,38.334999084472656,2640,0.0,0.0
2024-06-21 11:25:00-04:00,38.345001220703125,38.40999984741211,38.345001220703125,38.36000061035156,924,0.0,0.0
2024-06-21 11:30:00-04:00,38.310001373291016,38.310001373291016,38.15999984741211,38.15999984741211,1200,0.0,0.0
2024-06-21 11:35:00-04:00,38.22999954223633,38.27000045776367,38.224998474121094,38.27000045776367,1009,0.0,0.0
2024-06-21 11:40:00-04:00,38.31999969482422,38.5099983215332,38.310001373291016,38.5099983215332,5061,0.0,0.0
2024-06-21 11:45:00-04:00,38.48249816894531,38.68000030517578,38.48249816894531,38.5099983215332,4267,0.0,0.0
2024-06-21 11:50:00-04:00,38.4900016784668,38.529998779296875,38.38999938964844,38.45000076293945,2335,0.0,0.0
2024-06-21 11:55:00-04:00,38.5,38.5,38.41999816894531,38.41999816894531,831,0.0,0.0
2024-06-21 12:00:00-04:00,38.52000045776367,38.595001220703125,38.52000045776367,38.595001220703125,2198,0.0,0.0
2024-06-21 12:05:00-04:00,38.595001220703125,38.7599983215332,38.4900016784668,38.56999969482422,9105,0.0,0.0
2024-06-21 12:10:00-04:00,38.587501525878906,38.6349983215332,38.587501525878906,38.6349983215332,1069,0.0,0.0
2024-06-21 12:15:00-04:00,38.63999938964844,38.650001525878906,38.540000915527344,38.59000015258789,3208,0.0,0.0
2024-06-21 12:20:00-04:00,38.52000045776367,38.68000030517578,38.52000045776367,38.68000030517578,1511,0.0,0.0
2024-06-21 12:25:00-04:00,38.650001525878906,38.7400016784668,38.59000015258789,38.59000015258789,2155,0.0,0.0
2024-06-21 12:30:00-04:00,38.540000915527344,38.79999923706055,38.540000915527344,38.755001068115234,1596,0.0,0.0
2024-06-21 12:35:00-04:00,38.880001068115234,38.939998626708984,38.880001068115234,38.939998626708984,1058,0.0,0.0
2024-06-21 12:40:00-04:00,38.939998626708984,38.939998626708984,38.810001373291016,38.810001373291016,3494,0.0,0.0
2024-06-21 12:45:00-04:00,38.78499984741211,38.81999969482422,38.599998474121094,38.599998474121094,4452,0.0,0.0
2024-06-21 12:50:00-04:00,38.66999816894531,38.7400016784668,38.60499954223633,38.7400016784668,1944,0.0,0.0
2024-06-21 12:55:00-04:00,38.58000183105469,38.58000183105469,38.54999923706055,38.58000183105469,1988,0.0,0.0
2024-06-21 13:00:00-04:00,38.54999923706055,38.560001373291016,38.5099983215332,38.5099983215332,2328,0.0,0.0
2024-06-21 13:05:00-04:00,38.540000915527344,38.66999816894531,38.4900016784668,38.599998474121094,3640,0.0,0.0
2024-06-21 13:10:00-04:00,38.59000015258789,38.63999938964844,38.560001373291016,38.63999938964844,1377,0.0,0.0
2024-06-21 13:15:00-04:00,38.650001525878906,38.650001525878906,37.959999084472656,38.22999954223633,11301,0.0,0.0
2024-06-21 13:20:00-04:00,38.17499923706055,38.18000030517578,38.17499923706055,38.18000030517578,437,0.0,0.0
2024-06-21 13:25:00-04:00,38.17499923706055,38.290000915527344,37.9900016784668,37.9900016784668,12961,0.0,0.0
2024-06-21 13:30:00-04:00,38.0,38.099998474121094,38.0,38.040000915527344,2503,0.0,0.0
2024-06-21 13:35:00-04:00,38.0,38.0,38.0,38.0,768,0.0,0.0
2024-06-21 13:40:00-04:00,38.0,38.119998931884766,37.88999938964844,38.0,25759,0.0,0.0
2024-06-21 13:45:00-04:00,38.084999084472656,38.084999084472656,38.0,38.0,2332,0.0,0.0
2024-06-21 13:50:00-04:00,38.0,38.060001373291016,37.93000030517578,38.0,3905,0.0,0.0
2024-06-21 13:55:00-04:00,38.03499984741211,38.09000015258789,37.97999954223633,38.040000915527344,6397,0.0,0.0
2024-06-21 14:00:00-04:00,37.970001220703125,38.04999923706055,37.970001220703125,38.040000915527344,3950,0.0,0.0
2024-06-21 14:05:00-04:00,38.025001525878906,38.099998474121094,38.0,38.099998474121094,2816,0.0,0.0
2024-06-21 14:10:00-04:00,38.04499816894531,38.04999923706055,38.01750183105469,38.04999923706055,1016,0.0,0.0
2024-06-21 14:15:00-04:00,38.09989929199219,38.13999938964844,38.0099983215332,38.064998626708984,5751,0.0,0.0
2024-06-21 14:20:00-04:00,38.0,38.0099983215332,38.0,38.0099983215332,2442,0.0,0.0
2024-06-21 14:25:00-04:00,38.040000915527344,38.11000061035156,38.0,38.0,6655,0.0,0.0
2024-06-21 14:30:00-04:00,38.0,38.01499938964844,37.95000076293945,38.0,2559,0.0,0.0
2024-06-21 14:35:00-04:00,37.970001220703125,38.0,37.79999923706055,37.90999984741211,9213,0.0,0.0
2024-06-21 14:40:00-04:00,37.95000076293945,37.974998474121094,37.880001068115234,37.974998474121094,2624,0.0,0.0
2024-06-21 14:45:00-04:00,37.994998931884766,38.08000183105469,37.97999954223633,37.97999954223633,1994,0.0,0.0
2024-06-21 14:50:00-04:00,38.0,38.09000015258789,37.9900016784668,38.0,5932,0.0,0.0
2024-06-21 14:55:00-04:00,37.970001220703125,38.005001068115234,37.880001068115234,37.970001220703125,13377,0.0,0.0
2024-06-21 15:00:00-04:00,37.939998626708984,38.0,37.939998626708984,37.959999084472656,3103,0.0,0.0
2024-06-21 15:05:00-04:00,37.96500015258789,37.9900016784668,37.459999084472656,37.47999954223633,8709,0.0,0.0
2024-06-21 15:10:00-04:00,37.41999816894531,37.869998931884766,37.41999816894531,37.720001220703125,9472,0.0,0.0
2024-06-21 15:15:00-04:00,37.650001525878906,37.650001525878906,37.63999938964844,37.63999938964844,1573,0.0,0.0
2024-06-21 15:20:00-04:00,37.630001068115234,37.70000076293945,37.540000915527344,37.69499969482422,10126,0.0,0.0
2024-06-21 15:25:00-04:00,37.7400016784668,37.7400016784668,37.61000061035156,37.61000061035156,4093,0.0,0.0
2024-06-21 15:30:00-04:00,37.709999084472656,37.77000045776367,37.630001068115234,37.72999954223633,4107,0.0,0.0
2024-06-21 15:35:00-04:00,37.75,37.81999969482422,37.63999938964844,37.72999954223633,6286,0.0,0.0
2024-06-21 15:40:00-04:00,37.75,37.90999984741211,37.7400016784668,37.779998779296875,5876,0.0,0.0
2024-06-21 15:45:00-04:00,37.73500061035156,37.7400016784668,37.5,37.5,8011,0.0,0.0
2024-06-21 15:50:00-04:00,37.56999969482422,37.900001525878906,37.56999969482422,37.81999969482422,30930,0.0,0.0
2024-06-21 15:55:00-04:00,37.93000030517578,38.02000045776367,37.849998474121094,37.93000030517578,72138,0.0,0.0
2024-06-24 09:30:00-04:00,38.029998779296875,38.029998779296875,37.724998474121094,37.724998474121094,2586,0.0,0.0
2024-06-24 09:35:00-04:00,37.95000076293945,38.47999954223633,37.95000076293945,38.47999954223633,2681,0.0,0.0
2024-06-24 09:40:00-04:00,38.279998779296875,38.279998779296875,37.900001525878906,37.900001525878906,3929,0.0,0.0
2024-06-24 09:45:00-04:00,37.880001068115234,37.880001068115234,37.61000061035156,37.61000061035156,1121,0.0,0.0
2024-06-24 09:50:00-04:00,37.619998931884766,37.939998626708984,37.619998931884766,37.939998626708984,1444,0.0,0.0
2024-06-24 09:55:00-04:00,38.060001373291016,38.400001525878906,38.060001373291016,38.400001525878906,1882,0.0,0.0
2024-06-24 10:00:00-04:00,38.5099983215332,38.5099983215332,38.34000015258789,38.40999984741211,2058,0.0,0.0
2024-06-24 10:05:00-04:00,38.43000030517578,38.86000061035156,38.349998474121094,38.86000061035156,4484,0.0,0.0
2024-06-24 10:10:00-04:00,38.82500076293945,38.959999084472656,38.65999984741211,38.900001525878906,4841,0.0,0.0
2024-06-24 10:15:00-04:00,38.904998779296875,39.2599983215332,38.849998474121094,39.22999954223633,2115,0.0,0.0
2024-06-24 10:20:00-04:00,39.22999954223633,39.22999954223633,39.040000915527344,39.154998779296875,2236,0.0,0.0
2024-06-24 10:25:00-04:00,39.27000045776367,39.31999969482422,39.0099983215332,39.0099983215332,2928,0.0,0.0
2024-06-24 10:30:00-04:00,39.099998474121094,39.130001068115234,39.04800033569336,39.11000061035156,1017,0.0,0.0
2024-06-24 10:35:00-04:00,39.029998779296875,39.36000061035156,39.029998779296875,39.36000061035156,1538,0.0,0.0
2024-06-24 10:40:00-04:00,39.39500045776367,39.54499816894531,39.39500045776367,39.54499816894531,1756,0.0,0.0
2024-06-24 10:45:00-04:00,39.61000061035156,39.61000061035156,39.5099983215332,39.5099983215332,6080,0.0,0.0
2024-06-24 10:50:00-04:00,39.45000076293945,39.59000015258789,39.314998626708984,39.59000015258789,6958,0.0,0.0
2024-06-24 10:55:00-04:00,39.72999954223633,39.90999984741211,39.72999954223633,39.90999984741211,2162,0.0,0.0
2024-06-24 11:00:00-04:00,40.01499938964844,40.040000915527344,39.93000030517578,40.040000915527344,1781,0.0,0.0
2024-06-24 11:05:00-04:00,40.04999923706055,40.09000015258789,39.86000061035156,40.029998779296875,11636,0.0,0.0
2024-06-24 11:10:00-04:00,40.099998474121094,40.099998474121094,40.040000915527344,40.040000915527344,829,0.0,0.0
2024-06-24 11:15:00-04:00,40.02000045776367,40.2599983215332,40.02000045776367,40.2599983215332,2984,0.0,0.0
2024-06-24 11:20:00-04:00,40.16999816894531,40.16999816894531,40.099998474121094,40.099998474121094,1607,0.0,0.0
2024-06-24 11:25:00-04:00,40.06999969482422,40.06999969482422,40.06999969482422,40.06999969482422,335,0.0,0.0
2024-06-24 11:30:00-04:00,40.092498779296875,40.22999954223633,40.092498779296875,40.22999954223633,2149,0.0,0.0
2024-06-24 11:35:00-04:00,40.130001068115234,40.20000076293945,40.06999969482422,40.20000076293945,2253,0.0,0.0
2024-06-24 11:40:00-04:00,40.189998626708984,40.189998626708984,40.154998779296875,40.165000915527344,1935,0.0,0.0
2024-06-24 11:45:00-04:00,40.15999984741211,40.290000915527344,40.15250015258789,40.244998931884766,3885,0.0,0.0
2024-06-24 11:50:00-04:00,40.28499984741211,40.31999969482422,40.25,40.25,2502,0.0,0.0
2024-06-24 11:55:00-04:00,40.2400016784668,40.36000061035156,40.2400016784668,40.29499816894531,3594,0.0,0.0
2024-06-24 12:00:00-04:00,40.27000045776367,40.359901428222656,40.2400016784668,40.2400016784668,3625,0.0,0.0
2024-06-24 12:10:00-04:00,40.2400016784668,40.2869987487793,40.2400016784668,40.2599983215332,2193,0.0,0.0
2024-06-24 12:15:00-04:00,40.22999954223633,40.349998474121094,40.22999954223633,40.349998474121094,3494,0.0,0.0
2024-06-24 12:20:00-04:00,40.380001068115234,40.380001068115234,40.22999954223633,40.25,4035,0.0,0.0
2024-06-24 12:25:00-04:00,40.22999954223633,40.3218994140625,40.22999954223633,40.3218994140625,1324,0.0,0.0
2024-06-24 12:30:00-04:00,40.29719924926758,40.34000015258789,40.119998931884766,40.220001220703125,19915,0.0,0.0
2024-06-24 12:35:00-04:00,40.224998474121094,40.279998779296875,40.224998474121094,40.279998779296875,1040,0.0,0.0
2024-06-24 12:40:00-04:00,40.2599983215332,40.529998779296875,40.2599983215332,40.5,7203,0.0,0.0
2024-06-24 12:45:00-04:00,40.52000045776367,40.599998474121094,40.5,40.52000045776367,3344,0.0,0.0
2024-06-24 12:55:00-04:00,40.41999816894531,40.5,40.290000915527344,40.400001525878906,18821,0.0,0.0
2024-06-24 13:00:00-04:00,40.439998626708984,40.52000045776367,40.439998626708984,40.52000045776367,1242,0.0,0.0
2024-06-24 13:05:00-04:00,40.529998779296875,40.560001373291016,40.52000045776367,40.560001373291016,1502,0.0,0.0
2024-06-24 13:10:00-04:00,40.58000183105469,40.70000076293945,40.5,40.70000076293945,3630,0.0,0.0
2024-06-24 13:15:00-04:00,40.650001525878906,40.755001068115234,40.560001373291016,40.72999954223633,2809,0.0,0.0
2024-06-24 13:20:00-04:00,40.688499450683594,40.75,40.688499450683594,40.75,1727,0.0,0.0
2024-06-24 13:25:00-04:00,40.720001220703125,40.83000183105469,40.720001220703125,40.7599983215332,2235,0.0,0.0
2024-06-24 13:30:00-04:00,40.83000183105469,41.05839920043945,40.81999969482422,40.81999969482422,7012,0.0,0.0
2024-06-24 13:35:00-04:00,40.68000030517578,40.779998779296875,40.650001525878906,40.755001068115234,2501,0.0,0.0
2024-06-24 13:40:00-04:00,40.7599983215332,40.86000061035156,40.7599983215332,40.83300018310547,2942,0.0,0.0
2024-06-24 13:45:00-04:00,40.869998931884766,41.02000045776367,40.869998931884766,40.974998474121094,7754,0.0,0.0
2024-06-24 13:50:00-04:00,40.926700592041016,41.02000045776367,40.900001525878906,41.0,3683,0.0,0.0
2024-06-24 13:55:00-04:00,40.869998931884766,40.915000915527344,40.869998931884766,40.915000915527344,1967,0.0,0.0
2024-06-24 14:00:00-04:00,40.915000915527344,40.95000076293945,40.52000045776367,40.52000045776367,9733,0.0,0.0
2024-06-24 14:05:00-04:00,40.52000045776367,40.86000061035156,40.47999954223633,40.86000061035156,6469,0.0,0.0
2024-06-24 14:10:00-04:00,40.83000183105469,40.86000061035156,40.83000183105469,40.849998474121094,1530,0.0,0.0
2024-06-24 14:15:00-04:00,40.814998626708984,40.869998931884766,40.814998626708984,40.869998931884766,2207,0.0,0.0
2024-06-24 14:20:00-04:00,40.90999984741211,40.97999954223633,40.63999938964844,40.72999954223633,16570,0.0,0.0
2024-06-24 14:25:00-04:00,40.65999984741211,40.65999984741211,40.560001373291016,40.560001373291016,2387,0.0,0.0
2024-06-24 14:30:00-04:00,40.33000183105469,40.33000183105469,40.33000183105469,40.33000183105469,569,0.0,0.0
2024-06-24 14:35:00-04:00,40.40999984741211,40.40999984741211,40.209999084472656,40.279998779296875,10076,0.0,0.0
2024-06-24 14:40:00-04:00,40.34000015258789,40.34000015258789,40.2400016784668,40.2400016784668,3124,0.0,0.0
2024-06-24 14:45:00-04:00,40.310001373291016,40.310001373291016,40.22999954223633,40.22999954223633,1056,0.0,0.0
2024-06-24 14:50:00-04:00,40.25,40.27000045776367,40.2400016784668,40.2400016784668,1554,0.0,0.0
2024-06-24 14:55:00-04:00,40.27000045776367,40.27000045776367,39.9900016784668,40.119998931884766,9241,0.0,0.0
2024-06-24 15:00:00-04:00,40.119998931884766,40.119998931884766,40.040000915527344,40.11000061035156,2489,0.0,0.0
2024-06-24 15:05:00-04:00,40.1150016784668,40.23500061035156,40.05730056762695,40.099998474121094,12399,0.0,0.0
2024-06-24 15:10:00-04:00,40.06999969482422,40.13999938964844,40.060001373291016,40.1150016784668,1437,0.0,0.0
2024-06-24 15:15:00-04:00,40.119998931884766,40.119998931884766,40.10499954223633,40.1150016784668,1850,0.0,0.0
2024-06-24 15:20:00-04:00,40.119998931884766,40.119998931884766,39.83000183105469,40.02000045776367,28496,0.0,0.0
2024-06-24 15:25:00-04:00,39.91999816894531,39.92499923706055,39.58000183105469,39.72999954223633,11282,0.0,0.0
2024-06-24 15:30:00-04:00,39.790000915527344,39.869998931884766,39.650001525878906,39.650001525878906,9691,0.0,0.0
2024-06-24 15:35:00-04:00,39.70000076293945,39.79499816894531,39.63999938964844,39.720001220703125,13067,0.0,0.0
2024-06-24 15:40:00-04:00,39.744998931884766,39.79999923706055,39.470001220703125,39.505001068115234,8211,0.0,0.0
2024-06-24 15:45:00-04:00,39.5099983215332,39.5099983215332,39.2599983215332,39.2599983215332,15824,0.0,0.0
2024-06-24 15:50:00-04:00,39.130001068115234,39.279998779296875,39.029998779296875,39.029998779296875,20308,0.0,0.0
2024-06-24 15:55:00-04:00,39.08000183105469,39.09000015258789,38.79999923706055,38.97999954223633,42001,0.0,0.0
2024-06-25 09:30:00-04:00,38.90999984741211,38.90999984741211,38.685001373291016,38.685001373291016,2212,0.0,0.0
2024-06-25 09:35:00-04:00,38.65549850463867,38.83000183105469,38.65549850463867,38.79999923706055,4428,0.0,0.0
2024-06-25 09:45:00-04:00,38.564998626708984,38.564998626708984,38.5099983215332,38.5099983215332,1052,0.0,0.0
2024-06-25 09:50:00-04:00,38.18000030517578,38.18000030517578,38.18000030517578,38.18000030517578,661,0.0,0.0
2024-06-25 09:55:00-04:00,37.97999954223633,37.9900016784668,37.97999954223633,37.9900016784668,675,0.0,0.0
2024-06-25 10:00:00-04:00,37.869998931884766,37.88999938964844,37.349998474121094,37.470001220703125,19475,0.0,0.0
2024-06-25 10:05:00-04:00,37.59000015258789,37.84000015258789,37.59000015258789,37.790000915527344,2331,0.0,0.0
2024-06-25 10:15:00-04:00,37.97999954223633,38.04999923706055,37.93000030517578,37.93000030517578,3830,0.0,0.0
2024-06-25 10:20:00-04:00,38.099998474121094,38.20000076293945,38.099998474121094,38.20000076293945,2505,0.0,0.0
2024-06-25 10:25:00-04:00,38.279998779296875,38.279998779296875,38.18000030517578,38.18000030517578,3279,0.0,0.0
2024-06-25 10:30:00-04:00,38.119998931884766,38.13999938964844,38.06999969482422,38.07500076293945,3412,0.0,0.0
2024-06-25 10:35:00-04:00,38.0,38.2599983215332,37.994998931884766,38.18000030517578,5108,0.0,0.0
2024-06-25 10:45:00-04:00,38.244998931884766,38.244998931884766,38.244998931884766,38.244998931884766,227,0.0,0.0
2024-06-25 10:50:00-04:00,38.40999984741211,38.54999923706055,38.28499984741211,38.54999923706055,3508,0.0,0.0
2024-06-25 11:00:00-04:00,38.474998474121094,38.54999923706055,38.474998474121094,38.54999923706055,1081,0.0,0.0
2024-06-25 11:05:00-04:00,38.54999923706055,38.63999938964844,38.45009994506836,38.63999938964844,6852,0.0,0.0
2024-06-25 11:10:00-04:00,38.630001068115234,38.72999954223633,38.630001068115234,38.630001068115234,1947,0.0,0.0
2024-06-25 11:15:00-04:00,38.61000061035156,38.61000061035156,38.45000076293945,38.52000045776367,3535,0.0,0.0
2024-06-25 11:20:00-04:00,38.57500076293945,38.57500076293945,38.57500076293945,38.57500076293945,1105,0.0,0.0
2024-06-25 11:25:00-04:00,38.54999923706055,38.560001373291016,38.45000076293945,38.45000076293945,4502,0.0,0.0
2024-06-25 11:30:00-04:00,38.459999084472656,38.599998474121094,38.459999084472656,38.57500076293945,4161,0.0,0.0
2024-06-25 11:35:00-04:00,38.564998626708984,38.564998626708984,38.564998626708984,38.564998626708984,442,0.0,0.0
2024-06-25 11:40:00-04:00,38.5099983215332,38.55500030517578,38.43000030517578,38.439998626708984,2194,0.0,0.0
2024-06-25 11:45:00-04:00,38.470001220703125,38.4900016784668,38.45000076293945,38.45000076293945,1201,0.0,0.0
2024-06-25 11:50:00-04:00,38.45000076293945,38.5,38.41999816894531,38.459999084472656,4715,0.0,0.0
2024-06-25 11:55:00-04:00,38.41999816894531,38.47999954223633,38.352500915527344,38.41999816894531,7860,0.0,0.0
2024-06-25 12:00:00-04:00,38.41999816894531,38.51219940185547,38.41999816894531,38.51219940185547,3093,0.0,0.0
2024-06-25 12:05:00-04:00,38.5099983215332,38.525001525878906,38.45000076293945,38.5,1044,0.0,0.0
2024-06-25 12:10:00-04:00,38.560001373291016,38.560001373291016,38.46500015258789,38.47999954223633,1638,0.0,0.0
2024-06-25 12:15:00-04:00,38.52000045776367,38.68000030517578,38.470001220703125,38.65999984741211,5366,0.0,0.0
2024-06-25 12:20:00-04:00,38.630001068115234,38.650001525878906,38.52000045776367,38.540000915527344,3534,0.0,0.0
2024-06-25 12:25:00-04:00,38.650001525878906,38.68000030517578,38.58000183105469,38.68000030517578,1910,0.0,0.0
2024-06-25 12:30:00-04:00,38.66999816894531,38.66999816894531,38.52000045776367,38.529998779296875,3808,0.0,0.0
2024-06-25 12:35:00-04:00,38.529998779296875,38.630001068115234,38.529998779296875,38.630001068115234,1753,0.0,0.0
2024-06-25 12:40:00-04:00,38.560001373291016,38.79999923706055,38.560001373291016,38.79999923706055,5200,0.0,0.0
2024-06-25 12:45:00-04:00,38.724998474121094,38.79999923706055,38.724998474121094,38.7400016784668,3126,0.0,0.0
2024-06-25 12:50:00-04:00,38.81999969482422,38.81999969482422,38.75,38.75,1304,0.0,0.0
2024-06-25 12:55:00-04:00,38.75,38.75,38.65999984741211,38.65999984741211,2329,0.0,0.0
2024-06-25 13:00:00-04:00,38.68000030517578,38.68000030517578,38.630001068115234,38.630001068115234,1886,0.0,0.0
2024-06-25 13:05:00-04:00,38.61000061035156,38.650001525878906,38.599998474121094,38.599998474121094,2688,0.0,0.0
2024-06-25 13:10:00-04:00,38.630001068115234,38.650001525878906,38.61000061035156,38.630001068115234,3703,0.0,0.0
2024-06-25 13:15:00-04:00,38.61000061035156,38.61000061035156,38.59000015258789,38.59000015258789,1735,0.0,0.0
2024-06-25 13:20:00-04:00,38.61000061035156,38.61000061035156,38.58000183105469,38.58000183105469,1281,0.0,0.0
2024-06-25 13:25:00-04:00,38.61750030517578,38.720001220703125,38.61000061035156,38.70000076293945,3706,0.0,0.0
2024-06-25 13:30:00-04:00,38.66999816894531,38.77000045776367,38.66999816894531,38.68000030517578,1145,0.0,0.0
2024-06-25 13:35:00-04:00,38.65999984741211,38.77000045776367,38.65999984741211,38.77000045776367,328,0.0,0.0
2024-06-25 13:40:00-04:00,38.68000030517578,38.68000030517578,38.630001068115234,38.630001068115234,2149,0.0,0.0
2024-06-25 13:45:00-04:00,38.685001373291016,38.685001373291016,38.685001373291016,38.685001373291016,1045,0.0,0.0
2024-06-25 13:50:00-04:00,38.599998474121094,38.599998474121094,38.470001220703125,38.470001220703125,2469,0.0,0.0
2024-06-25 13:55:00-04:00,38.400001525878906,38.5,38.400001525878906,38.400001525878906,4955,0.0,0.0
2024-06-25 14:00:00-04:00,38.400001525878906,38.400001525878906,38.400001525878906,38.400001525878906,3371,0.0,0.0
2024-06-25 14:05:00-04:00,38.41999816894531,38.45000076293945,38.400001525878906,38.400001525878906,6679,0.0,0.0
2024-06-25 14:10:00-04:00,38.40999984741211,38.41999816894531,38.310001373291016,38.31999969482422,12312,0.0,0.0
2024-06-25 14:15:00-04:00,38.290000915527344,38.40999984741211,38.290000915527344,38.40999984741211,5322,0.0,0.0
2024-06-25 14:20:00-04:00,38.310001373291016,38.310001373291016,38.310001373291016,38.310001373291016,904,0.0,0.0
2024-06-25 14:25:00-04:00,38.220001220703125,38.220001220703125,38.16999816894531,38.18000030517578,791,0.0,0.0
2024-06-25 14:30:00-04:00,38.15999984741211,38.15999984741211,38.09000015258789,38.09000015258789,2680,0.0,0.0
2024-06-25 14:40:00-04:00,38.0,38.0,37.9900016784668,38.0,1327,0.0,0.0
2024-06-25 14:45:00-04:00,38.0,38.13999938964844,37.97999954223633,38.11000061035156,5586,0.0,0.0
2024-06-25 14:50:00-04:00,38.11000061035156,38.16999816894531,38.11000061035156,38.165000915527344,4315,0.0,0.0
2024-06-25 14:55:00-04:00,38.04999923706055,38.099998474121094,38.0,38.07500076293945,5737,0.0,0.0
2024-06-25 15:00:00-04:00,38.040000915527344,38.040000915527344,37.970001220703125,38.0,1251,0.0,0.0
2024-06-25 15:05:00-04:00,37.93000030517578,38.005001068115234,37.93000030517578,38.0,1289,0.0,0.0
2024-06-25 15:10:00-04:00,38.0,38.13999938964844,37.974998474121094,38.13999938964844,2937,0.0,0.0
2024-06-25 15:15:00-04:00,38.13999938964844,38.13999938964844,38.0,38.0,1420,0.0,0.0
2024-06-25 15:20:00-04:00,38.03499984741211,38.04999923706055,37.98500061035156,38.04999923706055,2573,0.0,0.0
2024-06-25 15:25:00-04:00,38.02000045776367,38.02000045776367,38.0099983215332,38.0099983215332,845,0.0,0.0
2024-06-25 15:30:00-04:00,38.02000045776367,38.02000045776367,37.95000076293945,37.96500015258789,7579,0.0,0.0
2024-06-25 15:35:00-04:00,37.94499969482422,37.95000076293945,37.790000915527344,37.8650016784668,4295,0.0,0.0
2024-06-25 15:40:00-04:00,37.86000061035156,37.86000061035156,37.84000015258789,37.84000015258789,1665,0.0,0.0
2024-06-25 15:45:00-04:00,37.779998779296875,37.869998931884766,37.77000045776367,37.814998626708984,5467,0.0,0.0
2024-06-25 15:50:00-04:00,37.810001373291016,37.810001373291016,37.48500061035156,37.5099983215332,11500,0.0,0.0
2024-06-25 15:55:00-04:00,37.45000076293945,37.529998779296875,37.349998474121094,37.439998626708984,45863,0.0,0.0
2024-06-26 09:30:00-04:00,37.150001525878906,37.150001525878906,37.150001525878906,37.150001525878906,2625,0.0,0.0
2024-06-26 09:35:00-04:00,36.92499923706055,36.92499923706055,36.459999084472656,36.73500061035156,27646,0.0,0.0
2024-06-26 09:40:00-04:00,36.81999969482422,36.81999969482422,36.630001068115234,36.630001068115234,14626,0.0,0.0
2024-06-26 09:45:00-04:00,36.63999938964844,36.665000915527344,36.63999938964844,36.665000915527344,1971,0.0,0.0
2024-06-26 09:55:00-04:00,36.45000076293945,36.60499954223633,36.45000076293945,36.59000015258789,13299,0.0,0.0
2024-06-26 10:00:00-04:00,36.6150016784668,37.099998474121094,36.584999084472656,37.099998474121094,2380,0.0,0.0
2024-06-26 10:05:00-04:00,36.95500183105469,36.95500183105469,36.83000183105469,36.83000183105469,584,0.0,0.0
2024-06-26 10:10:00-04:00,37.03499984741211,37.15999984741211,36.9900016784668,37.15999984741211,4532,0.0,0.0
2024-06-26 10:15:00-04:00,37.06999969482422,37.099998474121094,37.0,37.06999969482422,3235,0.0,0.0
2024-06-26 10:20:00-04:00,37.099998474121094,37.15999984741211,36.97999954223633,37.119998931884766,3162,0.0,0.0
2024-06-26 10:25:00-04:00,37.064998626708984,37.064998626708984,36.939998626708984,36.95500183105469,2050,0.0,0.0
2024-06-26 10:30:00-04:00,37.03499984741211,37.17499923706055,36.95000076293945,37.060001373291016,2052,0.0,0.0
2024-06-26 10:35:00-04:00,37.099998474121094,37.209999084472656,36.83000183105469,37.060001373291016,5307,0.0,0.0
2024-06-26 10:40:00-04:00,37.0099983215332,37.04499816894531,36.970001220703125,37.04499816894531,2218,0.0,0.0
2024-06-26 10:45:00-04:00,37.0,37.119998931884766,37.0,37.099998474121094,2760,0.0,0.0
2024-06-26 10:50:00-04:00,37.154998779296875,37.255001068115234,37.10499954223633,37.15999984741211,4699,0.0,0.0
2024-06-26 10:55:00-04:00,37.20500183105469,37.21500015258789,37.119998931884766,37.119998931884766,1784,0.0,0.0
2024-06-26 11:00:00-04:00,37.11000061035156,37.150001525878906,37.0,37.150001525878906,1707,0.0,0.0
2024-06-26 11:05:00-04:00,37.06999969482422,37.11000061035156,37.029998779296875,37.084999084472656,3584,0.0,0.0
2024-06-26 11:10:00-04:00,37.06999969482422,37.06999969482422,36.849998474121094,36.97999954223633,6862,0.0,0.0
2024-06-26 11:15:00-04:00,36.970001220703125,37.16999816894531,36.959999084472656,37.06999969482422,6941,0.0,0.0
2024-06-26 11:20:00-04:00,37.1150016784668,37.1150016784668,37.06999969482422,37.11000061035156,1618,0.0,0.0
2024-06-26 11:25:00-04:00,37.099998474121094,37.130001068115234,37.08000183105469,37.09000015258789,5160,0.0,0.0
2024-06-26 11:30:00-04:00,37.09000015258789,37.148101806640625,37.03499984741211,37.04999923706055,8736,0.0,0.0
2024-06-26 11:35:00-04:00,37.08000183105469,37.084999084472656,37.02000045776367,37.029998779296875,1586,0.0,0.0
2024-06-26 11:40:00-04:00,37.06999969482422,37.09000015258789,37.0,37.060001373291016,6027,0.0,0.0
2024-06-26 11:45:00-04:00,37.04999923706055,37.189998626708984,37.04999923706055,37.189998626708984,4655,0.0,0.0
2024-06-26 11:50:00-04:00,37.18000030517578,37.2599983215332,37.11009979248047,37.23500061035156,7970,0.0,0.0
2024-06-26 11:55:00-04:00,37.209999084472656,37.209999084472656,37.13999938964844,37.13999938964844,3498,0.0,0.0
2024-06-26 12:00:00-04:00,37.150001525878906,37.1875,37.060001373291016,37.119998931884766,2491,0.0,0.0
2024-06-26 12:05:00-04:00,37.06999969482422,37.10499954223633,37.040000915527344,37.10499954223633,614,0.0,0.0
2024-06-26 12:10:00-04:00,37.11000061035156,37.119998931884766,36.96500015258789,37.060001373291016,6915,0.0,0.0
2024-06-26 12:15:00-04:00,37.119998931884766,37.119998931884766,37.060001373291016,37.060001373291016,1116,0.0,0.0
2024-06-26 12:20:00-04:00,37.064998626708984,37.16999816894531,37.064998626708984,37.16999816894531,1792,0.0,0.0
2024-06-26 12:25:00-04:00,37.119998931884766,37.375,37.099998474121094,37.375,2882,0.0,0.0
2024-06-26 12:30:00-04:00,37.439998626708984,37.45000076293945,37.439998626708984,37.44499969482422,907,0.0,0.0
2024-06-26 12:35:00-04:00,37.45000076293945,37.529998779296875,37.380001068115234,37.529998779296875,1414,0.0,0.0
2024-06-26 12:40:00-04:00,37.41999816894531,37.59000015258789,37.41999816894531,37.59000015258789,2039,0.0,0.0
2024-06-26 12:45:00-04:00,37.630001068115234,37.685001373291016,37.439998626708984,37.439998626708984,4739,0.0,0.0
2024-06-26 12:50:00-04:00,37.36000061035156,37.584999084472656,37.36000061035156,37.4900016784668,4136,0.0,0.0
2024-06-26 12:55:00-04:00,37.45000076293945,37.540000915527344,37.439998626708984,37.45000076293945,1914,0.0,0.0
2024-06-26 13:00:00-04:00,37.415000915527344,37.415000915527344,37.33000183105469,37.415000915527344,1465,0.0,0.0
2024-06-26 13:05:00-04:00,37.470001220703125,37.630001068115234,37.41999816894531,37.5099983215332,3256,0.0,0.0
2024-06-26 13:10:00-04:00,37.564998626708984,37.61000061035156,37.34000015258789,37.34000015258789,4812,0.0,0.0
2024-06-26 13:15:00-04:00,37.36000061035156,37.46500015258789,37.31999969482422,37.36000061035156,3596,0.0,0.0
2024-06-26 13:20:00-04:00,37.35499954223633,37.35499954223633,37.25,37.32500076293945,1945,0.0,0.0
2024-06-26 13:25:00-04:00,37.29499816894531,37.36000061035156,37.22999954223633,37.29499816894531,1531,0.0,0.0
2024-06-26 13:30:00-04:00,37.25,37.34000015258789,37.189998626708984,37.255001068115234,4182,0.0,0.0
2024-06-26 13:35:00-04:00,37.2599983215332,37.45000076293945,37.224998474121094,37.45000076293945,3177,0.0,0.0
2024-06-26 13:40:00-04:00,37.529998779296875,37.529998779296875,37.380001068115234,37.400001525878906,3795,0.0,0.0
2024-06-26 13:45:00-04:00,37.499900817871094,37.5,37.18009948730469,37.29499816894531,4860,0.0,0.0
2024-06-26 13:50:00-04:00,37.29499816894531,37.36000061035156,37.25,37.345001220703125,1723,0.0,0.0
2024-06-26 13:55:00-04:00,37.2599983215332,37.45000076293945,37.2599983215332,37.415000915527344,1079,0.0,0.0
2024-06-26 14:00:00-04:00,37.439998626708984,37.439998626708984,37.290000915527344,37.310001373291016,2287,0.0,0.0
2024-06-26 14:05:00-04:00,37.36000061035156,37.36000061035156,37.22999954223633,37.29499816894531,2986,0.0,0.0
2024-06-26 14:10:00-04:00,37.2599983215332,37.41999816894531,37.2599983215332,37.41999816894531,2819,0.0,0.0
2024-06-26 14:15:00-04:00,37.5,37.540000915527344,37.45000076293945,37.494998931884766,6177,0.0,0.0
2024-06-26 14:20:00-04:00,37.494998931884766,37.540000915527344,37.4900016784668,37.5,2193,0.0,0.0
2024-06-26 14:25:00-04:00,37.47999954223633,37.54999923706055,37.42499923706055,37.42499923706055,5360,0.0,0.0
2024-06-26 14:30:00-04:00,37.41999816894531,37.6077995300293,37.41999816894531,37.54499816894531,4824,0.0,0.0
2024-06-26 14:35:00-04:00,37.5099983215332,37.59000015258789,37.44499969482422,37.494998931884766,4794,0.0,0.0
2024-06-26 14:40:00-04:00,37.494998931884766,37.59000015258789,37.494998931884766,37.57500076293945,4131,0.0,0.0
2024-06-26 14:45:00-04:00,37.54999923706055,37.619998931884766,37.52000045776367,37.619998931884766,1472,0.0,0.0
2024-06-26 14:50:00-04:00,37.57500076293945,37.75,37.54999923706055,37.75,4585,0.0,0.0
2024-06-26 14:55:00-04:00,37.755001068115234,37.81999969482422,37.66999816894531,37.709999084472656,4206,0.0,0.0
2024-06-26 15:00:00-04:00,37.756900787353516,37.849998474121094,37.65999984741211,37.73500061035156,5335,0.0,0.0
2024-06-26 15:05:00-04:00,37.689998626708984,37.79999923706055,37.689998626708984,37.779998779296875,4170,0.0,0.0
2024-06-26 15:10:00-04:00,37.81999969482422,37.81999969482422,37.709999084472656,37.72999954223633,3619,0.0,0.0
2024-06-26 15:15:00-04:00,37.73500061035156,37.779998779296875,37.70000076293945,37.75,2549,0.0,0.0
2024-06-26 15:20:00-04:00,37.72999954223633,37.779998779296875,37.67499923706055,37.72999954223633,8623,0.0,0.0
2024-06-26 15:25:00-04:00,37.72999954223633,37.808998107910156,37.709999084472656,37.75,6738,0.0,0.0
2024-06-26 15:30:00-04:00,37.779998779296875,38.025001525878906,37.779998779296875,37.95500183105469,3947,0.0,0.0
2024-06-26 15:35:00-04:00,37.959999084472656,38.040000915527344,37.93000030517578,37.994998931884766,8036,0.0,0.0
2024-06-26 15:40:00-04:00,38.0099983215332,38.130001068115234,38.0099983215332,38.09000015258789,4704,0.0,0.0
2024-06-26 15:45:00-04:00,38.09000015258789,38.09000015258789,37.939998626708984,37.959999084472656,13821,0.0,0.0
2024-06-26 15:50:00-04:00,38.0,38.29999923706055,37.904998779296875,38.2400016784668,40296,0.0,0.0
2024-06-26 15:55:00-04:00,38.2400016784668,38.290000915527344,38.119998931884766,38.25,34630,0.0,0.0
2024-06-27 09:30:00-04:00,38.400001525878906,38.400001525878906,38.400001525878906,38.400001525878906,6048,0.0,0.0
2024-06-27 09:40:00-04:00,38.099998474121094,38.11000061035156,38.0099983215332,38.099998474121094,2722,0.0,0.0
2024-06-27 09:45:00-04:00,37.9900016784668,38.09000015258789,37.720001220703125,38.025001525878906,4154,0.0,0.0
2024-06-27 09:50:00-04:00,38.09000015258789,38.205299377441406,37.9900016784668,38.205299377441406,3832,0.0,0.0
2024-06-27 09:55:00-04:00,38.095001220703125,38.095001220703125,38.095001220703125,38.095001220703125,292,0.0,0.0
2024-06-27 10:00:00-04:00,38.11000061035156,38.39500045776367,38.11000061035156,38.39500045776367,2206,0.0,0.0
2024-06-27 10:05:00-04:00,38.2400016784668,38.2400016784668,37.970001220703125,38.0099983215332,3470,0.0,0.0
2024-06-27 10:10:00-04:00,37.93000030517578,37.93000030517578,37.81999969482422,37.81999969482422,1710,0.0,0.0
2024-06-27 10:15:00-04:00,37.380001068115234,37.5099983215332,37.1349983215332,37.1349983215332,1044,0.0,0.0
2024-06-27 10:20:00-04:00,37.25,37.29499816894531,36.9900016784668,37.29499816894531,1445,0.0,0.0
2024-06-27 10:25:00-04:00,37.33000183105469,37.33000183105469,37.040000915527344,37.314998626708984,1593,0.0,0.0
2024-06-27 10:30:00-04:00,37.31999969482422,37.54999923706055,37.11399841308594,37.47999954223633,2138,0.0,0.0
2024-06-27 10:35:00-04:00,37.48500061035156,38.130001068115234,37.34000015258789,38.130001068115234,6565,0.0,0.0
2024-06-27 10:40:00-04:00,38.01499938964844,38.150001525878906,37.95000076293945,38.01250076293945,2618,0.0,0.0
2024-06-27 10:45:00-04:00,38.1349983215332,38.5,38.1349983215332,38.40999984741211,2659,0.0,0.0
2024-06-27 10:50:00-04:00,38.40999984741211,38.40999984741211,38.25,38.25,1880,0.0,0.0
2024-06-27 10:55:00-04:00,38.28499984741211,38.28499984741211,38.029998779296875,38.029998779296875,2847,0.0,0.0
2024-06-27 11:00:00-04:00,38.08000183105469,38.08000183105469,37.95000076293945,37.98500061035156,2550,0.0,0.0
2024-06-27 11:05:00-04:00,37.98500061035156,38.099998474121094,37.970001220703125,37.97999954223633,2219,0.0,0.0
2024-06-27 11:10:00-04:00,37.97999954223633,38.02000045776367,37.939998626708984,38.02000045776367,1392,0.0,0.0
2024-06-27 11:15:00-04:00,37.9900016784668,38.130001068115234,37.9900016784668,38.099998474121094,2917,0.0,0.0
2024-06-27 11:20:00-04:00,38.14500045776367,38.189998626708984,38.125,38.189998626708984,1729,0.0,0.0
2024-06-27 11:25:00-04:00,38.16999816894531,38.5,38.16999816894531,38.275001525878906,6057,0.0,0.0
2024-06-27 11:30:00-04:00,38.25,38.25,38.029998779296875,38.029998779296875,1633,0.0,0.0
2024-06-27 11:35:00-04:00,38.0099983215332,38.290000915527344,37.869998931884766,37.869998931884766,3014,0.0,0.0
2024-06-27 11:40:00-04:00,37.900001525878906,37.900001525878906,37.900001525878906,37.900001525878906,117,0.0,0.0
2024-06-27 11:45:00-04:00,37.900001525878906,38.1150016784668,37.900001525878906,38.1150016784668,3598,0.0,0.0
2024-06-27 11:50:00-04:00,38.099998474121094,38.13999938964844,38.099998474121094,38.13999938964844,1939,0.0,0.0
2024-06-27 11:55:00-04:00,38.25,38.29999923706055,38.244998931884766,38.29999923706055,886,0.0,0.0
2024-06-27 12:00:00-04:00,38.39500045776367,38.439998626708984,38.34000015258789,38.34000015258789,2853,0.0,0.0
2024-06-27 12:05:00-04:00,38.404998779296875,38.40999984741211,38.404998779296875,38.40999984741211,477,0.0,0.0
2024-06-27 12:10:00-04:00,38.369998931884766,38.369998931884766,38.310001373291016,38.33000183105469,1282,0.0,0.0
2024-06-27 12:15:00-04:00,38.27000045776367,38.279998779296875,38.189998626708984,38.2400016784668,2215,0.0,0.0
2024-06-27 12:20:00-04:00,38.209999084472656,38.275001525878906,38.209999084472656,38.275001525878906,1461,0.0,0.0
2024-06-27 12:25:00-04:00,38.27000045776367,38.3650016784668,38.27000045776367,38.36000061035156,2860,0.0,0.0
2024-06-27 12:30:00-04:00,38.36000061035156,38.36000061035156,38.36000061035156,38.36000061035156,315,0.0,0.0
2024-06-27 12:35:00-04:00,38.3650016784668,38.3650016784668,38.3650016784668,38.3650016784668,1019,0.0,0.0
2024-06-27 12:40:00-04:00,38.369998931884766,38.45000076293945,38.369998931884766,38.40999984741211,1545,0.0,0.0
2024-06-27 12:45:00-04:00,38.369998931884766,38.41999816894531,38.369998931884766,38.41999816894531,1918,0.0,0.0
2024-06-27 12:50:00-04:00,38.310001373291016,38.45000076293945,38.310001373291016,38.45000076293945,3173,0.0,0.0
2024-06-27 12:55:00-04:00,38.439998626708984,38.4900016784668,38.43000030517578,38.439998626708984,2760,0.0,0.0
2024-06-27 13:00:00-04:00,38.40999984741211,38.45500183105469,38.40999984741211,38.45500183105469,1314,0.0,0.0
2024-06-27 13:05:00-04:00,38.45500183105469,38.45500183105469,38.36000061035156,38.36000061035156,1657,0.0,0.0
2024-06-27 13:10:00-04:00,38.31999969482422,38.31999969482422,38.2599983215332,38.2599983215332,3688,0.0,0.0
2024-06-27 13:20:00-04:00,38.06999969482422,38.06999969482422,38.06999969482422,38.06999969482422,493,0.0,0.0
2024-06-27 13:25:00-04:00,38.08000183105469,38.34000015258789,38.08000183105469,38.34000015258789,5532,0.0,0.0
2024-06-27 13:30:00-04:00,38.345001220703125,38.40999984741211,38.33000183105469,38.33000183105469,2057,0.0,0.0
2024-06-27 13:35:00-04:00,38.220001220703125,38.345001220703125,38.220001220703125,38.345001220703125,1757,0.0,0.0
2024-06-27 13:40:00-04:00,38.369998931884766,38.369998931884766,38.11000061035156,38.11000061035156,2417,0.0,0.0
2024-06-27 13:45:00-04:00,38.165000915527344,38.290000915527344,38.165000915527344,38.290000915527344,2340,0.0,0.0
2024-06-27 13:50:00-04:00,38.33000183105469,38.46500015258789,38.33000183105469,38.46500015258789,1636,0.0,0.0
2024-06-27 13:55:00-04:00,38.529998779296875,38.6349983215332,38.529998779296875,38.630001068115234,1974,0.0,0.0
2024-06-27 14:00:00-04:00,38.654998779296875,38.810001373291016,38.59000015258789,38.810001373291016,5713,0.0,0.0
2024-06-27 14:05:00-04:00,38.75,38.75,38.744998931884766,38.75,1366,0.0,0.0
2024-06-27 14:10:00-04:00,38.75,38.88999938964844,38.7400016784668,38.8650016784668,2730,0.0,0.0
2024-06-27 14:15:00-04:00,38.8650016784668,38.88999938964844,38.755001068115234,38.845001220703125,6340,0.0,0.0
2024-06-27 14:20:00-04:00,38.85499954223633,38.91999816894531,38.834999084472656,38.91999816894531,4782,0.0,0.0
2024-06-27 14:25:00-04:00,38.810001373291016,38.91999816894531,38.650001525878906,38.79499816894531,9005,0.0,0.0
2024-06-27 14:30:00-04:00,38.79999923706055,38.845001220703125,38.79999923706055,38.845001220703125,2796,0.0,0.0
2024-06-27 14:35:00-04:00,38.80500030517578,38.80500030517578,38.80500030517578,38.80500030517578,107,0.0,0.0
2024-06-27 14:40:00-04:00,38.79999923706055,38.869998931884766,38.79999923706055,38.869998931884766,3762,0.0,0.0
2024-06-27 14:45:00-04:00,38.8849983215332,39.0,38.8849983215332,38.95000076293945,1731,0.0,0.0
2024-06-27 14:50:00-04:00,39.0,39.29999923706055,38.97999954223633,39.29999923706055,10525,0.0,0.0
2024-06-27 14:55:00-04:00,39.2599983215332,39.2599983215332,39.150001525878906,39.19499969482422,4629,0.0,0.0
2024-06-27 15:00:00-04:00,39.19499969482422,39.20000076293945,39.1150016784668,39.1150016784668,5100,0.0,0.0
2024-06-27 15:05:00-04:00,39.15999984741211,39.15999984741211,39.03499984741211,39.04999923706055,5202,0.0,0.0
2024-06-27 15:10:00-04:00,39.05500030517578,39.150001525878906,39.05500030517578,39.119998931884766,7903,0.0,0.0
2024-06-27 15:15:00-04:00,39.11000061035156,39.34989929199219,39.099998474121094,39.29499816894531,9943,0.0,0.0
2024-06-27 15:20:00-04:00,39.34989929199219,39.709999084472656,39.29499816894531,39.70000076293945,10909,0.0,0.0
2024-06-27 15:25:00-04:00,39.630001068115234,39.90999984741211,39.630001068115234,39.880001068115234,7642,0.0,0.0
2024-06-27 15:30:00-04:00,39.869998931884766,40.099998474121094,39.814998626708984,40.099998474121094,10528,0.0,0.0
2024-06-27 15:35:00-04:00,40.005001068115234,40.18000030517578,40.005001068115234,40.119998931884766,19603,0.0,0.0
2024-06-27 15:40:00-04:00,40.09000015258789,40.15999984741211,39.959999084472656,40.1349983215332,15498,0.0,0.0
2024-06-27 15:45:00-04:00,40.11000061035156,40.13999938964844,39.61000061035156,39.70000076293945,26857,0.0,0.0
2024-06-27 15:50:00-04:00,39.709999084472656,40.029998779296875,39.529998779296875,40.029998779296875,25181,0.0,0.0
2024-06-27 15:55:00-04:00,40.0,40.16999816894531,39.970001220703125,39.9900016784668,74548,0.0,0.0
2024-06-28 09:30:00-04:00,40.130001068115234,40.40999984741211,39.85499954223633,40.349998474121094,59718,0.0,0.0
2024-06-28 09:35:00-04:00,40.380001068115234,40.83000183105469,40.02000045776367,40.14500045776367,18796,0.0,0.0
2024-06-28 09:40:00-04:00,40.03499984741211,40.25,39.900001525878906,40.03499984741211,10133,0.0,0.0
2024-06-28 09:45:00-04:00,40.03499984741211,40.20000076293945,40.03499984741211,40.13999938964844,5307,0.0,0.0
2024-06-28 09:50:00-04:00,40.02000045776367,40.150001525878906,40.0,40.064998626708984,10722,0.0,0.0
2024-06-28 09:55:00-04:00,40.06999969482422,40.06999969482422,39.959999084472656,40.0,5091,0.0,0.0
2024-06-28 10:00:00-04:00,39.97999954223633,39.97999954223633,39.77000045776367,39.95000076293945,9703,0.0,0.0
2024-06-28 10:05:00-04:00,39.88999938964844,40.1150016784668,39.88999938964844,40.04499816894531,7400,0.0,0.0
2024-06-28 10:10:00-04:00,39.98500061035156,40.060001373291016,39.935001373291016,39.95000076293945,2007,0.0,0.0
2024-06-28 10:15:00-04:00,39.900001525878906,40.16999816894531,39.900001525878906,40.15999984741211,19028,0.0,0.0
2024-06-28 10:20:00-04:00,40.25,40.29999923706055,40.06999969482422,40.29999923706055,35898,0.0,0.0
2024-06-28 10:25:00-04:00,40.220001220703125,40.29999923706055,39.84000015258789,39.84000015258789,6809,0.0,0.0
2024-06-28 10:30:00-04:00,39.94499969482422,39.94499969482422,39.869998931884766,39.900001525878906,5047,0.0,0.0
2024-06-28 10:35:00-04:00,39.90999984741211,39.90999984741211,39.630001068115234,39.630001068115234,11592,0.0,0.0
2024-06-28 10:40:00-04:00,39.58000183105469,39.599998474121094,39.150001525878906,39.150001525878906,9960,0.0,0.0
2024-06-28 10:45:00-04:00,39.150001525878906,39.345001220703125,39.150001525878906,39.334999084472656,5330,0.0,0.0
2024-06-28 10:50:00-04:00,39.38999938964844,39.404998779296875,39.28499984741211,39.28499984741211,2580,0.0,0.0
2024-06-28 10:55:00-04:00,39.25,39.25,39.0099983215332,39.0099983215332,3300,0.0,0.0
2024-06-28 11:00:00-04:00,39.06999969482422,39.130001068115234,38.91999816894531,38.97999954223633,6606,0.0,0.0
2024-06-28 11:05:00-04:00,38.96500015258789,38.96500015258789,38.85499954223633,38.900001525878906,5833,0.0,0.0
2024-06-28 11:10:00-04:00,38.88999938964844,38.974998474121094,38.85499954223633,38.95000076293945,7546,0.0,0.0
2024-06-28 11:15:00-04:00,38.900001525878906,39.005001068115234,38.900001525878906,38.974998474121094,4528,0.0,0.0
2024-06-28 11:20:00-04:00,38.86000061035156,39.209999084472656,38.849998474121094,39.209999084472656,8715,0.0,0.0
2024-06-28 11:25:00-04:00,39.099998474121094,39.165000915527344,39.060001373291016,39.060001373291016,4792,0.0,0.0
2024-06-28 11:30:00-04:00,39.099998474121094,39.119998931884766,39.040000915527344,39.095001220703125,4294,0.0,0.0
2024-06-28 11:35:00-04:00,39.1349983215332,39.1349983215332,39.09000015258789,39.095001220703125,1669,0.0,0.0
2024-06-28 11:40:00-04:00,39.029998779296875,39.040000915527344,39.0,39.0,3325,0.0,0.0
2024-06-28 11:45:00-04:00,39.0,39.04999923706055,39.0,39.04499816894531,7924,0.0,0.0
2024-06-28 11:50:00-04:00,39.08000183105469,39.08000183105469,38.75,38.7599983215332,9867,0.0,0.0
2024-06-28 11:55:00-04:00,38.79999923706055,38.84000015258789,38.77000045776367,38.77000045776367,2439,0.0,0.0
2024-06-28 12:00:00-04:00,38.82500076293945,39.16999816894531,38.82500076293945,39.15999984741211,5117,0.0,0.0
2024-06-28 12:05:00-04:00,39.15999984741211,39.15999984741211,38.939998626708984,38.939998626708984,4372,0.0,0.0
2024-06-28 12:10:00-04:00,38.935001373291016,38.935001373291016,38.7599983215332,38.7599983215332,2747,0.0,0.0
2024-06-28 12:15:00-04:00,38.849998474121094,38.970001220703125,38.779998779296875,38.91999816894531,8574,0.0,0.0
2024-06-28 12:20:00-04:00,38.959999084472656,39.005001068115234,38.959999084472656,39.005001068115234,2279,0.0,0.0
2024-06-28 12:25:00-04:00,39.04999923706055,39.209999084472656,39.04999923706055,39.209999084472656,4128,0.0,0.0
2024-06-28 12:30:00-04:00,39.20500183105469,39.22999954223633,39.19499969482422,39.19499969482422,3250,0.0,0.0
2024-06-28 12:35:00-04:00,39.19499969482422,39.19499969482422,38.97999954223633,38.97999954223633,4713,0.0,0.0
2024-06-28 12:40:00-04:00,38.88999938964844,38.907501220703125,38.790000915527344,38.790000915527344,2388,0.0,0.0
2024-06-28 12:45:00-04:00,38.75,38.869998931884766,38.75,38.83000183105469,4888,0.0,0.0
2024-06-28 12:50:00-04:00,38.810001373291016,38.810001373291016,38.810001373291016,38.810001373291016,1346,0.0,0.0
2024-06-28 12:55:00-04:00,38.810001373291016,38.869998931884766,38.75,38.83000183105469,4276,0.0,0.0
2024-06-28 13:00:00-04:00,38.810001373291016,38.810001373291016,38.75,38.79999923706055,3923,0.0,0.0
2024-06-28 13:05:00-04:00,38.78499984741211,38.78499984741211,38.75,38.7599983215332,2129,0.0,0.0
2024-06-28 13:10:00-04:00,38.810001373291016,38.880001068115234,38.779998779296875,38.845001220703125,5797,0.0,0.0
2024-06-28 13:15:00-04:00,38.85499954223633,38.85499954223633,38.85499954223633,38.85499954223633,1304,0.0,0.0
2024-06-28 13:20:00-04:00,38.77000045776367,38.869998931884766,38.77000045776367,38.83000183105469,3295,0.0,0.0
2024-06-28 13:25:00-04:00,38.790000915527344,38.790000915527344,38.709999084472656,38.709999084472656,11558,0.0,0.0
2024-06-28 13:30:00-04:00,38.58000183105469,38.599998474121094,38.33000183105469,38.33000183105469,5233,0.0,0.0
2024-06-28 13:35:00-04:00,38.27000045776367,38.36000061035156,38.27000045776367,38.33000183105469,4265,0.0,0.0
2024-06-28 13:40:00-04:00,38.36000061035156,38.5,38.279998779296875,38.5,6127,0.0,0.0
2024-06-28 13:45:00-04:00,38.52000045776367,38.630001068115234,38.52000045776367,38.56999969482422,3161,0.0,0.0
2024-06-28 13:50:00-04:00,38.58000183105469,38.60499954223633,38.47999954223633,38.529998779296875,6494,0.0,0.0
2024-06-28 13:55:00-04:00,38.529998779296875,38.56999969482422,38.45000076293945,38.47999954223633,3920,0.0,0.0
2024-06-28 14:00:00-04:00,38.470001220703125,38.560001373291016,38.369998931884766,38.41999816894531,4043,0.0,0.0
2024-06-28 14:05:00-04:00,38.435001373291016,38.630001068115234,38.435001373291016,38.599998474121094,6268,0.0,0.0
2024-06-28 14:10:00-04:00,38.625,38.849998474121094,38.625,38.78499984741211,4044,0.0,0.0
2024-06-28 14:15:00-04:00,38.84000015258789,38.88999938964844,38.81999969482422,38.86000061035156,3990,0.0,0.0
2024-06-28 14:20:00-04:00,38.81999969482422,38.939998626708984,38.779998779296875,38.779998779296875,4767,0.0,0.0
2024-06-28 14:25:00-04:00,38.790000915527344,38.869998931884766,38.790000915527344,38.81999969482422,4243,0.0,0.0
2024-06-28 14:30:00-04:00,38.814998626708984,38.95000076293945,38.814998626708984,38.95000076293945,5476,0.0,0.0
2024-06-28 14:35:00-04:00,38.939998626708984,38.939998626708984,38.7599983215332,38.790000915527344,5322,0.0,0.0
2024-06-28 14:40:00-04:00,38.779998779296875,38.810001373291016,38.77000045776367,38.810001373291016,2594,0.0,0.0
2024-06-28 14:45:00-04:00,38.83000183105469,38.869998931884766,38.79499816894531,38.845001220703125,4201,0.0,0.0
2024-06-28 14:50:00-04:00,38.84000015258789,38.880001068115234,38.56999969482422,38.64500045776367,6470,0.0,0.0
2024-06-28 14:55:00-04:00,38.66999816894531,38.720001220703125,38.66999816894531,38.720001220703125,1679,0.0,0.0
2024-06-28 15:00:00-04:00,38.70000076293945,38.72999954223633,38.57500076293945,38.57500076293945,6942,0.0,0.0
2024-06-28 15:05:00-04:00,38.4900016784668,38.66999816894531,38.4900016784668,38.63999938964844,5022,0.0,0.0
2024-06-28 15:10:00-04:00,38.66999816894531,38.72999954223633,38.64500045776367,38.65999984741211,7940,0.0,0.0
2024-06-28 15:15:00-04:00,38.619998931884766,38.709999084472656,38.619998931884766,38.619998931884766,5300,0.0,0.0
2024-06-28 15:20:00-04:00,38.619998931884766,38.65999984741211,38.404998779296875,38.404998779296875,4712,0.0,0.0
2024-06-28 15:25:00-04:00,38.400001525878906,38.459999084472656,38.400001525878906,38.41999816894531,7899,0.0,0.0
2024-06-28 15:30:00-04:00,38.38999938964844,38.38999938964844,38.189998626708984,38.189998626708984,6049,0.0,0.0
2024-06-28 15:35:00-04:00,38.189998626708984,38.34000015258789,38.16999816894531,38.29999923706055,9073,0.0,0.0
2024-06-28 15:40:00-04:00,38.27000045776367,38.540000915527344,38.27000045776367,38.47999954223633,9005,0.0,0.0
2024-06-28 15:45:00-04:00,38.439998626708984,38.470001220703125,38.25,38.25,11521,0.0,0.0
2024-06-28 15:50:00-04:00,38.34000015258789,38.689998626708984,38.29999923706055,38.689998626708984,26401,0.0,0.0
2024-06-28 15:55:00-04:00,38.81999969482422,39.5,38.79999923706055,39.5,144219,0.0,0.0
2024-07-01 09:30:00-04:00,39.29999923706055,39.79999923706055,38.9900016784668,39.70000076293945,6135,0.0,0.0
2024-07-01 09:35:00-04:00,39.63999938964844,40.20000076293945,38.9900016784668,40.0,4904,0.0,0.0
2024-07-01 09:40:00-04:00,40.189998626708984,40.20000076293945,39.880001068115234,39.91999816894531,4890,0.0,0.0
2024-07-01 09:45:00-04:00,39.79999923706055,39.959999084472656,39.65999984741211,39.959999084472656,5523,0.0,0.0
2024-07-01 09:50:00-04:00,40.0,40.0099983215332,39.66999816894531,39.904998779296875,6547,0.0,0.0
2024-07-01 09:55:00-04:00,39.85369873046875,39.900001525878906,39.470001220703125,39.5525016784668,9917,0.0,0.0
2024-07-01 10:00:00-04:00,39.709999084472656,40.099998474121094,39.709999084472656,39.80500030517578,7295,0.0,0.0
2024-07-01 10:05:00-04:00,39.842498779296875,39.842498779296875,39.630001068115234,39.69499969482422,2319,0.0,0.0
2024-07-01 10:10:00-04:00,39.625,39.625,39.40999984741211,39.560001373291016,6447,0.0,0.0
2024-07-01 10:15:00-04:00,39.625,40.0,39.625,39.95000076293945,5306,0.0,0.0
2024-07-01 10:20:00-04:00,39.970001220703125,40.08000183105469,39.90999984741211,40.07500076293945,3810,0.0,0.0
2024-07-01 10:25:00-04:00,39.97999954223633,40.005001068115234,39.939998626708984,39.97999954223633,2791,0.0,0.0
2024-07-01 10:30:00-04:00,40.005001068115234,40.01499938964844,39.900001525878906,39.900001525878906,5705,0.0,0.0
2024-07-01 10:35:00-04:00,39.92499923706055,40.060001373291016,39.92499923706055,39.96500015258789,3535,0.0,0.0
2024-07-01 10:40:00-04:00,39.849998474121094,39.849998474121094,39.70000076293945,39.72999954223633,2487,0.0,0.0
2024-07-01 10:50:00-04:00,39.6150016784668,39.630001068115234,39.6150016784668,39.630001068115234,2097,0.0,0.0
2024-07-01 10:55:00-04:00,39.5,39.52000045776367,39.43000030517578,39.439998626708984,2428,0.0,0.0
2024-07-01 11:00:00-04:00,39.36000061035156,39.36000061035156,39.33000183105469,39.33000183105469,1664,0.0,0.0
2024-07-01 11:05:00-04:00,39.375,39.375,39.36000061035156,39.36000061035156,459,0.0,0.0
2024-07-01 11:10:00-04:00,39.375,39.599998474121094,39.375,39.599998474121094,3477,0.0,0.0
2024-07-01 11:15:00-04:00,39.939998626708984,40.130001068115234,39.63999938964844,39.63999938964844,17050,0.0,0.0
2024-07-01 11:20:00-04:00,39.689998626708984,39.689998626708984,39.47999954223633,39.525001525878906,3533,0.0,0.0
2024-07-01 11:25:00-04:00,39.54999923706055,39.54999923706055,39.400001525878906,39.40890121459961,1627,0.0,0.0
2024-07-01 11:30:00-04:00,39.29999923706055,39.43000030517578,39.252498626708984,39.39500045776367,4573,0.0,0.0
2024-07-01 11:35:00-04:00,39.279998779296875,39.31999969482422,39.279998779296875,39.31999969482422,1349,0.0,0.0
2024-07-01 11:40:00-04:00,39.290000915527344,39.349998474121094,39.2599983215332,39.349998474121094,3234,0.0,0.0
2024-07-01 11:45:00-04:00,39.36000061035156,39.47999954223633,39.36000061035156,39.400001525878906,1622,0.0,0.0
2024-07-01 11:50:00-04:00,39.45000076293945,39.4900016784668,39.310001373291016,39.310001373291016,3717,0.0,0.0
2024-07-01 11:55:00-04:00,39.25,39.25,39.220001220703125,39.220001220703125,2340,0.0,0.0
2024-07-01 12:05:00-04:00,39.380001068115234,39.380001068115234,39.349998474121094,39.349998474121094,1456,0.0,0.0
2024-07-01 12:10:00-04:00,39.34000015258789,39.34000015258789,39.29999923706055,39.29999923706055,1069,0.0,0.0
2024-07-01 12:15:00-04:00,39.349998474121094,39.349998474121094,39.30500030517578,39.30500030517578,1827,0.0,0.0
2024-07-01 12:20:00-04:00,39.354000091552734,39.40999984741211,39.354000091552734,39.404998779296875,1376,0.0,0.0
2024-07-01 12:25:00-04:00,39.459999084472656,39.459999084472656,39.369998931884766,39.369998931884766,3337,0.0,0.0
2024-07-01 12:30:00-04:00,39.29199981689453,39.369998931884766,39.255001068115234,39.255001068115234,2080,0.0,0.0
2024-07-01 12:40:00-04:00,39.27000045776367,39.27000045776367,39.2400016784668,39.2400016784668,461,0.0,0.0
2024-07-01 12:45:00-04:00,39.30500030517578,39.30500030517578,39.220001220703125,39.220001220703125,2195,0.0,0.0
2024-07-01 12:55:00-04:00,39.27000045776367,39.34000015258789,39.27000045776367,39.34000015258789,2426,0.0,0.0
2024-07-01 13:00:00-04:00,39.34000015258789,39.34000015258789,39.25,39.25,2540,0.0,0.0
2024-07-01 13:05:00-04:00,39.2599983215332,39.2599983215332,39.2599983215332,39.2599983215332,902,0.0,0.0
2024-07-01 13:10:00-04:00,39.27000045776367,39.27000045776367,39.20000076293945,39.20000076293945,3917,0.0,0.0
2024-07-01 13:20:00-04:00,39.2400016784668,39.27000045776367,39.04999923706055,39.04999923706055,4255,0.0,0.0
2024-07-01 13:25:00-04:00,39.04999923706055,39.10499954223633,39.04999923706055,39.10499954223633,428,0.0,0.0
2024-07-01 13:30:00-04:00,39.04999923706055,39.11000061035156,39.04999923706055,39.11000061035156,767,0.0,0.0
2024-07-01 13:35:00-04:00,39.060001373291016,39.064998626708984,39.040000915527344,39.064998626708984,2727,0.0,0.0
2024-07-01 13:40:00-04:00,39.04999923706055,39.04999923706055,38.9900016784668,38.9900016784668,1329,0.0,0.0
2024-07-01 13:45:00-04:00,39.02000045776367,39.02000045776367,38.9900016784668,38.9900016784668,735,0.0,0.0
2024-07-01 13:50:00-04:00,39.09000015258789,39.099998474121094,38.959999084472656,38.959999084472656,3737,0.0,0.0
2024-07-01 13:55:00-04:00,38.97999954223633,38.97999954223633,38.93000030517578,38.93000030517578,735,0.0,0.0
2024-07-01 14:00:00-04:00,39.0,39.15999984741211,39.0,39.06999969482422,3442,0.0,0.0
2024-07-01 14:05:00-04:00,39.064998626708984,39.064998626708984,39.0099983215332,39.0099983215332,525,0.0,0.0
2024-07-01 14:10:00-04:00,39.02000045776367,39.060001373291016,39.02000045776367,39.02000045776367,875,0.0,0.0
2024-07-01 14:15:00-04:00,39.02000045776367,39.02000045776367,39.0,39.0,736,0.0,0.0
2024-07-01 14:20:00-04:00,39.0,39.0,39.0,39.0,453,0.0,0.0
2024-07-01 14:25:00-04:00,39.0,39.0,38.689998626708984,38.689998626708984,4300,0.0,0.0
2024-07-01 14:30:00-04:00,38.68000030517578,38.97999954223633,38.68000030517578,38.95000076293945,5100,0.0,0.0
2024-07-01 14:35:00-04:00,39.00400161743164,39.09000015258789,38.962501525878906,39.09000015258789,3339,0.0,0.0
2024-07-01 14:40:00-04:00,39.095001220703125,39.1150016784668,39.095001220703125,39.11000061035156,1345,0.0,0.0
2024-07-01 14:45:00-04:00,39.10499954223633,39.150001525878906,39.064998626708984,39.150001525878906,2111,0.0,0.0
2024-07-01 14:50:00-04:00,39.08000183105469,39.08000183105469,38.9900016784668,39.005001068115234,5694,0.0,0.0
2024-07-01 14:55:00-04:00,38.959999084472656,39.04999923706055,38.959999084472656,39.04999923706055,6692,0.0,0.0
2024-07-01 15:00:00-04:00,39.0,39.03499984741211,39.0,39.0099983215332,6502,0.0,0.0
2024-07-01 15:05:00-04:00,39.060001373291016,39.1349983215332,39.060001373291016,39.1349983215332,4391,0.0,0.0
2024-07-01 15:10:00-04:00,39.15999984741211,39.2400016784668,39.119998931884766,39.2400016784668,4350,0.0,0.0
2024-07-01 15:15:00-04:00,39.22999954223633,39.22999954223633,39.150001525878906,39.150001525878906,2003,0.0,0.0
2024-07-01 15:20:00-04:00,39.185001373291016,39.279998779296875,39.185001373291016,39.26499938964844,7043,0.0,0.0
2024-07-01 15:25:00-04:00,39.220001220703125,39.220001220703125,39.11000061035156,39.18000030517578,5343,0.0,0.0
2024-07-01 15:30:00-04:00,39.22999954223633,39.2400016784668,39.20000076293945,39.209999084472656,2880,0.0,0.0
2024-07-01 15:35:00-04:00,39.279998779296875,39.279998779296875,39.20000076293945,39.27000045776367,6000,0.0,0.0
2024-07-01 15:40:00-04:00,39.29999923706055,39.36000061035156,39.29999923706055,39.33000183105469,7580,0.0,0.0
2024-07-01 15:45:00-04:00,39.33000183105469,39.33000183105469,39.0,39.04999923706055,9940,0.0,0.0
2024-07-01 15:50:00-04:00,39.0,39.119998931884766,38.95000076293945,39.11000061035156,17467,0.0,0.0
2024-07-01 15:55:00-04:00,39.099998474121094,39.099998474121094,38.58000183105469,38.58000183105469,39573,0.0,0.0
2024-07-02 09:30:00-04:00,38.2599983215332,38.595001220703125,37.97999954223633,38.439998626708984,24443,0.0,0.0
2024-07-02 09:35:00-04:00,38.255001068115234,38.255001068115234,38.255001068115234,38.255001068115234,5503,0.0,0.0
2024-07-02 09:40:00-04:00,37.959999084472656,38.150001525878906,37.88999938964844,37.88999938964844,1010,0.0,0.0
2024-07-02 09:45:00-04:00,37.86000061035156,37.86000061035156,37.86000061035156,37.86000061035156,493,0.0,0.0
2024-07-02 09:50:00-04:00,37.790000915527344,37.810001373291016,37.790000915527344,37.810001373291016,262,0.0,0.0
2024-07-02 09:55:00-04:00,37.869998931884766,37.869998931884766,37.83000183105469,37.83000183105469,441,0.0,0.0
2024-07-02 10:00:00-04:00,37.81999969482422,37.959999084472656,37.790000915527344,37.810001373291016,1978,0.0,0.0
2024-07-02 10:05:00-04:00,37.790000915527344,37.790000915527344,37.790000915527344,37.790000915527344,626,0.0,0.0
2024-07-02 10:10:00-04:00,37.79999923706055,37.79999923706055,37.54999923706055,37.6150016784668,2654,0.0,0.0
2024-07-02 10:15:00-04:00,37.380001068115234,37.540000915527344,37.380001068115234,37.529998779296875,1626,0.0,0.0
2024-07-02 10:20:00-04:00,37.59000015258789,38.119998931884766,37.59000015258789,38.119998931884766,2574,0.0,0.0
2024-07-02 10:25:00-04:00,38.060001373291016,38.060001373291016,38.060001373291016,38.060001373291016,129,0.0,0.0
2024-07-02 10:30:00-04:00,38.060001373291016,38.060001373291016,37.85499954223633,37.85499954223633,968,0.0,0.0
2024-07-02 10:35:00-04:00,37.849998474121094,37.849998474121094,37.83000183105469,37.83000183105469,735,0.0,0.0
2024-07-02 10:40:00-04:00,37.88999938964844,37.88999938964844,37.7400016784668,37.79499816894531,1651,0.0,0.0
2024-07-02 10:45:00-04:00,37.78499984741211,38.290000915527344,37.78499984741211,38.290000915527344,4274,0.0,0.0
2024-07-02 10:50:00-04:00,38.255001068115234,38.255001068115234,38.185001373291016,38.209999084472656,2190,0.0,0.0
2024-07-02 10:55:00-04:00,38.13999938964844,38.13999938964844,38.13999938964844,38.13999938964844,275,0.0,0.0
2024-07-02 11:00:00-04:00,38.09000015258789,38.20000076293945,38.09000015258789,38.20000076293945,611,0.0,0.0
2024-07-02 11:05:00-04:00,38.13999938964844,38.310001373291016,38.099998474121094,38.220001220703125,3939,0.0,0.0
2024-07-02 11:10:00-04:00,38.31999969482422,38.33000183105469,38.2400016784668,38.33000183105469,2709,0.0,0.0
2024-07-02 11:15:00-04:00,38.25,38.34000015258789,38.25,38.2599983215332,867,0.0,0.0
2024-07-02 11:20:00-04:00,38.310001373291016,38.310001373291016,38.2400016784668,38.2400016784668,845,0.0,0.0
2024-07-02 11:25:00-04:00,38.209999084472656,38.209999084472656,38.125,38.125,1950,0.0,0.0
2024-07-02 11:30:00-04:00,38.2599983215332,38.2599983215332,38.2599983215332,38.2599983215332,1203,0.0,0.0
2024-07-02 11:35:00-04:00,38.35499954223633,38.52000045776367,38.220001220703125,38.45000076293945,3133,0.0,0.0
2024-07-02 11:40:00-04:00,38.52000045776367,38.52000045776367,38.45000076293945,38.4900016784668,2224,0.0,0.0
2024-07-02 11:45:00-04:00,38.470001220703125,38.470001220703125,38.290000915527344,38.38999938964844,664,0.0,0.0
2024-07-02 11:50:00-04:00,38.369998931884766,38.45750045776367,38.369998931884766,38.45750045776367,1978,0.0,0.0
2024-07-02 11:55:00-04:00,38.54999923706055,38.54999923706055,38.459999084472656,38.459999084472656,1471,0.0,0.0
2024-07-02 12:00:00-04:00,38.435001373291016,38.435001373291016,38.2599983215332,38.2599983215332,1197,0.0,0.0
2024-07-02 12:05:00-04:00,38.29750061035156,38.349998474121094,38.29750061035156,38.349998474121094,1009,0.0,0.0
2024-07-02 12:10:00-04:00,38.36000061035156,38.380001068115234,38.15999984741211,38.15999984741211,1155,0.0,0.0
2024-07-02 12:15:00-04:00,38.150001525878906,38.150001525878906,38.02000045776367,38.13999938964844,2019,0.0,0.0
2024-07-02 12:20:00-04:00,38.13999938964844,38.16999816894531,38.13999938964844,38.16999816894531,1066,0.0,0.0
2024-07-02 12:25:00-04:00,38.125,38.15999984741211,38.125,38.15999984741211,409,0.0,0.0
2024-07-02 12:30:00-04:00,38.14500045776367,38.27000045776367,38.02009963989258,38.22999954223633,2217,0.0,0.0
2024-07-02 12:35:00-04:00,38.209999084472656,38.209999084472656,38.209999084472656,38.209999084472656,1427,0.0,0.0
2024-07-02 12:40:00-04:00,38.064998626708984,38.064998626708984,37.970001220703125,37.970001220703125,415,0.0,0.0
2024-07-02 12:45:00-04:00,37.994998931884766,38.005001068115234,37.994998931884766,38.005001068115234,1249,0.0,0.0
2024-07-02 12:50:00-04:00,38.040000915527344,38.150001525878906,38.040000915527344,38.150001525878906,1762,0.0,0.0
2024-07-02 12:55:00-04:00,38.095001220703125,38.095001220703125,37.869998931884766,37.869998931884766,2534,0.0,0.0
2024-07-02 13:00:00-04:00,37.72999954223633,37.72999954223633,37.630001068115234,37.630001068115234,806,0.0,0.0
2024-07-02 13:05:00-04:00,37.650001525878906,37.689998626708984,37.630001068115234,37.66999816894531,1025,0.0,0.0
2024-07-02 13:10:00-04:00,37.689998626708984,37.849998474121094,37.689998626708984,37.83000183105469,2449,0.0,0.0
2024-07-02 13:15:00-04:00,37.814998626708984,37.814998626708984,37.814998626708984,37.814998626708984,655,0.0,0.0
2024-07-02 13:20:00-04:00,37.869998931884766,37.93000030517578,37.81999969482422,37.93000030517578,5872,0.0,0.0
2024-07-02 13:25:00-04:00,37.810001373291016,37.83000183105469,37.810001373291016,37.83000183105469,1349,0.0,0.0
2024-07-02 13:30:00-04:00,37.619998931884766,37.65999984741211,37.599998474121094,37.599998474121094,806,0.0,0.0
2024-07-02 13:35:00-04:00,37.56999969482422,37.7400016784668,37.540000915527344,37.724998474121094,1848,0.0,0.0
2024-07-02 13:40:00-04:00,37.752498626708984,37.752498626708984,37.65999984741211,37.72999954223633,1237,0.0,0.0
2024-07-02 13:45:00-04:00,37.689998626708984,37.97999954223633,37.689998626708984,37.97999954223633,2539,0.0,0.0
2024-07-02 13:50:00-04:00,37.84000015258789,37.939998626708984,37.84000015258789,37.939998626708984,2483,0.0,0.0
2024-07-02 13:55:00-04:00,38.02000045776367,38.02000045776367,37.88999938964844,37.88999938964844,1452,0.0,0.0
2024-07-02 14:00:00-04:00,37.88999938964844,38.08000183105469,37.88999938964844,38.08000183105469,2233,0.0,0.0
2024-07-02 14:05:00-04:00,38.119998931884766,38.125,38.119998931884766,38.125,1541,0.0,0.0
2024-07-02 14:10:00-04:00,38.060001373291016,38.060001373291016,38.060001373291016,38.060001373291016,584,0.0,0.0
2024-07-02 14:15:00-04:00,38.029998779296875,38.13999938964844,38.029998779296875,38.099998474121094,1219,0.0,0.0
2024-07-02 14:20:00-04:00,38.150001525878906,38.150001525878906,38.04999923706055,38.09000015258789,1296,0.0,0.0
2024-07-02 14:25:00-04:00,38.084999084472656,38.150001525878906,38.08000183105469,38.08000183105469,2006,0.0,0.0
2024-07-02 14:30:00-04:00,38.189998626708984,38.189998626708984,38.125,38.14500045776367,594,0.0,0.0
2024-07-02 14:35:00-04:00,38.209999084472656,38.314998626708984,38.18000030517578,38.314998626708984,3756,0.0,0.0
2024-07-02 14:40:00-04:00,38.279998779296875,38.279998779296875,38.279998779296875,38.279998779296875,1779,0.0,0.0
2024-07-02 14:45:00-04:00,38.2599983215332,38.33000183105469,38.2400016784668,38.2400016784668,2223,0.0,0.0
2024-07-02 14:50:00-04:00,38.2400016784668,38.2400016784668,38.220001220703125,38.220001220703125,669,0.0,0.0
2024-07-02 14:55:00-04:00,38.16999816894531,38.2400016784668,38.16999816894531,38.20500183105469,2601,0.0,0.0
2024-07-02 15:00:00-04:00,38.18000030517578,38.36000061035156,38.13999938964844,38.2400016784668,2888,0.0,0.0
2024-07-02 15:05:00-04:00,38.28499984741211,38.369998931884766,38.2400016784668,38.369998931884766,2010,0.0,0.0
2024-07-02 15:10:00-04:00,38.375,38.404998779296875,38.189998626708984,38.189998626708984,3331,0.0,0.0
2024-07-02 15:15:00-04:00,38.25,38.369998931884766,38.209999084472656,38.369998931884766,3499,0.0,0.0
2024-07-02 15:20:00-04:00,38.345001220703125,38.5099983215332,38.345001220703125,38.44499969482422,3547,0.0,0.0
2024-07-02 15:25:00-04:00,38.43000030517578,38.47999954223633,38.380001068115234,38.380001068115234,4036,0.0,0.0
2024-07-02 15:30:00-04:00,38.36000061035156,38.43000030517578,38.349998474121094,38.43000030517578,2558,0.0,0.0
2024-07-02 15:35:00-04:00,38.375,38.4900016784668,38.31999969482422,38.4900016784668,5521,0.0,0.0
2024-07-02 15:40:00-04:00,38.459999084472656,38.459999084472656,38.2599983215332,38.2599983215332,3467,0.0,0.0
2024-07-02 15:45:00-04:00,38.2599983215332,38.2599983215332,38.13999938964844,38.20000076293945,8272,0.0,0.0
2024-07-02 15:50:00-04:00,38.119998931884766,38.189998626708984,38.11000061035156,38.18000030517578,5746,0.0,0.0
2024-07-02 15:55:00-04:00,38.11000061035156,38.31999969482422,38.099998474121094,38.22999954223633,26203,0.0,0.0
2024-07-03 09:30:00-04:00,38.56999969482422,38.56999969482422,38.56999969482422,38.56999969482422,2462,0.0,0.0
2024-07-03 09:35:00-04:00,37.720001220703125,38.099998474121094,37.689998626708984,38.099998474121094,5609,0.0,0.0
2024-07-03 09:40:00-04:00,38.099998474121094,38.380001068115234,38.04999923706055,38.189998626708984,3121,0.0,0.0
2024-07-03 09:45:00-04:00,37.929500579833984,37.97999954223633,37.929500579833984,37.97999954223633,1160,0.0,0.0
2024-07-03 09:50:00-04:00,37.91999816894531,38.30730056762695,37.91999816894531,38.2599983215332,18488,0.0,0.0
2024-07-03 09:55:00-04:00,38.15999984741211,38.15999984741211,37.599998474121094,37.599998474121094,1602,0.0,0.0
2024-07-03 10:00:00-04:00,37.77000045776367,37.790000915527344,37.58000183105469,37.58000183105469,1889,0.0,0.0
2024-07-03 10:05:00-04:00,37.349998474121094,37.599998474121094,37.31999969482422,37.42499923706055,5020,0.0,0.0
2024-07-03 10:10:00-04:00,37.54499816894531,37.970001220703125,37.54499816894531,37.970001220703125,3009,0.0,0.0
2024-07-03 10:15:00-04:00,38.150001525878906,38.540000915527344,38.130001068115234,38.540000915527344,2997,0.0,0.0
2024-07-03 10:20:00-04:00,38.459999084472656,38.459999084472656,38.32500076293945,38.32500076293945,2580,0.0,0.0
2024-07-03 10:25:00-04:00,38.220001220703125,38.220001220703125,37.8849983215332,37.8849983215332,3029,0.0,0.0
2024-07-03 10:30:00-04:00,37.79999923706055,37.9900016784668,37.75,37.95000076293945,2118,0.0,0.0
2024-07-03 10:35:00-04:00,37.84000015258789,37.84000015258789,37.7400016784668,37.7400016784668,2015,0.0,0.0
2024-07-03 10:40:00-04:00,37.7400016784668,37.7400016784668,37.529998779296875,37.564998626708984,2099,0.0,0.0
2024-07-03 10:45:00-04:00,37.43000030517578,37.529998779296875,37.43000030517578,37.47999954223633,2555,0.0,0.0
2024-07-03 10:50:00-04:00,37.38999938964844,37.38999938964844,37.38999938964844,37.38999938964844,1096,0.0,0.0
2024-07-03 10:55:00-04:00,37.415000915527344,37.415000915527344,37.209999084472656,37.209999084472656,3863,0.0,0.0
2024-07-03 11:00:00-04:00,37.19499969482422,37.345001220703125,37.19499969482422,37.2599983215332,2679,0.0,0.0
2024-07-03 11:05:00-04:00,37.22999954223633,37.36000061035156,37.22999954223633,37.263999938964844,2999,0.0,0.0
2024-07-03 11:10:00-04:00,37.25,37.290000915527344,37.09000015258789,37.095001220703125,4850,0.0,0.0
2024-07-03 11:15:00-04:00,37.06999969482422,37.06999969482422,36.95000076293945,36.95000076293945,2784,0.0,0.0
2024-07-03 11:20:00-04:00,36.94499969482422,36.94499969482422,36.900001525878906,36.900001525878906,1223,0.0,0.0
2024-07-03 11:25:00-04:00,36.97999954223633,37.15999984741211,36.93000030517578,37.15999984741211,6537,0.0,0.0
2024-07-03 11:30:00-04:00,37.095001220703125,37.095001220703125,36.97999954223633,37.005001068115234,1775,0.0,0.0
2024-07-03 11:35:00-04:00,37.0,37.0,36.83000183105469,36.83000183105469,2441,0.0,0.0
2024-07-03 11:40:00-04:00,36.79499816894531,36.79499816894531,36.630001068115234,36.689998626708984,2188,0.0,0.0
2024-07-03 11:45:00-04:00,36.599998474121094,37.040000915527344,36.599998474121094,37.040000915527344,4129,0.0,0.0
2024-07-03 11:50:00-04:00,37.130001068115234,37.220001220703125,37.130001068115234,37.220001220703125,891,0.0,0.0
2024-07-03 11:55:00-04:00,37.220001220703125,37.220001220703125,37.000099182128906,37.04999923706055,2976,0.0,0.0
2024-07-03 12:00:00-04:00,37.04999923706055,37.11000061035156,37.0,37.10499954223633,3062,0.0,0.0
2024-07-03 12:05:00-04:00,37.15999984741211,37.29999923706055,37.15999984741211,37.29999923706055,2256,0.0,0.0
2024-07-03 12:10:00-04:00,37.310001373291016,37.4900016784668,37.310001373291016,37.470001220703125,4113,0.0,0.0
2024-07-03 12:15:00-04:00,37.48500061035156,37.81999969482422,37.48500061035156,37.81999969482422,7045,0.0,0.0
2024-07-03 12:20:00-04:00,37.72999954223633,37.72999954223633,37.720001220703125,37.720001220703125,1737,0.0,0.0
2024-07-03 12:25:00-04:00,37.720001220703125,37.779998779296875,37.66999816894531,37.68000030517578,2875,0.0,0.0
2024-07-03 12:30:00-04:00,37.61000061035156,37.65999984741211,37.4900016784668,37.4900016784668,1953,0.0,0.0
2024-07-03 12:35:00-04:00,37.5,37.5,37.400001525878906,37.40999984741211,2008,0.0,0.0
2024-07-03 12:40:00-04:00,37.400001525878906,37.470001220703125,37.31999969482422,37.31999969482422,4947,0.0,0.0
2024-07-03 12:45:00-04:00,37.220001220703125,37.32500076293945,37.220001220703125,37.31999969482422,3236,0.0,0.0
2024-07-03 12:50:00-04:00,37.349998474121094,37.38999938964844,37.290000915527344,37.369998931884766,10502,0.0,0.0
2024-07-03 12:55:00-04:00,37.43000030517578,37.5099983215332,37.33000183105469,37.43000030517578,18699,0.0,0.0
2024-07-05 09:30:00-04:00,37.5,37.525001525878906,37.33000183105469,37.400001525878906,4702,0.0,0.0
2024-07-05 09:35:00-04:00,37.29999923706055,37.29999923706055,37.29999923706055,37.29999923706055,2184,0.0,0.0
2024-07-05 09:45:00-04:00,36.93000030517578,37.0,36.93000030517578,37.0,616,0.0,0.0
2024-07-05 09:50:00-04:00,36.93000030517578,36.95500183105469,36.93000030517578,36.95500183105469,1017,0.0,0.0
2024-07-05 09:55:00-04:00,36.935001373291016,36.959999084472656,36.935001373291016,36.959999084472656,1045,0.0,0.0
2024-07-05 10:00:00-04:00,36.83000183105469,36.88249969482422,36.779998779296875,36.88249969482422,4200,0.0,0.0
2024-07-05 10:05:00-04:00,36.81999969482422,36.81999969482422,36.66999816894531,36.720001220703125,1870,0.0,0.0
2024-07-05 10:10:00-04:00,36.79499816894531,37.119998931884766,36.79499816894531,37.0099983215332,3625,0.0,0.0
2024-07-05 10:15:00-04:00,36.959999084472656,36.96500015258789,36.959999084472656,36.96500015258789,708,0.0,0.0
2024-07-05 10:20:00-04:00,36.96500015258789,36.96500015258789,36.95000076293945,36.95000076293945,519,0.0,0.0
2024-07-05 10:25:00-04:00,37.04999923706055,37.130001068115234,37.04999923706055,37.130001068115234,1291,0.0,0.0
2024-07-05 10:30:00-04:00,37.20000076293945,37.21500015258789,37.099998474121094,37.099998474121094,6409,0.0,0.0
2024-07-05 10:35:00-04:00,37.0,37.0,37.0,37.0,742,0.0,0.0
2024-07-05 10:40:00-04:00,37.04499816894531,37.13999938964844,37.04499816894531,37.1349983215332,1899,0.0,0.0
2024-07-05 10:50:00-04:00,37.154998779296875,37.189998626708984,37.154998779296875,37.189998626708984,1068,0.0,0.0
2024-07-05 10:55:00-04:00,37.290000915527344,37.56999969482422,37.290000915527344,37.56999969482422,7041,0.0,0.0
2024-07-05 11:00:00-04:00,37.46500015258789,37.46500015258789,37.435001373291016,37.435001373291016,844,0.0,0.0
2024-07-05 11:10:00-04:00,37.400001525878906,37.45000076293945,37.380001068115234,37.45000076293945,1020,0.0,0.0
2024-07-05 11:15:00-04:00,37.40999984741211,37.40999984741211,37.40999984741211,37.40999984741211,865,0.0,0.0
2024-07-05 11:20:00-04:00,37.58000183105469,37.68000030517578,37.20000076293945,37.20000076293945,7577,0.0,0.0
2024-07-05 11:25:00-04:00,37.26499938964844,37.26499938964844,37.209999084472656,37.209999084472656,501,0.0,0.0
2024-07-05 11:30:00-04:00,37.25,37.25,37.25,37.25,200,0.0,0.0
2024-07-05 11:35:00-04:00,37.28499984741211,37.28499984741211,37.28499984741211,37.28499984741211,307,0.0,0.0
2024-07-05 11:40:00-04:00,37.29499816894531,37.29499816894531,37.29499816894531,37.29499816894531,529,0.0,0.0
2024-07-05 11:45:00-04:00,37.369998931884766,37.369998931884766,37.369998931884766,37.369998931884766,951,0.0,0.0
2024-07-05 11:50:00-04:00,37.5099983215332,37.83000183105469,37.5099983215332,37.7400016784668,3998,0.0,0.0
2024-07-05 11:55:00-04:00,37.744998931884766,37.744998931884766,37.65999984741211,37.65999984741211,1056,0.0,0.0
2024-07-05 12:00:00-04:00,37.61000061035156,37.6150016784668,37.4900016784668,37.4900016784668,1447,0.0,0.0
2024-07-05 12:05:00-04:00,37.46500015258789,37.470001220703125,37.38999938964844,37.42499923706055,612,0.0,0.0
2024-07-05 12:10:00-04:00,37.380001068115234,37.43000030517578,37.36000061035156,37.43000030517578,527,0.0,0.0
2024-07-05 12:15:00-04:00,37.41999816894531,37.4900016784668,37.369998931884766,37.4900016784668,1547,0.0,0.0
2024-07-05 12:20:00-04:00,37.540000915527344,37.59000015258789,37.52000045776367,37.59000015258789,596,0.0,0.0
2024-07-05 12:25:00-04:00,37.56999969482422,37.61249923706055,37.56999969482422,37.61000061035156,1280,0.0,0.0
2024-07-05 12:30:00-04:00,37.63999938964844,37.63999938964844,37.529998779296875,37.59000015258789,2422,0.0,0.0
2024-07-05 12:35:00-04:00,37.56999969482422,37.599998474121094,37.56999969482422,37.57780075073242,866,0.0,0.0
2024-07-05 12:40:00-04:00,37.529998779296875,37.58000183105469,37.470001220703125,37.470001220703125,1791,0.0,0.0
2024-07-05 12:45:00-04:00,37.540000915527344,37.540000915527344,37.40999984741211,37.40999984741211,2938,0.0,0.0
2024-07-05 12:50:00-04:00,37.43000030517578,37.43000030517578,37.400001525878906,37.400001525878906,642,0.0,0.0
2024-07-05 12:55:00-04:00,37.38999938964844,37.45000076293945,37.38999938964844,37.38999938964844,965,0.0,0.0
2024-07-05 13:00:00-04:00,37.45500183105469,37.5099983215332,37.45500183105469,37.5099983215332,607,0.0,0.0
2024-07-05 13:05:00-04:00,37.529998779296875,37.54999923706055,37.529998779296875,37.529998779296875,868,0.0,0.0
2024-07-05 13:10:00-04:00,37.439998626708984,37.439998626708984,37.36000061035156,37.36000061035156,1140,0.0,0.0
2024-07-05 13:15:00-04:00,37.400001525878906,37.400001525878906,37.220001220703125,37.220001220703125,2736,0.0,0.0
2024-07-05 13:20:00-04:00,37.20000076293945,37.20000076293945,37.13999938964844,37.20000076293945,951,0.0,0.0
2024-07-05 13:25:00-04:00,37.20000076293945,37.20000076293945,37.130001068115234,37.130001068115234,454,0.0,0.0
2024-07-05 13:30:00-04:00,37.22999954223633,37.2400016784668,37.18000030517578,37.2400016784668,2236,0.0,0.0
2024-07-05 13:35:00-04:00,37.29499816894531,37.31999969482422,37.25,37.31999969482422,664,0.0,0.0
2024-07-05 13:40:00-04:00,37.369998931884766,37.439998626708984,37.334999084472656,37.439998626708984,1507,0.0,0.0
2024-07-05 13:45:00-04:00,37.36000061035156,37.36000061035156,37.345001220703125,37.345001220703125,932,0.0,0.0
2024-07-05 13:50:00-04:00,37.345001220703125,37.369998931884766,37.290000915527344,37.3650016784668,1462,0.0,0.0
2024-07-05 13:55:00-04:00,37.345001220703125,37.345001220703125,37.31999969482422,37.31999969482422,727,0.0,0.0
2024-07-05 14:00:00-04:00,37.310001373291016,37.310001373291016,37.2400016784668,37.2400016784668,1831,0.0,0.0
2024-07-05 14:05:00-04:00,37.2400016784668,37.279998779296875,37.22999954223633,37.279998779296875,633,0.0,0.0
2024-07-05 14:10:00-04:00,37.31999969482422,37.400001525878906,37.279998779296875,37.369998931884766,2767,0.0,0.0
2024-07-05 14:15:00-04:00,37.38999938964844,37.38999938964844,37.29999923706055,37.349998474121094,988,0.0,0.0
2024-07-05 14:20:00-04:00,37.310001373291016,37.310001373291016,37.310001373291016,37.310001373291016,364,0.0,0.0
2024-07-05 14:25:00-04:00,37.345001220703125,37.400001525878906,37.290000915527344,37.310001373291016,1931,0.0,0.0
2024-07-05 14:30:00-04:00,37.36000061035156,37.36000061035156,37.18000030517578,37.18000030517578,4371,0.0,0.0
2024-07-05 14:35:00-04:00,37.209999084472656,37.29999923706055,37.209999084472656,37.29999923706055,2282,0.0,0.0
2024-07-05 14:40:00-04:00,37.25,37.25,37.25,37.25,156,0.0,0.0
2024-07-05 14:45:00-04:00,37.33000183105469,37.540000915527344,37.33000183105469,37.48500061035156,4055,0.0,0.0
2024-07-05 14:50:00-04:00,37.439998626708984,37.4900016784668,37.439998626708984,37.4900016784668,245,0.0,0.0
2024-07-05 14:55:00-04:00,37.439998626708984,37.560001373291016,37.439998626708984,37.52000045776367,1520,0.0,0.0
2024-07-05 15:00:00-04:00,37.47999954223633,37.529998779296875,37.47999954223633,37.5,806,0.0,0.0
2024-07-05 15:05:00-04:00,37.58000183105469,37.810001373291016,37.58000183105469,37.790000915527344,3747,0.0,0.0
2024-07-05 15:10:00-04:00,37.79999923706055,37.79999923706055,37.66999816894531,37.66999816894531,2485,0.0,0.0
2024-07-05 15:15:00-04:00,37.79999923706055,37.79999923706055,37.79999923706055,37.79999923706055,870,0.0,0.0
2024-07-05 15:20:00-04:00,37.79999923706055,37.904998779296875,37.79999923706055,37.880001068115234,3293,0.0,0.0
2024-07-05 15:25:00-04:00,37.880001068115234,37.91999816894531,37.880001068115234,37.880001068115234,3882,0.0,0.0
2024-07-05 15:30:00-04:00,37.89500045776367,37.93000030517578,37.77000045776367,37.79999923706055,6178,0.0,0.0
2024-07-05 15:35:00-04:00,37.86000061035156,37.900001525878906,37.790000915527344,37.790000915527344,2873,0.0,0.0
2024-07-05 15:40:00-04:00,37.8650016784668,37.91999816894531,37.834999084472656,37.849998474121094,2000,0.0,0.0
2024-07-05 15:45:00-04:00,37.88999938964844,37.959999084472656,37.720001220703125,37.720001220703125,11604,0.0,0.0
2024-07-05 15:50:00-04:00,37.744998931884766,37.959999084472656,37.720001220703125,37.959999084472656,9680,0.0,0.0
2024-07-05 15:55:00-04:00,37.93000030517578,38.060001373291016,37.93000030517578,38.0,18823,0.0,0.0
