Datetime,Open,High,Low,Close,Volume,Dividends,Stock Splits
2024-06-06 09:30:00-04:00,16.059999465942383,16.077499389648438,15.90999984741211,15.90999984741211,24399,0.0,0.0
2024-06-06 09:35:00-04:00,15.90999984741211,15.90999984741211,15.779999732971191,15.90470027923584,41644,0.0,0.0
2024-06-06 09:40:00-04:00,15.899999618530273,15.920000076293945,15.800000190734863,15.829999923706055,11187,0.0,0.0
2024-06-06 09:45:00-04:00,15.850000381469727,15.850000381469727,15.75,15.779999732971191,11771,0.0,0.0
2024-06-06 09:50:00-04:00,15.779999732971191,15.819999694824219,15.739899635314941,15.75,14289,0.0,0.0
2024-06-06 09:55:00-04:00,15.755000114440918,15.779999732971191,15.729999542236328,15.75,7713,0.0,0.0
2024-06-06 10:00:00-04:00,15.744999885559082,15.760000228881836,15.704999923706055,15.704999923706055,7750,0.0,0.0
2024-06-06 10:05:00-04:00,15.710000038146973,15.760000228881836,15.704999923706055,15.739999771118164,5731,0.0,0.0
2024-06-06 10:10:00-04:00,15.729999542236328,15.739999771118164,15.694999694824219,15.739999771118164,9605,0.0,0.0
2024-06-06 10:15:00-04:00,15.735600471496582,15.755000114440918,15.729999542236328,15.729999542236328,6130,0.0,0.0
2024-06-06 10:20:00-04:00,15.734999656677246,15.734999656677246,15.6899995803833,15.710000038146973,4997,0.0,0.0
2024-06-06 10:25:00-04:00,15.699999809265137,15.699999809265137,15.635000228881836,15.663000106811523,6889,0.0,0.0
2024-06-06 10:30:00-04:00,15.65999984741211,15.770000457763672,15.640000343322754,15.770000457763672,8984,0.0,0.0
2024-06-06 10:35:00-04:00,15.770000457763672,15.824999809265137,15.760000228881836,15.824999809265137,3240,0.0,0.0
2024-06-06 10:40:00-04:00,15.824999809265137,15.875,15.819999694824219,15.875,3589,0.0,0.0
2024-06-06 10:45:00-04:00,15.879799842834473,15.914999961853027,15.875,15.890000343322754,6624,0.0,0.0
2024-06-06 10:50:00-04:00,15.869999885559082,15.869999885559082,15.8100004196167,15.8100004196167,9660,0.0,0.0
2024-06-06 10:55:00-04:00,15.800000190734863,15.8100004196167,15.795000076293945,15.800000190734863,3929,0.0,0.0
2024-06-06 11:00:00-04:00,15.805000305175781,15.864999771118164,15.805000305175781,15.84000015258789,7818,0.0,0.0
2024-06-06 11:05:00-04:00,15.845000267028809,15.845000267028809,15.8100004196167,15.829999923706055,5744,0.0,0.0
2024-06-06 11:10:00-04:00,15.819999694824219,15.819999694824219,15.79010009765625,15.79010009765625,4037,0.0,0.0
2024-06-06 11:15:00-04:00,15.800000190734863,15.824999809265137,15.795000076293945,15.819999694824219,4308,0.0,0.0
2024-06-06 11:20:00-04:00,15.8100004196167,15.819999694824219,15.779999732971191,15.789999961853027,5210,0.0,0.0
2024-06-06 11:25:00-04:00,15.78499984741211,15.78499984741211,15.760000228881836,15.770000457763672,4402,0.0,0.0
2024-06-06 11:30:00-04:00,15.760000228881836,15.789999961853027,15.75,15.779999732971191,3738,0.0,0.0
2024-06-06 11:35:00-04:00,15.78380012512207,15.805000305175781,15.779999732971191,15.78499984741211,3478,0.0,0.0
2024-06-06 11:40:00-04:00,15.779999732971191,15.779999732971191,15.765000343322754,15.770000457763672,2990,0.0,0.0
2024-06-06 11:45:00-04:00,15.779999732971191,15.789999961853027,15.779999732971191,15.789999961853027,2684,0.0,0.0
2024-06-06 11:50:00-04:00,15.805800437927246,15.8149995803833,15.770000457763672,15.779999732971191,4961,0.0,0.0
2024-06-06 11:55:00-04:00,15.779999732971191,15.779999732971191,15.725000381469727,15.729999542236328,11719,0.0,0.0
2024-06-06 12:00:00-04:00,15.734999656677246,15.734999656677246,15.680000305175781,15.680000305175781,13876,0.0,0.0
2024-06-06 12:05:00-04:00,15.680000305175781,15.680000305175781,15.659000396728516,15.659899711608887,6811,0.0,0.0
2024-06-06 12:10:00-04:00,15.649999618530273,15.680000305175781,15.640000343322754,15.65999984741211,8844,0.0,0.0
2024-06-06 12:15:00-04:00,15.65999984741211,15.670000076293945,15.619999885559082,15.619999885559082,11481,0.0,0.0
2024-06-06 12:20:00-04:00,15.619000434875488,15.619999885559082,15.569999694824219,15.569999694824219,13457,0.0,0.0
2024-06-06 12:25:00-04:00,15.579999923706055,15.625,15.574999809265137,15.622599601745605,7230,0.0,0.0
2024-06-06 12:30:00-04:00,15.619999885559082,15.630000114440918,15.5649995803833,15.5649995803833,8365,0.0,0.0
2024-06-06 12:35:00-04:00,15.569999694824219,15.569999694824219,15.529999732971191,15.555000305175781,20294,0.0,0.0
2024-06-06 12:40:00-04:00,15.5600004196167,15.5600004196167,15.529999732971191,15.539999961853027,3560,0.0,0.0
2024-06-06 12:45:00-04:00,15.539899826049805,15.5649995803833,15.529999732971191,15.5649995803833,8653,0.0,0.0
2024-06-06 12:50:00-04:00,15.5649995803833,15.5649995803833,15.529999732971191,15.53499984741211,5347,0.0,0.0
2024-06-06 12:55:00-04:00,15.524999618530273,15.529999732971191,15.515000343322754,15.529999732971191,8089,0.0,0.0
2024-06-06 13:00:00-04:00,15.53499984741211,15.53499984741211,15.524999618530273,15.524999618530273,2088,0.0,0.0
2024-06-06 13:05:00-04:00,15.524999618530273,15.529999732971191,15.510000228881836,15.520000457763672,6390,0.0,0.0
2024-06-06 13:10:00-04:00,15.524999618530273,15.524999618530273,15.520000457763672,15.520000457763672,1379,0.0,0.0
2024-06-06 13:15:00-04:00,15.520000457763672,15.5649995803833,15.515000343322754,15.539999961853027,11734,0.0,0.0
2024-06-06 13:20:00-04:00,15.539999961853027,15.5600004196167,15.524999618530273,15.550000190734863,8576,0.0,0.0
2024-06-06 13:25:00-04:00,15.544699668884277,15.574999809265137,15.539999961853027,15.569999694824219,6296,0.0,0.0
2024-06-06 13:30:00-04:00,15.5649995803833,15.5649995803833,15.529999732971191,15.53499984741211,3806,0.0,0.0
2024-06-06 13:35:00-04:00,15.53499984741211,15.539999961853027,15.529999732971191,15.529999732971191,7909,0.0,0.0
2024-06-06 13:40:00-04:00,15.520000457763672,15.550000190734863,15.510000228881836,15.524100303649902,10246,0.0,0.0
2024-06-06 13:45:00-04:00,15.520000457763672,15.520000457763672,15.479999542236328,15.479999542236328,6349,0.0,0.0
2024-06-06 13:50:00-04:00,15.475000381469727,15.505000114440918,15.454999923706055,15.505000114440918,14531,0.0,0.0
2024-06-06 13:55:00-04:00,15.510000228881836,15.515000343322754,15.470000267028809,15.470000267028809,4689,0.0,0.0
2024-06-06 14:00:00-04:00,15.460000038146973,15.46500015258789,15.454999923706055,15.460000038146973,4793,0.0,0.0
2024-06-06 14:05:00-04:00,15.449999809265137,15.449999809265137,15.425000190734863,15.425000190734863,7934,0.0,0.0
2024-06-06 14:10:00-04:00,15.420000076293945,15.454999923706055,15.420000076293945,15.4399995803833,15911,0.0,0.0
2024-06-06 14:15:00-04:00,15.449999809265137,15.449999809265137,15.4350004196167,15.449999809265137,12349,0.0,0.0
2024-06-06 14:20:00-04:00,15.449999809265137,15.449999809265137,15.444999694824219,15.449999809265137,2061,0.0,0.0
2024-06-06 14:25:00-04:00,15.4399995803833,15.484999656677246,15.4399995803833,15.479999542236328,6143,0.0,0.0
2024-06-06 14:30:00-04:00,15.479999542236328,15.510000228881836,15.475000381469727,15.5,14114,0.0,0.0
2024-06-06 14:35:00-04:00,15.494999885559082,15.520000457763672,15.489999771118164,15.515000343322754,11736,0.0,0.0
2024-06-06 14:40:00-04:00,15.515600204467773,15.515600204467773,15.484999656677246,15.484999656677246,5323,0.0,0.0
2024-06-06 14:45:00-04:00,15.484999656677246,15.48639965057373,15.479999542236328,15.484999656677246,3474,0.0,0.0
2024-06-06 14:50:00-04:00,15.484999656677246,15.489999771118164,15.475000381469727,15.475000381469727,9216,0.0,0.0
2024-06-06 14:55:00-04:00,15.475000381469727,15.475000381469727,15.470000267028809,15.470000267028809,1864,0.0,0.0
2024-06-06 15:00:00-04:00,15.479999542236328,15.479999542236328,15.414999961853027,15.420000076293945,23675,0.0,0.0
2024-06-06 15:05:00-04:00,15.430000305175781,15.46500015258789,15.420000076293945,15.46500015258789,9298,0.0,0.0
2024-06-06 15:10:00-04:00,15.46500015258789,15.5,15.460000038146973,15.46500015258789,8604,0.0,0.0
2024-06-06 15:15:00-04:00,15.470000267028809,15.489999771118164,15.460000038146973,15.460000038146973,9096,0.0,0.0
2024-06-06 15:20:00-04:00,15.46500015258789,15.470000267028809,15.449999809265137,15.470000267028809,7654,0.0,0.0
2024-06-06 15:25:00-04:00,15.46500015258789,15.470000267028809,15.4399995803833,15.4399995803833,10667,0.0,0.0
2024-06-06 15:30:00-04:00,15.4350004196167,15.4350004196167,15.38010025024414,15.385000228881836,18240,0.0,0.0
2024-06-06 15:35:00-04:00,15.385000228881836,15.385000228881836,15.34000015258789,15.354999542236328,18320,0.0,0.0
2024-06-06 15:40:00-04:00,15.354999542236328,15.385000228881836,15.354999542236328,15.385000228881836,19170,0.0,0.0
2024-06-06 15:45:00-04:00,15.385000228881836,15.425000190734863,15.380000114440918,15.414999961853027,19863,0.0,0.0
2024-06-06 15:50:00-04:00,15.414999961853027,15.420000076293945,15.390000343322754,15.399999618530273,21623,0.0,0.0
2024-06-06 15:55:00-04:00,15.404999732971191,15.479999542236328,15.399999618530273,15.479999542236328,93647,0.0,0.0
2024-06-07 09:30:00-04:00,15.5,15.539999961853027,15.300999641418457,15.515000343322754,15276,0.0,0.0
2024-06-07 09:35:00-04:00,15.46500015258789,15.494999885559082,15.46500015258789,15.489999771118164,2980,0.0,0.0
2024-06-07 09:40:00-04:00,15.479999542236328,15.489999771118164,15.430000305175781,15.475000381469727,4603,0.0,0.0
2024-06-07 09:45:00-04:00,15.479999542236328,15.550000190734863,15.479999542236328,15.53499984741211,7570,0.0,0.0
2024-06-07 09:50:00-04:00,15.53499984741211,15.550000190734863,15.460000038146973,15.460000038146973,2994,0.0,0.0
2024-06-07 09:55:00-04:00,15.430000305175781,15.430000305175781,15.40999984741211,15.430000305175781,3728,0.0,0.0
2024-06-07 10:00:00-04:00,15.4399995803833,15.479999542236328,15.4399995803833,15.479999542236328,3556,0.0,0.0
2024-06-07 10:05:00-04:00,15.5,15.510000228881836,15.460000038146973,15.479999542236328,7753,0.0,0.0
2024-06-07 10:10:00-04:00,15.470000267028809,15.470000267028809,15.446399688720703,15.460000038146973,3589,0.0,0.0
2024-06-07 10:15:00-04:00,15.444999694824219,15.454999923706055,15.430000305175781,15.449999809265137,5957,0.0,0.0
2024-06-07 10:20:00-04:00,15.4399995803833,15.4399995803833,15.350000381469727,15.350000381469727,12195,0.0,0.0
2024-06-07 10:25:00-04:00,15.359999656677246,15.369999885559082,15.345000267028809,15.369999885559082,6375,0.0,0.0
2024-06-07 10:30:00-04:00,15.369999885559082,15.470000267028809,15.359999656677246,15.444999694824219,21052,0.0,0.0
2024-06-07 10:35:00-04:00,15.449999809265137,15.449999809265137,15.420000076293945,15.449999809265137,5775,0.0,0.0
2024-06-07 10:40:00-04:00,15.454999923706055,15.479999542236328,15.449999809265137,15.46500015258789,6945,0.0,0.0
2024-06-07 10:45:00-04:00,15.46500015258789,15.494999885559082,15.449999809265137,15.449999809265137,7115,0.0,0.0
2024-06-07 10:50:00-04:00,15.449999809265137,15.449999809265137,15.329999923706055,15.34000015258789,16322,0.0,0.0
2024-06-07 10:55:00-04:00,15.350000381469727,15.359999656677246,15.324999809265137,15.329999923706055,7957,0.0,0.0
2024-06-07 11:00:00-04:00,15.329999923706055,15.354999542236328,15.319999694824219,15.34000015258789,7736,0.0,0.0
2024-06-07 11:05:00-04:00,15.34000015258789,15.34000015258789,15.300100326538086,15.319999694824219,6471,0.0,0.0
2024-06-07 11:10:00-04:00,15.3149995803833,15.319999694824219,15.250200271606445,15.270999908447266,14855,0.0,0.0
2024-06-07 11:15:00-04:00,15.274999618530273,15.274999618530273,15.255000114440918,15.270000457763672,16014,0.0,0.0
2024-06-07 11:20:00-04:00,15.279999732971191,15.335000038146973,15.279999732971191,15.335000038146973,7595,0.0,0.0
2024-06-07 11:25:00-04:00,15.34000015258789,15.345000267028809,15.329999923706055,15.345000267028809,2957,0.0,0.0
2024-06-07 11:30:00-04:00,15.350000381469727,15.380000114440918,15.350000381469727,15.380000114440918,2877,0.0,0.0
2024-06-07 11:35:00-04:00,15.385000228881836,15.385000228881836,15.333399772644043,15.339300155639648,6891,0.0,0.0
2024-06-07 11:40:00-04:00,15.324999809265137,15.335000038146973,15.319999694824219,15.319999694824219,4918,0.0,0.0
2024-06-07 11:45:00-04:00,15.3149995803833,15.345000267028809,15.3149995803833,15.345000267028809,6825,0.0,0.0
2024-06-07 11:50:00-04:00,15.34000015258789,15.350000381469727,15.335000038146973,15.350000381469727,2776,0.0,0.0
2024-06-07 11:55:00-04:00,15.345000267028809,15.369999885559082,15.329999923706055,15.329999923706055,5374,0.0,0.0
2024-06-07 12:00:00-04:00,15.329999923706055,15.329999923706055,15.324999809265137,15.324999809265137,805,0.0,0.0
2024-06-07 12:05:00-04:00,15.324999809265137,15.354999542236328,15.324999809265137,15.334500312805176,10556,0.0,0.0
2024-06-07 12:10:00-04:00,15.329999923706055,15.329999923706055,15.305000305175781,15.309100151062012,4954,0.0,0.0
2024-06-07 12:15:00-04:00,15.3100004196167,15.350000381469727,15.3100004196167,15.345000267028809,6855,0.0,0.0
2024-06-07 12:20:00-04:00,15.340100288391113,15.364999771118164,15.340100288391113,15.359999656677246,4655,0.0,0.0
2024-06-07 12:25:00-04:00,15.369999885559082,15.385000228881836,15.369999885559082,15.385000228881836,2070,0.0,0.0
2024-06-07 12:30:00-04:00,15.390000343322754,15.395000457763672,15.375,15.380000114440918,4929,0.0,0.0
2024-06-07 12:35:00-04:00,15.385000228881836,15.399999618530273,15.385000228881836,15.399999618530273,2536,0.0,0.0
2024-06-07 12:40:00-04:00,15.395000457763672,15.399999618530273,15.380000114440918,15.385000228881836,6561,0.0,0.0
2024-06-07 12:45:00-04:00,15.390000343322754,15.395000457763672,15.350000381469727,15.354999542236328,8708,0.0,0.0
2024-06-07 12:50:00-04:00,15.354999542236328,15.375,15.350000381469727,15.359999656677246,7412,0.0,0.0
2024-06-07 12:55:00-04:00,15.354999542236328,15.388899803161621,15.354999542236328,15.385000228881836,4610,0.0,0.0
2024-06-07 13:00:00-04:00,15.385000228881836,15.399999618530273,15.385000228881836,15.390000343322754,4727,0.0,0.0
2024-06-07 13:05:00-04:00,15.390000343322754,15.414999961853027,15.390000343322754,15.404999732971191,5554,0.0,0.0
2024-06-07 13:10:00-04:00,15.404999732971191,15.404999732971191,15.399999618530273,15.404999732971191,2589,0.0,0.0
2024-06-07 13:15:00-04:00,15.404999732971191,15.414999961853027,15.385000228881836,15.385000228881836,9908,0.0,0.0
2024-06-07 13:20:00-04:00,15.385000228881836,15.399999618530273,15.380000114440918,15.399999618530273,6236,0.0,0.0
2024-06-07 13:25:00-04:00,15.390000343322754,15.390000343322754,15.364999771118164,15.364999771118164,4803,0.0,0.0
2024-06-07 13:30:00-04:00,15.359999656677246,15.359999656677246,15.345000267028809,15.345000267028809,2347,0.0,0.0
2024-06-07 13:35:00-04:00,15.350000381469727,15.350000381469727,15.319999694824219,15.324999809265137,4678,0.0,0.0
2024-06-07 13:40:00-04:00,15.324999809265137,15.333399772644043,15.324999809265137,15.329999923706055,4517,0.0,0.0
2024-06-07 13:45:00-04:00,15.324999809265137,15.350000381469727,15.324999809265137,15.350000381469727,5476,0.0,0.0
2024-06-07 13:50:00-04:00,15.361599922180176,15.375,15.361599922180176,15.369999885559082,5712,0.0,0.0
2024-06-07 13:55:00-04:00,15.359999656677246,15.369999885559082,15.34000015258789,15.34000015258789,3751,0.0,0.0
2024-06-07 14:00:00-04:00,15.319999694824219,15.329999923706055,15.3100004196167,15.329999923706055,9115,0.0,0.0
2024-06-07 14:05:00-04:00,15.329999923706055,15.329999923706055,15.305000305175781,15.319999694824219,7552,0.0,0.0
2024-06-07 14:10:00-04:00,15.319999694824219,15.319999694824219,15.310099601745605,15.310099601745605,3199,0.0,0.0
2024-06-07 14:15:00-04:00,15.3100004196167,15.3100004196167,15.295000076293945,15.3100004196167,4937,0.0,0.0
2024-06-07 14:20:00-04:00,15.3149995803833,15.345000267028809,15.3149995803833,15.345000267028809,5906,0.0,0.0
2024-06-07 14:25:00-04:00,15.345000267028809,15.375,15.345000267028809,15.359999656677246,7356,0.0,0.0
2024-06-07 14:30:00-04:00,15.369999885559082,15.379899978637695,15.369999885559082,15.379899978637695,2038,0.0,0.0
2024-06-07 14:35:00-04:00,15.380000114440918,15.399999618530273,15.380000114440918,15.399999618530273,4502,0.0,0.0
2024-06-07 14:40:00-04:00,15.399999618530273,15.420000076293945,15.399999618530273,15.413100242614746,3772,0.0,0.0
2024-06-07 14:45:00-04:00,15.414999961853027,15.414999961853027,15.369999885559082,15.375,22871,0.0,0.0
2024-06-07 14:50:00-04:00,15.380000114440918,15.380000114440918,15.375,15.375,1547,0.0,0.0
2024-06-07 14:55:00-04:00,15.380000114440918,15.380000114440918,15.329999923706055,15.349900245666504,11258,0.0,0.0
2024-06-07 15:00:00-04:00,15.345000267028809,15.350000381469727,15.335000038146973,15.335000038146973,6471,0.0,0.0
2024-06-07 15:05:00-04:00,15.34000015258789,15.350000381469727,15.34000015258789,15.350000381469727,2540,0.0,0.0
2024-06-07 15:10:00-04:00,15.350000381469727,15.350000381469727,15.335000038146973,15.33549976348877,5419,0.0,0.0
2024-06-07 15:15:00-04:00,15.34000015258789,15.369999885559082,15.335000038146973,15.369999885559082,7870,0.0,0.0
2024-06-07 15:20:00-04:00,15.364999771118164,15.369999885559082,15.345000267028809,15.345000267028809,8409,0.0,0.0
2024-06-07 15:25:00-04:00,15.345000267028809,15.364999771118164,15.34000015258789,15.359999656677246,9225,0.0,0.0
2024-06-07 15:30:00-04:00,15.359999656677246,15.390000343322754,15.359999656677246,15.375,15870,0.0,0.0
2024-06-07 15:35:00-04:00,15.380000114440918,15.399999618530273,15.380000114440918,15.399999618530273,11314,0.0,0.0
2024-06-07 15:40:00-04:00,15.399999618530273,15.4399995803833,15.380000114440918,15.4399995803833,18799,0.0,0.0
2024-06-07 15:45:00-04:00,15.444999694824219,15.458999633789062,15.430000305175781,15.449999809265137,11819,0.0,0.0
2024-06-07 15:50:00-04:00,15.4399995803833,15.454999923706055,15.430000305175781,15.4399995803833,26687,0.0,0.0
2024-06-07 15:55:00-04:00,15.444999694824219,15.489999771118164,15.420000076293945,15.479999542236328,105901,0.0,0.0
2024-06-10 09:30:00-04:00,15.359999656677246,15.369999885559082,15.289999961853027,15.329999923706055,14891,0.0,0.0
2024-06-10 09:35:00-04:00,15.34000015258789,15.34000015258789,15.289999961853027,15.309900283813477,13863,0.0,0.0
2024-06-10 09:40:00-04:00,15.324999809265137,15.324999809265137,15.270000457763672,15.3100004196167,3936,0.0,0.0
2024-06-10 09:45:00-04:00,15.309300422668457,15.350000381469727,15.279999732971191,15.34000015258789,6649,0.0,0.0
2024-06-10 09:50:00-04:00,15.359999656677246,15.359999656677246,15.319999694824219,15.319999694824219,1956,0.0,0.0
2024-06-10 09:55:00-04:00,15.339900016784668,15.375,15.335000038146973,15.34000015258789,7398,0.0,0.0
2024-06-10 10:00:00-04:00,15.369199752807617,15.385000228881836,15.369199752807617,15.380000114440918,1426,0.0,0.0
2024-06-10 10:05:00-04:00,15.390000343322754,15.390000343322754,15.350000381469727,15.350000381469727,3937,0.0,0.0
2024-06-10 10:10:00-04:00,15.34000015258789,15.34000015258789,15.3100004196167,15.3100004196167,2954,0.0,0.0
2024-06-10 10:15:00-04:00,15.3100004196167,15.31029987335205,15.289999961853027,15.289999961853027,4406,0.0,0.0
2024-06-10 10:20:00-04:00,15.260000228881836,15.271400451660156,15.260000228881836,15.271400451660156,1420,0.0,0.0
2024-06-10 10:25:00-04:00,15.279999732971191,15.319999694824219,15.270000457763672,15.319999694824219,3193,0.0,0.0
2024-06-10 10:30:00-04:00,15.319999694824219,15.359999656677246,15.319999694824219,15.350000381469727,3574,0.0,0.0
2024-06-10 10:35:00-04:00,15.359999656677246,15.40999984741211,15.359999656677246,15.369999885559082,6071,0.0,0.0
2024-06-10 10:40:00-04:00,15.379899978637695,15.379899978637695,15.329999923706055,15.329999923706055,1839,0.0,0.0
2024-06-10 10:45:00-04:00,15.331500053405762,15.370100021362305,15.331500053405762,15.359999656677246,7826,0.0,0.0
2024-06-10 10:50:00-04:00,15.35260009765625,15.370200157165527,15.350000381469727,15.36929988861084,2284,0.0,0.0
2024-06-10 10:55:00-04:00,15.359999656677246,15.395000457763672,15.350000381469727,15.395000457763672,6826,0.0,0.0
2024-06-10 11:00:00-04:00,15.39009952545166,15.395000457763672,15.39009952545166,15.391200065612793,3491,0.0,0.0
2024-06-10 11:05:00-04:00,15.40999984741211,15.430500030517578,15.405200004577637,15.430500030517578,4615,0.0,0.0
2024-06-10 11:10:00-04:00,15.4399995803833,15.4399995803833,15.430000305175781,15.430500030517578,933,0.0,0.0
2024-06-10 11:15:00-04:00,15.4399995803833,15.4399995803833,15.4350004196167,15.4399995803833,1176,0.0,0.0
2024-06-10 11:20:00-04:00,15.444999694824219,15.460000038146973,15.444999694824219,15.454999923706055,3928,0.0,0.0
2024-06-10 11:25:00-04:00,15.454999923706055,15.539400100708008,15.454999923706055,15.5,30754,0.0,0.0
2024-06-10 11:30:00-04:00,15.505000114440918,15.505000114440918,15.484999656677246,15.489999771118164,2686,0.0,0.0
2024-06-10 11:35:00-04:00,15.5,15.529999732971191,15.5,15.520000457763672,2634,0.0,0.0
2024-06-10 11:40:00-04:00,15.520000457763672,15.524999618530273,15.500100135803223,15.510000228881836,5979,0.0,0.0
2024-06-10 11:45:00-04:00,15.520299911499023,15.524999618530273,15.520299911499023,15.524999618530273,363,0.0,0.0
2024-06-10 11:50:00-04:00,15.529999732971191,15.529999732971191,15.510000228881836,15.510000228881836,2503,0.0,0.0
2024-06-10 11:55:00-04:00,15.500499725341797,15.500499725341797,15.490500450134277,15.490500450134277,1443,0.0,0.0
2024-06-10 12:00:00-04:00,15.479999542236328,15.489100456237793,15.470000267028809,15.482999801635742,2039,0.0,0.0
2024-06-10 12:05:00-04:00,15.479999542236328,15.479999542236328,15.46500015258789,15.46500015258789,4833,0.0,0.0
2024-06-10 12:10:00-04:00,15.470000267028809,15.520000457763672,15.470000267028809,15.520000457763672,2867,0.0,0.0
2024-06-10 12:15:00-04:00,15.520000457763672,15.520000457763672,15.51099967956543,15.515000343322754,793,0.0,0.0
2024-06-10 12:20:00-04:00,15.51200008392334,15.520000457763672,15.510000228881836,15.515000343322754,3300,0.0,0.0
2024-06-10 12:25:00-04:00,15.520000457763672,15.520000457763672,15.520000457763672,15.520000457763672,1083,0.0,0.0
2024-06-10 12:30:00-04:00,15.520000457763672,15.529999732971191,15.520000457763672,15.529999732971191,2191,0.0,0.0
2024-06-10 12:40:00-04:00,15.545000076293945,15.555000305175781,15.539999961853027,15.550000190734863,3363,0.0,0.0
2024-06-10 12:45:00-04:00,15.545000076293945,15.545000076293945,15.489999771118164,15.5,5655,0.0,0.0
2024-06-10 12:50:00-04:00,15.5,15.5,15.479999542236328,15.479999542236328,1818,0.0,0.0
2024-06-10 12:55:00-04:00,15.479999542236328,15.509900093078613,15.479999542236328,15.505000114440918,6149,0.0,0.0
2024-06-10 13:00:00-04:00,15.505000114440918,15.505000114440918,15.460000038146973,15.460000038146973,4990,0.0,0.0
2024-06-10 13:05:00-04:00,15.468000411987305,15.475000381469727,15.468000411987305,15.474300384521484,1784,0.0,0.0
2024-06-10 13:10:00-04:00,15.478899955749512,15.478899955749512,15.45199966430664,15.470000267028809,2318,0.0,0.0
2024-06-10 13:15:00-04:00,15.470000267028809,15.475000381469727,15.470000267028809,15.470000267028809,2513,0.0,0.0
2024-06-10 13:20:00-04:00,15.475000381469727,15.510000228881836,15.475000381469727,15.479999542236328,6890,0.0,0.0
2024-06-10 13:25:00-04:00,15.479999542236328,15.484999656677246,15.449999809265137,15.449999809265137,3716,0.0,0.0
2024-06-10 13:30:00-04:00,15.449999809265137,15.479999542236328,15.444999694824219,15.479999542236328,3683,0.0,0.0
2024-06-10 13:35:00-04:00,15.484999656677246,15.494999885559082,15.470000267028809,15.475000381469727,2919,0.0,0.0
2024-06-10 13:40:00-04:00,15.479999542236328,15.5,15.479999542236328,15.489999771118164,3894,0.0,0.0
2024-06-10 13:45:00-04:00,15.484999656677246,15.5,15.479999542236328,15.5,6487,0.0,0.0
2024-06-10 13:50:00-04:00,15.505000114440918,15.505000114440918,15.479999542236328,15.479999542236328,2788,0.0,0.0
2024-06-10 13:55:00-04:00,15.479999542236328,15.510000228881836,15.479999542236328,15.510000228881836,3980,0.0,0.0
2024-06-10 14:00:00-04:00,15.515000343322754,15.524999618530273,15.505000114440918,15.505200386047363,3006,0.0,0.0
2024-06-10 14:05:00-04:00,15.505000114440918,15.505000114440918,15.489999771118164,15.489999771118164,3780,0.0,0.0
2024-06-10 14:10:00-04:00,15.497699737548828,15.497699737548828,15.475000381469727,15.484999656677246,2916,0.0,0.0
2024-06-10 14:15:00-04:00,15.484999656677246,15.489999771118164,15.460000038146973,15.460000038146973,3184,0.0,0.0
2024-06-10 14:20:00-04:00,15.449899673461914,15.479999542236328,15.448800086975098,15.460000038146973,13979,0.0,0.0
2024-06-10 14:25:00-04:00,15.460000038146973,15.46500015258789,15.4399995803833,15.4399995803833,8971,0.0,0.0
2024-06-10 14:30:00-04:00,15.430000305175781,15.4399995803833,15.430000305175781,15.4350004196167,2873,0.0,0.0
2024-06-10 14:35:00-04:00,15.4350004196167,15.449999809265137,15.430000305175781,15.449999809265137,4070,0.0,0.0
2024-06-10 14:40:00-04:00,15.460000038146973,15.470000267028809,15.449999809265137,15.460100173950195,2433,0.0,0.0
2024-06-10 14:45:00-04:00,15.46500015258789,15.46500015258789,15.454999923706055,15.454999923706055,4020,0.0,0.0
2024-06-10 14:50:00-04:00,15.454999923706055,15.484999656677246,15.449999809265137,15.479999542236328,7603,0.0,0.0
2024-06-10 14:55:00-04:00,15.479999542236328,15.484999656677246,15.479999542236328,15.484999656677246,4281,0.0,0.0
2024-06-10 15:00:00-04:00,15.484999656677246,15.510000228881836,15.484999656677246,15.505000114440918,3339,0.0,0.0
2024-06-10 15:05:00-04:00,15.505000114440918,15.53499984741211,15.505000114440918,15.53499984741211,3299,0.0,0.0
2024-06-10 15:10:00-04:00,15.539999961853027,15.56879997253418,15.539999961853027,15.56879997253418,2401,0.0,0.0
2024-06-10 15:15:00-04:00,15.5649995803833,15.579999923706055,15.5649995803833,15.569199562072754,3282,0.0,0.0
2024-06-10 15:20:00-04:00,15.569999694824219,15.59000015258789,15.569999694824219,15.579999923706055,2448,0.0,0.0
2024-06-10 15:25:00-04:00,15.579000473022461,15.595000267028809,15.574999809265137,15.585000038146973,5016,0.0,0.0
2024-06-10 15:30:00-04:00,15.585000038146973,15.585000038146973,15.5600004196167,15.579999923706055,3250,0.0,0.0
2024-06-10 15:35:00-04:00,15.579999923706055,15.579999923706055,15.569999694824219,15.574999809265137,2058,0.0,0.0
2024-06-10 15:40:00-04:00,15.574999809265137,15.630000114440918,15.574999809265137,15.619999885559082,16631,0.0,0.0
2024-06-10 15:45:00-04:00,15.625,15.668999671936035,15.609999656677246,15.668999671936035,20821,0.0,0.0
2024-06-10 15:50:00-04:00,15.65999984741211,15.6899995803833,15.654999732971191,15.675000190734863,23691,0.0,0.0
2024-06-10 15:55:00-04:00,15.675000190734863,15.6850004196167,15.649999618530273,15.680000305175781,50579,0.0,0.0
2024-06-11 09:30:00-04:00,15.40999984741211,15.4399995803833,15.319999694824219,15.40999984741211,21989,0.0,0.0
2024-06-11 09:35:00-04:00,15.404999732971191,15.404999732971191,15.319999694824219,15.350000381469727,5239,0.0,0.0
2024-06-11 09:40:00-04:00,15.34000015258789,15.34000015258789,15.15999984741211,15.220000267028809,24267,0.0,0.0
2024-06-11 09:45:00-04:00,15.229999542236328,15.329999923706055,15.229999542236328,15.319999694824219,9752,0.0,0.0
2024-06-11 09:50:00-04:00,15.329999923706055,15.335000038146973,15.300000190734863,15.3100004196167,11067,0.0,0.0
2024-06-11 09:55:00-04:00,15.319999694824219,15.330499649047852,15.295000076293945,15.3100004196167,10998,0.0,0.0
2024-06-11 10:00:00-04:00,15.3100004196167,15.3100004196167,15.1899995803833,15.248299598693848,9686,0.0,0.0
2024-06-11 10:05:00-04:00,15.25,15.3149995803833,15.25,15.3100004196167,7080,0.0,0.0
2024-06-11 10:10:00-04:00,15.319999694824219,15.374699592590332,15.319999694824219,15.350000381469727,8644,0.0,0.0
2024-06-11 10:15:00-04:00,15.345000267028809,15.41469955444336,15.34000015258789,15.390000343322754,6160,0.0,0.0
2024-06-11 10:20:00-04:00,15.38070011138916,15.414999961853027,15.375,15.40999984741211,9641,0.0,0.0
2024-06-11 10:25:00-04:00,15.40999984741211,15.428899765014648,15.390000343322754,15.425000190734863,5151,0.0,0.0
2024-06-11 10:30:00-04:00,15.420000076293945,15.420000076293945,15.350000381469727,15.359999656677246,8918,0.0,0.0
2024-06-11 10:35:00-04:00,15.359999656677246,15.375,15.350000381469727,15.375,3823,0.0,0.0
2024-06-11 10:40:00-04:00,15.380000114440918,15.4399995803833,15.359999656677246,15.369999885559082,38247,0.0,0.0
2024-06-11 10:45:00-04:00,15.359999656677246,15.449999809265137,15.359999656677246,15.449999809265137,5133,0.0,0.0
2024-06-11 10:50:00-04:00,15.449999809265137,15.470000267028809,15.449999809265137,15.470000267028809,3558,0.0,0.0
2024-06-11 10:55:00-04:00,15.470000267028809,15.479999542236328,15.40999984741211,15.40999984741211,6577,0.0,0.0
2024-06-11 11:00:00-04:00,15.404999732971191,15.404999732971191,15.350000381469727,15.369999885559082,6075,0.0,0.0
2024-06-11 11:05:00-04:00,15.369999885559082,15.385000228881836,15.34000015258789,15.380000114440918,9367,0.0,0.0
2024-06-11 11:10:00-04:00,15.390000343322754,15.420000076293945,15.390000343322754,15.420000076293945,3984,0.0,0.0
2024-06-11 11:15:00-04:00,15.425000190734863,15.425000190734863,15.390000343322754,15.420000076293945,5304,0.0,0.0
2024-06-11 11:20:00-04:00,15.430000305175781,15.430000305175781,15.420000076293945,15.420000076293945,4830,0.0,0.0
2024-06-11 11:25:00-04:00,15.420000076293945,15.420000076293945,15.40999984741211,15.40999984741211,3391,0.0,0.0
2024-06-11 11:30:00-04:00,15.414999961853027,15.420000076293945,15.404999732971191,15.404999732971191,3477,0.0,0.0
2024-06-11 11:35:00-04:00,15.40999984741211,15.40999984741211,15.40999984741211,15.40999984741211,484,0.0,0.0
2024-06-11 11:40:00-04:00,15.40999984741211,15.40999984741211,15.345000267028809,15.345000267028809,4535,0.0,0.0
2024-06-11 11:45:00-04:00,15.34000015258789,15.34000015258789,15.3149995803833,15.339099884033203,3156,0.0,0.0
2024-06-11 11:50:00-04:00,15.350000381469727,15.350000381469727,15.345000267028809,15.345000267028809,333,0.0,0.0
2024-06-11 11:55:00-04:00,15.350000381469727,15.350000381469727,15.335000038146973,15.34000015258789,6338,0.0,0.0
2024-06-11 12:00:00-04:00,15.335000038146973,15.345000267028809,15.329999923706055,15.345000267028809,4869,0.0,0.0
2024-06-11 12:05:00-04:00,15.345000267028809,15.369999885559082,15.324999809265137,15.369999885559082,4850,0.0,0.0
2024-06-11 12:10:00-04:00,15.375,15.375,15.359999656677246,15.359999656677246,5045,0.0,0.0
2024-06-11 12:15:00-04:00,15.364999771118164,15.385000228881836,15.354999542236328,15.385000228881836,2260,0.0,0.0
2024-06-11 12:20:00-04:00,15.385000228881836,15.385000228881836,15.359999656677246,15.359999656677246,6795,0.0,0.0
2024-06-11 12:25:00-04:00,15.369000434875488,15.390000343322754,15.369000434875488,15.375,3642,0.0,0.0
2024-06-11 12:30:00-04:00,15.369999885559082,15.399999618530273,15.369999885559082,15.399999618530273,2148,0.0,0.0
2024-06-11 12:35:00-04:00,15.399999618530273,15.399999618530273,15.359999656677246,15.375,6877,0.0,0.0
2024-06-11 12:40:00-04:00,15.369999885559082,15.404999732971191,15.369999885559082,15.395000457763672,5194,0.0,0.0
2024-06-11 12:45:00-04:00,15.399999618530273,15.399999618530273,15.395000457763672,15.395000457763672,1751,0.0,0.0
2024-06-11 12:50:00-04:00,15.395000457763672,15.395000457763672,15.380000114440918,15.395000457763672,4129,0.0,0.0
2024-06-11 12:55:00-04:00,15.39009952545166,15.395000457763672,15.345000267028809,15.353599548339844,17187,0.0,0.0
2024-06-11 13:00:00-04:00,15.354999542236328,15.359999656677246,15.354999542236328,15.354999542236328,4003,0.0,0.0
2024-06-11 13:05:00-04:00,15.354999542236328,15.395000457763672,15.354999542236328,15.395000457763672,3956,0.0,0.0
2024-06-11 13:10:00-04:00,15.390000343322754,15.420000076293945,15.390000343322754,15.40999984741211,3893,0.0,0.0
2024-06-11 13:15:00-04:00,15.404999732971191,15.404999732971191,15.385000228881836,15.385000228881836,1597,0.0,0.0
2024-06-11 13:20:00-04:00,15.385000228881836,15.389100074768066,15.369999885559082,15.375,6098,0.0,0.0
2024-06-11 13:25:00-04:00,15.380000114440918,15.390000343322754,15.369999885559082,15.380000114440918,4232,0.0,0.0
2024-06-11 13:30:00-04:00,15.385000228881836,15.40999984741211,15.385000228881836,15.40999984741211,2754,0.0,0.0
2024-06-11 13:35:00-04:00,15.40999984741211,15.425000190734863,15.399999618530273,15.420000076293945,6166,0.0,0.0
2024-06-11 13:40:00-04:00,15.420000076293945,15.4350004196167,15.420000076293945,15.4350004196167,2495,0.0,0.0
2024-06-11 13:45:00-04:00,15.4399995803833,15.4399995803833,15.40999984741211,15.40999984741211,4124,0.0,0.0
2024-06-11 13:50:00-04:00,15.404999732971191,15.409899711608887,15.390000343322754,15.395000457763672,7419,0.0,0.0
2024-06-11 13:55:00-04:00,15.399999618530273,15.4399995803833,15.399999618530273,15.4399995803833,3092,0.0,0.0
2024-06-11 14:00:00-04:00,15.4350004196167,15.4350004196167,15.430000305175781,15.4350004196167,3271,0.0,0.0
2024-06-11 14:05:00-04:00,15.4350004196167,15.4350004196167,15.425000190734863,15.425000190734863,4216,0.0,0.0
2024-06-11 14:10:00-04:00,15.425000190734863,15.430000305175781,15.40999984741211,15.430000305175781,3377,0.0,0.0
2024-06-11 14:15:00-04:00,15.430000305175781,15.449999809265137,15.430000305175781,15.449999809265137,3570,0.0,0.0
2024-06-11 14:20:00-04:00,15.444999694824219,15.470000267028809,15.444999694824219,15.470000267028809,2565,0.0,0.0
2024-06-11 14:25:00-04:00,15.46500015258789,15.494999885559082,15.46500015258789,15.489999771118164,8082,0.0,0.0
2024-06-11 14:30:00-04:00,15.479999542236328,15.479999542236328,15.460000038146973,15.460000038146973,2157,0.0,0.0
2024-06-11 14:35:00-04:00,15.454999923706055,15.454999923706055,15.4399995803833,15.444999694824219,5643,0.0,0.0
2024-06-11 14:40:00-04:00,15.444999694824219,15.444999694824219,15.4399995803833,15.444999694824219,1382,0.0,0.0
2024-06-11 14:45:00-04:00,15.430000305175781,15.470000267028809,15.430000305175781,15.461099624633789,5009,0.0,0.0
2024-06-11 14:50:00-04:00,15.470000267028809,15.470000267028809,15.420000076293945,15.425000190734863,5766,0.0,0.0
2024-06-11 14:55:00-04:00,15.420000076293945,15.420000076293945,15.40999984741211,15.420000076293945,2055,0.0,0.0
2024-06-11 15:00:00-04:00,15.420000076293945,15.430000305175781,15.414999961853027,15.420000076293945,5568,0.0,0.0
2024-06-11 15:05:00-04:00,15.425000190734863,15.4399995803833,15.420000076293945,15.4350004196167,2824,0.0,0.0
2024-06-11 15:10:00-04:00,15.4350004196167,15.4399995803833,15.432499885559082,15.4399995803833,1939,0.0,0.0
2024-06-11 15:15:00-04:00,15.4350004196167,15.449999809265137,15.420000076293945,15.4350004196167,7649,0.0,0.0
2024-06-11 15:20:00-04:00,15.4350004196167,15.449999809265137,15.430000305175781,15.4350004196167,6043,0.0,0.0
2024-06-11 15:25:00-04:00,15.430000305175781,15.4399995803833,15.420000076293945,15.432499885559082,7234,0.0,0.0
2024-06-11 15:30:00-04:00,15.4350004196167,15.4350004196167,15.414999961853027,15.425000190734863,5067,0.0,0.0
2024-06-11 15:35:00-04:00,15.430000305175781,15.4399995803833,15.390000343322754,15.390000343322754,19117,0.0,0.0
2024-06-11 15:40:00-04:00,15.385000228881836,15.4399995803833,15.385000228881836,15.425000190734863,10741,0.0,0.0
2024-06-11 15:45:00-04:00,15.425000190734863,15.4399995803833,15.425000190734863,15.4350004196167,6290,0.0,0.0
2024-06-11 15:50:00-04:00,15.4350004196167,15.454999923706055,15.425000190734863,15.425000190734863,27073,0.0,0.0
2024-06-11 15:55:00-04:00,15.425000190734863,15.4399995803833,15.399999618530273,15.430000305175781,54327,0.0,0.0
2024-06-12 09:30:00-04:00,15.619999885559082,15.679900169372559,15.59000015258789,15.679900169372559,16871,0.0,0.0
2024-06-12 09:35:00-04:00,15.619999885559082,15.65999984741211,15.59000015258789,15.649999618530273,4756,0.0,0.0
2024-06-12 09:40:00-04:00,15.640000343322754,15.670000076293945,15.59000015258789,15.59000015258789,8122,0.0,0.0
2024-06-12 09:45:00-04:00,15.600000381469727,15.640000343322754,15.585000038146973,15.609999656677246,7686,0.0,0.0
2024-06-12 09:50:00-04:00,15.619999885559082,15.649999618530273,15.569999694824219,15.59000015258789,6074,0.0,0.0
2024-06-12 09:55:00-04:00,15.590100288391113,15.65999984741211,15.569999694824219,15.649999618530273,9283,0.0,0.0
2024-06-12 10:00:00-04:00,15.649999618530273,15.680000305175781,15.649999618530273,15.680000305175781,11366,0.0,0.0
2024-06-12 10:05:00-04:00,15.670000076293945,15.699999809265137,15.65999984741211,15.680000305175781,3870,0.0,0.0
2024-06-12 10:10:00-04:00,15.670000076293945,15.75,15.654999732971191,15.70199966430664,18344,0.0,0.0
2024-06-12 10:15:00-04:00,15.694999694824219,15.720000267028809,15.675000190734863,15.694999694824219,12503,0.0,0.0
2024-06-12 10:20:00-04:00,15.699999809265137,15.71500015258789,15.680000305175781,15.704999923706055,8038,0.0,0.0
2024-06-12 10:25:00-04:00,15.704999923706055,15.710000038146973,15.694999694824219,15.694999694824219,4053,0.0,0.0
2024-06-12 10:30:00-04:00,15.6850004196167,15.6850004196167,15.630000114440918,15.630000114440918,3891,0.0,0.0
2024-06-12 10:35:00-04:00,15.625,15.635000228881836,15.625,15.630000114440918,2640,0.0,0.0
2024-06-12 10:40:00-04:00,15.630000114440918,15.645000457763672,15.630000114440918,15.645000457763672,2182,0.0,0.0
2024-06-12 10:45:00-04:00,15.645000457763672,15.664999961853027,15.640000343322754,15.654999732971191,5310,0.0,0.0
2024-06-12 10:50:00-04:00,15.649999618530273,15.675000190734863,15.645000457763672,15.654999732971191,5076,0.0,0.0
2024-06-12 10:55:00-04:00,15.652099609375,15.6850004196167,15.652099609375,15.675000190734863,9548,0.0,0.0
2024-06-12 11:00:00-04:00,15.664999961853027,15.680000305175781,15.654999732971191,15.654999732971191,3539,0.0,0.0
2024-06-12 11:05:00-04:00,15.654999732971191,15.654999732971191,15.5600004196167,15.569999694824219,11839,0.0,0.0
2024-06-12 11:10:00-04:00,15.579999923706055,15.59000015258789,15.579999923706055,15.59000015258789,2057,0.0,0.0
2024-06-12 11:15:00-04:00,15.59000015258789,15.604999542236328,15.59000015258789,15.604999542236328,2315,0.0,0.0
2024-06-12 11:20:00-04:00,15.604999542236328,15.635000228881836,15.604999542236328,15.630000114440918,4783,0.0,0.0
2024-06-12 11:25:00-04:00,15.630000114440918,15.654999732971191,15.630000114440918,15.640000343322754,7153,0.0,0.0
2024-06-12 11:30:00-04:00,15.630000114440918,15.640000343322754,15.609999656677246,15.635000228881836,7566,0.0,0.0
2024-06-12 11:35:00-04:00,15.630000114440918,15.640000343322754,15.619999885559082,15.640000343322754,2771,0.0,0.0
2024-06-12 11:40:00-04:00,15.645000457763672,15.645000457763672,15.640000343322754,15.645000457763672,1937,0.0,0.0
2024-06-12 11:45:00-04:00,15.649999618530273,15.670000076293945,15.649999618530273,15.670000076293945,3669,0.0,0.0
2024-06-12 11:50:00-04:00,15.664999961853027,15.664999961853027,15.609999656677246,15.609999656677246,9028,0.0,0.0
2024-06-12 11:55:00-04:00,15.609999656677246,15.635000228881836,15.609999656677246,15.635000228881836,3942,0.0,0.0
2024-06-12 12:00:00-04:00,15.635000228881836,15.664999961853027,15.625,15.664999961853027,5526,0.0,0.0
2024-06-12 12:05:00-04:00,15.661999702453613,15.675000190734863,15.649999618530273,15.664999961853027,4973,0.0,0.0
2024-06-12 12:10:00-04:00,15.670000076293945,15.680000305175781,15.670000076293945,15.680000305175781,1117,0.0,0.0
2024-06-12 12:15:00-04:00,15.675000190734863,15.680000305175781,15.649999618530273,15.650099754333496,9597,0.0,0.0
2024-06-12 12:20:00-04:00,15.65999984741211,15.65999984741211,15.65999984741211,15.65999984741211,630,0.0,0.0
2024-06-12 12:25:00-04:00,15.65999984741211,15.668999671936035,15.640000343322754,15.649999618530273,7602,0.0,0.0
2024-06-12 12:30:00-04:00,15.640000343322754,15.65999984741211,15.640000343322754,15.65999984741211,3812,0.0,0.0
2024-06-12 12:35:00-04:00,15.654999732971191,15.65999984741211,15.640000343322754,15.649999618530273,5638,0.0,0.0
2024-06-12 12:40:00-04:00,15.645000457763672,15.65999984741211,15.645000457763672,15.65999984741211,4478,0.0,0.0
2024-06-12 12:45:00-04:00,15.670000076293945,15.670000076293945,15.65999984741211,15.65999984741211,2833,0.0,0.0
2024-06-12 12:50:00-04:00,15.654999732971191,15.65999984741211,15.619999885559082,15.619999885559082,5510,0.0,0.0
2024-06-12 12:55:00-04:00,15.619999885559082,15.625300407409668,15.619999885559082,15.625,1780,0.0,0.0
2024-06-12 13:00:00-04:00,15.630000114440918,15.630000114440918,15.609999656677246,15.619999885559082,3903,0.0,0.0
2024-06-12 13:05:00-04:00,15.600000381469727,15.600000381469727,15.600000381469727,15.600000381469727,528,0.0,0.0
2024-06-12 13:10:00-04:00,15.600000381469727,15.600000381469727,15.579999923706055,15.579999923706055,2736,0.0,0.0
2024-06-12 13:15:00-04:00,15.574999809265137,15.600000381469727,15.574999809265137,15.59000015258789,6822,0.0,0.0
2024-06-12 13:20:00-04:00,15.595000267028809,15.600000381469727,15.595000267028809,15.595000267028809,4909,0.0,0.0
2024-06-12 13:25:00-04:00,15.595000267028809,15.614999771118164,15.595000267028809,15.614999771118164,3693,0.0,0.0
2024-06-12 13:30:00-04:00,15.619999885559082,15.642000198364258,15.619999885559082,15.630000114440918,5764,0.0,0.0
2024-06-12 13:35:00-04:00,15.630000114440918,15.640000343322754,15.630000114440918,15.640000343322754,5929,0.0,0.0
2024-06-12 13:40:00-04:00,15.645000457763672,15.65999984741211,15.645000457763672,15.649999618530273,2302,0.0,0.0
2024-06-12 13:45:00-04:00,15.645000457763672,15.649999618530273,15.645000457763672,15.649999618530273,2386,0.0,0.0
2024-06-12 13:50:00-04:00,15.645000457763672,15.65999984741211,15.635000228881836,15.649999618530273,8873,0.0,0.0
2024-06-12 13:55:00-04:00,15.649999618530273,15.649999618530273,15.640000343322754,15.645000457763672,1316,0.0,0.0
2024-06-12 14:00:00-04:00,15.649999618530273,15.649999618530273,15.550000190734863,15.59000015258789,9767,0.0,0.0
2024-06-12 14:05:00-04:00,15.579999923706055,15.609999656677246,15.579999923706055,15.609999656677246,2777,0.0,0.0
2024-06-12 14:10:00-04:00,15.612600326538086,15.612600326538086,15.604999542236328,15.609999656677246,1683,0.0,0.0
2024-06-12 14:15:00-04:00,15.619999885559082,15.635000228881836,15.619999885559082,15.635000228881836,2967,0.0,0.0
2024-06-12 14:20:00-04:00,15.635000228881836,15.635000228881836,15.616299629211426,15.635000228881836,4396,0.0,0.0
2024-06-12 14:25:00-04:00,15.631799697875977,15.654999732971191,15.631799697875977,15.654999732971191,8097,0.0,0.0
2024-06-12 14:30:00-04:00,15.65999984741211,15.670000076293945,15.619999885559082,15.640000343322754,10278,0.0,0.0
2024-06-12 14:35:00-04:00,15.635000228881836,15.65999984741211,15.619999885559082,15.65999984741211,2948,0.0,0.0
2024-06-12 14:40:00-04:00,15.649999618530273,15.649999618530273,15.619999885559082,15.645000457763672,7562,0.0,0.0
2024-06-12 14:45:00-04:00,15.640000343322754,15.640000343322754,15.609999656677246,15.609999656677246,4051,0.0,0.0
2024-06-12 14:50:00-04:00,15.619999885559082,15.630000114440918,15.600000381469727,15.600000381469727,3185,0.0,0.0
2024-06-12 14:55:00-04:00,15.609999656677246,15.670000076293945,15.609999656677246,15.65999984741211,7918,0.0,0.0
2024-06-12 15:00:00-04:00,15.65999984741211,15.65999984741211,15.640000343322754,15.640000343322754,3363,0.0,0.0
2024-06-12 15:05:00-04:00,15.640000343322754,15.649999618530273,15.630000114440918,15.640000343322754,4574,0.0,0.0
2024-06-12 15:10:00-04:00,15.630000114440918,15.640000343322754,15.630000114440918,15.640000343322754,3243,0.0,0.0
2024-06-12 15:15:00-04:00,15.640000343322754,15.645000457763672,15.635000228881836,15.640000343322754,2877,0.0,0.0
2024-06-12 15:20:00-04:00,15.630000114440918,15.630000114440918,15.569999694824219,15.569999694824219,4038,0.0,0.0
2024-06-12 15:25:00-04:00,15.569999694824219,15.569999694824219,15.520000457763672,15.524999618530273,7681,0.0,0.0
2024-06-12 15:30:00-04:00,15.529999732971191,15.529999732971191,15.520000457763672,15.520000457763672,5219,0.0,0.0
2024-06-12 15:35:00-04:00,15.520000457763672,15.520000457763672,15.494999885559082,15.494999885559082,4288,0.0,0.0
2024-06-12 15:40:00-04:00,15.489999771118164,15.489999771118164,15.454999923706055,15.454999923706055,10841,0.0,0.0
2024-06-12 15:45:00-04:00,15.454999923706055,15.515000343322754,15.4399995803833,15.510000228881836,11924,0.0,0.0
2024-06-12 15:50:00-04:00,15.510000228881836,15.53499984741211,15.505000114440918,15.524999618530273,15943,0.0,0.0
2024-06-12 15:55:00-04:00,15.520000457763672,15.524999618530273,15.449999809265137,15.470000267028809,49681,0.0,0.0
2024-06-13 09:30:00-04:00,15.369999885559082,15.375,15.300000190734863,15.369999885559082,10822,0.0,0.0
2024-06-13 09:35:00-04:00,15.369999885559082,15.369999885559082,15.329999923706055,15.354999542236328,1905,0.0,0.0
2024-06-13 09:40:00-04:00,15.354999542236328,15.354999542236328,15.300000190734863,15.300000190734863,5775,0.0,0.0
2024-06-13 09:45:00-04:00,15.3100004196167,15.345000267028809,15.279999732971191,15.282500267028809,7541,0.0,0.0
2024-06-13 09:50:00-04:00,15.279999732971191,15.295000076293945,15.220000267028809,15.295000076293945,27394,0.0,0.0
2024-06-13 09:55:00-04:00,15.3100004196167,15.34000015258789,15.241399765014648,15.25,13513,0.0,0.0
2024-06-13 10:00:00-04:00,15.239999771118164,15.270000457763672,15.210000038146973,15.220000267028809,12289,0.0,0.0
2024-06-13 10:05:00-04:00,15.225000381469727,15.225000381469727,15.175000190734863,15.204999923706055,14800,0.0,0.0
2024-06-13 10:10:00-04:00,15.199999809265137,15.199999809265137,15.140199661254883,15.149999618530273,6783,0.0,0.0
2024-06-13 10:15:00-04:00,15.164999961853027,15.164999961853027,15.109999656677246,15.125,15066,0.0,0.0
2024-06-13 10:20:00-04:00,15.119999885559082,15.149999618530273,15.114999771118164,15.114999771118164,16149,0.0,0.0
2024-06-13 10:25:00-04:00,15.119999885559082,15.125,15.050000190734863,15.079999923706055,22945,0.0,0.0
2024-06-13 10:30:00-04:00,15.09000015258789,15.095000267028809,15.050000190734863,15.050000190734863,4396,0.0,0.0
2024-06-13 10:35:00-04:00,15.079999923706055,15.164999961853027,15.079999923706055,15.100000381469727,23388,0.0,0.0
2024-06-13 10:40:00-04:00,15.093199729919434,15.109999656677246,15.09000015258789,15.109999656677246,4212,0.0,0.0
2024-06-13 10:45:00-04:00,15.130000114440918,15.170000076293945,15.130000114440918,15.170000076293945,3037,0.0,0.0
2024-06-13 10:50:00-04:00,15.180000305175781,15.229700088500977,15.180000305175781,15.229700088500977,4286,0.0,0.0
2024-06-13 10:55:00-04:00,15.229999542236328,15.244999885559082,15.21500015258789,15.229999542236328,4566,0.0,0.0
2024-06-13 11:00:00-04:00,15.220000267028809,15.239399909973145,15.210000038146973,15.210000038146973,9770,0.0,0.0
2024-06-13 11:05:00-04:00,15.204999923706055,15.225000381469727,15.199999809265137,15.210000038146973,5762,0.0,0.0
2024-06-13 11:10:00-04:00,15.220000267028809,15.229999542236328,15.210000038146973,15.229999542236328,6874,0.0,0.0
2024-06-13 11:15:00-04:00,15.229000091552734,15.229000091552734,15.170000076293945,15.1899995803833,7468,0.0,0.0
2024-06-13 11:20:00-04:00,15.194999694824219,15.199999809265137,15.1850004196167,15.1850004196167,4672,0.0,0.0
2024-06-13 11:25:00-04:00,15.1899995803833,15.239999771118164,15.1899995803833,15.239999771118164,3056,0.0,0.0
2024-06-13 11:30:00-04:00,15.239999771118164,15.270000457763672,15.239999771118164,15.270000457763672,5568,0.0,0.0
2024-06-13 11:35:00-04:00,15.260000228881836,15.265000343322754,15.199999809265137,15.199999809265137,4766,0.0,0.0
2024-06-13 11:40:00-04:00,15.199999809265137,15.210000038146973,15.199999809265137,15.210000038146973,4163,0.0,0.0
2024-06-13 11:45:00-04:00,15.220000267028809,15.25,15.220000267028809,15.244999885559082,2483,0.0,0.0
2024-06-13 11:50:00-04:00,15.234999656677246,15.234999656677246,15.220000267028809,15.220000267028809,3273,0.0,0.0
2024-06-13 11:55:00-04:00,15.229999542236328,15.229999542236328,15.199999809265137,15.210000038146973,5731,0.0,0.0
2024-06-13 12:00:00-04:00,15.199999809265137,15.210000038146973,15.1850004196167,15.204999923706055,16791,0.0,0.0
2024-06-13 12:05:00-04:00,15.204999923706055,15.210000038146973,15.204999923706055,15.210000038146973,1425,0.0,0.0
2024-06-13 12:10:00-04:00,15.21500015258789,15.216400146484375,15.210000038146973,15.216400146484375,4414,0.0,0.0
2024-06-13 12:15:00-04:00,15.199999809265137,15.210000038146973,15.15999984741211,15.15999984741211,12326,0.0,0.0
2024-06-13 12:20:00-04:00,15.154999732971191,15.175000190734863,15.149999618530273,15.154999732971191,2648,0.0,0.0
2024-06-13 12:25:00-04:00,15.164999961853027,15.164999961853027,15.154999732971191,15.154999732971191,1089,0.0,0.0
2024-06-13 12:30:00-04:00,15.154999732971191,15.199999809265137,15.154999732971191,15.194999694824219,3375,0.0,0.0
2024-06-13 12:35:00-04:00,15.199999809265137,15.199999809265137,15.19950008392334,15.199999809265137,1168,0.0,0.0
2024-06-13 12:40:00-04:00,15.194999694824219,15.194999694824219,15.1899995803833,15.1899995803833,3093,0.0,0.0
2024-06-13 12:45:00-04:00,15.1899995803833,15.199999809265137,15.154999732971191,15.164999961853027,4617,0.0,0.0
2024-06-13 12:50:00-04:00,15.169899940490723,15.175000190734863,15.164999961853027,15.164999961853027,2453,0.0,0.0
2024-06-13 12:55:00-04:00,15.15999984741211,15.15999984741211,15.142600059509277,15.149999618530273,2930,0.0,0.0
2024-06-13 13:00:00-04:00,15.145000457763672,15.15999984741211,15.145000457763672,15.15999984741211,695,0.0,0.0
2024-06-13 13:05:00-04:00,15.170000076293945,15.21500015258789,15.1697998046875,15.210000038146973,4118,0.0,0.0
2024-06-13 13:10:00-04:00,15.21500015258789,15.229999542236328,15.21500015258789,15.229999542236328,1552,0.0,0.0
2024-06-13 13:15:00-04:00,15.239999771118164,15.239999771118164,15.225000381469727,15.234999656677246,7138,0.0,0.0
2024-06-13 13:20:00-04:00,15.232999801635742,15.255000114440918,15.220000267028809,15.220000267028809,4398,0.0,0.0
2024-06-13 13:25:00-04:00,15.225000381469727,15.25,15.225000381469727,15.244999885559082,3756,0.0,0.0
2024-06-13 13:30:00-04:00,15.244999885559082,15.244999885559082,15.213600158691406,15.220000267028809,1592,0.0,0.0
2024-06-13 13:35:00-04:00,15.229999542236328,15.229999542236328,15.204999923706055,15.210000038146973,3286,0.0,0.0
2024-06-13 13:40:00-04:00,15.21500015258789,15.229999542236328,15.210000038146973,15.229999542236328,3302,0.0,0.0
2024-06-13 13:45:00-04:00,15.225000381469727,15.225000381469727,15.21500015258789,15.21500015258789,1658,0.0,0.0
2024-06-13 13:50:00-04:00,15.220000267028809,15.260000228881836,15.220000267028809,15.260000228881836,3824,0.0,0.0
2024-06-13 13:55:00-04:00,15.255000114440918,15.265000343322754,15.255000114440918,15.265000343322754,3208,0.0,0.0
2024-06-13 14:00:00-04:00,15.260000228881836,15.265000343322754,15.255000114440918,15.265000343322754,2578,0.0,0.0
2024-06-13 14:05:00-04:00,15.260000228881836,15.265000343322754,15.250100135803223,15.265000343322754,3747,0.0,0.0
2024-06-13 14:10:00-04:00,15.265000343322754,15.265000343322754,15.265000343322754,15.265000343322754,1371,0.0,0.0
2024-06-13 14:15:00-04:00,15.265000343322754,15.265000343322754,15.25,15.255000114440918,2367,0.0,0.0
2024-06-13 14:20:00-04:00,15.255000114440918,15.255000114440918,15.239999771118164,15.249899864196777,4481,0.0,0.0
2024-06-13 14:25:00-04:00,15.249899864196777,15.25,15.249899864196777,15.25,1353,0.0,0.0
2024-06-13 14:30:00-04:00,15.260000228881836,15.279999732971191,15.260000228881836,15.279899597167969,5432,0.0,0.0
2024-06-13 14:35:00-04:00,15.265000343322754,15.265000343322754,15.255000114440918,15.255000114440918,1395,0.0,0.0
2024-06-13 14:40:00-04:00,15.260000228881836,15.274999618530273,15.260000228881836,15.274999618530273,2075,0.0,0.0
2024-06-13 14:45:00-04:00,15.274999618530273,15.274999618530273,15.270000457763672,15.270000457763672,1100,0.0,0.0
2024-06-13 14:50:00-04:00,15.279999732971191,15.289999961853027,15.279999732971191,15.289999961853027,2420,0.0,0.0
2024-06-13 14:55:00-04:00,15.289999961853027,15.319999694824219,15.289999961853027,15.3100004196167,6311,0.0,0.0
2024-06-13 15:00:00-04:00,15.305000305175781,15.3149995803833,15.305000305175781,15.3149995803833,2074,0.0,0.0
2024-06-13 15:05:00-04:00,15.319999694824219,15.329999923706055,15.319999694824219,15.329999923706055,2132,0.0,0.0
2024-06-13 15:10:00-04:00,15.324999809265137,15.325599670410156,15.3100004196167,15.3100004196167,4673,0.0,0.0
2024-06-13 15:15:00-04:00,15.305000305175781,15.305000305175781,15.28499984741211,15.295000076293945,2999,0.0,0.0
2024-06-13 15:20:00-04:00,15.300000190734863,15.305000305175781,15.300000190734863,15.305000305175781,3275,0.0,0.0
2024-06-13 15:25:00-04:00,15.305000305175781,15.305000305175781,15.305000305175781,15.305000305175781,1175,0.0,0.0
2024-06-13 15:30:00-04:00,15.305000305175781,15.329999923706055,15.295000076293945,15.329999923706055,11855,0.0,0.0
2024-06-13 15:35:00-04:00,15.330100059509277,15.380000114440918,15.330100059509277,15.380000114440918,3694,0.0,0.0
2024-06-13 15:40:00-04:00,15.380000114440918,15.390000343322754,15.380000114440918,15.385000228881836,4271,0.0,0.0
2024-06-13 15:45:00-04:00,15.390000343322754,15.40999984741211,15.390000343322754,15.40999984741211,10521,0.0,0.0
2024-06-13 15:50:00-04:00,15.404999732971191,15.430000305175781,15.404999732971191,15.430000305175781,7580,0.0,0.0
2024-06-13 15:55:00-04:00,15.425000190734863,15.425000190734863,15.40999984741211,15.420000076293945,34101,0.0,0.0
2024-06-14 09:30:00-04:00,15.220000267028809,15.3100004196167,15.220000267028809,15.3100004196167,26103,0.0,0.0
2024-06-14 09:35:00-04:00,15.319999694824219,15.369999885559082,15.3100004196167,15.329999923706055,3585,0.0,0.0
2024-06-14 09:40:00-04:00,15.369999885559082,15.390000343322754,15.270000457763672,15.270000457763672,7690,0.0,0.0
2024-06-14 09:45:00-04:00,15.274999618530273,15.350000381469727,15.25,15.345000267028809,21689,0.0,0.0
2024-06-14 09:50:00-04:00,15.350000381469727,15.380000114440918,15.339599609375,15.369999885559082,5177,0.0,0.0
2024-06-14 09:55:00-04:00,15.378000259399414,15.399999618530273,15.359999656677246,15.395000457763672,5340,0.0,0.0
2024-06-14 10:00:00-04:00,15.390000343322754,15.399999618530273,15.379899978637695,15.379899978637695,8493,0.0,0.0
2024-06-14 10:05:00-04:00,15.369999885559082,15.449999809265137,15.350000381469727,15.399999618530273,30734,0.0,0.0
2024-06-14 10:10:00-04:00,15.390000343322754,15.414999961853027,15.350000381469727,15.350000381469727,7528,0.0,0.0
2024-06-14 10:15:00-04:00,15.359999656677246,15.404999732971191,15.359999656677246,15.385000228881836,15231,0.0,0.0
2024-06-14 10:20:00-04:00,15.390000343322754,15.449999809265137,15.390000343322754,15.449999809265137,5812,0.0,0.0
2024-06-14 10:25:00-04:00,15.470000267028809,15.489999771118164,15.470000267028809,15.484999656677246,8615,0.0,0.0
2024-06-14 10:30:00-04:00,15.489999771118164,15.539999961853027,15.489999771118164,15.529999732971191,12834,0.0,0.0
2024-06-14 10:35:00-04:00,15.529999732971191,15.53499984741211,15.449999809265137,15.454999923706055,19144,0.0,0.0
2024-06-14 10:40:00-04:00,15.449999809265137,15.454999923706055,15.40999984741211,15.449999809265137,5313,0.0,0.0
2024-06-14 10:45:00-04:00,15.444999694824219,15.444999694824219,15.350000381469727,15.350000381469727,3681,0.0,0.0
2024-06-14 10:50:00-04:00,15.350000381469727,15.369999885559082,15.279999732971191,15.279999732971191,22025,0.0,0.0
2024-06-14 10:55:00-04:00,15.280099868774414,15.300000190734863,15.25,15.279999732971191,15243,0.0,0.0
2024-06-14 11:00:00-04:00,15.274999618530273,15.34000015258789,15.270000457763672,15.34000015258789,7737,0.0,0.0
2024-06-14 11:05:00-04:00,15.329999923706055,15.34000015258789,15.289999961853027,15.300000190734863,10285,0.0,0.0
2024-06-14 11:10:00-04:00,15.289999961853027,15.329999923706055,15.279999732971191,15.305000305175781,19544,0.0,0.0
2024-06-14 11:15:00-04:00,15.306599617004395,15.306599617004395,15.28499984741211,15.300000190734863,5450,0.0,0.0
2024-06-14 11:20:00-04:00,15.305000305175781,15.319999694824219,15.300000190734863,15.3100004196167,5309,0.0,0.0
2024-06-14 11:25:00-04:00,15.300299644470215,15.300299644470215,15.28499984741211,15.28499984741211,5147,0.0,0.0
2024-06-14 11:30:00-04:00,15.28499984741211,15.28499984741211,15.270000457763672,15.270000457763672,4535,0.0,0.0
2024-06-14 11:35:00-04:00,15.244999885559082,15.244999885559082,15.220000267028809,15.220000267028809,4022,0.0,0.0
2024-06-14 11:40:00-04:00,15.229700088500977,15.229700088500977,15.210000038146973,15.210000038146973,5641,0.0,0.0
2024-06-14 11:45:00-04:00,15.210100173950195,15.210100173950195,15.170000076293945,15.175000190734863,21922,0.0,0.0
2024-06-14 11:50:00-04:00,15.175000190734863,15.1850004196167,15.175000190734863,15.1850004196167,1507,0.0,0.0
2024-06-14 11:55:00-04:00,15.1899995803833,15.204999923706055,15.1899995803833,15.199999809265137,3475,0.0,0.0
2024-06-14 12:00:00-04:00,15.1899995803833,15.1899995803833,15.140000343322754,15.140000343322754,8282,0.0,0.0
2024-06-14 12:05:00-04:00,15.145000457763672,15.175000190734863,15.145000457763672,15.175000190734863,4009,0.0,0.0
2024-06-14 12:10:00-04:00,15.175000190734863,15.1850004196167,15.175000190734863,15.175000190734863,2350,0.0,0.0
2024-06-14 12:15:00-04:00,15.179900169372559,15.179900169372559,15.145000457763672,15.145000457763672,3821,0.0,0.0
2024-06-14 12:20:00-04:00,15.145000457763672,15.145000457763672,15.140000343322754,15.145000457763672,1135,0.0,0.0
2024-06-14 12:25:00-04:00,15.145000457763672,15.145000457763672,15.085000038146973,15.09000015258789,6396,0.0,0.0
2024-06-14 12:30:00-04:00,15.09000015258789,15.09000015258789,15.020000457763672,15.020000457763672,24236,0.0,0.0
2024-06-14 12:35:00-04:00,15.024999618530273,15.039999961853027,15.024999618530273,15.03499984741211,4653,0.0,0.0
2024-06-14 12:40:00-04:00,15.03499984741211,15.09000015258789,15.03499984741211,15.074999809265137,8651,0.0,0.0
2024-06-14 12:45:00-04:00,15.09000015258789,15.104999542236328,15.079999923706055,15.085000038146973,4404,0.0,0.0
2024-06-14 12:50:00-04:00,15.09000015258789,15.09000015258789,15.069999694824219,15.069999694824219,4872,0.0,0.0
2024-06-14 12:55:00-04:00,15.0600004196167,15.069999694824219,15.0600004196167,15.069999694824219,3478,0.0,0.0
2024-06-14 13:00:00-04:00,15.069999694824219,15.095000267028809,15.069999694824219,15.079999923706055,2825,0.0,0.0
2024-06-14 13:05:00-04:00,15.09000015258789,15.119999885559082,15.09000015258789,15.119999885559082,5301,0.0,0.0
2024-06-14 13:10:00-04:00,15.125,15.130000114440918,15.114999771118164,15.125,3491,0.0,0.0
2024-06-14 13:15:00-04:00,15.130000114440918,15.140000343322754,15.130000114440918,15.140000343322754,3736,0.0,0.0
2024-06-14 13:20:00-04:00,15.135000228881836,15.135000228881836,15.114999771118164,15.114999771118164,3658,0.0,0.0
2024-06-14 13:25:00-04:00,15.109999656677246,15.109999656677246,15.104999542236328,15.104999542236328,1270,0.0,0.0
2024-06-14 13:30:00-04:00,15.100000381469727,15.104999542236328,15.079999923706055,15.09000015258789,4839,0.0,0.0
2024-06-14 13:35:00-04:00,15.095000267028809,15.104999542236328,15.09000015258789,15.100000381469727,11163,0.0,0.0
2024-06-14 13:40:00-04:00,15.100000381469727,15.100000381469727,15.0600004196167,15.0600004196167,2648,0.0,0.0
2024-06-14 13:45:00-04:00,15.0649995803833,15.0649995803833,15.050000190734863,15.050000190734863,3470,0.0,0.0
2024-06-14 13:50:00-04:00,15.045000076293945,15.045000076293945,15.029999732971191,15.039999961853027,4363,0.0,0.0
2024-06-14 13:55:00-04:00,15.039999961853027,15.045000076293945,15.039999961853027,15.039999961853027,2515,0.0,0.0
2024-06-14 14:00:00-04:00,15.045000076293945,15.0802001953125,15.039999961853027,15.074999809265137,13553,0.0,0.0
2024-06-14 14:05:00-04:00,15.074999809265137,15.079999923706055,15.050000190734863,15.050000190734863,3316,0.0,0.0
2024-06-14 14:10:00-04:00,15.043299674987793,15.0649995803833,15.043299674987793,15.055000305175781,2978,0.0,0.0
2024-06-14 14:15:00-04:00,15.050000190734863,15.055000305175781,15.045000076293945,15.055000305175781,3013,0.0,0.0
2024-06-14 14:20:00-04:00,15.055000305175781,15.085000038146973,15.055000305175781,15.085000038146973,3656,0.0,0.0
2024-06-14 14:25:00-04:00,15.09000015258789,15.104999542236328,15.09000015258789,15.09000015258789,5644,0.0,0.0
2024-06-14 14:30:00-04:00,15.09000015258789,15.09000015258789,15.069999694824219,15.079999923706055,3576,0.0,0.0
2024-06-14 14:35:00-04:00,15.085000038146973,15.095000267028809,15.079999923706055,15.095000267028809,3617,0.0,0.0
2024-06-14 14:40:00-04:00,15.09000015258789,15.100000381469727,15.09000015258789,15.095000267028809,2665,0.0,0.0
2024-06-14 14:45:00-04:00,15.100000381469727,15.104999542236328,15.100000381469727,15.100000381469727,2559,0.0,0.0
2024-06-14 14:50:00-04:00,15.100000381469727,15.100000381469727,15.069999694824219,15.069999694824219,9894,0.0,0.0
2024-06-14 14:55:00-04:00,15.0649995803833,15.0649995803833,15.050000190734863,15.0600004196167,5391,0.0,0.0
2024-06-14 15:00:00-04:00,15.0649995803833,15.0649995803833,15.039999961853027,15.039999961853027,5472,0.0,0.0
2024-06-14 15:05:00-04:00,15.043000221252441,15.04990005493164,14.970000267028809,14.979999542236328,19468,0.0,0.0
2024-06-14 15:10:00-04:00,14.979999542236328,14.979999542236328,14.859999656677246,14.864999771118164,40568,0.0,0.0
2024-06-14 15:15:00-04:00,14.864999771118164,14.90999984741211,14.864999771118164,14.895000457763672,8597,0.0,0.0
2024-06-14 15:20:00-04:00,14.90999984741211,14.930000305175781,14.90999984741211,14.925000190734863,4249,0.0,0.0
2024-06-14 15:25:00-04:00,14.930000305175781,14.9399995803833,14.914999961853027,14.925000190734863,9352,0.0,0.0
2024-06-14 15:30:00-04:00,14.920000076293945,14.930000305175781,14.90999984741211,14.914999961853027,9090,0.0,0.0
2024-06-14 15:35:00-04:00,14.914999961853027,14.944999694824219,14.899999618530273,14.9350004196167,14603,0.0,0.0
2024-06-14 15:40:00-04:00,14.9350004196167,14.936599731445312,14.920000076293945,14.930000305175781,11152,0.0,0.0
2024-06-14 15:45:00-04:00,14.9399995803833,14.979999542236328,14.9399995803833,14.979999542236328,14401,0.0,0.0
2024-06-14 15:50:00-04:00,14.979999542236328,14.979999542236328,14.960000038146973,14.96500015258789,18639,0.0,0.0
2024-06-14 15:55:00-04:00,14.96500015258789,15.0,14.944999694824219,15.0,76856,0.0,0.0
2024-06-17 09:30:00-04:00,15.0,15.0600004196167,15.0,15.055000305175781,11386,0.0,0.0
2024-06-17 09:35:00-04:00,15.020000457763672,15.020000457763672,14.890000343322754,14.890000343322754,10516,0.0,0.0
2024-06-17 09:40:00-04:00,14.869999885559082,14.949999809265137,14.869999885559082,14.90999984741211,6619,0.0,0.0
2024-06-17 09:45:00-04:00,14.90999984741211,14.90999984741211,14.874199867248535,14.874199867248535,3321,0.0,0.0
2024-06-17 09:50:00-04:00,14.854999542236328,14.869999885559082,14.854700088500977,14.864999771118164,2335,0.0,0.0
2024-06-17 09:55:00-04:00,14.880000114440918,14.930100440979004,14.854999542236328,14.854999542236328,4099,0.0,0.0
2024-06-17 10:00:00-04:00,14.850000381469727,14.859999656677246,14.800000190734863,14.819999694824219,14720,0.0,0.0
2024-06-17 10:05:00-04:00,14.819999694824219,14.831000328063965,14.819999694824219,14.831000328063965,1172,0.0,0.0
2024-06-17 10:10:00-04:00,14.835000038146973,14.864999771118164,14.835000038146973,14.859999656677246,2609,0.0,0.0
2024-06-17 10:15:00-04:00,14.850000381469727,14.869999885559082,14.824999809265137,14.850000381469727,5214,0.0,0.0
2024-06-17 10:20:00-04:00,14.850000381469727,14.850000381469727,14.805000305175781,14.805000305175781,1660,0.0,0.0
2024-06-17 10:25:00-04:00,14.800700187683105,14.819999694824219,14.800700187683105,14.8100004196167,3001,0.0,0.0
2024-06-17 10:30:00-04:00,14.805000305175781,14.805000305175781,14.760000228881836,14.765000343322754,15637,0.0,0.0
2024-06-17 10:35:00-04:00,14.751999855041504,14.751999855041504,14.720000267028809,14.739999771118164,7077,0.0,0.0
2024-06-17 10:40:00-04:00,14.744999885559082,14.774999618530273,14.739999771118164,14.770000457763672,12251,0.0,0.0
2024-06-17 10:45:00-04:00,14.770000457763672,14.920000076293945,14.770000457763672,14.920000076293945,9896,0.0,0.0
2024-06-17 10:50:00-04:00,14.920000076293945,14.960000038146973,14.920000076293945,14.954999923706055,3392,0.0,0.0
2024-06-17 10:55:00-04:00,14.954999923706055,14.989999771118164,14.954999923706055,14.989999771118164,2587,0.0,0.0
2024-06-17 11:00:00-04:00,14.989999771118164,15.0,14.970000267028809,14.970000267028809,19107,0.0,0.0
2024-06-17 11:05:00-04:00,14.970000267028809,14.979999542236328,14.949999809265137,14.970000267028809,12431,0.0,0.0
2024-06-17 11:10:00-04:00,14.969400405883789,14.970000267028809,14.960000038146973,14.970000267028809,1194,0.0,0.0
2024-06-17 11:15:00-04:00,14.970000267028809,15.0,14.970000267028809,14.979999542236328,11760,0.0,0.0
2024-06-17 11:20:00-04:00,14.989999771118164,14.999899864196777,14.989700317382812,14.989700317382812,1910,0.0,0.0
2024-06-17 11:25:00-04:00,14.994999885559082,14.994999885559082,14.989999771118164,14.989999771118164,2886,0.0,0.0
2024-06-17 11:30:00-04:00,14.989999771118164,14.999899864196777,14.960000038146973,14.979999542236328,3663,0.0,0.0
2024-06-17 11:35:00-04:00,14.975000381469727,14.975000381469727,14.954999923706055,14.970000267028809,5269,0.0,0.0
2024-06-17 11:40:00-04:00,14.960000038146973,14.960000038146973,14.920000076293945,14.930000305175781,2846,0.0,0.0
2024-06-17 11:45:00-04:00,14.9399995803833,14.959699630737305,14.9399995803833,14.959699630737305,1529,0.0,0.0
2024-06-17 11:50:00-04:00,14.960000038146973,14.979999542236328,14.960000038146973,14.979999542236328,2125,0.0,0.0
2024-06-17 11:55:00-04:00,14.975000381469727,14.989999771118164,14.975000381469727,14.979999542236328,1946,0.0,0.0
2024-06-17 12:00:00-04:00,14.970000267028809,14.989700317382812,14.970000267028809,14.984999656677246,3614,0.0,0.0
2024-06-17 12:05:00-04:00,14.984999656677246,14.984999656677246,14.96500015258789,14.96500015258789,4189,0.0,0.0
2024-06-17 12:10:00-04:00,14.96500015258789,14.984999656677246,14.96500015258789,14.984999656677246,2053,0.0,0.0
2024-06-17 12:15:00-04:00,14.984999656677246,14.984999656677246,14.975000381469727,14.979999542236328,1218,0.0,0.0
2024-06-17 12:20:00-04:00,14.979999542236328,14.994999885559082,14.979999542236328,14.989999771118164,3313,0.0,0.0
2024-06-17 12:25:00-04:00,14.994999885559082,15.005000114440918,14.975000381469727,14.989999771118164,31049,0.0,0.0
2024-06-17 12:30:00-04:00,14.989999771118164,15.0,14.989999771118164,14.994999885559082,2370,0.0,0.0
2024-06-17 12:35:00-04:00,14.994999885559082,14.994999885559082,14.994999885559082,14.994999885559082,3282,0.0,0.0
2024-06-17 12:40:00-04:00,14.994999885559082,15.0,14.99470043182373,14.99470043182373,4237,0.0,0.0
2024-06-17 12:45:00-04:00,15.0,15.0,14.994999885559082,14.994999885559082,2735,0.0,0.0
2024-06-17 12:50:00-04:00,14.994999885559082,15.0,14.990099906921387,14.990099906921387,2061,0.0,0.0
2024-06-17 12:55:00-04:00,14.994999885559082,15.0,14.989999771118164,14.994999885559082,5103,0.0,0.0
2024-06-17 13:00:00-04:00,14.994999885559082,15.0,14.989999771118164,14.994999885559082,4379,0.0,0.0
2024-06-17 13:05:00-04:00,15.0,15.0,14.98900032043457,14.99899959564209,6507,0.0,0.0
2024-06-17 13:10:00-04:00,15.0,15.0600004196167,15.0,15.015000343322754,47532,0.0,0.0
2024-06-17 13:15:00-04:00,15.015000343322754,15.074999809265137,15.015000343322754,15.074999809265137,4215,0.0,0.0
2024-06-17 13:20:00-04:00,15.079999923706055,15.09000015258789,15.079999923706055,15.079999923706055,3047,0.0,0.0
2024-06-17 13:25:00-04:00,15.074999809265137,15.074999809265137,15.055000305175781,15.0600004196167,3481,0.0,0.0
2024-06-17 13:30:00-04:00,15.0600004196167,15.085000038146973,15.045000076293945,15.074999809265137,13827,0.0,0.0
2024-06-17 13:35:00-04:00,15.069999694824219,15.069999694824219,15.0600004196167,15.0649995803833,2237,0.0,0.0
2024-06-17 13:40:00-04:00,15.069999694824219,15.079000473022461,15.069999694824219,15.074999809265137,1123,0.0,0.0
2024-06-17 13:45:00-04:00,15.07979965209961,15.098999977111816,15.07979965209961,15.098999977111816,3085,0.0,0.0
2024-06-17 13:50:00-04:00,15.095000267028809,15.130000114440918,15.095000267028809,15.130000114440918,9944,0.0,0.0
2024-06-17 13:55:00-04:00,15.125,15.140000343322754,15.119999885559082,15.119999885559082,6108,0.0,0.0
2024-06-17 14:00:00-04:00,15.114999771118164,15.128999710083008,15.114999771118164,15.128999710083008,1903,0.0,0.0
2024-06-17 14:05:00-04:00,15.130000114440918,15.180000305175781,15.130000114440918,15.180000305175781,7984,0.0,0.0
2024-06-17 14:10:00-04:00,15.180000305175781,15.218999862670898,15.180000305175781,15.199999809265137,7755,0.0,0.0
2024-06-17 14:15:00-04:00,15.194999694824219,15.208999633789062,15.1899995803833,15.194999694824219,3494,0.0,0.0
2024-06-17 14:20:00-04:00,15.180000305175781,15.1850004196167,15.164999961853027,15.1850004196167,3580,0.0,0.0
2024-06-17 14:25:00-04:00,15.180000305175781,15.1899995803833,15.15999984741211,15.1850004196167,2631,0.0,0.0
2024-06-17 14:30:00-04:00,15.170000076293945,15.180000305175781,15.170000076293945,15.180000305175781,2858,0.0,0.0
2024-06-17 14:35:00-04:00,15.170000076293945,15.175000190734863,15.140000343322754,15.140000343322754,10696,0.0,0.0
2024-06-17 14:40:00-04:00,15.145000457763672,15.1899995803833,15.145000457763672,15.1899995803833,3899,0.0,0.0
2024-06-17 14:45:00-04:00,15.180100440979004,15.1899995803833,15.170000076293945,15.170000076293945,3610,0.0,0.0
2024-06-17 14:50:00-04:00,15.180000305175781,15.1899995803833,15.180000305175781,15.1899995803833,1074,0.0,0.0
2024-06-17 14:55:00-04:00,15.194999694824219,15.194999694824219,15.175000190734863,15.175000190734863,4765,0.0,0.0
2024-06-17 15:00:00-04:00,15.170299530029297,15.1899995803833,15.170000076293945,15.1899995803833,4187,0.0,0.0
2024-06-17 15:05:00-04:00,15.180000305175781,15.1850004196167,15.175000190734863,15.175000190734863,2105,0.0,0.0
2024-06-17 15:10:00-04:00,15.175000190734863,15.180000305175781,15.145000457763672,15.145000457763672,6751,0.0,0.0
2024-06-17 15:15:00-04:00,15.145000457763672,15.145000457763672,15.114999771118164,15.114999771118164,2398,0.0,0.0
2024-06-17 15:20:00-04:00,15.109999656677246,15.15999984741211,15.109999656677246,15.150099754333496,7146,0.0,0.0
2024-06-17 15:25:00-04:00,15.149999618530273,15.180000305175781,15.130000114440918,15.180000305175781,4665,0.0,0.0
2024-06-17 15:30:00-04:00,15.1850004196167,15.189000129699707,15.15999984741211,15.15999984741211,11962,0.0,0.0
2024-06-17 15:35:00-04:00,15.15999984741211,15.15999984741211,15.140000343322754,15.149999618530273,4537,0.0,0.0
2024-06-17 15:40:00-04:00,15.154999732971191,15.1899995803833,15.154999732971191,15.180000305175781,5282,0.0,0.0
2024-06-17 15:45:00-04:00,15.180000305175781,15.180000305175781,15.154999732971191,15.154999732971191,6157,0.0,0.0
2024-06-17 15:50:00-04:00,15.149999618530273,15.16569995880127,15.140000343322754,15.164999961853027,9236,0.0,0.0
2024-06-17 15:55:00-04:00,15.15999984741211,15.180000305175781,15.145000457763672,15.175000190734863,18015,0.0,0.0
2024-06-18 09:30:00-04:00,15.199999809265137,15.229999542236328,15.154999732971191,15.1899995803833,12697,0.0,0.0
2024-06-18 09:35:00-04:00,15.1899995803833,15.300000190734863,15.1899995803833,15.26099967956543,10938,0.0,0.0
2024-06-18 09:40:00-04:00,15.255000114440918,15.29990005493164,15.255000114440918,15.29990005493164,4888,0.0,0.0
2024-06-18 09:45:00-04:00,15.279999732971191,15.279999732971191,15.271699905395508,15.27929973602295,2465,0.0,0.0
2024-06-18 09:50:00-04:00,15.25,15.274999618530273,15.244999885559082,15.274999618530273,2116,0.0,0.0
2024-06-18 09:55:00-04:00,15.274999618530273,15.274999618530273,15.25,15.25,2102,0.0,0.0
2024-06-18 10:00:00-04:00,15.270000457763672,15.295000076293945,15.240099906921387,15.240099906921387,7379,0.0,0.0
2024-06-18 10:05:00-04:00,15.23550033569336,15.23550033569336,15.21500015258789,15.229999542236328,4587,0.0,0.0
2024-06-18 10:10:00-04:00,15.229999542236328,15.234999656677246,15.220000267028809,15.229999542236328,3802,0.0,0.0
2024-06-18 10:15:00-04:00,15.229999542236328,15.265299797058105,15.229999542236328,15.265299797058105,2793,0.0,0.0
2024-06-18 10:20:00-04:00,15.260000228881836,15.265000343322754,15.255000114440918,15.265000343322754,1654,0.0,0.0
2024-06-18 10:25:00-04:00,15.270000457763672,15.300000190734863,15.269000053405762,15.300000190734863,7342,0.0,0.0
2024-06-18 10:30:00-04:00,15.300000190734863,15.300000190734863,15.270000457763672,15.270000457763672,9855,0.0,0.0
2024-06-18 10:35:00-04:00,15.269399642944336,15.279999732971191,15.269399642944336,15.270000457763672,5425,0.0,0.0
2024-06-18 10:40:00-04:00,15.260000228881836,15.265000343322754,15.260000228881836,15.265000343322754,1797,0.0,0.0
2024-06-18 10:45:00-04:00,15.260000228881836,15.260000228881836,15.220000267028809,15.220000267028809,1250,0.0,0.0
2024-06-18 10:50:00-04:00,15.209699630737305,15.209699630737305,15.199999809265137,15.199999809265137,1136,0.0,0.0
2024-06-18 10:55:00-04:00,15.199999809265137,15.199999809265137,15.190099716186523,15.199999809265137,1654,0.0,0.0
2024-06-18 11:00:00-04:00,15.210000038146973,15.220000267028809,15.210000038146973,15.210000038146973,2534,0.0,0.0
2024-06-18 11:05:00-04:00,15.204999923706055,15.239999771118164,15.204999923706055,15.239999771118164,1979,0.0,0.0
2024-06-18 11:10:00-04:00,15.239999771118164,15.253399848937988,15.239999771118164,15.244999885559082,1668,0.0,0.0
2024-06-18 11:15:00-04:00,15.255000114440918,15.255000114440918,15.255000114440918,15.255000114440918,393,0.0,0.0
2024-06-18 11:20:00-04:00,15.255000114440918,15.259400367736816,15.255000114440918,15.255000114440918,1683,0.0,0.0
2024-06-18 11:25:00-04:00,15.255000114440918,15.255000114440918,15.244999885559082,15.244999885559082,1959,0.0,0.0
2024-06-18 11:30:00-04:00,15.25,15.25,15.239999771118164,15.244999885559082,1097,0.0,0.0
2024-06-18 11:35:00-04:00,15.244999885559082,15.260000228881836,15.244999885559082,15.255000114440918,3233,0.0,0.0
2024-06-18 11:40:00-04:00,15.254899978637695,15.255000114440918,15.25,15.255000114440918,2274,0.0,0.0
2024-06-18 11:45:00-04:00,15.25,15.300000190734863,15.25,15.300000190734863,7188,0.0,0.0
2024-06-18 11:50:00-04:00,15.28499984741211,15.289999961853027,15.270000457763672,15.289999961853027,2564,0.0,0.0
2024-06-18 11:55:00-04:00,15.289899826049805,15.295000076293945,15.28950023651123,15.289999961853027,1670,0.0,0.0
2024-06-18 12:00:00-04:00,15.295499801635742,15.300000190734863,15.289999961853027,15.300000190734863,3273,0.0,0.0
2024-06-18 12:05:00-04:00,15.295000076293945,15.295000076293945,15.289999961853027,15.289999961853027,1646,0.0,0.0
2024-06-18 12:10:00-04:00,15.28499984741211,15.289999961853027,15.279999732971191,15.279999732971191,2143,0.0,0.0
2024-06-18 12:15:00-04:00,15.289999961853027,15.289999961853027,15.289999961853027,15.289999961853027,697,0.0,0.0
2024-06-18 12:20:00-04:00,15.295000076293945,15.300000190734863,15.295000076293945,15.300000190734863,1364,0.0,0.0
2024-06-18 12:25:00-04:00,15.29990005493164,15.300000190734863,15.29990005493164,15.300000190734863,1224,0.0,0.0
2024-06-18 12:30:00-04:00,15.290200233459473,15.3100004196167,15.29010009765625,15.3100004196167,15575,0.0,0.0
2024-06-18 12:35:00-04:00,15.300000190734863,15.300000190734863,15.289999961853027,15.295000076293945,3469,0.0,0.0
2024-06-18 12:40:00-04:00,15.288900375366211,15.3100004196167,15.288900375366211,15.300000190734863,3317,0.0,0.0
2024-06-18 12:45:00-04:00,15.300000190734863,15.339099884033203,15.300000190734863,15.3149995803833,4066,0.0,0.0
2024-06-18 12:50:00-04:00,15.3149995803833,15.3149995803833,15.3100004196167,15.3100004196167,1427,0.0,0.0
2024-06-18 12:55:00-04:00,15.305000305175781,15.3149995803833,15.305000305175781,15.3149995803833,1542,0.0,0.0
2024-06-18 13:00:00-04:00,15.309000015258789,15.3100004196167,15.305000305175781,15.309399604797363,1525,0.0,0.0
2024-06-18 13:05:00-04:00,15.305000305175781,15.305000305175781,15.28499984741211,15.28499984741211,1912,0.0,0.0
2024-06-18 13:10:00-04:00,15.28499984741211,15.29990005493164,15.28499984741211,15.29990005493164,1686,0.0,0.0
2024-06-18 13:15:00-04:00,15.289999961853027,15.3100004196167,15.289999961853027,15.300000190734863,3394,0.0,0.0
2024-06-18 13:20:00-04:00,15.279999732971191,15.319999694824219,15.279999732971191,15.319999694824219,12929,0.0,0.0
2024-06-18 13:25:00-04:00,15.3149995803833,15.3149995803833,15.300000190734863,15.305000305175781,3584,0.0,0.0
2024-06-18 13:30:00-04:00,15.295000076293945,15.300000190734863,15.295000076293945,15.300000190734863,2782,0.0,0.0
2024-06-18 13:35:00-04:00,15.3100004196167,15.350000381469727,15.3100004196167,15.345000267028809,3966,0.0,0.0
2024-06-18 13:40:00-04:00,15.34000015258789,15.345000267028809,15.34000015258789,15.345000267028809,595,0.0,0.0
2024-06-18 13:45:00-04:00,15.350000381469727,15.352499961853027,15.350000381469727,15.350000381469727,1439,0.0,0.0
2024-06-18 13:50:00-04:00,15.369999885559082,15.369999885559082,15.350000381469727,15.359999656677246,3744,0.0,0.0
2024-06-18 13:55:00-04:00,15.359999656677246,15.365400314331055,15.350000381469727,15.350000381469727,2762,0.0,0.0
2024-06-18 14:00:00-04:00,15.350000381469727,15.350000381469727,15.319999694824219,15.319999694824219,6815,0.0,0.0
2024-06-18 14:05:00-04:00,15.329999923706055,15.359999656677246,15.329999923706055,15.359999656677246,4506,0.0,0.0
2024-06-18 14:10:00-04:00,15.359999656677246,15.364999771118164,15.359999656677246,15.364999771118164,596,0.0,0.0
2024-06-18 14:15:00-04:00,15.364999771118164,15.364999771118164,15.364999771118164,15.364999771118164,1383,0.0,0.0
2024-06-18 14:20:00-04:00,15.364999771118164,15.369999885559082,15.359999656677246,15.369999885559082,3340,0.0,0.0
2024-06-18 14:25:00-04:00,15.372699737548828,15.372699737548828,15.372699737548828,15.372699737548828,1158,0.0,0.0
2024-06-18 14:30:00-04:00,15.375,15.385000228881836,15.375,15.375,4811,0.0,0.0
2024-06-18 14:35:00-04:00,15.390000343322754,15.430000305175781,15.390000343322754,15.398599624633789,12637,0.0,0.0
2024-06-18 14:40:00-04:00,15.395000457763672,15.430000305175781,15.395000457763672,15.414999961853027,6911,0.0,0.0
2024-06-18 14:45:00-04:00,15.420000076293945,15.470000267028809,15.420000076293945,15.449999809265137,13318,0.0,0.0
2024-06-18 14:50:00-04:00,15.4399995803833,15.460000038146973,15.430000305175781,15.449999809265137,6687,0.0,0.0
2024-06-18 14:55:00-04:00,15.4399995803833,15.460000038146973,15.4399995803833,15.449999809265137,5340,0.0,0.0
2024-06-18 15:00:00-04:00,15.454999923706055,15.454999923706055,15.449999809265137,15.449999809265137,2033,0.0,0.0
2024-06-18 15:05:00-04:00,15.454999923706055,15.460000038146973,15.454999923706055,15.460000038146973,1025,0.0,0.0
2024-06-18 15:10:00-04:00,15.460000038146973,15.470000267028809,15.458900451660156,15.468999862670898,2024,0.0,0.0
2024-06-18 15:15:00-04:00,15.470000267028809,15.479999542236328,15.446900367736816,15.45419979095459,9197,0.0,0.0
2024-06-18 15:20:00-04:00,15.460000038146973,15.460000038146973,15.454999923706055,15.460000038146973,1067,0.0,0.0
2024-06-18 15:25:00-04:00,15.460000038146973,15.479000091552734,15.449999809265137,15.453100204467773,10848,0.0,0.0
2024-06-18 15:30:00-04:00,15.460000038146973,15.470000267028809,15.4350004196167,15.470000267028809,7768,0.0,0.0
2024-06-18 15:35:00-04:00,15.468700408935547,15.468700408935547,15.46500015258789,15.46500015258789,473,0.0,0.0
2024-06-18 15:40:00-04:00,15.470000267028809,15.475000381469727,15.449999809265137,15.454999923706055,15130,0.0,0.0
2024-06-18 15:45:00-04:00,15.444999694824219,15.454999923706055,15.430000305175781,15.4350004196167,10612,0.0,0.0
2024-06-18 15:50:00-04:00,15.4350004196167,15.449999809265137,15.425000190734863,15.4399995803833,14255,0.0,0.0
2024-06-18 15:55:00-04:00,15.444999694824219,15.479999542236328,15.430000305175781,15.479999542236328,52881,0.0,0.0
2024-06-20 09:30:00-04:00,15.489999771118164,15.609000205993652,15.489999771118164,15.609000205993652,19338,0.0,0.0
2024-06-20 09:35:00-04:00,15.609999656677246,15.704999923706055,15.609999656677246,15.694999694824219,12251,0.0,0.0
2024-06-20 09:40:00-04:00,15.694999694824219,15.829999923706055,15.694999694824219,15.770000457763672,13394,0.0,0.0
2024-06-20 09:45:00-04:00,15.760000228881836,15.789999961853027,15.760000228881836,15.767999649047852,3122,0.0,0.0
2024-06-20 09:50:00-04:00,15.76099967956543,15.819999694824219,15.76099967956543,15.819999694824219,3384,0.0,0.0
2024-06-20 09:55:00-04:00,15.789999961853027,15.8100004196167,15.770000457763672,15.779999732971191,5469,0.0,0.0
2024-06-20 10:00:00-04:00,15.779999732971191,15.84000015258789,15.755499839782715,15.770000457763672,11984,0.0,0.0
2024-06-20 10:05:00-04:00,15.770000457763672,15.890000343322754,15.770000457763672,15.890000343322754,30697,0.0,0.0
2024-06-20 10:10:00-04:00,15.904999732971191,15.930000305175781,15.899999618530273,15.930000305175781,9354,0.0,0.0
2024-06-20 10:15:00-04:00,15.9399995803833,15.9399995803833,15.890000343322754,15.890000343322754,6543,0.0,0.0
2024-06-20 10:20:00-04:00,15.885000228881836,15.9399995803833,15.829999923706055,15.930000305175781,10717,0.0,0.0
2024-06-20 10:25:00-04:00,15.920000076293945,15.954999923706055,15.890000343322754,15.954999923706055,19601,0.0,0.0
2024-06-20 10:30:00-04:00,15.954999923706055,15.989999771118164,15.949999809265137,15.970000267028809,13853,0.0,0.0
2024-06-20 10:35:00-04:00,15.95989990234375,15.98900032043457,15.949999809265137,15.970000267028809,2728,0.0,0.0
2024-06-20 10:40:00-04:00,15.9753999710083,16.0,15.949999809265137,15.994999885559082,9791,0.0,0.0
2024-06-20 10:45:00-04:00,15.994999885559082,16.049999237060547,15.989999771118164,16.049999237060547,37099,0.0,0.0
2024-06-20 10:50:00-04:00,16.045000076293945,16.075000762939453,16.03499984741211,16.065000534057617,10879,0.0,0.0
2024-06-20 10:55:00-04:00,16.079999923706055,16.149999618530273,16.06999969482422,16.149999618530273,15476,0.0,0.0
2024-06-20 11:00:00-04:00,16.149900436401367,16.19499969482422,16.145000457763672,16.145000457763672,10476,0.0,0.0
2024-06-20 11:05:00-04:00,16.149999618530273,16.1560001373291,16.1299991607666,16.149999618530273,4974,0.0,0.0
2024-06-20 11:10:00-04:00,16.149999618530273,16.18000030517578,16.139999389648438,16.170000076293945,16256,0.0,0.0
2024-06-20 11:15:00-04:00,16.18000030517578,16.184999465942383,16.1299991607666,16.144100189208984,7762,0.0,0.0
2024-06-20 11:20:00-04:00,16.135000228881836,16.170000076293945,16.1200008392334,16.170000076293945,6500,0.0,0.0
2024-06-20 11:25:00-04:00,16.167200088500977,16.219999313354492,16.167200088500977,16.21500015258789,12151,0.0,0.0
2024-06-20 11:30:00-04:00,16.200000762939453,16.2450008392334,16.19580078125,16.225000381469727,11405,0.0,0.0
2024-06-20 11:35:00-04:00,16.229999542236328,16.274999618530273,16.229999542236328,16.264999389648438,17712,0.0,0.0
2024-06-20 11:40:00-04:00,16.270000457763672,16.290000915527344,16.270000457763672,16.280000686645508,4259,0.0,0.0
2024-06-20 11:45:00-04:00,16.290000915527344,16.315000534057617,16.280000686645508,16.309999465942383,15586,0.0,0.0
2024-06-20 11:50:00-04:00,16.309999465942383,16.319000244140625,16.280000686645508,16.280000686645508,21159,0.0,0.0
2024-06-20 11:55:00-04:00,16.280000686645508,16.33099937438965,16.274999618530273,16.30500030517578,7507,0.0,0.0
2024-06-20 12:00:00-04:00,16.299999237060547,16.325000762939453,16.299999237060547,16.322399139404297,9533,0.0,0.0
2024-06-20 12:05:00-04:00,16.31999969482422,16.325000762939453,16.28499984741211,16.325000762939453,12200,0.0,0.0
2024-06-20 12:10:00-04:00,16.325000762939453,16.375,16.31999969482422,16.368999481201172,15878,0.0,0.0
2024-06-20 12:15:00-04:00,16.364999771118164,16.399999618530273,16.364999771118164,16.399999618530273,11035,0.0,0.0
2024-06-20 12:20:00-04:00,16.395000457763672,16.40999984741211,16.360000610351562,16.360000610351562,13967,0.0,0.0
2024-06-20 12:25:00-04:00,16.360000610351562,16.385400772094727,16.31999969482422,16.34000015258789,13146,0.0,0.0
2024-06-20 12:30:00-04:00,16.344999313354492,16.344999313354492,16.280000686645508,16.298999786376953,9276,0.0,0.0
2024-06-20 12:35:00-04:00,16.299999237060547,16.30500030517578,16.219999313354492,16.261199951171875,16828,0.0,0.0
2024-06-20 12:40:00-04:00,16.260000228881836,16.260000228881836,16.229999542236328,16.239999771118164,3537,0.0,0.0
2024-06-20 12:45:00-04:00,16.235000610351562,16.295000076293945,16.190000534057617,16.295000076293945,66037,0.0,0.0
2024-06-20 12:50:00-04:00,16.299999237060547,16.339000701904297,16.295000076293945,16.339000701904297,7818,0.0,0.0
2024-06-20 12:55:00-04:00,16.329999923706055,16.334999084472656,16.280000686645508,16.28499984741211,12001,0.0,0.0
2024-06-20 13:00:00-04:00,16.28499984741211,16.30500030517578,16.28499984741211,16.295000076293945,6275,0.0,0.0
2024-06-20 13:05:00-04:00,16.290000915527344,16.295000076293945,16.264999389648438,16.264999389648438,6269,0.0,0.0
2024-06-20 13:10:00-04:00,16.264999389648438,16.329999923706055,16.260299682617188,16.329999923706055,9356,0.0,0.0
2024-06-20 13:15:00-04:00,16.34000015258789,16.358999252319336,16.280000686645508,16.280000686645508,6006,0.0,0.0
2024-06-20 13:20:00-04:00,16.270000457763672,16.270000457763672,16.2549991607666,16.260000228881836,4364,0.0,0.0
2024-06-20 13:25:00-04:00,16.264999389648438,16.270000457763672,16.225000381469727,16.225000381469727,9784,0.0,0.0
2024-06-20 13:30:00-04:00,16.229999542236328,16.229999542236328,16.18000030517578,16.190000534057617,14103,0.0,0.0
2024-06-20 13:35:00-04:00,16.18000030517578,16.209999084472656,16.18000030517578,16.200000762939453,2840,0.0,0.0
2024-06-20 13:40:00-04:00,16.200000762939453,16.270000457763672,16.200000762939453,16.270000457763672,10115,0.0,0.0
2024-06-20 13:45:00-04:00,16.270000457763672,16.274999618530273,16.219999313354492,16.220699310302734,8773,0.0,0.0
2024-06-20 13:50:00-04:00,16.229999542236328,16.2450008392334,16.219999313354492,16.2450008392334,3118,0.0,0.0
2024-06-20 13:55:00-04:00,16.25,16.299999237060547,16.25,16.299999237060547,3878,0.0,0.0
2024-06-20 14:00:00-04:00,16.290000915527344,16.295000076293945,16.260000228881836,16.270000457763672,13557,0.0,0.0
2024-06-20 14:05:00-04:00,16.264999389648438,16.264999389648438,16.260000228881836,16.260000228881836,2441,0.0,0.0
2024-06-20 14:10:00-04:00,16.260000228881836,16.274999618530273,16.260000228881836,16.274999618530273,4332,0.0,0.0
2024-06-20 14:15:00-04:00,16.274999618530273,16.290000915527344,16.260000228881836,16.263200759887695,5624,0.0,0.0
2024-06-20 14:20:00-04:00,16.260000228881836,16.270000457763672,16.235000610351562,16.270000457763672,8933,0.0,0.0
2024-06-20 14:25:00-04:00,16.280000686645508,16.290000915527344,16.260000228881836,16.270000457763672,8312,0.0,0.0
2024-06-20 14:30:00-04:00,16.274999618530273,16.299999237060547,16.270000457763672,16.274999618530273,4502,0.0,0.0
2024-06-20 14:35:00-04:00,16.270000457763672,16.3700008392334,16.260000228881836,16.34000015258789,65555,0.0,0.0
2024-06-20 14:40:00-04:00,16.334999084472656,16.334999084472656,16.280000686645508,16.28499984741211,6151,0.0,0.0
2024-06-20 14:45:00-04:00,16.280000686645508,16.309999465942383,16.280000686645508,16.309999465942383,7996,0.0,0.0
2024-06-20 14:50:00-04:00,16.309999465942383,16.309999465942383,16.270000457763672,16.274999618530273,9214,0.0,0.0
2024-06-20 14:55:00-04:00,16.280000686645508,16.28499984741211,16.239999771118164,16.239999771118164,4443,0.0,0.0
2024-06-20 15:00:00-04:00,16.25,16.2549991607666,16.219999313354492,16.229999542236328,6204,0.0,0.0
2024-06-20 15:05:00-04:00,16.229999542236328,16.249000549316406,16.219999313354492,16.249000549316406,3378,0.0,0.0
2024-06-20 15:10:00-04:00,16.25,16.270000457763672,16.246299743652344,16.270000457763672,6698,0.0,0.0
2024-06-20 15:15:00-04:00,16.270000457763672,16.270000457763672,16.239999771118164,16.25,14538,0.0,0.0
2024-06-20 15:20:00-04:00,16.260000228881836,16.280000686645508,16.239900588989258,16.264999389648438,6731,0.0,0.0
2024-06-20 15:25:00-04:00,16.270000457763672,16.34000015258789,16.270000457763672,16.325000762939453,9617,0.0,0.0
2024-06-20 15:30:00-04:00,16.325000762939453,16.329999923706055,16.30500030517578,16.329999923706055,12265,0.0,0.0
2024-06-20 15:35:00-04:00,16.339000701904297,16.34000015258789,16.299999237060547,16.30500030517578,15456,0.0,0.0
2024-06-20 15:40:00-04:00,16.290000915527344,16.325000762939453,16.28499984741211,16.31999969482422,12843,0.0,0.0
2024-06-20 15:45:00-04:00,16.315000534057617,16.315000534057617,16.264999389648438,16.270000457763672,11591,0.0,0.0
2024-06-20 15:50:00-04:00,16.270000457763672,16.34000015258789,16.270000457763672,16.31999969482422,33377,0.0,0.0
2024-06-20 15:55:00-04:00,16.31999969482422,16.3700008392334,16.309999465942383,16.360000610351562,67271,0.0,0.0
2024-06-21 09:30:00-04:00,16.389999389648438,16.579999923706055,16.34000015258789,16.535200119018555,134658,0.0,0.0
2024-06-21 09:35:00-04:00,16.5,16.56999969482422,16.459999084472656,16.545000076293945,12130,0.0,0.0
2024-06-21 09:40:00-04:00,16.520000457763672,16.56999969482422,16.520000457763672,16.559999465942383,9460,0.0,0.0
2024-06-21 09:45:00-04:00,16.510000228881836,16.59000015258789,16.460100173950195,16.56999969482422,21755,0.0,0.0
2024-06-21 09:50:00-04:00,16.559999465942383,16.59000015258789,16.530000686645508,16.540000915527344,6513,0.0,0.0
2024-06-21 09:55:00-04:00,16.545000076293945,16.54560089111328,16.459999084472656,16.475000381469727,6942,0.0,0.0
2024-06-21 10:00:00-04:00,16.459999084472656,16.5,16.450000762939453,16.469999313354492,17921,0.0,0.0
2024-06-21 10:05:00-04:00,16.450000762939453,16.545000076293945,16.43000030517578,16.53499984741211,12164,0.0,0.0
2024-06-21 10:10:00-04:00,16.540000915527344,16.604999542236328,16.520000457763672,16.579999923706055,17086,0.0,0.0
2024-06-21 10:15:00-04:00,16.579999923706055,16.670000076293945,16.549999237060547,16.670000076293945,47214,0.0,0.0
2024-06-21 10:20:00-04:00,16.665000915527344,16.7450008392334,16.65999984741211,16.690000534057617,35833,0.0,0.0
2024-06-21 10:25:00-04:00,16.69499969482422,16.735000610351562,16.69499969482422,16.725000381469727,15364,0.0,0.0
2024-06-21 10:30:00-04:00,16.719999313354492,16.725000381469727,16.690000534057617,16.719999313354492,17577,0.0,0.0
2024-06-21 10:35:00-04:00,16.719600677490234,16.719600677490234,16.655000686645508,16.68000030517578,10868,0.0,0.0
2024-06-21 10:40:00-04:00,16.68000030517578,16.799999237060547,16.68000030517578,16.795000076293945,25736,0.0,0.0
2024-06-21 10:45:00-04:00,16.78499984741211,16.849899291992188,16.780000686645508,16.849899291992188,16077,0.0,0.0
2024-06-21 10:50:00-04:00,16.850000381469727,16.864999771118164,16.774999618530273,16.864999771118164,21251,0.0,0.0
2024-06-21 10:55:00-04:00,16.8700008392334,16.8700008392334,16.809999465942383,16.809999465942383,17002,0.0,0.0
2024-06-21 11:00:00-04:00,16.815000534057617,16.84000015258789,16.80500030517578,16.834999084472656,11597,0.0,0.0
2024-06-21 11:05:00-04:00,16.829999923706055,16.84000015258789,16.780000686645508,16.799999237060547,26640,0.0,0.0
2024-06-21 11:10:00-04:00,16.799999237060547,16.799999237060547,16.690000534057617,16.704999923706055,26683,0.0,0.0
2024-06-21 11:15:00-04:00,16.709999084472656,16.719999313354492,16.700000762939453,16.715200424194336,14006,0.0,0.0
2024-06-21 11:20:00-04:00,16.719999313354492,16.739999771118164,16.709999084472656,16.725000381469727,10623,0.0,0.0
2024-06-21 11:25:00-04:00,16.729999542236328,16.7450008392334,16.704999923706055,16.7450008392334,11937,0.0,0.0
2024-06-21 11:30:00-04:00,16.7450008392334,16.75,16.655000686645508,16.655000686645508,18680,0.0,0.0
2024-06-21 11:35:00-04:00,16.65999984741211,16.700000762939453,16.65999984741211,16.665000915527344,7753,0.0,0.0
2024-06-21 11:40:00-04:00,16.665000915527344,16.735000610351562,16.6299991607666,16.735000610351562,11792,0.0,0.0
2024-06-21 11:45:00-04:00,16.73390007019043,16.770000457763672,16.68000030517578,16.684999465942383,15889,0.0,0.0
2024-06-21 11:50:00-04:00,16.68000030517578,16.700000762939453,16.665000915527344,16.690000534057617,10182,0.0,0.0
2024-06-21 11:55:00-04:00,16.690000534057617,16.729999542236328,16.690000534057617,16.729900360107422,18430,0.0,0.0
2024-06-21 12:00:00-04:00,16.729299545288086,16.78499984741211,16.700000762939453,16.770000457763672,21370,0.0,0.0
2024-06-21 12:05:00-04:00,16.770000457763672,16.78499984741211,16.760000228881836,16.760000228881836,7548,0.0,0.0
2024-06-21 12:10:00-04:00,16.764999389648438,16.770000457763672,16.735000610351562,16.75,6496,0.0,0.0
2024-06-21 12:15:00-04:00,16.749900817871094,16.790000915527344,16.7450008392334,16.75,9831,0.0,0.0
2024-06-21 12:20:00-04:00,16.760000228881836,16.770000457763672,16.729999542236328,16.770000457763672,7633,0.0,0.0
2024-06-21 12:25:00-04:00,16.780000686645508,16.81999969482422,16.76799964904785,16.76799964904785,14945,0.0,0.0
2024-06-21 12:30:00-04:00,16.764999389648438,16.81999969482422,16.764999389648438,16.81999969482422,6960,0.0,0.0
2024-06-21 12:35:00-04:00,16.829999923706055,16.829999923706055,16.799999237060547,16.81999969482422,6989,0.0,0.0
2024-06-21 12:40:00-04:00,16.81999969482422,16.84000015258789,16.809900283813477,16.809999465942383,10745,0.0,0.0
2024-06-21 12:45:00-04:00,16.809999465942383,16.834999084472656,16.799999237060547,16.834999084472656,13507,0.0,0.0
2024-06-21 12:50:00-04:00,16.84000015258789,16.844999313354492,16.799999237060547,16.825000762939453,11234,0.0,0.0
2024-06-21 12:55:00-04:00,16.825000762939453,16.864999771118164,16.809999465942383,16.84000015258789,16904,0.0,0.0
2024-06-21 13:00:00-04:00,16.829999923706055,16.8700008392334,16.829999923706055,16.8700008392334,10800,0.0,0.0
2024-06-21 13:05:00-04:00,16.8700008392334,16.875,16.86079978942871,16.875,6123,0.0,0.0
2024-06-21 13:10:00-04:00,16.870100021362305,16.895000457763672,16.864999771118164,16.8799991607666,11374,0.0,0.0
2024-06-21 13:15:00-04:00,16.889999389648438,16.899999618530273,16.875,16.87980079650879,5313,0.0,0.0
2024-06-21 13:20:00-04:00,16.8700008392334,16.8799991607666,16.850000381469727,16.860000610351562,5027,0.0,0.0
2024-06-21 13:25:00-04:00,16.850000381469727,16.854999542236328,16.84000015258789,16.84000015258789,8362,0.0,0.0
2024-06-21 13:30:00-04:00,16.84000015258789,16.854999542236328,16.84000015258789,16.850000381469727,6790,0.0,0.0
2024-06-21 13:35:00-04:00,16.850000381469727,16.853900909423828,16.84000015258789,16.84000015258789,4926,0.0,0.0
2024-06-21 13:40:00-04:00,16.84000015258789,16.860000610351562,16.799999237060547,16.860000610351562,16535,0.0,0.0
2024-06-21 13:45:00-04:00,16.860000610351562,16.87619972229004,16.854999542236328,16.87619972229004,6828,0.0,0.0
2024-06-21 13:50:00-04:00,16.8799991607666,16.895000457763672,16.8700008392334,16.8700008392334,10609,0.0,0.0
2024-06-21 13:55:00-04:00,16.860000610351562,16.889999389648438,16.860000610351562,16.889999389648438,4295,0.0,0.0
2024-06-21 14:00:00-04:00,16.885000228881836,16.889999389648438,16.8799991607666,16.889999389648438,4650,0.0,0.0
2024-06-21 14:05:00-04:00,16.889999389648438,16.889999389648438,16.850000381469727,16.85689926147461,14592,0.0,0.0
2024-06-21 14:10:00-04:00,16.860000610351562,16.864999771118164,16.854999542236328,16.864999771118164,7704,0.0,0.0
2024-06-21 14:15:00-04:00,16.864999771118164,16.8700008392334,16.864999771118164,16.864999771118164,2628,0.0,0.0
2024-06-21 14:20:00-04:00,16.860000610351562,16.8700008392334,16.834999084472656,16.8700008392334,14552,0.0,0.0
2024-06-21 14:25:00-04:00,16.8799991607666,16.889999389648438,16.875,16.889999389648438,4128,0.0,0.0
2024-06-21 14:30:00-04:00,16.889999389648438,16.899999618530273,16.885000228881836,16.889999389648438,12817,0.0,0.0
2024-06-21 14:35:00-04:00,16.889999389648438,16.889999389648438,16.84000015258789,16.854999542236328,11502,0.0,0.0
2024-06-21 14:40:00-04:00,16.8700008392334,16.902000427246094,16.8700008392334,16.875,26542,0.0,0.0
2024-06-21 14:45:00-04:00,16.8799991607666,16.899999618530273,16.860000610351562,16.864999771118164,18196,0.0,0.0
2024-06-21 14:50:00-04:00,16.860000610351562,16.878999710083008,16.829999923706055,16.878999710083008,14768,0.0,0.0
2024-06-21 14:55:00-04:00,16.875,16.889999389648438,16.854999542236328,16.889999389648438,13095,0.0,0.0
2024-06-21 15:00:00-04:00,16.899900436401367,16.93000030517578,16.875,16.915000915527344,31966,0.0,0.0
2024-06-21 15:05:00-04:00,16.915000915527344,16.96500015258789,16.90999984741211,16.959999084472656,32708,0.0,0.0
2024-06-21 15:10:00-04:00,16.96500015258789,16.9950008392334,16.94499969482422,16.979999542236328,40000,0.0,0.0
2024-06-21 15:15:00-04:00,16.985000610351562,16.989999771118164,16.94499969482422,16.979999542236328,12982,0.0,0.0
2024-06-21 15:20:00-04:00,16.985000610351562,16.9950008392334,16.979999542236328,16.991199493408203,8482,0.0,0.0
2024-06-21 15:25:00-04:00,16.9950008392334,17.0049991607666,16.940000534057617,16.950000762939453,54357,0.0,0.0
2024-06-21 15:30:00-04:00,16.950000762939453,16.959999084472656,16.940000534057617,16.94969940185547,12195,0.0,0.0
2024-06-21 15:35:00-04:00,16.940000534057617,16.940000534057617,16.889999389648438,16.895000457763672,23707,0.0,0.0
2024-06-21 15:40:00-04:00,16.899999618530273,16.909500122070312,16.8799991607666,16.8799991607666,25473,0.0,0.0
2024-06-21 15:45:00-04:00,16.8700008392334,16.929899215698242,16.860000610351562,16.8700008392334,45314,0.0,0.0
2024-06-21 15:50:00-04:00,16.860000610351562,16.90999984741211,16.844999313354492,16.885000228881836,54852,0.0,0.0
2024-06-21 15:55:00-04:00,16.8799991607666,16.8799991607666,16.825000762939453,16.860000610351562,164245,0.0,0.0
2024-06-24 09:30:00-04:00,16.8799991607666,16.949499130249023,16.829999923706055,16.889999389648438,60887,0.0,0.0
2024-06-24 09:35:00-04:00,16.862499237060547,16.979999542236328,16.850000381469727,16.940000534057617,23731,0.0,0.0
2024-06-24 09:40:00-04:00,16.920000076293945,17.030000686645508,16.8799991607666,17.020000457763672,23638,0.0,0.0
2024-06-24 09:45:00-04:00,17.020000457763672,17.18000030517578,16.989999771118164,17.18000030517578,61953,0.0,0.0
2024-06-24 09:50:00-04:00,17.18000030517578,17.309999465942383,17.165000915527344,17.290000915527344,33663,0.0,0.0
2024-06-24 09:55:00-04:00,17.34000015258789,17.479999542236328,17.329999923706055,17.469999313354492,37448,0.0,0.0
2024-06-24 10:00:00-04:00,17.459999084472656,17.575000762939453,17.440000534057617,17.520000457763672,30451,0.0,0.0
2024-06-24 10:05:00-04:00,17.479999542236328,17.530000686645508,17.459999084472656,17.524999618530273,19780,0.0,0.0
2024-06-24 10:10:00-04:00,17.524999618530273,17.55299949645996,17.33009910583496,17.40999984741211,14142,0.0,0.0
2024-06-24 10:15:00-04:00,17.420000076293945,17.420000076293945,17.389999389648438,17.393199920654297,4456,0.0,0.0
2024-06-24 10:20:00-04:00,17.40999984741211,17.5049991607666,17.40999984741211,17.489999771118164,14888,0.0,0.0
2024-06-24 10:25:00-04:00,17.5,17.5049991607666,17.350000381469727,17.350000381469727,8937,0.0,0.0
2024-06-24 10:30:00-04:00,17.350099563598633,17.3700008392334,17.209999084472656,17.235000610351562,38163,0.0,0.0
2024-06-24 10:35:00-04:00,17.239999771118164,17.270000457763672,17.219999313354492,17.229999542236328,10991,0.0,0.0
2024-06-24 10:40:00-04:00,17.229999542236328,17.25,17.204999923706055,17.209999084472656,22087,0.0,0.0
2024-06-24 10:45:00-04:00,17.204999923706055,17.209999084472656,17.114999771118164,17.1200008392334,15463,0.0,0.0
2024-06-24 10:50:00-04:00,17.125,17.125,17.030000686645508,17.05500030517578,14242,0.0,0.0
2024-06-24 10:55:00-04:00,17.049999237060547,17.065000534057617,17.010000228881836,17.030000686645508,18152,0.0,0.0
2024-06-24 11:00:00-04:00,17.040000915527344,17.040000915527344,16.920000076293945,16.934999465942383,39734,0.0,0.0
2024-06-24 11:05:00-04:00,16.940000534057617,16.969999313354492,16.93000030517578,16.950000762939453,10062,0.0,0.0
2024-06-24 11:10:00-04:00,16.950000762939453,16.950000762939453,16.915000915527344,16.93000030517578,6402,0.0,0.0
2024-06-24 11:15:00-04:00,16.920000076293945,16.920000076293945,16.829999923706055,16.852100372314453,20912,0.0,0.0
2024-06-24 11:20:00-04:00,16.854999542236328,16.859899520874023,16.809499740600586,16.81999969482422,11004,0.0,0.0
2024-06-24 11:25:00-04:00,16.84000015258789,16.875,16.84000015258789,16.850000381469727,8456,0.0,0.0
2024-06-24 11:30:00-04:00,16.860000610351562,16.8700008392334,16.850000381469727,16.850000381469727,2867,0.0,0.0
2024-06-24 11:35:00-04:00,16.854999542236328,16.875,16.834999084472656,16.850000381469727,7268,0.0,0.0
2024-06-24 11:40:00-04:00,16.847900390625,16.859899520874023,16.844999313354492,16.844999313354492,3940,0.0,0.0
2024-06-24 11:45:00-04:00,16.850000381469727,16.8799991607666,16.850000381469727,16.8700008392334,10591,0.0,0.0
2024-06-24 11:50:00-04:00,16.860000610351562,16.8799991607666,16.855199813842773,16.8700008392334,10280,0.0,0.0
2024-06-24 11:55:00-04:00,16.860000610351562,16.875,16.854999542236328,16.860000610351562,7778,0.0,0.0
2024-06-24 12:00:00-04:00,16.850099563598633,16.860000610351562,16.850000381469727,16.850000381469727,5451,0.0,0.0
2024-06-24 12:05:00-04:00,16.844999313354492,16.844999313354492,16.820100784301758,16.82990074157715,2909,0.0,0.0
2024-06-24 12:10:00-04:00,16.829999923706055,16.860000610351562,16.825300216674805,16.84000015258789,15213,0.0,0.0
2024-06-24 12:15:00-04:00,16.84000015258789,16.954999923706055,16.84000015258789,16.941299438476562,10009,0.0,0.0
2024-06-24 12:20:00-04:00,16.948999404907227,16.979999542236328,16.91939926147461,16.93429946899414,14783,0.0,0.0
2024-06-24 12:25:00-04:00,16.940000534057617,17.020000457763672,16.940000534057617,17.014999389648438,7153,0.0,0.0
2024-06-24 12:30:00-04:00,17.010000228881836,17.045000076293945,17.0,17.003700256347656,8948,0.0,0.0
2024-06-24 12:35:00-04:00,17.009899139404297,17.024999618530273,16.989999771118164,17.0049991607666,8482,0.0,0.0
2024-06-24 12:40:00-04:00,17.010000228881836,17.020000457763672,16.9950008392334,17.0049991607666,10005,0.0,0.0
2024-06-24 12:45:00-04:00,17.0,17.010000228881836,16.979999542236328,16.989999771118164,3866,0.0,0.0
2024-06-24 12:50:00-04:00,16.989999771118164,17.010000228881836,16.979999542236328,16.989999771118164,5188,0.0,0.0
2024-06-24 12:55:00-04:00,16.989999771118164,16.989999771118164,16.950000762939453,16.959999084472656,4012,0.0,0.0
2024-06-24 13:00:00-04:00,16.969900131225586,16.969900131225586,16.940000534057617,16.950000762939453,13014,0.0,0.0
2024-06-24 13:05:00-04:00,16.950000762939453,16.9950008392334,16.950000762939453,16.985000610351562,1781,0.0,0.0
2024-06-24 13:10:00-04:00,16.989900588989258,16.989900588989258,16.969999313354492,16.975000381469727,3967,0.0,0.0
2024-06-24 13:15:00-04:00,16.975000381469727,16.9950008392334,16.940000534057617,16.989999771118164,8923,0.0,0.0
2024-06-24 13:20:00-04:00,16.979999542236328,16.979999542236328,16.950000762939453,16.96500015258789,4020,0.0,0.0
2024-06-24 13:25:00-04:00,16.966100692749023,16.966100692749023,16.899999618530273,16.899999618530273,9570,0.0,0.0
2024-06-24 13:30:00-04:00,16.899999618530273,16.920000076293945,16.895000457763672,16.895000457763672,4618,0.0,0.0
2024-06-24 13:35:00-04:00,16.899999618530273,16.975000381469727,16.899999618530273,16.940000534057617,9518,0.0,0.0
2024-06-24 13:40:00-04:00,16.940000534057617,16.950000762939453,16.93000030517578,16.93000030517578,6307,0.0,0.0
2024-06-24 13:45:00-04:00,16.93000030517578,16.934999465942383,16.90999984741211,16.90999984741211,3356,0.0,0.0
2024-06-24 13:50:00-04:00,16.915000915527344,16.920000076293945,16.899999618530273,16.909500122070312,3464,0.0,0.0
2024-06-24 13:55:00-04:00,16.90999984741211,16.920000076293945,16.889999389648438,16.889999389648438,12744,0.0,0.0
2024-06-24 14:00:00-04:00,16.889999389648438,16.889999389648438,16.8799991607666,16.8799991607666,4267,0.0,0.0
2024-06-24 14:05:00-04:00,16.8799991607666,16.889999389648438,16.8799991607666,16.889999389648438,2295,0.0,0.0
2024-06-24 14:10:00-04:00,16.895000457763672,16.899999618530273,16.81999969482422,16.81999969482422,19824,0.0,0.0
2024-06-24 14:15:00-04:00,16.81999969482422,16.84000015258789,16.800500869750977,16.834999084472656,21134,0.0,0.0
2024-06-24 14:20:00-04:00,16.834999084472656,16.860000610351562,16.829999923706055,16.850000381469727,7869,0.0,0.0
2024-06-24 14:25:00-04:00,16.844999313354492,16.850000381469727,16.830699920654297,16.844999313354492,6830,0.0,0.0
2024-06-24 14:30:00-04:00,16.84000015258789,16.885000228881836,16.839799880981445,16.885000228881836,7329,0.0,0.0
2024-06-24 14:35:00-04:00,16.8799991607666,16.895000457763672,16.860000610351562,16.860000610351562,13535,0.0,0.0
2024-06-24 14:40:00-04:00,16.860000610351562,16.864999771118164,16.850000381469727,16.860000610351562,3967,0.0,0.0
2024-06-24 14:45:00-04:00,16.8700008392334,16.895000457763672,16.864999771118164,16.8799991607666,5786,0.0,0.0
2024-06-24 14:50:00-04:00,16.8700008392334,16.875,16.860000610351562,16.860000610351562,4205,0.0,0.0
2024-06-24 14:55:00-04:00,16.854999542236328,16.889999389648438,16.854999542236328,16.8799991607666,6934,0.0,0.0
2024-06-24 15:00:00-04:00,16.8799991607666,16.895000457763672,16.8799991607666,16.8799991607666,7283,0.0,0.0
2024-06-24 15:05:00-04:00,16.8799991607666,16.905000686645508,16.8799991607666,16.895000457763672,10731,0.0,0.0
2024-06-24 15:10:00-04:00,16.899499893188477,16.909900665283203,16.889999389648438,16.899999618530273,3905,0.0,0.0
2024-06-24 15:15:00-04:00,16.905000686645508,16.93000030517578,16.905000686645508,16.915000915527344,8675,0.0,0.0
2024-06-24 15:20:00-04:00,16.915000915527344,16.920000076293945,16.905000686645508,16.90999984741211,4946,0.0,0.0
2024-06-24 15:25:00-04:00,16.915000915527344,16.924999237060547,16.889999389648438,16.90999984741211,11634,0.0,0.0
2024-06-24 15:30:00-04:00,16.915000915527344,16.96500015258789,16.915000915527344,16.950000762939453,7379,0.0,0.0
2024-06-24 15:35:00-04:00,16.954999923706055,16.969999313354492,16.915000915527344,16.934999465942383,24967,0.0,0.0
2024-06-24 15:40:00-04:00,16.93000030517578,16.989099502563477,16.924999237060547,16.985000610351562,13038,0.0,0.0
2024-06-24 15:45:00-04:00,16.985000610351562,16.989999771118164,16.94499969482422,16.985000610351562,26213,0.0,0.0
2024-06-24 15:50:00-04:00,16.979999542236328,16.9950008392334,16.954999923706055,16.985000610351562,30979,0.0,0.0
2024-06-24 15:55:00-04:00,16.979999542236328,16.9950008392334,16.93000030517578,16.94499969482422,127547,0.0,0.0
2024-06-25 09:30:00-04:00,16.920000076293945,17.1299991607666,16.850000381469727,17.079999923706055,31364,0.0,0.0
2024-06-25 09:35:00-04:00,17.020000457763672,17.04990005493164,16.959999084472656,17.000099182128906,7997,0.0,0.0
2024-06-25 09:40:00-04:00,17.040000915527344,17.069900512695312,17.010000228881836,17.040000915527344,3351,0.0,0.0
2024-06-25 09:45:00-04:00,17.035200119018555,17.139999389648438,17.035200119018555,17.135000228881836,7329,0.0,0.0
2024-06-25 09:50:00-04:00,17.1200008392334,17.149999618530273,17.100000381469727,17.1200008392334,7046,0.0,0.0
2024-06-25 09:55:00-04:00,17.100000381469727,17.100000381469727,17.040000915527344,17.059999465942383,3219,0.0,0.0
2024-06-25 10:00:00-04:00,17.045000076293945,17.059999465942383,16.989999771118164,17.049999237060547,15740,0.0,0.0
2024-06-25 10:05:00-04:00,17.040000915527344,17.049999237060547,16.969999313354492,16.9768009185791,8658,0.0,0.0
2024-06-25 10:10:00-04:00,16.969999313354492,17.06999969482422,16.969999313354492,17.06999969482422,7012,0.0,0.0
2024-06-25 10:15:00-04:00,17.079999923706055,17.079999923706055,16.934999465942383,16.934999465942383,5676,0.0,0.0
2024-06-25 10:20:00-04:00,16.93000030517578,16.975000381469727,16.905000686645508,16.975000381469727,7458,0.0,0.0
2024-06-25 10:25:00-04:00,16.969999313354492,16.979999542236328,16.950000762939453,16.95009994506836,4295,0.0,0.0
2024-06-25 10:30:00-04:00,16.969999313354492,17.020000457763672,16.959999084472656,17.020000457763672,4506,0.0,0.0
2024-06-25 10:35:00-04:00,17.010000228881836,17.030000686645508,16.990800857543945,16.990800857543945,4779,0.0,0.0
2024-06-25 10:40:00-04:00,16.979999542236328,16.979999542236328,16.934999465942383,16.979999542236328,4655,0.0,0.0
2024-06-25 10:45:00-04:00,16.979999542236328,16.979999542236328,16.959999084472656,16.975000381469727,2424,0.0,0.0
2024-06-25 10:50:00-04:00,16.969999313354492,16.979999542236328,16.964500427246094,16.975099563598633,1672,0.0,0.0
2024-06-25 10:55:00-04:00,16.975000381469727,17.0,16.969999313354492,16.969999313354492,4995,0.0,0.0
2024-06-25 11:00:00-04:00,16.989999771118164,17.06999969482422,16.989999771118164,17.040000915527344,9775,0.0,0.0
2024-06-25 11:05:00-04:00,17.039499282836914,17.100000381469727,17.039499282836914,17.100000381469727,3324,0.0,0.0
2024-06-25 11:10:00-04:00,17.100000381469727,17.110000610351562,17.09000015258789,17.094999313354492,8976,0.0,0.0
2024-06-25 11:15:00-04:00,17.094999313354492,17.094999313354492,17.010000228881836,17.010000228881836,8209,0.0,0.0
2024-06-25 11:20:00-04:00,17.00979995727539,17.036300659179688,17.00979995727539,17.030000686645508,3982,0.0,0.0
2024-06-25 11:25:00-04:00,17.040000915527344,17.059999465942383,17.040000915527344,17.05430030822754,2098,0.0,0.0
2024-06-25 11:30:00-04:00,17.05500030517578,17.075000762939453,17.049999237060547,17.06999969482422,4742,0.0,0.0
2024-06-25 11:35:00-04:00,17.079999923706055,17.114999771118164,17.079999923706055,17.104999542236328,3417,0.0,0.0
2024-06-25 11:40:00-04:00,17.100299835205078,17.190000534057617,17.100299835205078,17.184999465942383,8689,0.0,0.0
2024-06-25 11:45:00-04:00,17.190000534057617,17.209999084472656,17.110000610351562,17.110000610351562,12741,0.0,0.0
2024-06-25 11:50:00-04:00,17.114999771118164,17.114999771118164,17.079999923706055,17.104999542236328,4904,0.0,0.0
2024-06-25 11:55:00-04:00,17.110000610351562,17.1200008392334,17.109899520874023,17.109899520874023,3195,0.0,0.0
2024-06-25 12:00:00-04:00,17.110000610351562,17.1200008392334,17.06999969482422,17.06999969482422,4505,0.0,0.0
2024-06-25 12:05:00-04:00,17.09000015258789,17.1200008392334,17.09000015258789,17.1200008392334,4091,0.0,0.0
2024-06-25 12:10:00-04:00,17.139999389648438,17.139999389648438,17.1299991607666,17.1299991607666,5600,0.0,0.0
2024-06-25 12:15:00-04:00,17.1200008392334,17.155000686645508,17.110000610351562,17.1200008392334,7433,0.0,0.0
2024-06-25 12:20:00-04:00,17.1200008392334,17.1200008392334,17.09000015258789,17.09000015258789,3354,0.0,0.0
2024-06-25 12:25:00-04:00,17.09000015258789,17.094999313354492,17.09000015258789,17.094999313354492,917,0.0,0.0
2024-06-25 12:30:00-04:00,17.09000015258789,17.100000381469727,17.03499984741211,17.03499984741211,18754,0.0,0.0
2024-06-25 12:35:00-04:00,17.030000686645508,17.059999465942383,17.030000686645508,17.05500030517578,5003,0.0,0.0
2024-06-25 12:40:00-04:00,17.05500030517578,17.075000762939453,17.040000915527344,17.059999465942383,3308,0.0,0.0
2024-06-25 12:45:00-04:00,17.059999465942383,17.059999465942383,17.040000915527344,17.040000915527344,3342,0.0,0.0
2024-06-25 12:50:00-04:00,17.040000915527344,17.049999237060547,17.03219985961914,17.040000915527344,5127,0.0,0.0
2024-06-25 12:55:00-04:00,17.049999237060547,17.049999237060547,17.0049991607666,17.0049991607666,2442,0.0,0.0
2024-06-25 13:00:00-04:00,17.0,17.010000228881836,17.0,17.0049991607666,2989,0.0,0.0
2024-06-25 13:05:00-04:00,17.0,17.049999237060547,16.985000610351562,17.03499984741211,8098,0.0,0.0
2024-06-25 13:10:00-04:00,17.020000457763672,17.059999465942383,17.020000457763672,17.059999465942383,1191,0.0,0.0
2024-06-25 13:15:00-04:00,17.05500030517578,17.09000015258789,17.03499984741211,17.09000015258789,7641,0.0,0.0
2024-06-25 13:20:00-04:00,17.09000015258789,17.110000610351562,17.09000015258789,17.104999542236328,5375,0.0,0.0
2024-06-25 13:25:00-04:00,17.104999542236328,17.170000076293945,17.104999542236328,17.15999984741211,9160,0.0,0.0
2024-06-25 13:30:00-04:00,17.15999984741211,17.170000076293945,17.149999618530273,17.170000076293945,10122,0.0,0.0
2024-06-25 13:35:00-04:00,17.170000076293945,17.174999237060547,17.139999389648438,17.145000457763672,8712,0.0,0.0
2024-06-25 13:40:00-04:00,17.139999389648438,17.145000457763672,17.110000610351562,17.1299991607666,6831,0.0,0.0
2024-06-25 13:45:00-04:00,17.1200008392334,17.1299991607666,17.110000610351562,17.110000610351562,7566,0.0,0.0
2024-06-25 13:50:00-04:00,17.110000610351562,17.110000610351562,17.094999313354492,17.110000610351562,7862,0.0,0.0
2024-06-25 13:55:00-04:00,17.1200008392334,17.15999984741211,17.1200008392334,17.15999984741211,2559,0.0,0.0
2024-06-25 14:00:00-04:00,17.155000686645508,17.15999984741211,17.1299991607666,17.135000228881836,4154,0.0,0.0
2024-06-25 14:05:00-04:00,17.125,17.145000457763672,17.125,17.139999389648438,2946,0.0,0.0
2024-06-25 14:10:00-04:00,17.139999389648438,17.139999389648438,17.1200008392334,17.125,2316,0.0,0.0
2024-06-25 14:15:00-04:00,17.1200008392334,17.1299991607666,17.1200008392334,17.125,3961,0.0,0.0
2024-06-25 14:20:00-04:00,17.1200008392334,17.1299991607666,17.114999771118164,17.114999771118164,2475,0.0,0.0
2024-06-25 14:25:00-04:00,17.1200008392334,17.170000076293945,17.1200008392334,17.170000076293945,4746,0.0,0.0
2024-06-25 14:30:00-04:00,17.165000915527344,17.170000076293945,17.15999984741211,17.170000076293945,4814,0.0,0.0
2024-06-25 14:35:00-04:00,17.164499282836914,17.170000076293945,17.154300689697266,17.170000076293945,6018,0.0,0.0
2024-06-25 14:40:00-04:00,17.16670036315918,17.170000076293945,17.165000915527344,17.170000076293945,1818,0.0,0.0
2024-06-25 14:45:00-04:00,17.170000076293945,17.190000534057617,17.170000076293945,17.18000030517578,7022,0.0,0.0
2024-06-25 14:50:00-04:00,17.184999465942383,17.184999465942383,17.139999389648438,17.15999984741211,11355,0.0,0.0
2024-06-25 14:55:00-04:00,17.155000686645508,17.155000686645508,17.125,17.135000228881836,5367,0.0,0.0
2024-06-25 15:00:00-04:00,17.137699127197266,17.165000915527344,17.135000228881836,17.15999984741211,5814,0.0,0.0
2024-06-25 15:05:00-04:00,17.165000915527344,17.200000762939453,17.15999984741211,17.200000762939453,9052,0.0,0.0
2024-06-25 15:10:00-04:00,17.200000762939453,17.209999084472656,17.190000534057617,17.204999923706055,10131,0.0,0.0
2024-06-25 15:15:00-04:00,17.204999923706055,17.219999313354492,17.190000534057617,17.21969985961914,10381,0.0,0.0
2024-06-25 15:20:00-04:00,17.219999313354492,17.225000381469727,17.19499969482422,17.19499969482422,9159,0.0,0.0
2024-06-25 15:25:00-04:00,17.19499969482422,17.229999542236328,17.19499969482422,17.229999542236328,8021,0.0,0.0
2024-06-25 15:30:00-04:00,17.235000610351562,17.270000457763672,17.235000610351562,17.260000228881836,23034,0.0,0.0
2024-06-25 15:35:00-04:00,17.259899139404297,17.274999618530273,17.235000610351562,17.239999771118164,11932,0.0,0.0
2024-06-25 15:40:00-04:00,17.229999542236328,17.25,17.209999084472656,17.22920036315918,15526,0.0,0.0
2024-06-25 15:45:00-04:00,17.229999542236328,17.25,17.219999313354492,17.225000381469727,11575,0.0,0.0
2024-06-25 15:50:00-04:00,17.229999542236328,17.260000228881836,17.229999542236328,17.25,26477,0.0,0.0
2024-06-25 15:55:00-04:00,17.239999771118164,17.264999389648438,17.190000534057617,17.190000534057617,87920,0.0,0.0
2024-06-26 09:30:00-04:00,17.260000228881836,17.260000228881836,17.1299991607666,17.190000534057617,18958,0.0,0.0
2024-06-26 09:35:00-04:00,17.1299991607666,17.18000030517578,17.1299991607666,17.18000030517578,901,0.0,0.0
2024-06-26 09:40:00-04:00,17.15999984741211,17.15999984741211,17.09000015258789,17.1200008392334,4389,0.0,0.0
2024-06-26 09:45:00-04:00,17.149999618530273,17.209999084472656,17.149999618530273,17.209999084472656,881,0.0,0.0
2024-06-26 09:50:00-04:00,17.239999771118164,17.239999771118164,17.190000534057617,17.190000534057617,2096,0.0,0.0
2024-06-26 09:55:00-04:00,17.16010093688965,17.200000762939453,17.1200008392334,17.1299991607666,9168,0.0,0.0
2024-06-26 10:00:00-04:00,17.1299991607666,17.18000030517578,17.110700607299805,17.174999237060547,6588,0.0,0.0
2024-06-26 10:05:00-04:00,17.174999237060547,17.209999084472656,17.149999618530273,17.165000915527344,6160,0.0,0.0
2024-06-26 10:10:00-04:00,17.15999984741211,17.18000030517578,17.15999984741211,17.170000076293945,3623,0.0,0.0
2024-06-26 10:15:00-04:00,17.170000076293945,17.170000076293945,17.15999984741211,17.165000915527344,2863,0.0,0.0
2024-06-26 10:20:00-04:00,17.16990089416504,17.204999923706055,17.15999984741211,17.174999237060547,5656,0.0,0.0
2024-06-26 10:25:00-04:00,17.170000076293945,17.174999237060547,17.139999389648438,17.139999389648438,2532,0.0,0.0
2024-06-26 10:30:00-04:00,17.135000228881836,17.135000228881836,17.110000610351562,17.110000610351562,9021,0.0,0.0
2024-06-26 10:35:00-04:00,17.104999542236328,17.104999542236328,17.0,17.0,8975,0.0,0.0
2024-06-26 10:40:00-04:00,17.0,17.079999923706055,16.989999771118164,17.075000762939453,12094,0.0,0.0
2024-06-26 10:45:00-04:00,17.070100784301758,17.079999923706055,17.05500030517578,17.05500030517578,2716,0.0,0.0
2024-06-26 10:50:00-04:00,17.059999465942383,17.0802001953125,17.040000915527344,17.079999923706055,5804,0.0,0.0
2024-06-26 10:55:00-04:00,17.09000015258789,17.1200008392334,17.086000442504883,17.110000610351562,25426,0.0,0.0
2024-06-26 11:00:00-04:00,17.125,17.135000228881836,17.110000610351562,17.1299991607666,3179,0.0,0.0
2024-06-26 11:05:00-04:00,17.125,17.125,17.1200008392334,17.1200008392334,2443,0.0,0.0
2024-06-26 11:10:00-04:00,17.114999771118164,17.114999771118164,17.060300827026367,17.060300827026367,8554,0.0,0.0
2024-06-26 11:15:00-04:00,17.05500030517578,17.086299896240234,17.05500030517578,17.075000762939453,4014,0.0,0.0
2024-06-26 11:20:00-04:00,17.079999923706055,17.110000610351562,17.079999923706055,17.09000015258789,5100,0.0,0.0
2024-06-26 11:25:00-04:00,17.100000381469727,17.114999771118164,17.094999313354492,17.100000381469727,2604,0.0,0.0
2024-06-26 11:30:00-04:00,17.094999313354492,17.100000381469727,17.09000015258789,17.094999313354492,1629,0.0,0.0
2024-06-26 11:35:00-04:00,17.09000015258789,17.09000015258789,17.065000534057617,17.065000534057617,3291,0.0,0.0
2024-06-26 11:40:00-04:00,17.065000534057617,17.075000762939453,17.059999465942383,17.06999969482422,3494,0.0,0.0
2024-06-26 11:45:00-04:00,17.065000534057617,17.1299991607666,17.065000534057617,17.104999542236328,5201,0.0,0.0
2024-06-26 11:50:00-04:00,17.104999542236328,17.114999771118164,17.100000381469727,17.110000610351562,5842,0.0,0.0
2024-06-26 11:55:00-04:00,17.100000381469727,17.100000381469727,17.084999084472656,17.100000381469727,2098,0.0,0.0
2024-06-26 12:00:00-04:00,17.09000015258789,17.094999313354492,17.084999084472656,17.094999313354492,1304,0.0,0.0
2024-06-26 12:05:00-04:00,17.094999313354492,17.094999313354492,17.079999923706055,17.084999084472656,3358,0.0,0.0
2024-06-26 12:10:00-04:00,17.079999923706055,17.079999923706055,17.059999465942383,17.069900512695312,5059,0.0,0.0
2024-06-26 12:15:00-04:00,17.06999969482422,17.075000762939453,17.06999969482422,17.06999969482422,2023,0.0,0.0
2024-06-26 12:20:00-04:00,17.075000762939453,17.075000762939453,16.94499969482422,16.94499969482422,18656,0.0,0.0
2024-06-26 12:25:00-04:00,16.94499969482422,16.979999542236328,16.94499969482422,16.979999542236328,8959,0.0,0.0
2024-06-26 12:30:00-04:00,16.975000381469727,16.975000381469727,16.95009994506836,16.975000381469727,5765,0.0,0.0
2024-06-26 12:35:00-04:00,16.979999542236328,16.979999542236328,16.950000762939453,16.954999923706055,6065,0.0,0.0
2024-06-26 12:40:00-04:00,16.959999084472656,16.96500015258789,16.92009925842285,16.924999237060547,13562,0.0,0.0
2024-06-26 12:45:00-04:00,16.920000076293945,16.920000076293945,16.8700008392334,16.899999618530273,12140,0.0,0.0
2024-06-26 12:50:00-04:00,16.90519905090332,16.90999984741211,16.890100479125977,16.90999984741211,5764,0.0,0.0
2024-06-26 12:55:00-04:00,16.93000030517578,16.934999465942383,16.8700008392334,16.8700008392334,4597,0.0,0.0
2024-06-26 13:00:00-04:00,16.8700008392334,16.875,16.8700008392334,16.875,3204,0.0,0.0
2024-06-26 13:05:00-04:00,16.875,16.875,16.86870002746582,16.8700008392334,2170,0.0,0.0
2024-06-26 13:10:00-04:00,16.864999771118164,16.875,16.850000381469727,16.854999542236328,7639,0.0,0.0
2024-06-26 13:15:00-04:00,16.850000381469727,16.854999542236328,16.84149932861328,16.854999542236328,3753,0.0,0.0
2024-06-26 13:20:00-04:00,16.85409927368164,16.85409927368164,16.829999923706055,16.850000381469727,8668,0.0,0.0
2024-06-26 13:25:00-04:00,16.850099563598633,16.850099563598633,16.815000534057617,16.829999923706055,18464,0.0,0.0
2024-06-26 13:30:00-04:00,16.834999084472656,16.854999542236328,16.834999084472656,16.854999542236328,5505,0.0,0.0
2024-06-26 13:35:00-04:00,16.850000381469727,16.850000381469727,16.829999923706055,16.829999923706055,5457,0.0,0.0
2024-06-26 13:40:00-04:00,16.825000762939453,16.84000015258789,16.808000564575195,16.84000015258789,13252,0.0,0.0
2024-06-26 13:45:00-04:00,16.84000015258789,16.860000610351562,16.84000015258789,16.844999313354492,7741,0.0,0.0
2024-06-26 13:50:00-04:00,16.844999313354492,16.850000381469727,16.81999969482422,16.834999084472656,13292,0.0,0.0
2024-06-26 13:55:00-04:00,16.83169937133789,16.84000015258789,16.83169937133789,16.84000015258789,4860,0.0,0.0
2024-06-26 14:00:00-04:00,16.844999313354492,16.844999313354492,16.81999969482422,16.81999969482422,2979,0.0,0.0
2024-06-26 14:05:00-04:00,16.815000534057617,16.84000015258789,16.809999465942383,16.84000015258789,10724,0.0,0.0
2024-06-26 14:10:00-04:00,16.860000610351562,16.860000610351562,16.860000610351562,16.860000610351562,2172,0.0,0.0
2024-06-26 14:15:00-04:00,16.854999542236328,16.860000610351562,16.850000381469727,16.850000381469727,4868,0.0,0.0
2024-06-26 14:20:00-04:00,16.843900680541992,16.843900680541992,16.81999969482422,16.83009910583496,8137,0.0,0.0
2024-06-26 14:25:00-04:00,16.834999084472656,16.850000381469727,16.829999923706055,16.850000381469727,4676,0.0,0.0
2024-06-26 14:30:00-04:00,16.844999313354492,16.850000381469727,16.844999313354492,16.850000381469727,2296,0.0,0.0
2024-06-26 14:35:00-04:00,16.850000381469727,16.860000610351562,16.844999313354492,16.860000610351562,10166,0.0,0.0
2024-06-26 14:40:00-04:00,16.860000610351562,16.8700008392334,16.860000610351562,16.8700008392334,2734,0.0,0.0
2024-06-26 14:45:00-04:00,16.864999771118164,16.8700008392334,16.854999542236328,16.8700008392334,6947,0.0,0.0
2024-06-26 14:50:00-04:00,16.864999771118164,16.864999771118164,16.809999465942383,16.81999969482422,14241,0.0,0.0
2024-06-26 14:55:00-04:00,16.825000762939453,16.829999923706055,16.690000534057617,16.735000610351562,69395,0.0,0.0
2024-06-26 15:00:00-04:00,16.729999542236328,16.760000228881836,16.729999542236328,16.75,5909,0.0,0.0
2024-06-26 15:05:00-04:00,16.7549991607666,16.77400016784668,16.730100631713867,16.739999771118164,15011,0.0,0.0
2024-06-26 15:10:00-04:00,16.739999771118164,16.739999771118164,16.709999084472656,16.709999084472656,7644,0.0,0.0
2024-06-26 15:15:00-04:00,16.71500015258789,16.719999313354492,16.709999084472656,16.71500015258789,6684,0.0,0.0
2024-06-26 15:20:00-04:00,16.71500015258789,16.770000457763672,16.71500015258789,16.770000457763672,16667,0.0,0.0
2024-06-26 15:25:00-04:00,16.774999618530273,16.78499984741211,16.760000228881836,16.760000228881836,10153,0.0,0.0
2024-06-26 15:30:00-04:00,16.764999389648438,16.770000457763672,16.7549991607666,16.7549991607666,3303,0.0,0.0
2024-06-26 15:35:00-04:00,16.7549991607666,16.7549991607666,16.719999313354492,16.725000381469727,10463,0.0,0.0
2024-06-26 15:40:00-04:00,16.729999542236328,16.75,16.709999084472656,16.725000381469727,30424,0.0,0.0
2024-06-26 15:45:00-04:00,16.725000381469727,16.760000228881836,16.725000381469727,16.7549991607666,15765,0.0,0.0
2024-06-26 15:50:00-04:00,16.75,16.774999618530273,16.735000610351562,16.770000457763672,34531,0.0,0.0
2024-06-26 15:55:00-04:00,16.764999389648438,16.770000457763672,16.729999542236328,16.739999771118164,70968,0.0,0.0
2024-06-27 09:30:00-04:00,16.739999771118164,16.8799991607666,16.739999771118164,16.8799991607666,11666,0.0,0.0
2024-06-27 09:35:00-04:00,16.84000015258789,16.84000015258789,16.770000457763672,16.809999465942383,2302,0.0,0.0
2024-06-27 09:40:00-04:00,16.809999465942383,16.829999923706055,16.69499969482422,16.700000762939453,6211,0.0,0.0
2024-06-27 09:45:00-04:00,16.690000534057617,16.739999771118164,16.600000381469727,16.6200008392334,62953,0.0,0.0
2024-06-27 09:50:00-04:00,16.6200008392334,16.649999618530273,16.59000015258789,16.610000610351562,7683,0.0,0.0
2024-06-27 09:55:00-04:00,16.600000381469727,16.610000610351562,16.469999313354492,16.469999313354492,22717,0.0,0.0
2024-06-27 10:00:00-04:00,16.459999084472656,16.459999084472656,16.229999542236328,16.25,67201,0.0,0.0
2024-06-27 10:05:00-04:00,16.25,16.329999923706055,16.239999771118164,16.295000076293945,16363,0.0,0.0
2024-06-27 10:10:00-04:00,16.290000915527344,16.3799991607666,16.290000915527344,16.3700008392334,23378,0.0,0.0
2024-06-27 10:15:00-04:00,16.3700008392334,16.3799991607666,16.200000762939453,16.239999771118164,16937,0.0,0.0
2024-06-27 10:20:00-04:00,16.239999771118164,16.290000915527344,16.200000762939453,16.280000686645508,17848,0.0,0.0
2024-06-27 10:25:00-04:00,16.280000686645508,16.420000076293945,16.280000686645508,16.344999313354492,23423,0.0,0.0
2024-06-27 10:30:00-04:00,16.34000015258789,16.3700008392334,16.299999237060547,16.340200424194336,21306,0.0,0.0
2024-06-27 10:35:00-04:00,16.33989906311035,16.454999923706055,16.33989906311035,16.454999923706055,14367,0.0,0.0
2024-06-27 10:40:00-04:00,16.450000762939453,16.450000762939453,16.399999618530273,16.43000030517578,9186,0.0,0.0
2024-06-27 10:45:00-04:00,16.43000030517578,16.43000030517578,16.350000381469727,16.3799991607666,17841,0.0,0.0
2024-06-27 10:50:00-04:00,16.385000228881836,16.399999618530273,16.324499130249023,16.324499130249023,13303,0.0,0.0
2024-06-27 10:55:00-04:00,16.320100784301758,16.399999618530273,16.320100784301758,16.389999389648438,11854,0.0,0.0
2024-06-27 11:00:00-04:00,16.389999389648438,16.395000457763672,16.274999618530273,16.274999618530273,32113,0.0,0.0
2024-06-27 11:05:00-04:00,16.290000915527344,16.329999923706055,16.270000457763672,16.325000762939453,14407,0.0,0.0
2024-06-27 11:10:00-04:00,16.329999923706055,16.364999771118164,16.31999969482422,16.329999923706055,12739,0.0,0.0
2024-06-27 11:15:00-04:00,16.31999969482422,16.334999084472656,16.299999237060547,16.329999923706055,6262,0.0,0.0
2024-06-27 11:20:00-04:00,16.34000015258789,16.3799991607666,16.34000015258789,16.360000610351562,9258,0.0,0.0
2024-06-27 11:25:00-04:00,16.360000610351562,16.389999389648438,16.360000610351562,16.3799991607666,12009,0.0,0.0
2024-06-27 11:30:00-04:00,16.389999389648438,16.399999618530273,16.385000228881836,16.389999389648438,18845,0.0,0.0
2024-06-27 11:35:00-04:00,16.389999389648438,16.395000457763672,16.325000762939453,16.325000762939453,13085,0.0,0.0
2024-06-27 11:40:00-04:00,16.325000762939453,16.350000381469727,16.325000762939453,16.34000015258789,8024,0.0,0.0
2024-06-27 11:45:00-04:00,16.344999313354492,16.344999313354492,16.31999969482422,16.329999923706055,4934,0.0,0.0
2024-06-27 11:50:00-04:00,16.31999969482422,16.334999084472656,16.309999465942383,16.334999084472656,2867,0.0,0.0
2024-06-27 11:55:00-04:00,16.334999084472656,16.360000610351562,16.31999969482422,16.354999542236328,11825,0.0,0.0
2024-06-27 12:00:00-04:00,16.350000381469727,16.360000610351562,16.34000015258789,16.354999542236328,7325,0.0,0.0
2024-06-27 12:05:00-04:00,16.360000610351562,16.3700008392334,16.354999542236328,16.354999542236328,7882,0.0,0.0
2024-06-27 12:10:00-04:00,16.354999542236328,16.354999542236328,16.290000915527344,16.29010009765625,6671,0.0,0.0
2024-06-27 12:15:00-04:00,16.299999237060547,16.389999389648438,16.299999237060547,16.350000381469727,8133,0.0,0.0
2024-06-27 12:20:00-04:00,16.33989906311035,16.350000381469727,16.334999084472656,16.344999313354492,1328,0.0,0.0
2024-06-27 12:25:00-04:00,16.344999313354492,16.364999771118164,16.315000534057617,16.315000534057617,10858,0.0,0.0
2024-06-27 12:30:00-04:00,16.329999923706055,16.329999923706055,16.290000915527344,16.31999969482422,5898,0.0,0.0
2024-06-27 12:35:00-04:00,16.329999923706055,16.329999923706055,16.31999969482422,16.31999969482422,2778,0.0,0.0
2024-06-27 12:40:00-04:00,16.31999969482422,16.325000762939453,16.315000534057617,16.315000534057617,2749,0.0,0.0
2024-06-27 12:45:00-04:00,16.319900512695312,16.34000015258789,16.309999465942383,16.309999465942383,10229,0.0,0.0
2024-06-27 12:50:00-04:00,16.309999465942383,16.315000534057617,16.299999237060547,16.299999237060547,4701,0.0,0.0
2024-06-27 12:55:00-04:00,16.299999237060547,16.299999237060547,16.270099639892578,16.270099639892578,6320,0.0,0.0
2024-06-27 13:00:00-04:00,16.270000457763672,16.280000686645508,16.2549991607666,16.2549991607666,8371,0.0,0.0
2024-06-27 13:05:00-04:00,16.260000228881836,16.299999237060547,16.260000228881836,16.290000915527344,11825,0.0,0.0
2024-06-27 13:10:00-04:00,16.280000686645508,16.329999923706055,16.280000686645508,16.315000534057617,6805,0.0,0.0
2024-06-27 13:15:00-04:00,16.309999465942383,16.325000762939453,16.309999465942383,16.31999969482422,2755,0.0,0.0
2024-06-27 13:20:00-04:00,16.315000534057617,16.31999969482422,16.290000915527344,16.290000915527344,5685,0.0,0.0
2024-06-27 13:25:00-04:00,16.280000686645508,16.280000686645508,16.239999771118164,16.242900848388672,6862,0.0,0.0
2024-06-27 13:30:00-04:00,16.239999771118164,16.239999771118164,16.219999313354492,16.239999771118164,11001,0.0,0.0
2024-06-27 13:35:00-04:00,16.25,16.270000457763672,16.235000610351562,16.235000610351562,22052,0.0,0.0
2024-06-27 13:40:00-04:00,16.235599517822266,16.270000457763672,16.229999542236328,16.229999542236328,10839,0.0,0.0
2024-06-27 13:45:00-04:00,16.229999542236328,16.25,16.229999542236328,16.25,5103,0.0,0.0
2024-06-27 13:50:00-04:00,16.260000228881836,16.260000228881836,16.219999313354492,16.219999313354492,4637,0.0,0.0
2024-06-27 13:55:00-04:00,16.21500015258789,16.229999542236328,16.21500015258789,16.225000381469727,4450,0.0,0.0
2024-06-27 14:00:00-04:00,16.225000381469727,16.229999542236328,16.180500030517578,16.209999084472656,12668,0.0,0.0
2024-06-27 14:05:00-04:00,16.200000762939453,16.25,16.190000534057617,16.25,4398,0.0,0.0
2024-06-27 14:10:00-04:00,16.25,16.260000228881836,16.24449920654297,16.25,5171,0.0,0.0
2024-06-27 14:15:00-04:00,16.2549991607666,16.264999389648438,16.2549991607666,16.260000228881836,2859,0.0,0.0
2024-06-27 14:20:00-04:00,16.264999389648438,16.299999237060547,16.264999389648438,16.299999237060547,16669,0.0,0.0
2024-06-27 14:25:00-04:00,16.299999237060547,16.350000381469727,16.299999237060547,16.34000015258789,6587,0.0,0.0
2024-06-27 14:30:00-04:00,16.344999313354492,16.3700008392334,16.344999313354492,16.3700008392334,3473,0.0,0.0
2024-06-27 14:35:00-04:00,16.3700008392334,16.3799991607666,16.34000015258789,16.3799991607666,8294,0.0,0.0
2024-06-27 14:40:00-04:00,16.375,16.375,16.350000381469727,16.350000381469727,2529,0.0,0.0
2024-06-27 14:45:00-04:00,16.360000610351562,16.3700008392334,16.354999542236328,16.3700008392334,4566,0.0,0.0
2024-06-27 14:50:00-04:00,16.3799991607666,16.3799991607666,16.354999542236328,16.354999542236328,7301,0.0,0.0
2024-06-27 14:55:00-04:00,16.360000610351562,16.360000610351562,16.350000381469727,16.350000381469727,4942,0.0,0.0
2024-06-27 15:00:00-04:00,16.354999542236328,16.364999771118164,16.34000015258789,16.364999771118164,3870,0.0,0.0
2024-06-27 15:05:00-04:00,16.364999771118164,16.3799991607666,16.360000610351562,16.3799991607666,4376,0.0,0.0
2024-06-27 15:10:00-04:00,16.3799991607666,16.3799991607666,16.3700008392334,16.3700008392334,3660,0.0,0.0
2024-06-27 15:15:00-04:00,16.375,16.3799991607666,16.31999969482422,16.325000762939453,13900,0.0,0.0
2024-06-27 15:20:00-04:00,16.325000762939453,16.3700008392334,16.325000762939453,16.3700008392334,14116,0.0,0.0
2024-06-27 15:25:00-04:00,16.3700008392334,16.3799991607666,16.364999771118164,16.364999771118164,6652,0.0,0.0
2024-06-27 15:30:00-04:00,16.3700008392334,16.3799991607666,16.350000381469727,16.354999542236328,19185,0.0,0.0
2024-06-27 15:35:00-04:00,16.360000610351562,16.36989974975586,16.34000015258789,16.354999542236328,13235,0.0,0.0
2024-06-27 15:40:00-04:00,16.354999542236328,16.360000610351562,16.34000015258789,16.354999542236328,15492,0.0,0.0
2024-06-27 15:45:00-04:00,16.360000610351562,16.389999389648438,16.340099334716797,16.389999389648438,30441,0.0,0.0
2024-06-27 15:50:00-04:00,16.3799991607666,16.469999313354492,16.3799991607666,16.469999313354492,20068,0.0,0.0
2024-06-27 15:55:00-04:00,16.469999313354492,16.479999542236328,16.44499969482422,16.479999542236328,81622,0.0,0.0
2024-06-28 09:30:00-04:00,16.56999969482422,16.649999618530273,16.489999771118164,16.649999618530273,19690,0.0,0.0
2024-06-28 09:35:00-04:00,16.570100784301758,16.770000457763672,16.570100784301758,16.770000457763672,27758,0.0,0.0
2024-06-28 09:40:00-04:00,16.770000457763672,16.829999923706055,16.719999313354492,16.809999465942383,24017,0.0,0.0
2024-06-28 09:45:00-04:00,16.820499420166016,16.823999404907227,16.770000457763672,16.823999404907227,7167,0.0,0.0
2024-06-28 09:50:00-04:00,16.874099731445312,16.889999389648438,16.829999923706055,16.84000015258789,8954,0.0,0.0
2024-06-28 09:55:00-04:00,16.808000564575195,16.850000381469727,16.75,16.764999389648438,6794,0.0,0.0
2024-06-28 10:00:00-04:00,16.739999771118164,16.739999771118164,16.639999389648438,16.65999984741211,5376,0.0,0.0
2024-06-28 10:05:00-04:00,16.68000030517578,16.68000030517578,16.614999771118164,16.649999618530273,11158,0.0,0.0
2024-06-28 10:10:00-04:00,16.65999984741211,16.700000762939453,16.649999618530273,16.69930076599121,14272,0.0,0.0
2024-06-28 10:15:00-04:00,16.684999465942383,16.700000762939453,16.6299991607666,16.670000076293945,15411,0.0,0.0
2024-06-28 10:20:00-04:00,16.649999618530273,16.670000076293945,16.6299991607666,16.645000457763672,4775,0.0,0.0
2024-06-28 10:25:00-04:00,16.645000457763672,16.690000534057617,16.639999389648438,16.690000534057617,5767,0.0,0.0
2024-06-28 10:30:00-04:00,16.690000534057617,16.700000762939453,16.674999237060547,16.674999237060547,5128,0.0,0.0
2024-06-28 10:35:00-04:00,16.649999618530273,16.649999618530273,16.59000015258789,16.59000015258789,4878,0.0,0.0
2024-06-28 10:40:00-04:00,16.584999084472656,16.59000015258789,16.56999969482422,16.59000015258789,7125,0.0,0.0
2024-06-28 10:45:00-04:00,16.594999313354492,16.604999542236328,16.559999465942383,16.579999923706055,10358,0.0,0.0
2024-06-28 10:50:00-04:00,16.579999923706055,16.59000015258789,16.559999465942383,16.569900512695312,6847,0.0,0.0
2024-06-28 10:55:00-04:00,16.56999969482422,16.56999969482422,16.530000686645508,16.530000686645508,4487,0.0,0.0
2024-06-28 11:00:00-04:00,16.524999618530273,16.524999618530273,16.479999542236328,16.489999771118164,29249,0.0,0.0
2024-06-28 11:05:00-04:00,16.48110008239746,16.510000228881836,16.454999923706055,16.454999923706055,12452,0.0,0.0
2024-06-28 11:10:00-04:00,16.450000762939453,16.459999084472656,16.420000076293945,16.420000076293945,30620,0.0,0.0
2024-06-28 11:15:00-04:00,16.41990089416504,16.469999313354492,16.40999984741211,16.469999313354492,13926,0.0,0.0
2024-06-28 11:20:00-04:00,16.479999542236328,16.5049991607666,16.459999084472656,16.459999084472656,9439,0.0,0.0
2024-06-28 11:25:00-04:00,16.469999313354492,16.5,16.469999313354492,16.5,6636,0.0,0.0
2024-06-28 11:30:00-04:00,16.5,16.5,16.40999984741211,16.420000076293945,11260,0.0,0.0
2024-06-28 11:35:00-04:00,16.415000915527344,16.489999771118164,16.415000915527344,16.479999542236328,34818,0.0,0.0
2024-06-28 11:40:00-04:00,16.4950008392334,16.4950008392334,16.450000762939453,16.450000762939453,7010,0.0,0.0
2024-06-28 11:45:00-04:00,16.44499969482422,16.469999313354492,16.43000030517578,16.440000534057617,4982,0.0,0.0
2024-06-28 11:50:00-04:00,16.450000762939453,16.520000457763672,16.450000762939453,16.520000457763672,6127,0.0,0.0
2024-06-28 11:55:00-04:00,16.52989959716797,16.545000076293945,16.520000457763672,16.530000686645508,5951,0.0,0.0
2024-06-28 12:00:00-04:00,16.530000686645508,16.530000686645508,16.510000228881836,16.510000228881836,889,0.0,0.0
2024-06-28 12:05:00-04:00,16.510000228881836,16.514999389648438,16.489999771118164,16.5,2466,0.0,0.0
2024-06-28 12:10:00-04:00,16.505300521850586,16.530000686645508,16.5,16.530000686645508,1796,0.0,0.0
2024-06-28 12:15:00-04:00,16.540000915527344,16.540000915527344,16.520000457763672,16.520000457763672,2778,0.0,0.0
2024-06-28 12:20:00-04:00,16.520000457763672,16.520000457763672,16.514999389648438,16.514999389648438,1925,0.0,0.0
2024-06-28 12:25:00-04:00,16.520000457763672,16.520000457763672,16.5,16.5049991607666,2310,0.0,0.0
2024-06-28 12:30:00-04:00,16.5049991607666,16.5049991607666,16.45989990234375,16.46500015258789,2505,0.0,0.0
2024-06-28 12:35:00-04:00,16.459999084472656,16.459999084472656,16.350000381469727,16.354999542236328,10706,0.0,0.0
2024-06-28 12:40:00-04:00,16.350799560546875,16.3799991607666,16.350799560546875,16.360000610351562,4651,0.0,0.0
2024-06-28 12:45:00-04:00,16.3700008392334,16.389999389648438,16.3700008392334,16.385000228881836,5729,0.0,0.0
2024-06-28 12:50:00-04:00,16.385000228881836,16.395000457763672,16.3799991607666,16.385000228881836,10145,0.0,0.0
2024-06-28 12:55:00-04:00,16.385000228881836,16.385000228881836,16.3799991607666,16.3799991607666,1509,0.0,0.0
2024-06-28 13:00:00-04:00,16.3700008392334,16.389999389648438,16.363000869750977,16.389999389648438,10600,0.0,0.0
2024-06-28 13:05:00-04:00,16.3799991607666,16.459999084472656,16.3799991607666,16.459999084472656,59777,0.0,0.0
2024-06-28 13:10:00-04:00,16.459999084472656,16.479999542236328,16.459999084472656,16.459999084472656,4484,0.0,0.0
2024-06-28 13:15:00-04:00,16.469999313354492,16.469999313354492,16.450000762939453,16.450000762939453,2895,0.0,0.0
2024-06-28 13:20:00-04:00,16.440000534057617,16.459999084472656,16.440000534057617,16.459999084472656,7225,0.0,0.0
2024-06-28 13:25:00-04:00,16.469999313354492,16.469999313354492,16.420000076293945,16.420000076293945,2254,0.0,0.0
2024-06-28 13:30:00-04:00,16.434999465942383,16.459999084472656,16.434999465942383,16.450000762939453,3804,0.0,0.0
2024-06-28 13:35:00-04:00,16.450000762939453,16.450000762939453,16.434999465942383,16.435100555419922,3842,0.0,0.0
2024-06-28 13:40:00-04:00,16.43000030517578,16.43000030517578,16.420000076293945,16.424999237060547,1415,0.0,0.0
2024-06-28 13:45:00-04:00,16.420000076293945,16.420000076293945,16.420000076293945,16.420000076293945,1140,0.0,0.0
2024-06-28 13:50:00-04:00,16.420000076293945,16.424999237060547,16.3799991607666,16.399999618530273,13547,0.0,0.0
2024-06-28 13:55:00-04:00,16.375,16.375,16.34000015258789,16.34000015258789,19648,0.0,0.0
2024-06-28 14:00:00-04:00,16.31999969482422,16.35540008544922,16.31999969482422,16.34000015258789,8032,0.0,0.0
2024-06-28 14:05:00-04:00,16.329999923706055,16.33989906311035,16.325000762939453,16.33989906311035,8327,0.0,0.0
2024-06-28 14:10:00-04:00,16.329999923706055,16.334999084472656,16.31999969482422,16.329999923706055,4231,0.0,0.0
2024-06-28 14:15:00-04:00,16.329999923706055,16.335399627685547,16.309999465942383,16.31999969482422,9330,0.0,0.0
2024-06-28 14:20:00-04:00,16.320100784301758,16.325000762939453,16.280000686645508,16.280000686645508,5611,0.0,0.0
2024-06-28 14:25:00-04:00,16.290000915527344,16.315000534057617,16.280000686645508,16.290000915527344,7023,0.0,0.0
2024-06-28 14:30:00-04:00,16.30500030517578,16.309999465942383,16.299999237060547,16.309999465942383,4851,0.0,0.0
2024-06-28 14:35:00-04:00,16.31999969482422,16.329999923706055,16.31999969482422,16.325000762939453,1988,0.0,0.0
2024-06-28 14:40:00-04:00,16.31999969482422,16.31999969482422,16.299999237060547,16.299999237060547,6344,0.0,0.0
2024-06-28 14:45:00-04:00,16.304399490356445,16.31999969482422,16.280000686645508,16.28499984741211,7797,0.0,0.0
2024-06-28 14:50:00-04:00,16.28499984741211,16.299999237060547,16.280000686645508,16.299999237060547,3305,0.0,0.0
2024-06-28 14:55:00-04:00,16.290000915527344,16.290000915527344,16.270000457763672,16.274999618530273,3322,0.0,0.0
2024-06-28 15:00:00-04:00,16.274999618530273,16.364999771118164,16.274999618530273,16.354999542236328,9599,0.0,0.0
2024-06-28 15:05:00-04:00,16.354999542236328,16.38520050048828,16.354999542236328,16.38520050048828,4480,0.0,0.0
2024-06-28 15:10:00-04:00,16.399999618530273,16.399999618530273,16.385000228881836,16.399999618530273,5982,0.0,0.0
2024-06-28 15:15:00-04:00,16.405000686645508,16.40999984741211,16.3700008392334,16.3799991607666,7092,0.0,0.0
2024-06-28 15:20:00-04:00,16.375,16.3799991607666,16.34000015258789,16.364999771118164,9082,0.0,0.0
2024-06-28 15:25:00-04:00,16.3700008392334,16.389999389648438,16.3700008392334,16.3700008392334,11267,0.0,0.0
2024-06-28 15:30:00-04:00,16.364999771118164,16.364999771118164,16.34000015258789,16.344999313354492,13302,0.0,0.0
2024-06-28 15:35:00-04:00,16.344999313354492,16.399999618530273,16.334999084472656,16.385000228881836,15709,0.0,0.0
2024-06-28 15:40:00-04:00,16.385000228881836,16.454999923706055,16.385000228881836,16.450000762939453,30092,0.0,0.0
2024-06-28 15:45:00-04:00,16.448299407958984,16.530000686645508,16.448299407958984,16.530000686645508,26046,0.0,0.0
2024-06-28 15:50:00-04:00,16.530000686645508,16.540000915527344,16.3799991607666,16.3799991607666,37143,0.0,0.0
2024-06-28 15:55:00-04:00,16.3799991607666,16.43000030517578,16.360000610351562,16.420000076293945,78402,0.0,0.0
2024-07-01 09:30:00-04:00,16.549999237060547,16.549999237060547,16.3700008392334,16.3700008392334,14875,0.0,0.0
2024-07-01 09:35:00-04:00,16.350000381469727,16.400100708007812,16.350000381469727,16.350000381469727,3806,0.0,0.0
2024-07-01 09:40:00-04:00,16.34000015258789,16.389999389648438,16.329999923706055,16.329999923706055,3021,0.0,0.0
2024-07-01 09:45:00-04:00,16.329999923706055,16.344999313354492,16.270099639892578,16.290000915527344,5070,0.0,0.0
2024-07-01 09:50:00-04:00,16.290000915527344,16.290000915527344,16.25,16.25,3381,0.0,0.0
2024-07-01 09:55:00-04:00,16.200000762939453,16.229999542236328,16.200000762939453,16.229999542236328,3169,0.0,0.0
2024-07-01 10:00:00-04:00,16.239999771118164,16.270000457763672,16.181100845336914,16.19969940185547,5341,0.0,0.0
2024-07-01 10:05:00-04:00,16.200000762939453,16.290000915527344,16.19499969482422,16.260000228881836,8494,0.0,0.0
2024-07-01 10:10:00-04:00,16.239999771118164,16.25,16.190000534057617,16.190000534057617,6745,0.0,0.0
2024-07-01 10:15:00-04:00,16.200000762939453,16.21500015258789,16.190000534057617,16.209999084472656,3140,0.0,0.0
2024-07-01 10:20:00-04:00,16.21500015258789,16.21500015258789,16.110000610351562,16.139999389648438,26361,0.0,0.0
2024-07-01 10:25:00-04:00,16.139999389648438,16.150999069213867,16.120100021362305,16.1299991607666,5303,0.0,0.0
2024-07-01 10:30:00-04:00,16.145000457763672,16.149999618530273,16.110000610351562,16.110000610351562,6786,0.0,0.0
2024-07-01 10:35:00-04:00,16.104999542236328,16.104999542236328,16.06999969482422,16.09000015258789,10218,0.0,0.0
2024-07-01 10:40:00-04:00,16.079999923706055,16.110000610351562,16.040000915527344,16.110000610351562,18950,0.0,0.0
2024-07-01 10:45:00-04:00,16.104999542236328,16.15999984741211,16.104999542236328,16.15999984741211,4511,0.0,0.0
2024-07-01 10:50:00-04:00,16.200000762939453,16.209999084472656,16.200000762939453,16.209999084472656,2025,0.0,0.0
2024-07-01 10:55:00-04:00,16.209999084472656,16.209999084472656,16.170000076293945,16.200000762939453,4280,0.0,0.0
2024-07-01 11:00:00-04:00,16.18000030517578,16.229999542236328,16.18000030517578,16.219999313354492,3378,0.0,0.0
2024-07-01 11:05:00-04:00,16.239999771118164,16.31999969482422,16.229999542236328,16.31999969482422,16818,0.0,0.0
2024-07-01 11:10:00-04:00,16.309999465942383,16.329999923706055,16.299999237060547,16.329999923706055,3500,0.0,0.0
2024-07-01 11:15:00-04:00,16.31999969482422,16.350000381469727,16.31999969482422,16.34000015258789,2305,0.0,0.0
2024-07-01 11:20:00-04:00,16.329999923706055,16.34000015258789,16.309999465942383,16.34000015258789,2871,0.0,0.0
2024-07-01 11:25:00-04:00,16.34000015258789,16.354999542236328,16.280000686645508,16.280000686645508,7355,0.0,0.0
2024-07-01 11:30:00-04:00,16.270000457763672,16.280000686645508,16.260000228881836,16.260000228881836,4088,0.0,0.0
2024-07-01 11:35:00-04:00,16.270000457763672,16.270000457763672,16.25,16.25,2251,0.0,0.0
2024-07-01 11:40:00-04:00,16.239999771118164,16.260000228881836,16.230199813842773,16.239999771118164,2822,0.0,0.0
2024-07-01 11:45:00-04:00,16.239999771118164,16.2549991607666,16.229999542236328,16.25,2189,0.0,0.0
2024-07-01 11:50:00-04:00,16.260000228881836,16.260000228881836,16.204999923706055,16.204999923706055,8042,0.0,0.0
2024-07-01 11:55:00-04:00,16.204999923706055,16.229999542236328,16.204999923706055,16.229999542236328,2071,0.0,0.0
2024-07-01 12:00:00-04:00,16.229999542236328,16.239999771118164,16.219999313354492,16.219999313354492,2021,0.0,0.0
2024-07-01 12:05:00-04:00,16.229999542236328,16.235000610351562,16.21500015258789,16.235000610351562,5944,0.0,0.0
2024-07-01 12:10:00-04:00,16.235000610351562,16.334999084472656,16.229999542236328,16.235000610351562,16396,0.0,0.0
2024-07-01 12:15:00-04:00,16.235000610351562,16.270000457763672,16.235000610351562,16.270000457763672,11600,0.0,0.0
2024-07-01 12:20:00-04:00,16.28499984741211,16.320999145507812,16.274999618530273,16.299999237060547,7240,0.0,0.0
2024-07-01 12:25:00-04:00,16.309999465942383,16.360000610351562,16.309999465942383,16.360000610351562,7961,0.0,0.0
2024-07-01 12:30:00-04:00,16.3700008392334,16.420000076293945,16.3700008392334,16.406400680541992,7093,0.0,0.0
2024-07-01 12:35:00-04:00,16.400999069213867,16.40999984741211,16.395000457763672,16.40999984741211,2604,0.0,0.0
2024-07-01 12:40:00-04:00,16.415000915527344,16.420000076293945,16.399999618530273,16.40999984741211,4077,0.0,0.0
2024-07-01 12:45:00-04:00,16.41900062561035,16.41900062561035,16.385000228881836,16.389999389648438,2010,0.0,0.0
2024-07-01 12:50:00-04:00,16.385000228881836,16.399999618530273,16.385000228881836,16.389999389648438,1628,0.0,0.0
2024-07-01 12:55:00-04:00,16.389999389648438,16.389999389648438,16.3700008392334,16.3700008392334,2427,0.0,0.0
2024-07-01 13:00:00-04:00,16.3700008392334,16.377700805664062,16.3700008392334,16.377700805664062,1739,0.0,0.0
2024-07-01 13:05:00-04:00,16.3799991607666,16.3799991607666,16.375,16.3799991607666,581,0.0,0.0
2024-07-01 13:10:00-04:00,16.385000228881836,16.385000228881836,16.3799991607666,16.3799991607666,709,0.0,0.0
2024-07-01 13:15:00-04:00,16.379899978637695,16.385000228881836,16.350000381469727,16.364999771118164,4784,0.0,0.0
2024-07-01 13:20:00-04:00,16.360000610351562,16.3700008392334,16.360000610351562,16.3700008392334,1563,0.0,0.0
2024-07-01 13:25:00-04:00,16.361000061035156,16.405000686645508,16.350000381469727,16.405000686645508,21738,0.0,0.0
2024-07-01 13:30:00-04:00,16.405000686645508,16.421300888061523,16.395000457763672,16.421300888061523,2482,0.0,0.0
2024-07-01 13:35:00-04:00,16.429100036621094,16.440000534057617,16.415000915527344,16.415000915527344,6423,0.0,0.0
2024-07-01 13:40:00-04:00,16.40999984741211,16.40999984741211,16.364999771118164,16.389999389648438,10203,0.0,0.0
2024-07-01 13:45:00-04:00,16.375900268554688,16.399999618530273,16.3700008392334,16.395000457763672,8675,0.0,0.0
2024-07-01 13:50:00-04:00,16.395000457763672,16.395000457763672,16.354000091552734,16.354999542236328,8282,0.0,0.0
2024-07-01 13:55:00-04:00,16.354999542236328,16.354999542236328,16.344999313354492,16.344999313354492,2267,0.0,0.0
2024-07-01 14:00:00-04:00,16.34000015258789,16.3700008392334,16.325000762939453,16.364999771118164,9806,0.0,0.0
2024-07-01 14:05:00-04:00,16.3700008392334,16.389999389648438,16.363500595092773,16.3799991607666,7546,0.0,0.0
2024-07-01 14:10:00-04:00,16.375,16.385000228881836,16.354999542236328,16.364999771118164,11544,0.0,0.0
2024-07-01 14:15:00-04:00,16.354999542236328,16.3700008392334,16.31999969482422,16.31999969482422,14158,0.0,0.0
2024-07-01 14:20:00-04:00,16.315000534057617,16.315000534057617,16.280099868774414,16.28019905090332,6321,0.0,0.0
2024-07-01 14:25:00-04:00,16.280000686645508,16.280000686645508,16.219999313354492,16.260000228881836,19298,0.0,0.0
2024-07-01 14:30:00-04:00,16.2549991607666,16.2549991607666,16.204999923706055,16.225000381469727,5578,0.0,0.0
2024-07-01 14:35:00-04:00,16.225000381469727,16.2450008392334,16.21500015258789,16.225000381469727,11279,0.0,0.0
2024-07-01 14:40:00-04:00,16.210100173950195,16.210100173950195,16.190000534057617,16.19499969482422,9346,0.0,0.0
2024-07-01 14:45:00-04:00,16.19499969482422,16.204999923706055,16.18000030517578,16.18000030517578,16665,0.0,0.0
2024-07-01 14:50:00-04:00,16.184999465942383,16.189899444580078,16.139999389648438,16.155000686645508,23585,0.0,0.0
2024-07-01 14:55:00-04:00,16.15999984741211,16.229999542236328,16.149999618530273,16.229999542236328,10378,0.0,0.0
2024-07-01 15:00:00-04:00,16.21500015258789,16.21500015258789,16.18000030517578,16.204999923706055,12150,0.0,0.0
2024-07-01 15:05:00-04:00,16.204999923706055,16.215299606323242,16.190099716186523,16.209999084472656,8331,0.0,0.0
2024-07-01 15:10:00-04:00,16.204999923706055,16.209999084472656,16.19499969482422,16.209999084472656,8330,0.0,0.0
2024-07-01 15:15:00-04:00,16.219999313354492,16.219999313354492,16.190000534057617,16.19499969482422,10803,0.0,0.0
2024-07-01 15:20:00-04:00,16.200000762939453,16.21500015258789,16.18000030517578,16.19499969482422,9592,0.0,0.0
2024-07-01 15:25:00-04:00,16.190000534057617,16.19499969482422,16.18000030517578,16.190000534057617,12676,0.0,0.0
2024-07-01 15:30:00-04:00,16.190000534057617,16.209999084472656,16.18000030517578,16.190000534057617,18289,0.0,0.0
2024-07-01 15:35:00-04:00,16.190000534057617,16.329999923706055,16.190000534057617,16.329999923706055,57000,0.0,0.0
2024-07-01 15:40:00-04:00,16.329999923706055,16.360000610351562,16.31999969482422,16.360000610351562,20330,0.0,0.0
2024-07-01 15:45:00-04:00,16.354999542236328,16.354999542236328,16.315000534057617,16.315000534057617,14856,0.0,0.0
2024-07-01 15:50:00-04:00,16.309999465942383,16.350000381469727,16.299999237060547,16.350000381469727,24626,0.0,0.0
2024-07-01 15:55:00-04:00,16.350000381469727,16.360000610351562,16.280000686645508,16.329500198364258,57229,0.0,0.0
2024-07-02 09:30:00-04:00,16.25,16.309999465942383,16.25,16.280000686645508,15782,0.0,0.0
2024-07-02 09:35:00-04:00,16.239999771118164,16.25,16.15999984741211,16.219999313354492,4752,0.0,0.0
2024-07-02 09:40:00-04:00,16.262300491333008,16.309999465942383,16.262300491333008,16.309999465942383,2548,0.0,0.0
2024-07-02 09:45:00-04:00,16.30500030517578,16.475799560546875,16.297100067138672,16.454999923706055,10398,0.0,0.0
2024-07-02 09:50:00-04:00,16.479999542236328,16.5049991607666,16.456499099731445,16.5,7814,0.0,0.0
2024-07-02 09:55:00-04:00,16.469999313354492,16.479999542236328,16.469999313354492,16.475000381469727,2024,0.0,0.0
2024-07-02 10:00:00-04:00,16.459999084472656,16.530000686645508,16.450000762939453,16.520000457763672,20221,0.0,0.0
2024-07-02 10:05:00-04:00,16.530000686645508,16.530000686645508,16.470300674438477,16.4950008392334,7650,0.0,0.0
2024-07-02 10:10:00-04:00,16.4950008392334,16.540000915527344,16.479999542236328,16.530000686645508,10872,0.0,0.0
2024-07-02 10:15:00-04:00,16.52549934387207,16.59000015258789,16.524999618530273,16.579999923706055,8604,0.0,0.0
2024-07-02 10:20:00-04:00,16.56999969482422,16.594999313354492,16.559999465942383,16.584999084472656,5809,0.0,0.0
2024-07-02 10:25:00-04:00,16.584999084472656,16.649999618530273,16.584999084472656,16.610000610351562,20577,0.0,0.0
2024-07-02 10:30:00-04:00,16.609800338745117,16.69499969482422,16.609800338745117,16.690000534057617,21580,0.0,0.0
2024-07-02 10:35:00-04:00,16.690000534057617,16.69499969482422,16.649999618530273,16.670000076293945,10664,0.0,0.0
2024-07-02 10:40:00-04:00,16.65999984741211,16.709999084472656,16.65999984741211,16.67959976196289,9811,0.0,0.0
2024-07-02 10:45:00-04:00,16.670000076293945,16.700000762939453,16.649900436401367,16.69499969482422,6048,0.0,0.0
2024-07-02 10:50:00-04:00,16.69499969482422,16.735000610351562,16.692800521850586,16.735000610351562,7640,0.0,0.0
2024-07-02 10:55:00-04:00,16.739999771118164,16.75,16.72450065612793,16.7450008392334,11636,0.0,0.0
2024-07-02 11:00:00-04:00,16.749900817871094,16.749900817871094,16.735000610351562,16.739999771118164,2407,0.0,0.0
2024-07-02 11:05:00-04:00,16.735000610351562,16.75,16.670000076293945,16.68000030517578,14880,0.0,0.0
2024-07-02 11:10:00-04:00,16.690000534057617,16.690000534057617,16.65999984741211,16.65999984741211,6531,0.0,0.0
2024-07-02 11:15:00-04:00,16.645000457763672,16.735000610351562,16.645000457763672,16.735000610351562,7553,0.0,0.0
2024-07-02 11:20:00-04:00,16.735000610351562,16.735000610351562,16.690000534057617,16.709999084472656,11697,0.0,0.0
2024-07-02 11:25:00-04:00,16.700000762939453,16.709999084472656,16.670000076293945,16.690000534057617,7396,0.0,0.0
2024-07-02 11:30:00-04:00,16.684999465942383,16.725000381469727,16.684999465942383,16.71500015258789,5534,0.0,0.0
2024-07-02 11:35:00-04:00,16.71500015258789,16.7185001373291,16.690000534057617,16.71500015258789,3866,0.0,0.0
2024-07-02 11:40:00-04:00,16.71500015258789,16.71969985961914,16.690000534057617,16.690000534057617,5034,0.0,0.0
2024-07-02 11:45:00-04:00,16.690000534057617,16.699800491333008,16.65999984741211,16.65999984741211,3227,0.0,0.0
2024-07-02 11:50:00-04:00,16.665000915527344,16.665000915527344,16.600000381469727,16.639999389648438,8678,0.0,0.0
2024-07-02 11:55:00-04:00,16.645000457763672,16.665000915527344,16.6200008392334,16.6200008392334,8836,0.0,0.0
2024-07-02 12:00:00-04:00,16.610000610351562,16.610000610351562,16.59000015258789,16.594999313354492,2726,0.0,0.0
2024-07-02 12:05:00-04:00,16.600000381469727,16.6299991607666,16.600000381469727,16.610000610351562,7599,0.0,0.0
2024-07-02 12:10:00-04:00,16.6200008392334,16.6200008392334,16.540000915527344,16.540000915527344,9569,0.0,0.0
2024-07-02 12:15:00-04:00,16.520000457763672,16.59000015258789,16.520000457763672,16.59000015258789,7284,0.0,0.0
2024-07-02 12:20:00-04:00,16.579999923706055,16.579999923706055,16.540000915527344,16.545000076293945,3575,0.0,0.0
2024-07-02 12:25:00-04:00,16.545000076293945,16.55500030517578,16.520000457763672,16.520000457763672,9954,0.0,0.0
2024-07-02 12:30:00-04:00,16.520099639892578,16.53499984741211,16.520099639892578,16.53499984741211,3824,0.0,0.0
2024-07-02 12:35:00-04:00,16.540000915527344,16.56999969482422,16.540000915527344,16.56999969482422,5919,0.0,0.0
2024-07-02 12:40:00-04:00,16.559999465942383,16.579999923706055,16.559999465942383,16.575000762939453,2985,0.0,0.0
2024-07-02 12:45:00-04:00,16.575000762939453,16.594999313354492,16.559999465942383,16.575000762939453,8880,0.0,0.0
2024-07-02 12:50:00-04:00,16.575000762939453,16.649999618530273,16.575000762939453,16.649999618530273,5739,0.0,0.0
2024-07-02 12:55:00-04:00,16.649999618530273,16.670000076293945,16.6299991607666,16.649900436401367,8718,0.0,0.0
2024-07-02 13:00:00-04:00,16.645000457763672,16.649999618530273,16.639999389648438,16.649999618530273,2832,0.0,0.0
2024-07-02 13:05:00-04:00,16.645000457763672,16.645000457763672,16.639999389648438,16.639999389648438,4089,0.0,0.0
2024-07-02 13:10:00-04:00,16.645000457763672,16.645000457763672,16.614999771118164,16.625,5960,0.0,0.0
2024-07-02 13:15:00-04:00,16.625,16.6299991607666,16.618999481201172,16.618999481201172,3096,0.0,0.0
2024-07-02 13:20:00-04:00,16.6112003326416,16.625,16.6112003326416,16.625,2999,0.0,0.0
2024-07-02 13:25:00-04:00,16.625,16.635000228881836,16.610000610351562,16.635000228881836,7947,0.0,0.0
2024-07-02 13:30:00-04:00,16.635000228881836,16.635000228881836,16.610000610351562,16.6200008392334,8330,0.0,0.0
2024-07-02 13:35:00-04:00,16.6200008392334,16.635099411010742,16.61949920654297,16.6299991607666,4422,0.0,0.0
2024-07-02 13:40:00-04:00,16.6299991607666,16.655000686645508,16.6299991607666,16.649999618530273,3723,0.0,0.0
2024-07-02 13:45:00-04:00,16.649999618530273,16.649999618530273,16.645000457763672,16.645000457763672,1081,0.0,0.0
2024-07-02 13:50:00-04:00,16.645000457763672,16.655000686645508,16.645000457763672,16.649999618530273,6597,0.0,0.0
2024-07-02 13:55:00-04:00,16.65999984741211,16.689199447631836,16.65999984741211,16.68000030517578,13428,0.0,0.0
2024-07-02 14:00:00-04:00,16.68000030517578,16.69529914855957,16.68000030517578,16.690000534057617,2627,0.0,0.0
2024-07-02 14:05:00-04:00,16.68000030517578,16.684999465942383,16.645000457763672,16.655000686645508,6434,0.0,0.0
2024-07-02 14:10:00-04:00,16.659700393676758,16.690000534057617,16.659500122070312,16.690000534057617,11678,0.0,0.0
2024-07-02 14:15:00-04:00,16.69499969482422,16.704999923706055,16.670000076293945,16.674999237060547,6418,0.0,0.0
2024-07-02 14:20:00-04:00,16.664899826049805,16.664899826049805,16.639999389648438,16.639999389648438,3174,0.0,0.0
2024-07-02 14:25:00-04:00,16.639999389648438,16.665000915527344,16.639999389648438,16.665000915527344,7468,0.0,0.0
2024-07-02 14:30:00-04:00,16.665000915527344,16.674999237060547,16.665000915527344,16.665000915527344,7613,0.0,0.0
2024-07-02 14:35:00-04:00,16.65999984741211,16.665000915527344,16.655000686645508,16.665000915527344,4939,0.0,0.0
2024-07-02 14:40:00-04:00,16.670000076293945,16.674999237060547,16.665000915527344,16.665000915527344,4223,0.0,0.0
2024-07-02 14:45:00-04:00,16.665000915527344,16.68000030517578,16.65999984741211,16.65999984741211,5557,0.0,0.0
2024-07-02 14:50:00-04:00,16.65999984741211,16.684999465942383,16.659700393676758,16.684999465942383,9927,0.0,0.0
2024-07-02 14:55:00-04:00,16.68000030517578,16.684999465942383,16.665000915527344,16.665000915527344,7837,0.0,0.0
2024-07-02 15:00:00-04:00,16.66080093383789,16.704999923706055,16.66010093688965,16.68000030517578,12470,0.0,0.0
2024-07-02 15:05:00-04:00,16.684999465942383,16.690000534057617,16.684999465942383,16.684999465942383,1079,0.0,0.0
2024-07-02 15:10:00-04:00,16.690000534057617,16.690000534057617,16.65999984741211,16.665000915527344,7051,0.0,0.0
2024-07-02 15:15:00-04:00,16.670000076293945,16.684999465942383,16.655000686645508,16.684999465942383,10965,0.0,0.0
2024-07-02 15:20:00-04:00,16.684999465942383,16.71500015258789,16.684999465942383,16.700000762939453,8703,0.0,0.0
2024-07-02 15:25:00-04:00,16.690000534057617,16.71500015258789,16.690000534057617,16.709999084472656,8434,0.0,0.0
2024-07-02 15:30:00-04:00,16.700000762939453,16.71500015258789,16.69499969482422,16.71500015258789,7268,0.0,0.0
2024-07-02 15:35:00-04:00,16.71500015258789,16.719999313354492,16.65999984741211,16.690000534057617,20673,0.0,0.0
2024-07-02 15:40:00-04:00,16.700000762939453,16.700000762939453,16.672500610351562,16.674999237060547,7075,0.0,0.0
2024-07-02 15:45:00-04:00,16.679500579833984,16.690000534057617,16.649999618530273,16.665000915527344,22204,0.0,0.0
2024-07-02 15:50:00-04:00,16.65999984741211,16.709999084472656,16.65999984741211,16.69499969482422,32645,0.0,0.0
2024-07-02 15:55:00-04:00,16.69499969482422,16.719999313354492,16.649999618530273,16.66900062561035,76930,0.0,0.0
2024-07-03 09:30:00-04:00,16.65999984741211,16.850000381469727,16.65999984741211,16.829999923706055,17910,0.0,0.0
2024-07-03 09:35:00-04:00,16.799999237060547,16.799999237060547,16.690000534057617,16.739999771118164,5911,0.0,0.0
2024-07-03 09:40:00-04:00,16.739999771118164,16.859600067138672,16.701200485229492,16.834999084472656,10022,0.0,0.0
2024-07-03 09:45:00-04:00,16.81599998474121,16.84000015258789,16.81599998474121,16.81999969482422,2877,0.0,0.0
2024-07-03 09:50:00-04:00,16.80190086364746,16.84000015258789,16.80190086364746,16.84000015258789,7181,0.0,0.0
2024-07-03 09:55:00-04:00,16.81999969482422,16.84950065612793,16.81999969482422,16.84000015258789,3715,0.0,0.0
2024-07-03 10:00:00-04:00,16.850000381469727,16.860000610351562,16.815000534057617,16.860000610351562,6018,0.0,0.0
2024-07-03 10:05:00-04:00,16.8700008392334,16.920000076293945,16.8700008392334,16.889999389648438,8478,0.0,0.0
2024-07-03 10:10:00-04:00,16.899999618530273,16.969999313354492,16.899999618530273,16.969999313354492,7721,0.0,0.0
2024-07-03 10:15:00-04:00,16.959999084472656,16.9950008392334,16.940000534057617,16.96500015258789,10184,0.0,0.0
2024-07-03 10:20:00-04:00,16.96500015258789,16.989999771118164,16.96500015258789,16.969999313354492,7291,0.0,0.0
2024-07-03 10:25:00-04:00,16.979999542236328,16.989999771118164,16.97610092163086,16.97610092163086,4505,0.0,0.0
2024-07-03 10:30:00-04:00,16.979999542236328,17.020000457763672,16.979900360107422,16.990100860595703,13363,0.0,0.0
2024-07-03 10:35:00-04:00,17.0,17.049999237060547,17.0,17.049100875854492,5968,0.0,0.0
2024-07-03 10:40:00-04:00,17.040000915527344,17.059999465942383,17.010000228881836,17.059999465942383,6487,0.0,0.0
2024-07-03 10:45:00-04:00,17.049999237060547,17.06999969482422,17.03499984741211,17.06999969482422,4258,0.0,0.0
2024-07-03 10:50:00-04:00,17.079999923706055,17.114999771118164,17.073999404907227,17.110000610351562,6106,0.0,0.0
2024-07-03 10:55:00-04:00,17.10070037841797,17.104999542236328,17.05500030517578,17.070600509643555,5387,0.0,0.0
2024-07-03 11:00:00-04:00,17.06999969482422,17.06999969482422,17.020000457763672,17.049999237060547,8103,0.0,0.0
2024-07-03 11:05:00-04:00,17.049999237060547,17.065000534057617,17.030000686645508,17.065000534057617,5606,0.0,0.0
2024-07-03 11:10:00-04:00,17.065000534057617,17.065799713134766,17.014999389648438,17.030000686645508,6469,0.0,0.0
2024-07-03 11:15:00-04:00,17.03499984741211,17.049999237060547,17.02989959716797,17.045000076293945,2993,0.0,0.0
2024-07-03 11:20:00-04:00,17.030000686645508,17.030000686645508,16.989999771118164,16.9950008392334,6391,0.0,0.0
2024-07-03 11:25:00-04:00,16.989999771118164,17.010000228881836,16.975000381469727,16.989999771118164,6409,0.0,0.0
2024-07-03 11:30:00-04:00,16.989999771118164,17.014999389648438,16.969999313354492,17.0,4641,0.0,0.0
2024-07-03 11:35:00-04:00,17.0,17.020000457763672,16.99519920349121,17.020000457763672,3058,0.0,0.0
2024-07-03 11:40:00-04:00,17.020000457763672,17.040000915527344,17.014999389648438,17.020000457763672,3483,0.0,0.0
2024-07-03 11:45:00-04:00,17.024999618530273,17.030500411987305,17.020000457763672,17.030000686645508,2124,0.0,0.0
2024-07-03 11:50:00-04:00,17.03499984741211,17.040000915527344,17.030000686645508,17.040000915527344,3368,0.0,0.0
2024-07-03 11:55:00-04:00,17.040000915527344,17.045000076293945,17.040000915527344,17.040000915527344,2673,0.0,0.0
2024-07-03 12:00:00-04:00,17.030000686645508,17.030000686645508,17.010000228881836,17.014999389648438,3102,0.0,0.0
2024-07-03 12:05:00-04:00,17.010000228881836,17.024999618530273,17.0,17.024999618530273,2622,0.0,0.0
2024-07-03 12:10:00-04:00,17.030000686645508,17.040000915527344,17.030000686645508,17.030000686645508,3348,0.0,0.0
2024-07-03 12:15:00-04:00,17.030000686645508,17.030000686645508,17.010000228881836,17.020000457763672,2262,0.0,0.0
2024-07-03 12:20:00-04:00,17.020000457763672,17.03499984741211,17.010000228881836,17.014999389648438,3730,0.0,0.0
2024-07-03 12:25:00-04:00,17.009899139404297,17.040000915527344,17.009899139404297,17.040000915527344,3261,0.0,0.0
2024-07-03 12:30:00-04:00,17.030000686645508,17.03499984741211,17.020000457763672,17.03499984741211,4492,0.0,0.0
2024-07-03 12:35:00-04:00,17.034900665283203,17.05500030517578,17.030000686645508,17.040000915527344,9494,0.0,0.0
2024-07-03 12:40:00-04:00,17.040000915527344,17.079999923706055,17.040000915527344,17.060100555419922,11514,0.0,0.0
2024-07-03 12:45:00-04:00,17.06999969482422,17.06999969482422,17.065000534057617,17.065000534057617,640,0.0,0.0
2024-07-05 09:30:00-04:00,16.899999618530273,16.969900131225586,16.899999618530273,16.90999984741211,12254,0.0,0.0
2024-07-05 09:35:00-04:00,16.8700008392334,16.8700008392334,16.739999771118164,16.739999771118164,6904,0.0,0.0
2024-07-05 09:40:00-04:00,16.770000457763672,16.799999237060547,16.75,16.77050018310547,3015,0.0,0.0
2024-07-05 09:45:00-04:00,16.799999237060547,16.799999237060547,16.59000015258789,16.6117000579834,10257,0.0,0.0
2024-07-05 09:50:00-04:00,16.648000717163086,16.649999618530273,16.625999450683594,16.649999618530273,1346,0.0,0.0
2024-07-05 09:55:00-04:00,16.639999389648438,16.639999389648438,16.600000381469727,16.600000381469727,1305,0.0,0.0
2024-07-05 10:00:00-04:00,16.600000381469727,16.690000534057617,16.594999313354492,16.649999618530273,3658,0.0,0.0
2024-07-05 10:05:00-04:00,16.670000076293945,16.679000854492188,16.600000381469727,16.6299991607666,6175,0.0,0.0
2024-07-05 10:10:00-04:00,16.6200008392334,16.6200008392334,16.559999465942383,16.56999969482422,11461,0.0,0.0
2024-07-05 10:15:00-04:00,16.565000534057617,16.59000015258789,16.530000686645508,16.565000534057617,12025,0.0,0.0
2024-07-05 10:20:00-04:00,16.530899047851562,16.540000915527344,16.489999771118164,16.510000228881836,7027,0.0,0.0
2024-07-05 10:25:00-04:00,16.520000457763672,16.524999618530273,16.489999771118164,16.489999771118164,7449,0.0,0.0
2024-07-05 10:30:00-04:00,16.479999542236328,16.520000457763672,16.448999404907227,16.450000762939453,4789,0.0,0.0
2024-07-05 10:35:00-04:00,16.440000534057617,16.459999084472656,16.385000228881836,16.385000228881836,6986,0.0,0.0
2024-07-05 10:40:00-04:00,16.3799991607666,16.399999618530273,16.350000381469727,16.399999618530273,7121,0.0,0.0
2024-07-05 10:45:00-04:00,16.39539909362793,16.449499130249023,16.3799991607666,16.440000534057617,6644,0.0,0.0
2024-07-05 10:50:00-04:00,16.40999984741211,16.40999984741211,16.380300521850586,16.399999618530273,4970,0.0,0.0
2024-07-05 10:55:00-04:00,16.390100479125977,16.420000076293945,16.3700008392334,16.394399642944336,6960,0.0,0.0
2024-07-05 11:00:00-04:00,16.399999618530273,16.399999618530273,16.375,16.375,1636,0.0,0.0
2024-07-05 11:05:00-04:00,16.385000228881836,16.399999618530273,16.350000381469727,16.350000381469727,7432,0.0,0.0
2024-07-05 11:10:00-04:00,16.34000015258789,16.34000015258789,16.32430076599121,16.338699340820312,1779,0.0,0.0
2024-07-05 11:15:00-04:00,16.33049964904785,16.34000015258789,16.315000534057617,16.31999969482422,6403,0.0,0.0
2024-07-05 11:20:00-04:00,16.329999923706055,16.329999923706055,16.309999465942383,16.31999969482422,2349,0.0,0.0
2024-07-05 11:25:00-04:00,16.329999923706055,16.359899520874023,16.329999923706055,16.359899520874023,3096,0.0,0.0
2024-07-05 11:30:00-04:00,16.360000610351562,16.389999389648438,16.34000015258789,16.34000015258789,5780,0.0,0.0
2024-07-05 11:35:00-04:00,16.34000015258789,16.34000015258789,16.319900512695312,16.31999969482422,12864,0.0,0.0
2024-07-05 11:40:00-04:00,16.31999969482422,16.31999969482422,16.270200729370117,16.270299911499023,3964,0.0,0.0
2024-07-05 11:45:00-04:00,16.25,16.25,16.21500015258789,16.219999313354492,6587,0.0,0.0
2024-07-05 11:50:00-04:00,16.219999313354492,16.229999542236328,16.184999465942383,16.21030044555664,6089,0.0,0.0
2024-07-05 11:55:00-04:00,16.200000762939453,16.270000457763672,16.200000762939453,16.270000457763672,6885,0.0,0.0
2024-07-05 12:00:00-04:00,16.260000228881836,16.288999557495117,16.239999771118164,16.2549991607666,4995,0.0,0.0
2024-07-05 12:05:00-04:00,16.260000228881836,16.260000228881836,16.240100860595703,16.2549991607666,1849,0.0,0.0
2024-07-05 12:10:00-04:00,16.260000228881836,16.288999557495117,16.25,16.28499984741211,5026,0.0,0.0
2024-07-05 12:15:00-04:00,16.270000457763672,16.280099868774414,16.260000228881836,16.260000228881836,2623,0.0,0.0
2024-07-05 12:20:00-04:00,16.260000228881836,16.263200759887695,16.239999771118164,16.25,2613,0.0,0.0
2024-07-05 12:25:00-04:00,16.25,16.280000686645508,16.239999771118164,16.239999771118164,22547,0.0,0.0
2024-07-05 12:30:00-04:00,16.229999542236328,16.229999542236328,16.200000762939453,16.200000762939453,5914,0.0,0.0
2024-07-05 12:35:00-04:00,16.190000534057617,16.190000534057617,16.139999389648438,16.149999618530273,6650,0.0,0.0
2024-07-05 12:40:00-04:00,16.139999389648438,16.149999618530273,16.114999771118164,16.114999771118164,4357,0.0,0.0
2024-07-05 12:45:00-04:00,16.110000610351562,16.110000610351562,16.079999923706055,16.079999923706055,11957,0.0,0.0
2024-07-05 12:50:00-04:00,16.084999084472656,16.094999313354492,16.065000534057617,16.065000534057617,7055,0.0,0.0
2024-07-05 12:55:00-04:00,16.06999969482422,16.09000015258789,16.06999969482422,16.09000015258789,1866,0.0,0.0
2024-07-05 13:00:00-04:00,16.09000015258789,16.139999389648438,16.065000534057617,16.139999389648438,5516,0.0,0.0
2024-07-05 13:05:00-04:00,16.145000457763672,16.159900665283203,16.134000778198242,16.145000457763672,11884,0.0,0.0
2024-07-05 13:10:00-04:00,16.14579963684082,16.14579963684082,16.110000610351562,16.1200008392334,14261,0.0,0.0
2024-07-05 13:15:00-04:00,16.1299991607666,16.15999984741211,16.1200008392334,16.15999984741211,6001,0.0,0.0
2024-07-05 13:20:00-04:00,16.165000915527344,16.209999084472656,16.165000915527344,16.209999084472656,20550,0.0,0.0
2024-07-05 13:25:00-04:00,16.209999084472656,16.219999313354492,16.200000762939453,16.21500015258789,9003,0.0,0.0
2024-07-05 13:30:00-04:00,16.239999771118164,16.239999771118164,16.190000534057617,16.190000534057617,8286,0.0,0.0
2024-07-05 13:35:00-04:00,16.18000030517578,16.190000534057617,16.174999237060547,16.190000534057617,24266,0.0,0.0
2024-07-05 13:40:00-04:00,16.200000762939453,16.239999771118164,16.200000762939453,16.239999771118164,9069,0.0,0.0
2024-07-05 13:45:00-04:00,16.25,16.2549991607666,16.245500564575195,16.25,3755,0.0,0.0
2024-07-05 13:50:00-04:00,16.254600524902344,16.274999618530273,16.25,16.260000228881836,4781,0.0,0.0
2024-07-05 13:55:00-04:00,16.25,16.260000228881836,16.2450008392334,16.2450008392334,6577,0.0,0.0
2024-07-05 14:00:00-04:00,16.2450008392334,16.259000778198242,16.240999221801758,16.259000778198242,1289,0.0,0.0
2024-07-05 14:05:00-04:00,16.260000228881836,16.260000228881836,16.209999084472656,16.219999313354492,5193,0.0,0.0
2024-07-05 14:10:00-04:00,16.219999313354492,16.24139976501465,16.219999313354492,16.219999313354492,2391,0.0,0.0
2024-07-05 14:15:00-04:00,16.209999084472656,16.249000549316406,16.209999084472656,16.239999771118164,4282,0.0,0.0
2024-07-05 14:20:00-04:00,16.229999542236328,16.229999542236328,16.21500015258789,16.21500015258789,1092,0.0,0.0
2024-07-05 14:25:00-04:00,16.19499969482422,16.249000549316406,16.19499969482422,16.239999771118164,3209,0.0,0.0
2024-07-05 14:30:00-04:00,16.239999771118164,16.27899932861328,16.239999771118164,16.270000457763672,3617,0.0,0.0
2024-07-05 14:35:00-04:00,16.264999389648438,16.28059959411621,16.260000228881836,16.260000228881836,3875,0.0,0.0
2024-07-05 14:40:00-04:00,16.25,16.259000778198242,16.239999771118164,16.259000778198242,8435,0.0,0.0
2024-07-05 14:45:00-04:00,16.268999099731445,16.280000686645508,16.260000228881836,16.260400772094727,6582,0.0,0.0
2024-07-05 14:50:00-04:00,16.264999389648438,16.295000076293945,16.264999389648438,16.290000915527344,7482,0.0,0.0
2024-07-05 14:55:00-04:00,16.298999786376953,16.31999969482422,16.295000076293945,16.309999465942383,5681,0.0,0.0
2024-07-05 15:00:00-04:00,16.309999465942383,16.329999923706055,16.299999237060547,16.299999237060547,8258,0.0,0.0
2024-07-05 15:05:00-04:00,16.290000915527344,16.290000915527344,16.270000457763672,16.270000457763672,3270,0.0,0.0
2024-07-05 15:10:00-04:00,16.274999618530273,16.274999618530273,16.26849937438965,16.270000457763672,2906,0.0,0.0
2024-07-05 15:15:00-04:00,16.260000228881836,16.268999099731445,16.229999542236328,16.2450008392334,4949,0.0,0.0
2024-07-05 15:20:00-04:00,16.249000549316406,16.249000549316406,16.235000610351562,16.240100860595703,5057,0.0,0.0
2024-07-05 15:25:00-04:00,16.25,16.25,16.19499969482422,16.19499969482422,7319,0.0,0.0
2024-07-05 15:30:00-04:00,16.19499969482422,16.200000762939453,16.190000534057617,16.19499969482422,7396,0.0,0.0
2024-07-05 15:35:00-04:00,16.200000762939453,16.204999923706055,16.170000076293945,16.19499969482422,10322,0.0,0.0
2024-07-05 15:40:00-04:00,16.200000762939453,16.200000762939453,16.18000030517578,16.184999465942383,8571,0.0,0.0
2024-07-05 15:45:00-04:00,16.18000030517578,16.190000534057617,16.149999618530273,16.149999618530273,13520,0.0,0.0
2024-07-05 15:50:00-04:00,16.139999389648438,16.209999084472656,16.139999389648438,16.200000762939453,24653,0.0,0.0
2024-07-05 15:55:00-04:00,16.190000534057617,16.200000762939453,16.1200008392334,16.1299991607666,58169,0.0,0.0
