Datetime,Open,High,Low,Close,Volume,Dividends,Stock Splits
2024-06-07 09:30:00-04:00,7.090000152587891,7.210000038146973,7.090000152587891,7.110000133514404,2506,0.0,0.0
2024-06-07 09:35:00-04:00,7.110000133514404,7.199999809265137,7.099999904632568,7.199999809265137,7822,0.0,0.0
2024-06-07 09:40:00-04:00,7.179999828338623,7.215000152587891,7.179999828338623,7.215000152587891,2515,0.0,0.0
2024-06-07 09:45:00-04:00,7.21999979019165,7.230000019073486,7.21999979019165,7.21999979019165,1236,0.0,0.0
2024-06-07 09:50:00-04:00,7.230000019073486,7.230000019073486,7.230000019073486,7.230000019073486,185,0.0,0.0
2024-06-07 09:55:00-04:00,7.199999809265137,7.21999979019165,7.127999782562256,7.144999980926514,31866,0.0,0.0
2024-06-07 10:00:00-04:00,7.144999980926514,7.170000076293945,7.139999866485596,7.15500020980835,3597,0.0,0.0
2024-06-07 10:05:00-04:00,7.135000228881836,7.170000076293945,7.125,7.170000076293945,2080,0.0,0.0
2024-06-07 10:10:00-04:00,7.164999961853027,7.230000019073486,7.159999847412109,7.230000019073486,10874,0.0,0.0
2024-06-07 10:15:00-04:00,7.230000019073486,7.260000228881836,7.210000038146973,7.244999885559082,7656,0.0,0.0
2024-06-07 10:20:00-04:00,7.230000019073486,7.239999771118164,7.21999979019165,7.21999979019165,3893,0.0,0.0
2024-06-07 10:25:00-04:00,7.21999979019165,7.239999771118164,7.21999979019165,7.239999771118164,806,0.0,0.0
2024-06-07 10:30:00-04:00,7.239999771118164,7.239999771118164,7.199999809265137,7.210000038146973,3657,0.0,0.0
2024-06-07 10:35:00-04:00,7.190000057220459,7.190000057220459,7.150000095367432,7.159999847412109,9747,0.0,0.0
2024-06-07 10:40:00-04:00,7.15500020980835,7.15500020980835,7.114999771118164,7.119999885559082,2090,0.0,0.0
2024-06-07 10:45:00-04:00,7.105000019073486,7.139999866485596,7.074999809265137,7.074999809265137,14852,0.0,0.0
2024-06-07 10:50:00-04:00,7.070000171661377,7.099999904632568,7.045000076293945,7.050000190734863,18864,0.0,0.0
2024-06-07 10:55:00-04:00,7.054999828338623,7.059999942779541,7.03000020980835,7.059999942779541,3739,0.0,0.0
2024-06-07 11:00:00-04:00,7.034999847412109,7.059999942779541,7.0,7.039999961853027,8994,0.0,0.0
2024-06-07 11:05:00-04:00,7.034999847412109,7.034999847412109,7.014999866485596,7.03000020980835,12267,0.0,0.0
2024-06-07 11:10:00-04:00,7.025000095367432,7.059999942779541,7.014999866485596,7.059999942779541,27774,0.0,0.0
2024-06-07 11:15:00-04:00,7.059999942779541,7.090000152587891,7.059999942779541,7.079999923706055,5525,0.0,0.0
2024-06-07 11:20:00-04:00,7.070000171661377,7.090000152587891,7.059999942779541,7.090000152587891,11944,0.0,0.0
2024-06-07 11:25:00-04:00,7.079999923706055,7.090000152587891,7.070000171661377,7.070000171661377,4397,0.0,0.0
2024-06-07 11:30:00-04:00,7.070000171661377,7.099999904632568,7.070000171661377,7.079999923706055,12356,0.0,0.0
2024-06-07 11:35:00-04:00,7.079999923706055,7.085000038146973,7.070000171661377,7.074999809265137,4520,0.0,0.0
2024-06-07 11:40:00-04:00,7.070000171661377,7.079999923706055,7.03000020980835,7.034999847412109,7038,0.0,0.0
2024-06-07 11:45:00-04:00,7.034999847412109,7.050000190734863,7.025000095367432,7.025000095367432,5272,0.0,0.0
2024-06-07 11:50:00-04:00,7.025000095367432,7.059999942779541,7.019999980926514,7.03000020980835,15000,0.0,0.0
2024-06-07 11:55:00-04:00,7.03000020980835,7.039999961853027,7.03000020980835,7.039999961853027,6096,0.0,0.0
2024-06-07 12:00:00-04:00,7.03000020980835,7.039999961853027,7.005000114440918,7.010000228881836,4716,0.0,0.0
2024-06-07 12:05:00-04:00,7.025000095367432,7.070000171661377,7.014999866485596,7.070000171661377,6054,0.0,0.0
2024-06-07 12:10:00-04:00,7.059999942779541,7.099999904632568,7.059999942779541,7.085000038146973,10752,0.0,0.0
2024-06-07 12:15:00-04:00,7.090000152587891,7.110000133514404,7.090000152587891,7.090000152587891,2972,0.0,0.0
2024-06-07 12:20:00-04:00,7.090000152587891,7.099999904632568,7.090000152587891,7.099999904632568,3713,0.0,0.0
2024-06-07 12:25:00-04:00,7.099999904632568,7.119999885559082,7.090000152587891,7.09499979019165,4950,0.0,0.0
2024-06-07 12:30:00-04:00,7.090000152587891,7.099999904632568,7.079999923706055,7.085000038146973,3052,0.0,0.0
2024-06-07 12:35:00-04:00,7.070000171661377,7.079999923706055,7.059999942779541,7.065000057220459,3849,0.0,0.0
2024-06-07 12:40:00-04:00,7.059999942779541,7.070000171661377,7.054999828338623,7.054999828338623,3422,0.0,0.0
2024-06-07 12:45:00-04:00,7.059999942779541,7.059999942779541,7.03000020980835,7.039999961853027,1601,0.0,0.0
2024-06-07 12:50:00-04:00,7.039999961853027,7.070000171661377,7.039999961853027,7.070000171661377,6709,0.0,0.0
2024-06-07 12:55:00-04:00,7.050000190734863,7.059999942779541,7.03000020980835,7.039999961853027,6324,0.0,0.0
2024-06-07 13:00:00-04:00,7.03000020980835,7.039999961853027,7.029900074005127,7.030099868774414,3826,0.0,0.0
2024-06-07 13:05:00-04:00,7.039999961853027,7.059999942779541,7.039999961853027,7.050000190734863,2259,0.0,0.0
2024-06-07 13:10:00-04:00,7.050000190734863,7.059999942779541,7.038000106811523,7.050000190734863,3859,0.0,0.0
2024-06-07 13:15:00-04:00,7.054999828338623,7.065000057220459,7.054999828338623,7.065000057220459,826,0.0,0.0
2024-06-07 13:20:00-04:00,7.059999942779541,7.070000171661377,7.045000076293945,7.054999828338623,3125,0.0,0.0
2024-06-07 13:25:00-04:00,7.050000190734863,7.059999942779541,7.03000020980835,7.045000076293945,4031,0.0,0.0
2024-06-07 13:30:00-04:00,7.045000076293945,7.070000171661377,7.045000076293945,7.070000171661377,3335,0.0,0.0
2024-06-07 13:35:00-04:00,7.065000057220459,7.070000171661377,7.03000020980835,7.03000020980835,9291,0.0,0.0
2024-06-07 13:40:00-04:00,7.03000020980835,7.039999961853027,6.960000038146973,6.960000038146973,8965,0.0,0.0
2024-06-07 13:45:00-04:00,6.960000038146973,7.019999980926514,6.949999809265137,6.994999885559082,12905,0.0,0.0
2024-06-07 13:50:00-04:00,6.994999885559082,7.019999980926514,6.989999771118164,6.994999885559082,9200,0.0,0.0
2024-06-07 13:55:00-04:00,6.994999885559082,7.019999980926514,6.989999771118164,7.010000228881836,17935,0.0,0.0
2024-06-07 14:00:00-04:00,7.0,7.010000228881836,6.985000133514404,6.994999885559082,17608,0.0,0.0
2024-06-07 14:05:00-04:00,6.994999885559082,7.010000228881836,6.989999771118164,7.005000114440918,17730,0.0,0.0
2024-06-07 14:10:00-04:00,7.005000114440918,7.010000228881836,6.994999885559082,7.0,13216,0.0,0.0
2024-06-07 14:15:00-04:00,7.0,7.03000020980835,6.974999904632568,6.989999771118164,23755,0.0,0.0
2024-06-07 14:20:00-04:00,6.985000133514404,7.010000228881836,6.960000038146973,7.0,15193,0.0,0.0
2024-06-07 14:25:00-04:00,6.985000133514404,7.0,6.980000019073486,7.0,6598,0.0,0.0
2024-06-07 14:30:00-04:00,6.989999771118164,7.0,6.980000019073486,6.994999885559082,11902,0.0,0.0
2024-06-07 14:35:00-04:00,6.994999885559082,7.0,6.980000019073486,6.985000133514404,10233,0.0,0.0
2024-06-07 14:40:00-04:00,6.980000019073486,7.010000228881836,6.980000019073486,6.985000133514404,22388,0.0,0.0
2024-06-07 14:45:00-04:00,6.985000133514404,6.989999771118164,6.929999828338623,6.940000057220459,16339,0.0,0.0
2024-06-07 14:50:00-04:00,6.934999942779541,6.96999979019165,6.929999828338623,6.960000038146973,13841,0.0,0.0
2024-06-07 14:55:00-04:00,6.949999809265137,6.960000038146973,6.940000057220459,6.940000057220459,14321,0.0,0.0
2024-06-07 15:00:00-04:00,6.940000057220459,6.949999809265137,6.925000190734863,6.949999809265137,17250,0.0,0.0
2024-06-07 15:05:00-04:00,6.925000190734863,6.940000057220459,6.909999847412109,6.940000057220459,10786,0.0,0.0
2024-06-07 15:10:00-04:00,6.909999847412109,6.920000076293945,6.900000095367432,6.900000095367432,11129,0.0,0.0
2024-06-07 15:15:00-04:00,6.909999847412109,6.949999809265137,6.90500020980835,6.90500020980835,17438,0.0,0.0
2024-06-07 15:20:00-04:00,6.909999847412109,6.934999942779541,6.900000095367432,6.914999961853027,23131,0.0,0.0
2024-06-07 15:25:00-04:00,6.909999847412109,6.980000019073486,6.90500020980835,6.960000038146973,30206,0.0,0.0
2024-06-07 15:30:00-04:00,6.960000038146973,6.980000019073486,6.949999809265137,6.965000152587891,16187,0.0,0.0
2024-06-07 15:35:00-04:00,6.960000038146973,6.989999771118164,6.960000038146973,6.965000152587891,15283,0.0,0.0
2024-06-07 15:40:00-04:00,6.965000152587891,7.0,6.960000038146973,6.989999771118164,29241,0.0,0.0
2024-06-07 15:45:00-04:00,6.994999885559082,7.019999980926514,6.980000019073486,6.989999771118164,33060,0.0,0.0
2024-06-07 15:50:00-04:00,6.989999771118164,7.0,6.974999904632568,6.980000019073486,36756,0.0,0.0
2024-06-07 15:55:00-04:00,6.974999904632568,7.010000228881836,6.974999904632568,7.010000228881836,46595,0.0,0.0
2024-06-10 09:30:00-04:00,7.0,7.014999866485596,7.0,7.014999866485596,2398,0.0,0.0
2024-06-10 09:35:00-04:00,6.980000019073486,6.985000133514404,6.960000038146973,6.985000133514404,2790,0.0,0.0
2024-06-10 09:40:00-04:00,6.989999771118164,7.070000171661377,6.989999771118164,7.019999980926514,8511,0.0,0.0
2024-06-10 09:45:00-04:00,7.019999980926514,7.039999961853027,7.019999980926514,7.039999961853027,955,0.0,0.0
2024-06-10 09:50:00-04:00,7.019999980926514,7.050000190734863,7.019999980926514,7.050000190734863,751,0.0,0.0
2024-06-10 10:00:00-04:00,6.994999885559082,6.994999885559082,6.994999885559082,6.994999885559082,212,0.0,0.0
2024-06-10 10:05:00-04:00,6.989999771118164,7.050000190734863,6.980000019073486,7.025000095367432,12076,0.0,0.0
2024-06-10 10:10:00-04:00,7.019999980926514,7.019999980926514,7.010000228881836,7.010000228881836,2695,0.0,0.0
2024-06-10 10:15:00-04:00,7.010000228881836,7.019999980926514,6.989999771118164,6.994999885559082,1779,0.0,0.0
2024-06-10 10:20:00-04:00,6.965000152587891,6.974999904632568,6.965000152587891,6.96999979019165,1293,0.0,0.0
2024-06-10 10:25:00-04:00,6.96999979019165,6.989999771118164,6.96999979019165,6.989999771118164,4364,0.0,0.0
2024-06-10 10:30:00-04:00,6.929999828338623,6.940000057220459,6.929999828338623,6.929999828338623,1984,0.0,0.0
2024-06-10 10:35:00-04:00,6.940000057220459,6.949999809265137,6.940000057220459,6.949999809265137,1345,0.0,0.0
2024-06-10 10:40:00-04:00,6.965000152587891,7.0,6.965000152587891,7.0,2438,0.0,0.0
2024-06-10 10:45:00-04:00,6.980000019073486,6.980000019073486,6.960000038146973,6.960000038146973,2148,0.0,0.0
2024-06-10 10:50:00-04:00,6.929999828338623,6.965000152587891,6.929999828338623,6.965000152587891,1820,0.0,0.0
2024-06-10 10:55:00-04:00,6.960000038146973,6.980000019073486,6.940000057220459,6.960000038146973,14396,0.0,0.0
2024-06-10 11:05:00-04:00,6.960000038146973,6.96999979019165,6.949999809265137,6.96999979019165,4121,0.0,0.0
2024-06-10 11:10:00-04:00,6.96999979019165,7.0,6.940000057220459,7.0,11096,0.0,0.0
2024-06-10 11:15:00-04:00,6.96999979019165,7.019999980926514,6.96999979019165,7.019999980926514,4738,0.0,0.0
2024-06-10 11:20:00-04:00,7.019999980926514,7.03000020980835,7.010000228881836,7.019999980926514,7687,0.0,0.0
2024-06-10 11:25:00-04:00,7.03000020980835,7.03000020980835,7.03000020980835,7.03000020980835,494,0.0,0.0
2024-06-10 11:30:00-04:00,7.019999980926514,7.039999961853027,7.014999866485596,7.03000020980835,5067,0.0,0.0
2024-06-10 11:35:00-04:00,7.03000020980835,7.039999961853027,7.03000020980835,7.039999961853027,1146,0.0,0.0
2024-06-10 11:40:00-04:00,7.034999847412109,7.070000171661377,7.034999847412109,7.070000171661377,4302,0.0,0.0
2024-06-10 11:45:00-04:00,7.039999961853027,7.039999961853027,7.019999980926514,7.03000020980835,4344,0.0,0.0
2024-06-10 11:50:00-04:00,7.019999980926514,7.019999980926514,7.014999866485596,7.014999866485596,1133,0.0,0.0
2024-06-10 11:55:00-04:00,7.025000095367432,7.03000020980835,7.014999866485596,7.019899845123291,3875,0.0,0.0
2024-06-10 12:00:00-04:00,7.0,7.034999847412109,7.0,7.034999847412109,2968,0.0,0.0
2024-06-10 12:10:00-04:00,7.039700031280518,7.050000190734863,7.039700031280518,7.050000190734863,1630,0.0,0.0
2024-06-10 12:15:00-04:00,7.045000076293945,7.070000171661377,7.039999961853027,7.065000057220459,7291,0.0,0.0
2024-06-10 12:20:00-04:00,7.050000190734863,7.059999942779541,7.039999961853027,7.039999961853027,2013,0.0,0.0
2024-06-10 12:25:00-04:00,7.034999847412109,7.070000171661377,7.034999847412109,7.070000171661377,6199,0.0,0.0
2024-06-10 12:30:00-04:00,7.065000057220459,7.070000171661377,7.050000190734863,7.070000171661377,3036,0.0,0.0
2024-06-10 12:35:00-04:00,7.059999942779541,7.070000171661377,7.059999942779541,7.059999942779541,2913,0.0,0.0
2024-06-10 12:40:00-04:00,7.054999828338623,7.059999942779541,7.054999828338623,7.059999942779541,1424,0.0,0.0
2024-06-10 12:45:00-04:00,7.059999942779541,7.059999942779541,7.050000190734863,7.059999942779541,1882,0.0,0.0
2024-06-10 12:50:00-04:00,7.054999828338623,7.070000171661377,7.050000190734863,7.065000057220459,3050,0.0,0.0
2024-06-10 12:55:00-04:00,7.065000057220459,7.065000057220459,7.065000057220459,7.065000057220459,378,0.0,0.0
2024-06-10 13:00:00-04:00,7.059999942779541,7.070000171661377,7.054999828338623,7.070000171661377,2491,0.0,0.0
2024-06-10 13:05:00-04:00,7.054999828338623,7.054999828338623,7.045000076293945,7.045000076293945,614,0.0,0.0
2024-06-10 13:10:00-04:00,7.050000190734863,7.054999828338623,7.050000190734863,7.050000190734863,831,0.0,0.0
2024-06-10 13:15:00-04:00,7.045000076293945,7.045000076293945,7.039999961853027,7.039999961853027,534,0.0,0.0
2024-06-10 13:20:00-04:00,7.039999961853027,7.039999961853027,7.019999980926514,7.019999980926514,618,0.0,0.0
2024-06-10 13:25:00-04:00,7.0,7.0,6.994999885559082,7.0,837,0.0,0.0
2024-06-10 13:30:00-04:00,7.010000228881836,7.025000095367432,7.010000228881836,7.025000095367432,1379,0.0,0.0
2024-06-10 13:40:00-04:00,7.03000020980835,7.039999961853027,7.03000020980835,7.039999961853027,501,0.0,0.0
2024-06-10 13:45:00-04:00,7.034999847412109,7.050000190734863,7.03000020980835,7.039999961853027,3202,0.0,0.0
2024-06-10 13:50:00-04:00,7.03000020980835,7.03000020980835,7.03000020980835,7.03000020980835,205,0.0,0.0
2024-06-10 13:55:00-04:00,7.019999980926514,7.019999980926514,7.0,7.010000228881836,2940,0.0,0.0
2024-06-10 14:00:00-04:00,7.010000228881836,7.010000228881836,6.989999771118164,7.010000228881836,3752,0.0,0.0
2024-06-10 14:05:00-04:00,7.010000228881836,7.03000020980835,7.010000228881836,7.025000095367432,4260,0.0,0.0
2024-06-10 14:10:00-04:00,7.019999980926514,7.03000020980835,7.019999980926514,7.03000020980835,1802,0.0,0.0
2024-06-10 14:20:00-04:00,7.019999980926514,7.045000076293945,7.019999980926514,7.045000076293945,3377,0.0,0.0
2024-06-10 14:25:00-04:00,7.050000190734863,7.050000190734863,7.045000076293945,7.045000076293945,1735,0.0,0.0
2024-06-10 14:30:00-04:00,7.045000076293945,7.059999942779541,7.045000076293945,7.050000190734863,1551,0.0,0.0
2024-06-10 14:35:00-04:00,7.059999942779541,7.059999942779541,7.059999942779541,7.059999942779541,648,0.0,0.0
2024-06-10 14:40:00-04:00,7.059999942779541,7.059999942779541,7.059999942779541,7.059999942779541,691,0.0,0.0
2024-06-10 14:45:00-04:00,7.059999942779541,7.059999942779541,7.059999942779541,7.059999942779541,1523,0.0,0.0
2024-06-10 14:50:00-04:00,7.065000057220459,7.065000057220459,7.045000076293945,7.050000190734863,4410,0.0,0.0
2024-06-10 14:55:00-04:00,7.050000190734863,7.050000190734863,7.050000190734863,7.050000190734863,2023,0.0,0.0
2024-06-10 15:00:00-04:00,7.050000190734863,7.059999942779541,7.050000190734863,7.059999942779541,778,0.0,0.0
2024-06-10 15:05:00-04:00,7.054999828338623,7.054999828338623,7.050000190734863,7.050000190734863,2072,0.0,0.0
2024-06-10 15:10:00-04:00,7.050000190734863,7.059999942779541,7.050000190734863,7.059999942779541,1342,0.0,0.0
2024-06-10 15:15:00-04:00,7.065000057220459,7.065000057220459,7.050000190734863,7.059999942779541,1747,0.0,0.0
2024-06-10 15:20:00-04:00,7.065000057220459,7.065000057220459,7.054999828338623,7.059999942779541,2147,0.0,0.0
2024-06-10 15:25:00-04:00,7.065000057220459,7.070000171661377,7.065000057220459,7.070000171661377,2348,0.0,0.0
2024-06-10 15:30:00-04:00,7.070000171661377,7.070000171661377,7.070000171661377,7.070000171661377,1231,0.0,0.0
2024-06-10 15:35:00-04:00,7.074999809265137,7.105000019073486,7.074999809265137,7.099999904632568,4934,0.0,0.0
2024-06-10 15:40:00-04:00,7.105000019073486,7.114999771118164,7.099999904632568,7.114999771118164,6662,0.0,0.0
2024-06-10 15:45:00-04:00,7.114999771118164,7.125,7.110000133514404,7.125,7383,0.0,0.0
2024-06-10 15:50:00-04:00,7.119999885559082,7.130000114440918,7.119999885559082,7.119999885559082,5143,0.0,0.0
2024-06-10 15:55:00-04:00,7.119999885559082,7.119999885559082,7.09499979019165,7.110000133514404,15367,0.0,0.0
2024-06-11 09:30:00-04:00,7.010000228881836,7.010000228881836,7.010000228881836,7.010000228881836,9918,0.0,0.0
2024-06-11 09:35:00-04:00,7.059999942779541,7.059999942779541,6.940000057220459,7.0,3107,0.0,0.0
2024-06-11 09:40:00-04:00,6.994999885559082,7.010000228881836,6.989999771118164,7.0,3545,0.0,0.0
2024-06-11 09:45:00-04:00,7.0,7.019999980926514,7.0,7.010000228881836,2204,0.0,0.0
2024-06-11 09:50:00-04:00,7.0,7.014999866485596,6.989999771118164,7.0,3049,0.0,0.0
2024-06-11 09:55:00-04:00,7.0,7.0,6.985000133514404,6.985000133514404,1578,0.0,0.0
2024-06-11 10:00:00-04:00,6.989999771118164,7.000199794769287,6.96999979019165,7.0,5283,0.0,0.0
2024-06-11 10:05:00-04:00,7.010000228881836,7.010000228881836,7.0,7.005000114440918,1321,0.0,0.0
2024-06-11 10:10:00-04:00,7.005000114440918,7.005000114440918,6.994999885559082,7.005000114440918,2910,0.0,0.0
2024-06-11 10:15:00-04:00,7.005000114440918,7.005000114440918,7.005000114440918,7.005000114440918,139,0.0,0.0
2024-06-11 10:20:00-04:00,7.0,7.0,6.974999904632568,6.985000133514404,20847,0.0,0.0
2024-06-11 10:25:00-04:00,6.985000133514404,6.989999771118164,6.960000038146973,6.980000019073486,9412,0.0,0.0
2024-06-11 10:30:00-04:00,6.974999904632568,7.0,6.974999904632568,6.974999904632568,13639,0.0,0.0
2024-06-11 10:35:00-04:00,6.96999979019165,7.0,6.965000152587891,7.0,12558,0.0,0.0
2024-06-11 10:40:00-04:00,7.0,7.010000228881836,7.0,7.010000228881836,1791,0.0,0.0
2024-06-11 10:45:00-04:00,7.010000228881836,7.014999866485596,7.010000228881836,7.010000228881836,1139,0.0,0.0
2024-06-11 10:50:00-04:00,7.010000228881836,7.010000228881836,7.0,7.0,3298,0.0,0.0
2024-06-11 10:55:00-04:00,6.994999885559082,7.0,6.985000133514404,7.0,2596,0.0,0.0
2024-06-11 11:00:00-04:00,6.989999771118164,6.989999771118164,6.980000019073486,6.985000133514404,6554,0.0,0.0
2024-06-11 11:05:00-04:00,6.985000133514404,6.989999771118164,6.985000133514404,6.989999771118164,1086,0.0,0.0
2024-06-11 11:10:00-04:00,6.980000019073486,6.989999771118164,6.960000038146973,6.974999904632568,4558,0.0,0.0
2024-06-11 11:15:00-04:00,6.96999979019165,6.980000019073486,6.965000152587891,6.980000019073486,3227,0.0,0.0
2024-06-11 11:25:00-04:00,6.974999904632568,7.0,6.974999904632568,7.0,32868,0.0,0.0
2024-06-11 11:30:00-04:00,6.994999885559082,6.994999885559082,6.994999885559082,6.994999885559082,630,0.0,0.0
2024-06-11 11:35:00-04:00,6.989999771118164,6.989999771118164,6.985000133514404,6.989999771118164,1984,0.0,0.0
2024-06-11 11:40:00-04:00,6.989999771118164,7.0,6.989999771118164,7.0,5848,0.0,0.0
2024-06-11 11:45:00-04:00,6.989999771118164,7.0,6.985000133514404,6.994999885559082,3437,0.0,0.0
2024-06-11 11:50:00-04:00,6.994999885559082,6.994999885559082,6.994999885559082,6.994999885559082,853,0.0,0.0
2024-06-11 11:55:00-04:00,6.994999885559082,7.0,6.994999885559082,7.0,1377,0.0,0.0
2024-06-11 12:00:00-04:00,7.0,7.0,7.0,7.0,1295,0.0,0.0
2024-06-11 12:05:00-04:00,7.019999980926514,7.03000020980835,7.019999980926514,7.025000095367432,1405,0.0,0.0
2024-06-11 12:10:00-04:00,7.025000095367432,7.025000095367432,7.025000095367432,7.025000095367432,368,0.0,0.0
2024-06-11 12:20:00-04:00,7.019999980926514,7.019999980926514,7.014999866485596,7.014999866485596,1747,0.0,0.0
2024-06-11 12:25:00-04:00,7.010000228881836,7.014999866485596,7.010000228881836,7.014999866485596,801,0.0,0.0
2024-06-11 12:30:00-04:00,7.014999866485596,7.014999866485596,7.014999866485596,7.014999866485596,138,0.0,0.0
2024-06-11 12:35:00-04:00,7.014999866485596,7.019999980926514,7.014999866485596,7.014999866485596,1425,0.0,0.0
2024-06-11 12:40:00-04:00,7.019999980926514,7.03000020980835,7.019999980926514,7.03000020980835,567,0.0,0.0
2024-06-11 12:45:00-04:00,7.034999847412109,7.034999847412109,7.03000020980835,7.03000020980835,980,0.0,0.0
2024-06-11 12:55:00-04:00,7.025000095367432,7.025000095367432,7.025000095367432,7.025000095367432,106,0.0,0.0
2024-06-11 13:00:00-04:00,7.03000020980835,7.034999847412109,7.03000020980835,7.03000020980835,1134,0.0,0.0
2024-06-11 13:05:00-04:00,7.03000020980835,7.03000020980835,7.03000020980835,7.03000020980835,219,0.0,0.0
2024-06-11 13:15:00-04:00,7.019999980926514,7.019999980926514,7.019999980926514,7.019999980926514,1341,0.0,0.0
2024-06-11 13:20:00-04:00,7.019999980926514,7.020699977874756,7.019999980926514,7.019999980926514,1921,0.0,0.0
2024-06-11 13:25:00-04:00,7.014999866485596,7.014999866485596,7.014999866485596,7.014999866485596,163,0.0,0.0
2024-06-11 13:30:00-04:00,7.010000228881836,7.019999980926514,7.010000228881836,7.019999980926514,1438,0.0,0.0
2024-06-11 13:35:00-04:00,7.017899990081787,7.019999980926514,7.014999866485596,7.014999866485596,1065,0.0,0.0
2024-06-11 13:40:00-04:00,7.019999980926514,7.019999980926514,7.019999980926514,7.019999980926514,2317,0.0,0.0
2024-06-11 13:45:00-04:00,7.019999980926514,7.019999980926514,7.010000228881836,7.010000228881836,1810,0.0,0.0
2024-06-11 13:50:00-04:00,7.014999866485596,7.014999866485596,7.014999866485596,7.014999866485596,121,0.0,0.0
2024-06-11 14:00:00-04:00,7.010000228881836,7.010000228881836,7.005000114440918,7.005000114440918,1362,0.0,0.0
2024-06-11 14:05:00-04:00,7.0,7.0,7.0,7.0,2165,0.0,0.0
2024-06-11 14:15:00-04:00,6.994999885559082,7.010000228881836,6.994999885559082,7.005000114440918,4953,0.0,0.0
2024-06-11 14:20:00-04:00,7.005000114440918,7.005000114440918,7.005000114440918,7.005000114440918,106,0.0,0.0
2024-06-11 14:25:00-04:00,7.0,7.0,6.989999771118164,6.994999885559082,3085,0.0,0.0
2024-06-11 14:30:00-04:00,6.994999885559082,7.0,6.974999904632568,6.989999771118164,13394,0.0,0.0
2024-06-11 14:35:00-04:00,6.985000133514404,7.010000228881836,6.974999904632568,7.005000114440918,16844,0.0,0.0
2024-06-11 14:40:00-04:00,6.994999885559082,7.0,6.994999885559082,7.0,464,0.0,0.0
2024-06-11 14:45:00-04:00,6.989999771118164,7.0,6.974999904632568,6.989999771118164,11548,0.0,0.0
2024-06-11 14:50:00-04:00,6.989999771118164,6.989999771118164,6.965000152587891,6.980000019073486,9769,0.0,0.0
2024-06-11 14:55:00-04:00,6.965000152587891,6.989999771118164,6.965000152587891,6.989999771118164,15818,0.0,0.0
2024-06-11 15:00:00-04:00,6.985000133514404,7.0,6.985000133514404,7.0,4582,0.0,0.0
2024-06-11 15:05:00-04:00,7.0,7.010000228881836,7.0,7.000899791717529,3466,0.0,0.0
2024-06-11 15:10:00-04:00,7.0,7.0,6.994999885559082,7.0,3683,0.0,0.0
2024-06-11 15:15:00-04:00,7.0,7.010000228881836,6.994999885559082,7.010000228881836,6498,0.0,0.0
2024-06-11 15:20:00-04:00,7.010000228881836,7.010000228881836,7.010000228881836,7.010000228881836,1212,0.0,0.0
2024-06-11 15:25:00-04:00,7.0,7.005000114440918,7.0,7.005000114440918,9526,0.0,0.0
2024-06-11 15:30:00-04:00,7.010000228881836,7.010000228881836,7.005000114440918,7.005000114440918,5053,0.0,0.0
2024-06-11 15:35:00-04:00,7.005000114440918,7.025000095367432,6.989999771118164,6.989999771118164,58471,0.0,0.0
2024-06-11 15:40:00-04:00,6.994999885559082,7.0,6.985000133514404,6.994999885559082,6533,0.0,0.0
2024-06-11 15:45:00-04:00,6.989999771118164,7.0,6.985000133514404,6.985000133514404,1873,0.0,0.0
2024-06-11 15:50:00-04:00,6.980000019073486,6.989999771118164,6.974999904632568,6.989999771118164,9254,0.0,0.0
2024-06-11 15:55:00-04:00,6.985000133514404,7.0,6.960000038146973,6.960000038146973,61872,0.0,0.0
2024-06-12 09:30:00-04:00,6.980000019073486,7.090000152587891,6.909999847412109,6.994999885559082,5392,0.0,0.0
2024-06-12 09:35:00-04:00,6.994999885559082,7.013899803161621,6.960000038146973,6.965000152587891,6448,0.0,0.0
2024-06-12 09:40:00-04:00,6.949999809265137,6.96999979019165,6.934999942779541,6.960000038146973,6403,0.0,0.0
2024-06-12 09:45:00-04:00,6.949999809265137,6.960000038146973,6.909999847412109,6.909999847412109,8819,0.0,0.0
2024-06-12 09:50:00-04:00,6.909999847412109,6.980999946594238,6.909999847412109,6.960000038146973,8120,0.0,0.0
2024-06-12 09:55:00-04:00,6.954999923706055,6.96999979019165,6.920000076293945,6.940000057220459,7506,0.0,0.0
2024-06-12 10:00:00-04:00,6.929999828338623,6.960000038146973,6.929999828338623,6.949999809265137,5548,0.0,0.0
2024-06-12 10:05:00-04:00,6.960000038146973,6.96999979019165,6.949999809265137,6.960000038146973,4043,0.0,0.0
2024-06-12 10:10:00-04:00,6.96999979019165,7.010000228881836,6.960000038146973,7.0,7983,0.0,0.0
2024-06-12 10:15:00-04:00,6.989999771118164,7.0,6.989999771118164,6.994999885559082,308,0.0,0.0
2024-06-12 10:20:00-04:00,6.994999885559082,7.005000114440918,6.994999885559082,7.0,1677,0.0,0.0
2024-06-12 10:25:00-04:00,6.994999885559082,7.025000095367432,6.994999885559082,7.019999980926514,3670,0.0,0.0
2024-06-12 10:30:00-04:00,7.010000228881836,7.010000228881836,6.985000133514404,7.005000114440918,2057,0.0,0.0
2024-06-12 10:35:00-04:00,7.005000114440918,7.008299827575684,6.980000019073486,6.980000019073486,1527,0.0,0.0
2024-06-12 10:40:00-04:00,6.985000133514404,7.0,6.965000152587891,6.974999904632568,5250,0.0,0.0
2024-06-12 10:45:00-04:00,6.989999771118164,7.0,6.985000133514404,6.985000133514404,2117,0.0,0.0
2024-06-12 10:50:00-04:00,6.980000019073486,6.980000019073486,6.980000019073486,6.980000019073486,471,0.0,0.0
2024-06-12 10:55:00-04:00,6.998899936676025,7.010000228881836,6.974999904632568,7.010000228881836,7636,0.0,0.0
2024-06-12 11:00:00-04:00,7.019999980926514,7.019999980926514,7.010000228881836,7.0100998878479,5526,0.0,0.0
2024-06-12 11:05:00-04:00,7.014999866485596,7.014999866485596,7.0,7.0,2852,0.0,0.0
2024-06-12 11:10:00-04:00,7.0,7.0,6.985000133514404,6.989999771118164,4544,0.0,0.0
2024-06-12 11:15:00-04:00,6.989999771118164,7.0,6.985000133514404,6.989999771118164,3205,0.0,0.0
2024-06-12 11:20:00-04:00,6.994999885559082,6.994999885559082,6.989999771118164,6.989999771118164,770,0.0,0.0
2024-06-12 11:30:00-04:00,6.989999771118164,7.0,6.989999771118164,6.994999885559082,4107,0.0,0.0
2024-06-12 11:45:00-04:00,6.989999771118164,7.0,6.985000133514404,6.989999771118164,4855,0.0,0.0
2024-06-12 11:50:00-04:00,6.989999771118164,7.0,6.985000133514404,6.985000133514404,2123,0.0,0.0
2024-06-12 11:55:00-04:00,6.985000133514404,7.0,6.985000133514404,6.994999885559082,1649,0.0,0.0
2024-06-12 12:00:00-04:00,6.999899864196777,7.0,6.989999771118164,7.0,4195,0.0,0.0
2024-06-12 12:05:00-04:00,7.0,7.0,6.985000133514404,6.985000133514404,2306,0.0,0.0
2024-06-12 12:10:00-04:00,6.988100051879883,7.0,6.96999979019165,7.0,7836,0.0,0.0
2024-06-12 12:15:00-04:00,6.994999885559082,7.03000020980835,6.994999885559082,7.010000228881836,5276,0.0,0.0
2024-06-12 12:20:00-04:00,7.010000228881836,7.010000228881836,7.0,7.0,869,0.0,0.0
2024-06-12 12:25:00-04:00,7.010000228881836,7.014999866485596,7.010000228881836,7.014999866485596,1114,0.0,0.0
2024-06-12 12:30:00-04:00,7.019999980926514,7.019999980926514,7.014999866485596,7.014999866485596,597,0.0,0.0
2024-06-12 12:35:00-04:00,7.014999866485596,7.014999866485596,7.010000228881836,7.010000228881836,368,0.0,0.0
2024-06-12 12:40:00-04:00,7.010000228881836,7.014999866485596,7.005000114440918,7.014999866485596,855,0.0,0.0
2024-06-12 12:45:00-04:00,7.010000228881836,7.010000228881836,7.010000228881836,7.010000228881836,521,0.0,0.0
2024-06-12 12:50:00-04:00,7.010000228881836,7.010000228881836,7.010000228881836,7.010000228881836,361,0.0,0.0
2024-06-12 12:55:00-04:00,7.010000228881836,7.010000228881836,7.010000228881836,7.010000228881836,784,0.0,0.0
2024-06-12 13:00:00-04:00,7.005000114440918,7.010000228881836,7.0,7.010000228881836,1564,0.0,0.0
2024-06-12 13:05:00-04:00,7.010000228881836,7.010000228881836,7.0,7.0,650,0.0,0.0
2024-06-12 13:15:00-04:00,7.0,7.014999866485596,7.0,7.014999866485596,4516,0.0,0.0
2024-06-12 13:20:00-04:00,7.014999866485596,7.025000095367432,7.014999866485596,7.014999866485596,784,0.0,0.0
2024-06-12 13:25:00-04:00,7.014999866485596,7.014999866485596,7.014999866485596,7.014999866485596,500,0.0,0.0
2024-06-12 13:30:00-04:00,7.010000228881836,7.025000095367432,7.005000114440918,7.014999866485596,6940,0.0,0.0
2024-06-12 13:35:00-04:00,7.014999866485596,7.019999980926514,7.014999866485596,7.019999980926514,432,0.0,0.0
2024-06-12 13:40:00-04:00,7.025000095367432,7.025000095367432,7.019999980926514,7.025000095367432,469,0.0,0.0
2024-06-12 13:45:00-04:00,7.025000095367432,7.025000095367432,7.019999980926514,7.019999980926514,443,0.0,0.0
2024-06-12 13:50:00-04:00,7.029300212860107,7.029300212860107,7.025000095367432,7.025000095367432,553,0.0,0.0
2024-06-12 13:55:00-04:00,7.025000095367432,7.034999847412109,7.025000095367432,7.03380012512207,699,0.0,0.0
2024-06-12 14:00:00-04:00,7.039999961853027,7.039999961853027,7.0,7.005000114440918,6166,0.0,0.0
2024-06-12 14:05:00-04:00,7.019999980926514,7.03000020980835,7.014999866485596,7.019999980926514,2741,0.0,0.0
2024-06-12 14:10:00-04:00,7.019999980926514,7.025000095367432,7.010000228881836,7.010000228881836,1132,0.0,0.0
2024-06-12 14:15:00-04:00,7.005000114440918,7.005000114440918,7.005000114440918,7.005000114440918,440,0.0,0.0
2024-06-12 14:20:00-04:00,7.0,7.005000114440918,6.994999885559082,7.0,11117,0.0,0.0
2024-06-12 14:25:00-04:00,7.005000114440918,7.019100189208984,7.005000114440918,7.014999866485596,1890,0.0,0.0
2024-06-12 14:30:00-04:00,7.017499923706055,7.019999980926514,6.994999885559082,7.014999866485596,4561,0.0,0.0
2024-06-12 14:35:00-04:00,7.0,7.010000228881836,7.0,7.005000114440918,3381,0.0,0.0
2024-06-12 14:40:00-04:00,7.005000114440918,7.005000114440918,6.989999771118164,7.0,2411,0.0,0.0
2024-06-12 14:45:00-04:00,7.0,7.0,6.985000133514404,6.985000133514404,3011,0.0,0.0
2024-06-12 14:50:00-04:00,6.985000133514404,6.989999771118164,6.96999979019165,6.989999771118164,15381,0.0,0.0
2024-06-12 14:55:00-04:00,6.989999771118164,7.017499923706055,6.980000019073486,6.980000019073486,4971,0.0,0.0
2024-06-12 15:00:00-04:00,6.989999771118164,6.989999771118164,6.980000019073486,6.980000019073486,458,0.0,0.0
2024-06-12 15:05:00-04:00,6.96999979019165,6.989999771118164,6.965000152587891,6.985000133514404,15021,0.0,0.0
2024-06-12 15:10:00-04:00,6.989999771118164,7.0,6.985000133514404,7.0,18073,0.0,0.0
2024-06-12 15:15:00-04:00,6.994999885559082,7.005000114440918,6.985000133514404,7.005000114440918,9091,0.0,0.0
2024-06-12 15:20:00-04:00,7.005000114440918,7.005000114440918,6.985000133514404,6.985000133514404,7064,0.0,0.0
2024-06-12 15:25:00-04:00,6.985000133514404,7.0,6.985000133514404,6.985000133514404,5006,0.0,0.0
2024-06-12 15:30:00-04:00,6.985000133514404,6.989999771118164,6.960000038146973,6.96999979019165,26024,0.0,0.0
2024-06-12 15:35:00-04:00,6.965000152587891,6.96999979019165,6.945000171661377,6.960000038146973,25312,0.0,0.0
2024-06-12 15:40:00-04:00,6.940000057220459,6.980000019073486,6.940000057220459,6.96999979019165,26208,0.0,0.0
2024-06-12 15:45:00-04:00,6.974999904632568,6.994999885559082,6.974999904632568,6.994999885559082,1081,0.0,0.0
2024-06-12 15:50:00-04:00,6.997499942779541,7.005000114440918,6.96999979019165,6.974999904632568,19275,0.0,0.0
2024-06-12 15:55:00-04:00,6.96999979019165,6.980000019073486,6.945000171661377,6.960000038146973,63209,0.0,0.0
2024-06-13 09:30:00-04:00,6.989999771118164,7.054999828338623,6.949999809265137,7.0,7151,0.0,0.0
2024-06-13 09:45:00-04:00,7.0,7.03000020980835,6.980000019073486,7.0,5573,0.0,0.0
2024-06-13 09:50:00-04:00,7.005000114440918,7.019999980926514,7.005000114440918,7.005000114440918,603,0.0,0.0
2024-06-13 09:55:00-04:00,6.980000019073486,7.0,6.980000019073486,6.989999771118164,1138,0.0,0.0
2024-06-13 10:00:00-04:00,6.989999771118164,7.0,6.980000019073486,6.989999771118164,1989,0.0,0.0
2024-06-13 10:05:00-04:00,6.989999771118164,7.0,6.989999771118164,6.994999885559082,2492,0.0,0.0
2024-06-13 10:10:00-04:00,6.989999771118164,7.0,6.949999809265137,6.954999923706055,3035,0.0,0.0
2024-06-13 10:15:00-04:00,6.954999923706055,6.974999904632568,6.954999923706055,6.974999904632568,814,0.0,0.0
2024-06-13 10:20:00-04:00,6.96999979019165,6.980000019073486,6.965000152587891,6.965000152587891,2044,0.0,0.0
2024-06-13 10:25:00-04:00,6.960000038146973,6.96999979019165,6.945000171661377,6.954999923706055,2157,0.0,0.0
2024-06-13 10:30:00-04:00,6.949999809265137,6.960000038146973,6.929999828338623,6.929999828338623,3717,0.0,0.0
2024-06-13 10:35:00-04:00,6.929999828338623,6.929999828338623,6.900000095367432,6.909999847412109,21847,0.0,0.0
2024-06-13 10:40:00-04:00,6.900000095367432,6.909999847412109,6.880000114440918,6.889999866485596,15791,0.0,0.0
2024-06-13 10:45:00-04:00,6.869999885559082,6.900000095367432,6.869999885559082,6.889999866485596,8957,0.0,0.0
2024-06-13 10:50:00-04:00,6.889999866485596,6.900000095367432,6.875,6.880000114440918,21836,0.0,0.0
2024-06-13 10:55:00-04:00,6.889999866485596,6.920000076293945,6.889999866485596,6.920000076293945,10614,0.0,0.0
2024-06-13 11:00:00-04:00,6.929999828338623,6.929999828338623,6.90500020980835,6.90500020980835,5787,0.0,0.0
2024-06-13 11:05:00-04:00,6.900000095367432,6.909999847412109,6.869999885559082,6.880000114440918,8417,0.0,0.0
2024-06-13 11:10:00-04:00,6.889999866485596,6.909999847412109,6.840000152587891,6.849999904632568,87726,0.0,0.0
2024-06-13 11:15:00-04:00,6.840000152587891,6.909999847412109,6.840000152587891,6.900000095367432,8490,0.0,0.0
2024-06-13 11:20:00-04:00,6.900000095367432,6.900000095367432,6.889999866485596,6.894999980926514,2177,0.0,0.0
2024-06-13 11:25:00-04:00,6.894999980926514,6.920000076293945,6.894999980926514,6.920000076293945,3183,0.0,0.0
2024-06-13 11:30:00-04:00,6.90500020980835,6.914999961853027,6.90500020980835,6.914999961853027,546,0.0,0.0
2024-06-13 11:35:00-04:00,6.909999847412109,6.920000076293945,6.909999847412109,6.920000076293945,1570,0.0,0.0
2024-06-13 11:40:00-04:00,6.914999961853027,6.920000076293945,6.914999961853027,6.914999961853027,586,0.0,0.0
2024-06-13 11:45:00-04:00,6.914999961853027,6.920000076293945,6.900000095367432,6.909999847412109,4484,0.0,0.0
2024-06-13 11:50:00-04:00,6.900000095367432,6.909999847412109,6.900000095367432,6.909999847412109,1767,0.0,0.0
2024-06-13 11:55:00-04:00,6.90500020980835,6.90500020980835,6.90500020980835,6.90500020980835,948,0.0,0.0
2024-06-13 12:00:00-04:00,6.900000095367432,6.909999847412109,6.889999866485596,6.889999866485596,3840,0.0,0.0
2024-06-13 12:05:00-04:00,6.885000228881836,6.889999866485596,6.885000228881836,6.889999866485596,997,0.0,0.0
2024-06-13 12:10:00-04:00,6.898099899291992,6.898099899291992,6.898099899291992,6.898099899291992,212,0.0,0.0
2024-06-13 12:15:00-04:00,6.894999980926514,6.900000095367432,6.894999980926514,6.900000095367432,2311,0.0,0.0
2024-06-13 12:20:00-04:00,6.900000095367432,6.909999847412109,6.889999866485596,6.889999866485596,3854,0.0,0.0
2024-06-13 12:25:00-04:00,6.889999866485596,6.900000095367432,6.889999866485596,6.889999866485596,1201,0.0,0.0
2024-06-13 12:30:00-04:00,6.887700080871582,6.900000095367432,6.887700080871582,6.894999980926514,3499,0.0,0.0
2024-06-13 12:35:00-04:00,6.894999980926514,6.894999980926514,6.889999866485596,6.889999866485596,337,0.0,0.0
2024-06-13 12:40:00-04:00,6.894999980926514,6.894999980926514,6.889999866485596,6.894999980926514,717,0.0,0.0
2024-06-13 12:45:00-04:00,6.889999866485596,6.900000095367432,6.889999866485596,6.900000095367432,1478,0.0,0.0
2024-06-13 12:50:00-04:00,6.894999980926514,6.920000076293945,6.894999980926514,6.914999961853027,4562,0.0,0.0
2024-06-13 12:55:00-04:00,6.909999847412109,6.920000076293945,6.900000095367432,6.90500020980835,2926,0.0,0.0
2024-06-13 13:00:00-04:00,6.909999847412109,6.920000076293945,6.909999847412109,6.909999847412109,4653,0.0,0.0
2024-06-13 13:05:00-04:00,6.909999847412109,6.909999847412109,6.909999847412109,6.909999847412109,871,0.0,0.0
2024-06-13 13:10:00-04:00,6.920000076293945,6.929999828338623,6.869999885559082,6.869999885559082,14824,0.0,0.0
2024-06-13 13:15:00-04:00,6.875,6.880000114440918,6.875,6.880000114440918,1150,0.0,0.0
2024-06-13 13:20:00-04:00,6.860000133514404,6.869999885559082,6.860000133514404,6.869999885559082,1932,0.0,0.0
2024-06-13 13:25:00-04:00,6.860000133514404,6.860000133514404,6.855000019073486,6.860000133514404,1999,0.0,0.0
2024-06-13 13:30:00-04:00,6.855000019073486,6.860000133514404,6.855000019073486,6.860000133514404,231,0.0,0.0
2024-06-13 13:35:00-04:00,6.849999904632568,6.880000114440918,6.849999904632568,6.869999885559082,10494,0.0,0.0
2024-06-13 13:40:00-04:00,6.864999771118164,6.864999771118164,6.795000076293945,6.840000152587891,67107,0.0,0.0
2024-06-13 13:45:00-04:00,6.840000152587891,6.849999904632568,6.820000171661377,6.820000171661377,10288,0.0,0.0
2024-06-13 13:50:00-04:00,6.809999942779541,6.829999923706055,6.809999942779541,6.829999923706055,1854,0.0,0.0
2024-06-13 13:55:00-04:00,6.829999923706055,6.849999904632568,6.829999923706055,6.849999904632568,3919,0.0,0.0
2024-06-13 14:00:00-04:00,6.84499979019165,6.869999885559082,6.829999923706055,6.869999885559082,17873,0.0,0.0
2024-06-13 14:05:00-04:00,6.855000019073486,6.855000019073486,6.855000019073486,6.855000019073486,340,0.0,0.0
2024-06-13 14:10:00-04:00,6.860000133514404,6.869999885559082,6.849999904632568,6.860000133514404,4114,0.0,0.0
2024-06-13 14:15:00-04:00,6.855000019073486,6.860000133514404,6.855000019073486,6.860000133514404,488,0.0,0.0
2024-06-13 14:20:00-04:00,6.849999904632568,6.860000133514404,6.835000038146973,6.840000152587891,3691,0.0,0.0
2024-06-13 14:25:00-04:00,6.840000152587891,6.849999904632568,6.840000152587891,6.849999904632568,1962,0.0,0.0
2024-06-13 14:30:00-04:00,6.829999923706055,6.840000152587891,6.829999923706055,6.840000152587891,1081,0.0,0.0
2024-06-13 14:35:00-04:00,6.849999904632568,6.860000133514404,6.84499979019165,6.84499979019165,6389,0.0,0.0
2024-06-13 14:40:00-04:00,6.84499979019165,6.864999771118164,6.84499979019165,6.864999771118164,1270,0.0,0.0
2024-06-13 14:45:00-04:00,6.875,6.889999866485596,6.875,6.885000228881836,2100,0.0,0.0
2024-06-13 14:50:00-04:00,6.880000114440918,6.900000095367432,6.875,6.889999866485596,2906,0.0,0.0
2024-06-13 14:55:00-04:00,6.889999866485596,6.909999847412109,6.889999866485596,6.909999847412109,1934,0.0,0.0
2024-06-13 15:00:00-04:00,6.90500020980835,6.909999847412109,6.894999980926514,6.900000095367432,3320,0.0,0.0
2024-06-13 15:05:00-04:00,6.900000095367432,6.909999847412109,6.894999980926514,6.894999980926514,1774,0.0,0.0
2024-06-13 15:10:00-04:00,6.894999980926514,6.909999847412109,6.889999866485596,6.900000095367432,4353,0.0,0.0
2024-06-13 15:15:00-04:00,6.889999866485596,6.900000095367432,6.880000114440918,6.880000114440918,5727,0.0,0.0
2024-06-13 15:20:00-04:00,6.885000228881836,6.900000095367432,6.869999885559082,6.900000095367432,34372,0.0,0.0
2024-06-13 15:25:00-04:00,6.894999980926514,6.909999847412109,6.880000114440918,6.894999980926514,25407,0.0,0.0
2024-06-13 15:30:00-04:00,6.894999980926514,6.909999847412109,6.880000114440918,6.885000228881836,7847,0.0,0.0
2024-06-13 15:35:00-04:00,6.885000228881836,6.889999866485596,6.880000114440918,6.889999866485596,13560,0.0,0.0
2024-06-13 15:40:00-04:00,6.880000114440918,6.889999866485596,6.869999885559082,6.880000114440918,15337,0.0,0.0
2024-06-13 15:45:00-04:00,6.885000228881836,6.889999866485596,6.880000114440918,6.880000114440918,4497,0.0,0.0
2024-06-13 15:50:00-04:00,6.875,6.880000114440918,6.869999885559082,6.880000114440918,9742,0.0,0.0
2024-06-13 15:55:00-04:00,6.875,6.880000114440918,6.869999885559082,6.875,18433,0.0,0.0
2024-06-14 09:30:00-04:00,6.880000114440918,6.880000114440918,6.840000152587891,6.869999885559082,4194,0.0,0.0
2024-06-14 09:35:00-04:00,6.869999885559082,6.869999885559082,6.820000171661377,6.860000133514404,2153,0.0,0.0
2024-06-14 09:40:00-04:00,6.820000171661377,6.849999904632568,6.75,6.75,14736,0.0,0.0
2024-06-14 09:45:00-04:00,6.735000133514404,6.78000020980835,6.735000133514404,6.760000228881836,8315,0.0,0.0
2024-06-14 09:50:00-04:00,6.764999866485596,6.78000020980835,6.760000228881836,6.760000228881836,2357,0.0,0.0
2024-06-14 09:55:00-04:00,6.769999980926514,6.800000190734863,6.769999980926514,6.78000020980835,3556,0.0,0.0
2024-06-14 10:00:00-04:00,6.78000020980835,6.800000190734863,6.775000095367432,6.775000095367432,3731,0.0,0.0
2024-06-14 10:05:00-04:00,6.775000095367432,6.820000171661377,6.764999866485596,6.800000190734863,6773,0.0,0.0
2024-06-14 10:10:00-04:00,6.809999942779541,6.820000171661377,6.795000076293945,6.820000171661377,1639,0.0,0.0
2024-06-14 10:15:00-04:00,6.799499988555908,6.800000190734863,6.769999980926514,6.78000020980835,3488,0.0,0.0
2024-06-14 10:20:00-04:00,6.78000020980835,6.789999961853027,6.755000114440918,6.769999980926514,3888,0.0,0.0
2024-06-14 10:25:00-04:00,6.755000114440918,6.769999980926514,6.75,6.760000228881836,3693,0.0,0.0
2024-06-14 10:30:00-04:00,6.760000228881836,6.769999980926514,6.730000019073486,6.730000019073486,18922,0.0,0.0
2024-06-14 10:35:00-04:00,6.724999904632568,6.730000019073486,6.695000171661377,6.699999809265137,7287,0.0,0.0
2024-06-14 10:40:00-04:00,6.69980001449585,6.730000019073486,6.690000057220459,6.724999904632568,4892,0.0,0.0
2024-06-14 10:45:00-04:00,6.71999979019165,6.730000019073486,6.710000038146973,6.724999904632568,5360,0.0,0.0
2024-06-14 10:50:00-04:00,6.71999979019165,6.739999771118164,6.71999979019165,6.71999979019165,3010,0.0,0.0
2024-06-14 10:55:00-04:00,6.715000152587891,6.75,6.715000152587891,6.75,7272,0.0,0.0
2024-06-14 11:00:00-04:00,6.730000019073486,6.75,6.724999904632568,6.739999771118164,7515,0.0,0.0
2024-06-14 11:05:00-04:00,6.739999771118164,6.760000228881836,6.735000133514404,6.755000114440918,4250,0.0,0.0
2024-06-14 11:10:00-04:00,6.755000114440918,6.769999980926514,6.75,6.760000228881836,4529,0.0,0.0
2024-06-14 11:15:00-04:00,6.769999980926514,6.78000020980835,6.764999866485596,6.769999980926514,689,0.0,0.0
2024-06-14 11:20:00-04:00,6.769999980926514,6.78000020980835,6.730000019073486,6.739999771118164,3356,0.0,0.0
2024-06-14 11:25:00-04:00,6.739999771118164,6.75,6.735000133514404,6.735000133514404,1565,0.0,0.0
2024-06-14 11:30:00-04:00,6.739999771118164,6.760000228881836,6.739999771118164,6.760000228881836,2395,0.0,0.0
2024-06-14 11:35:00-04:00,6.75,6.769999980926514,6.75,6.769999980926514,3079,0.0,0.0
2024-06-14 11:40:00-04:00,6.760000228881836,6.769999980926514,6.730000019073486,6.735000133514404,5654,0.0,0.0
2024-06-14 11:45:00-04:00,6.730000019073486,6.739999771118164,6.71999979019165,6.71999979019165,8920,0.0,0.0
2024-06-14 11:50:00-04:00,6.71999979019165,6.739999771118164,6.715000152587891,6.730000019073486,4283,0.0,0.0
2024-06-14 11:55:00-04:00,6.735000133514404,6.75,6.735000133514404,6.744999885559082,1560,0.0,0.0
2024-06-14 12:00:00-04:00,6.75,6.760000228881836,6.75,6.755000114440918,3501,0.0,0.0
2024-06-14 12:05:00-04:00,6.750100135803223,6.760000228881836,6.744999885559082,6.760000228881836,9799,0.0,0.0
2024-06-14 12:10:00-04:00,6.75,6.760000228881836,6.75,6.760000228881836,2763,0.0,0.0
2024-06-14 12:15:00-04:00,6.75,6.769999980926514,6.739999771118164,6.739999771118164,7159,0.0,0.0
2024-06-14 12:20:00-04:00,6.735000133514404,6.739999771118164,6.710000038146973,6.710000038146973,2297,0.0,0.0
2024-06-14 12:25:00-04:00,6.715000152587891,6.715000152587891,6.715000152587891,6.715000152587891,140,0.0,0.0
2024-06-14 12:30:00-04:00,6.710000038146973,6.71999979019165,6.699999809265137,6.710000038146973,7264,0.0,0.0
2024-06-14 12:35:00-04:00,6.699999809265137,6.710000038146973,6.699999809265137,6.704999923706055,4902,0.0,0.0
2024-06-14 12:40:00-04:00,6.704999923706055,6.71999979019165,6.690000057220459,6.699999809265137,7930,0.0,0.0
2024-06-14 12:45:00-04:00,6.699999809265137,6.710000038146973,6.695000171661377,6.704999923706055,6337,0.0,0.0
2024-06-14 12:50:00-04:00,6.699999809265137,6.710000038146973,6.699999809265137,6.699999809265137,2425,0.0,0.0
2024-06-14 12:55:00-04:00,6.71999979019165,6.739999771118164,6.715000152587891,6.730000019073486,3737,0.0,0.0
2024-06-14 13:00:00-04:00,6.724999904632568,6.744999885559082,6.724999904632568,6.739999771118164,1921,0.0,0.0
2024-06-14 13:05:00-04:00,6.75,6.760000228881836,6.744999885559082,6.760000228881836,5055,0.0,0.0
2024-06-14 13:10:00-04:00,6.755000114440918,6.760000228881836,6.75,6.760000228881836,1689,0.0,0.0
2024-06-14 13:15:00-04:00,6.755000114440918,6.78000020980835,6.755000114440918,6.78000020980835,1394,0.0,0.0
2024-06-14 13:20:00-04:00,6.769999980926514,6.78000020980835,6.764999866485596,6.764999866485596,5429,0.0,0.0
2024-06-14 13:25:00-04:00,6.760000228881836,6.784999847412109,6.760000228881836,6.78000020980835,3205,0.0,0.0
2024-06-14 13:30:00-04:00,6.800000190734863,6.809999942779541,6.78000020980835,6.78000020980835,2485,0.0,0.0
2024-06-14 13:35:00-04:00,6.78000020980835,6.789999961853027,6.78000020980835,6.784999847412109,2999,0.0,0.0
2024-06-14 13:40:00-04:00,6.769999980926514,6.78000020980835,6.755000114440918,6.755000114440918,6027,0.0,0.0
2024-06-14 13:45:00-04:00,6.760000228881836,6.7600998878479,6.739999771118164,6.739999771118164,7223,0.0,0.0
2024-06-14 13:50:00-04:00,6.739999771118164,6.75,6.730000019073486,6.730000019073486,2775,0.0,0.0
2024-06-14 13:55:00-04:00,6.71999979019165,6.730000019073486,6.715000152587891,6.71999979019165,2856,0.0,0.0
2024-06-14 14:00:00-04:00,6.71999979019165,6.730000019073486,6.710000038146973,6.715000152587891,8063,0.0,0.0
2024-06-14 14:05:00-04:00,6.715000152587891,6.71999979019165,6.690000057220459,6.710000038146973,9122,0.0,0.0
2024-06-14 14:10:00-04:00,6.699999809265137,6.710000038146973,6.690000057220459,6.699999809265137,1938,0.0,0.0
2024-06-14 14:15:00-04:00,6.699999809265137,6.730000019073486,6.699999809265137,6.71999979019165,8978,0.0,0.0
2024-06-14 14:20:00-04:00,6.715000152587891,6.71999979019165,6.699999809265137,6.699999809265137,3944,0.0,0.0
2024-06-14 14:25:00-04:00,6.710000038146973,6.71999979019165,6.699999809265137,6.710000038146973,4555,0.0,0.0
2024-06-14 14:30:00-04:00,6.710000038146973,6.730000019073486,6.710000038146973,6.710000038146973,8050,0.0,0.0
2024-06-14 14:35:00-04:00,6.710000038146973,6.760000228881836,6.710000038146973,6.760000228881836,11353,0.0,0.0
2024-06-14 14:40:00-04:00,6.760000228881836,6.78000020980835,6.760000228881836,6.769999980926514,6540,0.0,0.0
2024-06-14 14:45:00-04:00,6.760000228881836,6.769999980926514,6.755000114440918,6.769999980926514,4211,0.0,0.0
2024-06-14 14:50:00-04:00,6.769999980926514,6.78000020980835,6.760000228881836,6.760000228881836,6585,0.0,0.0
2024-06-14 14:55:00-04:00,6.760000228881836,6.78000020980835,6.755000114440918,6.769999980926514,8349,0.0,0.0
2024-06-14 15:00:00-04:00,6.769999980926514,6.78000020980835,6.764999866485596,6.769999980926514,1814,0.0,0.0
2024-06-14 15:05:00-04:00,6.764999866485596,6.800000190734863,6.764999866485596,6.800000190734863,5535,0.0,0.0
2024-06-14 15:10:00-04:00,6.804999828338623,6.829999923706055,6.78000020980835,6.789999961853027,16798,0.0,0.0
2024-06-14 15:15:00-04:00,6.784999847412109,6.784999847412109,6.730000019073486,6.730000019073486,18569,0.0,0.0
2024-06-14 15:20:00-04:00,6.71999979019165,6.730000019073486,6.670000076293945,6.670000076293945,13236,0.0,0.0
2024-06-14 15:25:00-04:00,6.670000076293945,6.744999885559082,6.659999847412109,6.744999885559082,18954,0.0,0.0
2024-06-14 15:30:00-04:00,6.75,6.795000076293945,6.744999885559082,6.755000114440918,13452,0.0,0.0
2024-06-14 15:35:00-04:00,6.75,6.800000190734863,6.744999885559082,6.800000190734863,17857,0.0,0.0
2024-06-14 15:40:00-04:00,6.800000190734863,6.800000190734863,6.75,6.769999980926514,30496,0.0,0.0
2024-06-14 15:45:00-04:00,6.769999980926514,6.789999961853027,6.75,6.789999961853027,31717,0.0,0.0
2024-06-14 15:50:00-04:00,6.789999961853027,6.789999961853027,6.755000114440918,6.760000228881836,29003,0.0,0.0
2024-06-14 15:55:00-04:00,6.760000228881836,6.760000228881836,6.710000038146973,6.710000038146973,52779,0.0,0.0
2024-06-17 09:30:00-04:00,6.679999828338623,6.730000019073486,6.650000095367432,6.679900169372559,10131,0.0,0.0
2024-06-17 09:40:00-04:00,6.650000095367432,6.650000095367432,6.650000095367432,6.650000095367432,395,0.0,0.0
2024-06-17 09:45:00-04:00,6.650000095367432,6.650000095367432,6.610000133514404,6.619999885559082,2876,0.0,0.0
2024-06-17 09:50:00-04:00,6.619999885559082,6.670000076293945,6.619999885559082,6.670000076293945,5791,0.0,0.0
2024-06-17 09:55:00-04:00,6.685800075531006,6.685800075531006,6.650000095367432,6.650000095367432,2949,0.0,0.0
2024-06-17 10:00:00-04:00,6.639900207519531,6.650000095367432,6.630000114440918,6.630000114440918,3062,0.0,0.0
2024-06-17 10:05:00-04:00,6.635000228881836,6.638999938964844,6.610000133514404,6.630000114440918,2597,0.0,0.0
2024-06-17 10:10:00-04:00,6.619999885559082,6.619999885559082,6.59499979019165,6.59499979019165,5445,0.0,0.0
2024-06-17 10:15:00-04:00,6.599899768829346,6.599999904632568,6.599899768829346,6.599999904632568,1048,0.0,0.0
2024-06-17 10:20:00-04:00,6.610000133514404,6.670000076293945,6.610000133514404,6.659999847412109,3865,0.0,0.0
2024-06-17 10:25:00-04:00,6.64900016784668,6.659999847412109,6.614999771118164,6.614999771118164,7486,0.0,0.0
2024-06-17 10:30:00-04:00,6.610000133514404,6.630000114440918,6.599999904632568,6.630000114440918,3471,0.0,0.0
2024-06-17 10:35:00-04:00,6.625,6.659999847412109,6.625,6.650000095367432,3268,0.0,0.0
2024-06-17 10:40:00-04:00,6.650000095367432,6.650000095367432,6.590000152587891,6.599999904632568,48038,0.0,0.0
2024-06-17 10:45:00-04:00,6.599999904632568,6.599999904632568,6.574999809265137,6.574999809265137,2815,0.0,0.0
2024-06-17 10:50:00-04:00,6.570000171661377,6.570000171661377,6.559999942779541,6.559999942779541,3548,0.0,0.0
2024-06-17 10:55:00-04:00,6.559999942779541,6.565000057220459,6.559999942779541,6.559999942779541,2817,0.0,0.0
2024-06-17 11:00:00-04:00,6.570000171661377,6.570000171661377,6.550000190734863,6.558800220489502,2490,0.0,0.0
2024-06-17 11:05:00-04:00,6.554999828338623,6.559000015258789,6.554999828338623,6.554999828338623,783,0.0,0.0
2024-06-17 11:10:00-04:00,6.554999828338623,6.570000171661377,6.554999828338623,6.570000171661377,1011,0.0,0.0
2024-06-17 11:15:00-04:00,6.574999809265137,6.574999809265137,6.574999809265137,6.574999809265137,828,0.0,0.0
2024-06-17 11:20:00-04:00,6.590000152587891,6.590000152587891,6.574999809265137,6.574999809265137,1401,0.0,0.0
2024-06-17 11:25:00-04:00,6.574999809265137,6.574999809265137,6.554999828338623,6.559000015258789,3994,0.0,0.0
2024-06-17 11:30:00-04:00,6.550000190734863,6.554999828338623,6.550000190734863,6.554999828338623,2840,0.0,0.0
2024-06-17 11:35:00-04:00,6.539999961853027,6.539999961853027,6.525000095367432,6.534999847412109,3038,0.0,0.0
2024-06-17 11:40:00-04:00,6.53000020980835,6.539999961853027,6.525000095367432,6.53000020980835,1272,0.0,0.0
2024-06-17 11:45:00-04:00,6.53000020980835,6.53000020980835,6.510000228881836,6.510000228881836,2937,0.0,0.0
2024-06-17 11:50:00-04:00,6.510000228881836,6.510000228881836,6.5,6.5,1623,0.0,0.0
2024-06-17 11:55:00-04:00,6.505000114440918,6.510000228881836,6.505000114440918,6.510000228881836,1729,0.0,0.0
2024-06-17 12:00:00-04:00,6.510000228881836,6.510000228881836,6.5,6.5,2601,0.0,0.0
2024-06-17 12:05:00-04:00,6.489999771118164,6.53000020980835,6.489999771118164,6.53000020980835,4925,0.0,0.0
2024-06-17 12:10:00-04:00,6.539999961853027,6.539999961853027,6.53000020980835,6.53000020980835,2639,0.0,0.0
2024-06-17 12:15:00-04:00,6.53000020980835,6.545000076293945,6.53000020980835,6.534999847412109,1067,0.0,0.0
2024-06-17 12:20:00-04:00,6.534999847412109,6.550000190734863,6.53000020980835,6.550000190734863,2082,0.0,0.0
2024-06-17 12:25:00-04:00,6.549900054931641,6.550000190734863,6.53000020980835,6.53000020980835,883,0.0,0.0
2024-06-17 12:30:00-04:00,6.53000020980835,6.53879976272583,6.53000020980835,6.53000020980835,1782,0.0,0.0
2024-06-17 12:35:00-04:00,6.53000020980835,6.545000076293945,6.53000020980835,6.545000076293945,1638,0.0,0.0
2024-06-17 12:40:00-04:00,6.545000076293945,6.545000076293945,6.534999847412109,6.534999847412109,922,0.0,0.0
2024-06-17 12:45:00-04:00,6.539999961853027,6.539999961853027,6.539999961853027,6.539999961853027,349,0.0,0.0
2024-06-17 12:50:00-04:00,6.534999847412109,6.534999847412109,6.53000020980835,6.53000020980835,574,0.0,0.0
2024-06-17 12:55:00-04:00,6.53000020980835,6.53000020980835,6.529200077056885,6.529200077056885,800,0.0,0.0
2024-06-17 13:00:00-04:00,6.525000095367432,6.534999847412109,6.525000095367432,6.534999847412109,1661,0.0,0.0
2024-06-17 13:05:00-04:00,6.53000020980835,6.53000020980835,6.53000020980835,6.53000020980835,229,0.0,0.0
2024-06-17 13:10:00-04:00,6.53000020980835,6.53000020980835,6.53000020980835,6.53000020980835,785,0.0,0.0
2024-06-17 13:15:00-04:00,6.534999847412109,6.545000076293945,6.534999847412109,6.545000076293945,1166,0.0,0.0
2024-06-17 13:20:00-04:00,6.539999961853027,6.545000076293945,6.539999961853027,6.545000076293945,756,0.0,0.0
2024-06-17 13:25:00-04:00,6.539999961853027,6.539999961853027,6.539999961853027,6.539999961853027,1828,0.0,0.0
2024-06-17 13:30:00-04:00,6.550000190734863,6.565000057220459,6.539999961853027,6.539999961853027,3114,0.0,0.0
2024-06-17 13:35:00-04:00,6.539999961853027,6.539999961853027,6.53000020980835,6.53000020980835,937,0.0,0.0
2024-06-17 13:40:00-04:00,6.534999847412109,6.539999961853027,6.53000020980835,6.53000020980835,1627,0.0,0.0
2024-06-17 13:45:00-04:00,6.534999847412109,6.539999961853027,6.53000020980835,6.539999961853027,545,0.0,0.0
2024-06-17 13:50:00-04:00,6.550000190734863,6.570000171661377,6.550000190734863,6.565000057220459,2047,0.0,0.0
2024-06-17 13:55:00-04:00,6.559999942779541,6.559999942779541,6.550000190734863,6.550000190734863,1113,0.0,0.0
2024-06-17 14:00:00-04:00,6.554999828338623,6.554999828338623,6.545000076293945,6.545000076293945,1019,0.0,0.0
2024-06-17 14:05:00-04:00,6.545000076293945,6.550000190734863,6.539999961853027,6.550000190734863,1579,0.0,0.0
2024-06-17 14:10:00-04:00,6.548999786376953,6.559500217437744,6.539999961853027,6.545000076293945,3170,0.0,0.0
2024-06-17 14:15:00-04:00,6.545000076293945,6.554999828338623,6.545000076293945,6.550000190734863,1849,0.0,0.0
2024-06-17 14:20:00-04:00,6.545000076293945,6.550000190734863,6.545000076293945,6.550000190734863,984,0.0,0.0
2024-06-17 14:25:00-04:00,6.554999828338623,6.554999828338623,6.550000190734863,6.550000190734863,859,0.0,0.0
2024-06-17 14:30:00-04:00,6.545000076293945,6.545000076293945,6.545000076293945,6.545000076293945,385,0.0,0.0
2024-06-17 14:35:00-04:00,6.539999961853027,6.550000190734863,6.539999961853027,6.550000190734863,946,0.0,0.0
2024-06-17 14:40:00-04:00,6.545000076293945,6.545000076293945,6.545000076293945,6.545000076293945,656,0.0,0.0
2024-06-17 14:45:00-04:00,6.539999961853027,6.539999961853027,6.539999961853027,6.539999961853027,251,0.0,0.0
2024-06-17 14:50:00-04:00,6.550000190734863,6.559999942779541,6.550000190734863,6.554999828338623,1530,0.0,0.0
2024-06-17 14:55:00-04:00,6.559999942779541,6.570000171661377,6.559999942779541,6.559999942779541,2514,0.0,0.0
2024-06-17 15:00:00-04:00,6.565000057220459,6.570000171661377,6.554999828338623,6.559999942779541,8278,0.0,0.0
2024-06-17 15:05:00-04:00,6.559999942779541,6.579899787902832,6.559999942779541,6.570000171661377,20707,0.0,0.0
2024-06-17 15:10:00-04:00,6.570000171661377,6.59499979019165,6.570000171661377,6.590000152587891,36135,0.0,0.0
2024-06-17 15:15:00-04:00,6.585000038146973,6.585000038146973,6.570000171661377,6.570000171661377,2406,0.0,0.0
2024-06-17 15:20:00-04:00,6.579999923706055,6.605000019073486,6.579999923706055,6.59499979019165,5461,0.0,0.0
2024-06-17 15:25:00-04:00,6.59499979019165,6.59499979019165,6.579999923706055,6.585000038146973,3256,0.0,0.0
2024-06-17 15:30:00-04:00,6.579999923706055,6.590000152587891,6.570000171661377,6.579999923706055,5016,0.0,0.0
2024-06-17 15:35:00-04:00,6.570000171661377,6.585000038146973,6.570000171661377,6.574999809265137,5952,0.0,0.0
2024-06-17 15:40:00-04:00,6.579999923706055,6.585000038146973,6.571199893951416,6.574999809265137,6711,0.0,0.0
2024-06-17 15:45:00-04:00,6.574999809265137,6.599999904632568,6.574999809265137,6.599999904632568,9589,0.0,0.0
2024-06-17 15:50:00-04:00,6.590000152587891,6.605000019073486,6.585000038146973,6.599999904632568,14825,0.0,0.0
2024-06-17 15:55:00-04:00,6.605000019073486,6.605000019073486,6.579999923706055,6.579999923706055,33628,0.0,0.0
2024-06-18 09:30:00-04:00,6.639999866485596,6.639999866485596,6.630000114440918,6.630000114440918,2524,0.0,0.0
2024-06-18 09:35:00-04:00,6.690000057220459,6.699999809265137,6.679999828338623,6.699999809265137,2131,0.0,0.0
2024-06-18 09:40:00-04:00,6.710000038146973,6.715000152587891,6.699999809265137,6.699999809265137,2387,0.0,0.0
2024-06-18 09:45:00-04:00,6.6956000328063965,6.71999979019165,6.6956000328063965,6.71999979019165,5440,0.0,0.0
2024-06-18 09:50:00-04:00,6.730000019073486,6.760000228881836,6.730000019073486,6.75,2992,0.0,0.0
2024-06-18 09:55:00-04:00,6.75,6.75,6.739999771118164,6.75,2797,0.0,0.0
2024-06-18 10:00:00-04:00,6.75,6.820000171661377,6.75,6.760000228881836,26176,0.0,0.0
2024-06-18 10:05:00-04:00,6.744999885559082,6.760000228881836,6.744999885559082,6.75,4816,0.0,0.0
2024-06-18 10:10:00-04:00,6.759900093078613,6.759900093078613,6.71999979019165,6.71999979019165,5061,0.0,0.0
2024-06-18 10:15:00-04:00,6.71999979019165,6.71999979019165,6.695000171661377,6.710000038146973,3996,0.0,0.0
2024-06-18 10:20:00-04:00,6.70989990234375,6.710000038146973,6.70989990234375,6.710000038146973,3624,0.0,0.0
2024-06-18 10:25:00-04:00,6.710000038146973,6.75,6.704999923706055,6.739999771118164,6771,0.0,0.0
2024-06-18 10:30:00-04:00,6.739999771118164,6.787499904632568,6.739999771118164,6.784999847412109,3052,0.0,0.0
2024-06-18 10:35:00-04:00,6.800000190734863,6.840000152587891,6.800000190734863,6.829999923706055,7667,0.0,0.0
2024-06-18 10:40:00-04:00,6.840000152587891,6.869999885559082,6.840000152587891,6.860000133514404,4534,0.0,0.0
2024-06-18 10:45:00-04:00,6.849999904632568,6.849999904632568,6.840000152587891,6.840000152587891,2427,0.0,0.0
2024-06-18 10:50:00-04:00,6.840000152587891,6.855000019073486,6.840000152587891,6.855000019073486,1413,0.0,0.0
2024-06-18 10:55:00-04:00,6.860000133514404,6.860000133514404,6.855000019073486,6.855000019073486,2555,0.0,0.0
2024-06-18 11:00:00-04:00,6.849999904632568,6.849999904632568,6.820000171661377,6.835000038146973,3186,0.0,0.0
2024-06-18 11:05:00-04:00,6.835000038146973,6.835000038146973,6.824999809265137,6.824999809265137,1487,0.0,0.0
2024-06-18 11:10:00-04:00,6.824999809265137,6.824999809265137,6.824999809265137,6.824999809265137,200,0.0,0.0
2024-06-18 11:15:00-04:00,6.820000171661377,6.829999923706055,6.804999828338623,6.829999923706055,2763,0.0,0.0
2024-06-18 11:20:00-04:00,6.820000171661377,6.820000171661377,6.804999828338623,6.804999828338623,2161,0.0,0.0
2024-06-18 11:25:00-04:00,6.795000076293945,6.795000076293945,6.795000076293945,6.795000076293945,864,0.0,0.0
2024-06-18 11:30:00-04:00,6.800000190734863,6.804999828338623,6.800000190734863,6.804999828338623,1727,0.0,0.0
2024-06-18 11:35:00-04:00,6.815000057220459,6.824999809265137,6.815000057220459,6.824999809265137,504,0.0,0.0
2024-06-18 11:40:00-04:00,6.829999923706055,6.829999923706055,6.824999809265137,6.824999809265137,241,0.0,0.0
2024-06-18 11:45:00-04:00,6.829999923706055,6.829999923706055,6.824999809265137,6.824999809265137,872,0.0,0.0
2024-06-18 12:00:00-04:00,6.820000171661377,6.820000171661377,6.809999942779541,6.809999942779541,1537,0.0,0.0
2024-06-18 12:05:00-04:00,6.804999828338623,6.804999828338623,6.804999828338623,6.804999828338623,537,0.0,0.0
2024-06-18 12:10:00-04:00,6.800000190734863,6.800000190734863,6.795000076293945,6.795000076293945,2038,0.0,0.0
2024-06-18 12:20:00-04:00,6.800000190734863,6.800000190734863,6.784999847412109,6.784999847412109,537,0.0,0.0
2024-06-18 12:25:00-04:00,6.78000020980835,6.78000020980835,6.78000020980835,6.78000020980835,451,0.0,0.0
2024-06-18 12:35:00-04:00,6.775000095367432,6.775000095367432,6.775000095367432,6.775000095367432,132,0.0,0.0
2024-06-18 12:40:00-04:00,6.775000095367432,6.78000020980835,6.739999771118164,6.739999771118164,6983,0.0,0.0
2024-06-18 12:45:00-04:00,6.739999771118164,6.755000114440918,6.739999771118164,6.755000114440918,2126,0.0,0.0
2024-06-18 12:50:00-04:00,6.760000228881836,6.775000095367432,6.760000228881836,6.775000095367432,717,0.0,0.0
2024-06-18 12:55:00-04:00,6.769999980926514,6.769999980926514,6.760000228881836,6.769999980926514,1008,0.0,0.0
2024-06-18 13:00:00-04:00,6.75,6.75,6.75,6.75,378,0.0,0.0
2024-06-18 13:05:00-04:00,6.749499797821045,6.749499797821045,6.710000038146973,6.710000038146973,5863,0.0,0.0
2024-06-18 13:10:00-04:00,6.700399875640869,6.700399875640869,6.690800189971924,6.690800189971924,4273,0.0,0.0
2024-06-18 13:15:00-04:00,6.690000057220459,6.690000057220459,6.670000076293945,6.670000076293945,2139,0.0,0.0
2024-06-18 13:20:00-04:00,6.670000076293945,6.670000076293945,6.670000076293945,6.670000076293945,420,0.0,0.0
2024-06-18 13:25:00-04:00,6.664999961853027,6.664999961853027,6.659999847412109,6.659999847412109,641,0.0,0.0
2024-06-18 13:30:00-04:00,6.650000095367432,6.650000095367432,6.644999980926514,6.644999980926514,1135,0.0,0.0
2024-06-18 13:35:00-04:00,6.639999866485596,6.639999866485596,6.61899995803833,6.61899995803833,1224,0.0,0.0
2024-06-18 13:40:00-04:00,6.619999885559082,6.629899978637695,6.610000133514404,6.619999885559082,2298,0.0,0.0
2024-06-18 13:50:00-04:00,6.629799842834473,6.639999866485596,6.629799842834473,6.630000114440918,2469,0.0,0.0
2024-06-18 13:55:00-04:00,6.630000114440918,6.659999847412109,6.619999885559082,6.659999847412109,8059,0.0,0.0
2024-06-18 14:00:00-04:00,6.669899940490723,6.670000076293945,6.610000133514404,6.610000133514404,11458,0.0,0.0
2024-06-18 14:05:00-04:00,6.599999904632568,6.619999885559082,6.599999904632568,6.619999885559082,1965,0.0,0.0
2024-06-18 14:10:00-04:00,6.650000095367432,6.650000095367432,6.639999866485596,6.639999866485596,3464,0.0,0.0
2024-06-18 14:15:00-04:00,6.635000228881836,6.670000076293945,6.635000228881836,6.659999847412109,4116,0.0,0.0
2024-06-18 14:20:00-04:00,6.664999961853027,6.664999961853027,6.659999847412109,6.659999847412109,1186,0.0,0.0
2024-06-18 14:25:00-04:00,6.659999847412109,6.690000057220459,6.659999847412109,6.690000057220459,5207,0.0,0.0
2024-06-18 14:30:00-04:00,6.684999942779541,6.690000057220459,6.679999828338623,6.679999828338623,6503,0.0,0.0
2024-06-18 14:35:00-04:00,6.670000076293945,6.675000190734863,6.670000076293945,6.675000190734863,1790,0.0,0.0
2024-06-18 14:40:00-04:00,6.675000190734863,6.684999942779541,6.675000190734863,6.679999828338623,3074,0.0,0.0
2024-06-18 14:45:00-04:00,6.679999828338623,6.690000057220459,6.670000076293945,6.670000076293945,8591,0.0,0.0
2024-06-18 14:50:00-04:00,6.675000190734863,6.679999828338623,6.670000076293945,6.670000076293945,2986,0.0,0.0
2024-06-18 14:55:00-04:00,6.670000076293945,6.670000076293945,6.659999847412109,6.659999847412109,3391,0.0,0.0
2024-06-18 15:00:00-04:00,6.664999961853027,6.670000076293945,6.625,6.630000114440918,25348,0.0,0.0
2024-06-18 15:05:00-04:00,6.639999866485596,6.650000095367432,6.630000114440918,6.6479997634887695,6522,0.0,0.0
2024-06-18 15:10:00-04:00,6.650000095367432,6.659999847412109,6.644999980926514,6.650000095367432,6134,0.0,0.0
2024-06-18 15:15:00-04:00,6.650000095367432,6.659999847412109,6.639999866485596,6.650000095367432,4133,0.0,0.0
2024-06-18 15:20:00-04:00,6.650000095367432,6.650000095367432,6.644999980926514,6.644999980926514,944,0.0,0.0
2024-06-18 15:25:00-04:00,6.650000095367432,6.659999847412109,6.650000095367432,6.650000095367432,7119,0.0,0.0
2024-06-18 15:30:00-04:00,6.659999847412109,6.659999847412109,6.650000095367432,6.650000095367432,6854,0.0,0.0
2024-06-18 15:35:00-04:00,6.650000095367432,6.659999847412109,6.650000095367432,6.650000095367432,9697,0.0,0.0
2024-06-18 15:40:00-04:00,6.650000095367432,6.65500020980835,6.639999866485596,6.639999866485596,6645,0.0,0.0
2024-06-18 15:45:00-04:00,6.650000095367432,6.650000095367432,6.630000114440918,6.639999866485596,6826,0.0,0.0
2024-06-18 15:50:00-04:00,6.635000228881836,6.650000095367432,6.630000114440918,6.635000228881836,15549,0.0,0.0
2024-06-18 15:55:00-04:00,6.635000228881836,6.635000228881836,6.599999904632568,6.610000133514404,59273,0.0,0.0
2024-06-20 09:30:00-04:00,6.690000057220459,6.690000057220459,6.610000133514404,6.664999961853027,2817,0.0,0.0
2024-06-20 09:35:00-04:00,6.690000057220459,6.690000057220459,6.639999866485596,6.650000095367432,2748,0.0,0.0
2024-06-20 09:40:00-04:00,6.639999866485596,6.670000076293945,6.639999866485596,6.664999961853027,1669,0.0,0.0
2024-06-20 09:45:00-04:00,6.670000076293945,6.670000076293945,6.630000114440918,6.635000228881836,3862,0.0,0.0
2024-06-20 09:50:00-04:00,6.630000114440918,6.639999866485596,6.630000114440918,6.635000228881836,2567,0.0,0.0
2024-06-20 09:55:00-04:00,6.639999866485596,6.650000095367432,6.639999866485596,6.650000095367432,3123,0.0,0.0
2024-06-20 10:00:00-04:00,6.664999961853027,6.664999961853027,6.599999904632568,6.599999904632568,1461,0.0,0.0
2024-06-20 10:05:00-04:00,6.599999904632568,6.630000114440918,6.599999904632568,6.610000133514404,5896,0.0,0.0
2024-06-20 10:10:00-04:00,6.599999904632568,6.614999771118164,6.599999904632568,6.610000133514404,1064,0.0,0.0
2024-06-20 10:15:00-04:00,6.610000133514404,6.619999885559082,6.610000133514404,6.610000133514404,2634,0.0,0.0
2024-06-20 10:20:00-04:00,6.610000133514404,6.619999885559082,6.599999904632568,6.605000019073486,4959,0.0,0.0
2024-06-20 10:25:00-04:00,6.599999904632568,6.605000019073486,6.59499979019165,6.599999904632568,1679,0.0,0.0
2024-06-20 10:30:00-04:00,6.605000019073486,6.630000114440918,6.605000019073486,6.614999771118164,8361,0.0,0.0
2024-06-20 10:35:00-04:00,6.599999904632568,6.609799861907959,6.599999904632568,6.609799861907959,2722,0.0,0.0
2024-06-20 10:40:00-04:00,6.605000019073486,6.605000019073486,6.579999923706055,6.599999904632568,2474,0.0,0.0
2024-06-20 10:45:00-04:00,6.579999923706055,6.590000152587891,6.579999923706055,6.590000152587891,370,0.0,0.0
2024-06-20 10:50:00-04:00,6.599999904632568,6.599999904632568,6.590000152587891,6.590000152587891,1357,0.0,0.0
2024-06-20 10:55:00-04:00,6.590000152587891,6.59499979019165,6.590000152587891,6.590000152587891,1905,0.0,0.0
2024-06-20 11:00:00-04:00,6.590000152587891,6.59499979019165,6.579999923706055,6.585000038146973,7743,0.0,0.0
2024-06-20 11:05:00-04:00,6.585000038146973,6.599999904632568,6.585000038146973,6.599999904632568,2258,0.0,0.0
2024-06-20 11:15:00-04:00,6.579999923706055,6.585000038146973,6.574999809265137,6.585000038146973,895,0.0,0.0
2024-06-20 11:20:00-04:00,6.586999893188477,6.586999893188477,6.570000171661377,6.570000171661377,1597,0.0,0.0
2024-06-20 11:30:00-04:00,6.560200214385986,6.579999923706055,6.559999942779541,6.579999923706055,2303,0.0,0.0
2024-06-20 11:35:00-04:00,6.585000038146973,6.590000152587891,6.579999923706055,6.579999923706055,2494,0.0,0.0
2024-06-20 11:40:00-04:00,6.579999923706055,6.579999923706055,6.579999923706055,6.579999923706055,1056,0.0,0.0
2024-06-20 11:45:00-04:00,6.574999809265137,6.574999809265137,6.574999809265137,6.574999809265137,428,0.0,0.0
2024-06-20 11:55:00-04:00,6.579999923706055,6.579999923706055,6.574999809265137,6.574999809265137,1388,0.0,0.0
2024-06-20 12:00:00-04:00,6.570000171661377,6.570000171661377,6.559999942779541,6.559999942779541,3574,0.0,0.0
2024-06-20 12:10:00-04:00,6.559999942779541,6.559999942779541,6.554999828338623,6.559999942779541,4094,0.0,0.0
2024-06-20 12:20:00-04:00,6.559999942779541,6.559999942779541,6.554999828338623,6.559999942779541,1813,0.0,0.0
2024-06-20 12:25:00-04:00,6.559999942779541,6.559999942779541,6.550000190734863,6.550000190734863,2546,0.0,0.0
2024-06-20 12:30:00-04:00,6.554999828338623,6.554999828338623,6.539999961853027,6.539999961853027,2060,0.0,0.0
2024-06-20 12:35:00-04:00,6.550000190734863,6.550000190734863,6.545000076293945,6.550000190734863,1271,0.0,0.0
2024-06-20 12:40:00-04:00,6.554999828338623,6.554999828338623,6.554999828338623,6.554999828338623,252,0.0,0.0
2024-06-20 12:50:00-04:00,6.554999828338623,6.554999828338623,6.554999828338623,6.554999828338623,147,0.0,0.0
2024-06-20 12:55:00-04:00,6.550000190734863,6.550000190734863,6.550000190734863,6.550000190734863,402,0.0,0.0
2024-06-20 13:00:00-04:00,6.539999961853027,6.539999961853027,6.519999980926514,6.519999980926514,3270,0.0,0.0
2024-06-20 13:05:00-04:00,6.510000228881836,6.519999980926514,6.510000228881836,6.514999866485596,2457,0.0,0.0
2024-06-20 13:10:00-04:00,6.514999866485596,6.514999866485596,6.510000228881836,6.514999866485596,1220,0.0,0.0
2024-06-20 13:15:00-04:00,6.519999980926514,6.519999980926514,6.514999866485596,6.514999866485596,1075,0.0,0.0
2024-06-20 13:20:00-04:00,6.514999866485596,6.514999866485596,6.510000228881836,6.510000228881836,1956,0.0,0.0
2024-06-20 13:25:00-04:00,6.510000228881836,6.510000228881836,6.510000228881836,6.510000228881836,989,0.0,0.0
2024-06-20 13:35:00-04:00,6.5,6.5,6.489999771118164,6.5,4417,0.0,0.0
2024-06-20 13:40:00-04:00,6.494999885559082,6.5,6.494999885559082,6.5,622,0.0,0.0
2024-06-20 13:45:00-04:00,6.510000228881836,6.519999980926514,6.510000228881836,6.519999980926514,3175,0.0,0.0
2024-06-20 13:50:00-04:00,6.525000095367432,6.525000095367432,6.514999866485596,6.514999866485596,1637,0.0,0.0
2024-06-20 13:55:00-04:00,6.514999866485596,6.519999980926514,6.514999866485596,6.514999866485596,1849,0.0,0.0
2024-06-20 14:00:00-04:00,6.514999866485596,6.514999866485596,6.489999771118164,6.489999771118164,12115,0.0,0.0
2024-06-20 14:05:00-04:00,6.489299774169922,6.489299774169922,6.489299774169922,6.489299774169922,157,0.0,0.0
2024-06-20 14:10:00-04:00,6.485000133514404,6.510000228881836,6.485000133514404,6.505000114440918,13713,0.0,0.0
2024-06-20 14:15:00-04:00,6.505000114440918,6.505000114440918,6.490099906921387,6.5,5846,0.0,0.0
2024-06-20 14:20:00-04:00,6.494999885559082,6.510000228881836,6.494999885559082,6.509900093078613,2766,0.0,0.0
2024-06-20 14:25:00-04:00,6.510000228881836,6.514999866485596,6.5,6.5,6776,0.0,0.0
2024-06-20 14:30:00-04:00,6.494999885559082,6.510000228881836,6.494999885559082,6.494999885559082,3119,0.0,0.0
2024-06-20 14:35:00-04:00,6.489999771118164,6.5,6.485000133514404,6.489999771118164,4790,0.0,0.0
2024-06-20 14:40:00-04:00,6.485000133514404,6.489999771118164,6.485000133514404,6.489999771118164,789,0.0,0.0
2024-06-20 14:45:00-04:00,6.489999771118164,6.5,6.48199987411499,6.48199987411499,6385,0.0,0.0
2024-06-20 14:50:00-04:00,6.489999771118164,6.510000228881836,6.489999771118164,6.510000228881836,7923,0.0,0.0
2024-06-20 14:55:00-04:00,6.505000114440918,6.510000228881836,6.5,6.5,7181,0.0,0.0
2024-06-20 15:00:00-04:00,6.5,6.5,6.489999771118164,6.489999771118164,2078,0.0,0.0
2024-06-20 15:05:00-04:00,6.485000133514404,6.5,6.485000133514404,6.495999813079834,3639,0.0,0.0
2024-06-20 15:10:00-04:00,6.5,6.53000020980835,6.5,6.525000095367432,25169,0.0,0.0
2024-06-20 15:15:00-04:00,6.525000095367432,6.53000020980835,6.519999980926514,6.519999980926514,6144,0.0,0.0
2024-06-20 15:20:00-04:00,6.519999980926514,6.519999980926514,6.505000114440918,6.505000114440918,1149,0.0,0.0
2024-06-20 15:25:00-04:00,6.505000114440918,6.505000114440918,6.485000133514404,6.505000114440918,21590,0.0,0.0
2024-06-20 15:30:00-04:00,6.505000114440918,6.545000076293945,6.505000114440918,6.539999961853027,23007,0.0,0.0
2024-06-20 15:35:00-04:00,6.545000076293945,6.590000152587891,6.545000076293945,6.579999923706055,32248,0.0,0.0
2024-06-20 15:40:00-04:00,6.579999923706055,6.579999923706055,6.570000171661377,6.574999809265137,4858,0.0,0.0
2024-06-20 15:45:00-04:00,6.574999809265137,6.574999809265137,6.559999942779541,6.559999942779541,6883,0.0,0.0
2024-06-20 15:50:00-04:00,6.554999828338623,6.585000038146973,6.554999828338623,6.579999923706055,20362,0.0,0.0
2024-06-20 15:55:00-04:00,6.570000171661377,6.574999809265137,6.539999961853027,6.550000190734863,36865,0.0,0.0
2024-06-21 09:30:00-04:00,6.550000190734863,6.570000171661377,6.510000228881836,6.510000228881836,3123,0.0,0.0
2024-06-21 09:35:00-04:00,6.511000156402588,6.550000190734863,6.511000156402588,6.53000020980835,1838,0.0,0.0
2024-06-21 09:40:00-04:00,6.519999980926514,6.534999847412109,6.510000228881836,6.534999847412109,3373,0.0,0.0
2024-06-21 09:45:00-04:00,6.519999980926514,6.534999847412109,6.5,6.519999980926514,3941,0.0,0.0
2024-06-21 09:50:00-04:00,6.519999980926514,6.525000095367432,6.514999866485596,6.519999980926514,1261,0.0,0.0
2024-06-21 09:55:00-04:00,6.510000228881836,6.519999980926514,6.505000114440918,6.505000114440918,2716,0.0,0.0
2024-06-21 10:00:00-04:00,6.505000114440918,6.534999847412109,6.505000114440918,6.525000095367432,3728,0.0,0.0
2024-06-21 10:05:00-04:00,6.514999866485596,6.519999980926514,6.505000114440918,6.505000114440918,616,0.0,0.0
2024-06-21 10:10:00-04:00,6.5,6.505000114440918,6.5,6.5,2162,0.0,0.0
2024-06-21 10:15:00-04:00,6.5,6.510000228881836,6.5,6.505000114440918,1028,0.0,0.0
2024-06-21 10:20:00-04:00,6.505000114440918,6.505000114440918,6.5,6.5,914,0.0,0.0
2024-06-21 10:25:00-04:00,6.5,6.5,6.499899864196777,6.5,3429,0.0,0.0
2024-06-21 10:30:00-04:00,6.505000114440918,6.510000228881836,6.5,6.5,1256,0.0,0.0
2024-06-21 10:35:00-04:00,6.490699768066406,6.494999885559082,6.489999771118164,6.489999771118164,661,0.0,0.0
2024-06-21 10:40:00-04:00,6.489999771118164,6.510000228881836,6.489999771118164,6.5,8538,0.0,0.0
2024-06-21 10:45:00-04:00,6.5,6.510000228881836,6.5,6.505000114440918,2112,0.0,0.0
2024-06-21 10:50:00-04:00,6.510000228881836,6.514999866485596,6.505000114440918,6.510000228881836,3330,0.0,0.0
2024-06-21 10:55:00-04:00,6.510000228881836,6.510000228881836,6.5,6.5,786,0.0,0.0
2024-06-21 11:00:00-04:00,6.494999885559082,6.505000114440918,6.494999885559082,6.49970006942749,2655,0.0,0.0
2024-06-21 11:05:00-04:00,6.489999771118164,6.494999885559082,6.489999771118164,6.494999885559082,488,0.0,0.0
2024-06-21 11:10:00-04:00,6.5,6.5,6.485000133514404,6.48799991607666,3097,0.0,0.0
2024-06-21 11:15:00-04:00,6.480000019073486,6.489999771118164,6.480000019073486,6.480000019073486,2892,0.0,0.0
2024-06-21 11:20:00-04:00,6.46999979019165,6.474999904632568,6.465000152587891,6.465000152587891,1186,0.0,0.0
2024-06-21 11:25:00-04:00,6.465000152587891,6.46999979019165,6.454999923706055,6.454999923706055,1455,0.0,0.0
2024-06-21 11:30:00-04:00,6.454999923706055,6.454999923706055,6.454999923706055,6.454999923706055,141,0.0,0.0
2024-06-21 11:35:00-04:00,6.450799942016602,6.46999979019165,6.450799942016602,6.465000152587891,2191,0.0,0.0
2024-06-21 11:40:00-04:00,6.46999979019165,6.46999979019165,6.465000152587891,6.465000152587891,545,0.0,0.0
2024-06-21 11:45:00-04:00,6.465000152587891,6.465000152587891,6.465000152587891,6.465000152587891,330,0.0,0.0
2024-06-21 11:50:00-04:00,6.474999904632568,6.474999904632568,6.46999979019165,6.46999979019165,824,0.0,0.0
2024-06-21 11:55:00-04:00,6.46999979019165,6.480000019073486,6.465000152587891,6.465000152587891,2802,0.0,0.0
2024-06-21 12:00:00-04:00,6.469099998474121,6.474999904632568,6.465000152587891,6.474999904632568,5809,0.0,0.0
2024-06-21 12:05:00-04:00,6.474999904632568,6.474999904632568,6.465000152587891,6.465000152587891,2100,0.0,0.0
2024-06-21 12:10:00-04:00,6.465000152587891,6.46999979019165,6.465000152587891,6.465000152587891,3007,0.0,0.0
2024-06-21 12:15:00-04:00,6.46999979019165,6.480000019073486,6.460000038146973,6.460000038146973,3270,0.0,0.0
2024-06-21 12:20:00-04:00,6.460000038146973,6.480000019073486,6.460000038146973,6.460000038146973,2839,0.0,0.0
2024-06-21 12:25:00-04:00,6.465000152587891,6.465000152587891,6.465000152587891,6.465000152587891,146,0.0,0.0
2024-06-21 12:30:00-04:00,6.460100173950195,6.46999979019165,6.460100173950195,6.469799995422363,1181,0.0,0.0
2024-06-21 12:35:00-04:00,6.465000152587891,6.480000019073486,6.460000038146973,6.474999904632568,4698,0.0,0.0
2024-06-21 12:40:00-04:00,6.474999904632568,6.474999904632568,6.474999904632568,6.474999904632568,600,0.0,0.0
2024-06-21 12:45:00-04:00,6.480000019073486,6.480000019073486,6.474999904632568,6.480000019073486,4380,0.0,0.0
2024-06-21 12:50:00-04:00,6.474999904632568,6.480000019073486,6.474999904632568,6.474999904632568,940,0.0,0.0
2024-06-21 12:55:00-04:00,6.480000019073486,6.480000019073486,6.474999904632568,6.480000019073486,1386,0.0,0.0
2024-06-21 13:00:00-04:00,6.480000019073486,6.485000133514404,6.474999904632568,6.485000133514404,5787,0.0,0.0
2024-06-21 13:05:00-04:00,6.48769998550415,6.48769998550415,6.48769998550415,6.48769998550415,102,0.0,0.0
2024-06-21 13:10:00-04:00,6.485000133514404,6.489999771118164,6.485000133514404,6.485000133514404,1688,0.0,0.0
2024-06-21 13:15:00-04:00,6.489999771118164,6.489999771118164,6.489999771118164,6.489999771118164,1304,0.0,0.0
2024-06-21 13:20:00-04:00,6.480000019073486,6.480000019073486,6.465000152587891,6.4679999351501465,4140,0.0,0.0
2024-06-21 13:25:00-04:00,6.46999979019165,6.46999979019165,6.460000038146973,6.465000152587891,858,0.0,0.0
2024-06-21 13:30:00-04:00,6.460000038146973,6.460000038146973,6.429999828338623,6.429999828338623,4387,0.0,0.0
2024-06-21 13:35:00-04:00,6.429999828338623,6.460000038146973,6.429999828338623,6.449999809265137,6889,0.0,0.0
2024-06-21 13:40:00-04:00,6.449999809265137,6.449999809265137,6.429999828338623,6.4309000968933105,4373,0.0,0.0
2024-06-21 13:45:00-04:00,6.434999942779541,6.449999809265137,6.434999942779541,6.440000057220459,4601,0.0,0.0
2024-06-21 13:50:00-04:00,6.434999942779541,6.454999923706055,6.434999942779541,6.449999809265137,3750,0.0,0.0
2024-06-21 14:00:00-04:00,6.449999809265137,6.449999809265137,6.449999809265137,6.449999809265137,1327,0.0,0.0
2024-06-21 14:05:00-04:00,6.440000057220459,6.440000057220459,6.429999828338623,6.429999828338623,5124,0.0,0.0
2024-06-21 14:10:00-04:00,6.434999942779541,6.445000171661377,6.434999942779541,6.445000171661377,1532,0.0,0.0
2024-06-21 14:15:00-04:00,6.449999809265137,6.449999809265137,6.440000057220459,6.440000057220459,2633,0.0,0.0
2024-06-21 14:20:00-04:00,6.440000057220459,6.440000057220459,6.434999942779541,6.434999942779541,583,0.0,0.0
2024-06-21 14:25:00-04:00,6.440000057220459,6.454999923706055,6.440000057220459,6.454999923706055,3249,0.0,0.0
2024-06-21 14:30:00-04:00,6.460000038146973,6.460000038146973,6.460000038146973,6.460000038146973,129,0.0,0.0
2024-06-21 14:35:00-04:00,6.454999923706055,6.454999923706055,6.449999809265137,6.449999809265137,2304,0.0,0.0
2024-06-21 14:40:00-04:00,6.454999923706055,6.454999923706055,6.454999923706055,6.454999923706055,1303,0.0,0.0
2024-06-21 14:45:00-04:00,6.454999923706055,6.46999979019165,6.454999923706055,6.465000152587891,4056,0.0,0.0
2024-06-21 14:50:00-04:00,6.46999979019165,6.474999904632568,6.46999979019165,6.474999904632568,868,0.0,0.0
2024-06-21 14:55:00-04:00,6.480000019073486,6.480000019073486,6.480000019073486,6.480000019073486,524,0.0,0.0
2024-06-21 15:00:00-04:00,6.46999979019165,6.46999979019165,6.460000038146973,6.460000038146973,4952,0.0,0.0
2024-06-21 15:05:00-04:00,6.449999809265137,6.449999809265137,6.440000057220459,6.449999809265137,5133,0.0,0.0
2024-06-21 15:10:00-04:00,6.445000171661377,6.449999809265137,6.445000171661377,6.449900150299072,2801,0.0,0.0
2024-06-21 15:15:00-04:00,6.445000171661377,6.449999809265137,6.445000171661377,6.449999809265137,1412,0.0,0.0
2024-06-21 15:20:00-04:00,6.445000171661377,6.445000171661377,6.445000171661377,6.445000171661377,751,0.0,0.0
2024-06-21 15:25:00-04:00,6.445000171661377,6.445000171661377,6.434999942779541,6.434999942779541,3272,0.0,0.0
2024-06-21 15:30:00-04:00,6.429999828338623,6.429999828338623,6.389999866485596,6.418000221252441,11810,0.0,0.0
2024-06-21 15:35:00-04:00,6.409999847412109,6.409999847412109,6.394999980926514,6.394999980926514,4861,0.0,0.0
2024-06-21 15:40:00-04:00,6.389999866485596,6.389999866485596,6.375,6.375,8979,0.0,0.0
2024-06-21 15:45:00-04:00,6.375,6.375,6.3597002029418945,6.3597002029418945,4808,0.0,0.0
2024-06-21 15:50:00-04:00,6.360000133514404,6.380000114440918,6.34499979019165,6.349999904632568,31123,0.0,0.0
2024-06-21 15:55:00-04:00,6.34499979019165,6.349999904632568,6.340000152587891,6.34499979019165,16162,0.0,0.0
2024-06-24 09:30:00-04:00,6.340000152587891,6.429999828338623,6.340000152587891,6.429999828338623,2451,0.0,0.0
2024-06-24 09:35:00-04:00,6.380000114440918,6.389999866485596,6.380000114440918,6.380000114440918,2351,0.0,0.0
2024-06-24 09:40:00-04:00,6.409999847412109,6.420000076293945,6.409999847412109,6.420000076293945,1144,0.0,0.0
2024-06-24 09:45:00-04:00,6.429999828338623,6.489999771118164,6.429999828338623,6.489999771118164,2659,0.0,0.0
2024-06-24 09:50:00-04:00,6.486299991607666,6.505000114440918,6.486299991607666,6.489999771118164,1746,0.0,0.0
2024-06-24 09:55:00-04:00,6.46999979019165,6.46999979019165,6.460000038146973,6.46999979019165,1463,0.0,0.0
2024-06-24 10:00:00-04:00,6.46999979019165,6.474999904632568,6.454999923706055,6.454999923706055,1785,0.0,0.0
2024-06-24 10:05:00-04:00,6.465000152587891,6.494999885559082,6.465000152587891,6.485000133514404,3456,0.0,0.0
2024-06-24 10:10:00-04:00,6.480000019073486,6.480000019073486,6.474999904632568,6.474999904632568,715,0.0,0.0
2024-06-24 10:15:00-04:00,6.460000038146973,6.460000038146973,6.454999923706055,6.454999923706055,364,0.0,0.0
2024-06-24 10:20:00-04:00,6.449999809265137,6.449999809265137,6.440000057220459,6.440000057220459,741,0.0,0.0
2024-06-24 10:25:00-04:00,6.454999923706055,6.480000019073486,6.440000057220459,6.440000057220459,3080,0.0,0.0
2024-06-24 10:30:00-04:00,6.440000057220459,6.465000152587891,6.438000202178955,6.460000038146973,4062,0.0,0.0
2024-06-24 10:35:00-04:00,6.465000152587891,6.465000152587891,6.465000152587891,6.465000152587891,464,0.0,0.0
2024-06-24 10:40:00-04:00,6.460000038146973,6.460000038146973,6.454999923706055,6.454999923706055,571,0.0,0.0
2024-06-24 10:45:00-04:00,6.460000038146973,6.465000152587891,6.460000038146973,6.460000038146973,728,0.0,0.0
2024-06-24 10:50:00-04:00,6.449999809265137,6.449999809265137,6.434999942779541,6.449999809265137,2447,0.0,0.0
2024-06-24 10:55:00-04:00,6.450099945068359,6.465000152587891,6.450099945068359,6.465000152587891,3025,0.0,0.0
2024-06-24 11:00:00-04:00,6.46999979019165,6.474999904632568,6.46999979019165,6.474999904632568,1026,0.0,0.0
2024-06-24 11:15:00-04:00,6.457099914550781,6.465000152587891,6.457099914550781,6.465000152587891,2042,0.0,0.0
2024-06-24 11:20:00-04:00,6.460000038146973,6.460000038146973,6.460000038146973,6.460000038146973,588,0.0,0.0
2024-06-24 11:25:00-04:00,6.449999809265137,6.460000038146973,6.449999809265137,6.460000038146973,1930,0.0,0.0
2024-06-24 11:30:00-04:00,6.460000038146973,6.460000038146973,6.460000038146973,6.460000038146973,217,0.0,0.0
2024-06-24 11:35:00-04:00,6.460000038146973,6.460000038146973,6.440000057220459,6.440000057220459,2899,0.0,0.0
2024-06-24 11:40:00-04:00,6.429999828338623,6.429999828338623,6.429999828338623,6.429999828338623,100,0.0,0.0
2024-06-24 11:45:00-04:00,6.420000076293945,6.420000076293945,6.409999847412109,6.409999847412109,1660,0.0,0.0
2024-06-24 11:50:00-04:00,6.414999961853027,6.425000190734863,6.414999961853027,6.425000190734863,543,0.0,0.0
2024-06-24 11:55:00-04:00,6.429999828338623,6.429999828338623,6.429999828338623,6.429999828338623,254,0.0,0.0
2024-06-24 12:00:00-04:00,6.420000076293945,6.420000076293945,6.420000076293945,6.420000076293945,818,0.0,0.0
2024-06-24 12:10:00-04:00,6.420000076293945,6.420000076293945,6.420000076293945,6.420000076293945,948,0.0,0.0
2024-06-24 12:15:00-04:00,6.420000076293945,6.445000171661377,6.420000076293945,6.445000171661377,3008,0.0,0.0
2024-06-24 12:20:00-04:00,6.449999809265137,6.480000019073486,6.449999809265137,6.474999904632568,6028,0.0,0.0
2024-06-24 12:25:00-04:00,6.480000019073486,6.489999771118164,6.480000019073486,6.489999771118164,904,0.0,0.0
2024-06-24 12:30:00-04:00,6.480000019073486,6.489999771118164,6.470699787139893,6.480000019073486,3848,0.0,0.0
2024-06-24 12:35:00-04:00,6.480000019073486,6.480000019073486,6.480000019073486,6.480000019073486,1130,0.0,0.0
2024-06-24 12:40:00-04:00,6.480000019073486,6.480000019073486,6.46999979019165,6.46999979019165,2094,0.0,0.0
2024-06-24 12:45:00-04:00,6.474999904632568,6.480000019073486,6.474999904632568,6.480000019073486,1403,0.0,0.0
2024-06-24 12:50:00-04:00,6.480000019073486,6.489999771118164,6.480000019073486,6.480000019073486,3033,0.0,0.0
2024-06-24 12:55:00-04:00,6.480000019073486,6.488999843597412,6.480000019073486,6.488999843597412,720,0.0,0.0
2024-06-24 13:00:00-04:00,6.480000019073486,6.480000019073486,6.46999979019165,6.46999979019165,938,0.0,0.0
2024-06-24 13:05:00-04:00,6.46999979019165,6.46999979019165,6.449999809265137,6.449999809265137,522,0.0,0.0
2024-06-24 13:10:00-04:00,6.45989990234375,6.45989990234375,6.45989990234375,6.45989990234375,1635,0.0,0.0
2024-06-24 13:15:00-04:00,6.460000038146973,6.460000038146973,6.460000038146973,6.460000038146973,390,0.0,0.0
2024-06-24 13:20:00-04:00,6.449999809265137,6.480000019073486,6.449999809265137,6.480000019073486,1788,0.0,0.0
2024-06-24 13:25:00-04:00,6.480000019073486,6.510000228881836,6.480000019073486,6.510000228881836,5217,0.0,0.0
2024-06-24 13:30:00-04:00,6.510000228881836,6.510000228881836,6.510000228881836,6.510000228881836,1504,0.0,0.0
2024-06-24 13:35:00-04:00,6.510000228881836,6.519999980926514,6.510000228881836,6.519999980926514,1087,0.0,0.0
2024-06-24 13:40:00-04:00,6.519999980926514,6.519999980926514,6.510000228881836,6.510000228881836,1155,0.0,0.0
2024-06-24 13:45:00-04:00,6.510000228881836,6.510000228881836,6.510000228881836,6.510000228881836,1241,0.0,0.0
2024-06-24 13:50:00-04:00,6.510000228881836,6.510000228881836,6.510000228881836,6.510000228881836,784,0.0,0.0
2024-06-24 13:55:00-04:00,6.510000228881836,6.525000095367432,6.510000228881836,6.519999980926514,3884,0.0,0.0
2024-06-24 14:00:00-04:00,6.519999980926514,6.525000095367432,6.519999980926514,6.519999980926514,1139,0.0,0.0
2024-06-24 14:10:00-04:00,6.510000228881836,6.510000228881836,6.510000228881836,6.510000228881836,1589,0.0,0.0
2024-06-24 14:15:00-04:00,6.514999866485596,6.53000020980835,6.514999866485596,6.53000020980835,3605,0.0,0.0
2024-06-24 14:20:00-04:00,6.53000020980835,6.53000020980835,6.525000095367432,6.525000095367432,696,0.0,0.0
2024-06-24 14:25:00-04:00,6.525000095367432,6.539999961853027,6.525000095367432,6.538000106811523,2319,0.0,0.0
2024-06-24 14:30:00-04:00,6.539999961853027,6.554999828338623,6.539999961853027,6.550000190734863,6073,0.0,0.0
2024-06-24 14:35:00-04:00,6.550000190734863,6.559999942779541,6.545000076293945,6.545000076293945,1990,0.0,0.0
2024-06-24 14:40:00-04:00,6.550000190734863,6.550000190734863,6.545000076293945,6.550000190734863,1343,0.0,0.0
2024-06-24 14:45:00-04:00,6.554999828338623,6.559999942779541,6.554999828338623,6.559999942779541,1135,0.0,0.0
2024-06-24 14:50:00-04:00,6.559999942779541,6.579999923706055,6.559999942779541,6.578000068664551,2894,0.0,0.0
2024-06-24 14:55:00-04:00,6.590000152587891,6.59499979019165,6.590000152587891,6.590000152587891,1330,0.0,0.0
2024-06-24 15:00:00-04:00,6.59499979019165,6.59499979019165,6.590000152587891,6.590000152587891,1050,0.0,0.0
2024-06-24 15:05:00-04:00,6.590000152587891,6.614999771118164,6.590000152587891,6.610000133514404,8108,0.0,0.0
2024-06-24 15:10:00-04:00,6.605000019073486,6.619999885559082,6.605000019073486,6.610000133514404,5673,0.0,0.0
2024-06-24 15:15:00-04:00,6.610000133514404,6.610000133514404,6.5980000495910645,6.599999904632568,1938,0.0,0.0
2024-06-24 15:20:00-04:00,6.610000133514404,6.610099792480469,6.605000019073486,6.610099792480469,2255,0.0,0.0
2024-06-24 15:25:00-04:00,6.614999771118164,6.639999866485596,6.610000133514404,6.619999885559082,9035,0.0,0.0
2024-06-24 15:30:00-04:00,6.610000133514404,6.619999885559082,6.605000019073486,6.619999885559082,11929,0.0,0.0
2024-06-24 15:35:00-04:00,6.619999885559082,6.619999885559082,6.599999904632568,6.599999904632568,2794,0.0,0.0
2024-06-24 15:40:00-04:00,6.610000133514404,6.630000114440918,6.610000133514404,6.619999885559082,7887,0.0,0.0
2024-06-24 15:45:00-04:00,6.619999885559082,6.639999866485596,6.619999885559082,6.630000114440918,10776,0.0,0.0
2024-06-24 15:50:00-04:00,6.630000114440918,6.639999866485596,6.625,6.630000114440918,11544,0.0,0.0
2024-06-24 15:55:00-04:00,6.625,6.630000114440918,6.610000133514404,6.610000133514404,16582,0.0,0.0
2024-06-25 09:30:00-04:00,6.699999809265137,6.699999809265137,6.688300132751465,6.690000057220459,10084,0.0,0.0
2024-06-25 09:35:00-04:00,6.670000076293945,6.670000076293945,6.635000228881836,6.635000228881836,1251,0.0,0.0
2024-06-25 09:40:00-04:00,6.670000076293945,6.670000076293945,6.599999904632568,6.670000076293945,2486,0.0,0.0
2024-06-25 09:45:00-04:00,6.650000095367432,6.650000095367432,6.590000152587891,6.590000152587891,2618,0.0,0.0
2024-06-25 09:50:00-04:00,6.590000152587891,6.619999885559082,6.590000152587891,6.619999885559082,3355,0.0,0.0
2024-06-25 09:55:00-04:00,6.610000133514404,6.610000133514404,6.579999923706055,6.579999923706055,1522,0.0,0.0
2024-06-25 10:00:00-04:00,6.590000152587891,6.625,6.585700035095215,6.625,6133,0.0,0.0
2024-06-25 10:05:00-04:00,6.625,6.649899959564209,6.625,6.644999980926514,5058,0.0,0.0
2024-06-25 10:10:00-04:00,6.641499996185303,6.65500020980835,6.639999866485596,6.650000095367432,2681,0.0,0.0
2024-06-25 10:15:00-04:00,6.644999980926514,6.644999980926514,6.619999885559082,6.625,1979,0.0,0.0
2024-06-25 10:20:00-04:00,6.619999885559082,6.625,6.619999885559082,6.619999885559082,713,0.0,0.0
2024-06-25 10:25:00-04:00,6.619999885559082,6.625,6.579999923706055,6.579999923706055,1735,0.0,0.0
2024-06-25 10:30:00-04:00,6.574999809265137,6.574999809265137,6.570000171661377,6.570000171661377,229,0.0,0.0
2024-06-25 10:35:00-04:00,6.570000171661377,6.590000152587891,6.570000171661377,6.590000152587891,3903,0.0,0.0
2024-06-25 10:40:00-04:00,6.579999923706055,6.579999923706055,6.559999942779541,6.565000057220459,933,0.0,0.0
2024-06-25 10:45:00-04:00,6.559999942779541,6.559999942779541,6.534999847412109,6.534999847412109,2059,0.0,0.0
2024-06-25 10:50:00-04:00,6.53000020980835,6.53000020980835,6.505000114440918,6.510000228881836,1104,0.0,0.0
2024-06-25 10:55:00-04:00,6.510000228881836,6.510000228881836,6.505000114440918,6.505000114440918,1355,0.0,0.0
2024-06-25 11:00:00-04:00,6.510000228881836,6.510000228881836,6.510000228881836,6.510000228881836,202,0.0,0.0
2024-06-25 11:05:00-04:00,6.510000228881836,6.519999980926514,6.510000228881836,6.519999980926514,2643,0.0,0.0
2024-06-25 11:10:00-04:00,6.53000020980835,6.53000020980835,6.510000228881836,6.510000228881836,2627,0.0,0.0
2024-06-25 11:15:00-04:00,6.512499809265137,6.512499809265137,6.509799957275391,6.509799957275391,766,0.0,0.0
2024-06-25 11:20:00-04:00,6.510000228881836,6.519700050354004,6.510000228881836,6.519700050354004,1382,0.0,0.0
2024-06-25 11:25:00-04:00,6.514999866485596,6.514999866485596,6.5100998878479,6.5100998878479,964,0.0,0.0
2024-06-25 11:30:00-04:00,6.519899845123291,6.519999980926514,6.519899845123291,6.519999980926514,1618,0.0,0.0
2024-06-25 11:35:00-04:00,6.510000228881836,6.519999980926514,6.510000228881836,6.519999980926514,2358,0.0,0.0
2024-06-25 11:40:00-04:00,6.510000228881836,6.510000228881836,6.510000228881836,6.510000228881836,1243,0.0,0.0
2024-06-25 11:45:00-04:00,6.519999980926514,6.534999847412109,6.519999980926514,6.534999847412109,1098,0.0,0.0
2024-06-25 11:50:00-04:00,6.53000020980835,6.53000020980835,6.519999980926514,6.519999980926514,1141,0.0,0.0
2024-06-25 11:55:00-04:00,6.510000228881836,6.514999866485596,6.510000228881836,6.510000228881836,1800,0.0,0.0
2024-06-25 12:00:00-04:00,6.510000228881836,6.53000020980835,6.510000228881836,6.53000020980835,3781,0.0,0.0
2024-06-25 12:05:00-04:00,6.53000020980835,6.53000020980835,6.53000020980835,6.53000020980835,305,0.0,0.0
2024-06-25 12:10:00-04:00,6.53000020980835,6.53000020980835,6.525000095367432,6.529699802398682,2570,0.0,0.0
2024-06-25 12:15:00-04:00,6.519999980926514,6.519999980926514,6.510000228881836,6.510000228881836,1219,0.0,0.0
2024-06-25 12:20:00-04:00,6.510000228881836,6.510000228881836,6.510000228881836,6.510000228881836,276,0.0,0.0
2024-06-25 12:25:00-04:00,6.510000228881836,6.570000171661377,6.510000228881836,6.565000057220459,13200,0.0,0.0
2024-06-25 12:30:00-04:00,6.559999942779541,6.570000171661377,6.559999942779541,6.570000171661377,3009,0.0,0.0
2024-06-25 12:35:00-04:00,6.570000171661377,6.585000038146973,6.560100078582764,6.570000171661377,6186,0.0,0.0
2024-06-25 12:45:00-04:00,6.559999942779541,6.565000057220459,6.554999828338623,6.559999942779541,3913,0.0,0.0
2024-06-25 12:50:00-04:00,6.559999942779541,6.559999942779541,6.539999961853027,6.539999961853027,2286,0.0,0.0
2024-06-25 12:55:00-04:00,6.53000020980835,6.534999847412109,6.53000020980835,6.534999847412109,720,0.0,0.0
2024-06-25 13:00:00-04:00,6.53000020980835,6.53000020980835,6.53000020980835,6.53000020980835,1780,0.0,0.0
2024-06-25 13:05:00-04:00,6.53000020980835,6.53000020980835,6.512499809265137,6.519999980926514,1372,0.0,0.0
2024-06-25 13:10:00-04:00,6.519999980926514,6.519999980926514,6.514999866485596,6.514999866485596,1823,0.0,0.0
2024-06-25 13:15:00-04:00,6.519999980926514,6.534999847412109,6.519999980926514,6.534999847412109,671,0.0,0.0
2024-06-25 13:20:00-04:00,6.534999847412109,6.534999847412109,6.53000020980835,6.53000020980835,223,0.0,0.0
2024-06-25 13:25:00-04:00,6.539999961853027,6.570000171661377,6.539999961853027,6.570000171661377,1823,0.0,0.0
2024-06-25 13:30:00-04:00,6.559999942779541,6.559999942779541,6.559999942779541,6.559999942779541,145,0.0,0.0
2024-06-25 13:35:00-04:00,6.559999942779541,6.559999942779541,6.559999942779541,6.559999942779541,640,0.0,0.0
2024-06-25 13:40:00-04:00,6.567500114440918,6.579999923706055,6.559999942779541,6.559999942779541,3587,0.0,0.0
2024-06-25 13:45:00-04:00,6.570000171661377,6.570000171661377,6.565000057220459,6.565000057220459,871,0.0,0.0
2024-06-25 13:50:00-04:00,6.559999942779541,6.559999942779541,6.550000190734863,6.550000190734863,1002,0.0,0.0
2024-06-25 13:55:00-04:00,6.559999942779541,6.565000057220459,6.559999942779541,6.565000057220459,1136,0.0,0.0
2024-06-25 14:00:00-04:00,6.565000057220459,6.565000057220459,6.559999942779541,6.565000057220459,964,0.0,0.0
2024-06-25 14:05:00-04:00,6.565000057220459,6.565000057220459,6.559999942779541,6.565000057220459,842,0.0,0.0
2024-06-25 14:10:00-04:00,6.570000171661377,6.579999923706055,6.570000171661377,6.579999923706055,1262,0.0,0.0
2024-06-25 14:15:00-04:00,6.579999923706055,6.579999923706055,6.574999809265137,6.579999923706055,2894,0.0,0.0
2024-06-25 14:20:00-04:00,6.579999923706055,6.630000114440918,6.579999923706055,6.630000114440918,27650,0.0,0.0
2024-06-25 14:25:00-04:00,6.620100021362305,6.630000114440918,6.620100021362305,6.630000114440918,1588,0.0,0.0
2024-06-25 14:30:00-04:00,6.619999885559082,6.625,6.619999885559082,6.625,2421,0.0,0.0
2024-06-25 14:35:00-04:00,6.625,6.635000228881836,6.625,6.630000114440918,4870,0.0,0.0
2024-06-25 14:40:00-04:00,6.639999866485596,6.639999866485596,6.639999866485596,6.639999866485596,528,0.0,0.0
2024-06-25 14:45:00-04:00,6.644999980926514,6.644999980926514,6.635000228881836,6.644999980926514,2822,0.0,0.0
2024-06-25 14:50:00-04:00,6.644999980926514,6.644999980926514,6.614999771118164,6.619999885559082,4709,0.0,0.0
2024-06-25 14:55:00-04:00,6.619999885559082,6.625,6.614999771118164,6.625,3861,0.0,0.0
2024-06-25 15:00:00-04:00,6.625,6.630000114440918,6.625,6.625,980,0.0,0.0
2024-06-25 15:05:00-04:00,6.625,6.635000228881836,6.619999885559082,6.635000228881836,8231,0.0,0.0
2024-06-25 15:10:00-04:00,6.639999866485596,6.650000095367432,6.639999866485596,6.650000095367432,5507,0.0,0.0
2024-06-25 15:15:00-04:00,6.65500020980835,6.65500020980835,6.644999980926514,6.650000095367432,7258,0.0,0.0
2024-06-25 15:20:00-04:00,6.659999847412109,6.659999847412109,6.650000095367432,6.650000095367432,3534,0.0,0.0
2024-06-25 15:25:00-04:00,6.659999847412109,6.679999828338623,6.659999847412109,6.675000190734863,5371,0.0,0.0
2024-06-25 15:30:00-04:00,6.675000190734863,6.690000057220459,6.659999847412109,6.659999847412109,10067,0.0,0.0
2024-06-25 15:35:00-04:00,6.659999847412109,6.690000057220459,6.659999847412109,6.675000190734863,7842,0.0,0.0
2024-06-25 15:40:00-04:00,6.664999961853027,6.675000190734863,6.635000228881836,6.664999961853027,14511,0.0,0.0
2024-06-25 15:45:00-04:00,6.664999961853027,6.679999828338623,6.650000095367432,6.679999828338623,9647,0.0,0.0
2024-06-25 15:50:00-04:00,6.670000076293945,6.670000076293945,6.605000019073486,6.610000133514404,16902,0.0,0.0
2024-06-25 15:55:00-04:00,6.610000133514404,6.610000133514404,6.590000152587891,6.59499979019165,24675,0.0,0.0
2024-06-26 09:30:00-04:00,6.519999980926514,6.519999980926514,6.429999828338623,6.429999828338623,4637,0.0,0.0
2024-06-26 09:35:00-04:00,6.420000076293945,6.420000076293945,6.420000076293945,6.420000076293945,919,0.0,0.0
2024-06-26 09:40:00-04:00,6.440000057220459,6.440000057220459,6.420000076293945,6.420000076293945,2982,0.0,0.0
2024-06-26 09:45:00-04:00,6.409999847412109,6.409999847412109,6.400000095367432,6.400000095367432,12234,0.0,0.0
2024-06-26 09:50:00-04:00,6.389999866485596,6.429999828338623,6.389999866485596,6.429999828338623,5277,0.0,0.0
2024-06-26 09:55:00-04:00,6.429999828338623,6.429999828338623,6.429999828338623,6.429999828338623,360,0.0,0.0
2024-06-26 10:00:00-04:00,6.429999828338623,6.480000019073486,6.429999828338623,6.480000019073486,3499,0.0,0.0
2024-06-26 10:05:00-04:00,6.46999979019165,6.46999979019165,6.440000057220459,6.440000057220459,2049,0.0,0.0
2024-06-26 10:10:00-04:00,6.440000057220459,6.460000038146973,6.434999942779541,6.445000171661377,3718,0.0,0.0
2024-06-26 10:15:00-04:00,6.449999809265137,6.460000038146973,6.445000171661377,6.449999809265137,4449,0.0,0.0
2024-06-26 10:20:00-04:00,6.454999923706055,6.460000038146973,6.454999923706055,6.460000038146973,676,0.0,0.0
2024-06-26 10:25:00-04:00,6.460000038146973,6.460000038146973,6.460000038146973,6.460000038146973,1123,0.0,0.0
2024-06-26 10:30:00-04:00,6.46999979019165,6.480000019073486,6.46999979019165,6.46999979019165,720,0.0,0.0
2024-06-26 10:35:00-04:00,6.46999979019165,6.46999979019165,6.465000152587891,6.46999979019165,3835,0.0,0.0
2024-06-26 10:40:00-04:00,6.474999904632568,6.480000019073486,6.46999979019165,6.46999979019165,1351,0.0,0.0
2024-06-26 10:45:00-04:00,6.46999979019165,6.480000019073486,6.46999979019165,6.474999904632568,1983,0.0,0.0
2024-06-26 10:50:00-04:00,6.474999904632568,6.480000019073486,6.46999979019165,6.480000019073486,1359,0.0,0.0
2024-06-26 10:55:00-04:00,6.480000019073486,6.480000019073486,6.460000038146973,6.460000038146973,2641,0.0,0.0
2024-06-26 11:00:00-04:00,6.460000038146973,6.460000038146973,6.460000038146973,6.460000038146973,714,0.0,0.0
2024-06-26 11:05:00-04:00,6.454999923706055,6.460000038146973,6.429999828338623,6.429999828338623,2685,0.0,0.0
2024-06-26 11:10:00-04:00,6.425000190734863,6.429999828338623,6.414999961853027,6.429999828338623,4430,0.0,0.0
2024-06-26 11:15:00-04:00,6.425000190734863,6.429999828338623,6.425000190734863,6.429999828338623,1029,0.0,0.0
2024-06-26 11:20:00-04:00,6.434999942779541,6.434999942779541,6.434999942779541,6.434999942779541,100,0.0,0.0
2024-06-26 11:25:00-04:00,6.429999828338623,6.429999828338623,6.409999847412109,6.409999847412109,1138,0.0,0.0
2024-06-26 11:30:00-04:00,6.409999847412109,6.429999828338623,6.409999847412109,6.425000190734863,7654,0.0,0.0
2024-06-26 11:35:00-04:00,6.429999828338623,6.449999809265137,6.425000190734863,6.440000057220459,4145,0.0,0.0
2024-06-26 11:40:00-04:00,6.440000057220459,6.440000057220459,6.409999847412109,6.409999847412109,2663,0.0,0.0
2024-06-26 11:45:00-04:00,6.40500020980835,6.420000076293945,6.40500020980835,6.414999961853027,2584,0.0,0.0
2024-06-26 11:50:00-04:00,6.420000076293945,6.420000076293945,6.409999847412109,6.409999847412109,2729,0.0,0.0
2024-06-26 11:55:00-04:00,6.400000095367432,6.414999961853027,6.400000095367432,6.414999961853027,3785,0.0,0.0
2024-06-26 12:00:00-04:00,6.414999961853027,6.414999961853027,6.409999847412109,6.414999961853027,784,0.0,0.0
2024-06-26 12:05:00-04:00,6.409999847412109,6.414999961853027,6.394999980926514,6.394999980926514,2676,0.0,0.0
2024-06-26 12:10:00-04:00,6.389999866485596,6.389999866485596,6.385000228881836,6.389900207519531,4089,0.0,0.0
2024-06-26 12:15:00-04:00,6.389999866485596,6.400000095367432,6.389999866485596,6.394999980926514,3131,0.0,0.0
2024-06-26 12:20:00-04:00,6.394999980926514,6.394999980926514,6.394999980926514,6.394999980926514,433,0.0,0.0
2024-06-26 12:25:00-04:00,6.389999866485596,6.394999980926514,6.385000228881836,6.389999866485596,6991,0.0,0.0
2024-06-26 12:30:00-04:00,6.380000114440918,6.380000114440918,6.375,6.375,2777,0.0,0.0
2024-06-26 12:35:00-04:00,6.375,6.40500020980835,6.375,6.40500020980835,7139,0.0,0.0
2024-06-26 12:40:00-04:00,6.400000095367432,6.400000095367432,6.385000228881836,6.385000228881836,1941,0.0,0.0
2024-06-26 12:45:00-04:00,6.385000228881836,6.409999847412109,6.385000228881836,6.409999847412109,5539,0.0,0.0
2024-06-26 12:50:00-04:00,6.409999847412109,6.429999828338623,6.409999847412109,6.420000076293945,2321,0.0,0.0
2024-06-26 12:55:00-04:00,6.420000076293945,6.420000076293945,6.414999961853027,6.414999961853027,2258,0.0,0.0
2024-06-26 13:00:00-04:00,6.414999961853027,6.414999961853027,6.385000228881836,6.389999866485596,19126,0.0,0.0
2024-06-26 13:05:00-04:00,6.389999866485596,6.394999980926514,6.385000228881836,6.389999866485596,1566,0.0,0.0
2024-06-26 13:10:00-04:00,6.389999866485596,6.389999866485596,6.380000114440918,6.380000114440918,1286,0.0,0.0
2024-06-26 13:15:00-04:00,6.380000114440918,6.385000228881836,6.375,6.380000114440918,3742,0.0,0.0
2024-06-26 13:20:00-04:00,6.375,6.420000076293945,6.375,6.420000076293945,9861,0.0,0.0
2024-06-26 13:25:00-04:00,6.409999847412109,6.429999828338623,6.40500020980835,6.40500020980835,6417,0.0,0.0
2024-06-26 13:30:00-04:00,6.40500020980835,6.409999847412109,6.394999980926514,6.394999980926514,1200,0.0,0.0
2024-06-26 13:35:00-04:00,6.389999866485596,6.394999980926514,6.380000114440918,6.394999980926514,3710,0.0,0.0
2024-06-26 13:40:00-04:00,6.389999866485596,6.389999866485596,6.380000114440918,6.385000228881836,1666,0.0,0.0
2024-06-26 13:45:00-04:00,6.380000114440918,6.385000228881836,6.375,6.380000114440918,1879,0.0,0.0
2024-06-26 13:50:00-04:00,6.375,6.380000114440918,6.369999885559082,6.369999885559082,1369,0.0,0.0
2024-06-26 13:55:00-04:00,6.380000114440918,6.380000114440918,6.375,6.380000114440918,743,0.0,0.0
2024-06-26 14:00:00-04:00,6.380000114440918,6.380000114440918,6.375,6.375,3715,0.0,0.0
2024-06-26 14:05:00-04:00,6.369999885559082,6.369999885559082,6.34499979019165,6.360000133514404,3629,0.0,0.0
2024-06-26 14:10:00-04:00,6.349999904632568,6.349999904632568,6.340000152587891,6.340000152587891,1174,0.0,0.0
2024-06-26 14:15:00-04:00,6.34499979019165,6.380000114440918,6.34499979019165,6.369999885559082,50804,0.0,0.0
2024-06-26 14:20:00-04:00,6.369999885559082,6.389999866485596,6.369999885559082,6.389999866485596,7634,0.0,0.0
2024-06-26 14:25:00-04:00,6.385000228881836,6.409999847412109,6.385000228881836,6.40500020980835,5302,0.0,0.0
2024-06-26 14:30:00-04:00,6.414999961853027,6.429999828338623,6.409999847412109,6.429999828338623,4596,0.0,0.0
2024-06-26 14:35:00-04:00,6.429999828338623,6.449999809265137,6.425000190734863,6.429999828338623,8807,0.0,0.0
2024-06-26 14:40:00-04:00,6.429999828338623,6.449999809265137,6.429999828338623,6.447999954223633,5983,0.0,0.0
2024-06-26 14:45:00-04:00,6.445000171661377,6.480000019073486,6.445000171661377,6.454999923706055,11618,0.0,0.0
2024-06-26 14:50:00-04:00,6.454999923706055,6.480000019073486,6.449999809265137,6.480000019073486,13185,0.0,0.0
2024-06-26 14:55:00-04:00,6.480000019073486,6.480000019073486,6.465000152587891,6.46999979019165,3359,0.0,0.0
2024-06-26 15:00:00-04:00,6.46999979019165,6.46999979019165,6.429999828338623,6.454999923706055,9297,0.0,0.0
2024-06-26 15:05:00-04:00,6.454999923706055,6.480000019073486,6.454999923706055,6.460000038146973,9966,0.0,0.0
2024-06-26 15:10:00-04:00,6.460000038146973,6.460000038146973,6.440000057220459,6.460000038146973,11533,0.0,0.0
2024-06-26 15:15:00-04:00,6.460000038146973,6.460000038146973,6.420000076293945,6.429999828338623,10798,0.0,0.0
2024-06-26 15:20:00-04:00,6.434999942779541,6.449999809265137,6.429999828338623,6.449999809265137,10908,0.0,0.0
2024-06-26 15:25:00-04:00,6.445000171661377,6.460000038146973,6.445000171661377,6.460000038146973,7941,0.0,0.0
2024-06-26 15:30:00-04:00,6.460000038146973,6.46999979019165,6.445000171661377,6.449999809265137,17071,0.0,0.0
2024-06-26 15:35:00-04:00,6.440000057220459,6.440000057220459,6.425000190734863,6.429999828338623,6430,0.0,0.0
2024-06-26 15:40:00-04:00,6.425000190734863,6.440000057220459,6.425000190734863,6.434999942779541,6523,0.0,0.0
2024-06-26 15:45:00-04:00,6.429999828338623,6.429999828338623,6.394999980926514,6.400000095367432,9920,0.0,0.0
2024-06-26 15:50:00-04:00,6.400000095367432,6.434999942779541,6.394999980926514,6.425000190734863,27319,0.0,0.0
2024-06-26 15:55:00-04:00,6.425000190734863,6.440000057220459,6.400000095367432,6.400000095367432,23137,0.0,0.0
2024-06-27 09:30:00-04:00,6.420000076293945,6.420000076293945,6.360000133514404,6.360000133514404,3632,0.0,0.0
2024-06-27 09:35:00-04:00,6.369999885559082,6.369999885559082,6.360099792480469,6.360099792480469,778,0.0,0.0
2024-06-27 09:40:00-04:00,6.379899978637695,6.379899978637695,6.375999927520752,6.375999927520752,578,0.0,0.0
2024-06-27 09:45:00-04:00,6.369999885559082,6.389999866485596,6.369999885559082,6.389999866485596,1935,0.0,0.0
2024-06-27 09:50:00-04:00,6.389999866485596,6.389999866485596,6.389999866485596,6.389999866485596,895,0.0,0.0
2024-06-27 09:55:00-04:00,6.400000095367432,6.409999847412109,6.400000095367432,6.400000095367432,1399,0.0,0.0
2024-06-27 10:00:00-04:00,6.409999847412109,6.409999847412109,6.394999980926514,6.394999980926514,2685,0.0,0.0
2024-06-27 10:05:00-04:00,6.389999866485596,6.389999866485596,6.380000114440918,6.380000114440918,1955,0.0,0.0
2024-06-27 10:10:00-04:00,6.380000114440918,6.385000228881836,6.380000114440918,6.380000114440918,1034,0.0,0.0
2024-06-27 10:15:00-04:00,6.369999885559082,6.369999885559082,6.360000133514404,6.360000133514404,840,0.0,0.0
2024-06-27 10:20:00-04:00,6.360000133514404,6.364999771118164,6.355000019073486,6.360000133514404,1676,0.0,0.0
2024-06-27 10:25:00-04:00,6.360000133514404,6.369999885559082,6.360000133514404,6.369999885559082,1386,0.0,0.0
2024-06-27 10:30:00-04:00,6.380000114440918,6.389999866485596,6.380000114440918,6.380000114440918,1639,0.0,0.0
2024-06-27 10:35:00-04:00,6.364999771118164,6.369999885559082,6.364999771118164,6.369999885559082,1424,0.0,0.0
2024-06-27 10:40:00-04:00,6.360000133514404,6.380000114440918,6.360000133514404,6.369999885559082,2562,0.0,0.0
2024-06-27 10:45:00-04:00,6.360000133514404,6.360000133514404,6.335000038146973,6.340000152587891,2856,0.0,0.0
2024-06-27 10:50:00-04:00,6.349999904632568,6.349999904632568,6.329999923706055,6.329999923706055,2623,0.0,0.0
2024-06-27 10:55:00-04:00,6.320000171661377,6.320099830627441,6.284999847412109,6.295000076293945,9376,0.0,0.0
2024-06-27 11:00:00-04:00,6.289999961853027,6.309999942779541,6.289999961853027,6.309999942779541,5225,0.0,0.0
2024-06-27 11:05:00-04:00,6.309999942779541,6.309999942779541,6.300000190734863,6.300000190734863,6024,0.0,0.0
2024-06-27 11:10:00-04:00,6.309999942779541,6.309999942779541,6.300000190734863,6.3084001541137695,1696,0.0,0.0
2024-06-27 11:15:00-04:00,6.304999828338623,6.320000171661377,6.304999828338623,6.320000171661377,4307,0.0,0.0
2024-06-27 11:20:00-04:00,6.329999923706055,6.375,6.329999923706055,6.369999885559082,3875,0.0,0.0
2024-06-27 11:25:00-04:00,6.369999885559082,6.389999866485596,6.369999885559082,6.369999885559082,4112,0.0,0.0
2024-06-27 11:30:00-04:00,6.360000133514404,6.368000030517578,6.34499979019165,6.368000030517578,7152,0.0,0.0
2024-06-27 11:35:00-04:00,6.369999885559082,6.420000076293945,6.369999885559082,6.409999847412109,5859,0.0,0.0
2024-06-27 11:40:00-04:00,6.409999847412109,6.434999942779541,6.409999847412109,6.434999942779541,1907,0.0,0.0
2024-06-27 11:45:00-04:00,6.439000129699707,6.460000038146973,6.439000129699707,6.440000057220459,5939,0.0,0.0
2024-06-27 11:50:00-04:00,6.434999942779541,6.485000133514404,6.434999942779541,6.460000038146973,8031,0.0,0.0
2024-06-27 11:55:00-04:00,6.449999809265137,6.46999979019165,6.440000057220459,6.460000038146973,5744,0.0,0.0
2024-06-27 12:00:00-04:00,6.460000038146973,6.480000019073486,6.460000038146973,6.480000019073486,4497,0.0,0.0
2024-06-27 12:05:00-04:00,6.46999979019165,6.480000019073486,6.460000038146973,6.480000019073486,4015,0.0,0.0
2024-06-27 12:10:00-04:00,6.480000019073486,6.489999771118164,6.46999979019165,6.489999771118164,5398,0.0,0.0
2024-06-27 12:15:00-04:00,6.48799991607666,6.514100074768066,6.485000133514404,6.5,19348,0.0,0.0
2024-06-27 12:20:00-04:00,6.494999885559082,6.505000114440918,6.494999885559082,6.5,3833,0.0,0.0
2024-06-27 12:25:00-04:00,6.494999885559082,6.5,6.489999771118164,6.5,2670,0.0,0.0
2024-06-27 12:30:00-04:00,6.494999885559082,6.494999885559082,6.46999979019165,6.489999771118164,7325,0.0,0.0
2024-06-27 12:35:00-04:00,6.489999771118164,6.5,6.489999771118164,6.5,1676,0.0,0.0
2024-06-27 12:40:00-04:00,6.5,6.5,6.46999979019165,6.46999979019165,13320,0.0,0.0
2024-06-27 12:45:00-04:00,6.46999979019165,6.510000228881836,6.46999979019165,6.510000228881836,10409,0.0,0.0
2024-06-27 12:50:00-04:00,6.510000228881836,6.520999908447266,6.480000019073486,6.510000228881836,34824,0.0,0.0
2024-06-27 12:55:00-04:00,6.519999980926514,6.525000095367432,6.510000228881836,6.510000228881836,7338,0.0,0.0
2024-06-27 13:00:00-04:00,6.514999866485596,6.514999866485596,6.485000133514404,6.510000228881836,4745,0.0,0.0
2024-06-27 13:05:00-04:00,6.5,6.5,6.440000057220459,6.440000057220459,35218,0.0,0.0
2024-06-27 13:10:00-04:00,6.449999809265137,6.460000038146973,6.449999809265137,6.454999923706055,3978,0.0,0.0
2024-06-27 13:15:00-04:00,6.460000038146973,6.460000038146973,6.445000171661377,6.449999809265137,7843,0.0,0.0
2024-06-27 13:20:00-04:00,6.460000038146973,6.465000152587891,6.449999809265137,6.465000152587891,9377,0.0,0.0
2024-06-27 13:25:00-04:00,6.46999979019165,6.480000019073486,6.46999979019165,6.480000019073486,7466,0.0,0.0
2024-06-27 13:30:00-04:00,6.474999904632568,6.474999904632568,6.460000038146973,6.465000152587891,5596,0.0,0.0
2024-06-27 13:35:00-04:00,6.474999904632568,6.480000019073486,6.474999904632568,6.480000019073486,1607,0.0,0.0
2024-06-27 13:40:00-04:00,6.46999979019165,6.480000019073486,6.46999979019165,6.480000019073486,5107,0.0,0.0
2024-06-27 13:45:00-04:00,6.480000019073486,6.489999771118164,6.46999979019165,6.485000133514404,8699,0.0,0.0
2024-06-27 13:50:00-04:00,6.480000019073486,6.480000019073486,6.46999979019165,6.480000019073486,1275,0.0,0.0
2024-06-27 13:55:00-04:00,6.474999904632568,6.474999904632568,6.429999828338623,6.449999809265137,4672,0.0,0.0
2024-06-27 14:00:00-04:00,6.449999809265137,6.454999923706055,6.445000171661377,6.454999923706055,7820,0.0,0.0
2024-06-27 14:05:00-04:00,6.449999809265137,6.449999809265137,6.449999809265137,6.449999809265137,132,0.0,0.0
2024-06-27 14:10:00-04:00,6.449999809265137,6.449999809265137,6.429999828338623,6.429999828338623,5727,0.0,0.0
2024-06-27 14:15:00-04:00,6.429999828338623,6.429999828338623,6.429999828338623,6.429999828338623,1179,0.0,0.0
2024-06-27 14:20:00-04:00,6.429999828338623,6.429999828338623,6.394999980926514,6.394999980926514,4985,0.0,0.0
2024-06-27 14:25:00-04:00,6.400000095367432,6.409999847412109,6.400000095367432,6.409999847412109,2023,0.0,0.0
2024-06-27 14:30:00-04:00,6.409999847412109,6.409999847412109,6.394999980926514,6.394999980926514,2571,0.0,0.0
2024-06-27 14:35:00-04:00,6.394999980926514,6.394999980926514,6.394999980926514,6.394999980926514,535,0.0,0.0
2024-06-27 14:40:00-04:00,6.394999980926514,6.394999980926514,6.394999980926514,6.394999980926514,384,0.0,0.0
2024-06-27 14:45:00-04:00,6.400000095367432,6.40500020980835,6.400000095367432,6.40500020980835,4441,0.0,0.0
2024-06-27 14:50:00-04:00,6.400000095367432,6.434999942779541,6.400000095367432,6.429999828338623,5121,0.0,0.0
2024-06-27 14:55:00-04:00,6.429999828338623,6.434999942779541,6.40500020980835,6.40500020980835,3562,0.0,0.0
2024-06-27 15:00:00-04:00,6.40500020980835,6.420000076293945,6.40500020980835,6.414999961853027,2522,0.0,0.0
2024-06-27 15:05:00-04:00,6.414999961853027,6.420000076293945,6.414999961853027,6.420000076293945,1230,0.0,0.0
2024-06-27 15:10:00-04:00,6.429999828338623,6.434999942779541,6.429999828338623,6.429999828338623,2073,0.0,0.0
2024-06-27 15:15:00-04:00,6.425000190734863,6.429999828338623,6.420000076293945,6.420000076293945,8110,0.0,0.0
2024-06-27 15:20:00-04:00,6.420000076293945,6.420000076293945,6.409999847412109,6.414999961853027,2664,0.0,0.0
2024-06-27 15:25:00-04:00,6.409999847412109,6.414999961853027,6.40500020980835,6.40500020980835,2935,0.0,0.0
2024-06-27 15:30:00-04:00,6.409999847412109,6.409999847412109,6.380000114440918,6.400000095367432,11280,0.0,0.0
2024-06-27 15:35:00-04:00,6.414999961853027,6.414999961853027,6.360000133514404,6.369999885559082,22014,0.0,0.0
2024-06-27 15:40:00-04:00,6.369999885559082,6.369999885559082,6.360000133514404,6.364999771118164,6477,0.0,0.0
2024-06-27 15:45:00-04:00,6.369999885559082,6.369999885559082,6.360000133514404,6.360000133514404,8560,0.0,0.0
2024-06-27 15:50:00-04:00,6.364999771118164,6.364999771118164,6.340000152587891,6.349999904632568,28718,0.0,0.0
2024-06-27 15:55:00-04:00,6.349999904632568,6.360000133514404,6.340000152587891,6.340000152587891,20607,0.0,0.0
2024-06-28 09:30:00-04:00,6.389999866485596,6.449999809265137,6.389999866485596,6.414999961853027,3296,0.0,0.0
2024-06-28 09:35:00-04:00,6.449999809265137,6.480000019073486,6.449999809265137,6.46999979019165,11277,0.0,0.0
2024-06-28 09:40:00-04:00,6.460000038146973,6.5,6.460000038146973,6.5,2748,0.0,0.0
2024-06-28 09:45:00-04:00,6.46999979019165,6.480000019073486,6.449999809265137,6.46999979019165,3162,0.0,0.0
2024-06-28 09:50:00-04:00,6.46999979019165,6.480000019073486,6.454999923706055,6.480000019073486,4048,0.0,0.0
2024-06-28 09:55:00-04:00,6.489999771118164,6.5,6.480000019073486,6.5,4495,0.0,0.0
2024-06-28 10:00:00-04:00,6.480000019073486,6.5,6.480000019073486,6.480000019073486,1774,0.0,0.0
2024-06-28 10:05:00-04:00,6.460000038146973,6.480000019073486,6.454999923706055,6.460000038146973,4186,0.0,0.0
2024-06-28 10:10:00-04:00,6.46999979019165,6.489999771118164,6.46999979019165,6.489999771118164,2347,0.0,0.0
2024-06-28 10:15:00-04:00,6.489999771118164,6.492000102996826,6.489999771118164,6.489999771118164,2487,0.0,0.0
2024-06-28 10:20:00-04:00,6.489999771118164,6.519999980926514,6.489999771118164,6.510000228881836,5644,0.0,0.0
2024-06-28 10:25:00-04:00,6.519999980926514,6.551000118255615,6.519999980926514,6.519999980926514,5423,0.0,0.0
2024-06-28 10:30:00-04:00,6.525000095367432,6.53000020980835,6.519999980926514,6.53000020980835,3136,0.0,0.0
2024-06-28 10:35:00-04:00,6.53000020980835,6.559999942779541,6.53000020980835,6.545000076293945,3098,0.0,0.0
2024-06-28 10:40:00-04:00,6.539999961853027,6.554999828338623,6.539999961853027,6.550000190734863,6440,0.0,0.0
2024-06-28 10:45:00-04:00,6.55679988861084,6.570000171661377,6.550099849700928,6.550099849700928,3647,0.0,0.0
2024-06-28 10:50:00-04:00,6.559999942779541,6.590000152587891,6.559999942779541,6.570000171661377,3987,0.0,0.0
2024-06-28 10:55:00-04:00,6.574999809265137,6.574999809265137,6.559999942779541,6.560299873352051,4099,0.0,0.0
2024-06-28 11:00:00-04:00,6.559999942779541,6.570000171661377,6.559999942779541,6.559999942779541,1448,0.0,0.0
2024-06-28 11:05:00-04:00,6.559999942779541,6.570000171661377,6.53000020980835,6.53000020980835,4418,0.0,0.0
2024-06-28 11:10:00-04:00,6.534999847412109,6.550000190734863,6.534999847412109,6.550000190734863,7122,0.0,0.0
2024-06-28 11:15:00-04:00,6.550000190734863,6.559999942779541,6.550000190734863,6.550000190734863,2549,0.0,0.0
2024-06-28 11:20:00-04:00,6.550000190734863,6.554999828338623,6.545000076293945,6.550000190734863,3377,0.0,0.0
2024-06-28 11:25:00-04:00,6.554999828338623,6.554999828338623,6.539999961853027,6.550000190734863,4571,0.0,0.0
2024-06-28 11:30:00-04:00,6.550000190734863,6.550000190734863,6.539999961853027,6.539999961853027,1637,0.0,0.0
2024-06-28 11:35:00-04:00,6.539999961853027,6.545000076293945,6.519999980926514,6.519999980926514,5705,0.0,0.0
2024-06-28 11:40:00-04:00,6.53000020980835,6.550000190734863,6.53000020980835,6.550000190734863,2967,0.0,0.0
2024-06-28 11:45:00-04:00,6.550000190734863,6.554999828338623,6.539999961853027,6.554999828338623,2766,0.0,0.0
2024-06-28 11:50:00-04:00,6.554999828338623,6.570000171661377,6.554999828338623,6.570000171661377,2955,0.0,0.0
2024-06-28 11:55:00-04:00,6.565000057220459,6.570000171661377,6.565000057220459,6.570000171661377,1825,0.0,0.0
2024-06-28 12:00:00-04:00,6.574999809265137,6.574999809265137,6.550000190734863,6.550000190734863,5623,0.0,0.0
2024-06-28 12:05:00-04:00,6.550000190734863,6.552499771118164,6.539999961853027,6.539999961853027,4233,0.0,0.0
2024-06-28 12:10:00-04:00,6.53000020980835,6.53000020980835,6.525000095367432,6.53000020980835,2707,0.0,0.0
2024-06-28 12:15:00-04:00,6.525000095367432,6.534999847412109,6.489999771118164,6.489999771118164,7309,0.0,0.0
2024-06-28 12:20:00-04:00,6.5,6.5,6.46999979019165,6.480000019073486,4056,0.0,0.0
2024-06-28 12:25:00-04:00,6.485000133514404,6.5,6.485000133514404,6.494999885559082,2400,0.0,0.0
2024-06-28 12:30:00-04:00,6.5,6.5,6.489999771118164,6.5,1917,0.0,0.0
2024-06-28 12:35:00-04:00,6.5,6.5,6.46999979019165,6.480000019073486,3200,0.0,0.0
2024-06-28 12:40:00-04:00,6.46999979019165,6.489999771118164,6.460000038146973,6.489999771118164,5391,0.0,0.0
2024-06-28 12:45:00-04:00,6.480100154876709,6.485000133514404,6.474999904632568,6.480000019073486,4700,0.0,0.0
2024-06-28 12:50:00-04:00,6.489999771118164,6.497499942779541,6.489999771118164,6.489999771118164,3565,0.0,0.0
2024-06-28 12:55:00-04:00,6.480000019073486,6.480000019073486,6.46999979019165,6.480000019073486,5700,0.0,0.0
2024-06-28 13:00:00-04:00,6.480000019073486,6.480000019073486,6.465000152587891,6.46999979019165,1978,0.0,0.0
2024-06-28 13:05:00-04:00,6.46999979019165,6.510000228881836,6.46999979019165,6.5,3274,0.0,0.0
2024-06-28 13:10:00-04:00,6.505000114440918,6.505000114440918,6.489999771118164,6.5,4568,0.0,0.0
2024-06-28 13:15:00-04:00,6.5,6.5,6.494999885559082,6.494999885559082,1203,0.0,0.0
2024-06-28 13:20:00-04:00,6.5,6.5,6.494999885559082,6.5,2358,0.0,0.0
2024-06-28 13:25:00-04:00,6.489999771118164,6.5,6.449999809265137,6.460000038146973,9401,0.0,0.0
2024-06-28 13:30:00-04:00,6.449999809265137,6.449999809265137,6.440000057220459,6.440000057220459,5165,0.0,0.0
2024-06-28 13:35:00-04:00,6.440000057220459,6.460000038146973,6.434999942779541,6.454999923706055,6320,0.0,0.0
2024-06-28 13:40:00-04:00,6.460000038146973,6.465000152587891,6.440000057220459,6.445000171661377,3673,0.0,0.0
2024-06-28 13:45:00-04:00,6.445000171661377,6.449999809265137,6.440000057220459,6.440000057220459,3428,0.0,0.0
2024-06-28 13:50:00-04:00,6.449999809265137,6.449999809265137,6.409999847412109,6.429999828338623,5129,0.0,0.0
2024-06-28 13:55:00-04:00,6.420000076293945,6.429999828338623,6.420000076293945,6.429999828338623,3061,0.0,0.0
2024-06-28 14:00:00-04:00,6.420100212097168,6.429999828338623,6.420100212097168,6.425000190734863,1642,0.0,0.0
2024-06-28 14:05:00-04:00,6.429999828338623,6.434999942779541,6.425000190734863,6.429999828338623,4666,0.0,0.0
2024-06-28 14:10:00-04:00,6.429999828338623,6.440000057220459,6.429999828338623,6.434999942779541,3036,0.0,0.0
2024-06-28 14:15:00-04:00,6.440000057220459,6.440000057220459,6.425000190734863,6.429999828338623,2845,0.0,0.0
2024-06-28 14:20:00-04:00,6.429999828338623,6.440000057220459,6.425000190734863,6.429999828338623,4606,0.0,0.0
2024-06-28 14:25:00-04:00,6.429999828338623,6.434999942779541,6.429999828338623,6.429999828338623,2975,0.0,0.0
2024-06-28 14:30:00-04:00,6.429999828338623,6.429999828338623,6.429999828338623,6.429999828338623,2130,0.0,0.0
2024-06-28 14:35:00-04:00,6.425000190734863,6.429999828338623,6.420000076293945,6.429999828338623,3242,0.0,0.0
2024-06-28 14:40:00-04:00,6.429999828338623,6.429999828338623,6.414999961853027,6.425000190734863,5447,0.0,0.0
2024-06-28 14:45:00-04:00,6.414999961853027,6.420000076293945,6.400000095367432,6.40500020980835,3849,0.0,0.0
2024-06-28 14:50:00-04:00,6.40500020980835,6.409999847412109,6.400000095367432,6.40749979019165,4925,0.0,0.0
2024-06-28 14:55:00-04:00,6.400000095367432,6.409999847412109,6.394999980926514,6.394999980926514,3285,0.0,0.0
2024-06-28 15:00:00-04:00,6.394999980926514,6.4120001792907715,6.394999980926514,6.4120001792907715,10636,0.0,0.0
2024-06-28 15:05:00-04:00,6.409999847412109,6.409999847412109,6.400000095367432,6.409999847412109,5360,0.0,0.0
2024-06-28 15:10:00-04:00,6.414999961853027,6.429999828338623,6.360000133514404,6.389999866485596,42759,0.0,0.0
2024-06-28 15:15:00-04:00,6.400000095367432,6.40500020980835,6.389999866485596,6.400000095367432,9311,0.0,0.0
2024-06-28 15:20:00-04:00,6.400000095367432,6.400000095367432,6.369999885559082,6.369999885559082,13464,0.0,0.0
2024-06-28 15:25:00-04:00,6.369999885559082,6.370999813079834,6.349999904632568,6.355000019073486,13070,0.0,0.0
2024-06-28 15:30:00-04:00,6.355000019073486,6.360000133514404,6.324999809265137,6.335000038146973,27765,0.0,0.0
2024-06-28 15:35:00-04:00,6.335000038146973,6.34499979019165,6.329999923706055,6.340000152587891,20035,0.0,0.0
2024-06-28 15:40:00-04:00,6.340000152587891,6.34499979019165,6.329999923706055,6.335000038146973,18722,0.0,0.0
2024-06-28 15:45:00-04:00,6.340000152587891,6.364999771118164,6.335000038146973,6.340000152587891,42380,0.0,0.0
2024-06-28 15:50:00-04:00,6.340000152587891,6.34499979019165,6.309999942779541,6.324999809265137,87120,0.0,0.0
2024-06-28 15:55:00-04:00,6.324999809265137,6.360000133514404,6.309999942779541,6.340000152587891,104505,0.0,0.0
2024-07-01 09:30:00-04:00,6.380000114440918,6.380000114440918,6.380000114440918,6.380000114440918,1835,0.0,0.0
2024-07-01 09:35:00-04:00,6.409999847412109,6.409999847412109,6.380000114440918,6.409999847412109,3431,0.0,0.0
2024-07-01 09:40:00-04:00,6.409999847412109,6.409999847412109,6.389999866485596,6.400000095367432,4956,0.0,0.0
2024-07-01 09:45:00-04:00,6.375899791717529,6.375899791717529,6.340000152587891,6.340000152587891,1939,0.0,0.0
2024-07-01 09:55:00-04:00,6.349999904632568,6.369999885559082,6.339000225067139,6.36899995803833,6443,0.0,0.0
2024-07-01 10:00:00-04:00,6.369999885559082,6.388999938964844,6.360000133514404,6.380000114440918,6466,0.0,0.0
2024-07-01 10:05:00-04:00,6.380000114440918,6.400000095367432,6.380000114440918,6.389999866485596,5080,0.0,0.0
2024-07-01 10:10:00-04:00,6.389999866485596,6.389999866485596,6.349999904632568,6.349999904632568,4355,0.0,0.0
2024-07-01 10:15:00-04:00,6.349999904632568,6.355000019073486,6.349999904632568,6.355000019073486,1957,0.0,0.0
2024-07-01 10:20:00-04:00,6.355000019073486,6.360000133514404,6.349999904632568,6.360000133514404,4813,0.0,0.0
2024-07-01 10:25:00-04:00,6.369999885559082,6.375,6.360000133514404,6.369999885559082,2805,0.0,0.0
2024-07-01 10:30:00-04:00,6.360000133514404,6.369999885559082,6.360000133514404,6.369999885559082,2732,0.0,0.0
2024-07-01 10:35:00-04:00,6.360000133514404,6.364999771118164,6.355000019073486,6.355000019073486,4819,0.0,0.0
2024-07-01 10:40:00-04:00,6.349999904632568,6.349999904632568,6.329999923706055,6.34499979019165,8315,0.0,0.0
2024-07-01 10:45:00-04:00,6.315000057220459,6.329999923706055,6.309999942779541,6.329999923706055,3592,0.0,0.0
2024-07-01 10:50:00-04:00,6.329999923706055,6.329999923706055,6.320000171661377,6.320000171661377,4460,0.0,0.0
2024-07-01 10:55:00-04:00,6.320000171661377,6.340000152587891,6.320000171661377,6.340000152587891,1565,0.0,0.0
2024-07-01 11:00:00-04:00,6.340000152587891,6.340000152587891,6.324999809265137,6.329999923706055,4151,0.0,0.0
2024-07-01 11:05:00-04:00,6.329999923706055,6.329999923706055,6.320000171661377,6.320000171661377,4778,0.0,0.0
2024-07-01 11:10:00-04:00,6.320000171661377,6.329999923706055,6.320000171661377,6.328999996185303,1731,0.0,0.0
2024-07-01 11:15:00-04:00,6.329999923706055,6.355000019073486,6.329999923706055,6.34499979019165,6111,0.0,0.0
2024-07-01 11:20:00-04:00,6.349999904632568,6.349999904632568,6.329999923706055,6.340000152587891,2626,0.0,0.0
2024-07-01 11:25:00-04:00,6.349999904632568,6.349999904632568,6.340000152587891,6.349999904632568,3437,0.0,0.0
2024-07-01 11:30:00-04:00,6.348999977111816,6.349999904632568,6.340000152587891,6.349999904632568,5042,0.0,0.0
2024-07-01 11:35:00-04:00,6.349999904632568,6.349999904632568,6.349999904632568,6.349999904632568,348,0.0,0.0
2024-07-01 11:40:00-04:00,6.360000133514404,6.360000133514404,6.340000152587891,6.340000152587891,5068,0.0,0.0
2024-07-01 11:45:00-04:00,6.349999904632568,6.355000019073486,6.349999904632568,6.349999904632568,1842,0.0,0.0
2024-07-01 11:50:00-04:00,6.360000133514404,6.360000133514404,6.355000019073486,6.355000019073486,464,0.0,0.0
2024-07-01 11:55:00-04:00,6.360000133514404,6.360000133514404,6.360000133514404,6.360000133514404,677,0.0,0.0
2024-07-01 12:00:00-04:00,6.360000133514404,6.360000133514404,6.360000133514404,6.360000133514404,188,0.0,0.0
2024-07-01 12:05:00-04:00,6.349999904632568,6.349999904632568,6.341000080108643,6.349999904632568,8899,0.0,0.0
2024-07-01 12:10:00-04:00,6.349999904632568,6.349999904632568,6.329999923706055,6.329999923706055,3571,0.0,0.0
2024-07-01 12:15:00-04:00,6.324999809265137,6.324999809265137,6.320000171661377,6.320000171661377,725,0.0,0.0
2024-07-01 12:20:00-04:00,6.324999809265137,6.324999809265137,6.323999881744385,6.324999809265137,1193,0.0,0.0
2024-07-01 12:25:00-04:00,6.320000171661377,6.329999923706055,6.320000171661377,6.329999923706055,1495,0.0,0.0
2024-07-01 12:30:00-04:00,6.340000152587891,6.349999904632568,6.329999923706055,6.340000152587891,1453,0.0,0.0
2024-07-01 12:35:00-04:00,6.340000152587891,6.340000152587891,6.335000038146973,6.340000152587891,6035,0.0,0.0
2024-07-01 12:40:00-04:00,6.340000152587891,6.34499979019165,6.340000152587891,6.34499979019165,500,0.0,0.0
2024-07-01 12:45:00-04:00,6.340000152587891,6.34499979019165,6.329999923706055,6.329999923706055,4313,0.0,0.0
2024-07-01 12:50:00-04:00,6.329999923706055,6.329999923706055,6.320000171661377,6.320000171661377,2062,0.0,0.0
2024-07-01 12:55:00-04:00,6.320000171661377,6.329999923706055,6.320000171661377,6.320000171661377,1277,0.0,0.0
2024-07-01 13:00:00-04:00,6.320000171661377,6.320000171661377,6.289999961853027,6.289999961853027,6448,0.0,0.0
2024-07-01 13:05:00-04:00,6.295000076293945,6.309999942779541,6.295000076293945,6.304999828338623,2239,0.0,0.0
2024-07-01 13:10:00-04:00,6.304999828338623,6.309999942779541,6.300000190734863,6.309999942779541,1050,0.0,0.0
2024-07-01 13:15:00-04:00,6.315000057220459,6.335000038146973,6.315000057220459,6.335000038146973,1810,0.0,0.0
2024-07-01 13:20:00-04:00,6.329999923706055,6.335000038146973,6.329999923706055,6.329999923706055,3711,0.0,0.0
2024-07-01 13:25:00-04:00,6.340000152587891,6.340000152587891,6.329999923706055,6.329999923706055,3501,0.0,0.0
2024-07-01 13:30:00-04:00,6.329999923706055,6.340000152587891,6.329999923706055,6.329999923706055,920,0.0,0.0
2024-07-01 13:35:00-04:00,6.329999923706055,6.329999923706055,6.304999828338623,6.304999828338623,7701,0.0,0.0
2024-07-01 13:40:00-04:00,6.304999828338623,6.339900016784668,6.304999828338623,6.324999809265137,21589,0.0,0.0
2024-07-01 13:45:00-04:00,6.329999923706055,6.329999923706055,6.304999828338623,6.304999828338623,3971,0.0,0.0
2024-07-01 13:50:00-04:00,6.300000190734863,6.300000190734863,6.289999961853027,6.295000076293945,4486,0.0,0.0
2024-07-01 13:55:00-04:00,6.300000190734863,6.300000190734863,6.295000076293945,6.295000076293945,4799,0.0,0.0
2024-07-01 14:00:00-04:00,6.295000076293945,6.300000190734863,6.295000076293945,6.295000076293945,6551,0.0,0.0
2024-07-01 14:05:00-04:00,6.295000076293945,6.300000190734863,6.289999961853027,6.300000190734863,5533,0.0,0.0
2024-07-01 14:10:00-04:00,6.304999828338623,6.304999828338623,6.300000190734863,6.300000190734863,2052,0.0,0.0
2024-07-01 14:15:00-04:00,6.304999828338623,6.304999828338623,6.284999847412109,6.300000190734863,11625,0.0,0.0
2024-07-01 14:20:00-04:00,6.300000190734863,6.300000190734863,6.28000020980835,6.28000020980835,3579,0.0,0.0
2024-07-01 14:25:00-04:00,6.28000020980835,6.28000020980835,6.25,6.25,6103,0.0,0.0
2024-07-01 14:30:00-04:00,6.255000114440918,6.260000228881836,6.25,6.255000114440918,4603,0.0,0.0
2024-07-01 14:35:00-04:00,6.25,6.255000114440918,6.244999885559082,6.255000114440918,7283,0.0,0.0
2024-07-01 14:40:00-04:00,6.260000228881836,6.260000228881836,6.244999885559082,6.25,5507,0.0,0.0
2024-07-01 14:45:00-04:00,6.25,6.25,6.239999771118164,6.239999771118164,3013,0.0,0.0
2024-07-01 14:50:00-04:00,6.239999771118164,6.25,6.235000133514404,6.239999771118164,5810,0.0,0.0
2024-07-01 14:55:00-04:00,6.230000019073486,6.239999771118164,6.230000019073486,6.230000019073486,2410,0.0,0.0
2024-07-01 15:00:00-04:00,6.230000019073486,6.239999771118164,6.230000019073486,6.235000133514404,2340,0.0,0.0
2024-07-01 15:05:00-04:00,6.235000133514404,6.235000133514404,6.230000019073486,6.235000133514404,4113,0.0,0.0
2024-07-01 15:10:00-04:00,6.235000133514404,6.239999771118164,6.230000019073486,6.235000133514404,7173,0.0,0.0
2024-07-01 15:15:00-04:00,6.239999771118164,6.239999771118164,6.21999979019165,6.21999979019165,6530,0.0,0.0
2024-07-01 15:20:00-04:00,6.224999904632568,6.239999771118164,6.21999979019165,6.235000133514404,8885,0.0,0.0
2024-07-01 15:25:00-04:00,6.235000133514404,6.235000133514404,6.224999904632568,6.224999904632568,2386,0.0,0.0
2024-07-01 15:30:00-04:00,6.21999979019165,6.230000019073486,6.21999979019165,6.224999904632568,1293,0.0,0.0
2024-07-01 15:35:00-04:00,6.224999904632568,6.235000133514404,6.204999923706055,6.204999923706055,21939,0.0,0.0
2024-07-01 15:40:00-04:00,6.204999923706055,6.204999923706055,6.195000171661377,6.204999923706055,6548,0.0,0.0
2024-07-01 15:45:00-04:00,6.210000038146973,6.21999979019165,6.204999923706055,6.210000038146973,6380,0.0,0.0
2024-07-01 15:50:00-04:00,6.210000038146973,6.230000019073486,6.199999809265137,6.21999979019165,12965,0.0,0.0
2024-07-01 15:55:00-04:00,6.224999904632568,6.239999771118164,6.210000038146973,6.210000038146973,31735,0.0,0.0
2024-07-02 09:30:00-04:00,6.269999980926514,6.28000020980835,6.269999980926514,6.28000020980835,3262,0.0,0.0
2024-07-02 09:35:00-04:00,6.28000020980835,6.289999961853027,6.260000228881836,6.264999866485596,21969,0.0,0.0
2024-07-02 09:40:00-04:00,6.269999980926514,6.318699836730957,6.25,6.318699836730957,33525,0.0,0.0
2024-07-02 09:45:00-04:00,6.300000190734863,6.304999828338623,6.300000190734863,6.304999828338623,564,0.0,0.0
2024-07-02 09:50:00-04:00,6.300000190734863,6.309000015258789,6.299900054931641,6.300000190734863,1692,0.0,0.0
2024-07-02 09:55:00-04:00,6.300000190734863,6.349999904632568,6.300000190734863,6.329999923706055,19151,0.0,0.0
2024-07-02 10:00:00-04:00,6.328999996185303,6.389999866485596,6.320000171661377,6.340000152587891,32486,0.0,0.0
2024-07-02 10:05:00-04:00,6.34499979019165,6.360000133514404,6.34499979019165,6.360000133514404,1201,0.0,0.0
2024-07-02 10:10:00-04:00,6.360000133514404,6.394999980926514,6.34499979019165,6.394999980926514,6158,0.0,0.0
2024-07-02 10:15:00-04:00,6.389999866485596,6.40500020980835,6.369999885559082,6.369999885559082,9060,0.0,0.0
2024-07-02 10:20:00-04:00,6.364999771118164,6.380000114440918,6.364999771118164,6.364999771118164,3332,0.0,0.0
2024-07-02 10:25:00-04:00,6.364999771118164,6.380000114440918,6.349999904632568,6.349999904632568,2415,0.0,0.0
2024-07-02 10:30:00-04:00,6.355000019073486,6.355000019073486,6.340000152587891,6.355000019073486,2444,0.0,0.0
2024-07-02 10:35:00-04:00,6.349999904632568,6.355000019073486,6.335000038146973,6.355000019073486,7548,0.0,0.0
2024-07-02 10:40:00-04:00,6.355000019073486,6.355000019073486,6.329999923706055,6.340000152587891,3488,0.0,0.0
2024-07-02 10:45:00-04:00,6.34499979019165,6.355000019073486,6.34499979019165,6.349999904632568,1831,0.0,0.0
2024-07-02 10:50:00-04:00,6.34499979019165,6.34499979019165,6.34499979019165,6.34499979019165,253,0.0,0.0
2024-07-02 10:55:00-04:00,6.34499979019165,6.355000019073486,6.329999923706055,6.329999923706055,6701,0.0,0.0
2024-07-02 11:00:00-04:00,6.324999809265137,6.324999809265137,6.309999942779541,6.315000057220459,4441,0.0,0.0
2024-07-02 11:05:00-04:00,6.315000057220459,6.315000057220459,6.300000190734863,6.304999828338623,3237,0.0,0.0
2024-07-02 11:10:00-04:00,6.304999828338623,6.311200141906738,6.295000076293945,6.295000076293945,6717,0.0,0.0
2024-07-02 11:15:00-04:00,6.300000190734863,6.349999904632568,6.300000190734863,6.335000038146973,12114,0.0,0.0
2024-07-02 11:20:00-04:00,6.335000038146973,6.360000133514404,6.320000171661377,6.355000019073486,9093,0.0,0.0
2024-07-02 11:25:00-04:00,6.355000019073486,6.355000019073486,6.349999904632568,6.355000019073486,5642,0.0,0.0
2024-07-02 11:30:00-04:00,6.355000019073486,6.389999866485596,6.355000019073486,6.385000228881836,24930,0.0,0.0
2024-07-02 11:35:00-04:00,6.385000228881836,6.420000076293945,6.385000228881836,6.414999961853027,21953,0.0,0.0
2024-07-02 11:40:00-04:00,6.409999847412109,6.420000076293945,6.400000095367432,6.414999961853027,8889,0.0,0.0
2024-07-02 11:45:00-04:00,6.409999847412109,6.409999847412109,6.40500020980835,6.40500020980835,2127,0.0,0.0
2024-07-02 11:50:00-04:00,6.409999847412109,6.429999828338623,6.409999847412109,6.425000190734863,6419,0.0,0.0
2024-07-02 11:55:00-04:00,6.425000190734863,6.429999828338623,6.420000076293945,6.425000190734863,5954,0.0,0.0
2024-07-02 12:00:00-04:00,6.425000190734863,6.425000190734863,6.420000076293945,6.420000076293945,1729,0.0,0.0
2024-07-02 12:05:00-04:00,6.420000076293945,6.420000076293945,6.400000095367432,6.409999847412109,4396,0.0,0.0
2024-07-02 12:10:00-04:00,6.409999847412109,6.420000076293945,6.400000095367432,6.400000095367432,6816,0.0,0.0
2024-07-02 12:15:00-04:00,6.400000095367432,6.400000095367432,6.400000095367432,6.400000095367432,375,0.0,0.0
2024-07-02 12:20:00-04:00,6.400000095367432,6.40500020980835,6.400000095367432,6.400000095367432,2794,0.0,0.0
2024-07-02 12:25:00-04:00,6.40500020980835,6.420000076293945,6.40500020980835,6.409999847412109,16836,0.0,0.0
2024-07-02 12:30:00-04:00,6.409999847412109,6.420000076293945,6.400000095367432,6.409999847412109,26468,0.0,0.0
2024-07-02 12:35:00-04:00,6.40500020980835,6.40500020980835,6.380000114440918,6.380000114440918,2791,0.0,0.0
2024-07-02 12:40:00-04:00,6.380000114440918,6.385000228881836,6.375,6.380000114440918,2998,0.0,0.0
2024-07-02 12:45:00-04:00,6.380000114440918,6.380000114440918,6.380000114440918,6.380000114440918,1129,0.0,0.0
2024-07-02 12:50:00-04:00,6.380000114440918,6.380000114440918,6.380000114440918,6.380000114440918,190,0.0,0.0
2024-07-02 12:55:00-04:00,6.385000228881836,6.385000228881836,6.369999885559082,6.369999885559082,968,0.0,0.0
2024-07-02 13:00:00-04:00,6.369999885559082,6.369999885559082,6.349999904632568,6.355000019073486,14055,0.0,0.0
2024-07-02 13:05:00-04:00,6.355000019073486,6.375,6.355000019073486,6.370999813079834,3216,0.0,0.0
2024-07-02 13:10:00-04:00,6.349999904632568,6.35099983215332,6.349999904632568,6.349999904632568,828,0.0,0.0
2024-07-02 13:15:00-04:00,6.340000152587891,6.340000152587891,6.320000171661377,6.320000171661377,1314,0.0,0.0
2024-07-02 13:20:00-04:00,6.320000171661377,6.329999923706055,6.320000171661377,6.324999809265137,959,0.0,0.0
2024-07-02 13:25:00-04:00,6.324999809265137,6.324999809265137,6.320000171661377,6.320000171661377,2167,0.0,0.0
2024-07-02 13:30:00-04:00,6.309999942779541,6.309999942779541,6.309999942779541,6.309999942779541,475,0.0,0.0
2024-07-02 13:35:00-04:00,6.315000057220459,6.315000057220459,6.309999942779541,6.315000057220459,1477,0.0,0.0
2024-07-02 13:40:00-04:00,6.309999942779541,6.319900035858154,6.309999942779541,6.315000057220459,1104,0.0,0.0
2024-07-02 13:45:00-04:00,6.320000171661377,6.320000171661377,6.315000057220459,6.315000057220459,296,0.0,0.0
2024-07-02 13:50:00-04:00,6.309999942779541,6.329999923706055,6.309999942779541,6.329999923706055,1731,0.0,0.0
2024-07-02 13:55:00-04:00,6.335000038146973,6.339900016784668,6.334799766540527,6.334799766540527,550,0.0,0.0
2024-07-02 14:00:00-04:00,6.329999923706055,6.329999923706055,6.300000190734863,6.300000190734863,6367,0.0,0.0
2024-07-02 14:05:00-04:00,6.289999961853027,6.295000076293945,6.289999961853027,6.289999961853027,426,0.0,0.0
2024-07-02 14:10:00-04:00,6.295000076293945,6.300000190734863,6.289999961853027,6.300000190734863,1561,0.0,0.0
2024-07-02 14:15:00-04:00,6.295000076293945,6.320000171661377,6.295000076293945,6.315000057220459,5724,0.0,0.0
2024-07-02 14:20:00-04:00,6.320000171661377,6.320000171661377,6.289999961853027,6.289999961853027,7989,0.0,0.0
2024-07-02 14:25:00-04:00,6.28000020980835,6.284999847412109,6.25,6.25,12738,0.0,0.0
2024-07-02 14:30:00-04:00,6.255000114440918,6.260000228881836,6.230000019073486,6.255000114440918,7987,0.0,0.0
2024-07-02 14:35:00-04:00,6.25,6.260000228881836,6.230000019073486,6.230000019073486,22370,0.0,0.0
2024-07-02 14:40:00-04:00,6.235000133514404,6.260000228881836,6.235000133514404,6.25,20394,0.0,0.0
2024-07-02 14:45:00-04:00,6.244999885559082,6.25,6.230000019073486,6.25,9317,0.0,0.0
2024-07-02 14:50:00-04:00,6.25,6.275000095367432,6.244999885559082,6.275000095367432,16774,0.0,0.0
2024-07-02 14:55:00-04:00,6.28000020980835,6.28000020980835,6.25,6.25,18202,0.0,0.0
2024-07-02 15:00:00-04:00,6.25,6.255000114440918,6.239999771118164,6.239999771118164,9469,0.0,0.0
2024-07-02 15:05:00-04:00,6.244999885559082,6.260000228881836,6.239999771118164,6.25,14856,0.0,0.0
2024-07-02 15:10:00-04:00,6.25,6.255000114440918,6.239999771118164,6.239999771118164,14032,0.0,0.0
2024-07-02 15:15:00-04:00,6.239999771118164,6.25,6.239999771118164,6.25,11415,0.0,0.0
2024-07-02 15:20:00-04:00,6.260000228881836,6.269999980926514,6.255000114440918,6.269999980926514,5718,0.0,0.0
2024-07-02 15:25:00-04:00,6.2789998054504395,6.2789998054504395,6.239999771118164,6.25,11190,0.0,0.0
2024-07-02 15:30:00-04:00,6.255000114440918,6.260000228881836,6.239999771118164,6.25,8929,0.0,0.0
2024-07-02 15:35:00-04:00,6.25,6.255000114440918,6.239999771118164,6.25,7183,0.0,0.0
2024-07-02 15:40:00-04:00,6.25,6.255000114440918,6.239999771118164,6.25,13318,0.0,0.0
2024-07-02 15:45:00-04:00,6.25,6.25,6.230000019073486,6.239999771118164,38668,0.0,0.0
2024-07-02 15:50:00-04:00,6.239999771118164,6.25,6.230000019073486,6.235000133514404,50173,0.0,0.0
2024-07-02 15:55:00-04:00,6.235000133514404,6.244999885559082,6.230000019073486,6.230000019073486,35987,0.0,0.0
2024-07-03 09:30:00-04:00,6.239999771118164,6.340000152587891,6.239999771118164,6.329999923706055,3890,0.0,0.0
2024-07-03 09:35:00-04:00,6.350100040435791,6.350100040435791,6.350100040435791,6.350100040435791,484,0.0,0.0
2024-07-03 09:40:00-04:00,6.369999885559082,6.379499912261963,6.369999885559082,6.379499912261963,1044,0.0,0.0
2024-07-03 09:45:00-04:00,6.380000114440918,6.400000095367432,6.380000114440918,6.389999866485596,679,0.0,0.0
2024-07-03 09:50:00-04:00,6.400000095367432,6.400000095367432,6.349999904632568,6.360000133514404,8214,0.0,0.0
2024-07-03 09:55:00-04:00,6.360000133514404,6.379899978637695,6.360000133514404,6.360000133514404,827,0.0,0.0
2024-07-03 10:00:00-04:00,6.360000133514404,6.380000114440918,6.360000133514404,6.380000114440918,1303,0.0,0.0
2024-07-03 10:05:00-04:00,6.389999866485596,6.394999980926514,6.380000114440918,6.380000114440918,1129,0.0,0.0
2024-07-03 10:10:00-04:00,6.389999866485596,6.400000095367432,6.389999866485596,6.389999866485596,1486,0.0,0.0
2024-07-03 10:15:00-04:00,6.394999980926514,6.394999980926514,6.34499979019165,6.34499979019165,4323,0.0,0.0
2024-07-03 10:20:00-04:00,6.349999904632568,6.349999904632568,6.349999904632568,6.349999904632568,374,0.0,0.0
2024-07-03 10:25:00-04:00,6.360000133514404,6.360000133514404,6.329999923706055,6.335000038146973,1695,0.0,0.0
2024-07-03 10:30:00-04:00,6.335000038146973,6.349999904632568,6.324999809265137,6.324999809265137,4203,0.0,0.0
2024-07-03 10:35:00-04:00,6.335000038146973,6.335000038146973,6.309999942779541,6.320000171661377,5114,0.0,0.0
2024-07-03 10:40:00-04:00,6.320000171661377,6.329999923706055,6.300000190734863,6.300000190734863,6135,0.0,0.0
2024-07-03 10:45:00-04:00,6.300000190734863,6.309999942779541,6.300000190734863,6.309999942779541,884,0.0,0.0
2024-07-03 10:50:00-04:00,6.320000171661377,6.329999923706055,6.320000171661377,6.320000171661377,3338,0.0,0.0
2024-07-03 10:55:00-04:00,6.315000057220459,6.315000057220459,6.315000057220459,6.315000057220459,855,0.0,0.0
2024-07-03 11:00:00-04:00,6.315000057220459,6.315000057220459,6.295000076293945,6.295000076293945,2389,0.0,0.0
2024-07-03 11:05:00-04:00,6.300000190734863,6.320000171661377,6.295000076293945,6.295000076293945,4645,0.0,0.0
2024-07-03 11:10:00-04:00,6.289999961853027,6.289999961853027,6.28000020980835,6.28000020980835,2801,0.0,0.0
2024-07-03 11:15:00-04:00,6.284999847412109,6.284999847412109,6.28000020980835,6.284999847412109,893,0.0,0.0
2024-07-03 11:20:00-04:00,6.284999847412109,6.289999961853027,6.284999847412109,6.289999961853027,2096,0.0,0.0
2024-07-03 11:25:00-04:00,6.289999961853027,6.300000190734863,6.284999847412109,6.300000190734863,2695,0.0,0.0
2024-07-03 11:30:00-04:00,6.304999828338623,6.304999828338623,6.300000190734863,6.300000190734863,1214,0.0,0.0
2024-07-03 11:35:00-04:00,6.315000057220459,6.315000057220459,6.315000057220459,6.315000057220459,1246,0.0,0.0
2024-07-03 11:40:00-04:00,6.335000038146973,6.335000038146973,6.320000171661377,6.320000171661377,3741,0.0,0.0
2024-07-03 11:45:00-04:00,6.319900035858154,6.319900035858154,6.315000057220459,6.315000057220459,682,0.0,0.0
2024-07-03 11:50:00-04:00,6.315000057220459,6.315000057220459,6.315000057220459,6.315000057220459,100,0.0,0.0
2024-07-03 11:55:00-04:00,6.315000057220459,6.320000171661377,6.310299873352051,6.320000171661377,2674,0.0,0.0
2024-07-03 12:00:00-04:00,6.315000057220459,6.324999809265137,6.304999828338623,6.304999828338623,8168,0.0,0.0
2024-07-03 12:05:00-04:00,6.304999828338623,6.309999942779541,6.304999828338623,6.304999828338623,3716,0.0,0.0
2024-07-03 12:10:00-04:00,6.304999828338623,6.304999828338623,6.295000076293945,6.295000076293945,2520,0.0,0.0
2024-07-03 12:15:00-04:00,6.295000076293945,6.295000076293945,6.295000076293945,6.295000076293945,981,0.0,0.0
2024-07-03 12:20:00-04:00,6.295000076293945,6.304999828338623,6.289999961853027,6.300000190734863,14426,0.0,0.0
2024-07-03 12:25:00-04:00,6.295000076293945,6.295000076293945,6.269999980926514,6.28000020980835,4120,0.0,0.0
2024-07-03 12:30:00-04:00,6.284999847412109,6.289999961853027,6.260000228881836,6.275000095367432,12086,0.0,0.0
2024-07-03 12:35:00-04:00,6.275000095367432,6.304999828338623,6.275000095367432,6.300000190734863,16207,0.0,0.0
2024-07-03 12:40:00-04:00,6.295000076293945,6.355000019073486,6.295000076293945,6.355000019073486,20199,0.0,0.0
2024-07-03 12:45:00-04:00,6.355000019073486,6.355000019073486,6.355000019073486,6.355000019073486,1166,0.0,0.0
2024-07-05 09:30:00-04:00,6.369999885559082,6.429999828338623,6.369999885559082,6.429999828338623,2898,0.0,0.0
2024-07-05 09:35:00-04:00,6.371500015258789,6.400000095367432,6.329999923706055,6.329999923706055,10336,0.0,0.0
2024-07-05 09:40:00-04:00,6.329999923706055,6.34499979019165,6.329999923706055,6.34499979019165,811,0.0,0.0
2024-07-05 09:45:00-04:00,6.361999988555908,6.361999988555908,6.329999923706055,6.330100059509277,1933,0.0,0.0
2024-07-05 09:50:00-04:00,6.329999923706055,6.340000152587891,6.309999942779541,6.320000171661377,8286,0.0,0.0
2024-07-05 09:55:00-04:00,6.320000171661377,6.329899787902832,6.309999942779541,6.324999809265137,10728,0.0,0.0
2024-07-05 10:00:00-04:00,6.320000171661377,6.320000171661377,6.269999980926514,6.275000095367432,7853,0.0,0.0
2024-07-05 10:05:00-04:00,6.269999980926514,6.275000095367432,6.255000114440918,6.275000095367432,2633,0.0,0.0
2024-07-05 10:10:00-04:00,6.269999980926514,6.275000095367432,6.230000019073486,6.230000019073486,6800,0.0,0.0
2024-07-05 10:15:00-04:00,6.230000019073486,6.230000019073486,6.215000152587891,6.215000152587891,1690,0.0,0.0
2024-07-05 10:20:00-04:00,6.224999904632568,6.244999885559082,6.224999904632568,6.244999885559082,1368,0.0,0.0
2024-07-05 10:25:00-04:00,6.25,6.260000228881836,6.244999885559082,6.260000228881836,7465,0.0,0.0
2024-07-05 10:30:00-04:00,6.269999980926514,6.295000076293945,6.260000228881836,6.264999866485596,5842,0.0,0.0
2024-07-05 10:35:00-04:00,6.260000228881836,6.260000228881836,6.25,6.260000228881836,1242,0.0,0.0
2024-07-05 10:40:00-04:00,6.264999866485596,6.264999866485596,6.258900165557861,6.258900165557861,1217,0.0,0.0
2024-07-05 10:45:00-04:00,6.25,6.275000095367432,6.25,6.269999980926514,2446,0.0,0.0
2024-07-05 10:50:00-04:00,6.264999866485596,6.267499923706055,6.264999866485596,6.267499923706055,486,0.0,0.0
2024-07-05 10:55:00-04:00,6.275000095367432,6.275000095367432,6.269999980926514,6.269999980926514,854,0.0,0.0
2024-07-05 11:00:00-04:00,6.264999866485596,6.264999866485596,6.264999866485596,6.264999866485596,1460,0.0,0.0
2024-07-05 11:05:00-04:00,6.264999866485596,6.264999866485596,6.264999866485596,6.264999866485596,503,0.0,0.0
2024-07-05 11:10:00-04:00,6.260000228881836,6.269999980926514,6.260000228881836,6.264999866485596,1118,0.0,0.0
2024-07-05 11:15:00-04:00,6.264999866485596,6.264999866485596,6.264999866485596,6.264999866485596,525,0.0,0.0
2024-07-05 11:20:00-04:00,6.28000020980835,6.28000020980835,6.264999866485596,6.264999866485596,2691,0.0,0.0
2024-07-05 11:25:00-04:00,6.269999980926514,6.295000076293945,6.269999980926514,6.289999961853027,2349,0.0,0.0
2024-07-05 11:30:00-04:00,6.28000020980835,6.284999847412109,6.275000095367432,6.275000095367432,1285,0.0,0.0
2024-07-05 11:35:00-04:00,6.28000020980835,6.28000020980835,6.28000020980835,6.28000020980835,223,0.0,0.0
2024-07-05 11:40:00-04:00,6.28000020980835,6.284999847412109,6.28000020980835,6.28000020980835,1086,0.0,0.0
2024-07-05 11:45:00-04:00,6.269999980926514,6.269999980926514,6.269999980926514,6.269999980926514,1640,0.0,0.0
2024-07-05 11:50:00-04:00,6.260000228881836,6.260000228881836,6.255000114440918,6.255000114440918,538,0.0,0.0
2024-07-05 11:55:00-04:00,6.260000228881836,6.260000228881836,6.260000228881836,6.260000228881836,546,0.0,0.0
2024-07-05 12:00:00-04:00,6.264999866485596,6.264999866485596,6.260000228881836,6.264999866485596,684,0.0,0.0
2024-07-05 12:05:00-04:00,6.260000228881836,6.260000228881836,6.255000114440918,6.255000114440918,950,0.0,0.0
2024-07-05 12:10:00-04:00,6.255000114440918,6.255000114440918,6.25,6.25,7017,0.0,0.0
2024-07-05 12:15:00-04:00,6.260000228881836,6.264999866485596,6.255000114440918,6.255000114440918,1611,0.0,0.0
2024-07-05 12:20:00-04:00,6.250100135803223,6.250100135803223,6.235000133514404,6.239999771118164,5533,0.0,0.0
2024-07-05 12:25:00-04:00,6.239999771118164,6.239999771118164,6.230000019073486,6.239999771118164,2370,0.0,0.0
2024-07-05 12:30:00-04:00,6.230000019073486,6.230000019073486,6.210000038146973,6.210000038146973,2647,0.0,0.0
2024-07-05 12:35:00-04:00,6.210000038146973,6.21999979019165,6.204999923706055,6.21999979019165,1911,0.0,0.0
2024-07-05 12:40:00-04:00,6.21999979019165,6.21999979019165,6.21999979019165,6.21999979019165,1606,0.0,0.0
2024-07-05 12:45:00-04:00,6.210000038146973,6.239999771118164,6.210000038146973,6.235000133514404,2662,0.0,0.0
2024-07-05 12:50:00-04:00,6.230000019073486,6.235000133514404,6.224999904632568,6.224999904632568,2247,0.0,0.0
2024-07-05 12:55:00-04:00,6.230000019073486,6.230000019073486,6.21999979019165,6.224999904632568,2612,0.0,0.0
2024-07-05 13:00:00-04:00,6.224999904632568,6.230000019073486,6.21999979019165,6.224999904632568,2021,0.0,0.0
2024-07-05 13:05:00-04:00,6.230000019073486,6.239999771118164,6.230000019073486,6.239999771118164,1946,0.0,0.0
2024-07-05 13:10:00-04:00,6.25,6.269999980926514,6.25,6.260000228881836,3134,0.0,0.0
2024-07-05 13:15:00-04:00,6.264999866485596,6.28000020980835,6.264999866485596,6.275000095367432,5109,0.0,0.0
2024-07-05 13:20:00-04:00,6.269999980926514,6.28000020980835,6.260000228881836,6.260000228881836,6772,0.0,0.0
2024-07-05 13:25:00-04:00,6.260000228881836,6.28000020980835,6.260000228881836,6.275000095367432,1695,0.0,0.0
2024-07-05 13:30:00-04:00,6.28000020980835,6.28000020980835,6.269999980926514,6.269999980926514,2605,0.0,0.0
2024-07-05 13:35:00-04:00,6.269999980926514,6.28000020980835,6.269999980926514,6.28000020980835,2760,0.0,0.0
2024-07-05 13:40:00-04:00,6.275000095367432,6.28000020980835,6.269999980926514,6.275000095367432,2129,0.0,0.0
2024-07-05 13:45:00-04:00,6.269999980926514,6.269999980926514,6.264999866485596,6.269999980926514,1379,0.0,0.0
2024-07-05 13:50:00-04:00,6.269999980926514,6.269999980926514,6.244999885559082,6.25,2831,0.0,0.0
2024-07-05 13:55:00-04:00,6.25,6.255000114440918,6.25,6.25,2608,0.0,0.0
2024-07-05 14:00:00-04:00,6.25,6.260000228881836,6.244999885559082,6.255000114440918,3330,0.0,0.0
2024-07-05 14:05:00-04:00,6.25,6.260000228881836,6.239999771118164,6.25,4697,0.0,0.0
2024-07-05 14:10:00-04:00,6.244999885559082,6.255000114440918,6.244999885559082,6.255000114440918,3587,0.0,0.0
2024-07-05 14:15:00-04:00,6.25,6.25,6.239999771118164,6.25,2081,0.0,0.0
2024-07-05 14:20:00-04:00,6.244999885559082,6.25,6.239999771118164,6.239999771118164,1714,0.0,0.0
2024-07-05 14:25:00-04:00,6.239999771118164,6.239999771118164,6.230000019073486,6.230000019073486,2942,0.0,0.0
2024-07-05 14:30:00-04:00,6.230000019073486,6.230000019073486,6.224999904632568,6.224999904632568,2845,0.0,0.0
2024-07-05 14:35:00-04:00,6.230000019073486,6.239999771118164,6.230000019073486,6.235000133514404,2184,0.0,0.0
2024-07-05 14:40:00-04:00,6.239999771118164,6.239999771118164,6.235000133514404,6.239999771118164,1448,0.0,0.0
2024-07-05 14:45:00-04:00,6.239999771118164,6.239999771118164,6.239999771118164,6.239999771118164,1857,0.0,0.0
2024-07-05 14:50:00-04:00,6.239999771118164,6.239999771118164,6.210000038146973,6.210000038146973,5518,0.0,0.0
2024-07-05 14:55:00-04:00,6.210000038146973,6.21999979019165,6.20989990234375,6.21999979019165,6990,0.0,0.0
2024-07-05 15:00:00-04:00,6.215000152587891,6.224999904632568,6.215000152587891,6.21999979019165,3651,0.0,0.0
2024-07-05 15:05:00-04:00,6.21999979019165,6.224999904632568,6.215000152587891,6.21999979019165,3699,0.0,0.0
2024-07-05 15:10:00-04:00,6.215000152587891,6.21999979019165,6.2052001953125,6.210000038146973,9196,0.0,0.0
2024-07-05 15:15:00-04:00,6.199999809265137,6.199999809265137,6.179999828338623,6.186299800872803,13446,0.0,0.0
2024-07-05 15:20:00-04:00,6.199999809265137,6.204999923706055,6.195000171661377,6.199999809265137,3267,0.0,0.0
2024-07-05 15:25:00-04:00,6.195000171661377,6.199999809265137,6.190000057220459,6.199999809265137,2538,0.0,0.0
2024-07-05 15:30:00-04:00,6.199999809265137,6.199999809265137,6.190000057220459,6.190000057220459,4079,0.0,0.0
2024-07-05 15:35:00-04:00,6.195000171661377,6.199999809265137,6.179999828338623,6.199999809265137,4929,0.0,0.0
2024-07-05 15:40:00-04:00,6.199999809265137,6.210999965667725,6.199999809265137,6.210000038146973,7969,0.0,0.0
2024-07-05 15:45:00-04:00,6.210000038146973,6.210000038146973,6.190000057220459,6.199999809265137,4827,0.0,0.0
2024-07-05 15:50:00-04:00,6.199999809265137,6.21999979019165,6.199999809265137,6.210100173950195,5827,0.0,0.0
2024-07-05 15:55:00-04:00,6.21999979019165,6.21999979019165,6.195000171661377,6.204999923706055,17225,0.0,0.0
