Datetime,Open,High,Low,Close,Volume,Dividends,Stock Splits
2024-07-15 09:00:00+09:00,18520.0,18520.0,18350.0,18350.0,0,0.0,0.0
2024-07-15 09:01:00+09:00,18380.0,18380.0,18300.0,18300.0,714,0.0,0.0
2024-07-15 09:02:00+09:00,18270.0,18270.0,18200.0,18200.0,1358,0.0,0.0
2024-07-15 09:03:00+09:00,18200.0,18270.0,18200.0,18200.0,425,0.0,0.0
2024-07-15 09:04:00+09:00,18360.0,18360.0,18240.0,18250.0,13,0.0,0.0
2024-07-15 09:05:00+09:00,18360.0,18360.0,18360.0,18360.0,50,0.0,0.0
2024-07-15 09:06:00+09:00,18360.0,18360.0,18360.0,18360.0,0,0.0,0.0
2024-07-15 09:07:00+09:00,18360.0,18360.0,18360.0,18360.0,0,0.0,0.0
2024-07-15 09:09:00+09:00,18280.0,18280.0,18250.0,18250.0,306,0.0,0.0
2024-07-15 09:10:00+09:00,18250.0,18250.0,18240.0,18240.0,71,0.0,0.0
2024-07-15 09:11:00+09:00,18240.0,18240.0,18240.0,18240.0,0,0.0,0.0
2024-07-15 09:12:00+09:00,18230.0,18230.0,18230.0,18230.0,120,0.0,0.0
2024-07-15 09:13:00+09:00,18220.0,18220.0,18060.0,18160.0,1622,0.0,0.0
2024-07-15 09:15:00+09:00,18210.0,18210.0,18150.0,18150.0,55,0.0,0.0
2024-07-15 09:16:00+09:00,18200.0,18200.0,18150.0,18190.0,132,0.0,0.0
2024-07-15 09:17:00+09:00,18150.0,18150.0,18100.0,18100.0,209,0.0,0.0
2024-07-15 09:18:00+09:00,18120.0,18120.0,18090.0,18090.0,216,0.0,0.0
2024-07-15 09:19:00+09:00,18110.0,18120.0,18110.0,18120.0,487,0.0,0.0
2024-07-15 09:20:00+09:00,18140.0,18160.0,18100.0,18100.0,192,0.0,0.0
2024-07-15 09:21:00+09:00,18150.0,18150.0,18140.0,18150.0,60,0.0,0.0
2024-07-15 09:22:00+09:00,18100.0,18100.0,18100.0,18100.0,250,0.0,0.0
2024-07-15 09:23:00+09:00,18090.0,18100.0,18080.0,18080.0,817,0.0,0.0
2024-07-15 09:24:00+09:00,18080.0,18120.0,18060.0,18090.0,1193,0.0,0.0
2024-07-15 09:25:00+09:00,18090.0,18090.0,18040.0,18070.0,1618,0.0,0.0
2024-07-15 09:26:00+09:00,18040.0,18050.0,18030.0,18050.0,193,0.0,0.0
2024-07-15 09:27:00+09:00,18070.0,18070.0,18050.0,18050.0,46,0.0,0.0
2024-07-15 09:28:00+09:00,18050.0,18060.0,18050.0,18060.0,45,0.0,0.0
2024-07-15 09:29:00+09:00,18050.0,18050.0,18040.0,18040.0,243,0.0,0.0
2024-07-15 09:30:00+09:00,18050.0,18080.0,18050.0,18050.0,3,0.0,0.0
2024-07-15 09:31:00+09:00,18080.0,18090.0,18050.0,18090.0,182,0.0,0.0
2024-07-15 09:32:00+09:00,18080.0,18080.0,18080.0,18080.0,5,0.0,0.0
2024-07-15 09:33:00+09:00,18070.0,18070.0,18070.0,18070.0,12,0.0,0.0
2024-07-15 09:34:00+09:00,18070.0,18070.0,18070.0,18070.0,10,0.0,0.0
2024-07-15 09:35:00+09:00,18070.0,18070.0,18050.0,18060.0,34,0.0,0.0
2024-07-15 09:36:00+09:00,18050.0,18050.0,18050.0,18050.0,14,0.0,0.0
2024-07-15 09:37:00+09:00,18060.0,18080.0,18060.0,18080.0,74,0.0,0.0
2024-07-15 09:38:00+09:00,18090.0,18090.0,18060.0,18070.0,9,0.0,0.0
2024-07-15 09:39:00+09:00,18070.0,18070.0,18070.0,18070.0,23,0.0,0.0
2024-07-15 09:40:00+09:00,18080.0,18080.0,18070.0,18070.0,10,0.0,0.0
2024-07-15 09:41:00+09:00,18070.0,18070.0,18070.0,18070.0,19,0.0,0.0
2024-07-15 09:42:00+09:00,18070.0,18080.0,18070.0,18080.0,64,0.0,0.0
2024-07-15 09:43:00+09:00,18080.0,18080.0,18080.0,18080.0,0,0.0,0.0
2024-07-15 09:44:00+09:00,18070.0,18070.0,18070.0,18070.0,12,0.0,0.0
2024-07-15 09:45:00+09:00,18080.0,18090.0,18070.0,18080.0,30,0.0,0.0
2024-07-15 09:46:00+09:00,18070.0,18070.0,18070.0,18070.0,21,0.0,0.0
2024-07-15 09:47:00+09:00,18070.0,18070.0,18070.0,18070.0,8,0.0,0.0
2024-07-15 09:48:00+09:00,18070.0,18070.0,18070.0,18070.0,104,0.0,0.0
2024-07-15 09:49:00+09:00,18070.0,18070.0,18060.0,18060.0,80,0.0,0.0
2024-07-15 09:50:00+09:00,18070.0,18080.0,18070.0,18080.0,8,0.0,0.0
2024-07-15 09:51:00+09:00,18060.0,18060.0,18060.0,18060.0,7,0.0,0.0
2024-07-15 09:52:00+09:00,18060.0,18080.0,18060.0,18060.0,243,0.0,0.0
2024-07-15 09:53:00+09:00,18070.0,18070.0,18050.0,18070.0,248,0.0,0.0
2024-07-15 09:54:00+09:00,18080.0,18080.0,18060.0,18080.0,0,0.0,0.0
2024-07-15 09:55:00+09:00,18070.0,18080.0,18070.0,18080.0,25,0.0,0.0
2024-07-15 09:56:00+09:00,18070.0,18070.0,18070.0,18070.0,0,0.0,0.0
2024-07-15 09:57:00+09:00,18080.0,18080.0,18070.0,18070.0,93,0.0,0.0
2024-07-15 09:58:00+09:00,18080.0,18080.0,18060.0,18080.0,168,0.0,0.0
2024-07-15 09:59:00+09:00,18070.0,18080.0,18070.0,18080.0,78,0.0,0.0
2024-07-15 10:00:00+09:00,18070.0,18080.0,18070.0,18070.0,85,0.0,0.0
2024-07-15 10:01:00+09:00,18070.0,18080.0,18060.0,18060.0,157,0.0,0.0
2024-07-15 10:02:00+09:00,18070.0,18070.0,18060.0,18060.0,63,0.0,0.0
2024-07-15 10:03:00+09:00,18050.0,18050.0,18040.0,18040.0,967,0.0,0.0
2024-07-15 10:04:00+09:00,18040.0,18050.0,18040.0,18050.0,332,0.0,0.0
2024-07-15 10:05:00+09:00,18050.0,18050.0,18040.0,18050.0,66,0.0,0.0
2024-07-15 10:06:00+09:00,18050.0,18050.0,18050.0,18050.0,184,0.0,0.0
2024-07-15 10:07:00+09:00,18060.0,18060.0,18050.0,18060.0,318,0.0,0.0
2024-07-15 10:08:00+09:00,18050.0,18060.0,18050.0,18050.0,47,0.0,0.0
2024-07-15 10:09:00+09:00,18050.0,18060.0,18050.0,18060.0,11,0.0,0.0
2024-07-15 10:10:00+09:00,18060.0,18060.0,18050.0,18050.0,35,0.0,0.0
2024-07-15 10:11:00+09:00,18050.0,18060.0,18050.0,18060.0,34,0.0,0.0
2024-07-15 10:12:00+09:00,18050.0,18070.0,18050.0,18060.0,885,0.0,0.0
2024-07-15 10:13:00+09:00,18060.0,18080.0,18060.0,18080.0,88,0.0,0.0
2024-07-15 10:14:00+09:00,18080.0,18090.0,18070.0,18070.0,721,0.0,0.0
2024-07-15 10:15:00+09:00,18060.0,18060.0,18060.0,18060.0,48,0.0,0.0
2024-07-15 10:16:00+09:00,18050.0,18070.0,18050.0,18070.0,1012,0.0,0.0
2024-07-15 10:17:00+09:00,18070.0,18110.0,18060.0,18110.0,451,0.0,0.0
2024-07-15 10:18:00+09:00,18080.0,18090.0,18080.0,18080.0,223,0.0,0.0
2024-07-15 10:19:00+09:00,18090.0,18100.0,18080.0,18080.0,0,0.0,0.0
2024-07-15 10:20:00+09:00,18090.0,18180.0,18090.0,18180.0,3,0.0,0.0
2024-07-15 10:21:00+09:00,18110.0,18160.0,18110.0,18160.0,169,0.0,0.0
2024-07-15 10:22:00+09:00,18140.0,18140.0,18140.0,18140.0,0,0.0,0.0
2024-07-15 10:23:00+09:00,18110.0,18110.0,18110.0,18110.0,8,0.0,0.0
2024-07-15 10:24:00+09:00,18110.0,18110.0,18090.0,18090.0,47,0.0,0.0
2024-07-15 10:25:00+09:00,18080.0,18080.0,18080.0,18080.0,61,0.0,0.0
2024-07-15 10:26:00+09:00,18090.0,18090.0,18080.0,18080.0,22,0.0,0.0
2024-07-15 10:27:00+09:00,18080.0,18090.0,18080.0,18080.0,90,0.0,0.0
2024-07-15 10:28:00+09:00,18080.0,18080.0,18080.0,18080.0,0,0.0,0.0
2024-07-15 10:29:00+09:00,18080.0,18080.0,18080.0,18080.0,63,0.0,0.0
2024-07-15 10:30:00+09:00,18080.0,18080.0,18080.0,18080.0,22,0.0,0.0
2024-07-15 10:32:00+09:00,18080.0,18080.0,18080.0,18080.0,53,0.0,0.0
2024-07-15 10:33:00+09:00,18090.0,18110.0,18090.0,18110.0,19,0.0,0.0
2024-07-15 10:34:00+09:00,18080.0,18120.0,18080.0,18110.0,28,0.0,0.0
2024-07-15 10:35:00+09:00,18090.0,18090.0,18080.0,18080.0,9,0.0,0.0
2024-07-15 10:36:00+09:00,18090.0,18090.0,18080.0,18090.0,51,0.0,0.0
2024-07-15 10:37:00+09:00,18080.0,18090.0,18080.0,18090.0,38,0.0,0.0
2024-07-15 10:38:00+09:00,18090.0,18090.0,18090.0,18090.0,17,0.0,0.0
2024-07-15 10:39:00+09:00,18080.0,18080.0,18070.0,18070.0,37,0.0,0.0
2024-07-15 10:40:00+09:00,18070.0,18070.0,18060.0,18070.0,105,0.0,0.0
2024-07-15 10:41:00+09:00,18070.0,18070.0,18060.0,18070.0,87,0.0,0.0
2024-07-15 10:42:00+09:00,18060.0,18070.0,18060.0,18070.0,1,0.0,0.0
2024-07-15 10:43:00+09:00,18060.0,18060.0,18060.0,18060.0,55,0.0,0.0
2024-07-15 10:44:00+09:00,18060.0,18060.0,18060.0,18060.0,30,0.0,0.0
2024-07-15 10:45:00+09:00,18070.0,18070.0,18060.0,18060.0,12,0.0,0.0
2024-07-15 10:46:00+09:00,18060.0,18060.0,18060.0,18060.0,10,0.0,0.0
2024-07-15 10:47:00+09:00,18060.0,18060.0,18060.0,18060.0,38,0.0,0.0
2024-07-15 10:48:00+09:00,18060.0,18060.0,18060.0,18060.0,6,0.0,0.0
2024-07-15 10:49:00+09:00,18070.0,18070.0,18070.0,18070.0,481,0.0,0.0
2024-07-15 10:50:00+09:00,18070.0,18070.0,18060.0,18060.0,323,0.0,0.0
2024-07-15 10:51:00+09:00,18060.0,18060.0,18060.0,18060.0,9,0.0,0.0
2024-07-15 10:53:00+09:00,18060.0,18060.0,18060.0,18060.0,11,0.0,0.0
2024-07-15 10:54:00+09:00,18060.0,18060.0,18060.0,18060.0,89,0.0,0.0
2024-07-15 10:55:00+09:00,18060.0,18060.0,18060.0,18060.0,16,0.0,0.0
2024-07-15 10:57:00+09:00,18060.0,18060.0,18060.0,18060.0,92,0.0,0.0
2024-07-15 10:58:00+09:00,18060.0,18060.0,18060.0,18060.0,0,0.0,0.0
2024-07-15 10:59:00+09:00,18060.0,18060.0,18060.0,18060.0,8,0.0,0.0
2024-07-15 11:00:00+09:00,18070.0,18070.0,18060.0,18060.0,16,0.0,0.0
2024-07-15 11:01:00+09:00,18060.0,18060.0,18050.0,18050.0,990,0.0,0.0
2024-07-15 11:02:00+09:00,18070.0,18070.0,18050.0,18050.0,0,0.0,0.0
2024-07-15 11:03:00+09:00,18050.0,18050.0,18040.0,18040.0,199,0.0,0.0
2024-07-15 11:04:00+09:00,18050.0,18060.0,18040.0,18060.0,140,0.0,0.0
2024-07-15 11:05:00+09:00,18070.0,18070.0,18060.0,18070.0,383,0.0,0.0
2024-07-15 11:06:00+09:00,18050.0,18060.0,18050.0,18060.0,0,0.0,0.0
2024-07-15 11:07:00+09:00,18060.0,18060.0,18050.0,18050.0,280,0.0,0.0
2024-07-15 11:08:00+09:00,18040.0,18040.0,18000.0,18030.0,3574,0.0,0.0
2024-07-15 11:09:00+09:00,18010.0,18010.0,18010.0,18010.0,0,0.0,0.0
2024-07-15 11:10:00+09:00,18020.0,18030.0,18020.0,18030.0,464,0.0,0.0
2024-07-15 11:11:00+09:00,18030.0,18030.0,18030.0,18030.0,19,0.0,0.0
2024-07-15 11:12:00+09:00,18030.0,18030.0,18030.0,18030.0,34,0.0,0.0
2024-07-15 11:13:00+09:00,18030.0,18030.0,18030.0,18030.0,16,0.0,0.0
2024-07-15 11:14:00+09:00,18030.0,18040.0,18030.0,18040.0,65,0.0,0.0
2024-07-15 11:15:00+09:00,18030.0,18030.0,18030.0,18030.0,22,0.0,0.0
2024-07-15 11:16:00+09:00,18030.0,18030.0,18030.0,18030.0,23,0.0,0.0
2024-07-15 11:17:00+09:00,18030.0,18030.0,18030.0,18030.0,20,0.0,0.0
2024-07-15 11:18:00+09:00,18040.0,18070.0,18030.0,18030.0,9,0.0,0.0
2024-07-15 11:19:00+09:00,18030.0,18030.0,18030.0,18030.0,21,0.0,0.0
2024-07-15 11:20:00+09:00,18030.0,18030.0,18030.0,18030.0,9,0.0,0.0
2024-07-15 11:21:00+09:00,18040.0,18040.0,18040.0,18040.0,9,0.0,0.0
2024-07-15 11:22:00+09:00,18040.0,18040.0,18040.0,18040.0,16,0.0,0.0
2024-07-15 11:23:00+09:00,18040.0,18040.0,18030.0,18030.0,148,0.0,0.0
2024-07-15 11:24:00+09:00,18030.0,18050.0,18030.0,18050.0,33,0.0,0.0
2024-07-15 11:26:00+09:00,18040.0,18060.0,18040.0,18060.0,26,0.0,0.0
2024-07-15 11:27:00+09:00,18050.0,18050.0,18050.0,18050.0,23,0.0,0.0
2024-07-15 11:28:00+09:00,18050.0,18050.0,18050.0,18050.0,0,0.0,0.0
2024-07-15 11:29:00+09:00,18040.0,18040.0,18040.0,18040.0,13,0.0,0.0
2024-07-15 11:30:00+09:00,18040.0,18040.0,18040.0,18040.0,46,0.0,0.0
2024-07-15 11:31:00+09:00,18040.0,18050.0,18040.0,18050.0,9,0.0,0.0
2024-07-15 11:32:00+09:00,18050.0,18050.0,18050.0,18050.0,3,0.0,0.0
2024-07-15 11:33:00+09:00,18050.0,18050.0,18050.0,18050.0,33,0.0,0.0
2024-07-15 11:34:00+09:00,18050.0,18050.0,18040.0,18040.0,19,0.0,0.0
2024-07-15 11:35:00+09:00,18040.0,18050.0,18040.0,18050.0,4,0.0,0.0
2024-07-15 11:36:00+09:00,18040.0,18040.0,18040.0,18040.0,16,0.0,0.0
2024-07-15 11:37:00+09:00,18050.0,18050.0,18040.0,18040.0,39,0.0,0.0
2024-07-15 11:38:00+09:00,18040.0,18040.0,18040.0,18040.0,8,0.0,0.0
2024-07-15 11:39:00+09:00,18040.0,18040.0,18040.0,18040.0,4,0.0,0.0
2024-07-15 11:40:00+09:00,18040.0,18040.0,18040.0,18040.0,11,0.0,0.0
2024-07-15 11:41:00+09:00,18040.0,18040.0,18040.0,18040.0,37,0.0,0.0
2024-07-15 11:42:00+09:00,18050.0,18060.0,18050.0,18050.0,112,0.0,0.0
2024-07-15 11:43:00+09:00,18040.0,18040.0,18040.0,18040.0,7,0.0,0.0
2024-07-15 11:44:00+09:00,18040.0,18050.0,18040.0,18050.0,111,0.0,0.0
2024-07-15 11:45:00+09:00,18040.0,18040.0,18040.0,18040.0,22,0.0,0.0
2024-07-15 11:46:00+09:00,18050.0,18050.0,18040.0,18040.0,9,0.0,0.0
2024-07-15 11:47:00+09:00,18040.0,18040.0,18040.0,18040.0,12,0.0,0.0
2024-07-15 11:48:00+09:00,18040.0,18040.0,18040.0,18040.0,37,0.0,0.0
2024-07-15 11:49:00+09:00,18050.0,18050.0,18040.0,18050.0,116,0.0,0.0
2024-07-15 11:50:00+09:00,18060.0,18060.0,18060.0,18060.0,203,0.0,0.0
2024-07-15 11:51:00+09:00,18050.0,18050.0,18050.0,18050.0,0,0.0,0.0
2024-07-15 11:52:00+09:00,18050.0,18050.0,18050.0,18050.0,31,0.0,0.0
2024-07-15 11:53:00+09:00,18050.0,18050.0,18050.0,18050.0,4,0.0,0.0
2024-07-15 11:54:00+09:00,18050.0,18050.0,18040.0,18050.0,12,0.0,0.0
2024-07-15 11:55:00+09:00,18040.0,18040.0,18040.0,18040.0,27,0.0,0.0
2024-07-15 11:56:00+09:00,18040.0,18040.0,18040.0,18040.0,7,0.0,0.0
2024-07-15 11:57:00+09:00,18040.0,18040.0,18040.0,18040.0,4,0.0,0.0
2024-07-15 11:58:00+09:00,18040.0,18040.0,18040.0,18040.0,10,0.0,0.0
2024-07-15 11:59:00+09:00,18040.0,18040.0,18030.0,18040.0,684,0.0,0.0
2024-07-15 12:00:00+09:00,18030.0,18040.0,18030.0,18040.0,88,0.0,0.0
2024-07-15 12:01:00+09:00,18050.0,18050.0,18030.0,18030.0,692,0.0,0.0
2024-07-15 12:02:00+09:00,18030.0,18040.0,18030.0,18040.0,77,0.0,0.0
2024-07-15 12:03:00+09:00,18030.0,18040.0,18030.0,18040.0,3,0.0,0.0
2024-07-15 12:04:00+09:00,18030.0,18050.0,18030.0,18050.0,48,0.0,0.0
2024-07-15 12:05:00+09:00,18030.0,18040.0,18030.0,18040.0,6,0.0,0.0
2024-07-15 12:06:00+09:00,18030.0,18040.0,18030.0,18040.0,41,0.0,0.0
2024-07-15 12:07:00+09:00,18030.0,18040.0,18030.0,18040.0,10,0.0,0.0
2024-07-15 12:08:00+09:00,18050.0,18070.0,18040.0,18040.0,286,0.0,0.0
2024-07-15 12:09:00+09:00,18040.0,18040.0,18040.0,18040.0,1361,0.0,0.0
2024-07-15 12:10:00+09:00,18030.0,18040.0,18030.0,18030.0,8,0.0,0.0
2024-07-15 12:11:00+09:00,18030.0,18030.0,18030.0,18030.0,4,0.0,0.0
2024-07-15 12:12:00+09:00,18030.0,18050.0,18030.0,18040.0,456,0.0,0.0
2024-07-15 12:13:00+09:00,18050.0,18050.0,18050.0,18050.0,31,0.0,0.0
2024-07-15 12:14:00+09:00,18030.0,18050.0,18030.0,18050.0,2,0.0,0.0
2024-07-15 12:15:00+09:00,18050.0,18060.0,18050.0,18060.0,245,0.0,0.0
2024-07-15 12:16:00+09:00,18040.0,18060.0,18040.0,18040.0,14,0.0,0.0
2024-07-15 12:17:00+09:00,18040.0,18040.0,18040.0,18040.0,39,0.0,0.0
2024-07-15 12:18:00+09:00,18040.0,18040.0,18040.0,18040.0,1,0.0,0.0
2024-07-15 12:19:00+09:00,18040.0,18040.0,18040.0,18040.0,14,0.0,0.0
2024-07-15 12:20:00+09:00,18040.0,18040.0,18040.0,18040.0,18,0.0,0.0
2024-07-15 12:21:00+09:00,18040.0,18040.0,18030.0,18040.0,27,0.0,0.0
2024-07-15 12:22:00+09:00,18040.0,18050.0,18030.0,18050.0,139,0.0,0.0
2024-07-15 12:23:00+09:00,18050.0,18050.0,18050.0,18050.0,3,0.0,0.0
2024-07-15 12:24:00+09:00,18050.0,18050.0,18050.0,18050.0,37,0.0,0.0
2024-07-15 12:25:00+09:00,18050.0,18050.0,18050.0,18050.0,12,0.0,0.0
2024-07-15 12:26:00+09:00,18050.0,18050.0,18050.0,18050.0,14,0.0,0.0
2024-07-15 12:27:00+09:00,18050.0,18050.0,18050.0,18050.0,14,0.0,0.0
2024-07-15 12:28:00+09:00,18050.0,18050.0,18050.0,18050.0,31,0.0,0.0
2024-07-15 12:29:00+09:00,18060.0,18080.0,18060.0,18080.0,156,0.0,0.0
2024-07-15 12:30:00+09:00,18050.0,18050.0,18050.0,18050.0,8,0.0,0.0
2024-07-15 12:31:00+09:00,18050.0,18050.0,18050.0,18050.0,431,0.0,0.0
2024-07-15 12:32:00+09:00,18060.0,18060.0,18050.0,18060.0,14,0.0,0.0
2024-07-15 12:33:00+09:00,18060.0,18060.0,18060.0,18060.0,5,0.0,0.0
2024-07-15 12:34:00+09:00,18050.0,18080.0,18050.0,18080.0,20,0.0,0.0
2024-07-15 12:35:00+09:00,18070.0,18070.0,18050.0,18050.0,31,0.0,0.0
2024-07-15 12:36:00+09:00,18060.0,18060.0,18060.0,18060.0,7,0.0,0.0
2024-07-15 12:37:00+09:00,18050.0,18060.0,18050.0,18060.0,14,0.0,0.0
2024-07-15 12:38:00+09:00,18060.0,18060.0,18060.0,18060.0,2,0.0,0.0
2024-07-15 12:39:00+09:00,18050.0,18060.0,18050.0,18060.0,33,0.0,0.0
2024-07-15 12:40:00+09:00,18050.0,18050.0,18050.0,18050.0,7,0.0,0.0
2024-07-15 12:41:00+09:00,18050.0,18050.0,18050.0,18050.0,12,0.0,0.0
2024-07-15 12:42:00+09:00,18050.0,18050.0,18050.0,18050.0,36,0.0,0.0
2024-07-15 12:43:00+09:00,18050.0,18050.0,18050.0,18050.0,8,0.0,0.0
2024-07-15 12:44:00+09:00,18060.0,18060.0,18050.0,18060.0,27,0.0,0.0
2024-07-15 12:45:00+09:00,18070.0,18070.0,18070.0,18070.0,18,0.0,0.0
2024-07-15 12:46:00+09:00,18070.0,18070.0,18060.0,18060.0,89,0.0,0.0
2024-07-15 12:48:00+09:00,18060.0,18060.0,18050.0,18050.0,1199,0.0,0.0
2024-07-15 12:49:00+09:00,18050.0,18050.0,18050.0,18050.0,0,0.0,0.0
2024-07-15 12:50:00+09:00,18050.0,18050.0,18050.0,18050.0,37,0.0,0.0
2024-07-15 12:51:00+09:00,18050.0,18060.0,18040.0,18040.0,239,0.0,0.0
2024-07-15 12:52:00+09:00,18050.0,18050.0,18050.0,18050.0,0,0.0,0.0
2024-07-15 12:53:00+09:00,18050.0,18060.0,18050.0,18050.0,29,0.0,0.0
2024-07-15 12:54:00+09:00,18060.0,18060.0,18060.0,18060.0,7,0.0,0.0
2024-07-15 12:55:00+09:00,18050.0,18060.0,18050.0,18060.0,10,0.0,0.0
2024-07-15 12:56:00+09:00,18060.0,18060.0,18050.0,18050.0,17,0.0,0.0
2024-07-15 12:57:00+09:00,18050.0,18060.0,18050.0,18050.0,315,0.0,0.0
2024-07-15 12:58:00+09:00,18060.0,18060.0,18060.0,18060.0,0,0.0,0.0
2024-07-15 12:59:00+09:00,18060.0,18060.0,18060.0,18060.0,12,0.0,0.0
2024-07-15 13:00:00+09:00,18060.0,18060.0,18050.0,18050.0,56,0.0,0.0
2024-07-15 13:02:00+09:00,18050.0,18050.0,18050.0,18050.0,15,0.0,0.0
2024-07-15 13:03:00+09:00,18050.0,18050.0,18050.0,18050.0,16,0.0,0.0
2024-07-15 13:04:00+09:00,18060.0,18060.0,18040.0,18060.0,54,0.0,0.0
2024-07-15 13:05:00+09:00,18070.0,18070.0,18070.0,18070.0,12,0.0,0.0
2024-07-15 13:06:00+09:00,18050.0,18050.0,18050.0,18050.0,190,0.0,0.0
2024-07-15 13:07:00+09:00,18050.0,18060.0,18050.0,18060.0,13,0.0,0.0
2024-07-15 13:08:00+09:00,18050.0,18050.0,18050.0,18050.0,106,0.0,0.0
2024-07-15 13:09:00+09:00,18050.0,18050.0,18040.0,18040.0,107,0.0,0.0
2024-07-15 13:10:00+09:00,18040.0,18040.0,18040.0,18040.0,64,0.0,0.0
2024-07-15 13:11:00+09:00,18040.0,18040.0,18040.0,18040.0,8,0.0,0.0
2024-07-15 13:12:00+09:00,18040.0,18040.0,18040.0,18040.0,125,0.0,0.0
2024-07-15 13:13:00+09:00,18050.0,18050.0,18040.0,18040.0,0,0.0,0.0
2024-07-15 13:14:00+09:00,18040.0,18050.0,18040.0,18050.0,17,0.0,0.0
2024-07-15 13:15:00+09:00,18040.0,18040.0,18040.0,18040.0,10,0.0,0.0
2024-07-15 13:16:00+09:00,18040.0,18050.0,18040.0,18050.0,13,0.0,0.0
2024-07-15 13:17:00+09:00,18040.0,18040.0,18040.0,18040.0,12,0.0,0.0
2024-07-15 13:18:00+09:00,18040.0,18060.0,18040.0,18050.0,53,0.0,0.0
2024-07-15 13:19:00+09:00,18040.0,18040.0,18040.0,18040.0,200,0.0,0.0
2024-07-15 13:20:00+09:00,18040.0,18040.0,18040.0,18040.0,0,0.0,0.0
2024-07-15 13:21:00+09:00,18040.0,18040.0,18040.0,18040.0,20,0.0,0.0
2024-07-15 13:22:00+09:00,18040.0,18040.0,18040.0,18040.0,325,0.0,0.0
2024-07-15 13:23:00+09:00,18040.0,18040.0,18040.0,18040.0,0,0.0,0.0
2024-07-15 13:24:00+09:00,18040.0,18050.0,18040.0,18050.0,29,0.0,0.0
2024-07-15 13:25:00+09:00,18040.0,18050.0,18040.0,18040.0,14,0.0,0.0
2024-07-15 13:26:00+09:00,18040.0,18040.0,18030.0,18030.0,301,0.0,0.0
2024-07-15 13:27:00+09:00,18030.0,18030.0,18030.0,18030.0,20,0.0,0.0
2024-07-15 13:29:00+09:00,18030.0,18070.0,18030.0,18030.0,35,0.0,0.0
2024-07-15 13:30:00+09:00,18030.0,18030.0,18030.0,18030.0,33,0.0,0.0
2024-07-15 13:31:00+09:00,18040.0,18040.0,18030.0,18030.0,56,0.0,0.0
2024-07-15 13:32:00+09:00,18030.0,18040.0,18030.0,18030.0,40,0.0,0.0
2024-07-15 13:33:00+09:00,18030.0,18030.0,18030.0,18030.0,38,0.0,0.0
2024-07-15 13:34:00+09:00,18030.0,18030.0,18030.0,18030.0,37,0.0,0.0
2024-07-15 13:35:00+09:00,18030.0,18040.0,18030.0,18040.0,3,0.0,0.0
2024-07-15 13:36:00+09:00,18030.0,18040.0,18030.0,18040.0,40,0.0,0.0
2024-07-15 13:38:00+09:00,18040.0,18040.0,18040.0,18040.0,11,0.0,0.0
2024-07-15 13:39:00+09:00,18040.0,18040.0,18040.0,18040.0,14,0.0,0.0
2024-07-15 13:40:00+09:00,18040.0,18040.0,18040.0,18040.0,35,0.0,0.0
2024-07-15 13:41:00+09:00,18040.0,18040.0,18040.0,18040.0,297,0.0,0.0
2024-07-15 13:42:00+09:00,18040.0,18040.0,18040.0,18040.0,0,0.0,0.0
2024-07-15 13:43:00+09:00,18040.0,18040.0,18040.0,18040.0,27,0.0,0.0
2024-07-15 13:44:00+09:00,18040.0,18040.0,18040.0,18040.0,18,0.0,0.0
2024-07-15 13:45:00+09:00,18040.0,18040.0,18040.0,18040.0,13,0.0,0.0
2024-07-15 13:47:00+09:00,18040.0,18040.0,18040.0,18040.0,56,0.0,0.0
2024-07-15 13:48:00+09:00,18040.0,18040.0,18040.0,18040.0,21,0.0,0.0
2024-07-15 13:49:00+09:00,18040.0,18040.0,18030.0,18030.0,24,0.0,0.0
2024-07-15 13:50:00+09:00,18030.0,18030.0,18030.0,18030.0,0,0.0,0.0
2024-07-15 13:51:00+09:00,18030.0,18040.0,18030.0,18040.0,35783,0.0,0.0
2024-07-15 13:52:00+09:00,18030.0,18030.0,18030.0,18030.0,62,0.0,0.0
2024-07-15 13:53:00+09:00,18030.0,18040.0,18030.0,18040.0,144,0.0,0.0
2024-07-15 13:54:00+09:00,18040.0,18040.0,18020.0,18030.0,308,0.0,0.0
2024-07-15 13:55:00+09:00,18030.0,18030.0,18030.0,18030.0,16,0.0,0.0
2024-07-15 13:56:00+09:00,18030.0,18030.0,18020.0,18030.0,31,0.0,0.0
2024-07-15 13:57:00+09:00,18030.0,18030.0,18020.0,18020.0,19,0.0,0.0
2024-07-15 13:58:00+09:00,18030.0,18030.0,18020.0,18020.0,30,0.0,0.0
2024-07-15 14:00:00+09:00,18020.0,18030.0,18020.0,18020.0,19,0.0,0.0
2024-07-15 14:01:00+09:00,18020.0,18030.0,18010.0,18010.0,188,0.0,0.0
2024-07-15 14:02:00+09:00,18010.0,18020.0,18010.0,18020.0,25,0.0,0.0
2024-07-15 14:03:00+09:00,18010.0,18030.0,18010.0,18020.0,29,0.0,0.0
2024-07-15 14:05:00+09:00,18020.0,18020.0,18010.0,18010.0,33,0.0,0.0
2024-07-15 14:06:00+09:00,18020.0,18020.0,18020.0,18020.0,26,0.0,0.0
2024-07-15 14:07:00+09:00,18020.0,18030.0,18010.0,18030.0,606,0.0,0.0
2024-07-15 14:08:00+09:00,18030.0,18030.0,18020.0,18020.0,0,0.0,0.0
2024-07-15 14:09:00+09:00,18030.0,18030.0,18030.0,18030.0,26,0.0,0.0
2024-07-15 14:10:00+09:00,18040.0,18040.0,18020.0,18020.0,9,0.0,0.0
2024-07-15 14:11:00+09:00,18030.0,18040.0,18030.0,18040.0,10,0.0,0.0
2024-07-15 14:12:00+09:00,18020.0,18030.0,18020.0,18030.0,97,0.0,0.0
2024-07-15 14:13:00+09:00,18030.0,18030.0,18020.0,18030.0,37,0.0,0.0
2024-07-15 14:14:00+09:00,18020.0,18020.0,18020.0,18020.0,0,0.0,0.0
2024-07-15 14:15:00+09:00,18020.0,18020.0,18020.0,18020.0,15,0.0,0.0
2024-07-15 14:16:00+09:00,18020.0,18020.0,18020.0,18020.0,39,0.0,0.0
2024-07-15 14:17:00+09:00,18030.0,18030.0,18020.0,18020.0,112,0.0,0.0
2024-07-15 14:18:00+09:00,18030.0,18040.0,18030.0,18040.0,28,0.0,0.0
2024-07-15 14:19:00+09:00,18030.0,18030.0,18030.0,18030.0,105,0.0,0.0
2024-07-15 14:20:00+09:00,18030.0,18040.0,18030.0,18030.0,0,0.0,0.0
2024-07-15 14:21:00+09:00,18030.0,18040.0,18030.0,18040.0,292,0.0,0.0
2024-07-15 14:23:00+09:00,18030.0,18030.0,18030.0,18030.0,34,0.0,0.0
2024-07-15 14:24:00+09:00,18030.0,18030.0,18030.0,18030.0,14,0.0,0.0
2024-07-15 14:25:00+09:00,18030.0,18030.0,18030.0,18030.0,73,0.0,0.0
2024-07-15 14:26:00+09:00,18030.0,18030.0,18030.0,18030.0,23,0.0,0.0
2024-07-15 14:27:00+09:00,18030.0,18030.0,18020.0,18020.0,98,0.0,0.0
2024-07-15 14:28:00+09:00,18030.0,18030.0,18020.0,18020.0,12,0.0,0.0
2024-07-15 14:29:00+09:00,18020.0,18030.0,18020.0,18030.0,9,0.0,0.0
2024-07-15 14:30:00+09:00,18020.0,18020.0,18020.0,18020.0,22,0.0,0.0
2024-07-15 14:31:00+09:00,18020.0,18030.0,18020.0,18030.0,23,0.0,0.0
2024-07-15 14:32:00+09:00,18020.0,18030.0,18020.0,18030.0,17,0.0,0.0
2024-07-15 14:33:00+09:00,18040.0,18040.0,18030.0,18030.0,37,0.0,0.0
2024-07-15 14:34:00+09:00,18030.0,18040.0,18030.0,18030.0,30,0.0,0.0
2024-07-15 14:35:00+09:00,18040.0,18040.0,18030.0,18030.0,11,0.0,0.0
2024-07-15 14:36:00+09:00,18030.0,18030.0,18030.0,18030.0,8,0.0,0.0
2024-07-15 14:37:00+09:00,18040.0,18040.0,18030.0,18030.0,49,0.0,0.0
2024-07-15 14:38:00+09:00,18040.0,18040.0,18030.0,18030.0,32,0.0,0.0
2024-07-15 14:39:00+09:00,18030.0,18040.0,18030.0,18040.0,24,0.0,0.0
2024-07-15 14:40:00+09:00,18030.0,18030.0,18030.0,18030.0,27,0.0,0.0
2024-07-15 14:41:00+09:00,18030.0,18040.0,18030.0,18040.0,39,0.0,0.0
2024-07-15 14:42:00+09:00,18040.0,18040.0,18030.0,18030.0,31,0.0,0.0
2024-07-15 14:43:00+09:00,18030.0,18040.0,18030.0,18040.0,3,0.0,0.0
2024-07-15 14:44:00+09:00,18040.0,18040.0,18030.0,18040.0,50,0.0,0.0
2024-07-15 14:45:00+09:00,18040.0,18040.0,18030.0,18030.0,31,0.0,0.0
2024-07-15 14:46:00+09:00,18030.0,18030.0,18030.0,18030.0,52,0.0,0.0
2024-07-15 14:47:00+09:00,18030.0,18030.0,18030.0,18030.0,0,0.0,0.0
2024-07-15 14:48:00+09:00,18030.0,18030.0,18030.0,18030.0,47,0.0,0.0
2024-07-15 14:49:00+09:00,18030.0,18040.0,18030.0,18040.0,23,0.0,0.0
2024-07-15 14:50:00+09:00,18040.0,18050.0,18030.0,18050.0,459,0.0,0.0
2024-07-15 14:51:00+09:00,18030.0,18030.0,18030.0,18030.0,89,0.0,0.0
2024-07-15 14:52:00+09:00,18040.0,18040.0,18030.0,18030.0,32,0.0,0.0
2024-07-15 14:53:00+09:00,18030.0,18040.0,18020.0,18040.0,8,0.0,0.0
2024-07-15 14:54:00+09:00,18040.0,18050.0,18040.0,18050.0,43,0.0,0.0
2024-07-15 14:55:00+09:00,18040.0,18050.0,18020.0,18050.0,34,0.0,0.0
2024-07-15 14:56:00+09:00,18030.0,18040.0,18030.0,18040.0,4,0.0,0.0
2024-07-15 14:57:00+09:00,18040.0,18050.0,18040.0,18050.0,43,0.0,0.0
2024-07-15 14:58:00+09:00,18050.0,18050.0,18050.0,18050.0,0,0.0,0.0
2024-07-15 14:59:00+09:00,18040.0,18050.0,18010.0,18050.0,1622,0.0,0.0
2024-07-16 09:00:00+09:00,17960.0,18000.0,17960.0,18000.0,1292,0.0,0.0
2024-07-16 09:01:00+09:00,18010.0,18010.0,18000.0,18000.0,270,0.0,0.0
2024-07-16 09:02:00+09:00,18060.0,18060.0,18010.0,18010.0,39,0.0,0.0
2024-07-16 09:03:00+09:00,18020.0,18020.0,18020.0,18020.0,126,0.0,0.0
2024-07-16 09:04:00+09:00,18060.0,18070.0,18030.0,18030.0,265,0.0,0.0
2024-07-16 09:05:00+09:00,18070.0,18070.0,18070.0,18070.0,459,0.0,0.0
2024-07-16 09:06:00+09:00,18070.0,18070.0,18070.0,18070.0,0,0.0,0.0
2024-07-16 09:07:00+09:00,18070.0,18090.0,18070.0,18080.0,350,0.0,0.0
2024-07-16 09:08:00+09:00,18080.0,18080.0,18080.0,18080.0,83,0.0,0.0
2024-07-16 09:09:00+09:00,18080.0,18080.0,18080.0,18080.0,0,0.0,0.0
2024-07-16 09:10:00+09:00,18040.0,18040.0,18030.0,18030.0,156,0.0,0.0
2024-07-16 09:11:00+09:00,18070.0,18090.0,18070.0,18090.0,372,0.0,0.0
2024-07-16 09:12:00+09:00,18030.0,18030.0,18010.0,18010.0,603,0.0,0.0
2024-07-16 09:13:00+09:00,18010.0,18010.0,18010.0,18010.0,0,0.0,0.0
2024-07-16 09:14:00+09:00,18020.0,18020.0,18020.0,18020.0,16,0.0,0.0
2024-07-16 09:15:00+09:00,18040.0,18040.0,18040.0,18040.0,0,0.0,0.0
2024-07-16 09:16:00+09:00,18020.0,18020.0,18020.0,18020.0,1,0.0,0.0
2024-07-16 09:17:00+09:00,18020.0,18020.0,18020.0,18020.0,99,0.0,0.0
2024-07-16 09:18:00+09:00,18030.0,18040.0,18030.0,18040.0,0,0.0,0.0
2024-07-16 09:19:00+09:00,18040.0,18040.0,18040.0,18040.0,546,0.0,0.0
2024-07-16 09:20:00+09:00,18040.0,18040.0,18040.0,18040.0,0,0.0,0.0
2024-07-16 09:21:00+09:00,18050.0,18050.0,18020.0,18020.0,240,0.0,0.0
2024-07-16 09:22:00+09:00,18020.0,18020.0,17990.0,18020.0,1808,0.0,0.0
2024-07-16 09:23:00+09:00,17980.0,18010.0,17950.0,17950.0,176,0.0,0.0
2024-07-16 09:25:00+09:00,17950.0,17950.0,17920.0,17920.0,119,0.0,0.0
2024-07-16 09:26:00+09:00,17910.0,17910.0,17890.0,17900.0,338,0.0,0.0
2024-07-16 09:28:00+09:00,17910.0,17910.0,17880.0,17880.0,299,0.0,0.0
2024-07-16 09:29:00+09:00,17880.0,17880.0,17820.0,17820.0,805,0.0,0.0
2024-07-16 09:30:00+09:00,17810.0,17820.0,17790.0,17820.0,762,0.0,0.0
2024-07-16 09:31:00+09:00,17810.0,17810.0,17780.0,17780.0,28,0.0,0.0
2024-07-16 09:32:00+09:00,17780.0,17800.0,17780.0,17780.0,209,0.0,0.0
2024-07-16 09:33:00+09:00,17770.0,17780.0,17770.0,17780.0,425,0.0,0.0
2024-07-16 09:34:00+09:00,17780.0,17780.0,17770.0,17780.0,0,0.0,0.0
2024-07-16 09:35:00+09:00,17800.0,17800.0,17780.0,17780.0,135,0.0,0.0
2024-07-16 09:36:00+09:00,17780.0,17780.0,17780.0,17780.0,0,0.0,0.0
2024-07-16 09:37:00+09:00,17800.0,17800.0,17800.0,17800.0,48,0.0,0.0
2024-07-16 09:38:00+09:00,17800.0,17810.0,17800.0,17810.0,121,0.0,0.0
2024-07-16 09:39:00+09:00,17810.0,17880.0,17810.0,17880.0,474,0.0,0.0
2024-07-16 09:40:00+09:00,17880.0,17880.0,17880.0,17880.0,358,0.0,0.0
2024-07-16 09:41:00+09:00,17880.0,17880.0,17830.0,17830.0,56,0.0,0.0
2024-07-16 09:42:00+09:00,17830.0,17830.0,17830.0,17830.0,36,0.0,0.0
2024-07-16 09:43:00+09:00,17830.0,17830.0,17830.0,17830.0,22,0.0,0.0
2024-07-16 09:44:00+09:00,17820.0,17830.0,17810.0,17830.0,471,0.0,0.0
2024-07-16 09:45:00+09:00,17870.0,17870.0,17850.0,17850.0,0,0.0,0.0
2024-07-16 09:46:00+09:00,17860.0,17860.0,17860.0,17860.0,22,0.0,0.0
2024-07-16 09:47:00+09:00,17860.0,17860.0,17860.0,17860.0,0,0.0,0.0
2024-07-16 09:48:00+09:00,17870.0,17880.0,17860.0,17880.0,44,0.0,0.0
2024-07-16 09:50:00+09:00,17880.0,17880.0,17880.0,17880.0,140,0.0,0.0
2024-07-16 09:51:00+09:00,17880.0,17880.0,17880.0,17880.0,15,0.0,0.0
2024-07-16 09:52:00+09:00,17860.0,17860.0,17860.0,17860.0,34,0.0,0.0
2024-07-16 09:53:00+09:00,17850.0,17850.0,17840.0,17840.0,92,0.0,0.0
2024-07-16 09:54:00+09:00,17840.0,17840.0,17830.0,17830.0,346,0.0,0.0
2024-07-16 09:55:00+09:00,17840.0,17870.0,17830.0,17830.0,402,0.0,0.0
2024-07-16 09:56:00+09:00,17870.0,17870.0,17830.0,17830.0,207,0.0,0.0
2024-07-16 09:58:00+09:00,17870.0,17870.0,17870.0,17870.0,0,0.0,0.0
2024-07-16 09:59:00+09:00,17870.0,17870.0,17870.0,17870.0,0,0.0,0.0
2024-07-16 10:00:00+09:00,17870.0,17870.0,17870.0,17870.0,7,0.0,0.0
2024-07-16 10:01:00+09:00,17860.0,17870.0,17860.0,17870.0,47,0.0,0.0
2024-07-16 10:02:00+09:00,17840.0,17840.0,17830.0,17830.0,395,0.0,0.0
2024-07-16 10:03:00+09:00,17870.0,17870.0,17870.0,17870.0,0,0.0,0.0
2024-07-16 10:04:00+09:00,17870.0,17870.0,17850.0,17870.0,107,0.0,0.0
2024-07-16 10:10:00+09:00,17870.0,17870.0,17870.0,17870.0,2,0.0,0.0
2024-07-16 10:12:00+09:00,17870.0,17870.0,17870.0,17870.0,62,0.0,0.0
2024-07-16 10:14:00+09:00,17870.0,17870.0,17870.0,17870.0,2,0.0,0.0
2024-07-16 10:15:00+09:00,17870.0,17870.0,17870.0,17870.0,6,0.0,0.0
2024-07-16 10:16:00+09:00,17870.0,17870.0,17830.0,17830.0,504,0.0,0.0
2024-07-16 10:17:00+09:00,17830.0,17830.0,17830.0,17830.0,262,0.0,0.0
2024-07-16 10:18:00+09:00,17820.0,17820.0,17790.0,17790.0,902,0.0,0.0
2024-07-16 10:19:00+09:00,17790.0,17820.0,17790.0,17820.0,439,0.0,0.0
2024-07-16 10:20:00+09:00,17820.0,17820.0,17820.0,17820.0,0,0.0,0.0
2024-07-16 10:24:00+09:00,17820.0,17820.0,17800.0,17800.0,0,0.0,0.0
2024-07-16 10:25:00+09:00,17810.0,17810.0,17810.0,17810.0,6,0.0,0.0
2024-07-16 10:27:00+09:00,17810.0,17810.0,17790.0,17790.0,362,0.0,0.0
2024-07-16 10:28:00+09:00,17790.0,17800.0,17790.0,17800.0,252,0.0,0.0
2024-07-16 10:30:00+09:00,17810.0,17810.0,17810.0,17810.0,25,0.0,0.0
2024-07-16 10:31:00+09:00,17810.0,17810.0,17810.0,17810.0,124,0.0,0.0
2024-07-16 10:33:00+09:00,17810.0,17810.0,17810.0,17810.0,24,0.0,0.0
2024-07-16 10:34:00+09:00,17810.0,17810.0,17810.0,17810.0,132,0.0,0.0
2024-07-16 10:35:00+09:00,17810.0,17810.0,17810.0,17810.0,276,0.0,0.0
2024-07-16 10:36:00+09:00,17810.0,17810.0,17810.0,17810.0,0,0.0,0.0
2024-07-16 10:37:00+09:00,17810.0,17810.0,17810.0,17810.0,73,0.0,0.0
2024-07-16 10:38:00+09:00,17820.0,17820.0,17820.0,17820.0,60,0.0,0.0
2024-07-16 10:39:00+09:00,17870.0,17920.0,17870.0,17920.0,143,0.0,0.0
2024-07-16 10:40:00+09:00,17920.0,17920.0,17920.0,17920.0,45,0.0,0.0
2024-07-16 10:42:00+09:00,17830.0,17830.0,17830.0,17830.0,0,0.0,0.0
2024-07-16 10:43:00+09:00,17910.0,17910.0,17910.0,17910.0,43,0.0,0.0
2024-07-16 10:45:00+09:00,17910.0,17910.0,17910.0,17910.0,0,0.0,0.0
2024-07-16 10:46:00+09:00,17910.0,17910.0,17910.0,17910.0,41,0.0,0.0
2024-07-16 10:48:00+09:00,17880.0,17900.0,17880.0,17900.0,90,0.0,0.0
2024-07-16 10:49:00+09:00,17890.0,17900.0,17890.0,17900.0,85,0.0,0.0
2024-07-16 10:50:00+09:00,17900.0,17900.0,17900.0,17900.0,0,0.0,0.0
2024-07-16 10:51:00+09:00,17850.0,17850.0,17810.0,17810.0,922,0.0,0.0
2024-07-16 10:55:00+09:00,17810.0,17810.0,17810.0,17810.0,0,0.0,0.0
2024-07-16 10:56:00+09:00,17810.0,17810.0,17810.0,17810.0,0,0.0,0.0
2024-07-16 10:58:00+09:00,17820.0,17820.0,17810.0,17810.0,389,0.0,0.0
2024-07-16 10:59:00+09:00,17820.0,17820.0,17810.0,17810.0,254,0.0,0.0
2024-07-16 11:00:00+09:00,17890.0,17890.0,17770.0,17770.0,7538,0.0,0.0
2024-07-16 11:01:00+09:00,17770.0,17770.0,17770.0,17770.0,0,0.0,0.0
2024-07-16 11:02:00+09:00,17870.0,17870.0,17870.0,17870.0,3,0.0,0.0
2024-07-16 11:04:00+09:00,17780.0,17780.0,17780.0,17780.0,608,0.0,0.0
2024-07-16 11:05:00+09:00,17780.0,17780.0,17780.0,17780.0,0,0.0,0.0
2024-07-16 11:07:00+09:00,17800.0,17800.0,17800.0,17800.0,9,0.0,0.0
2024-07-16 11:08:00+09:00,17800.0,17800.0,17800.0,17800.0,40,0.0,0.0
2024-07-16 11:09:00+09:00,17830.0,17830.0,17830.0,17830.0,0,0.0,0.0
2024-07-16 11:11:00+09:00,17830.0,17830.0,17830.0,17830.0,200,0.0,0.0
2024-07-16 11:14:00+09:00,17800.0,17800.0,17800.0,17800.0,0,0.0,0.0
2024-07-16 11:15:00+09:00,17820.0,17830.0,17800.0,17820.0,87,0.0,0.0
2024-07-16 11:16:00+09:00,17830.0,17830.0,17820.0,17820.0,83,0.0,0.0
2024-07-16 11:17:00+09:00,17830.0,17830.0,17820.0,17820.0,104,0.0,0.0
2024-07-16 11:18:00+09:00,17810.0,17810.0,17810.0,17810.0,93,0.0,0.0
2024-07-16 11:19:00+09:00,17810.0,17820.0,17810.0,17820.0,30,0.0,0.0
2024-07-16 11:20:00+09:00,17830.0,17860.0,17830.0,17860.0,429,0.0,0.0
2024-07-16 11:22:00+09:00,17870.0,17870.0,17870.0,17870.0,102,0.0,0.0
2024-07-16 11:23:00+09:00,17860.0,17860.0,17860.0,17860.0,0,0.0,0.0
2024-07-16 11:25:00+09:00,17880.0,17890.0,17880.0,17890.0,399,0.0,0.0
2024-07-16 11:26:00+09:00,17900.0,17910.0,17900.0,17910.0,435,0.0,0.0
2024-07-16 11:28:00+09:00,17910.0,17910.0,17910.0,17910.0,0,0.0,0.0
2024-07-16 11:29:00+09:00,17910.0,17910.0,17900.0,17900.0,239,0.0,0.0
2024-07-16 11:30:00+09:00,17910.0,17920.0,17910.0,17920.0,0,0.0,0.0
2024-07-16 11:32:00+09:00,17920.0,17920.0,17920.0,17920.0,3,0.0,0.0
2024-07-16 11:34:00+09:00,17920.0,17920.0,17920.0,17920.0,18,0.0,0.0
2024-07-16 11:36:00+09:00,17920.0,17920.0,17920.0,17920.0,31,0.0,0.0
2024-07-16 11:37:00+09:00,17930.0,17930.0,17930.0,17930.0,18,0.0,0.0
2024-07-16 11:38:00+09:00,17940.0,17940.0,17940.0,17940.0,11,0.0,0.0
2024-07-16 11:39:00+09:00,17950.0,17960.0,17950.0,17960.0,8,0.0,0.0
2024-07-16 11:40:00+09:00,17970.0,17980.0,17970.0,17980.0,2,0.0,0.0
2024-07-16 11:41:00+09:00,17980.0,18000.0,17980.0,18000.0,8,0.0,0.0
2024-07-16 11:42:00+09:00,18000.0,18040.0,18000.0,18040.0,8,0.0,0.0
2024-07-16 11:44:00+09:00,18030.0,18040.0,18030.0,18040.0,27,0.0,0.0
2024-07-16 11:45:00+09:00,18040.0,18040.0,18040.0,18040.0,355,0.0,0.0
2024-07-16 11:46:00+09:00,18040.0,18040.0,18040.0,18040.0,0,0.0,0.0
2024-07-16 11:47:00+09:00,18040.0,18050.0,18040.0,18050.0,126,0.0,0.0
2024-07-16 11:48:00+09:00,18040.0,18040.0,18040.0,18040.0,33,0.0,0.0
2024-07-16 11:55:00+09:00,18000.0,18000.0,18000.0,18000.0,26,0.0,0.0
2024-07-16 11:56:00+09:00,18000.0,18000.0,18000.0,18000.0,0,0.0,0.0
2024-07-16 11:57:00+09:00,17990.0,17990.0,17990.0,17990.0,18,0.0,0.0
2024-07-16 12:00:00+09:00,17990.0,18000.0,17990.0,18000.0,18,0.0,0.0
2024-07-16 12:02:00+09:00,18000.0,18000.0,18000.0,18000.0,11,0.0,0.0
2024-07-16 12:03:00+09:00,18010.0,18010.0,18010.0,18010.0,194,0.0,0.0
2024-07-16 12:05:00+09:00,18010.0,18010.0,18010.0,18010.0,172,0.0,0.0
2024-07-16 12:08:00+09:00,18010.0,18010.0,18010.0,18010.0,0,0.0,0.0
2024-07-16 12:10:00+09:00,18010.0,18010.0,18010.0,18010.0,2,0.0,0.0
2024-07-16 12:11:00+09:00,18010.0,18010.0,18010.0,18010.0,3,0.0,0.0
2024-07-16 12:13:00+09:00,18010.0,18010.0,18010.0,18010.0,67,0.0,0.0
2024-07-16 12:14:00+09:00,18000.0,18000.0,18000.0,18000.0,0,0.0,0.0
2024-07-16 12:15:00+09:00,18000.0,18010.0,18000.0,18010.0,3,0.0,0.0
2024-07-16 12:16:00+09:00,18000.0,18010.0,18000.0,18010.0,29,0.0,0.0
2024-07-16 12:17:00+09:00,18000.0,18000.0,18000.0,18000.0,11,0.0,0.0
2024-07-16 12:20:00+09:00,17990.0,17990.0,17990.0,17990.0,0,0.0,0.0
2024-07-16 12:23:00+09:00,17990.0,18000.0,17990.0,17990.0,31,0.0,0.0
2024-07-16 12:24:00+09:00,17990.0,18000.0,17990.0,18000.0,0,0.0,0.0
2024-07-16 12:25:00+09:00,17990.0,17990.0,17990.0,17990.0,35,0.0,0.0
2024-07-16 12:26:00+09:00,18000.0,18010.0,18000.0,18010.0,378,0.0,0.0
2024-07-16 12:28:00+09:00,18000.0,18000.0,18000.0,18000.0,0,0.0,0.0
2024-07-16 12:29:00+09:00,18010.0,18010.0,18000.0,18000.0,696,0.0,0.0
2024-07-16 12:30:00+09:00,18020.0,18020.0,18020.0,18020.0,0,0.0,0.0
2024-07-16 12:33:00+09:00,18010.0,18010.0,18010.0,18010.0,0,0.0,0.0
2024-07-16 12:36:00+09:00,18000.0,18010.0,18000.0,18010.0,26944,0.0,0.0
2024-07-16 12:37:00+09:00,18000.0,18000.0,18000.0,18000.0,9,0.0,0.0
2024-07-16 12:38:00+09:00,18000.0,18000.0,18000.0,18000.0,218,0.0,0.0
2024-07-16 12:39:00+09:00,17990.0,18000.0,17990.0,17990.0,670,0.0,0.0
2024-07-16 12:40:00+09:00,17990.0,17990.0,17980.0,17980.0,0,0.0,0.0
2024-07-16 12:41:00+09:00,17980.0,17980.0,17980.0,17980.0,111,0.0,0.0
2024-07-16 12:42:00+09:00,17980.0,17980.0,17980.0,17980.0,318,0.0,0.0
2024-07-16 12:43:00+09:00,17960.0,17960.0,17950.0,17950.0,92,0.0,0.0
2024-07-16 12:44:00+09:00,17950.0,17950.0,17940.0,17940.0,24,0.0,0.0
2024-07-16 12:45:00+09:00,17950.0,17950.0,17950.0,17950.0,7,0.0,0.0
2024-07-16 12:47:00+09:00,17950.0,17950.0,17950.0,17950.0,1,0.0,0.0
2024-07-16 12:49:00+09:00,17950.0,17950.0,17950.0,17950.0,13,0.0,0.0
2024-07-16 12:50:00+09:00,17950.0,17950.0,17950.0,17950.0,190,0.0,0.0
2024-07-16 12:51:00+09:00,17980.0,17980.0,17950.0,17950.0,36,0.0,0.0
2024-07-16 12:57:00+09:00,17950.0,17950.0,17940.0,17940.0,498,0.0,0.0
2024-07-16 13:00:00+09:00,17980.0,17980.0,17980.0,17980.0,0,0.0,0.0
2024-07-16 13:04:00+09:00,17940.0,17940.0,17940.0,17940.0,1,0.0,0.0
2024-07-16 13:07:00+09:00,17940.0,17940.0,17940.0,17940.0,76,0.0,0.0
2024-07-16 13:08:00+09:00,17940.0,17940.0,17940.0,17940.0,242,0.0,0.0
2024-07-16 13:14:00+09:00,17940.0,17940.0,17940.0,17940.0,140,0.0,0.0
2024-07-16 13:15:00+09:00,17940.0,18000.0,17940.0,18000.0,0,0.0,0.0
2024-07-16 13:17:00+09:00,18000.0,18000.0,18000.0,18000.0,0,0.0,0.0
2024-07-16 13:21:00+09:00,17980.0,17980.0,17980.0,17980.0,18,0.0,0.0
2024-07-16 13:22:00+09:00,17980.0,17980.0,17980.0,17980.0,0,0.0,0.0
2024-07-16 13:23:00+09:00,17980.0,17980.0,17980.0,17980.0,4,0.0,0.0
2024-07-16 13:24:00+09:00,17980.0,17980.0,17980.0,17980.0,8,0.0,0.0
2024-07-16 13:27:00+09:00,17950.0,17970.0,17950.0,17970.0,27,0.0,0.0
2024-07-16 13:28:00+09:00,17980.0,17980.0,17980.0,17980.0,30,0.0,0.0
2024-07-16 13:29:00+09:00,17980.0,17980.0,17980.0,17980.0,253,0.0,0.0
2024-07-16 13:30:00+09:00,17980.0,17980.0,17980.0,17980.0,5,0.0,0.0
2024-07-16 13:31:00+09:00,17970.0,17970.0,17970.0,17970.0,14,0.0,0.0
2024-07-16 13:33:00+09:00,17960.0,17960.0,17940.0,17940.0,15,0.0,0.0
2024-07-16 13:34:00+09:00,17940.0,17980.0,17920.0,17980.0,45,0.0,0.0
2024-07-16 13:35:00+09:00,17930.0,17930.0,17930.0,17930.0,1,0.0,0.0
2024-07-16 13:36:00+09:00,17920.0,17980.0,17920.0,17980.0,403,0.0,0.0
2024-07-16 13:37:00+09:00,17980.0,17980.0,17980.0,17980.0,5,0.0,0.0
2024-07-16 13:42:00+09:00,17970.0,17980.0,17970.0,17980.0,184,0.0,0.0
2024-07-16 13:45:00+09:00,17980.0,18000.0,17980.0,17980.0,55,0.0,0.0
2024-07-16 13:46:00+09:00,17980.0,17980.0,17980.0,17980.0,0,0.0,0.0
2024-07-16 13:47:00+09:00,17980.0,17980.0,17980.0,17980.0,197,0.0,0.0
2024-07-16 13:48:00+09:00,17950.0,17950.0,17950.0,17950.0,0,0.0,0.0
2024-07-16 13:49:00+09:00,17940.0,17940.0,17940.0,17940.0,1,0.0,0.0
2024-07-16 13:53:00+09:00,17940.0,17940.0,17930.0,17930.0,47,0.0,0.0
2024-07-16 13:55:00+09:00,17930.0,17940.0,17930.0,17940.0,268,0.0,0.0
2024-07-16 13:58:00+09:00,17920.0,17920.0,17920.0,17920.0,0,0.0,0.0
2024-07-16 14:00:00+09:00,17980.0,17980.0,17980.0,17980.0,0,0.0,0.0
2024-07-16 14:01:00+09:00,17980.0,17980.0,17980.0,17980.0,9,0.0,0.0
2024-07-16 14:02:00+09:00,17980.0,17980.0,17980.0,17980.0,0,0.0,0.0
2024-07-16 14:06:00+09:00,17940.0,17940.0,17940.0,17940.0,2,0.0,0.0
2024-07-16 14:07:00+09:00,17940.0,17940.0,17940.0,17940.0,1,0.0,0.0
2024-07-16 14:08:00+09:00,17940.0,17940.0,17940.0,17940.0,147,0.0,0.0
2024-07-16 14:10:00+09:00,17950.0,17970.0,17930.0,17930.0,117,0.0,0.0
2024-07-16 14:11:00+09:00,17930.0,17930.0,17930.0,17930.0,0,0.0,0.0
2024-07-16 14:12:00+09:00,17960.0,17960.0,17960.0,17960.0,5,0.0,0.0
2024-07-16 14:15:00+09:00,17970.0,17970.0,17970.0,17970.0,9,0.0,0.0
2024-07-16 14:18:00+09:00,17960.0,17960.0,17960.0,17960.0,53,0.0,0.0
2024-07-16 14:21:00+09:00,17960.0,17960.0,17960.0,17960.0,450,0.0,0.0
2024-07-16 14:22:00+09:00,17960.0,17960.0,17960.0,17960.0,0,0.0,0.0
2024-07-16 14:26:00+09:00,17950.0,17950.0,17950.0,17950.0,10,0.0,0.0
2024-07-16 14:27:00+09:00,17950.0,17950.0,17950.0,17950.0,395,0.0,0.0
2024-07-16 14:28:00+09:00,17940.0,17940.0,17940.0,17940.0,0,0.0,0.0
2024-07-16 14:29:00+09:00,17930.0,17930.0,17930.0,17930.0,123,0.0,0.0
2024-07-16 14:30:00+09:00,17940.0,17940.0,17940.0,17940.0,10,0.0,0.0
2024-07-16 14:31:00+09:00,17940.0,17940.0,17940.0,17940.0,18,0.0,0.0
2024-07-16 14:32:00+09:00,17930.0,17930.0,17930.0,17930.0,240,0.0,0.0
2024-07-16 14:33:00+09:00,17920.0,17920.0,17920.0,17920.0,0,0.0,0.0
2024-07-16 14:36:00+09:00,17920.0,17920.0,17920.0,17920.0,95,0.0,0.0
2024-07-16 14:37:00+09:00,17920.0,17920.0,17920.0,17920.0,344,0.0,0.0
2024-07-16 14:38:00+09:00,17920.0,17920.0,17910.0,17910.0,338,0.0,0.0
2024-07-16 14:39:00+09:00,17920.0,17920.0,17910.0,17910.0,0,0.0,0.0
2024-07-16 14:40:00+09:00,17910.0,17910.0,17910.0,17910.0,41,0.0,0.0
2024-07-16 14:41:00+09:00,17910.0,17910.0,17910.0,17910.0,74,0.0,0.0
2024-07-16 14:44:00+09:00,17910.0,17910.0,17910.0,17910.0,0,0.0,0.0
2024-07-16 14:45:00+09:00,17910.0,17910.0,17900.0,17900.0,1,0.0,0.0
2024-07-16 14:46:00+09:00,17900.0,17940.0,17900.0,17940.0,362,0.0,0.0
2024-07-16 14:47:00+09:00,17940.0,17940.0,17900.0,17900.0,304,0.0,0.0
2024-07-16 14:48:00+09:00,17940.0,17940.0,17940.0,17940.0,0,0.0,0.0
2024-07-16 14:51:00+09:00,17960.0,17960.0,17960.0,17960.0,5,0.0,0.0
2024-07-16 14:52:00+09:00,17920.0,17960.0,17900.0,17960.0,698,0.0,0.0
2024-07-16 14:53:00+09:00,17970.0,17970.0,17970.0,17970.0,2,0.0,0.0
2024-07-16 14:54:00+09:00,17920.0,17970.0,17900.0,17960.0,504,0.0,0.0
2024-07-16 14:57:00+09:00,17940.0,17960.0,17940.0,17960.0,31,0.0,0.0
2024-07-16 14:58:00+09:00,17940.0,17940.0,17940.0,17940.0,15,0.0,0.0
2024-07-16 14:59:00+09:00,17910.0,17910.0,17910.0,17910.0,117,0.0,0.0
2024-07-17 09:00:00+09:00,17900.0,17900.0,17900.0,17900.0,670,0.0,0.0
2024-07-17 09:01:00+09:00,17900.0,17900.0,17900.0,17900.0,0,0.0,0.0
2024-07-17 09:03:00+09:00,17910.0,17910.0,17900.0,17900.0,204,0.0,0.0
2024-07-17 09:04:00+09:00,17910.0,17910.0,17900.0,17900.0,0,0.0,0.0
2024-07-17 09:05:00+09:00,17900.0,17900.0,17900.0,17900.0,112,0.0,0.0
2024-07-17 09:07:00+09:00,17910.0,17910.0,17880.0,17880.0,48,0.0,0.0
2024-07-17 09:09:00+09:00,17880.0,17880.0,17880.0,17880.0,9,0.0,0.0
2024-07-17 09:10:00+09:00,17900.0,17930.0,17900.0,17930.0,148,0.0,0.0
2024-07-17 09:11:00+09:00,17990.0,18020.0,17930.0,18020.0,408,0.0,0.0
2024-07-17 09:12:00+09:00,18040.0,18050.0,18040.0,18050.0,5,0.0,0.0
2024-07-17 09:13:00+09:00,18060.0,18060.0,18060.0,18060.0,24,0.0,0.0
2024-07-17 09:14:00+09:00,18060.0,18060.0,18050.0,18050.0,12,0.0,0.0
2024-07-17 09:15:00+09:00,18050.0,18050.0,18020.0,18020.0,256,0.0,0.0
2024-07-17 09:16:00+09:00,18020.0,18020.0,18020.0,18020.0,0,0.0,0.0
2024-07-17 09:17:00+09:00,18020.0,18020.0,18000.0,18000.0,23,0.0,0.0
2024-07-17 09:18:00+09:00,18000.0,18000.0,18000.0,18000.0,52,0.0,0.0
2024-07-17 09:20:00+09:00,18000.0,18000.0,18000.0,18000.0,39,0.0,0.0
2024-07-17 09:21:00+09:00,18000.0,18000.0,17930.0,17930.0,2516,0.0,0.0
2024-07-17 09:22:00+09:00,17920.0,17920.0,17920.0,17920.0,0,0.0,0.0
2024-07-17 09:24:00+09:00,17930.0,17930.0,17930.0,17930.0,536,0.0,0.0
2024-07-17 09:27:00+09:00,18000.0,18000.0,18000.0,18000.0,0,0.0,0.0
2024-07-17 09:31:00+09:00,17980.0,17980.0,17980.0,17980.0,85,0.0,0.0
2024-07-17 09:34:00+09:00,18000.0,18000.0,17980.0,17980.0,0,0.0,0.0
2024-07-17 09:37:00+09:00,17980.0,17980.0,17980.0,17980.0,0,0.0,0.0
2024-07-17 09:38:00+09:00,17990.0,17990.0,17980.0,17980.0,73,0.0,0.0
2024-07-17 09:39:00+09:00,17980.0,17980.0,17930.0,17930.0,321,0.0,0.0
2024-07-17 09:40:00+09:00,17920.0,17920.0,17920.0,17920.0,167,0.0,0.0
2024-07-17 09:43:00+09:00,18000.0,18000.0,18000.0,18000.0,0,0.0,0.0
2024-07-17 09:49:00+09:00,17930.0,17930.0,17930.0,17930.0,4426,0.0,0.0
2024-07-17 09:52:00+09:00,17930.0,17930.0,17930.0,17930.0,0,0.0,0.0
2024-07-17 09:53:00+09:00,17980.0,17980.0,17980.0,17980.0,0,0.0,0.0
2024-07-17 09:55:00+09:00,17980.0,17980.0,17980.0,17980.0,63,0.0,0.0
2024-07-17 09:56:00+09:00,17980.0,17980.0,17980.0,17980.0,0,0.0,0.0
2024-07-17 09:58:00+09:00,17980.0,17980.0,17980.0,17980.0,0,0.0,0.0
2024-07-17 09:59:00+09:00,17970.0,17970.0,17970.0,17970.0,367,0.0,0.0
2024-07-17 10:00:00+09:00,17980.0,17980.0,17970.0,17970.0,0,0.0,0.0
2024-07-17 10:01:00+09:00,17970.0,17970.0,17950.0,17970.0,49,0.0,0.0
2024-07-17 10:02:00+09:00,17940.0,17940.0,17920.0,17920.0,619,0.0,0.0
2024-07-17 10:03:00+09:00,17900.0,17930.0,17890.0,17890.0,1498,0.0,0.0
2024-07-17 10:04:00+09:00,17890.0,17890.0,17870.0,17870.0,855,0.0,0.0
2024-07-17 10:05:00+09:00,17890.0,17890.0,17890.0,17890.0,0,0.0,0.0
2024-07-17 10:06:00+09:00,17870.0,17870.0,17870.0,17870.0,67,0.0,0.0
2024-07-17 10:07:00+09:00,17870.0,17890.0,17850.0,17890.0,322,0.0,0.0
2024-07-17 10:09:00+09:00,17860.0,17860.0,17830.0,17830.0,71,0.0,0.0
2024-07-17 10:10:00+09:00,17850.0,17850.0,17850.0,17850.0,0,0.0,0.0
2024-07-17 10:11:00+09:00,17820.0,17820.0,17810.0,17810.0,8326,0.0,0.0
2024-07-17 10:12:00+09:00,17810.0,17830.0,17780.0,17830.0,535,0.0,0.0
2024-07-17 10:13:00+09:00,17830.0,17830.0,17830.0,17830.0,11,0.0,0.0
2024-07-17 10:14:00+09:00,17830.0,17830.0,17830.0,17830.0,19,0.0,0.0
2024-07-17 10:15:00+09:00,17830.0,17830.0,17780.0,17780.0,46,0.0,0.0
2024-07-17 10:18:00+09:00,17790.0,17790.0,17780.0,17780.0,23,0.0,0.0
2024-07-17 10:19:00+09:00,17780.0,17780.0,17780.0,17780.0,430,0.0,0.0
2024-07-17 10:20:00+09:00,17780.0,17780.0,17780.0,17780.0,1,0.0,0.0
2024-07-17 10:21:00+09:00,17800.0,17800.0,17770.0,17770.0,580,0.0,0.0
2024-07-17 10:22:00+09:00,17800.0,17800.0,17600.0,17790.0,1963,0.0,0.0
2024-07-17 10:24:00+09:00,17780.0,17780.0,17780.0,17780.0,21,0.0,0.0
2024-07-17 10:25:00+09:00,17780.0,17780.0,17780.0,17780.0,9,0.0,0.0
2024-07-17 10:26:00+09:00,17780.0,17780.0,17780.0,17780.0,0,0.0,0.0
2024-07-17 10:27:00+09:00,17780.0,17780.0,17780.0,17780.0,1,0.0,0.0
2024-07-17 10:28:00+09:00,17770.0,17770.0,17760.0,17760.0,14,0.0,0.0
2024-07-17 10:29:00+09:00,17760.0,17760.0,17760.0,17760.0,32,0.0,0.0
2024-07-17 10:30:00+09:00,17740.0,17760.0,17740.0,17740.0,67,0.0,0.0
2024-07-17 10:33:00+09:00,17740.0,17740.0,17740.0,17740.0,23,0.0,0.0
2024-07-17 10:34:00+09:00,17740.0,17740.0,17740.0,17740.0,137,0.0,0.0
2024-07-17 10:35:00+09:00,17740.0,17740.0,17740.0,17740.0,11,0.0,0.0
2024-07-17 10:36:00+09:00,17740.0,17740.0,17740.0,17740.0,0,0.0,0.0
2024-07-17 10:39:00+09:00,17740.0,17740.0,17740.0,17740.0,3,0.0,0.0
2024-07-17 10:40:00+09:00,17740.0,17740.0,17740.0,17740.0,116,0.0,0.0
2024-07-17 10:41:00+09:00,17740.0,17740.0,17740.0,17740.0,0,0.0,0.0
2024-07-17 10:42:00+09:00,17730.0,17730.0,17730.0,17730.0,25,0.0,0.0
2024-07-17 10:43:00+09:00,17740.0,17740.0,17740.0,17740.0,0,0.0,0.0
2024-07-17 10:44:00+09:00,17740.0,17740.0,17730.0,17730.0,41,0.0,0.0
2024-07-17 10:45:00+09:00,17730.0,17730.0,17730.0,17730.0,399,0.0,0.0
2024-07-17 10:49:00+09:00,17760.0,17770.0,17740.0,17740.0,0,0.0,0.0
2024-07-17 10:51:00+09:00,17780.0,17780.0,17780.0,17780.0,0,0.0,0.0
2024-07-17 10:52:00+09:00,17790.0,17790.0,17790.0,17790.0,12811,0.0,0.0
2024-07-17 10:54:00+09:00,17790.0,17790.0,17750.0,17750.0,25,0.0,0.0
2024-07-17 10:55:00+09:00,17760.0,17800.0,17760.0,17800.0,0,0.0,0.0
2024-07-17 11:00:00+09:00,17800.0,17800.0,17800.0,17800.0,881,0.0,0.0
2024-07-17 11:01:00+09:00,17810.0,17810.0,17810.0,17810.0,0,0.0,0.0
2024-07-17 11:02:00+09:00,17810.0,17810.0,17810.0,17810.0,0,0.0,0.0
2024-07-17 11:03:00+09:00,17820.0,17820.0,17820.0,17820.0,397,0.0,0.0
2024-07-17 11:04:00+09:00,17810.0,17810.0,17810.0,17810.0,92,0.0,0.0
2024-07-17 11:05:00+09:00,17820.0,17820.0,17820.0,17820.0,0,0.0,0.0
2024-07-17 11:08:00+09:00,17820.0,17820.0,17820.0,17820.0,60,0.0,0.0
2024-07-17 11:09:00+09:00,17820.0,17820.0,17810.0,17810.0,237,0.0,0.0
2024-07-17 11:10:00+09:00,17850.0,17850.0,17810.0,17810.0,539,0.0,0.0
2024-07-17 11:11:00+09:00,17800.0,17800.0,17800.0,17800.0,0,0.0,0.0
2024-07-17 11:15:00+09:00,17840.0,17840.0,17840.0,17840.0,0,0.0,0.0
2024-07-17 11:16:00+09:00,17840.0,17840.0,17790.0,17790.0,174,0.0,0.0
2024-07-17 11:17:00+09:00,17800.0,17800.0,17800.0,17800.0,56,0.0,0.0
2024-07-17 11:18:00+09:00,17850.0,17850.0,17850.0,17850.0,0,0.0,0.0
2024-07-17 11:28:00+09:00,17900.0,17900.0,17850.0,17850.0,205,0.0,0.0
2024-07-17 11:30:00+09:00,17850.0,17850.0,17850.0,17850.0,0,0.0,0.0
2024-07-17 11:31:00+09:00,17850.0,17850.0,17850.0,17850.0,99,0.0,0.0
2024-07-17 11:32:00+09:00,17850.0,17850.0,17850.0,17850.0,0,0.0,0.0
2024-07-17 11:34:00+09:00,17850.0,17850.0,17850.0,17850.0,1,0.0,0.0
2024-07-17 11:40:00+09:00,17850.0,17850.0,17850.0,17850.0,10,0.0,0.0
2024-07-17 11:45:00+09:00,17850.0,17850.0,17850.0,17850.0,15,0.0,0.0
2024-07-17 11:46:00+09:00,17850.0,17850.0,17850.0,17850.0,390,0.0,0.0
2024-07-17 11:53:00+09:00,17830.0,17830.0,17820.0,17820.0,0,0.0,0.0
2024-07-17 11:54:00+09:00,17850.0,17850.0,17850.0,17850.0,83,0.0,0.0
2024-07-17 11:55:00+09:00,17860.0,17860.0,17860.0,17860.0,0,0.0,0.0
2024-07-17 11:56:00+09:00,17860.0,17860.0,17860.0,17860.0,0,0.0,0.0
2024-07-17 11:59:00+09:00,17850.0,17850.0,17850.0,17850.0,3,0.0,0.0
2024-07-17 12:02:00+09:00,17810.0,17810.0,17810.0,17810.0,12,0.0,0.0
2024-07-17 12:07:00+09:00,17810.0,17810.0,17810.0,17810.0,263,0.0,0.0
2024-07-17 12:09:00+09:00,17810.0,17810.0,17810.0,17810.0,0,0.0,0.0
2024-07-17 12:10:00+09:00,17810.0,17810.0,17810.0,17810.0,6,0.0,0.0
2024-07-17 12:13:00+09:00,17800.0,17810.0,17800.0,17810.0,57,0.0,0.0
2024-07-17 12:14:00+09:00,17800.0,17800.0,17800.0,17800.0,6,0.0,0.0
2024-07-17 12:15:00+09:00,17800.0,17800.0,17800.0,17800.0,0,0.0,0.0
2024-07-17 12:18:00+09:00,17800.0,17800.0,17790.0,17790.0,54,0.0,0.0
2024-07-17 12:19:00+09:00,17790.0,17790.0,17790.0,17790.0,11,0.0,0.0
2024-07-17 12:20:00+09:00,17780.0,17780.0,17780.0,17780.0,164,0.0,0.0
2024-07-17 12:21:00+09:00,17780.0,17780.0,17770.0,17770.0,615,0.0,0.0
2024-07-17 12:23:00+09:00,17770.0,17770.0,17770.0,17770.0,0,0.0,0.0
2024-07-17 12:24:00+09:00,17770.0,17770.0,17760.0,17760.0,425,0.0,0.0
2024-07-17 12:25:00+09:00,17770.0,17770.0,17750.0,17750.0,608,0.0,0.0
2024-07-17 12:26:00+09:00,17750.0,17750.0,17700.0,17700.0,0,0.0,0.0
2024-07-17 12:32:00+09:00,17700.0,17700.0,17700.0,17700.0,1747,0.0,0.0
2024-07-17 12:33:00+09:00,17700.0,17700.0,17700.0,17700.0,0,0.0,0.0
2024-07-17 12:34:00+09:00,17750.0,17750.0,17750.0,17750.0,53,0.0,0.0
2024-07-17 12:38:00+09:00,17750.0,17750.0,17750.0,17750.0,0,0.0,0.0
2024-07-17 12:39:00+09:00,17750.0,17750.0,17750.0,17750.0,1,0.0,0.0
2024-07-17 12:40:00+09:00,17770.0,17770.0,17770.0,17770.0,9,0.0,0.0
2024-07-17 12:41:00+09:00,17770.0,17800.0,17770.0,17790.0,4,0.0,0.0
2024-07-17 12:42:00+09:00,17790.0,17790.0,17790.0,17790.0,5,0.0,0.0
2024-07-17 12:43:00+09:00,17790.0,17790.0,17790.0,17790.0,4,0.0,0.0
2024-07-17 12:44:00+09:00,17790.0,17790.0,17750.0,17750.0,68,0.0,0.0
2024-07-17 12:45:00+09:00,17780.0,17810.0,17780.0,17810.0,0,0.0,0.0
2024-07-17 12:46:00+09:00,17780.0,17800.0,17780.0,17800.0,32,0.0,0.0
2024-07-17 12:48:00+09:00,17790.0,17790.0,17790.0,17790.0,16,0.0,0.0
2024-07-17 12:50:00+09:00,17800.0,17800.0,17800.0,17800.0,2,0.0,0.0
2024-07-17 12:51:00+09:00,17800.0,17800.0,17800.0,17800.0,0,0.0,0.0
2024-07-17 12:52:00+09:00,17780.0,17780.0,17780.0,17780.0,2,0.0,0.0
2024-07-17 12:53:00+09:00,17770.0,17770.0,17750.0,17750.0,157,0.0,0.0
2024-07-17 12:54:00+09:00,17750.0,17750.0,17750.0,17750.0,0,0.0,0.0
2024-07-17 12:55:00+09:00,17790.0,17790.0,17750.0,17750.0,34,0.0,0.0
2024-07-17 12:56:00+09:00,17790.0,17790.0,17790.0,17790.0,0,0.0,0.0
2024-07-17 12:57:00+09:00,17790.0,17790.0,17750.0,17750.0,49,0.0,0.0
2024-07-17 12:58:00+09:00,17780.0,17780.0,17780.0,17780.0,0,0.0,0.0
2024-07-17 12:59:00+09:00,17780.0,17780.0,17750.0,17780.0,43,0.0,0.0
2024-07-17 13:02:00+09:00,17770.0,17770.0,17750.0,17750.0,218,0.0,0.0
2024-07-17 13:03:00+09:00,17780.0,17780.0,17780.0,17780.0,0,0.0,0.0
2024-07-17 13:04:00+09:00,17750.0,17780.0,17750.0,17780.0,61,0.0,0.0
2024-07-17 13:05:00+09:00,17750.0,17780.0,17690.0,17780.0,269,0.0,0.0
2024-07-17 13:08:00+09:00,17780.0,17780.0,17780.0,17780.0,16,0.0,0.0
2024-07-17 13:09:00+09:00,17780.0,17780.0,17780.0,17780.0,12,0.0,0.0
2024-07-17 13:10:00+09:00,17780.0,17780.0,17780.0,17780.0,0,0.0,0.0
2024-07-17 13:12:00+09:00,17770.0,17770.0,17770.0,17770.0,17,0.0,0.0
2024-07-17 13:14:00+09:00,17770.0,17770.0,17770.0,17770.0,49,0.0,0.0
2024-07-17 13:16:00+09:00,17780.0,17780.0,17780.0,17780.0,0,0.0,0.0
2024-07-17 13:17:00+09:00,17750.0,17750.0,17750.0,17750.0,29,0.0,0.0
2024-07-17 13:20:00+09:00,17750.0,17750.0,17750.0,17750.0,134,0.0,0.0
2024-07-17 13:22:00+09:00,17750.0,17750.0,17750.0,17750.0,11,0.0,0.0
2024-07-17 13:25:00+09:00,17770.0,17770.0,17770.0,17770.0,5,0.0,0.0
2024-07-17 13:26:00+09:00,17770.0,17770.0,17770.0,17770.0,11,0.0,0.0
2024-07-17 13:27:00+09:00,17770.0,17770.0,17770.0,17770.0,0,0.0,0.0
2024-07-17 13:28:00+09:00,17770.0,17770.0,17770.0,17770.0,399,0.0,0.0
2024-07-17 13:29:00+09:00,17760.0,17760.0,17760.0,17760.0,0,0.0,0.0
2024-07-17 13:31:00+09:00,17750.0,17750.0,17720.0,17720.0,105,0.0,0.0
2024-07-17 13:32:00+09:00,17720.0,17720.0,17720.0,17720.0,0,0.0,0.0
2024-07-17 13:33:00+09:00,17710.0,17710.0,17710.0,17710.0,162,0.0,0.0
2024-07-17 13:34:00+09:00,17710.0,17710.0,17710.0,17710.0,0,0.0,0.0
2024-07-17 13:36:00+09:00,17700.0,17760.0,17700.0,17760.0,80,0.0,0.0
2024-07-17 13:37:00+09:00,17760.0,17760.0,17760.0,17760.0,2,0.0,0.0
2024-07-17 13:38:00+09:00,17760.0,17760.0,17760.0,17760.0,19,0.0,0.0
2024-07-17 13:39:00+09:00,17750.0,17750.0,17750.0,17750.0,20,0.0,0.0
2024-07-17 13:40:00+09:00,17750.0,17750.0,17750.0,17750.0,0,0.0,0.0
2024-07-17 13:42:00+09:00,17740.0,17740.0,17740.0,17740.0,156,0.0,0.0
2024-07-17 13:43:00+09:00,17730.0,17740.0,17730.0,17740.0,6,0.0,0.0
2024-07-17 13:44:00+09:00,17730.0,17730.0,17730.0,17730.0,27,0.0,0.0
2024-07-17 13:45:00+09:00,17730.0,17730.0,17730.0,17730.0,5,0.0,0.0
2024-07-17 13:47:00+09:00,17730.0,17730.0,17730.0,17730.0,0,0.0,0.0
2024-07-17 13:48:00+09:00,17720.0,17720.0,17700.0,17700.0,370,0.0,0.0
2024-07-17 13:50:00+09:00,17690.0,17690.0,17690.0,17690.0,110,0.0,0.0
2024-07-17 13:51:00+09:00,17680.0,17680.0,17680.0,17680.0,220,0.0,0.0
2024-07-17 13:52:00+09:00,17670.0,17670.0,17650.0,17650.0,656,0.0,0.0
2024-07-17 13:53:00+09:00,17650.0,17650.0,17640.0,17650.0,20,0.0,0.0
2024-07-17 13:54:00+09:00,17650.0,17650.0,17650.0,17650.0,55,0.0,0.0
2024-07-17 13:55:00+09:00,17640.0,17650.0,17640.0,17650.0,175,0.0,0.0
2024-07-17 13:56:00+09:00,17650.0,17650.0,17630.0,17630.0,70,0.0,0.0
2024-07-17 13:58:00+09:00,17650.0,17650.0,17650.0,17650.0,319,0.0,0.0
2024-07-17 14:02:00+09:00,17650.0,17650.0,17650.0,17650.0,0,0.0,0.0
2024-07-17 14:03:00+09:00,17650.0,17650.0,17640.0,17640.0,10,0.0,0.0
2024-07-17 14:04:00+09:00,17640.0,17640.0,17630.0,17630.0,205,0.0,0.0
2024-07-17 14:05:00+09:00,17630.0,17630.0,17610.0,17610.0,1228,0.0,0.0
2024-07-17 14:06:00+09:00,17620.0,17620.0,17590.0,17590.0,437,0.0,0.0
2024-07-17 14:07:00+09:00,17590.0,17590.0,17590.0,17590.0,17,0.0,0.0
2024-07-17 14:08:00+09:00,17590.0,17600.0,17590.0,17600.0,89,0.0,0.0
2024-07-17 14:09:00+09:00,17600.0,17600.0,17600.0,17600.0,0,0.0,0.0
2024-07-17 14:10:00+09:00,17610.0,17610.0,17610.0,17610.0,123,0.0,0.0
2024-07-17 14:13:00+09:00,17610.0,17610.0,17600.0,17600.0,312,0.0,0.0
2024-07-17 14:14:00+09:00,17600.0,17600.0,17600.0,17600.0,1,0.0,0.0
2024-07-17 14:15:00+09:00,17590.0,17590.0,17570.0,17570.0,304,0.0,0.0
2024-07-17 14:16:00+09:00,17570.0,17580.0,17570.0,17580.0,34,0.0,0.0
2024-07-17 14:17:00+09:00,17570.0,17580.0,17570.0,17580.0,570,0.0,0.0
2024-07-17 14:18:00+09:00,17580.0,17580.0,17570.0,17570.0,0,0.0,0.0
2024-07-17 14:19:00+09:00,17570.0,17570.0,17570.0,17570.0,240,0.0,0.0
2024-07-17 14:20:00+09:00,17580.0,17580.0,17560.0,17560.0,398,0.0,0.0
2024-07-17 14:21:00+09:00,17560.0,17560.0,17510.0,17520.0,2205,0.0,0.0
2024-07-17 14:22:00+09:00,17520.0,17520.0,17520.0,17520.0,0,0.0,0.0
2024-07-17 14:23:00+09:00,17520.0,17580.0,17520.0,17580.0,142,0.0,0.0
2024-07-17 14:24:00+09:00,17580.0,17580.0,17580.0,17580.0,21,0.0,0.0
2024-07-17 14:25:00+09:00,17570.0,17570.0,17570.0,17570.0,15,0.0,0.0
2024-07-17 14:26:00+09:00,17540.0,17540.0,17540.0,17540.0,297,0.0,0.0
2024-07-17 14:27:00+09:00,17550.0,17550.0,17540.0,17540.0,255,0.0,0.0
2024-07-17 14:28:00+09:00,17540.0,17560.0,17540.0,17560.0,114,0.0,0.0
2024-07-17 14:29:00+09:00,17570.0,17570.0,17570.0,17570.0,0,0.0,0.0
2024-07-17 14:30:00+09:00,17570.0,17570.0,17570.0,17570.0,5,0.0,0.0
2024-07-17 14:31:00+09:00,17560.0,17560.0,17540.0,17560.0,291,0.0,0.0
2024-07-17 14:32:00+09:00,17560.0,17560.0,17560.0,17560.0,0,0.0,0.0
2024-07-17 14:33:00+09:00,17560.0,17560.0,17540.0,17560.0,314,0.0,0.0
2024-07-17 14:34:00+09:00,17540.0,17540.0,17540.0,17540.0,0,0.0,0.0
2024-07-17 14:35:00+09:00,17540.0,17540.0,17530.0,17530.0,152,0.0,0.0
2024-07-17 14:36:00+09:00,17540.0,17540.0,17500.0,17520.0,907,0.0,0.0
2024-07-17 14:37:00+09:00,17510.0,17510.0,17500.0,17500.0,972,0.0,0.0
2024-07-17 14:38:00+09:00,17510.0,17510.0,17510.0,17510.0,0,0.0,0.0
2024-07-17 14:39:00+09:00,17500.0,17510.0,17500.0,17510.0,345,0.0,0.0
2024-07-17 14:40:00+09:00,17560.0,17560.0,17520.0,17520.0,0,0.0,0.0
2024-07-17 14:41:00+09:00,17520.0,17520.0,17510.0,17510.0,251,0.0,0.0
2024-07-17 14:42:00+09:00,17510.0,17510.0,17510.0,17510.0,0,0.0,0.0
2024-07-17 14:43:00+09:00,17510.0,17520.0,17500.0,17520.0,471,0.0,0.0
2024-07-17 14:44:00+09:00,17510.0,17510.0,17500.0,17500.0,440,0.0,0.0
2024-07-17 14:45:00+09:00,17520.0,17520.0,17510.0,17520.0,0,0.0,0.0
2024-07-17 14:46:00+09:00,17520.0,17520.0,17520.0,17520.0,156,0.0,0.0
2024-07-17 14:47:00+09:00,17520.0,17520.0,17520.0,17520.0,12,0.0,0.0
2024-07-17 14:48:00+09:00,17520.0,17520.0,17520.0,17520.0,0,0.0,0.0
2024-07-17 14:49:00+09:00,17520.0,17520.0,17510.0,17510.0,356,0.0,0.0
2024-07-17 14:50:00+09:00,17510.0,17510.0,17500.0,17500.0,483,0.0,0.0
2024-07-17 14:51:00+09:00,17490.0,17500.0,17470.0,17470.0,1450,0.0,0.0
2024-07-17 14:52:00+09:00,17470.0,17490.0,17470.0,17470.0,108,0.0,0.0
2024-07-17 14:53:00+09:00,17470.0,17480.0,17450.0,17450.0,195,0.0,0.0
2024-07-17 14:54:00+09:00,17450.0,17450.0,17430.0,17430.0,716,0.0,0.0
2024-07-17 14:55:00+09:00,17430.0,17430.0,17410.0,17420.0,910,0.0,0.0
2024-07-17 14:56:00+09:00,17420.0,17430.0,17420.0,17420.0,99,0.0,0.0
2024-07-17 14:57:00+09:00,17420.0,17420.0,17410.0,17410.0,87,0.0,0.0
2024-07-17 14:58:00+09:00,17410.0,17430.0,17410.0,17430.0,7,0.0,0.0
2024-07-17 14:59:00+09:00,17420.0,17430.0,17420.0,17430.0,45,0.0,0.0
2024-07-18 09:00:00+09:00,17070.0,17160.0,17060.0,17150.0,1583,0.0,0.0
2024-07-18 09:01:00+09:00,17070.0,17140.0,17060.0,17060.0,66,0.0,0.0
2024-07-18 09:02:00+09:00,17080.0,17080.0,17060.0,17060.0,256,0.0,0.0
2024-07-18 09:03:00+09:00,17060.0,17060.0,17020.0,17020.0,1220,0.0,0.0
2024-07-18 09:04:00+09:00,17020.0,17020.0,16990.0,17000.0,2340,0.0,0.0
2024-07-18 09:05:00+09:00,17000.0,17020.0,16980.0,16980.0,943,0.0,0.0
2024-07-18 09:06:00+09:00,16990.0,17000.0,16940.0,16940.0,2322,0.0,0.0
2024-07-18 09:07:00+09:00,16930.0,16930.0,16810.0,16910.0,2169,0.0,0.0
2024-07-18 09:08:00+09:00,16910.0,16910.0,16910.0,16910.0,9,0.0,0.0
2024-07-18 09:09:00+09:00,16910.0,16910.0,16850.0,16850.0,249,0.0,0.0
2024-07-18 09:10:00+09:00,16850.0,16850.0,16810.0,16820.0,891,0.0,0.0
2024-07-18 09:11:00+09:00,16820.0,16820.0,16810.0,16810.0,787,0.0,0.0
2024-07-18 09:12:00+09:00,16820.0,16830.0,16820.0,16830.0,861,0.0,0.0
2024-07-18 09:13:00+09:00,16830.0,16830.0,16820.0,16820.0,857,0.0,0.0
2024-07-18 09:14:00+09:00,16840.0,16910.0,16840.0,16910.0,1018,0.0,0.0
2024-07-18 09:15:00+09:00,16910.0,16910.0,16910.0,16910.0,478,0.0,0.0
2024-07-18 09:16:00+09:00,16920.0,16960.0,16920.0,16930.0,0,0.0,0.0
2024-07-18 09:17:00+09:00,16960.0,16990.0,16930.0,16990.0,1495,0.0,0.0
2024-07-18 09:18:00+09:00,16990.0,16990.0,16990.0,16990.0,3,0.0,0.0
2024-07-18 09:19:00+09:00,16990.0,16990.0,16990.0,16990.0,2,0.0,0.0
2024-07-18 09:20:00+09:00,17000.0,17000.0,16990.0,17000.0,50,0.0,0.0
2024-07-18 09:21:00+09:00,17000.0,17000.0,17000.0,17000.0,48,0.0,0.0
2024-07-18 09:22:00+09:00,17000.0,17050.0,16990.0,17050.0,1704,0.0,0.0
2024-07-18 09:23:00+09:00,17020.0,17070.0,17020.0,17020.0,153,0.0,0.0
2024-07-18 09:24:00+09:00,17030.0,17100.0,17020.0,17020.0,83,0.0,0.0
2024-07-18 09:25:00+09:00,17090.0,17090.0,17090.0,17090.0,0,0.0,0.0
2024-07-18 09:26:00+09:00,17090.0,17140.0,17080.0,17140.0,1222,0.0,0.0
2024-07-18 09:27:00+09:00,17140.0,17140.0,17140.0,17140.0,0,0.0,0.0
2024-07-18 09:28:00+09:00,17140.0,17170.0,17100.0,17170.0,245,0.0,0.0
2024-07-18 09:29:00+09:00,17140.0,17180.0,17140.0,17180.0,404,0.0,0.0
2024-07-18 09:30:00+09:00,17190.0,17240.0,17190.0,17240.0,1259,0.0,0.0
2024-07-18 09:31:00+09:00,17210.0,17290.0,17210.0,17290.0,609,0.0,0.0
2024-07-18 09:32:00+09:00,17280.0,17280.0,17280.0,17280.0,423,0.0,0.0
2024-07-18 09:33:00+09:00,17260.0,17290.0,17260.0,17290.0,207,0.0,0.0
2024-07-18 09:34:00+09:00,17310.0,17320.0,17310.0,17320.0,505,0.0,0.0
2024-07-18 09:35:00+09:00,17380.0,17430.0,17380.0,17420.0,851,0.0,0.0
2024-07-18 09:36:00+09:00,17420.0,17420.0,17340.0,17420.0,169,0.0,0.0
2024-07-18 09:37:00+09:00,17410.0,17460.0,17400.0,17460.0,260,0.0,0.0
2024-07-18 09:38:00+09:00,17460.0,17460.0,17360.0,17380.0,145,0.0,0.0
2024-07-18 09:39:00+09:00,17440.0,17440.0,17440.0,17440.0,1,0.0,0.0
2024-07-18 09:40:00+09:00,17440.0,17440.0,17440.0,17440.0,8,0.0,0.0
2024-07-18 09:41:00+09:00,17380.0,17430.0,17380.0,17430.0,50,0.0,0.0
2024-07-18 09:42:00+09:00,17430.0,17430.0,17430.0,17430.0,19,0.0,0.0
2024-07-18 09:44:00+09:00,17410.0,17410.0,17400.0,17400.0,44,0.0,0.0
2024-07-18 09:45:00+09:00,17400.0,17400.0,17370.0,17370.0,167,0.0,0.0
2024-07-18 09:46:00+09:00,17350.0,17370.0,17330.0,17340.0,496,0.0,0.0
2024-07-18 09:47:00+09:00,17340.0,17340.0,17340.0,17340.0,0,0.0,0.0
2024-07-18 09:48:00+09:00,17360.0,17370.0,17360.0,17370.0,101,0.0,0.0
2024-07-18 09:49:00+09:00,17360.0,17370.0,17360.0,17370.0,81,0.0,0.0
2024-07-18 09:50:00+09:00,17370.0,17370.0,17350.0,17350.0,100,0.0,0.0
2024-07-18 09:51:00+09:00,17370.0,17370.0,17370.0,17370.0,0,0.0,0.0
2024-07-18 09:52:00+09:00,17370.0,17370.0,17350.0,17350.0,3,0.0,0.0
2024-07-18 09:53:00+09:00,17350.0,17350.0,17350.0,17350.0,8,0.0,0.0
2024-07-18 09:54:00+09:00,17340.0,17370.0,17340.0,17370.0,45,0.0,0.0
2024-07-18 09:55:00+09:00,17360.0,17360.0,17340.0,17340.0,148,0.0,0.0
2024-07-18 09:56:00+09:00,17340.0,17340.0,17340.0,17340.0,83,0.0,0.0
2024-07-18 09:57:00+09:00,17360.0,17360.0,17360.0,17360.0,0,0.0,0.0
2024-07-18 09:58:00+09:00,17340.0,17340.0,17340.0,17340.0,1393,0.0,0.0
2024-07-18 09:59:00+09:00,17340.0,17340.0,17330.0,17330.0,0,0.0,0.0
2024-07-18 10:00:00+09:00,17370.0,17370.0,17330.0,17330.0,0,0.0,0.0
2024-07-18 10:01:00+09:00,17370.0,17370.0,17330.0,17330.0,346,0.0,0.0
2024-07-18 10:02:00+09:00,17320.0,17320.0,17300.0,17300.0,609,0.0,0.0
2024-07-18 10:03:00+09:00,17300.0,17360.0,17300.0,17360.0,0,0.0,0.0
2024-07-18 10:04:00+09:00,17350.0,17350.0,17350.0,17350.0,3,0.0,0.0
2024-07-18 10:05:00+09:00,17350.0,17350.0,17350.0,17350.0,2,0.0,0.0
2024-07-18 10:06:00+09:00,17300.0,17340.0,17270.0,17340.0,234,0.0,0.0
2024-07-18 10:07:00+09:00,17340.0,17350.0,17270.0,17350.0,69,0.0,0.0
2024-07-18 10:08:00+09:00,17340.0,17340.0,17340.0,17340.0,2,0.0,0.0
2024-07-18 10:10:00+09:00,17340.0,17340.0,17340.0,17340.0,12,0.0,0.0
2024-07-18 10:12:00+09:00,17330.0,17350.0,17330.0,17350.0,69,0.0,0.0
2024-07-18 10:13:00+09:00,17350.0,17350.0,17350.0,17350.0,18,0.0,0.0
2024-07-18 10:14:00+09:00,17340.0,17340.0,17340.0,17340.0,0,0.0,0.0
2024-07-18 10:15:00+09:00,17340.0,17340.0,17340.0,17340.0,1,0.0,0.0
2024-07-18 10:16:00+09:00,17340.0,17340.0,17340.0,17340.0,1,0.0,0.0
2024-07-18 10:17:00+09:00,17340.0,17360.0,17340.0,17360.0,899,0.0,0.0
2024-07-18 10:19:00+09:00,17370.0,17390.0,17370.0,17390.0,49,0.0,0.0
2024-07-18 10:20:00+09:00,17400.0,17400.0,17390.0,17390.0,32,0.0,0.0
2024-07-18 10:22:00+09:00,17390.0,17390.0,17390.0,17390.0,72,0.0,0.0
2024-07-18 10:23:00+09:00,17390.0,17390.0,17390.0,17390.0,61,0.0,0.0
2024-07-18 10:24:00+09:00,17380.0,17390.0,17380.0,17390.0,0,0.0,0.0
2024-07-18 10:25:00+09:00,17390.0,17390.0,17390.0,17390.0,19,0.0,0.0
2024-07-18 10:26:00+09:00,17380.0,17380.0,17380.0,17380.0,30,0.0,0.0
2024-07-18 10:27:00+09:00,17370.0,17370.0,17370.0,17370.0,35,0.0,0.0
2024-07-18 10:28:00+09:00,17370.0,17390.0,17370.0,17390.0,123,0.0,0.0
2024-07-18 10:30:00+09:00,17380.0,17380.0,17380.0,17380.0,0,0.0,0.0
2024-07-18 10:31:00+09:00,17380.0,17380.0,17380.0,17380.0,61,0.0,0.0
2024-07-18 10:32:00+09:00,17380.0,17380.0,17370.0,17370.0,335,0.0,0.0
2024-07-18 10:35:00+09:00,17380.0,17380.0,17380.0,17380.0,0,0.0,0.0
2024-07-18 10:36:00+09:00,17380.0,17380.0,17380.0,17380.0,0,0.0,0.0
2024-07-18 10:37:00+09:00,17390.0,17390.0,17380.0,17380.0,81,0.0,0.0
2024-07-18 10:38:00+09:00,17380.0,17380.0,17370.0,17370.0,72,0.0,0.0
2024-07-18 10:40:00+09:00,17390.0,17390.0,17370.0,17390.0,88,0.0,0.0
2024-07-18 10:42:00+09:00,17370.0,17370.0,17370.0,17370.0,12,0.0,0.0
2024-07-18 10:43:00+09:00,17390.0,17400.0,17390.0,17390.0,169,0.0,0.0
2024-07-18 10:44:00+09:00,17390.0,17390.0,17390.0,17390.0,0,0.0,0.0
2024-07-18 10:46:00+09:00,17390.0,17390.0,17390.0,17390.0,9,0.0,0.0
2024-07-18 10:47:00+09:00,17390.0,17390.0,17390.0,17390.0,45,0.0,0.0
2024-07-18 10:49:00+09:00,17380.0,17380.0,17380.0,17380.0,180,0.0,0.0
2024-07-18 10:50:00+09:00,17390.0,17390.0,17390.0,17390.0,0,0.0,0.0
2024-07-18 10:51:00+09:00,17360.0,17360.0,17360.0,17360.0,0,0.0,0.0
2024-07-18 10:52:00+09:00,17390.0,17390.0,17390.0,17390.0,31529,0.0,0.0
2024-07-18 10:53:00+09:00,17390.0,17390.0,17390.0,17390.0,4,0.0,0.0
2024-07-18 10:55:00+09:00,17360.0,17390.0,17360.0,17390.0,109,0.0,0.0
2024-07-18 10:56:00+09:00,17390.0,17390.0,17390.0,17390.0,0,0.0,0.0
2024-07-18 10:58:00+09:00,17390.0,17390.0,17390.0,17390.0,11,0.0,0.0
2024-07-18 10:59:00+09:00,17390.0,17390.0,17380.0,17390.0,157,0.0,0.0
2024-07-18 11:00:00+09:00,17370.0,17370.0,17370.0,17370.0,207,0.0,0.0
2024-07-18 11:01:00+09:00,17360.0,17360.0,17360.0,17360.0,0,0.0,0.0
2024-07-18 11:02:00+09:00,17350.0,17350.0,17350.0,17350.0,40,0.0,0.0
2024-07-18 11:04:00+09:00,17310.0,17360.0,17310.0,17360.0,104,0.0,0.0
2024-07-18 11:05:00+09:00,17360.0,17360.0,17360.0,17360.0,3,0.0,0.0
2024-07-18 11:06:00+09:00,17350.0,17350.0,17310.0,17310.0,197,0.0,0.0
2024-07-18 11:07:00+09:00,17310.0,17310.0,17290.0,17290.0,0,0.0,0.0
2024-07-18 11:10:00+09:00,17290.0,17310.0,17290.0,17310.0,15,0.0,0.0
2024-07-18 11:11:00+09:00,17310.0,17310.0,17310.0,17310.0,67,0.0,0.0
2024-07-18 11:12:00+09:00,17310.0,17360.0,17310.0,17360.0,0,0.0,0.0
2024-07-18 11:16:00+09:00,17360.0,17360.0,17360.0,17360.0,5,0.0,0.0
2024-07-18 11:18:00+09:00,17350.0,17350.0,17350.0,17350.0,51,0.0,0.0
2024-07-18 11:19:00+09:00,17350.0,17350.0,17350.0,17350.0,0,0.0,0.0
2024-07-18 11:20:00+09:00,17350.0,17350.0,17350.0,17350.0,3,0.0,0.0
2024-07-18 11:21:00+09:00,17320.0,17320.0,17320.0,17320.0,84,0.0,0.0
2024-07-18 11:22:00+09:00,17320.0,17320.0,17320.0,17320.0,0,0.0,0.0
2024-07-18 11:23:00+09:00,17330.0,17330.0,17330.0,17330.0,143,0.0,0.0
2024-07-18 11:25:00+09:00,17350.0,17350.0,17320.0,17320.0,0,0.0,0.0
2024-07-18 11:26:00+09:00,17310.0,17310.0,17310.0,17310.0,826,0.0,0.0
2024-07-18 11:28:00+09:00,17300.0,17300.0,17240.0,17240.0,0,0.0,0.0
2024-07-18 11:30:00+09:00,17310.0,17310.0,17310.0,17310.0,0,0.0,0.0
2024-07-18 11:35:00+09:00,17310.0,17310.0,17310.0,17310.0,3,0.0,0.0
2024-07-18 11:36:00+09:00,17300.0,17300.0,17300.0,17300.0,3,0.0,0.0
2024-07-18 11:40:00+09:00,17300.0,17300.0,17300.0,17300.0,20,0.0,0.0
2024-07-18 11:41:00+09:00,17250.0,17250.0,17240.0,17240.0,89,0.0,0.0
2024-07-18 11:42:00+09:00,17240.0,17240.0,17240.0,17240.0,39,0.0,0.0
2024-07-18 11:45:00+09:00,17250.0,17250.0,17250.0,17250.0,72,0.0,0.0
2024-07-18 11:49:00+09:00,17250.0,17250.0,17220.0,17220.0,454,0.0,0.0
2024-07-18 11:51:00+09:00,17230.0,17230.0,17230.0,17230.0,40,0.0,0.0
2024-07-18 11:55:00+09:00,17210.0,17230.0,17200.0,17200.0,189,0.0,0.0
2024-07-18 11:56:00+09:00,17190.0,17230.0,17190.0,17230.0,761,0.0,0.0
2024-07-18 12:03:00+09:00,17290.0,17290.0,17270.0,17270.0,0,0.0,0.0
2024-07-18 12:04:00+09:00,17280.0,17280.0,17270.0,17270.0,0,0.0,0.0
2024-07-18 12:05:00+09:00,17290.0,17290.0,17290.0,17290.0,0,0.0,0.0
2024-07-18 12:06:00+09:00,17290.0,17290.0,17290.0,17290.0,99,0.0,0.0
2024-07-18 12:07:00+09:00,17310.0,17310.0,17310.0,17310.0,2,0.0,0.0
2024-07-18 12:08:00+09:00,17310.0,17310.0,17290.0,17290.0,13,0.0,0.0
2024-07-18 12:09:00+09:00,17310.0,17310.0,17310.0,17310.0,2,0.0,0.0
2024-07-18 12:10:00+09:00,17310.0,17310.0,17310.0,17310.0,19,0.0,0.0
2024-07-18 12:11:00+09:00,17310.0,17320.0,17310.0,17320.0,141,0.0,0.0
2024-07-18 12:13:00+09:00,17350.0,17350.0,17350.0,17350.0,0,0.0,0.0
2024-07-18 12:19:00+09:00,17340.0,17340.0,17340.0,17340.0,23,0.0,0.0
2024-07-18 12:20:00+09:00,17340.0,17340.0,17340.0,17340.0,0,0.0,0.0
2024-07-18 12:22:00+09:00,17320.0,17340.0,17320.0,17340.0,3,0.0,0.0
2024-07-18 12:25:00+09:00,17340.0,17350.0,17340.0,17340.0,20,0.0,0.0
2024-07-18 12:27:00+09:00,17340.0,17340.0,17340.0,17340.0,3,0.0,0.0
2024-07-18 12:28:00+09:00,17330.0,17330.0,17300.0,17300.0,58,0.0,0.0
2024-07-18 12:29:00+09:00,17340.0,17340.0,17340.0,17340.0,0,0.0,0.0
2024-07-18 12:30:00+09:00,17340.0,17340.0,17340.0,17340.0,9,0.0,0.0
2024-07-18 12:32:00+09:00,17340.0,17340.0,17300.0,17300.0,1,0.0,0.0
2024-07-18 12:33:00+09:00,17340.0,17340.0,17340.0,17340.0,3,0.0,0.0
2024-07-18 12:34:00+09:00,17340.0,17340.0,17340.0,17340.0,2,0.0,0.0
2024-07-18 12:35:00+09:00,17340.0,17340.0,17340.0,17340.0,10,0.0,0.0
2024-07-18 12:39:00+09:00,17340.0,17340.0,17340.0,17340.0,1,0.0,0.0
2024-07-18 12:40:00+09:00,17340.0,17340.0,17340.0,17340.0,24,0.0,0.0
2024-07-18 12:41:00+09:00,17340.0,17340.0,17340.0,17340.0,0,0.0,0.0
2024-07-18 12:45:00+09:00,17340.0,17340.0,17330.0,17330.0,91,0.0,0.0
2024-07-18 12:49:00+09:00,17330.0,17330.0,17330.0,17330.0,0,0.0,0.0
2024-07-18 12:50:00+09:00,17330.0,17330.0,17320.0,17320.0,85,0.0,0.0
2024-07-18 12:51:00+09:00,17310.0,17330.0,17300.0,17330.0,0,0.0,0.0
2024-07-18 12:55:00+09:00,17330.0,17330.0,17330.0,17330.0,20,0.0,0.0
2024-07-18 12:56:00+09:00,17300.0,17300.0,17300.0,17300.0,104,0.0,0.0
2024-07-18 12:57:00+09:00,17300.0,17300.0,17290.0,17290.0,554,0.0,0.0
2024-07-18 12:58:00+09:00,17290.0,17290.0,17290.0,17290.0,0,0.0,0.0
2024-07-18 12:59:00+09:00,17290.0,17290.0,17290.0,17290.0,60,0.0,0.0
2024-07-18 13:01:00+09:00,17280.0,17300.0,17270.0,17300.0,5,0.0,0.0
2024-07-18 13:02:00+09:00,17300.0,17300.0,17300.0,17300.0,159,0.0,0.0
2024-07-18 13:05:00+09:00,17300.0,17300.0,17300.0,17300.0,0,0.0,0.0
2024-07-18 13:08:00+09:00,17300.0,17300.0,17300.0,17300.0,57,0.0,0.0
2024-07-18 13:09:00+09:00,17300.0,17300.0,17300.0,17300.0,175,0.0,0.0
2024-07-18 13:10:00+09:00,17310.0,17310.0,17310.0,17310.0,0,0.0,0.0
2024-07-18 13:14:00+09:00,17310.0,17310.0,17300.0,17300.0,362,0.0,0.0
2024-07-18 13:15:00+09:00,17300.0,17310.0,17300.0,17310.0,0,0.0,0.0
2024-07-18 13:16:00+09:00,17310.0,17310.0,17300.0,17310.0,52,0.0,0.0
2024-07-18 13:19:00+09:00,17310.0,17310.0,17290.0,17290.0,137,0.0,0.0
2024-07-18 13:20:00+09:00,17290.0,17290.0,17280.0,17280.0,0,0.0,0.0
2024-07-18 13:21:00+09:00,17280.0,17290.0,17280.0,17290.0,146,0.0,0.0
2024-07-18 13:23:00+09:00,17280.0,17280.0,17280.0,17280.0,117,0.0,0.0
2024-07-18 13:25:00+09:00,17280.0,17290.0,17280.0,17290.0,0,0.0,0.0
2024-07-18 13:28:00+09:00,17290.0,17290.0,17290.0,17290.0,0,0.0,0.0
2024-07-18 13:29:00+09:00,17270.0,17270.0,17270.0,17270.0,24,0.0,0.0
2024-07-18 13:30:00+09:00,17260.0,17260.0,17260.0,17260.0,3,0.0,0.0
2024-07-18 13:32:00+09:00,17250.0,17260.0,17250.0,17260.0,277,0.0,0.0
2024-07-18 13:35:00+09:00,17270.0,17270.0,17240.0,17240.0,15,0.0,0.0
2024-07-18 13:36:00+09:00,17240.0,17240.0,17230.0,17230.0,800,0.0,0.0
2024-07-18 13:39:00+09:00,17230.0,17230.0,17140.0,17140.0,301,0.0,0.0
2024-07-18 13:40:00+09:00,17230.0,17230.0,17180.0,17180.0,0,0.0,0.0
2024-07-18 13:43:00+09:00,17150.0,17150.0,17150.0,17150.0,39,0.0,0.0
2024-07-18 13:46:00+09:00,17190.0,17230.0,17190.0,17230.0,290,0.0,0.0
2024-07-18 13:47:00+09:00,17230.0,17230.0,17230.0,17230.0,0,0.0,0.0
2024-07-18 13:48:00+09:00,17230.0,17230.0,17230.0,17230.0,0,0.0,0.0
2024-07-18 13:50:00+09:00,17230.0,17230.0,17230.0,17230.0,9,0.0,0.0
2024-07-18 13:55:00+09:00,17230.0,17230.0,17230.0,17230.0,15,0.0,0.0
2024-07-18 13:58:00+09:00,17230.0,17230.0,17230.0,17230.0,0,0.0,0.0
2024-07-18 14:01:00+09:00,17220.0,17230.0,17220.0,17230.0,118,0.0,0.0
2024-07-18 14:03:00+09:00,17210.0,17210.0,17160.0,17160.0,228,0.0,0.0
2024-07-18 14:05:00+09:00,17170.0,17170.0,17170.0,17170.0,0,0.0,0.0
2024-07-18 14:07:00+09:00,17180.0,17180.0,17180.0,17180.0,254,0.0,0.0
2024-07-18 14:08:00+09:00,17230.0,17240.0,17230.0,17240.0,53,0.0,0.0
2024-07-18 14:09:00+09:00,17240.0,17240.0,17240.0,17240.0,10,0.0,0.0
2024-07-18 14:10:00+09:00,17240.0,17240.0,17240.0,17240.0,107,0.0,0.0
2024-07-18 14:11:00+09:00,17290.0,17290.0,17290.0,17290.0,0,0.0,0.0
2024-07-18 14:12:00+09:00,17290.0,17290.0,17290.0,17290.0,5,0.0,0.0
2024-07-18 14:15:00+09:00,17280.0,17280.0,17270.0,17270.0,34,0.0,0.0
2024-07-18 14:16:00+09:00,17270.0,17270.0,17240.0,17240.0,33,0.0,0.0
2024-07-18 14:17:00+09:00,17230.0,17230.0,17230.0,17230.0,7,0.0,0.0
2024-07-18 14:18:00+09:00,17220.0,17220.0,17220.0,17220.0,0,0.0,0.0
2024-07-18 14:19:00+09:00,17210.0,17210.0,17210.0,17210.0,2,0.0,0.0
2024-07-18 14:20:00+09:00,17210.0,17210.0,17210.0,17210.0,4,0.0,0.0
2024-07-18 14:22:00+09:00,17200.0,17200.0,17200.0,17200.0,16,0.0,0.0
2024-07-18 14:25:00+09:00,17220.0,17220.0,17220.0,17220.0,20,0.0,0.0
2024-07-18 14:26:00+09:00,17240.0,17240.0,17240.0,17240.0,330,0.0,0.0
2024-07-18 14:27:00+09:00,17220.0,17220.0,17220.0,17220.0,0,0.0,0.0
2024-07-18 14:28:00+09:00,17200.0,17200.0,17200.0,17200.0,102,0.0,0.0
2024-07-18 14:29:00+09:00,17200.0,17200.0,17200.0,17200.0,4,0.0,0.0
2024-07-18 14:30:00+09:00,17190.0,17190.0,17190.0,17190.0,38,0.0,0.0
2024-07-18 14:32:00+09:00,17240.0,17240.0,17240.0,17240.0,0,0.0,0.0
2024-07-18 14:34:00+09:00,17240.0,17240.0,17240.0,17240.0,1,0.0,0.0
2024-07-18 14:40:00+09:00,17240.0,17250.0,17240.0,17250.0,99,0.0,0.0
2024-07-18 14:41:00+09:00,17250.0,17250.0,17250.0,17250.0,0,0.0,0.0
2024-07-18 14:43:00+09:00,17250.0,17250.0,17250.0,17250.0,73,0.0,0.0
2024-07-18 14:44:00+09:00,17250.0,17250.0,17250.0,17250.0,92,0.0,0.0
2024-07-18 14:46:00+09:00,17240.0,17240.0,17240.0,17240.0,25,0.0,0.0
2024-07-18 14:47:00+09:00,17240.0,17240.0,17240.0,17240.0,2,0.0,0.0
2024-07-18 14:48:00+09:00,17250.0,17290.0,17250.0,17290.0,266,0.0,0.0
2024-07-18 14:49:00+09:00,17290.0,17290.0,17290.0,17290.0,198,0.0,0.0
2024-07-18 14:50:00+09:00,17300.0,17300.0,17300.0,17300.0,0,0.0,0.0
2024-07-18 14:52:00+09:00,17300.0,17310.0,17300.0,17310.0,108,0.0,0.0
2024-07-18 14:54:00+09:00,17290.0,17290.0,17250.0,17250.0,396,0.0,0.0
2024-07-18 14:55:00+09:00,17250.0,17250.0,17250.0,17250.0,92,0.0,0.0
2024-07-18 14:56:00+09:00,17240.0,17240.0,17240.0,17240.0,162,0.0,0.0
2024-07-18 14:57:00+09:00,17240.0,17250.0,17240.0,17240.0,66,0.0,0.0
2024-07-18 14:58:00+09:00,17240.0,17240.0,17240.0,17240.0,171,0.0,0.0
2024-07-18 14:59:00+09:00,17260.0,17260.0,17260.0,17260.0,26,0.0,0.0
2024-07-19 09:00:00+09:00,17120.0,17300.0,17120.0,17300.0,561,0.0,0.0
2024-07-19 09:04:00+09:00,17220.0,17220.0,17220.0,17220.0,61,0.0,0.0
2024-07-19 09:05:00+09:00,17140.0,17250.0,17130.0,17250.0,28,0.0,0.0
2024-07-19 09:06:00+09:00,17250.0,17250.0,17240.0,17240.0,27,0.0,0.0
2024-07-19 09:07:00+09:00,17240.0,17240.0,17230.0,17240.0,5,0.0,0.0
2024-07-19 09:08:00+09:00,17170.0,17230.0,17170.0,17230.0,39,0.0,0.0
2024-07-19 09:09:00+09:00,17200.0,17200.0,17100.0,17100.0,427,0.0,0.0
2024-07-19 09:10:00+09:00,17140.0,17140.0,17050.0,17100.0,41,0.0,0.0
2024-07-19 09:11:00+09:00,17150.0,17180.0,17150.0,17180.0,204,0.0,0.0
2024-07-19 09:12:00+09:00,17190.0,17300.0,17190.0,17300.0,137,0.0,0.0
2024-07-19 09:13:00+09:00,17200.0,17200.0,17180.0,17200.0,55,0.0,0.0
2024-07-19 09:14:00+09:00,17200.0,17200.0,17200.0,17200.0,0,0.0,0.0
2024-07-19 09:15:00+09:00,17210.0,17300.0,17210.0,17230.0,54,0.0,0.0
2024-07-19 09:16:00+09:00,17220.0,17220.0,17210.0,17210.0,348,0.0,0.0
2024-07-19 09:17:00+09:00,17200.0,17200.0,17050.0,17080.0,776,0.0,0.0
2024-07-19 09:19:00+09:00,17090.0,17300.0,17080.0,17300.0,130,0.0,0.0
2024-07-19 09:20:00+09:00,17290.0,17300.0,17290.0,17300.0,28,0.0,0.0
2024-07-19 09:22:00+09:00,17100.0,17100.0,17090.0,17090.0,51,0.0,0.0
2024-07-19 09:23:00+09:00,17280.0,17280.0,17280.0,17280.0,1,0.0,0.0
2024-07-19 09:24:00+09:00,17100.0,17100.0,17090.0,17090.0,213,0.0,0.0
2024-07-19 09:25:00+09:00,17090.0,17090.0,17090.0,17090.0,122,0.0,0.0
2024-07-19 09:26:00+09:00,17090.0,17260.0,17090.0,17090.0,581,0.0,0.0
2024-07-19 09:27:00+09:00,17100.0,17100.0,17100.0,17100.0,0,0.0,0.0
2024-07-19 09:28:00+09:00,17100.0,17170.0,17090.0,17090.0,350,0.0,0.0
2024-07-19 09:29:00+09:00,17150.0,17150.0,17150.0,17150.0,1,0.0,0.0
2024-07-19 09:30:00+09:00,17090.0,17090.0,17090.0,17090.0,1,0.0,0.0
2024-07-19 09:31:00+09:00,17100.0,17100.0,17090.0,17090.0,107,0.0,0.0
2024-07-19 09:32:00+09:00,17110.0,17110.0,17110.0,17110.0,203,0.0,0.0
2024-07-19 09:33:00+09:00,17110.0,17110.0,17100.0,17110.0,34,0.0,0.0
2024-07-19 09:34:00+09:00,17110.0,17120.0,17100.0,17120.0,93,0.0,0.0
2024-07-19 09:35:00+09:00,17150.0,17150.0,17150.0,17150.0,175,0.0,0.0
2024-07-19 09:36:00+09:00,17120.0,17120.0,17120.0,17120.0,0,0.0,0.0
2024-07-19 09:37:00+09:00,17120.0,17120.0,17110.0,17120.0,67,0.0,0.0
2024-07-19 09:39:00+09:00,17150.0,17160.0,17150.0,17160.0,0,0.0,0.0
2024-07-19 09:40:00+09:00,17160.0,17160.0,17130.0,17130.0,1550,0.0,0.0
2024-07-19 09:41:00+09:00,17130.0,17130.0,17130.0,17130.0,151,0.0,0.0
2024-07-19 09:42:00+09:00,17120.0,17130.0,17120.0,17130.0,60,0.0,0.0
2024-07-19 09:45:00+09:00,17130.0,17130.0,17130.0,17130.0,103,0.0,0.0
2024-07-19 09:46:00+09:00,17130.0,17130.0,17120.0,17120.0,20,0.0,0.0
2024-07-19 09:47:00+09:00,17120.0,17120.0,17120.0,17120.0,104,0.0,0.0
2024-07-19 09:48:00+09:00,17120.0,17120.0,17120.0,17120.0,47,0.0,0.0
2024-07-19 09:49:00+09:00,17120.0,17120.0,17120.0,17120.0,0,0.0,0.0
2024-07-19 09:51:00+09:00,17120.0,17120.0,17120.0,17120.0,1,0.0,0.0
2024-07-19 09:52:00+09:00,17120.0,17120.0,17110.0,17110.0,67,0.0,0.0
2024-07-19 09:53:00+09:00,17110.0,17110.0,17110.0,17110.0,241,0.0,0.0
2024-07-19 09:54:00+09:00,17110.0,17110.0,17110.0,17110.0,88,0.0,0.0
2024-07-19 09:55:00+09:00,17110.0,17110.0,17110.0,17110.0,12,0.0,0.0
2024-07-19 09:56:00+09:00,17140.0,17140.0,17140.0,17140.0,0,0.0,0.0
2024-07-19 09:57:00+09:00,17120.0,17150.0,17120.0,17150.0,3,0.0,0.0
2024-07-19 09:58:00+09:00,17130.0,17150.0,17130.0,17130.0,116,0.0,0.0
2024-07-19 09:59:00+09:00,17150.0,17160.0,17150.0,17160.0,0,0.0,0.0
2024-07-19 10:00:00+09:00,17160.0,17160.0,17140.0,17160.0,16,0.0,0.0
2024-07-19 10:01:00+09:00,17150.0,17150.0,17130.0,17130.0,26,0.0,0.0
2024-07-19 10:02:00+09:00,17150.0,17160.0,17150.0,17160.0,0,0.0,0.0
2024-07-19 10:03:00+09:00,17160.0,17160.0,17160.0,17160.0,11,0.0,0.0
2024-07-19 10:04:00+09:00,17150.0,17160.0,17150.0,17160.0,28,0.0,0.0
2024-07-19 10:05:00+09:00,17150.0,17150.0,17150.0,17150.0,102,0.0,0.0
2024-07-19 10:06:00+09:00,17160.0,17170.0,17150.0,17150.0,27,0.0,0.0
2024-07-19 10:07:00+09:00,17150.0,17150.0,17150.0,17150.0,24,0.0,0.0
2024-07-19 10:08:00+09:00,17150.0,17150.0,17150.0,17150.0,188,0.0,0.0
2024-07-19 10:09:00+09:00,17150.0,17150.0,17120.0,17120.0,545,0.0,0.0
2024-07-19 10:13:00+09:00,17160.0,17160.0,17160.0,17160.0,0,0.0,0.0
2024-07-19 10:15:00+09:00,17140.0,17170.0,17140.0,17140.0,515,0.0,0.0
2024-07-19 10:17:00+09:00,17170.0,17180.0,17140.0,17140.0,151,0.0,0.0
2024-07-19 10:18:00+09:00,17190.0,17190.0,17180.0,17190.0,0,0.0,0.0
2024-07-19 10:20:00+09:00,17190.0,17190.0,17190.0,17190.0,1,0.0,0.0
2024-07-19 10:23:00+09:00,17190.0,17190.0,17190.0,17190.0,2,0.0,0.0
2024-07-19 10:25:00+09:00,17170.0,17170.0,17170.0,17170.0,3,0.0,0.0
2024-07-19 10:26:00+09:00,17150.0,17150.0,17140.0,17140.0,271,0.0,0.0
2024-07-19 10:27:00+09:00,17190.0,17190.0,17190.0,17190.0,0,0.0,0.0
2024-07-19 10:31:00+09:00,17180.0,17180.0,17180.0,17180.0,0,0.0,0.0
2024-07-19 10:35:00+09:00,17140.0,17140.0,17140.0,17140.0,224,0.0,0.0
2024-07-19 10:36:00+09:00,17130.0,17130.0,17130.0,17130.0,0,0.0,0.0
2024-07-19 10:37:00+09:00,17130.0,17130.0,17130.0,17130.0,20,0.0,0.0
2024-07-19 10:46:00+09:00,17140.0,17140.0,17140.0,17140.0,0,0.0,0.0
2024-07-19 10:47:00+09:00,17150.0,17150.0,17150.0,17150.0,121,0.0,0.0
2024-07-19 10:48:00+09:00,17170.0,17170.0,17170.0,17170.0,0,0.0,0.0
2024-07-19 10:49:00+09:00,17170.0,17200.0,17170.0,17200.0,406,0.0,0.0
2024-07-19 10:50:00+09:00,17200.0,17270.0,17200.0,17270.0,297,0.0,0.0
2024-07-19 10:52:00+09:00,17150.0,17150.0,17100.0,17150.0,1044,0.0,0.0
2024-07-19 10:53:00+09:00,17190.0,17190.0,17190.0,17190.0,1,0.0,0.0
2024-07-19 10:55:00+09:00,17120.0,17120.0,17120.0,17120.0,234,0.0,0.0
2024-07-19 10:56:00+09:00,17180.0,17190.0,17180.0,17190.0,0,0.0,0.0
2024-07-19 10:57:00+09:00,17120.0,17120.0,17120.0,17120.0,5,0.0,0.0
2024-07-19 10:58:00+09:00,17130.0,17130.0,17120.0,17120.0,51,0.0,0.0
2024-07-19 11:00:00+09:00,17120.0,17120.0,17120.0,17120.0,653,0.0,0.0
2024-07-19 11:02:00+09:00,17120.0,17160.0,17110.0,17110.0,1004,0.0,0.0
2024-07-19 11:03:00+09:00,17110.0,17110.0,17110.0,17110.0,756,0.0,0.0
2024-07-19 11:07:00+09:00,17120.0,17150.0,17120.0,17150.0,0,0.0,0.0
2024-07-19 11:10:00+09:00,17120.0,17120.0,17120.0,17120.0,3,0.0,0.0
2024-07-19 11:12:00+09:00,17120.0,17130.0,17120.0,17130.0,6,0.0,0.0
2024-07-19 11:14:00+09:00,17150.0,17150.0,17150.0,17150.0,2,0.0,0.0
2024-07-19 11:16:00+09:00,17150.0,17170.0,17150.0,17170.0,6,0.0,0.0
2024-07-19 11:17:00+09:00,17120.0,17120.0,17120.0,17120.0,9,0.0,0.0
2024-07-19 11:20:00+09:00,17120.0,17150.0,17120.0,17150.0,5,0.0,0.0
2024-07-19 11:21:00+09:00,17170.0,17170.0,17150.0,17150.0,3,0.0,0.0
2024-07-19 11:22:00+09:00,17150.0,17150.0,17150.0,17150.0,19,0.0,0.0
2024-07-19 11:25:00+09:00,17170.0,17170.0,17170.0,17170.0,0,0.0,0.0
2024-07-19 11:26:00+09:00,17170.0,17170.0,17170.0,17170.0,2,0.0,0.0
2024-07-19 11:31:00+09:00,17180.0,17180.0,17170.0,17170.0,7,0.0,0.0
2024-07-19 11:34:00+09:00,17170.0,17170.0,17170.0,17170.0,1,0.0,0.0
2024-07-19 11:38:00+09:00,17170.0,17170.0,17160.0,17160.0,145,0.0,0.0
2024-07-19 11:39:00+09:00,17150.0,17150.0,17150.0,17150.0,1,0.0,0.0
2024-07-19 11:40:00+09:00,17150.0,17150.0,17150.0,17150.0,5,0.0,0.0
2024-07-19 11:44:00+09:00,17160.0,17180.0,17160.0,17180.0,0,0.0,0.0
2024-07-19 11:45:00+09:00,17180.0,17180.0,17170.0,17180.0,22,0.0,0.0
2024-07-19 11:46:00+09:00,17160.0,17160.0,17150.0,17150.0,82,0.0,0.0
2024-07-19 11:47:00+09:00,17130.0,17130.0,17110.0,17110.0,289,0.0,0.0
2024-07-19 11:49:00+09:00,17140.0,17180.0,17140.0,17180.0,0,0.0,0.0
2024-07-19 11:52:00+09:00,17170.0,17170.0,17170.0,17170.0,1,0.0,0.0
2024-07-19 11:55:00+09:00,17150.0,17150.0,17150.0,17150.0,0,0.0,0.0
2024-07-19 11:58:00+09:00,17140.0,17140.0,17120.0,17120.0,13759,0.0,0.0
2024-07-19 11:59:00+09:00,17120.0,17120.0,17120.0,17120.0,134,0.0,0.0
2024-07-19 12:00:00+09:00,17160.0,17170.0,17160.0,17170.0,2,0.0,0.0
2024-07-19 12:02:00+09:00,17160.0,17160.0,17160.0,17160.0,0,0.0,0.0
2024-07-19 12:06:00+09:00,17160.0,17170.0,17110.0,17170.0,86,0.0,0.0
2024-07-19 12:07:00+09:00,17160.0,17180.0,17160.0,17180.0,1,0.0,0.0
2024-07-19 12:09:00+09:00,17170.0,17180.0,17170.0,17180.0,3,0.0,0.0
2024-07-19 12:10:00+09:00,17180.0,17180.0,17180.0,17180.0,1,0.0,0.0
2024-07-19 12:13:00+09:00,17180.0,17190.0,17180.0,17190.0,101,0.0,0.0
2024-07-19 12:14:00+09:00,17180.0,17190.0,17180.0,17190.0,32,0.0,0.0
2024-07-19 12:16:00+09:00,17180.0,17190.0,17180.0,17190.0,0,0.0,0.0
2024-07-19 12:18:00+09:00,17190.0,17190.0,17190.0,17190.0,0,0.0,0.0
2024-07-19 12:21:00+09:00,17190.0,17200.0,17180.0,17180.0,34,0.0,0.0
2024-07-19 12:22:00+09:00,17200.0,17200.0,17190.0,17200.0,64,0.0,0.0
2024-07-19 12:23:00+09:00,17180.0,17200.0,17180.0,17200.0,0,0.0,0.0
2024-07-19 12:24:00+09:00,17190.0,17190.0,17190.0,17190.0,9,0.0,0.0
2024-07-19 12:25:00+09:00,17190.0,17190.0,17190.0,17190.0,0,0.0,0.0
2024-07-19 12:26:00+09:00,17190.0,17200.0,17190.0,17190.0,3,0.0,0.0
2024-07-19 12:27:00+09:00,17200.0,17200.0,17200.0,17200.0,629,0.0,0.0
2024-07-19 12:28:00+09:00,17190.0,17200.0,17180.0,17180.0,89,0.0,0.0
2024-07-19 12:30:00+09:00,17180.0,17180.0,17180.0,17180.0,0,0.0,0.0
2024-07-19 12:32:00+09:00,17180.0,17180.0,17140.0,17140.0,200,0.0,0.0
2024-07-19 12:34:00+09:00,17180.0,17190.0,17180.0,17180.0,0,0.0,0.0
2024-07-19 12:35:00+09:00,17180.0,17180.0,17180.0,17180.0,1,0.0,0.0
2024-07-19 12:36:00+09:00,17180.0,17180.0,17180.0,17180.0,1,0.0,0.0
2024-07-19 12:42:00+09:00,17180.0,17180.0,17170.0,17170.0,2,0.0,0.0
2024-07-19 12:43:00+09:00,17170.0,17170.0,17170.0,17170.0,1,0.0,0.0
2024-07-19 12:44:00+09:00,17160.0,17160.0,17160.0,17160.0,3,0.0,0.0
2024-07-19 12:45:00+09:00,17150.0,17150.0,17130.0,17130.0,490,0.0,0.0
2024-07-19 12:46:00+09:00,17130.0,17130.0,17110.0,17130.0,128,0.0,0.0
2024-07-19 12:47:00+09:00,17140.0,17140.0,17140.0,17140.0,1,0.0,0.0
2024-07-19 12:48:00+09:00,17130.0,17130.0,17130.0,17130.0,73,0.0,0.0
2024-07-19 12:49:00+09:00,17140.0,17150.0,17140.0,17150.0,0,0.0,0.0
2024-07-19 12:51:00+09:00,17140.0,17150.0,17140.0,17150.0,62,0.0,0.0
2024-07-19 12:53:00+09:00,17150.0,17150.0,17150.0,17150.0,0,0.0,0.0
2024-07-19 12:55:00+09:00,17150.0,17150.0,17150.0,17150.0,2,0.0,0.0
2024-07-19 12:56:00+09:00,17140.0,17140.0,17130.0,17130.0,57,0.0,0.0
2024-07-19 12:57:00+09:00,17150.0,17150.0,17150.0,17150.0,0,0.0,0.0
2024-07-19 12:59:00+09:00,17120.0,17150.0,17120.0,17150.0,84,0.0,0.0
2024-07-19 13:00:00+09:00,17150.0,17150.0,17150.0,17150.0,211,0.0,0.0
2024-07-19 13:01:00+09:00,17190.0,17190.0,17190.0,17190.0,0,0.0,0.0
2024-07-19 13:03:00+09:00,17150.0,17180.0,17150.0,17180.0,44,0.0,0.0
2024-07-19 13:07:00+09:00,17170.0,17170.0,17170.0,17170.0,99,0.0,0.0
2024-07-19 13:09:00+09:00,17160.0,17170.0,17160.0,17170.0,0,0.0,0.0
2024-07-19 13:10:00+09:00,17160.0,17170.0,17150.0,17170.0,32,0.0,0.0
2024-07-19 13:12:00+09:00,17160.0,17170.0,17160.0,17170.0,51,0.0,0.0
2024-07-19 13:13:00+09:00,17140.0,17140.0,17140.0,17140.0,65,0.0,0.0
2024-07-19 13:17:00+09:00,17130.0,17130.0,17130.0,17130.0,0,0.0,0.0
2024-07-19 13:18:00+09:00,17130.0,17140.0,17120.0,17140.0,31,0.0,0.0
2024-07-19 13:19:00+09:00,17120.0,17120.0,17120.0,17120.0,0,0.0,0.0
2024-07-19 13:20:00+09:00,17120.0,17120.0,17110.0,17110.0,210,0.0,0.0
2024-07-19 13:21:00+09:00,17110.0,17140.0,17110.0,17140.0,19,0.0,0.0
2024-07-19 13:22:00+09:00,17140.0,17140.0,17130.0,17140.0,15,0.0,0.0
2024-07-19 13:24:00+09:00,17140.0,17140.0,17090.0,17090.0,980,0.0,0.0
2024-07-19 13:26:00+09:00,17090.0,17090.0,17090.0,17090.0,4,0.0,0.0
2024-07-19 13:27:00+09:00,17090.0,17090.0,17090.0,17090.0,0,0.0,0.0
2024-07-19 13:28:00+09:00,17090.0,17090.0,17080.0,17080.0,381,0.0,0.0
2024-07-19 13:29:00+09:00,17080.0,17080.0,17080.0,17080.0,226,0.0,0.0
2024-07-19 13:32:00+09:00,17080.0,17090.0,17070.0,17070.0,176,0.0,0.0
2024-07-19 13:34:00+09:00,17080.0,17170.0,17080.0,17170.0,86,0.0,0.0
2024-07-19 13:36:00+09:00,17160.0,17160.0,17160.0,17160.0,1,0.0,0.0
2024-07-19 13:37:00+09:00,17170.0,17170.0,17170.0,17170.0,1,0.0,0.0
2024-07-19 13:39:00+09:00,17160.0,17170.0,17160.0,17170.0,2,0.0,0.0
2024-07-19 13:42:00+09:00,17170.0,17170.0,17170.0,17170.0,24,0.0,0.0
2024-07-19 13:44:00+09:00,17160.0,17170.0,17160.0,17170.0,0,0.0,0.0
2024-07-19 13:47:00+09:00,17160.0,17160.0,17160.0,17160.0,9,0.0,0.0
2024-07-19 13:48:00+09:00,17160.0,17160.0,17160.0,17160.0,0,0.0,0.0
2024-07-19 13:50:00+09:00,17160.0,17160.0,17150.0,17150.0,52,0.0,0.0
2024-07-19 13:52:00+09:00,17150.0,17150.0,17150.0,17150.0,4,0.0,0.0
2024-07-19 13:53:00+09:00,17150.0,17150.0,17140.0,17140.0,6,0.0,0.0
2024-07-19 13:54:00+09:00,17150.0,17150.0,17140.0,17140.0,21,0.0,0.0
2024-07-19 13:57:00+09:00,17140.0,17150.0,17140.0,17140.0,0,0.0,0.0
2024-07-19 14:00:00+09:00,17140.0,17170.0,17140.0,17170.0,328,0.0,0.0
2024-07-19 14:01:00+09:00,17170.0,17170.0,17170.0,17170.0,0,0.0,0.0
2024-07-19 14:02:00+09:00,17170.0,17170.0,17170.0,17170.0,48,0.0,0.0
2024-07-19 14:03:00+09:00,17190.0,17210.0,17190.0,17210.0,746,0.0,0.0
2024-07-19 14:05:00+09:00,17260.0,17260.0,17260.0,17260.0,1,0.0,0.0
2024-07-19 14:08:00+09:00,17250.0,17250.0,17250.0,17250.0,2,0.0,0.0
2024-07-19 14:09:00+09:00,17260.0,17260.0,17260.0,17260.0,1,0.0,0.0
2024-07-19 14:10:00+09:00,17260.0,17280.0,17260.0,17280.0,170,0.0,0.0
2024-07-19 14:11:00+09:00,17290.0,17290.0,17290.0,17290.0,120,0.0,0.0
2024-07-19 14:12:00+09:00,17280.0,17330.0,17280.0,17330.0,345,0.0,0.0
2024-07-19 14:14:00+09:00,17330.0,17330.0,17330.0,17330.0,0,0.0,0.0
2024-07-19 14:15:00+09:00,17340.0,17350.0,17340.0,17350.0,2,0.0,0.0
2024-07-19 14:16:00+09:00,17340.0,17350.0,17330.0,17330.0,78,0.0,0.0
2024-07-19 14:19:00+09:00,17340.0,17340.0,17340.0,17340.0,0,0.0,0.0
2024-07-19 14:22:00+09:00,17340.0,17350.0,17340.0,17350.0,60,0.0,0.0
2024-07-19 14:23:00+09:00,17350.0,17370.0,17350.0,17370.0,0,0.0,0.0
2024-07-19 14:24:00+09:00,17380.0,17380.0,17360.0,17360.0,242,0.0,0.0
2024-07-19 14:25:00+09:00,17390.0,17400.0,17390.0,17400.0,0,0.0,0.0
2024-07-19 14:27:00+09:00,17390.0,17400.0,17390.0,17400.0,0,0.0,0.0
2024-07-19 14:28:00+09:00,17350.0,17350.0,17340.0,17340.0,4,0.0,0.0
2024-07-19 14:29:00+09:00,17340.0,17340.0,17340.0,17340.0,152,0.0,0.0
2024-07-19 14:31:00+09:00,17330.0,17330.0,17300.0,17300.0,193,0.0,0.0
2024-07-19 14:33:00+09:00,17380.0,17380.0,17380.0,17380.0,0,0.0,0.0
2024-07-19 14:35:00+09:00,17380.0,17400.0,17380.0,17400.0,65,0.0,0.0
2024-07-19 14:36:00+09:00,17390.0,17390.0,17390.0,17390.0,2,0.0,0.0
2024-07-19 14:38:00+09:00,17380.0,17380.0,17380.0,17380.0,19,0.0,0.0
2024-07-19 14:39:00+09:00,17380.0,17380.0,17380.0,17380.0,0,0.0,0.0
2024-07-19 14:40:00+09:00,17380.0,17380.0,17380.0,17380.0,1,0.0,0.0
2024-07-19 14:41:00+09:00,17380.0,17380.0,17300.0,17300.0,874,0.0,0.0
2024-07-19 14:42:00+09:00,17380.0,17380.0,17380.0,17380.0,0,0.0,0.0
2024-07-19 14:45:00+09:00,17370.0,17370.0,17370.0,17370.0,3,0.0,0.0
2024-07-19 14:47:00+09:00,17360.0,17360.0,17360.0,17360.0,0,0.0,0.0
2024-07-19 14:52:00+09:00,17320.0,17340.0,17320.0,17340.0,181,0.0,0.0
2024-07-19 14:55:00+09:00,17330.0,17340.0,17330.0,17340.0,4,0.0,0.0
2024-07-19 14:57:00+09:00,17340.0,17340.0,17340.0,17340.0,0,0.0,0.0
2024-07-19 14:58:00+09:00,17350.0,17360.0,17350.0,17360.0,165,0.0,0.0
2024-07-19 14:59:00+09:00,17370.0,17370.0,17370.0,17370.0,0,0.0,0.0
