Datetime,Open,High,Low,Close,Volume,Dividends,Stock Splits
2022-11-10 09:00:00+08:00,1.2100000381469727,1.2300000190734863,1.2000000476837158,1.2200000286102295,506700,0.0,0.0
2022-11-10 10:00:00+08:00,1.2200000286102295,1.2200000286102295,1.2200000286102295,1.2200000286102295,4400,0.0,0.0
2022-11-10 11:00:00+08:00,1.2200000286102295,1.2200000286102295,1.2200000286102295,1.2200000286102295,12800,0.0,0.0
2022-11-10 13:00:00+08:00,1.2200000286102295,1.2200000286102295,1.2200000286102295,1.2200000286102295,5600,0.0,0.0
2022-11-10 14:00:00+08:00,1.2200000286102295,1.2300000190734863,1.2200000286102295,1.2300000190734863,7500,0.0,0.0
2022-11-10 15:00:00+08:00,1.2300000190734863,1.2300000190734863,1.2200000286102295,1.2300000190734863,28700,0.0,0.0
2022-11-10 16:00:00+08:00,1.2300000190734863,1.2300000190734863,1.2200000286102295,1.2200000286102295,76500,0.0,0.0
2022-11-11 09:00:00+08:00,1.2599999904632568,1.2699999809265137,1.2599999904632568,1.2599999904632568,511200,0.0,0.0
2022-11-11 10:00:00+08:00,1.2599999904632568,1.2599999904632568,1.25,1.2599999904632568,15000,0.0,0.0
2022-11-11 11:00:00+08:00,1.2599999904632568,1.2599999904632568,1.2400000095367432,1.25,203000,0.0,0.0
2022-11-11 12:00:00+08:00,1.25,1.25,1.25,1.25,7900,0.0,0.0
2022-11-11 13:00:00+08:00,1.25,1.2599999904632568,1.25,1.25,18100,0.0,0.0
2022-11-11 14:00:00+08:00,1.25,1.2599999904632568,1.2400000095367432,1.25,81200,0.0,0.0
2022-11-11 15:00:00+08:00,1.25,1.2599999904632568,1.25,1.2599999904632568,174700,0.0,0.0
2022-11-11 16:00:00+08:00,1.2599999904632568,1.2599999904632568,1.25,1.2599999904632568,109400,0.0,0.0
2022-11-14 09:00:00+08:00,1.2599999904632568,1.2699999809265137,1.2599999904632568,1.2699999809265137,281700,0.0,0.0
2022-11-14 10:00:00+08:00,1.2699999809265137,1.2699999809265137,1.2599999904632568,1.2599999904632568,6600,0.0,0.0
2022-11-14 11:00:00+08:00,1.2599999904632568,1.2699999809265137,1.2599999904632568,1.2599999904632568,15900,0.0,0.0
2022-11-14 12:00:00+08:00,1.2699999809265137,1.2699999809265137,1.2599999904632568,1.2599999904632568,60400,0.0,0.0
2022-11-14 13:00:00+08:00,1.2599999904632568,1.2699999809265137,1.2599999904632568,1.2699999809265137,48400,0.0,0.0
2022-11-14 14:00:00+08:00,1.2699999809265137,1.2699999809265137,1.2599999904632568,1.2599999904632568,56800,0.0,0.0
2022-11-14 15:00:00+08:00,1.2599999904632568,1.2699999809265137,1.2599999904632568,1.2599999904632568,18100,0.0,0.0
2022-11-14 16:00:00+08:00,1.2599999904632568,1.2699999809265137,1.2599999904632568,1.2699999809265137,42200,0.0,0.0
2022-11-15 09:00:00+08:00,1.2599999904632568,1.2799999713897705,1.2599999904632568,1.2699999809265137,238900,0.0,0.0
2022-11-15 10:00:00+08:00,1.2699999809265137,1.2799999713897705,1.2599999904632568,1.2699999809265137,212500,0.0,0.0
2022-11-15 11:00:00+08:00,1.2699999809265137,1.2699999809265137,1.2599999904632568,1.2599999904632568,156700,0.0,0.0
2022-11-15 12:00:00+08:00,1.2599999904632568,1.2599999904632568,1.2599999904632568,1.2599999904632568,800,0.0,0.0
2022-11-15 13:00:00+08:00,1.2599999904632568,1.2699999809265137,1.2599999904632568,1.2599999904632568,21500,0.0,0.0
2022-11-15 14:00:00+08:00,1.2599999904632568,1.2699999809265137,1.2599999904632568,1.2599999904632568,65000,0.0,0.0
2022-11-15 15:00:00+08:00,1.2599999904632568,1.2699999809265137,1.2599999904632568,1.2699999809265137,34700,0.0,0.0
2022-11-15 16:00:00+08:00,1.2699999809265137,1.2699999809265137,1.2599999904632568,1.2599999904632568,28000,0.0,0.0
2022-11-16 09:00:00+08:00,1.2599999904632568,1.2699999809265137,1.2599999904632568,1.2699999809265137,177900,0.0,0.0
2022-11-16 10:00:00+08:00,1.2699999809265137,1.2699999809265137,1.2599999904632568,1.2599999904632568,3000,0.0,0.0
2022-11-16 11:00:00+08:00,1.2599999904632568,1.2799999713897705,1.2599999904632568,1.2699999809265137,52700,0.0,0.0
2022-11-16 12:00:00+08:00,1.2699999809265137,1.2799999713897705,1.2699999809265137,1.2799999713897705,200,0.0,0.0
2022-11-16 13:00:00+08:00,1.2799999713897705,1.2799999713897705,1.2599999904632568,1.2699999809265137,78800,0.0,0.0
2022-11-16 14:00:00+08:00,1.2699999809265137,1.2799999713897705,1.2599999904632568,1.2599999904632568,64300,0.0,0.0
2022-11-16 15:00:00+08:00,1.2599999904632568,1.2699999809265137,1.2599999904632568,1.2599999904632568,4300,0.0,0.0
2022-11-16 16:00:00+08:00,1.2599999904632568,1.2699999809265137,1.2599999904632568,1.2599999904632568,105000,0.0,0.0
2022-11-17 09:00:00+08:00,1.2599999904632568,1.2699999809265137,1.2599999904632568,1.2699999809265137,15800,0.0,0.0
2022-11-17 10:00:00+08:00,1.2699999809265137,1.2699999809265137,1.2599999904632568,1.2599999904632568,2200,0.0,0.0
2022-11-17 11:00:00+08:00,1.2599999904632568,1.2699999809265137,1.2599999904632568,1.2699999809265137,9300,0.0,0.0
2022-11-17 12:00:00+08:00,1.2699999809265137,1.2699999809265137,1.2599999904632568,1.2599999904632568,2500,0.0,0.0
2022-11-17 13:00:00+08:00,1.2599999904632568,1.2699999809265137,1.2599999904632568,1.2699999809265137,9300,0.0,0.0
2022-11-17 14:00:00+08:00,1.2699999809265137,1.2699999809265137,1.2599999904632568,1.2699999809265137,11400,0.0,0.0
2022-11-17 15:00:00+08:00,1.2699999809265137,1.2699999809265137,1.2599999904632568,1.2699999809265137,12300,0.0,0.0
2022-11-17 16:00:00+08:00,1.2699999809265137,1.2699999809265137,1.2599999904632568,1.2699999809265137,32900,0.0,0.0
2022-11-18 09:00:00+08:00,1.2599999904632568,1.2699999809265137,1.2599999904632568,1.2599999904632568,29400,0.0,0.0
2022-11-18 10:00:00+08:00,1.2599999904632568,1.2699999809265137,1.2599999904632568,1.2699999809265137,41600,0.0,0.0
2022-11-18 11:00:00+08:00,1.2699999809265137,1.2699999809265137,1.2599999904632568,1.2699999809265137,8300,0.0,0.0
2022-11-18 12:00:00+08:00,1.2699999809265137,1.2699999809265137,1.2699999809265137,1.2699999809265137,300,0.0,0.0
2022-11-18 13:00:00+08:00,1.2699999809265137,1.2699999809265137,1.2599999904632568,1.2699999809265137,11000,0.0,0.0
2022-11-18 14:00:00+08:00,1.2699999809265137,1.2699999809265137,1.2599999904632568,1.2699999809265137,7600,0.0,0.0
2022-11-18 15:00:00+08:00,1.2699999809265137,1.2699999809265137,1.2599999904632568,1.2599999904632568,82200,0.0,0.0
2022-11-18 16:00:00+08:00,1.2599999904632568,1.2599999904632568,1.25,1.2599999904632568,20400,0.0,0.0
2022-11-21 09:00:00+08:00,1.2699999809265137,1.2699999809265137,1.2699999809265137,1.2699999809265137,8700,0.0,0.0
2022-11-21 10:00:00+08:00,1.2699999809265137,1.2699999809265137,1.2599999904632568,1.2699999809265137,63000,0.0,0.0
2022-11-21 11:00:00+08:00,1.2699999809265137,1.2699999809265137,1.2599999904632568,1.2699999809265137,18200,0.0,0.0
2022-11-21 12:00:00+08:00,1.2699999809265137,1.2699999809265137,1.2699999809265137,1.2699999809265137,4200,0.0,0.0
2022-11-21 13:00:00+08:00,1.2599999904632568,1.2699999809265137,1.2599999904632568,1.2699999809265137,15700,0.0,0.0
2022-11-21 14:00:00+08:00,1.2699999809265137,1.2699999809265137,1.2599999904632568,1.2699999809265137,18100,0.0,0.0
2022-11-21 15:00:00+08:00,1.2699999809265137,1.2699999809265137,1.2599999904632568,1.2599999904632568,17900,0.0,0.0
2022-11-21 16:00:00+08:00,1.2599999904632568,1.2699999809265137,1.25,1.2599999904632568,187800,0.0,0.0
2022-11-22 09:00:00+08:00,1.25,1.2599999904632568,1.25,1.2599999904632568,1900,0.0,0.0
2022-11-22 10:00:00+08:00,1.2599999904632568,1.2599999904632568,1.25,1.2599999904632568,4100,0.0,0.0
2022-11-22 11:00:00+08:00,1.2599999904632568,1.2599999904632568,1.25,1.2599999904632568,26500,0.0,0.0
2022-11-22 12:00:00+08:00,1.2599999904632568,1.2599999904632568,1.2599999904632568,1.2599999904632568,1300,0.0,0.0
2022-11-22 13:00:00+08:00,1.2599999904632568,1.2599999904632568,1.25,1.25,14200,0.0,0.0
2022-11-22 14:00:00+08:00,1.25,1.2599999904632568,1.25,1.2599999904632568,29500,0.0,0.0
2022-11-22 15:00:00+08:00,1.2599999904632568,1.2599999904632568,1.25,1.2599999904632568,22600,0.0,0.0
2022-11-22 16:00:00+08:00,1.2599999904632568,1.2599999904632568,1.25,1.2599999904632568,61700,0.0,0.0
2022-11-23 09:00:00+08:00,1.2599999904632568,1.2599999904632568,1.2599999904632568,1.2599999904632568,0,0.0,0.0
2022-11-23 10:00:00+08:00,1.2599999904632568,1.2599999904632568,1.2400000095367432,1.2400000095367432,316700,0.0,0.0
2022-11-23 11:00:00+08:00,1.2400000095367432,1.2400000095367432,1.2300000190734863,1.2300000190734863,82100,0.0,0.0
2022-11-23 12:00:00+08:00,1.2400000095367432,1.2400000095367432,1.2300000190734863,1.2300000190734863,700,0.0,0.0
2022-11-23 13:00:00+08:00,1.2300000190734863,1.2400000095367432,1.2300000190734863,1.2300000190734863,142300,0.0,0.0
2022-11-23 14:00:00+08:00,1.2300000190734863,1.2400000095367432,1.2300000190734863,1.2400000095367432,30200,0.0,0.0
2022-11-23 15:00:00+08:00,1.2400000095367432,1.25,1.2400000095367432,1.2400000095367432,700,0.0,0.0
2022-11-23 16:00:00+08:00,1.2400000095367432,1.25,1.2100000381469727,1.2200000286102295,631200,0.0,0.0
2022-11-24 09:00:00+08:00,1.2300000190734863,1.2400000095367432,1.2300000190734863,1.2300000190734863,120300,0.0,0.0
2022-11-24 10:00:00+08:00,1.2300000190734863,1.2300000190734863,1.2200000286102295,1.2300000190734863,133000,0.0,0.0
2022-11-24 11:00:00+08:00,1.2300000190734863,1.2400000095367432,1.2200000286102295,1.2200000286102295,1004300,0.0,0.0
2022-11-24 12:00:00+08:00,1.2200000286102295,1.2300000190734863,1.2200000286102295,1.2300000190734863,100,0.0,0.0
2022-11-24 13:00:00+08:00,1.2300000190734863,1.2300000190734863,1.2300000190734863,1.2300000190734863,2300,0.0,0.0
2022-11-24 14:00:00+08:00,1.2300000190734863,1.2300000190734863,1.2200000286102295,1.2300000190734863,4100,0.0,0.0
2022-11-24 15:00:00+08:00,1.2300000190734863,1.2300000190734863,1.2300000190734863,1.2300000190734863,2500,0.0,0.0
2022-11-24 16:00:00+08:00,1.2300000190734863,1.2300000190734863,1.2200000286102295,1.2300000190734863,11000,0.0,0.0
2022-11-25 09:00:00+08:00,1.2300000190734863,1.2400000095367432,1.2300000190734863,1.2400000095367432,16500,0.0,0.0
2022-11-25 10:00:00+08:00,1.2300000190734863,1.2300000190734863,1.2200000286102295,1.2300000190734863,39000,0.0,0.0
2022-11-25 11:00:00+08:00,1.2300000190734863,1.2300000190734863,1.2200000286102295,1.2200000286102295,63800,0.0,0.0
2022-11-25 12:00:00+08:00,1.2200000286102295,1.2300000190734863,1.2200000286102295,1.2300000190734863,1500,0.0,0.0
2022-11-25 13:00:00+08:00,1.2300000190734863,1.2400000095367432,1.2200000286102295,1.2300000190734863,51100,0.0,0.0
2022-11-25 14:00:00+08:00,1.2300000190734863,1.2300000190734863,1.2300000190734863,1.2300000190734863,2500,0.0,0.0
2022-11-25 15:00:00+08:00,1.2300000190734863,1.2400000095367432,1.2300000190734863,1.2400000095367432,900,0.0,0.0
2022-11-25 16:00:00+08:00,1.2400000095367432,1.2400000095367432,1.2200000286102295,1.2400000095367432,211400,0.0,0.0
2022-11-28 09:00:00+08:00,1.2400000095367432,1.2400000095367432,1.2100000381469727,1.2200000286102295,349500,0.0,0.0
2022-11-28 10:00:00+08:00,1.2200000286102295,1.2300000190734863,1.2200000286102295,1.2300000190734863,10900,0.0,0.0
2022-11-28 11:00:00+08:00,1.2300000190734863,1.2300000190734863,1.2200000286102295,1.2300000190734863,12300,0.0,0.0
2022-11-28 12:00:00+08:00,1.2300000190734863,1.2300000190734863,1.2200000286102295,1.2200000286102295,59400,0.0,0.0
2022-11-28 13:00:00+08:00,1.2200000286102295,1.2300000190734863,1.2200000286102295,1.2200000286102295,6300,0.0,0.0
2022-11-28 14:00:00+08:00,1.2200000286102295,1.2300000190734863,1.2200000286102295,1.2300000190734863,37200,0.0,0.0
2022-11-28 15:00:00+08:00,1.2300000190734863,1.2300000190734863,1.2200000286102295,1.2300000190734863,21400,0.0,0.0
2022-11-28 16:00:00+08:00,1.2300000190734863,1.2300000190734863,1.2200000286102295,1.2200000286102295,57800,0.0,0.0
2022-11-29 09:00:00+08:00,1.2300000190734863,1.2300000190734863,1.2100000381469727,1.2100000381469727,312800,0.0,0.0
2022-11-29 10:00:00+08:00,1.2100000381469727,1.2300000190734863,1.2100000381469727,1.2200000286102295,236400,0.0,0.0
2022-11-29 11:00:00+08:00,1.2200000286102295,1.2300000190734863,1.2100000381469727,1.2200000286102295,168700,0.0,0.0
2022-11-29 12:00:00+08:00,1.2200000286102295,1.2200000286102295,1.2100000381469727,1.2100000381469727,300,0.0,0.0
2022-11-29 13:00:00+08:00,1.2100000381469727,1.2200000286102295,1.2100000381469727,1.2200000286102295,39300,0.0,0.0
2022-11-29 14:00:00+08:00,1.2200000286102295,1.2200000286102295,1.2100000381469727,1.2200000286102295,215700,0.0,0.0
2022-11-29 15:00:00+08:00,1.2200000286102295,1.2300000190734863,1.2100000381469727,1.2200000286102295,223600,0.0,0.0
2022-11-29 16:00:00+08:00,1.2200000286102295,1.2300000190734863,1.2100000381469727,1.2300000190734863,467600,0.0,0.0
2022-11-30 09:00:00+08:00,1.2300000190734863,1.2300000190734863,1.2100000381469727,1.2200000286102295,95600,0.0,0.0
2022-11-30 10:00:00+08:00,1.2200000286102295,1.2200000286102295,1.2000000476837158,1.2000000476837158,1123500,0.0,0.0
2022-11-30 11:00:00+08:00,1.2000000476837158,1.2100000381469727,1.2000000476837158,1.2000000476837158,18400,0.0,0.0
2022-11-30 12:00:00+08:00,1.2000000476837158,1.2000000476837158,1.2000000476837158,1.2000000476837158,3200,0.0,0.0
2022-11-30 13:00:00+08:00,1.2000000476837158,1.2100000381469727,1.2000000476837158,1.2000000476837158,41400,0.0,0.0
2022-11-30 14:00:00+08:00,1.2000000476837158,1.2100000381469727,1.2000000476837158,1.2000000476837158,41900,0.0,0.0
2022-11-30 15:00:00+08:00,1.2000000476837158,1.2100000381469727,1.2000000476837158,1.2000000476837158,26500,0.0,0.0
2022-11-30 16:00:00+08:00,1.2000000476837158,1.2100000381469727,1.2000000476837158,1.2000000476837158,138900,0.0,0.0
2022-12-01 09:00:00+08:00,1.2100000381469727,1.2200000286102295,1.2100000381469727,1.2100000381469727,1293000,0.0,0.0
2022-12-01 10:00:00+08:00,1.2100000381469727,1.2200000286102295,1.2100000381469727,1.2200000286102295,55200,0.0,0.0
2022-12-01 11:00:00+08:00,1.2200000286102295,1.2200000286102295,1.2100000381469727,1.2100000381469727,35900,0.0,0.0
2022-12-01 12:00:00+08:00,1.2100000381469727,1.2100000381469727,1.2100000381469727,1.2100000381469727,74500,0.0,0.0
2022-12-01 13:00:00+08:00,1.2100000381469727,1.2200000286102295,1.2000000476837158,1.2100000381469727,262600,0.0,0.0
2022-12-01 14:00:00+08:00,1.2100000381469727,1.2200000286102295,1.2100000381469727,1.2200000286102295,206100,0.0,0.0
2022-12-01 15:00:00+08:00,1.2200000286102295,1.2200000286102295,1.2100000381469727,1.2100000381469727,226200,0.0,0.0
2022-12-01 16:00:00+08:00,1.2100000381469727,1.2200000286102295,1.2100000381469727,1.2200000286102295,67700,0.0,0.0
2022-12-02 09:00:00+08:00,1.2200000286102295,1.2200000286102295,1.2000000476837158,1.2100000381469727,153800,0.0,0.0
2022-12-02 10:00:00+08:00,1.2100000381469727,1.2100000381469727,1.2000000476837158,1.2000000476837158,10700,0.0,0.0
2022-12-02 11:00:00+08:00,1.2000000476837158,1.2100000381469727,1.2000000476837158,1.2100000381469727,551800,0.0,0.0
2022-12-02 12:00:00+08:00,1.2000000476837158,1.2000000476837158,1.2000000476837158,1.2000000476837158,600,0.0,0.0
2022-12-02 13:00:00+08:00,1.2000000476837158,1.2100000381469727,1.2000000476837158,1.2100000381469727,3900,0.0,0.0
2022-12-02 14:00:00+08:00,1.2100000381469727,1.2200000286102295,1.2000000476837158,1.2000000476837158,218000,0.0,0.0
2022-12-02 15:00:00+08:00,1.2000000476837158,1.2100000381469727,1.2000000476837158,1.2100000381469727,179500,0.0,0.0
2022-12-02 16:00:00+08:00,1.2100000381469727,1.2100000381469727,1.2000000476837158,1.2100000381469727,49500,0.0,0.0
2022-12-05 09:00:00+08:00,1.2100000381469727,1.2300000190734863,1.2100000381469727,1.2200000286102295,223700,0.0,0.0
2022-12-05 10:00:00+08:00,1.2200000286102295,1.2300000190734863,1.2100000381469727,1.2200000286102295,206000,0.0,0.0
2022-12-05 11:00:00+08:00,1.2200000286102295,1.2300000190734863,1.2200000286102295,1.2300000190734863,151800,0.0,0.0
2022-12-05 12:00:00+08:00,1.2300000190734863,1.2300000190734863,1.2200000286102295,1.2200000286102295,300,0.0,0.0
2022-12-05 13:00:00+08:00,1.2200000286102295,1.2300000190734863,1.2100000381469727,1.2200000286102295,275700,0.0,0.0
2022-12-05 14:00:00+08:00,1.2200000286102295,1.2200000286102295,1.2100000381469727,1.2200000286102295,12400,0.0,0.0
2022-12-05 15:00:00+08:00,1.2200000286102295,1.2200000286102295,1.2200000286102295,1.2200000286102295,24400,0.0,0.0
2022-12-05 16:00:00+08:00,1.2200000286102295,1.2200000286102295,1.2100000381469727,1.2200000286102295,212900,0.0,0.0
2022-12-06 09:00:00+08:00,1.2100000381469727,1.2200000286102295,1.2000000476837158,1.2100000381469727,87200,0.0,0.0
2022-12-06 10:00:00+08:00,1.2200000286102295,1.2200000286102295,1.2100000381469727,1.2100000381469727,5000,0.0,0.0
2022-12-06 11:00:00+08:00,1.2100000381469727,1.2200000286102295,1.2100000381469727,1.2100000381469727,32500,0.0,0.0
2022-12-06 12:00:00+08:00,1.2100000381469727,1.2200000286102295,1.2100000381469727,1.2200000286102295,1400,0.0,0.0
2022-12-06 13:00:00+08:00,1.2200000286102295,1.2200000286102295,1.2100000381469727,1.2100000381469727,25000,0.0,0.0
2022-12-06 14:00:00+08:00,1.2100000381469727,1.2300000190734863,1.2100000381469727,1.2200000286102295,0,0.0,0.0
2022-12-06 15:00:00+08:00,1.2200000286102295,1.2200000286102295,1.2100000381469727,1.2200000286102295,1128000,0.0,0.0
2022-12-06 16:00:00+08:00,1.2200000286102295,1.2200000286102295,1.2100000381469727,1.2200000286102295,170300,0.0,0.0
2022-12-07 09:00:00+08:00,1.2100000381469727,1.2200000286102295,1.2100000381469727,1.2200000286102295,22900,0.0,0.0
2022-12-07 10:00:00+08:00,1.2200000286102295,1.2200000286102295,1.2100000381469727,1.2200000286102295,13600,0.0,0.0
2022-12-07 11:00:00+08:00,1.2200000286102295,1.2200000286102295,1.2100000381469727,1.2200000286102295,11800,0.0,0.0
2022-12-07 12:00:00+08:00,1.2200000286102295,1.2200000286102295,1.2200000286102295,1.2200000286102295,2500,0.0,0.0
2022-12-07 13:00:00+08:00,1.2200000286102295,1.2200000286102295,1.2200000286102295,1.2200000286102295,7900,0.0,0.0
2022-12-07 14:00:00+08:00,1.2200000286102295,1.2200000286102295,1.2200000286102295,1.2200000286102295,8300,0.0,0.0
2022-12-07 15:00:00+08:00,1.2200000286102295,1.2200000286102295,1.2100000381469727,1.2100000381469727,248200,0.0,0.0
2022-12-07 16:00:00+08:00,1.2100000381469727,1.2100000381469727,1.2000000476837158,1.2100000381469727,63400,0.0,0.0
2022-12-08 09:00:00+08:00,1.2100000381469727,1.2200000286102295,1.2000000476837158,1.2100000381469727,769000,0.0,0.0
2022-12-08 10:00:00+08:00,1.2100000381469727,1.2100000381469727,1.2000000476837158,1.2100000381469727,500,0.0,0.0
2022-12-08 11:00:00+08:00,1.2100000381469727,1.2100000381469727,1.2000000476837158,1.2000000476837158,14100,0.0,0.0
2022-12-08 12:00:00+08:00,1.2000000476837158,1.2000000476837158,1.2000000476837158,1.2000000476837158,7000,0.0,0.0
2022-12-08 13:00:00+08:00,1.2000000476837158,1.2000000476837158,1.2000000476837158,1.2000000476837158,470600,0.0,0.0
2022-12-08 14:00:00+08:00,1.2000000476837158,1.2100000381469727,1.2000000476837158,1.2000000476837158,335200,0.0,0.0
2022-12-08 15:00:00+08:00,1.2000000476837158,1.2100000381469727,1.2000000476837158,1.2100000381469727,25300,0.0,0.0
2022-12-08 16:00:00+08:00,1.2100000381469727,1.2100000381469727,1.2000000476837158,1.2000000476837158,317800,0.0,0.0
2022-12-09 09:00:00+08:00,1.2000000476837158,1.2100000381469727,1.190000057220459,1.2000000476837158,149200,0.0,0.0
2022-12-09 10:00:00+08:00,1.2000000476837158,1.2000000476837158,1.190000057220459,1.190000057220459,20300,0.0,0.0
2022-12-09 11:00:00+08:00,1.190000057220459,1.2000000476837158,1.190000057220459,1.190000057220459,27400,0.0,0.0
2022-12-09 12:00:00+08:00,1.190000057220459,1.2000000476837158,1.190000057220459,1.2000000476837158,5400,0.0,0.0
2022-12-09 13:00:00+08:00,1.2000000476837158,1.2000000476837158,1.2000000476837158,1.2000000476837158,18900,0.0,0.0
2022-12-09 14:00:00+08:00,1.2000000476837158,1.2000000476837158,1.190000057220459,1.2000000476837158,28000,0.0,0.0
2022-12-09 15:00:00+08:00,1.2000000476837158,1.2000000476837158,1.190000057220459,1.190000057220459,44300,0.0,0.0
2022-12-09 16:00:00+08:00,1.190000057220459,1.2000000476837158,1.190000057220459,1.2000000476837158,176900,0.0,0.0
2022-12-12 09:00:00+08:00,1.2000000476837158,1.2100000381469727,1.2000000476837158,1.2100000381469727,96500,0.0,0.0
2022-12-12 10:00:00+08:00,1.2100000381469727,1.2100000381469727,1.2000000476837158,1.2000000476837158,65600,0.0,0.0
2022-12-12 11:00:00+08:00,1.2000000476837158,1.2100000381469727,1.190000057220459,1.190000057220459,114200,0.0,0.0
2022-12-12 12:00:00+08:00,1.190000057220459,1.190000057220459,1.190000057220459,1.190000057220459,4200,0.0,0.0
2022-12-12 13:00:00+08:00,1.2000000476837158,1.2100000381469727,1.190000057220459,1.2000000476837158,103100,0.0,0.0
2022-12-12 14:00:00+08:00,1.2000000476837158,1.2000000476837158,1.2000000476837158,1.2000000476837158,12300,0.0,0.0
2022-12-12 15:00:00+08:00,1.2000000476837158,1.2000000476837158,1.190000057220459,1.2000000476837158,44000,0.0,0.0
2022-12-12 16:00:00+08:00,1.2000000476837158,1.2000000476837158,1.190000057220459,1.190000057220459,88400,0.0,0.0
2022-12-13 09:00:00+08:00,1.190000057220459,1.2000000476837158,1.190000057220459,1.2000000476837158,260400,0.0,0.0
2022-12-13 10:00:00+08:00,1.2000000476837158,1.2000000476837158,1.190000057220459,1.190000057220459,37500,0.0,0.0
2022-12-13 11:00:00+08:00,1.190000057220459,1.2000000476837158,1.190000057220459,1.190000057220459,59500,0.0,0.0
2022-12-13 12:00:00+08:00,1.190000057220459,1.2000000476837158,1.190000057220459,1.2000000476837158,4700,0.0,0.0
2022-12-13 13:00:00+08:00,1.2000000476837158,1.2000000476837158,1.190000057220459,1.2000000476837158,154800,0.0,0.0
2022-12-13 14:00:00+08:00,1.2000000476837158,1.2000000476837158,1.2000000476837158,1.2000000476837158,47100,0.0,0.0
2022-12-13 15:00:00+08:00,1.2000000476837158,1.2000000476837158,1.190000057220459,1.2000000476837158,29600,0.0,0.0
2022-12-13 16:00:00+08:00,1.2000000476837158,1.2000000476837158,1.190000057220459,1.2000000476837158,109400,0.0,0.0
2022-12-14 09:00:00+08:00,1.2000000476837158,1.2100000381469727,1.2000000476837158,1.2000000476837158,581800,0.0,0.0
2022-12-14 10:00:00+08:00,1.2000000476837158,1.2100000381469727,1.2000000476837158,1.2000000476837158,49200,0.0,0.0
2022-12-14 11:00:00+08:00,1.2000000476837158,1.2300000190734863,1.2000000476837158,1.2200000286102295,601800,0.0,0.0
2022-12-14 12:00:00+08:00,1.2200000286102295,1.2200000286102295,1.2200000286102295,1.2200000286102295,3100,0.0,0.0
2022-12-14 13:00:00+08:00,1.2200000286102295,1.2300000190734863,1.2200000286102295,1.2200000286102295,178900,0.0,0.0
2022-12-14 14:00:00+08:00,1.2200000286102295,1.2300000190734863,1.2200000286102295,1.2200000286102295,51800,0.0,0.0
2022-12-14 15:00:00+08:00,1.2200000286102295,1.2300000190734863,1.2100000381469727,1.2100000381469727,120500,0.0,0.0
2022-12-14 16:00:00+08:00,1.2100000381469727,1.2300000190734863,1.2100000381469727,1.2200000286102295,227200,0.0,0.0
2022-12-15 09:00:00+08:00,1.2100000381469727,1.2400000095367432,1.2100000381469727,1.2400000095367432,249400,0.0,0.0
2022-12-15 10:00:00+08:00,1.2400000095367432,1.2400000095367432,1.2300000190734863,1.2300000190734863,334100,0.0,0.0
2022-12-15 11:00:00+08:00,1.2300000190734863,1.2400000095367432,1.2300000190734863,1.2400000095367432,32800,0.0,0.0
2022-12-15 12:00:00+08:00,1.2400000095367432,1.2400000095367432,1.2400000095367432,1.2400000095367432,700,0.0,0.0
2022-12-15 13:00:00+08:00,1.2400000095367432,1.2400000095367432,1.2300000190734863,1.2400000095367432,30100,0.0,0.0
2022-12-15 14:00:00+08:00,1.2400000095367432,1.2400000095367432,1.2400000095367432,1.2400000095367432,298400,0.0,0.0
2022-12-15 15:00:00+08:00,1.2400000095367432,1.25,1.2400000095367432,1.2400000095367432,71700,0.0,0.0
2022-12-15 16:00:00+08:00,1.2400000095367432,1.25,1.2400000095367432,1.2400000095367432,227800,0.0,0.0
2022-12-16 09:00:00+08:00,1.2400000095367432,1.25,1.2300000190734863,1.2400000095367432,418400,0.0,0.0
2022-12-16 10:00:00+08:00,1.2400000095367432,1.25,1.2400000095367432,1.25,357000,0.0,0.0
2022-12-16 11:00:00+08:00,1.25,1.25,1.2400000095367432,1.25,96800,0.0,0.0
2022-12-16 12:00:00+08:00,1.25,1.25,1.25,1.25,700,0.0,0.0
2022-12-16 13:00:00+08:00,1.25,1.25,1.2400000095367432,1.25,82200,0.0,0.0
2022-12-16 14:00:00+08:00,1.25,1.25,1.2400000095367432,1.25,83800,0.0,0.0
2022-12-16 15:00:00+08:00,1.25,1.2599999904632568,1.2400000095367432,1.25,470900,0.0,0.0
2022-12-16 16:00:00+08:00,1.25,1.2599999904632568,1.2300000190734863,1.2300000190734863,274600,0.0,0.0
2022-12-19 09:00:00+08:00,1.2300000190734863,1.2300000190734863,1.2200000286102295,1.2300000190734863,206500,0.0,0.0
2022-12-19 10:00:00+08:00,1.2300000190734863,1.2300000190734863,1.2200000286102295,1.2200000286102295,14500,0.0,0.0
2022-12-19 11:00:00+08:00,1.2200000286102295,1.2200000286102295,1.2200000286102295,1.2200000286102295,0,0.0,0.0
2022-12-19 12:00:00+08:00,1.2200000286102295,1.2200000286102295,1.2200000286102295,1.2200000286102295,264400,0.0,0.0
2022-12-19 13:00:00+08:00,1.2200000286102295,1.2300000190734863,1.2200000286102295,1.2200000286102295,25900,0.0,0.0
2022-12-19 14:00:00+08:00,1.2200000286102295,1.2300000190734863,1.2200000286102295,1.2200000286102295,5200,0.0,0.0
2022-12-19 15:00:00+08:00,1.2200000286102295,1.2300000190734863,1.2200000286102295,1.2200000286102295,29900,0.0,0.0
2022-12-19 16:00:00+08:00,1.2200000286102295,1.2300000190734863,1.2200000286102295,1.2200000286102295,36100,0.0,0.0
2022-12-20 09:00:00+08:00,1.2200000286102295,1.25,1.2200000286102295,1.2300000190734863,2574700,0.0,0.0
2022-12-20 10:00:00+08:00,1.2300000190734863,1.2400000095367432,1.2200000286102295,1.2400000095367432,392600,0.0,0.0
2022-12-20 11:00:00+08:00,1.2400000095367432,1.2400000095367432,1.2200000286102295,1.2300000190734863,14200,0.0,0.0
2022-12-20 12:00:00+08:00,1.2300000190734863,1.2300000190734863,1.2300000190734863,1.2300000190734863,200,0.0,0.0
2022-12-20 13:00:00+08:00,1.2300000190734863,1.2300000190734863,1.2200000286102295,1.2200000286102295,16900,0.0,0.0
2022-12-20 14:00:00+08:00,1.2200000286102295,1.2300000190734863,1.2200000286102295,1.2300000190734863,17600,0.0,0.0
2022-12-20 15:00:00+08:00,1.2300000190734863,1.2300000190734863,1.2200000286102295,1.2200000286102295,9900,0.0,0.0
2022-12-20 16:00:00+08:00,1.2200000286102295,1.2300000190734863,1.2200000286102295,1.2200000286102295,136400,0.0,0.0
2022-12-21 09:00:00+08:00,1.2300000190734863,1.2400000095367432,1.2300000190734863,1.2400000095367432,24500,0.0,0.0
2022-12-21 10:00:00+08:00,1.2400000095367432,1.2400000095367432,1.2200000286102295,1.2300000190734863,267400,0.0,0.0
2022-12-21 11:00:00+08:00,1.2300000190734863,1.2400000095367432,1.2200000286102295,1.2300000190734863,45300,0.0,0.0
2022-12-21 12:00:00+08:00,1.2300000190734863,1.2300000190734863,1.2300000190734863,1.2300000190734863,100,0.0,0.0
2022-12-21 13:00:00+08:00,1.2300000190734863,1.2400000095367432,1.2200000286102295,1.2200000286102295,42700,0.0,0.0
2022-12-21 14:00:00+08:00,1.2200000286102295,1.2400000095367432,1.2200000286102295,1.2200000286102295,9100,0.0,0.0
2022-12-21 15:00:00+08:00,1.2200000286102295,1.2400000095367432,1.2200000286102295,1.2300000190734863,13000,0.0,0.0
2022-12-21 16:00:00+08:00,1.2300000190734863,1.2400000095367432,1.2200000286102295,1.2300000190734863,163900,0.0,0.0
2022-12-22 09:00:00+08:00,1.2300000190734863,1.25,1.2300000190734863,1.2300000190734863,502400,0.0,0.0
2022-12-22 10:00:00+08:00,1.2300000190734863,1.2400000095367432,1.2300000190734863,1.2300000190734863,34300,0.0,0.0
2022-12-22 11:00:00+08:00,1.2300000190734863,1.2400000095367432,1.2300000190734863,1.2400000095367432,22800,0.0,0.0
2022-12-22 12:00:00+08:00,1.2400000095367432,1.2400000095367432,1.2400000095367432,1.2400000095367432,5700,0.0,0.0
2022-12-22 13:00:00+08:00,1.2400000095367432,1.2400000095367432,1.2300000190734863,1.2300000190734863,25300,0.0,0.0
2022-12-22 14:00:00+08:00,1.2300000190734863,1.2400000095367432,1.2300000190734863,1.2300000190734863,265600,0.0,0.0
2022-12-22 15:00:00+08:00,1.2300000190734863,1.2400000095367432,1.2200000286102295,1.2400000095367432,146100,0.0,0.0
2022-12-22 16:00:00+08:00,1.2400000095367432,1.2400000095367432,1.2200000286102295,1.2300000190734863,157800,0.0,0.0
2022-12-23 09:00:00+08:00,1.2300000190734863,1.2300000190734863,1.2200000286102295,1.2200000286102295,46800,0.0,0.0
2022-12-23 10:00:00+08:00,1.2200000286102295,1.2300000190734863,1.2200000286102295,1.2300000190734863,2700,0.0,0.0
2022-12-23 11:00:00+08:00,1.2300000190734863,1.2300000190734863,1.2200000286102295,1.2300000190734863,9300,0.0,0.0
2022-12-23 12:00:00+08:00,1.2300000190734863,1.2300000190734863,1.2200000286102295,1.2200000286102295,3300,0.0,0.0
2022-12-23 13:00:00+08:00,1.2200000286102295,1.2300000190734863,1.2200000286102295,1.2200000286102295,21900,0.0,0.0
2022-12-23 14:00:00+08:00,1.2200000286102295,1.2300000190734863,1.2200000286102295,1.2300000190734863,22200,0.0,0.0
2022-12-23 15:00:00+08:00,1.2300000190734863,1.2400000095367432,1.2300000190734863,1.2400000095367432,65000,0.0,0.0
2022-12-23 16:00:00+08:00,1.2400000095367432,1.2400000095367432,1.2300000190734863,1.2300000190734863,76200,0.0,0.0
2022-12-27 09:00:00+08:00,1.2300000190734863,1.2400000095367432,1.2200000286102295,1.2400000095367432,169200,0.0,0.0
2022-12-27 10:00:00+08:00,1.2400000095367432,1.2400000095367432,1.2300000190734863,1.2300000190734863,900,0.0,0.0
2022-12-27 12:00:00+08:00,1.2400000095367432,1.2400000095367432,1.2300000190734863,1.2300000190734863,3500,0.0,0.0
2022-12-27 14:00:00+08:00,1.2300000190734863,1.2400000095367432,1.2200000286102295,1.2400000095367432,209600,0.0,0.0
2022-12-27 16:00:00+08:00,1.2400000095367432,1.2400000095367432,1.2200000286102295,1.2300000190734863,69000,0.0,0.0
2022-12-28 09:00:00+08:00,1.2300000190734863,1.2400000095367432,1.2300000190734863,1.2400000095367432,0,0.0,0.0
2022-12-28 11:00:00+08:00,1.2400000095367432,1.2400000095367432,1.2300000190734863,1.2300000190734863,78500,0.0,0.0
2022-12-28 12:00:00+08:00,1.2300000190734863,1.2300000190734863,1.2300000190734863,1.2300000190734863,8100,0.0,0.0
2022-12-28 13:00:00+08:00,1.2300000190734863,1.2300000190734863,1.2300000190734863,1.2300000190734863,1400,0.0,0.0
2022-12-28 14:00:00+08:00,1.2300000190734863,1.2300000190734863,1.2200000286102295,1.2300000190734863,249600,0.0,0.0
2022-12-28 15:00:00+08:00,1.2300000190734863,1.2400000095367432,1.2300000190734863,1.2300000190734863,163400,0.0,0.0
2022-12-28 16:00:00+08:00,1.2300000190734863,1.2400000095367432,1.2300000190734863,1.2400000095367432,24100,0.0,0.0
2022-12-29 09:00:00+08:00,1.2300000190734863,1.2400000095367432,1.2200000286102295,1.2400000095367432,28900,0.0,0.0
2022-12-29 10:00:00+08:00,1.2400000095367432,1.2400000095367432,1.2300000190734863,1.2400000095367432,28700,0.0,0.0
2022-12-29 11:00:00+08:00,1.2400000095367432,1.2400000095367432,1.2300000190734863,1.2400000095367432,115800,0.0,0.0
2022-12-29 12:00:00+08:00,1.2400000095367432,1.2400000095367432,1.2300000190734863,1.2300000190734863,900,0.0,0.0
2022-12-29 13:00:00+08:00,1.2300000190734863,1.2400000095367432,1.2300000190734863,1.2400000095367432,7500,0.0,0.0
2022-12-29 14:00:00+08:00,1.2400000095367432,1.2400000095367432,1.2300000190734863,1.2300000190734863,12800,0.0,0.0
2022-12-29 15:00:00+08:00,1.2300000190734863,1.2400000095367432,1.2300000190734863,1.2400000095367432,11500,0.0,0.0
2022-12-29 16:00:00+08:00,1.2400000095367432,1.2400000095367432,1.2300000190734863,1.2400000095367432,50100,0.0,0.0
2022-12-30 09:00:00+08:00,1.2400000095367432,1.25,1.2400000095367432,1.25,723000,0.0,0.0
2022-12-30 10:00:00+08:00,1.25,1.25,1.2400000095367432,1.2400000095367432,158600,0.0,0.0
2022-12-30 11:00:00+08:00,1.2400000095367432,1.25,1.2400000095367432,1.2400000095367432,5500,0.0,0.0
2022-12-30 12:00:00+08:00,1.25,1.25,1.25,1.25,500,0.0,0.0
2022-12-30 13:00:00+08:00,1.25,1.25,1.25,1.25,4200,0.0,0.0
2022-12-30 14:00:00+08:00,1.25,1.25,1.2400000095367432,1.25,6700,0.0,0.0
2022-12-30 15:00:00+08:00,1.25,1.25,1.2400000095367432,1.25,4300,0.0,0.0
2022-12-30 16:00:00+08:00,1.25,1.25,1.2400000095367432,1.2400000095367432,52600,0.0,0.0
2023-01-03 09:00:00+08:00,1.2400000095367432,1.2400000095367432,1.2300000190734863,1.2400000095367432,211500,0.0,0.0
2023-01-03 10:00:00+08:00,1.2400000095367432,1.2400000095367432,1.2300000190734863,1.2400000095367432,55300,0.0,0.0
2023-01-03 11:00:00+08:00,1.2400000095367432,1.2400000095367432,1.2400000095367432,1.2400000095367432,100,0.0,0.0
2023-01-03 12:00:00+08:00,1.2400000095367432,1.2400000095367432,1.2400000095367432,1.2400000095367432,1700,0.0,0.0
2023-01-03 13:00:00+08:00,1.2400000095367432,1.2400000095367432,1.2400000095367432,1.2400000095367432,27900,0.0,0.0
2023-01-03 14:00:00+08:00,1.2400000095367432,1.25,1.2400000095367432,1.2400000095367432,38600,0.0,0.0
2023-01-03 15:00:00+08:00,1.2400000095367432,1.25,1.2400000095367432,1.2400000095367432,54500,0.0,0.0
2023-01-03 16:00:00+08:00,1.2400000095367432,1.25,1.2400000095367432,1.2400000095367432,110200,0.0,0.0
2023-01-04 09:00:00+08:00,1.2400000095367432,1.2599999904632568,1.2400000095367432,1.25,162900,0.0,0.0
2023-01-04 10:00:00+08:00,1.25,1.25,1.2400000095367432,1.2400000095367432,60500,0.0,0.0
2023-01-04 11:00:00+08:00,1.2400000095367432,1.25,1.2400000095367432,1.25,57600,0.0,0.0
2023-01-04 12:00:00+08:00,1.25,1.25,1.25,1.25,200,0.0,0.0
2023-01-04 13:00:00+08:00,1.25,1.2599999904632568,1.25,1.25,1500,0.0,0.0
2023-01-04 14:00:00+08:00,1.25,1.25,1.25,1.25,15400,0.0,0.0
2023-01-04 15:00:00+08:00,1.25,1.25,1.25,1.25,24600,0.0,0.0
2023-01-04 16:00:00+08:00,1.25,1.25,1.2400000095367432,1.25,65500,0.0,0.0
2023-01-05 09:00:00+08:00,1.25,1.2599999904632568,1.25,1.2599999904632568,140000,0.0,0.0
2023-01-05 10:00:00+08:00,1.2599999904632568,1.2599999904632568,1.2599999904632568,1.2599999904632568,76700,0.0,0.0
2023-01-05 11:00:00+08:00,1.2599999904632568,1.2699999809265137,1.2599999904632568,1.2699999809265137,24400,0.0,0.0
2023-01-05 12:00:00+08:00,1.2699999809265137,1.2699999809265137,1.2599999904632568,1.2599999904632568,2400,0.0,0.0
2023-01-05 13:00:00+08:00,1.2599999904632568,1.2699999809265137,1.25,1.2599999904632568,29200,0.0,0.0
2023-01-05 14:00:00+08:00,1.2599999904632568,1.2699999809265137,1.25,1.25,160600,0.0,0.0
2023-01-05 15:00:00+08:00,1.25,1.2599999904632568,1.25,1.25,5800,0.0,0.0
2023-01-05 16:00:00+08:00,1.25,1.2699999809265137,1.25,1.2699999809265137,44000,0.0,0.0
2023-01-06 09:00:00+08:00,1.25,1.2599999904632568,1.25,1.25,56800,0.0,0.0
2023-01-06 10:00:00+08:00,1.25,1.25,1.25,1.25,3300,0.0,0.0
2023-01-06 11:00:00+08:00,1.25,1.2599999904632568,1.25,1.25,24600,0.0,0.0
2023-01-06 12:00:00+08:00,1.25,1.2599999904632568,1.25,1.2599999904632568,7600,0.0,0.0
2023-01-06 13:00:00+08:00,1.2599999904632568,1.2599999904632568,1.25,1.25,19200,0.0,0.0
2023-01-06 14:00:00+08:00,1.25,1.2599999904632568,1.25,1.2599999904632568,8300,0.0,0.0
2023-01-06 15:00:00+08:00,1.2599999904632568,1.2599999904632568,1.25,1.25,17900,0.0,0.0
2023-01-06 16:00:00+08:00,1.25,1.2599999904632568,1.25,1.2599999904632568,93500,0.0,0.0
2023-01-09 09:00:00+08:00,1.25,1.25,1.2400000095367432,1.2400000095367432,200300,0.0,0.0
2023-01-09 10:00:00+08:00,1.2400000095367432,1.25,1.2400000095367432,1.2400000095367432,85200,0.0,0.0
2023-01-09 11:00:00+08:00,1.2400000095367432,1.25,1.2400000095367432,1.25,43400,0.0,0.0
2023-01-09 12:00:00+08:00,1.2400000095367432,1.2400000095367432,1.2400000095367432,1.2400000095367432,1600,0.0,0.0
2023-01-09 13:00:00+08:00,1.2400000095367432,1.2400000095367432,1.2400000095367432,1.2400000095367432,5300,0.0,0.0
2023-01-09 14:00:00+08:00,1.2400000095367432,1.25,1.2400000095367432,1.2400000095367432,13000,0.0,0.0
2023-01-09 15:00:00+08:00,1.2400000095367432,1.25,1.2400000095367432,1.2400000095367432,60600,0.0,0.0
2023-01-09 16:00:00+08:00,1.2400000095367432,1.25,1.2400000095367432,1.2400000095367432,65500,0.0,0.0
2023-01-10 09:00:00+08:00,1.2400000095367432,1.25,1.2400000095367432,1.25,13200,0.0,0.0
2023-01-10 10:00:00+08:00,1.25,1.25,1.2400000095367432,1.25,7400,0.0,0.0
2023-01-10 11:00:00+08:00,1.25,1.25,1.2400000095367432,1.2400000095367432,900,0.0,0.0
2023-01-10 12:00:00+08:00,1.2400000095367432,1.2400000095367432,1.2400000095367432,1.2400000095367432,18300,0.0,0.0
2023-01-10 13:00:00+08:00,1.25,1.25,1.2400000095367432,1.25,8500,0.0,0.0
2023-01-10 14:00:00+08:00,1.25,1.25,1.2400000095367432,1.2400000095367432,4500,0.0,0.0
2023-01-10 15:00:00+08:00,1.2400000095367432,1.25,1.2400000095367432,1.2400000095367432,3800,0.0,0.0
2023-01-10 16:00:00+08:00,1.2400000095367432,1.25,1.2400000095367432,1.2400000095367432,36900,0.0,0.0
2023-01-11 09:00:00+08:00,1.25,1.25,1.2400000095367432,1.25,391400,0.0,0.0
2023-01-11 10:00:00+08:00,1.25,1.25,1.2400000095367432,1.2400000095367432,43100,0.0,0.0
2023-01-11 11:00:00+08:00,1.2400000095367432,1.25,1.2400000095367432,1.2400000095367432,8600,0.0,0.0
2023-01-11 12:00:00+08:00,1.2400000095367432,1.25,1.2400000095367432,1.25,5200,0.0,0.0
2023-01-11 14:00:00+08:00,1.25,1.25,1.2400000095367432,1.2400000095367432,2800,0.0,0.0
2023-01-11 15:00:00+08:00,1.2400000095367432,1.25,1.2400000095367432,1.2400000095367432,13100,0.0,0.0
2023-01-11 16:00:00+08:00,1.2400000095367432,1.25,1.2400000095367432,1.25,85500,0.0,0.0
2023-01-12 09:00:00+08:00,1.25,1.25,1.2400000095367432,1.2400000095367432,16100,0.0,0.0
2023-01-12 10:00:00+08:00,1.2400000095367432,1.25,1.2400000095367432,1.2400000095367432,4000,0.0,0.0
2023-01-12 11:00:00+08:00,1.2400000095367432,1.25,1.2400000095367432,1.2400000095367432,19300,0.0,0.0
2023-01-12 12:00:00+08:00,1.25,1.25,1.25,1.25,4100,0.0,0.0
2023-01-12 13:00:00+08:00,1.25,1.25,1.2400000095367432,1.2400000095367432,2200,0.0,0.0
2023-01-12 14:00:00+08:00,1.2400000095367432,1.25,1.2400000095367432,1.2400000095367432,346900,0.0,0.0
2023-01-12 15:00:00+08:00,1.2400000095367432,1.25,1.2300000190734863,1.2300000190734863,208300,0.0,0.0
2023-01-12 16:00:00+08:00,1.2300000190734863,1.25,1.2300000190734863,1.25,41100,0.0,0.0
2023-01-13 10:00:00+08:00,1.2400000095367432,1.2400000095367432,1.2400000095367432,1.2400000095367432,100,0.0,0.0
2023-01-13 12:00:00+08:00,1.2400000095367432,1.2400000095367432,1.2400000095367432,1.2400000095367432,43100,0.0,0.0
2023-01-13 13:00:00+08:00,1.2400000095367432,1.25,1.2400000095367432,1.25,8200,0.0,0.0
2023-01-13 14:00:00+08:00,1.25,1.25,1.2400000095367432,1.2400000095367432,700,0.0,0.0
2023-01-13 15:00:00+08:00,1.2400000095367432,1.25,1.2400000095367432,1.2400000095367432,13300,0.0,0.0
2023-01-13 16:00:00+08:00,1.2400000095367432,1.25,1.2400000095367432,1.2400000095367432,44000,0.0,0.0
2023-01-16 09:00:00+08:00,1.25,1.25,1.2400000095367432,1.2400000095367432,53000,0.0,0.0
2023-01-16 10:00:00+08:00,1.2400000095367432,1.2400000095367432,1.2400000095367432,1.2400000095367432,2000,0.0,0.0
2023-01-16 11:00:00+08:00,1.2400000095367432,1.25,1.2400000095367432,1.2400000095367432,1700,0.0,0.0
2023-01-16 12:00:00+08:00,1.2400000095367432,1.25,1.2400000095367432,1.25,1200,0.0,0.0
2023-01-16 13:00:00+08:00,1.25,1.25,1.2400000095367432,1.2400000095367432,5200,0.0,0.0
2023-01-16 14:00:00+08:00,1.2400000095367432,1.2400000095367432,1.2400000095367432,1.2400000095367432,200,0.0,0.0
2023-01-16 15:00:00+08:00,1.2400000095367432,1.25,1.2400000095367432,1.2400000095367432,66200,0.0,0.0
2023-01-16 16:00:00+08:00,1.2400000095367432,1.25,1.2400000095367432,1.2400000095367432,26300,0.0,0.0
2023-01-17 09:00:00+08:00,1.25,1.2599999904632568,1.25,1.25,289500,0.0,0.0
2023-01-17 10:00:00+08:00,1.25,1.2599999904632568,1.25,1.25,68600,0.0,0.0
2023-01-17 11:00:00+08:00,1.25,1.2599999904632568,1.25,1.25,10700,0.0,0.0
2023-01-17 12:00:00+08:00,1.25,1.2599999904632568,1.25,1.2599999904632568,300,0.0,0.0
2023-01-17 13:00:00+08:00,1.2599999904632568,1.2599999904632568,1.25,1.2599999904632568,11800,0.0,0.0
2023-01-17 14:00:00+08:00,1.2599999904632568,1.2599999904632568,1.25,1.2599999904632568,24700,0.0,0.0
2023-01-17 15:00:00+08:00,1.2599999904632568,1.2599999904632568,1.25,1.25,13800,0.0,0.0
2023-01-17 16:00:00+08:00,1.25,1.2599999904632568,1.25,1.25,38800,0.0,0.0
2023-01-18 09:00:00+08:00,1.2599999904632568,1.2699999809265137,1.25,1.2599999904632568,465700,0.0,0.0
2023-01-18 10:00:00+08:00,1.2599999904632568,1.2699999809265137,1.2599999904632568,1.2699999809265137,222100,0.0,0.0
2023-01-18 11:00:00+08:00,1.2699999809265137,1.2699999809265137,1.2699999809265137,1.2699999809265137,37000,0.0,0.0
2023-01-18 12:00:00+08:00,1.2699999809265137,1.2699999809265137,1.2699999809265137,1.2699999809265137,16300,0.0,0.0
2023-01-18 13:00:00+08:00,1.2699999809265137,1.2699999809265137,1.2699999809265137,1.2699999809265137,24300,0.0,0.0
2023-01-18 14:00:00+08:00,1.2699999809265137,1.2699999809265137,1.2699999809265137,1.2699999809265137,1500,0.0,0.0
2023-01-18 15:00:00+08:00,1.2699999809265137,1.2799999713897705,1.2699999809265137,1.2699999809265137,3300,0.0,0.0
2023-01-18 16:00:00+08:00,1.2699999809265137,1.2799999713897705,1.2699999809265137,1.2699999809265137,44100,0.0,0.0
2023-01-19 09:00:00+08:00,1.2699999809265137,1.2899999618530273,1.2699999809265137,1.2799999713897705,253700,0.0,0.0
2023-01-19 10:00:00+08:00,1.2799999713897705,1.2799999713897705,1.2799999713897705,1.2799999713897705,12600,0.0,0.0
2023-01-19 11:00:00+08:00,1.2799999713897705,1.2799999713897705,1.2799999713897705,1.2799999713897705,8400,0.0,0.0
2023-01-19 12:00:00+08:00,1.2799999713897705,1.2799999713897705,1.2799999713897705,1.2799999713897705,5700,0.0,0.0
2023-01-19 13:00:00+08:00,1.2799999713897705,1.2799999713897705,1.2799999713897705,1.2799999713897705,6200,0.0,0.0
2023-01-19 14:00:00+08:00,1.2799999713897705,1.2899999618530273,1.2799999713897705,1.2799999713897705,24000,0.0,0.0
2023-01-19 15:00:00+08:00,1.2799999713897705,1.2799999713897705,1.2799999713897705,1.2799999713897705,1400,0.0,0.0
2023-01-19 16:00:00+08:00,1.2799999713897705,1.2899999618530273,1.2799999713897705,1.2799999713897705,18600,0.0,0.0
2023-01-20 09:00:00+08:00,1.2899999618530273,1.2899999618530273,1.2799999713897705,1.2799999713897705,67800,0.0,0.0
2023-01-20 10:00:00+08:00,1.2799999713897705,1.2899999618530273,1.2799999713897705,1.2899999618530273,257600,0.0,0.0
2023-01-20 11:00:00+08:00,1.2899999618530273,1.2899999618530273,1.2899999618530273,1.2899999618530273,146200,0.0,0.0
2023-01-20 12:00:00+08:00,1.2899999618530273,1.2899999618530273,1.2899999618530273,1.2899999618530273,3200,0.0,0.0
2023-01-20 13:00:00+08:00,1.2899999618530273,1.2999999523162842,1.2899999618530273,1.2999999523162842,16200,0.0,0.0
2023-01-20 14:00:00+08:00,1.2999999523162842,1.309999942779541,1.2899999618530273,1.2999999523162842,375500,0.0,0.0
2023-01-20 15:00:00+08:00,1.2999999523162842,1.309999942779541,1.2999999523162842,1.2999999523162842,116800,0.0,0.0
2023-01-20 16:00:00+08:00,1.2999999523162842,1.309999942779541,1.2999999523162842,1.2999999523162842,35000,0.0,0.0
2023-01-25 09:00:00+08:00,1.3200000524520874,1.350000023841858,1.3200000524520874,1.340000033378601,579500,0.0,0.0
2023-01-25 10:00:00+08:00,1.340000033378601,1.350000023841858,1.340000033378601,1.340000033378601,41200,0.0,0.0
2023-01-25 11:00:00+08:00,1.340000033378601,1.350000023841858,1.340000033378601,1.340000033378601,116200,0.0,0.0
2023-01-25 12:00:00+08:00,1.340000033378601,1.340000033378601,1.340000033378601,1.340000033378601,30700,0.0,0.0
2023-01-25 13:00:00+08:00,1.340000033378601,1.350000023841858,1.340000033378601,1.340000033378601,13300,0.0,0.0
2023-01-25 14:00:00+08:00,1.340000033378601,1.350000023841858,1.340000033378601,1.340000033378601,48100,0.0,0.0
2023-01-25 15:00:00+08:00,1.340000033378601,1.350000023841858,1.340000033378601,1.350000023841858,41400,0.0,0.0
2023-01-25 16:00:00+08:00,1.350000023841858,1.350000023841858,1.340000033378601,1.340000033378601,706200,0.0,0.0
2023-01-26 09:00:00+08:00,1.340000033378601,1.350000023841858,1.340000033378601,1.340000033378601,176100,0.0,0.0
2023-01-26 10:00:00+08:00,1.340000033378601,1.350000023841858,1.340000033378601,1.340000033378601,18800,0.0,0.0
2023-01-26 11:00:00+08:00,1.340000033378601,1.350000023841858,1.340000033378601,1.340000033378601,25700,0.0,0.0
2023-01-26 12:00:00+08:00,1.340000033378601,1.340000033378601,1.340000033378601,1.340000033378601,30200,0.0,0.0
2023-01-26 13:00:00+08:00,1.340000033378601,1.350000023841858,1.340000033378601,1.350000023841858,22700,0.0,0.0
2023-01-26 14:00:00+08:00,1.350000023841858,1.3600000143051147,1.340000033378601,1.3600000143051147,677400,0.0,0.0
2023-01-26 15:00:00+08:00,1.3600000143051147,1.3700000047683716,1.3600000143051147,1.3700000047683716,476300,0.0,0.0
2023-01-26 16:00:00+08:00,1.3700000047683716,1.3700000047683716,1.3600000143051147,1.3600000143051147,234400,0.0,0.0
2023-01-27 09:00:00+08:00,1.3600000143051147,1.3700000047683716,1.3600000143051147,1.3700000047683716,12000,0.0,0.0
2023-01-27 10:00:00+08:00,1.3700000047683716,1.3700000047683716,1.3600000143051147,1.3700000047683716,347800,0.0,0.0
2023-01-27 11:00:00+08:00,1.3700000047683716,1.3899999856948853,1.3700000047683716,1.3899999856948853,1798000,0.0,0.0
2023-01-27 12:00:00+08:00,1.3799999952316284,1.3799999952316284,1.3799999952316284,1.3799999952316284,41300,0.0,0.0
2023-01-27 13:00:00+08:00,1.3799999952316284,1.3899999856948853,1.3799999952316284,1.3899999856948853,60700,0.0,0.0
2023-01-27 14:00:00+08:00,1.3899999856948853,1.3899999856948853,1.3799999952316284,1.3799999952316284,15500,0.0,0.0
2023-01-27 15:00:00+08:00,1.3799999952316284,1.3899999856948853,1.3799999952316284,1.3899999856948853,29800,0.0,0.0
2023-01-27 16:00:00+08:00,1.3899999856948853,1.3899999856948853,1.3799999952316284,1.3899999856948853,120200,0.0,0.0
2023-01-30 09:00:00+08:00,1.3799999952316284,1.399999976158142,1.3799999952316284,1.3899999856948853,707100,0.0,0.0
2023-01-30 10:00:00+08:00,1.3899999856948853,1.399999976158142,1.3899999856948853,1.3899999856948853,117700,0.0,0.0
2023-01-30 11:00:00+08:00,1.3899999856948853,1.399999976158142,1.3899999856948853,1.399999976158142,40800,0.0,0.0
2023-01-30 12:00:00+08:00,1.399999976158142,1.399999976158142,1.3899999856948853,1.3899999856948853,9700,0.0,0.0
2023-01-30 13:00:00+08:00,1.3899999856948853,1.399999976158142,1.3899999856948853,1.399999976158142,11100,0.0,0.0
2023-01-30 14:00:00+08:00,1.399999976158142,1.399999976158142,1.3899999856948853,1.3899999856948853,97500,0.0,0.0
2023-01-30 15:00:00+08:00,1.3899999856948853,1.3899999856948853,1.3899999856948853,1.3899999856948853,1300,0.0,0.0
2023-01-30 16:00:00+08:00,1.3799999952316284,1.3899999856948853,1.3799999952316284,1.3899999856948853,53700,0.0,0.0
2023-01-31 09:00:00+08:00,1.3899999856948853,1.3899999856948853,1.3799999952316284,1.3899999856948853,61100,0.0,0.0
2023-01-31 10:00:00+08:00,1.3899999856948853,1.3899999856948853,1.3799999952316284,1.3899999856948853,800,0.0,0.0
2023-01-31 11:00:00+08:00,1.3899999856948853,1.3899999856948853,1.3700000047683716,1.3799999952316284,232900,0.0,0.0
2023-01-31 12:00:00+08:00,1.3700000047683716,1.3700000047683716,1.3700000047683716,1.3700000047683716,100,0.0,0.0
2023-01-31 13:00:00+08:00,1.3700000047683716,1.3799999952316284,1.3700000047683716,1.3799999952316284,66200,0.0,0.0
2023-01-31 14:00:00+08:00,1.3799999952316284,1.3799999952316284,1.3700000047683716,1.3799999952316284,87500,0.0,0.0
2023-01-31 15:00:00+08:00,1.3799999952316284,1.3799999952316284,1.3700000047683716,1.3799999952316284,11800,0.0,0.0
2023-01-31 16:00:00+08:00,1.3799999952316284,1.3799999952316284,1.3700000047683716,1.3799999952316284,23700,0.0,0.0
2023-02-01 09:00:00+08:00,1.3799999952316284,1.3899999856948853,1.3700000047683716,1.3799999952316284,304700,0.0,0.0
2023-02-01 10:00:00+08:00,1.3799999952316284,1.3799999952316284,1.3700000047683716,1.3700000047683716,4700,0.0,0.0
2023-02-01 11:00:00+08:00,1.3700000047683716,1.3799999952316284,1.3700000047683716,1.3799999952316284,33200,0.0,0.0
2023-02-01 12:00:00+08:00,1.3799999952316284,1.3799999952316284,1.3799999952316284,1.3799999952316284,73800,0.0,0.0
2023-02-01 13:00:00+08:00,1.3799999952316284,1.3799999952316284,1.3700000047683716,1.3799999952316284,34400,0.0,0.0
2023-02-01 14:00:00+08:00,1.3799999952316284,1.3899999856948853,1.3700000047683716,1.3899999856948853,140100,0.0,0.0
2023-02-01 15:00:00+08:00,1.3899999856948853,1.3899999856948853,1.3799999952316284,1.3799999952316284,334600,0.0,0.0
2023-02-01 16:00:00+08:00,1.3799999952316284,1.3899999856948853,1.3799999952316284,1.3799999952316284,62700,0.0,0.0
2023-02-02 09:00:00+08:00,1.3600000143051147,1.3700000047683716,1.350000023841858,1.3600000143051147,1210600,0.0,0.0
2023-02-02 10:00:00+08:00,1.350000023841858,1.350000023841858,1.350000023841858,1.350000023841858,11900,0.0,0.0
2023-02-02 11:00:00+08:00,1.350000023841858,1.3600000143051147,1.340000033378601,1.340000033378601,428700,0.0,0.0
2023-02-02 12:00:00+08:00,1.340000033378601,1.340000033378601,1.340000033378601,1.340000033378601,4200,0.0,0.0
2023-02-02 13:00:00+08:00,1.350000023841858,1.3600000143051147,1.340000033378601,1.350000023841858,106000,0.0,0.0
2023-02-02 14:00:00+08:00,1.350000023841858,1.3600000143051147,1.350000023841858,1.350000023841858,3300,0.0,0.0
2023-02-02 15:00:00+08:00,1.350000023841858,1.350000023841858,1.350000023841858,1.350000023841858,4300,0.0,0.0
2023-02-02 16:00:00+08:00,1.350000023841858,1.3600000143051147,1.350000023841858,1.350000023841858,146200,0.0,0.0
2023-02-03 09:00:00+08:00,1.3600000143051147,1.3700000047683716,1.350000023841858,1.3600000143051147,0,0.0,0.0
2023-02-03 10:00:00+08:00,1.3600000143051147,1.3600000143051147,1.3600000143051147,1.3600000143051147,743400,0.0,0.0
2023-02-03 11:00:00+08:00,1.3600000143051147,1.3700000047683716,1.3600000143051147,1.3600000143051147,40100,0.0,0.0
2023-02-03 12:00:00+08:00,1.3600000143051147,1.3600000143051147,1.3600000143051147,1.3600000143051147,2500,0.0,0.0
2023-02-03 13:00:00+08:00,1.3600000143051147,1.3700000047683716,1.3600000143051147,1.3700000047683716,3800,0.0,0.0
2023-02-03 14:00:00+08:00,1.3700000047683716,1.3799999952316284,1.3600000143051147,1.3799999952316284,394100,0.0,0.0
2023-02-03 15:00:00+08:00,1.3799999952316284,1.3799999952316284,1.3700000047683716,1.3799999952316284,71400,0.0,0.0
2023-02-03 16:00:00+08:00,1.3799999952316284,1.3799999952316284,1.3700000047683716,1.3799999952316284,26200,0.0,0.0
2023-02-06 09:00:00+08:00,1.3700000047683716,1.3799999952316284,1.3700000047683716,1.3700000047683716,4500,0.0,0.0
2023-02-06 10:00:00+08:00,1.3700000047683716,1.3799999952316284,1.3600000143051147,1.3600000143051147,402200,0.0,0.0
2023-02-06 11:00:00+08:00,1.3600000143051147,1.3700000047683716,1.3600000143051147,1.3700000047683716,10200,0.0,0.0
2023-02-06 12:00:00+08:00,1.3600000143051147,1.3700000047683716,1.3600000143051147,1.3700000047683716,600,0.0,0.0
2023-02-06 13:00:00+08:00,1.3700000047683716,1.3700000047683716,1.3600000143051147,1.3600000143051147,2700,0.0,0.0
2023-02-06 14:00:00+08:00,1.3600000143051147,1.3700000047683716,1.3600000143051147,1.3600000143051147,102700,0.0,0.0
2023-02-06 15:00:00+08:00,1.3600000143051147,1.3700000047683716,1.350000023841858,1.350000023841858,506800,0.0,0.0
2023-02-06 16:00:00+08:00,1.350000023841858,1.3600000143051147,1.350000023841858,1.350000023841858,105000,0.0,0.0
2023-02-07 09:00:00+08:00,1.3600000143051147,1.3600000143051147,1.350000023841858,1.350000023841858,160700,0.0,0.0
2023-02-07 10:00:00+08:00,1.350000023841858,1.3600000143051147,1.350000023841858,1.350000023841858,90400,0.0,0.0
2023-02-07 11:00:00+08:00,1.350000023841858,1.3600000143051147,1.340000033378601,1.3600000143051147,843000,0.0,0.0
2023-02-07 12:00:00+08:00,1.350000023841858,1.3600000143051147,1.350000023841858,1.3600000143051147,90000,0.0,0.0
2023-02-07 13:00:00+08:00,1.3600000143051147,1.3600000143051147,1.350000023841858,1.3600000143051147,23000,0.0,0.0
2023-02-07 14:00:00+08:00,1.3600000143051147,1.3600000143051147,1.350000023841858,1.350000023841858,18800,0.0,0.0
2023-02-07 15:00:00+08:00,1.350000023841858,1.3600000143051147,1.350000023841858,1.350000023841858,24000,0.0,0.0
2023-02-07 16:00:00+08:00,1.350000023841858,1.3600000143051147,1.350000023841858,1.3600000143051147,95100,0.0,0.0
2023-02-08 09:00:00+08:00,1.3600000143051147,1.3700000047683716,1.350000023841858,1.3600000143051147,629400,0.0,0.0
2023-02-08 10:00:00+08:00,1.3600000143051147,1.3600000143051147,1.350000023841858,1.350000023841858,44900,0.0,0.0
2023-02-08 11:00:00+08:00,1.350000023841858,1.3600000143051147,1.350000023841858,1.350000023841858,9200,0.0,0.0
2023-02-08 12:00:00+08:00,1.350000023841858,1.350000023841858,1.350000023841858,1.350000023841858,5700,0.0,0.0
2023-02-08 13:00:00+08:00,1.350000023841858,1.3600000143051147,1.350000023841858,1.3600000143051147,400,0.0,0.0
2023-02-08 14:00:00+08:00,1.3600000143051147,1.3600000143051147,1.350000023841858,1.350000023841858,5600,0.0,0.0
2023-02-08 15:00:00+08:00,1.350000023841858,1.3600000143051147,1.350000023841858,1.350000023841858,18000,0.0,0.0
2023-02-08 16:00:00+08:00,1.350000023841858,1.3600000143051147,1.350000023841858,1.350000023841858,41000,0.0,0.0
2023-02-09 09:00:00+08:00,1.3600000143051147,1.3600000143051147,1.340000033378601,1.350000023841858,953700,0.0,0.0
2023-02-09 10:00:00+08:00,1.350000023841858,1.350000023841858,1.340000033378601,1.350000023841858,307400,0.0,0.0
2023-02-09 11:00:00+08:00,1.350000023841858,1.3600000143051147,1.350000023841858,1.350000023841858,10700,0.0,0.0
2023-02-09 12:00:00+08:00,1.3600000143051147,1.3600000143051147,1.350000023841858,1.350000023841858,3100,0.0,0.0
2023-02-09 13:00:00+08:00,1.350000023841858,1.350000023841858,1.340000033378601,1.350000023841858,344800,0.0,0.0
2023-02-09 14:00:00+08:00,1.350000023841858,1.350000023841858,1.350000023841858,1.350000023841858,167000,0.0,0.0
2023-02-09 15:00:00+08:00,1.350000023841858,1.350000023841858,1.350000023841858,1.350000023841858,32700,0.0,0.0
2023-02-09 16:00:00+08:00,1.350000023841858,1.350000023841858,1.350000023841858,1.350000023841858,38900,0.0,0.0
2023-02-10 09:00:00+08:00,1.350000023841858,1.3600000143051147,1.340000033378601,1.350000023841858,987900,0.0,0.0
2023-02-10 10:00:00+08:00,1.350000023841858,1.3600000143051147,1.350000023841858,1.350000023841858,60800,0.0,0.0
2023-02-10 11:00:00+08:00,1.350000023841858,1.3600000143051147,1.350000023841858,1.350000023841858,10900,0.0,0.0
2023-02-10 12:00:00+08:00,1.350000023841858,1.350000023841858,1.350000023841858,1.350000023841858,19900,0.0,0.0
2023-02-10 13:00:00+08:00,1.350000023841858,1.3600000143051147,1.350000023841858,1.350000023841858,700,0.0,0.0
2023-02-10 14:00:00+08:00,1.350000023841858,1.3600000143051147,1.350000023841858,1.350000023841858,6500,0.0,0.0
2023-02-10 15:00:00+08:00,1.350000023841858,1.3600000143051147,1.350000023841858,1.350000023841858,15100,0.0,0.0
2023-02-10 16:00:00+08:00,1.350000023841858,1.3600000143051147,1.350000023841858,1.350000023841858,60900,0.0,0.0
2023-02-13 09:00:00+08:00,1.3600000143051147,1.3600000143051147,1.350000023841858,1.350000023841858,284100,0.0,0.0
2023-02-13 10:00:00+08:00,1.350000023841858,1.3600000143051147,1.350000023841858,1.350000023841858,285900,0.0,0.0
2023-02-13 11:00:00+08:00,1.350000023841858,1.350000023841858,1.350000023841858,1.350000023841858,31600,0.0,0.0
2023-02-13 13:00:00+08:00,1.350000023841858,1.350000023841858,1.350000023841858,1.350000023841858,1000,0.0,0.0
2023-02-13 14:00:00+08:00,1.350000023841858,1.3600000143051147,1.350000023841858,1.3600000143051147,83900,0.0,0.0
2023-02-13 15:00:00+08:00,1.3600000143051147,1.3600000143051147,1.3600000143051147,1.3600000143051147,600,0.0,0.0
2023-02-13 16:00:00+08:00,1.3600000143051147,1.3600000143051147,1.350000023841858,1.3600000143051147,39100,0.0,0.0
2023-02-14 09:00:00+08:00,1.350000023841858,1.3600000143051147,1.350000023841858,1.350000023841858,200,0.0,0.0
2023-02-14 10:00:00+08:00,1.350000023841858,1.3600000143051147,1.350000023841858,1.3600000143051147,28200,0.0,0.0
2023-02-14 11:00:00+08:00,1.3600000143051147,1.3600000143051147,1.350000023841858,1.3600000143051147,131400,0.0,0.0
2023-02-14 12:00:00+08:00,1.350000023841858,1.350000023841858,1.350000023841858,1.350000023841858,1600,0.0,0.0
2023-02-14 13:00:00+08:00,1.350000023841858,1.3600000143051147,1.350000023841858,1.350000023841858,246300,0.0,0.0
2023-02-14 14:00:00+08:00,1.350000023841858,1.3600000143051147,1.350000023841858,1.350000023841858,6700,0.0,0.0
2023-02-14 15:00:00+08:00,1.350000023841858,1.3600000143051147,1.350000023841858,1.350000023841858,11600,0.0,0.0
2023-02-14 16:00:00+08:00,1.350000023841858,1.3600000143051147,1.350000023841858,1.3600000143051147,14000,0.0,0.0
2023-02-15 09:00:00+08:00,1.350000023841858,1.3600000143051147,1.340000033378601,1.340000033378601,75200,0.0,0.0
2023-02-15 10:00:00+08:00,1.340000033378601,1.350000023841858,1.340000033378601,1.340000033378601,7200,0.0,0.0
2023-02-15 11:00:00+08:00,1.340000033378601,1.340000033378601,1.340000033378601,1.340000033378601,800,0.0,0.0
2023-02-15 12:00:00+08:00,1.340000033378601,1.350000023841858,1.340000033378601,1.350000023841858,200,0.0,0.0
2023-02-15 13:00:00+08:00,1.350000023841858,1.350000023841858,1.340000033378601,1.350000023841858,207600,0.0,0.0
2023-02-15 14:00:00+08:00,1.350000023841858,1.350000023841858,1.340000033378601,1.340000033378601,27600,0.0,0.0
2023-02-15 15:00:00+08:00,1.340000033378601,1.350000023841858,1.340000033378601,1.340000033378601,65400,0.0,0.0
2023-02-15 16:00:00+08:00,1.340000033378601,1.350000023841858,1.3300000429153442,1.3300000429153442,351700,0.0,0.0
2023-02-16 09:00:00+08:00,1.340000033378601,1.350000023841858,1.3300000429153442,1.340000033378601,348900,0.0,0.0
2023-02-16 10:00:00+08:00,1.340000033378601,1.340000033378601,1.3300000429153442,1.3300000429153442,5000,0.0,0.0
2023-02-16 11:00:00+08:00,1.3300000429153442,1.340000033378601,1.3300000429153442,1.340000033378601,35800,0.0,0.0
2023-02-16 12:00:00+08:00,1.3300000429153442,1.3300000429153442,1.3300000429153442,1.3300000429153442,3000,0.0,0.0
2023-02-16 13:00:00+08:00,1.3300000429153442,1.340000033378601,1.3300000429153442,1.3300000429153442,30300,0.0,0.0
2023-02-16 14:00:00+08:00,1.3300000429153442,1.340000033378601,1.3300000429153442,1.3300000429153442,28100,0.0,0.0
2023-02-16 15:00:00+08:00,1.3300000429153442,1.340000033378601,1.3300000429153442,1.3300000429153442,21200,0.0,0.0
2023-02-16 16:00:00+08:00,1.3300000429153442,1.340000033378601,1.3300000429153442,1.3300000429153442,43500,0.0,0.0
2023-02-17 09:00:00+08:00,1.340000033378601,1.340000033378601,1.3200000524520874,1.340000033378601,836800,0.0,0.0
2023-02-17 10:00:00+08:00,1.340000033378601,1.340000033378601,1.3300000429153442,1.340000033378601,3300,0.0,0.0
2023-02-17 11:00:00+08:00,1.340000033378601,1.340000033378601,1.3300000429153442,1.340000033378601,8700,0.0,0.0
2023-02-17 12:00:00+08:00,1.3300000429153442,1.3300000429153442,1.3300000429153442,1.3300000429153442,500,0.0,0.0
2023-02-17 13:00:00+08:00,1.340000033378601,1.340000033378601,1.3300000429153442,1.340000033378601,18900,0.0,0.0
2023-02-17 14:00:00+08:00,1.340000033378601,1.340000033378601,1.3300000429153442,1.3300000429153442,5200,0.0,0.0
2023-02-17 15:00:00+08:00,1.3300000429153442,1.340000033378601,1.3300000429153442,1.3300000429153442,63900,0.0,0.0
2023-02-17 16:00:00+08:00,1.3300000429153442,1.340000033378601,1.3300000429153442,1.3300000429153442,25700,0.0,0.0
2023-02-20 09:00:00+08:00,1.340000033378601,1.340000033378601,1.3300000429153442,1.3300000429153442,170500,0.0,0.0
2023-02-20 10:00:00+08:00,1.3300000429153442,1.340000033378601,1.3200000524520874,1.340000033378601,93200,0.0,0.0
2023-02-20 11:00:00+08:00,1.340000033378601,1.340000033378601,1.3300000429153442,1.340000033378601,12000,0.0,0.0
2023-02-20 12:00:00+08:00,1.3300000429153442,1.340000033378601,1.3300000429153442,1.340000033378601,800,0.0,0.0
2023-02-20 13:00:00+08:00,1.340000033378601,1.340000033378601,1.340000033378601,1.340000033378601,1200,0.0,0.0
2023-02-20 14:00:00+08:00,1.340000033378601,1.340000033378601,1.3300000429153442,1.3300000429153442,83000,0.0,0.0
2023-02-20 15:00:00+08:00,1.3300000429153442,1.340000033378601,1.3300000429153442,1.340000033378601,24000,0.0,0.0
2023-02-20 16:00:00+08:00,1.340000033378601,1.340000033378601,1.3200000524520874,1.3300000429153442,36500,0.0,0.0
2023-02-21 09:00:00+08:00,1.3200000524520874,1.3200000524520874,1.3200000524520874,1.3200000524520874,400,0.0,0.0
2023-02-21 11:00:00+08:00,1.3200000524520874,1.3200000524520874,1.3200000524520874,1.3200000524520874,200,0.0,0.0
2023-02-21 12:00:00+08:00,1.3300000429153442,1.3300000429153442,1.3300000429153442,1.3300000429153442,14700,0.0,0.0
2023-02-21 13:00:00+08:00,1.3300000429153442,1.3300000429153442,1.3200000524520874,1.3200000524520874,5500,0.0,0.0
2023-02-21 14:00:00+08:00,1.3200000524520874,1.3300000429153442,1.309999942779541,1.3200000524520874,538200,0.0,0.0
2023-02-21 15:00:00+08:00,1.3200000524520874,1.3300000429153442,1.2999999523162842,1.309999942779541,687200,0.0,0.0
2023-02-21 16:00:00+08:00,1.309999942779541,1.3200000524520874,1.2999999523162842,1.309999942779541,542800,0.0,0.0
2023-02-22 09:00:00+08:00,1.2899999618530273,1.309999942779541,1.2899999618530273,1.309999942779541,371600,0.0,0.0
2023-02-22 10:00:00+08:00,1.309999942779541,1.309999942779541,1.309999942779541,1.309999942779541,30500,0.0,0.0
2023-02-22 11:00:00+08:00,1.309999942779541,1.3200000524520874,1.309999942779541,1.309999942779541,111900,0.0,0.0
2023-02-22 12:00:00+08:00,1.3200000524520874,1.3200000524520874,1.3200000524520874,1.3200000524520874,2400,0.0,0.0
2023-02-22 13:00:00+08:00,1.3200000524520874,1.3200000524520874,1.309999942779541,1.309999942779541,18800,0.0,0.0
2023-02-22 14:00:00+08:00,1.309999942779541,1.3200000524520874,1.309999942779541,1.309999942779541,47600,0.0,0.0
2023-02-22 15:00:00+08:00,1.309999942779541,1.3200000524520874,1.309999942779541,1.309999942779541,37200,0.0,0.0
2023-02-22 16:00:00+08:00,1.309999942779541,1.3200000524520874,1.309999942779541,1.3200000524520874,100500,0.0,0.0
2023-02-23 10:00:00+08:00,1.3200000524520874,1.3300000429153442,1.3200000524520874,1.3300000429153442,65600,0.0,0.0
2023-02-23 11:00:00+08:00,1.3300000429153442,1.3300000429153442,1.3200000524520874,1.3300000429153442,3400,0.0,0.0
2023-02-23 12:00:00+08:00,1.3300000429153442,1.3300000429153442,1.3300000429153442,1.3300000429153442,500,0.0,0.0
2023-02-23 13:00:00+08:00,1.3300000429153442,1.3300000429153442,1.3300000429153442,1.3300000429153442,2200,0.0,0.0
2023-02-23 14:00:00+08:00,1.3300000429153442,1.3300000429153442,1.3200000524520874,1.3200000524520874,3500,0.0,0.0
2023-02-23 15:00:00+08:00,1.3200000524520874,1.3300000429153442,1.3200000524520874,1.3300000429153442,30600,0.0,0.0
2023-02-23 16:00:00+08:00,1.3300000429153442,1.3300000429153442,1.3200000524520874,1.3200000524520874,65300,0.0,0.0
2023-02-24 11:00:00+08:00,1.3300000429153442,1.340000033378601,1.3300000429153442,1.340000033378601,357800,0.0,0.0
2023-02-24 12:00:00+08:00,1.340000033378601,1.340000033378601,1.340000033378601,1.340000033378601,100,0.0,0.0
2023-02-24 13:00:00+08:00,1.340000033378601,1.340000033378601,1.340000033378601,1.340000033378601,3900,0.0,0.0
2023-02-24 14:00:00+08:00,1.340000033378601,1.340000033378601,1.340000033378601,1.340000033378601,200,0.0,0.0
2023-02-24 15:00:00+08:00,1.340000033378601,1.340000033378601,1.340000033378601,1.340000033378601,700,0.0,0.0
2023-02-24 16:00:00+08:00,1.340000033378601,1.340000033378601,1.3300000429153442,1.340000033378601,42400,0.0,0.0
2023-02-27 09:00:00+08:00,1.340000033378601,1.350000023841858,1.3300000429153442,1.350000023841858,197700,0.0,0.0
2023-02-27 10:00:00+08:00,1.350000023841858,1.350000023841858,1.340000033378601,1.350000023841858,151300,0.0,0.0
2023-02-27 11:00:00+08:00,1.350000023841858,1.350000023841858,1.340000033378601,1.350000023841858,21800,0.0,0.0
2023-02-27 12:00:00+08:00,1.340000033378601,1.340000033378601,1.340000033378601,1.340000033378601,57300,0.0,0.0
2023-02-27 13:00:00+08:00,1.340000033378601,1.340000033378601,1.340000033378601,1.340000033378601,9300,0.0,0.0
2023-02-27 14:00:00+08:00,1.340000033378601,1.350000023841858,1.340000033378601,1.340000033378601,299000,0.0,0.0
2023-02-27 15:00:00+08:00,1.340000033378601,1.350000023841858,1.340000033378601,1.340000033378601,47800,0.0,0.0
2023-02-27 16:00:00+08:00,1.340000033378601,1.350000023841858,1.340000033378601,1.350000023841858,211700,0.0,0.0
2023-02-28 09:00:00+08:00,1.350000023841858,1.3600000143051147,1.350000023841858,1.350000023841858,623100,0.0,0.0
2023-02-28 10:00:00+08:00,1.350000023841858,1.3600000143051147,1.350000023841858,1.350000023841858,193300,0.0,0.0
2023-02-28 11:00:00+08:00,1.350000023841858,1.3600000143051147,1.340000033378601,1.3600000143051147,292400,0.0,0.0
2023-02-28 12:00:00+08:00,1.3600000143051147,1.3600000143051147,1.3600000143051147,1.3600000143051147,300,0.0,0.0
2023-02-28 13:00:00+08:00,1.3600000143051147,1.3600000143051147,1.3600000143051147,1.3600000143051147,900,0.0,0.0
2023-02-28 14:00:00+08:00,1.3600000143051147,1.3600000143051147,1.350000023841858,1.3600000143051147,4500,0.0,0.0
2023-02-28 15:00:00+08:00,1.3600000143051147,1.3700000047683716,1.350000023841858,1.3600000143051147,348800,0.0,0.0
2023-02-28 16:00:00+08:00,1.3600000143051147,1.3700000047683716,1.350000023841858,1.3600000143051147,299200,0.0,0.0
2023-03-01 09:00:00+08:00,1.3700000047683716,1.3700000047683716,1.3600000143051147,1.3700000047683716,23800,0.0,0.0
2023-03-01 10:00:00+08:00,1.3700000047683716,1.3700000047683716,1.3600000143051147,1.3700000047683716,1900,0.0,0.0
2023-03-01 11:00:00+08:00,1.3700000047683716,1.3700000047683716,1.3600000143051147,1.3700000047683716,197100,0.0,0.0
2023-03-01 12:00:00+08:00,1.3700000047683716,1.3700000047683716,1.3700000047683716,1.3700000047683716,16100,0.0,0.0
2023-03-01 13:00:00+08:00,1.3600000143051147,1.3600000143051147,1.350000023841858,1.3600000143051147,142400,0.0,0.0
2023-03-01 14:00:00+08:00,1.3600000143051147,1.3700000047683716,1.350000023841858,1.3600000143051147,112900,0.0,0.0
2023-03-01 15:00:00+08:00,1.3600000143051147,1.3700000047683716,1.3600000143051147,1.3700000047683716,1600,0.0,0.0
2023-03-01 16:00:00+08:00,1.3700000047683716,1.3700000047683716,1.3600000143051147,1.3600000143051147,23200,0.0,0.0
2023-03-02 09:00:00+08:00,1.3600000143051147,1.3700000047683716,1.350000023841858,1.350000023841858,85900,0.0,0.0
2023-03-02 10:00:00+08:00,1.350000023841858,1.3600000143051147,1.350000023841858,1.350000023841858,3900,0.0,0.0
2023-03-02 11:00:00+08:00,1.350000023841858,1.3600000143051147,1.350000023841858,1.350000023841858,1900,0.0,0.0
2023-03-02 12:00:00+08:00,1.3600000143051147,1.3600000143051147,1.3600000143051147,1.3600000143051147,11000,0.0,0.0
2023-03-02 13:00:00+08:00,1.3600000143051147,1.3600000143051147,1.350000023841858,1.3600000143051147,1800,0.0,0.0
2023-03-02 14:00:00+08:00,1.3600000143051147,1.3600000143051147,1.350000023841858,1.350000023841858,47000,0.0,0.0
2023-03-02 15:00:00+08:00,1.350000023841858,1.3600000143051147,1.350000023841858,1.350000023841858,77400,0.0,0.0
2023-03-02 16:00:00+08:00,1.350000023841858,1.3600000143051147,1.350000023841858,1.350000023841858,12900,0.0,0.0
2023-03-03 09:00:00+08:00,1.350000023841858,1.350000023841858,1.350000023841858,1.350000023841858,500,0.0,0.0
2023-03-03 10:00:00+08:00,1.350000023841858,1.3600000143051147,1.350000023841858,1.350000023841858,4600,0.0,0.0
2023-03-03 11:00:00+08:00,1.350000023841858,1.3600000143051147,1.350000023841858,1.350000023841858,68800,0.0,0.0
2023-03-03 12:00:00+08:00,1.3600000143051147,1.3600000143051147,1.350000023841858,1.350000023841858,47100,0.0,0.0
2023-03-03 13:00:00+08:00,1.350000023841858,1.3600000143051147,1.350000023841858,1.350000023841858,7600,0.0,0.0
2023-03-03 14:00:00+08:00,1.350000023841858,1.3600000143051147,1.350000023841858,1.350000023841858,9200,0.0,0.0
2023-03-03 15:00:00+08:00,1.350000023841858,1.3600000143051147,1.350000023841858,1.350000023841858,32600,0.0,0.0
2023-03-03 16:00:00+08:00,1.350000023841858,1.3600000143051147,1.350000023841858,1.350000023841858,12900,0.0,0.0
2023-03-06 09:00:00+08:00,1.3600000143051147,1.3600000143051147,1.350000023841858,1.350000023841858,357700,0.0,0.0
2023-03-06 10:00:00+08:00,1.350000023841858,1.3600000143051147,1.350000023841858,1.350000023841858,88000,0.0,0.0
2023-03-06 11:00:00+08:00,1.350000023841858,1.3600000143051147,1.350000023841858,1.350000023841858,2200,0.0,0.0
2023-03-06 12:00:00+08:00,1.350000023841858,1.350000023841858,1.350000023841858,1.350000023841858,6100,0.0,0.0
2023-03-06 13:00:00+08:00,1.350000023841858,1.350000023841858,1.350000023841858,1.350000023841858,1600,0.0,0.0
2023-03-06 14:00:00+08:00,1.350000023841858,1.350000023841858,1.350000023841858,1.350000023841858,3800,0.0,0.0
2023-03-06 15:00:00+08:00,1.350000023841858,1.350000023841858,1.350000023841858,1.350000023841858,4500,0.0,0.0
2023-03-06 16:00:00+08:00,1.350000023841858,1.3600000143051147,1.350000023841858,1.3600000143051147,17700,0.0,0.0
2023-03-07 09:00:00+08:00,1.3600000143051147,1.3600000143051147,1.340000033378601,1.350000023841858,163400,0.0,0.0
2023-03-07 10:00:00+08:00,1.350000023841858,1.350000023841858,1.350000023841858,1.350000023841858,8100,0.0,0.0
2023-03-07 11:00:00+08:00,1.350000023841858,1.350000023841858,1.350000023841858,1.350000023841858,1400,0.0,0.0
2023-03-07 12:00:00+08:00,1.350000023841858,1.350000023841858,1.350000023841858,1.350000023841858,300,0.0,0.0
2023-03-07 13:00:00+08:00,1.350000023841858,1.350000023841858,1.350000023841858,1.350000023841858,1000,0.0,0.0
2023-03-07 14:00:00+08:00,1.350000023841858,1.3600000143051147,1.350000023841858,1.350000023841858,82300,0.0,0.0
2023-03-07 15:00:00+08:00,1.350000023841858,1.350000023841858,1.340000033378601,1.350000023841858,40600,0.0,0.0
2023-03-07 16:00:00+08:00,1.350000023841858,1.3600000143051147,1.340000033378601,1.340000033378601,80400,0.0,0.0
2023-03-08 09:00:00+08:00,1.350000023841858,1.350000023841858,1.3300000429153442,1.3300000429153442,61700,0.0,0.0
2023-03-08 10:00:00+08:00,1.3300000429153442,1.340000033378601,1.3300000429153442,1.3300000429153442,17500,0.0,0.0
2023-03-08 11:00:00+08:00,1.3300000429153442,1.340000033378601,1.3300000429153442,1.3300000429153442,26400,0.0,0.0
2023-03-08 12:00:00+08:00,1.3300000429153442,1.3300000429153442,1.3300000429153442,1.3300000429153442,8100,0.0,0.0
2023-03-08 13:00:00+08:00,1.3300000429153442,1.3300000429153442,1.3300000429153442,1.3300000429153442,8000,0.0,0.0
2023-03-08 14:00:00+08:00,1.3300000429153442,1.340000033378601,1.3300000429153442,1.3300000429153442,15500,0.0,0.0
2023-03-08 15:00:00+08:00,1.3300000429153442,1.340000033378601,1.3300000429153442,1.340000033378601,25300,0.0,0.0
2023-03-08 16:00:00+08:00,1.340000033378601,1.340000033378601,1.3300000429153442,1.3300000429153442,72100,0.0,0.0
2023-03-09 09:00:00+08:00,1.340000033378601,1.350000023841858,1.3300000429153442,1.340000033378601,147700,0.0,0.0
2023-03-09 10:00:00+08:00,1.3300000429153442,1.340000033378601,1.3300000429153442,1.3300000429153442,12400,0.0,0.0
2023-03-09 11:00:00+08:00,1.3300000429153442,1.340000033378601,1.3300000429153442,1.340000033378601,17700,0.0,0.0
2023-03-09 12:00:00+08:00,1.3300000429153442,1.340000033378601,1.3300000429153442,1.340000033378601,3800,0.0,0.0
2023-03-09 13:00:00+08:00,1.340000033378601,1.340000033378601,1.3300000429153442,1.340000033378601,8900,0.0,0.0
2023-03-09 14:00:00+08:00,1.340000033378601,1.340000033378601,1.3300000429153442,1.340000033378601,11000,0.0,0.0
2023-03-09 15:00:00+08:00,1.340000033378601,1.340000033378601,1.3300000429153442,1.3300000429153442,19200,0.0,0.0
2023-03-09 16:00:00+08:00,1.3300000429153442,1.340000033378601,1.3300000429153442,1.340000033378601,73200,0.0,0.0
2023-03-10 09:00:00+08:00,1.3300000429153442,1.3300000429153442,1.3200000524520874,1.3300000429153442,246500,0.0,0.0
2023-03-10 10:00:00+08:00,1.3300000429153442,1.3300000429153442,1.3200000524520874,1.3300000429153442,10200,0.0,0.0
2023-03-10 11:00:00+08:00,1.3300000429153442,1.3300000429153442,1.3200000524520874,1.3200000524520874,29000,0.0,0.0
2023-03-10 12:00:00+08:00,1.3200000524520874,1.3200000524520874,1.3200000524520874,1.3200000524520874,3300,0.0,0.0
2023-03-10 13:00:00+08:00,1.3200000524520874,1.3300000429153442,1.3200000524520874,1.3200000524520874,73300,0.0,0.0
2023-03-10 14:00:00+08:00,1.3200000524520874,1.3200000524520874,1.309999942779541,1.309999942779541,167300,0.0,0.0
2023-03-10 15:00:00+08:00,1.309999942779541,1.3200000524520874,1.309999942779541,1.309999942779541,40700,0.0,0.0
2023-03-10 16:00:00+08:00,1.309999942779541,1.309999942779541,1.2999999523162842,1.2999999523162842,414400,0.0,0.0
2023-03-13 09:00:00+08:00,1.3200000524520874,1.3200000524520874,1.2899999618530273,1.2899999618530273,107600,0.0,0.0
2023-03-13 10:00:00+08:00,1.2899999618530273,1.2999999523162842,1.2899999618530273,1.2899999618530273,187800,0.0,0.0
2023-03-13 11:00:00+08:00,1.2899999618530273,1.2999999523162842,1.2899999618530273,1.2999999523162842,57300,0.0,0.0
2023-03-13 12:00:00+08:00,1.2999999523162842,1.2999999523162842,1.2999999523162842,1.2999999523162842,41800,0.0,0.0
2023-03-13 13:00:00+08:00,1.2999999523162842,1.3200000524520874,1.2899999618530273,1.309999942779541,318500,0.0,0.0
2023-03-13 14:00:00+08:00,1.309999942779541,1.309999942779541,1.2999999523162842,1.2999999523162842,129800,0.0,0.0
2023-03-13 15:00:00+08:00,1.2999999523162842,1.309999942779541,1.2999999523162842,1.309999942779541,83200,0.0,0.0
2023-03-13 16:00:00+08:00,1.309999942779541,1.309999942779541,1.2999999523162842,1.309999942779541,88100,0.0,0.0
2023-03-14 09:00:00+08:00,1.2999999523162842,1.309999942779541,1.2999999523162842,1.309999942779541,225100,0.0,0.0
2023-03-14 10:00:00+08:00,1.309999942779541,1.309999942779541,1.2999999523162842,1.2999999523162842,58100,0.0,0.0
2023-03-14 11:00:00+08:00,1.2999999523162842,1.309999942779541,1.2899999618530273,1.2999999523162842,219000,0.0,0.0
2023-03-14 12:00:00+08:00,1.2899999618530273,1.2999999523162842,1.2899999618530273,1.2999999523162842,6800,0.0,0.0
2023-03-14 13:00:00+08:00,1.2999999523162842,1.2999999523162842,1.2999999523162842,1.2999999523162842,7700,0.0,0.0
2023-03-14 14:00:00+08:00,1.2999999523162842,1.2999999523162842,1.2899999618530273,1.2999999523162842,21900,0.0,0.0
2023-03-14 15:00:00+08:00,1.2999999523162842,1.2999999523162842,1.2899999618530273,1.2999999523162842,63300,0.0,0.0
2023-03-14 16:00:00+08:00,1.2999999523162842,1.2999999523162842,1.2899999618530273,1.2999999523162842,370600,0.0,0.0
2023-03-15 09:00:00+08:00,1.2999999523162842,1.3300000429153442,1.2999999523162842,1.3300000429153442,109000,0.0,0.0
2023-03-15 10:00:00+08:00,1.3300000429153442,1.3300000429153442,1.309999942779541,1.309999942779541,94600,0.0,0.0
2023-03-15 11:00:00+08:00,1.309999942779541,1.3200000524520874,1.309999942779541,1.3200000524520874,11500,0.0,0.0
2023-03-15 12:00:00+08:00,1.3200000524520874,1.3200000524520874,1.3200000524520874,1.3200000524520874,21300,0.0,0.0
2023-03-15 13:00:00+08:00,1.3200000524520874,1.3200000524520874,1.309999942779541,1.3200000524520874,11200,0.0,0.0
2023-03-15 14:00:00+08:00,1.3200000524520874,1.3300000429153442,1.309999942779541,1.3300000429153442,30800,0.0,0.0
2023-03-15 15:00:00+08:00,1.3300000429153442,1.3300000429153442,1.3200000524520874,1.3300000429153442,28600,0.0,0.0
2023-03-15 16:00:00+08:00,1.3300000429153442,1.3300000429153442,1.3200000524520874,1.3300000429153442,71200,0.0,0.0
2023-03-16 09:00:00+08:00,1.3300000429153442,1.3300000429153442,1.3200000524520874,1.3300000429153442,29600,0.0,0.0
2023-03-16 10:00:00+08:00,1.3300000429153442,1.3300000429153442,1.3200000524520874,1.3200000524520874,30100,0.0,0.0
2023-03-16 11:00:00+08:00,1.3200000524520874,1.3300000429153442,1.3200000524520874,1.3200000524520874,9300,0.0,0.0
2023-03-16 12:00:00+08:00,1.3200000524520874,1.3300000429153442,1.3200000524520874,1.3300000429153442,9500,0.0,0.0
2023-03-16 13:00:00+08:00,1.3300000429153442,1.3300000429153442,1.3200000524520874,1.3300000429153442,19600,0.0,0.0
2023-03-16 14:00:00+08:00,1.3300000429153442,1.3300000429153442,1.3200000524520874,1.3300000429153442,9100,0.0,0.0
2023-03-16 15:00:00+08:00,1.3300000429153442,1.3300000429153442,1.3200000524520874,1.3300000429153442,8000,0.0,0.0
2023-03-16 16:00:00+08:00,1.3300000429153442,1.3300000429153442,1.3200000524520874,1.3300000429153442,28600,0.0,0.0
2023-03-17 09:00:00+08:00,1.3300000429153442,1.340000033378601,1.3300000429153442,1.340000033378601,97700,0.0,0.0
2023-03-17 10:00:00+08:00,1.340000033378601,1.350000023841858,1.3300000429153442,1.350000023841858,128100,0.0,0.0
2023-03-17 11:00:00+08:00,1.350000023841858,1.350000023841858,1.3300000429153442,1.340000033378601,313200,0.0,0.0
2023-03-17 12:00:00+08:00,1.340000033378601,1.340000033378601,1.340000033378601,1.340000033378601,1600,0.0,0.0
2023-03-17 13:00:00+08:00,1.340000033378601,1.340000033378601,1.3300000429153442,1.340000033378601,26800,0.0,0.0
2023-03-17 14:00:00+08:00,1.340000033378601,1.340000033378601,1.3300000429153442,1.340000033378601,26100,0.0,0.0
2023-03-17 15:00:00+08:00,1.340000033378601,1.340000033378601,1.3300000429153442,1.340000033378601,40700,0.0,0.0
2023-03-17 16:00:00+08:00,1.340000033378601,1.340000033378601,1.3200000524520874,1.3300000429153442,221900,0.0,0.0
2023-03-20 09:00:00+08:00,1.340000033378601,1.350000023841858,1.3300000429153442,1.340000033378601,206300,0.0,0.0
2023-03-20 10:00:00+08:00,1.340000033378601,1.340000033378601,1.3300000429153442,1.3300000429153442,18000,0.0,0.0
2023-03-20 11:00:00+08:00,1.3300000429153442,1.340000033378601,1.3200000524520874,1.3200000524520874,240800,0.0,0.0
2023-03-20 12:00:00+08:00,1.3200000524520874,1.3200000524520874,1.3200000524520874,1.3200000524520874,5500,0.0,0.0
2023-03-20 13:00:00+08:00,1.3200000524520874,1.3300000429153442,1.309999942779541,1.3200000524520874,133600,0.0,0.0
2023-03-20 14:00:00+08:00,1.3200000524520874,1.3200000524520874,1.309999942779541,1.3200000524520874,25300,0.0,0.0
2023-03-20 15:00:00+08:00,1.3200000524520874,1.3200000524520874,1.309999942779541,1.3200000524520874,29100,0.0,0.0
2023-03-20 16:00:00+08:00,1.3200000524520874,1.3200000524520874,1.309999942779541,1.309999942779541,36300,0.0,0.0
2023-03-21 09:00:00+08:00,1.3200000524520874,1.3300000429153442,1.309999942779541,1.3200000524520874,771500,0.0,0.0
2023-03-21 10:00:00+08:00,1.3200000524520874,1.3200000524520874,1.309999942779541,1.3200000524520874,18700,0.0,0.0
2023-03-21 11:00:00+08:00,1.3200000524520874,1.3200000524520874,1.309999942779541,1.309999942779541,33700,0.0,0.0
2023-03-21 12:00:00+08:00,1.309999942779541,1.3200000524520874,1.309999942779541,1.3200000524520874,632300,0.0,0.0
2023-03-21 13:00:00+08:00,1.3200000524520874,1.3200000524520874,1.309999942779541,1.309999942779541,18200,0.0,0.0
2023-03-21 14:00:00+08:00,1.309999942779541,1.3200000524520874,1.309999942779541,1.3200000524520874,618000,0.0,0.0
2023-03-21 15:00:00+08:00,1.3200000524520874,1.3200000524520874,1.309999942779541,1.309999942779541,15800,0.0,0.0
2023-03-21 16:00:00+08:00,1.309999942779541,1.3200000524520874,1.309999942779541,1.3200000524520874,60800,0.0,0.0
2023-03-22 09:00:00+08:00,1.309999942779541,1.3200000524520874,1.2999999523162842,1.309999942779541,196100,0.0,0.0
2023-03-22 10:00:00+08:00,1.309999942779541,1.3200000524520874,1.309999942779541,1.3200000524520874,24000,0.0,0.0
2023-03-22 11:00:00+08:00,1.3200000524520874,1.3200000524520874,1.309999942779541,1.309999942779541,24600,0.0,0.0
2023-03-22 12:00:00+08:00,1.3200000524520874,1.3200000524520874,1.3200000524520874,1.3200000524520874,3000,0.0,0.0
2023-03-22 13:00:00+08:00,1.3200000524520874,1.3200000524520874,1.309999942779541,1.3200000524520874,23500,0.0,0.0
2023-03-22 14:00:00+08:00,1.3200000524520874,1.3200000524520874,1.309999942779541,1.309999942779541,6700,0.0,0.0
2023-03-22 15:00:00+08:00,1.309999942779541,1.3200000524520874,1.309999942779541,1.3200000524520874,82100,0.0,0.0
2023-03-22 16:00:00+08:00,1.3200000524520874,1.3200000524520874,1.2999999523162842,1.309999942779541,453800,0.0,0.0
2023-03-23 09:00:00+08:00,1.2999999523162842,1.309999942779541,1.2999999523162842,1.309999942779541,323600,0.0,0.0
2023-03-23 10:00:00+08:00,1.309999942779541,1.309999942779541,1.309999942779541,1.309999942779541,8700,0.0,0.0
2023-03-23 11:00:00+08:00,1.309999942779541,1.309999942779541,1.309999942779541,1.309999942779541,6600,0.0,0.0
2023-03-23 12:00:00+08:00,1.309999942779541,1.309999942779541,1.309999942779541,1.309999942779541,1100,0.0,0.0
2023-03-23 13:00:00+08:00,1.309999942779541,1.309999942779541,1.2999999523162842,1.309999942779541,37900,0.0,0.0
2023-03-23 14:00:00+08:00,1.309999942779541,1.309999942779541,1.309999942779541,1.309999942779541,13300,0.0,0.0
2023-03-23 15:00:00+08:00,1.309999942779541,1.309999942779541,1.2999999523162842,1.309999942779541,71400,0.0,0.0
2023-03-23 16:00:00+08:00,1.309999942779541,1.309999942779541,1.2999999523162842,1.2999999523162842,34500,0.0,0.0
2023-03-24 09:00:00+08:00,1.3200000524520874,1.3200000524520874,1.309999942779541,1.3200000524520874,84000,0.0,0.0
2023-03-24 10:00:00+08:00,1.3200000524520874,1.3200000524520874,1.309999942779541,1.309999942779541,232200,0.0,0.0
2023-03-24 11:00:00+08:00,1.309999942779541,1.309999942779541,1.2999999523162842,1.2999999523162842,29300,0.0,0.0
2023-03-24 12:00:00+08:00,1.2899999618530273,1.2999999523162842,1.2899999618530273,1.2999999523162842,228400,0.0,0.0
2023-03-24 13:00:00+08:00,1.2999999523162842,1.2999999523162842,1.2899999618530273,1.2999999523162842,22900,0.0,0.0
2023-03-24 14:00:00+08:00,1.2999999523162842,1.2999999523162842,1.2899999618530273,1.2899999618530273,555100,0.0,0.0
2023-03-24 15:00:00+08:00,1.2999999523162842,1.2999999523162842,1.2999999523162842,1.2999999523162842,57500,0.0,0.0
2023-03-24 16:00:00+08:00,1.2999999523162842,1.2999999523162842,1.2899999618530273,1.2999999523162842,29200,0.0,0.0
2023-03-27 09:00:00+08:00,1.2999999523162842,1.309999942779541,1.2999999523162842,1.2999999523162842,91300,0.0,0.0
2023-03-27 10:00:00+08:00,1.2999999523162842,1.309999942779541,1.2999999523162842,1.309999942779541,134300,0.0,0.0
2023-03-27 11:00:00+08:00,1.309999942779541,1.309999942779541,1.2999999523162842,1.2999999523162842,93700,0.0,0.0
2023-03-27 12:00:00+08:00,1.309999942779541,1.309999942779541,1.2999999523162842,1.2999999523162842,8900,0.0,0.0
2023-03-27 13:00:00+08:00,1.2999999523162842,1.3200000524520874,1.2999999523162842,1.309999942779541,299800,0.0,0.0
2023-03-27 14:00:00+08:00,1.309999942779541,1.309999942779541,1.2999999523162842,1.2999999523162842,33200,0.0,0.0
2023-03-27 15:00:00+08:00,1.2999999523162842,1.309999942779541,1.2999999523162842,1.309999942779541,65700,0.0,0.0
2023-03-27 16:00:00+08:00,1.2999999523162842,1.309999942779541,1.2999999523162842,1.309999942779541,76600,0.0,0.0
2023-03-28 09:00:00+08:00,1.309999942779541,1.3200000524520874,1.2999999523162842,1.2999999523162842,182900,0.0,0.0
2023-03-28 10:00:00+08:00,1.2999999523162842,1.309999942779541,1.2999999523162842,1.2999999523162842,24000,0.0,0.0
2023-03-28 11:00:00+08:00,1.2999999523162842,1.309999942779541,1.2999999523162842,1.2999999523162842,11700,0.0,0.0
2023-03-28 12:00:00+08:00,1.309999942779541,1.309999942779541,1.309999942779541,1.309999942779541,2600,0.0,0.0
2023-03-28 13:00:00+08:00,1.309999942779541,1.309999942779541,1.2999999523162842,1.309999942779541,43800,0.0,0.0
2023-03-28 14:00:00+08:00,1.309999942779541,1.3200000524520874,1.2999999523162842,1.2999999523162842,98500,0.0,0.0
2023-03-28 15:00:00+08:00,1.2999999523162842,1.309999942779541,1.2999999523162842,1.2999999523162842,168500,0.0,0.0
2023-03-28 16:00:00+08:00,1.2999999523162842,1.309999942779541,1.2899999618530273,1.2999999523162842,532900,0.0,0.0
2023-03-29 09:00:00+08:00,1.2999999523162842,1.309999942779541,1.2899999618530273,1.2999999523162842,135000,0.0,0.0
2023-03-29 10:00:00+08:00,1.2999999523162842,1.2999999523162842,1.2899999618530273,1.2999999523162842,26100,0.0,0.0
2023-03-29 11:00:00+08:00,1.2999999523162842,1.309999942779541,1.2999999523162842,1.2999999523162842,28600,0.0,0.0
2023-03-29 12:00:00+08:00,1.2999999523162842,1.2999999523162842,1.2999999523162842,1.2999999523162842,7300,0.0,0.0
2023-03-29 13:00:00+08:00,1.2999999523162842,1.2999999523162842,1.2899999618530273,1.2999999523162842,65300,0.0,0.0
2023-03-29 14:00:00+08:00,1.2999999523162842,1.309999942779541,1.2999999523162842,1.309999942779541,150700,0.0,0.0
2023-03-29 15:00:00+08:00,1.309999942779541,1.309999942779541,1.2999999523162842,1.309999942779541,9400,0.0,0.0
2023-03-29 16:00:00+08:00,1.309999942779541,1.309999942779541,1.2999999523162842,1.309999942779541,20200,0.0,0.0
2023-03-30 09:00:00+08:00,1.309999942779541,1.3200000524520874,1.2999999523162842,1.309999942779541,97200,0.0,0.0
2023-03-30 10:00:00+08:00,1.309999942779541,1.309999942779541,1.309999942779541,1.309999942779541,5600,0.0,0.0
2023-03-30 11:00:00+08:00,1.309999942779541,1.309999942779541,1.2999999523162842,1.309999942779541,9000,0.0,0.0
2023-03-30 12:00:00+08:00,1.309999942779541,1.309999942779541,1.309999942779541,1.309999942779541,9200,0.0,0.0
2023-03-30 13:00:00+08:00,1.309999942779541,1.309999942779541,1.309999942779541,1.309999942779541,9700,0.0,0.0
2023-03-30 14:00:00+08:00,1.309999942779541,1.309999942779541,1.2999999523162842,1.309999942779541,22600,0.0,0.0
2023-03-30 15:00:00+08:00,1.309999942779541,1.309999942779541,1.2999999523162842,1.309999942779541,12600,0.0,0.0
2023-03-30 16:00:00+08:00,1.309999942779541,1.3200000524520874,1.309999942779541,1.3200000524520874,744000,0.0,0.0
2023-03-31 09:00:00+08:00,1.3200000524520874,1.3200000524520874,1.309999942779541,1.3200000524520874,295600,0.0,0.0
2023-03-31 10:00:00+08:00,1.3200000524520874,1.3200000524520874,1.3200000524520874,1.3200000524520874,25300,0.0,0.0
2023-03-31 11:00:00+08:00,1.3200000524520874,1.3300000429153442,1.309999942779541,1.3300000429153442,37200,0.0,0.0
2023-03-31 12:00:00+08:00,1.3200000524520874,1.3300000429153442,1.3200000524520874,1.3300000429153442,100,0.0,0.0
2023-03-31 13:00:00+08:00,1.3300000429153442,1.3300000429153442,1.309999942779541,1.3200000524520874,226700,0.0,0.0
2023-03-31 14:00:00+08:00,1.3200000524520874,1.3200000524520874,1.3200000524520874,1.3200000524520874,8700,0.0,0.0
2023-03-31 15:00:00+08:00,1.3200000524520874,1.3300000429153442,1.3200000524520874,1.3300000429153442,37000,0.0,0.0
2023-03-31 16:00:00+08:00,1.3300000429153442,1.3300000429153442,1.3200000524520874,1.3200000524520874,6500,0.0,0.0
2023-04-03 09:00:00+08:00,1.3200000524520874,1.340000033378601,1.3200000524520874,1.340000033378601,108900,0.0,0.0
2023-04-03 10:00:00+08:00,1.340000033378601,1.340000033378601,1.3300000429153442,1.3300000429153442,6400,0.0,0.0
2023-04-03 11:00:00+08:00,1.3300000429153442,1.340000033378601,1.3300000429153442,1.340000033378601,12600,0.0,0.0
2023-04-03 12:00:00+08:00,1.340000033378601,1.340000033378601,1.340000033378601,1.340000033378601,600,0.0,0.0
2023-04-03 13:00:00+08:00,1.340000033378601,1.340000033378601,1.3300000429153442,1.340000033378601,21100,0.0,0.0
2023-04-03 14:00:00+08:00,1.340000033378601,1.340000033378601,1.3200000524520874,1.3300000429153442,165000,0.0,0.0
2023-04-03 15:00:00+08:00,1.3300000429153442,1.3300000429153442,1.3200000524520874,1.3300000429153442,0,0.0,0.0
2023-04-03 16:00:00+08:00,1.3300000429153442,1.340000033378601,1.3200000524520874,1.3300000429153442,417500,0.0,0.0
2023-04-04 09:00:00+08:00,1.340000033378601,1.350000023841858,1.3300000429153442,1.350000023841858,291100,0.0,0.0
2023-04-04 10:00:00+08:00,1.350000023841858,1.350000023841858,1.340000033378601,1.340000033378601,90000,0.0,0.0
2023-04-04 11:00:00+08:00,1.340000033378601,1.350000023841858,1.340000033378601,1.340000033378601,13200,0.0,0.0
2023-04-04 12:00:00+08:00,1.340000033378601,1.340000033378601,1.340000033378601,1.340000033378601,3100,0.0,0.0
2023-04-04 13:00:00+08:00,1.340000033378601,1.350000023841858,1.340000033378601,1.350000023841858,146100,0.0,0.0
2023-04-04 14:00:00+08:00,1.350000023841858,1.350000023841858,1.3300000429153442,1.340000033378601,0,0.0,0.0
2023-04-04 15:00:00+08:00,1.340000033378601,1.350000023841858,1.340000033378601,1.340000033378601,681800,0.0,0.0
2023-04-04 16:00:00+08:00,1.340000033378601,1.350000023841858,1.3300000429153442,1.3300000429153442,76100,0.0,0.0
2023-04-05 09:00:00+08:00,1.340000033378601,1.350000023841858,1.3300000429153442,1.350000023841858,165100,0.0,0.0
2023-04-05 10:00:00+08:00,1.350000023841858,1.350000023841858,1.340000033378601,1.340000033378601,0,0.0,0.0
2023-04-05 11:00:00+08:00,1.340000033378601,1.340000033378601,1.340000033378601,1.340000033378601,278700,0.0,0.0
2023-04-05 12:00:00+08:00,1.340000033378601,1.340000033378601,1.340000033378601,1.340000033378601,10500,0.0,0.0
2023-04-05 13:00:00+08:00,1.340000033378601,1.350000023841858,1.340000033378601,1.350000023841858,300,0.0,0.0
2023-04-05 14:00:00+08:00,1.350000023841858,1.350000023841858,1.340000033378601,1.350000023841858,2600,0.0,0.0
2023-04-05 15:00:00+08:00,1.350000023841858,1.350000023841858,1.340000033378601,1.350000023841858,9100,0.0,0.0
2023-04-05 16:00:00+08:00,1.350000023841858,1.350000023841858,1.340000033378601,1.340000033378601,179200,0.0,0.0
2023-04-06 09:00:00+08:00,1.350000023841858,1.350000023841858,1.340000033378601,1.340000033378601,11400,0.0,0.0
2023-04-06 10:00:00+08:00,1.340000033378601,1.350000023841858,1.340000033378601,1.340000033378601,334500,0.0,0.0
2023-04-06 11:00:00+08:00,1.340000033378601,1.350000023841858,1.340000033378601,1.340000033378601,170400,0.0,0.0
2023-04-06 12:00:00+08:00,1.350000023841858,1.350000023841858,1.340000033378601,1.340000033378601,1800,0.0,0.0
2023-04-06 13:00:00+08:00,1.340000033378601,1.350000023841858,1.340000033378601,1.350000023841858,6900,0.0,0.0
2023-04-06 14:00:00+08:00,1.350000023841858,1.350000023841858,1.340000033378601,1.350000023841858,36500,0.0,0.0
2023-04-06 15:00:00+08:00,1.350000023841858,1.350000023841858,1.340000033378601,1.350000023841858,26200,0.0,0.0
2023-04-06 16:00:00+08:00,1.350000023841858,1.350000023841858,1.340000033378601,1.350000023841858,109800,0.0,0.0
2023-04-10 09:00:00+08:00,1.350000023841858,1.3600000143051147,1.350000023841858,1.350000023841858,230800,0.0,0.0
2023-04-10 10:00:00+08:00,1.350000023841858,1.3600000143051147,1.350000023841858,1.3600000143051147,103400,0.0,0.0
2023-04-10 11:00:00+08:00,1.3600000143051147,1.3600000143051147,1.350000023841858,1.3600000143051147,70900,0.0,0.0
2023-04-10 12:00:00+08:00,1.3600000143051147,1.3600000143051147,1.3600000143051147,1.3600000143051147,1000,0.0,0.0
2023-04-10 13:00:00+08:00,1.3600000143051147,1.3600000143051147,1.350000023841858,1.3600000143051147,5500,0.0,0.0
2023-04-10 14:00:00+08:00,1.3600000143051147,1.3600000143051147,1.350000023841858,1.350000023841858,37400,0.0,0.0
2023-04-10 15:00:00+08:00,1.350000023841858,1.3600000143051147,1.350000023841858,1.3600000143051147,3000,0.0,0.0
2023-04-10 16:00:00+08:00,1.3600000143051147,1.3600000143051147,1.350000023841858,1.3600000143051147,8100,0.0,0.0
2023-04-11 09:00:00+08:00,1.3600000143051147,1.3600000143051147,1.350000023841858,1.350000023841858,3800,0.0,0.0
2023-04-11 10:00:00+08:00,1.350000023841858,1.3600000143051147,1.350000023841858,1.350000023841858,9100,0.0,0.0
2023-04-11 11:00:00+08:00,1.350000023841858,1.3600000143051147,1.350000023841858,1.3600000143051147,6400,0.0,0.0
2023-04-11 12:00:00+08:00,1.350000023841858,1.3600000143051147,1.350000023841858,1.3600000143051147,102300,0.0,0.0
2023-04-11 13:00:00+08:00,1.3600000143051147,1.3600000143051147,1.350000023841858,1.3600000143051147,115900,0.0,0.0
2023-04-11 14:00:00+08:00,1.3600000143051147,1.3600000143051147,1.350000023841858,1.350000023841858,18800,0.0,0.0
2023-04-11 15:00:00+08:00,1.350000023841858,1.3600000143051147,1.350000023841858,1.3600000143051147,8200,0.0,0.0
2023-04-11 16:00:00+08:00,1.3600000143051147,1.3600000143051147,1.350000023841858,1.350000023841858,53300,0.0,0.0
2023-04-12 09:00:00+08:00,1.350000023841858,1.3600000143051147,1.350000023841858,1.3600000143051147,195700,0.0,0.0
2023-04-12 10:00:00+08:00,1.3600000143051147,1.3600000143051147,1.350000023841858,1.350000023841858,46700,0.0,0.0
2023-04-12 11:00:00+08:00,1.350000023841858,1.350000023841858,1.350000023841858,1.350000023841858,16900,0.0,0.0
2023-04-12 12:00:00+08:00,1.350000023841858,1.350000023841858,1.350000023841858,1.350000023841858,13000,0.0,0.0
2023-04-12 13:00:00+08:00,1.350000023841858,1.3600000143051147,1.350000023841858,1.350000023841858,105200,0.0,0.0
2023-04-12 14:00:00+08:00,1.350000023841858,1.3600000143051147,1.350000023841858,1.3600000143051147,26900,0.0,0.0
2023-04-12 15:00:00+08:00,1.3600000143051147,1.3600000143051147,1.3600000143051147,1.3600000143051147,20200,0.0,0.0
2023-04-12 16:00:00+08:00,1.3600000143051147,1.3600000143051147,1.350000023841858,1.3600000143051147,66300,0.0,0.0
2023-04-13 09:00:00+08:00,1.3600000143051147,1.3600000143051147,1.3600000143051147,1.3600000143051147,400,0.0,0.0
2023-04-13 10:00:00+08:00,1.3600000143051147,1.3600000143051147,1.350000023841858,1.3600000143051147,8500,0.0,0.0
2023-04-13 11:00:00+08:00,1.3600000143051147,1.3600000143051147,1.350000023841858,1.3600000143051147,20200,0.0,0.0
2023-04-13 12:00:00+08:00,1.3600000143051147,1.3600000143051147,1.350000023841858,1.350000023841858,9900,0.0,0.0
2023-04-13 13:00:00+08:00,1.350000023841858,1.3600000143051147,1.350000023841858,1.3600000143051147,7400,0.0,0.0
2023-04-13 14:00:00+08:00,1.3600000143051147,1.3600000143051147,1.350000023841858,1.3600000143051147,24700,0.0,0.0
2023-04-13 15:00:00+08:00,1.350000023841858,1.3600000143051147,1.350000023841858,1.3600000143051147,28400,0.0,0.0
2023-04-13 16:00:00+08:00,1.3600000143051147,1.3600000143051147,1.350000023841858,1.350000023841858,67000,0.0,0.0
2023-04-14 09:00:00+08:00,1.3700000047683716,1.3700000047683716,1.3600000143051147,1.3600000143051147,65000,0.0,0.0
2023-04-14 10:00:00+08:00,1.3600000143051147,1.3700000047683716,1.3600000143051147,1.3700000047683716,11200,0.0,0.0
2023-04-14 11:00:00+08:00,1.3700000047683716,1.3700000047683716,1.3600000143051147,1.3600000143051147,205700,0.0,0.0
2023-04-14 12:00:00+08:00,1.3600000143051147,1.3600000143051147,1.3600000143051147,1.3600000143051147,3300,0.0,0.0
2023-04-14 13:00:00+08:00,1.3600000143051147,1.3700000047683716,1.3600000143051147,1.3700000047683716,144800,0.0,0.0
2023-04-14 14:00:00+08:00,1.3700000047683716,1.3700000047683716,1.3600000143051147,1.3700000047683716,82200,0.0,0.0
2023-04-14 15:00:00+08:00,1.3700000047683716,1.3700000047683716,1.3600000143051147,1.3700000047683716,57900,0.0,0.0
2023-04-14 16:00:00+08:00,1.3700000047683716,1.3799999952316284,1.3600000143051147,1.3799999952316284,793700,0.0,0.0
2023-04-17 09:00:00+08:00,1.3799999952316284,1.3799999952316284,1.3700000047683716,1.3700000047683716,5300,0.0,0.0
2023-04-17 10:00:00+08:00,1.3700000047683716,1.3799999952316284,1.3700000047683716,1.3799999952316284,50700,0.0,0.0
2023-04-17 11:00:00+08:00,1.3799999952316284,1.3799999952316284,1.3700000047683716,1.3799999952316284,63800,0.0,0.0
2023-04-17 12:00:00+08:00,1.3700000047683716,1.3700000047683716,1.3700000047683716,1.3700000047683716,200,0.0,0.0
2023-04-17 13:00:00+08:00,1.3700000047683716,1.3799999952316284,1.3700000047683716,1.3700000047683716,16700,0.0,0.0
2023-04-17 14:00:00+08:00,1.3700000047683716,1.3799999952316284,1.3700000047683716,1.3799999952316284,117700,0.0,0.0
2023-04-17 15:00:00+08:00,1.3799999952316284,1.3799999952316284,1.3700000047683716,1.3700000047683716,6500,0.0,0.0
2023-04-17 16:00:00+08:00,1.3700000047683716,1.3799999952316284,1.3700000047683716,1.3799999952316284,122600,0.0,0.0
2023-04-18 09:00:00+08:00,1.3700000047683716,1.3799999952316284,1.3700000047683716,1.3799999952316284,408400,0.0,0.0
2023-04-18 10:00:00+08:00,1.3799999952316284,1.3799999952316284,1.3700000047683716,1.3799999952316284,32400,0.0,0.0
2023-04-18 11:00:00+08:00,1.3799999952316284,1.3799999952316284,1.3700000047683716,1.3799999952316284,36000,0.0,0.0
2023-04-18 12:00:00+08:00,1.3799999952316284,1.3799999952316284,1.3799999952316284,1.3799999952316284,482200,0.0,0.0
2023-04-18 13:00:00+08:00,1.3799999952316284,1.399999976158142,1.3799999952316284,1.3899999856948853,866700,0.0,0.0
2023-04-18 14:00:00+08:00,1.3899999856948853,1.399999976158142,1.3899999856948853,1.399999976158142,125000,0.0,0.0
2023-04-18 15:00:00+08:00,1.399999976158142,1.399999976158142,1.3899999856948853,1.399999976158142,151000,0.0,0.0
2023-04-18 16:00:00+08:00,1.399999976158142,1.399999976158142,1.3899999856948853,1.3899999856948853,225200,0.0,0.0
2023-04-19 09:00:00+08:00,1.3899999856948853,1.399999976158142,1.3799999952316284,1.3899999856948853,444600,0.0,0.0
2023-04-19 10:00:00+08:00,1.3899999856948853,1.3899999856948853,1.3799999952316284,1.3799999952316284,248100,0.0,0.0
2023-04-19 11:00:00+08:00,1.3799999952316284,1.3899999856948853,1.3799999952316284,1.3799999952316284,54800,0.0,0.0
2023-04-19 12:00:00+08:00,1.3799999952316284,1.3899999856948853,1.3799999952316284,1.3899999856948853,16500,0.0,0.0
2023-04-19 13:00:00+08:00,1.3899999856948853,1.3899999856948853,1.3799999952316284,1.3899999856948853,43100,0.0,0.0
2023-04-19 14:00:00+08:00,1.3899999856948853,1.3899999856948853,1.3799999952316284,1.3799999952316284,65800,0.0,0.0
2023-04-19 15:00:00+08:00,1.3799999952316284,1.3899999856948853,1.3799999952316284,1.3799999952316284,39800,0.0,0.0
2023-04-19 16:00:00+08:00,1.3799999952316284,1.3899999856948853,1.3799999952316284,1.3799999952316284,172400,0.0,0.0
2023-04-20 09:00:00+08:00,1.3799999952316284,1.3899999856948853,1.3799999952316284,1.3799999952316284,16000,0.0,0.0
2023-04-20 10:00:00+08:00,1.3799999952316284,1.3899999856948853,1.3799999952316284,1.3799999952316284,26000,0.0,0.0
2023-04-20 11:00:00+08:00,1.3799999952316284,1.3899999856948853,1.3799999952316284,1.3799999952316284,28200,0.0,0.0
2023-04-20 12:00:00+08:00,1.3799999952316284,1.3799999952316284,1.3799999952316284,1.3799999952316284,26600,0.0,0.0
2023-04-20 13:00:00+08:00,1.3899999856948853,1.3899999856948853,1.3799999952316284,1.3799999952316284,78100,0.0,0.0
2023-04-20 14:00:00+08:00,1.3799999952316284,1.3899999856948853,1.3799999952316284,1.3799999952316284,52700,0.0,0.0
2023-04-20 15:00:00+08:00,1.3799999952316284,1.3799999952316284,1.3799999952316284,1.3799999952316284,10000,0.0,0.0
2023-04-20 16:00:00+08:00,1.3799999952316284,1.3899999856948853,1.3700000047683716,1.3899999856948853,263700,0.0,0.0
2023-04-21 09:00:00+08:00,1.3700000047683716,1.3799999952316284,1.3700000047683716,1.3700000047683716,137500,0.0,0.0
2023-04-21 10:00:00+08:00,1.3700000047683716,1.3799999952316284,1.3700000047683716,1.3700000047683716,14800,0.0,0.0
2023-04-21 11:00:00+08:00,1.3700000047683716,1.3799999952316284,1.3700000047683716,1.3799999952316284,22400,0.0,0.0
2023-04-21 12:00:00+08:00,1.3700000047683716,1.3799999952316284,1.3700000047683716,1.3799999952316284,27800,0.0,0.0
2023-04-21 13:00:00+08:00,1.3799999952316284,1.3799999952316284,1.3700000047683716,1.3700000047683716,35600,0.0,0.0
2023-04-21 14:00:00+08:00,1.3700000047683716,1.3799999952316284,1.3700000047683716,1.3799999952316284,37600,0.0,0.0
2023-04-21 15:00:00+08:00,1.3799999952316284,1.3799999952316284,1.3700000047683716,1.3799999952316284,51100,0.0,0.0
2023-04-21 16:00:00+08:00,1.3799999952316284,1.3799999952316284,1.3600000143051147,1.3600000143051147,206800,0.0,0.0
2023-04-24 09:00:00+08:00,1.3700000047683716,1.3799999952316284,1.3700000047683716,1.3799999952316284,12300,0.0,0.0
2023-04-24 10:00:00+08:00,1.3799999952316284,1.3799999952316284,1.3600000143051147,1.3700000047683716,31300,0.0,0.0
2023-04-24 11:00:00+08:00,1.3700000047683716,1.3799999952316284,1.3700000047683716,1.3799999952316284,6200,0.0,0.0
2023-04-24 12:00:00+08:00,1.3799999952316284,1.3799999952316284,1.3799999952316284,1.3799999952316284,4200,0.0,0.0
2023-04-24 13:00:00+08:00,1.3799999952316284,1.3799999952316284,1.3700000047683716,1.3799999952316284,8900,0.0,0.0
2023-04-24 14:00:00+08:00,1.3799999952316284,1.3799999952316284,1.3700000047683716,1.3799999952316284,15800,0.0,0.0
2023-04-24 15:00:00+08:00,1.3799999952316284,1.3799999952316284,1.3700000047683716,1.3799999952316284,16700,0.0,0.0
2023-04-24 16:00:00+08:00,1.3799999952316284,1.3799999952316284,1.3700000047683716,1.3799999952316284,48500,0.0,0.0
2023-04-25 09:00:00+08:00,1.3700000047683716,1.3799999952316284,1.3700000047683716,1.3799999952316284,12800,0.0,0.0
2023-04-25 10:00:00+08:00,1.3799999952316284,1.3799999952316284,1.3700000047683716,1.3799999952316284,15400,0.0,0.0
2023-04-25 11:00:00+08:00,1.3799999952316284,1.3799999952316284,1.3700000047683716,1.3799999952316284,11600,0.0,0.0
2023-04-25 12:00:00+08:00,1.3700000047683716,1.3700000047683716,1.3700000047683716,1.3700000047683716,3100,0.0,0.0
2023-04-25 13:00:00+08:00,1.3700000047683716,1.3799999952316284,1.3700000047683716,1.3700000047683716,29700,0.0,0.0
2023-04-25 14:00:00+08:00,1.3700000047683716,1.3799999952316284,1.3600000143051147,1.3600000143051147,127700,0.0,0.0
2023-04-25 15:00:00+08:00,1.3600000143051147,1.3700000047683716,1.3600000143051147,1.3600000143051147,22600,0.0,0.0
2023-04-25 16:00:00+08:00,1.3600000143051147,1.3700000047683716,1.3600000143051147,1.3600000143051147,46100,0.0,0.0
2023-04-26 09:00:00+08:00,1.350000023841858,1.3600000143051147,1.340000033378601,1.3600000143051147,0,0.0,0.0
2023-04-26 10:00:00+08:00,1.3600000143051147,1.3600000143051147,1.350000023841858,1.350000023841858,151800,0.0,0.0
2023-04-26 11:00:00+08:00,1.350000023841858,1.3600000143051147,1.350000023841858,1.3600000143051147,23700,0.0,0.0
2023-04-26 12:00:00+08:00,1.3600000143051147,1.3600000143051147,1.3600000143051147,1.3600000143051147,17400,0.0,0.0
2023-04-26 13:00:00+08:00,1.3600000143051147,1.3600000143051147,1.350000023841858,1.350000023841858,6200,0.0,0.0
2023-04-26 14:00:00+08:00,1.350000023841858,1.3600000143051147,1.350000023841858,1.350000023841858,17900,0.0,0.0
2023-04-26 15:00:00+08:00,1.350000023841858,1.3600000143051147,1.350000023841858,1.350000023841858,20000,0.0,0.0
2023-04-26 16:00:00+08:00,1.350000023841858,1.3600000143051147,1.350000023841858,1.350000023841858,48100,0.0,0.0
2023-04-27 09:00:00+08:00,1.3600000143051147,1.3600000143051147,1.350000023841858,1.3600000143051147,4300,0.0,0.0
2023-04-27 10:00:00+08:00,1.3600000143051147,1.3600000143051147,1.3600000143051147,1.3600000143051147,4800,0.0,0.0
2023-04-27 11:00:00+08:00,1.3600000143051147,1.3600000143051147,1.350000023841858,1.350000023841858,10600,0.0,0.0
2023-04-27 12:00:00+08:00,1.350000023841858,1.3600000143051147,1.350000023841858,1.3600000143051147,5200,0.0,0.0
2023-04-27 13:00:00+08:00,1.3600000143051147,1.3700000047683716,1.350000023841858,1.3700000047683716,232000,0.0,0.0
2023-04-27 14:00:00+08:00,1.3700000047683716,1.3700000047683716,1.350000023841858,1.3600000143051147,272900,0.0,0.0
2023-04-27 15:00:00+08:00,1.3600000143051147,1.3600000143051147,1.350000023841858,1.3600000143051147,122000,0.0,0.0
2023-04-27 16:00:00+08:00,1.3600000143051147,1.3600000143051147,1.350000023841858,1.3600000143051147,59100,0.0,0.0
2023-04-28 09:00:00+08:00,1.3600000143051147,1.3600000143051147,1.3600000143051147,1.3600000143051147,4100,0.0,0.0
2023-04-28 10:00:00+08:00,1.3600000143051147,1.3600000143051147,1.350000023841858,1.3600000143051147,4600,0.0,0.0
2023-04-28 11:00:00+08:00,1.3600000143051147,1.3600000143051147,1.350000023841858,1.3600000143051147,2200,0.0,0.0
2023-04-28 12:00:00+08:00,1.350000023841858,1.3600000143051147,1.350000023841858,1.3600000143051147,900,0.0,0.0
2023-04-28 13:00:00+08:00,1.3600000143051147,1.3600000143051147,1.350000023841858,1.3600000143051147,2500,0.0,0.0
2023-04-28 14:00:00+08:00,1.350000023841858,1.3799999952316284,1.350000023841858,1.3700000047683716,218300,0.0,0.0
2023-04-28 15:00:00+08:00,1.3700000047683716,1.3799999952316284,1.350000023841858,1.3600000143051147,341700,0.0,0.0
2023-04-28 16:00:00+08:00,1.3600000143051147,1.3700000047683716,1.350000023841858,1.3600000143051147,72400,0.0,0.0
2023-05-02 09:00:00+08:00,1.3700000047683716,1.3799999952316284,1.3700000047683716,1.3799999952316284,69500,0.0,0.0
2023-05-02 10:00:00+08:00,1.3799999952316284,1.3799999952316284,1.3700000047683716,1.3700000047683716,157600,0.0,0.0
2023-05-02 11:00:00+08:00,1.3700000047683716,1.3700000047683716,1.3600000143051147,1.3700000047683716,89700,0.0,0.0
2023-05-02 12:00:00+08:00,1.3700000047683716,1.3700000047683716,1.3700000047683716,1.3700000047683716,16700,0.0,0.0
2023-05-02 13:00:00+08:00,1.3700000047683716,1.3700000047683716,1.3600000143051147,1.3600000143051147,45300,0.0,0.0
2023-05-02 14:00:00+08:00,1.3600000143051147,1.3700000047683716,1.3600000143051147,1.3700000047683716,38500,0.0,0.0
2023-05-02 15:00:00+08:00,1.3700000047683716,1.3700000047683716,1.3600000143051147,1.3600000143051147,22900,0.0,0.0
2023-05-02 16:00:00+08:00,1.3600000143051147,1.3700000047683716,1.3600000143051147,1.3700000047683716,124500,0.0,0.0
2023-05-03 09:00:00+08:00,1.3600000143051147,1.3700000047683716,1.3600000143051147,1.3700000047683716,15200,0.0,0.0
2023-05-03 10:00:00+08:00,1.3700000047683716,1.3700000047683716,1.3600000143051147,1.3600000143051147,4400,0.0,0.0
2023-05-03 11:00:00+08:00,1.3600000143051147,1.3700000047683716,1.3600000143051147,1.3600000143051147,10700,0.0,0.0
2023-05-03 12:00:00+08:00,1.3600000143051147,1.3700000047683716,1.3600000143051147,1.3700000047683716,39500,0.0,0.0
2023-05-03 13:00:00+08:00,1.3700000047683716,1.3700000047683716,1.3700000047683716,1.3700000047683716,13800,0.0,0.0
2023-05-03 14:00:00+08:00,1.3700000047683716,1.3700000047683716,1.3600000143051147,1.3700000047683716,11900,0.0,0.0
2023-05-03 15:00:00+08:00,1.3700000047683716,1.3700000047683716,1.3700000047683716,1.3700000047683716,12800,0.0,0.0
2023-05-03 16:00:00+08:00,1.3700000047683716,1.3700000047683716,1.3600000143051147,1.3700000047683716,20900,0.0,0.0
2023-05-04 09:00:00+08:00,1.3700000047683716,1.3899999856948853,1.3700000047683716,1.3899999856948853,452800,0.0,0.0
2023-05-04 10:00:00+08:00,1.3899999856948853,1.3899999856948853,1.3799999952316284,1.3899999856948853,36700,0.0,0.0
2023-05-04 11:00:00+08:00,1.3899999856948853,1.3899999856948853,1.3799999952316284,1.3899999856948853,0,0.0,0.0
2023-05-04 12:00:00+08:00,1.3799999952316284,1.3799999952316284,1.3799999952316284,1.3799999952316284,522000,0.0,0.0
2023-05-04 13:00:00+08:00,1.3799999952316284,1.3899999856948853,1.3799999952316284,1.3899999856948853,149300,0.0,0.0
2023-05-04 14:00:00+08:00,1.3899999856948853,1.3899999856948853,1.3799999952316284,1.3899999856948853,44000,0.0,0.0
2023-05-04 15:00:00+08:00,1.3899999856948853,1.3899999856948853,1.3799999952316284,1.3899999856948853,49000,0.0,0.0
2023-05-04 16:00:00+08:00,1.3899999856948853,1.3899999856948853,1.3799999952316284,1.3899999856948853,112300,0.0,0.0
2023-05-05 09:00:00+08:00,1.3899999856948853,1.399999976158142,1.3899999856948853,1.399999976158142,44800,0.0,0.0
2023-05-05 10:00:00+08:00,1.399999976158142,1.399999976158142,1.3899999856948853,1.3899999856948853,92600,0.0,0.0
2023-05-05 11:00:00+08:00,1.3899999856948853,1.399999976158142,1.3899999856948853,1.3899999856948853,329000,0.0,0.0
2023-05-05 12:00:00+08:00,1.3899999856948853,1.3899999856948853,1.3899999856948853,1.3899999856948853,114000,0.0,0.0
2023-05-05 13:00:00+08:00,1.3899999856948853,1.3899999856948853,1.3899999856948853,1.3899999856948853,4300,0.0,0.0
2023-05-05 14:00:00+08:00,1.3899999856948853,1.399999976158142,1.3899999856948853,1.399999976158142,62500,0.0,0.0
2023-05-05 15:00:00+08:00,1.399999976158142,1.399999976158142,1.3899999856948853,1.3899999856948853,15200,0.0,0.0
2023-05-05 16:00:00+08:00,1.3899999856948853,1.399999976158142,1.3899999856948853,1.3899999856948853,23800,0.0,0.0
2023-05-08 09:00:00+08:00,1.399999976158142,1.409999966621399,1.399999976158142,1.399999976158142,476600,0.0,0.0
2023-05-08 10:00:00+08:00,1.399999976158142,1.409999966621399,1.399999976158142,1.409999966621399,26300,0.0,0.0
2023-05-08 11:00:00+08:00,1.399999976158142,1.409999966621399,1.399999976158142,1.409999966621399,23900,0.0,0.0
2023-05-08 12:00:00+08:00,1.409999966621399,1.409999966621399,1.409999966621399,1.409999966621399,33300,0.0,0.0
2023-05-08 13:00:00+08:00,1.409999966621399,1.409999966621399,1.399999976158142,1.409999966621399,75600,0.0,0.0
2023-05-08 14:00:00+08:00,1.409999966621399,1.409999966621399,1.399999976158142,1.409999966621399,32300,0.0,0.0
2023-05-08 15:00:00+08:00,1.409999966621399,1.409999966621399,1.399999976158142,1.409999966621399,46700,0.0,0.0
2023-05-08 16:00:00+08:00,1.409999966621399,1.4299999475479126,1.399999976158142,1.4299999475479126,1736600,0.0,0.0
2023-05-09 09:00:00+08:00,1.4199999570846558,1.4199999570846558,1.399999976158142,1.409999966621399,423700,0.0,0.0
2023-05-09 10:00:00+08:00,1.409999966621399,1.409999966621399,1.399999976158142,1.409999966621399,6600,0.0,0.0
2023-05-09 11:00:00+08:00,1.409999966621399,1.409999966621399,1.399999976158142,1.399999976158142,18300,0.0,0.0
2023-05-09 12:00:00+08:00,1.399999976158142,1.409999966621399,1.399999976158142,1.409999966621399,16200,0.0,0.0
2023-05-09 13:00:00+08:00,1.409999966621399,1.409999966621399,1.3899999856948853,1.399999976158142,199100,0.0,0.0
2023-05-09 14:00:00+08:00,1.399999976158142,1.409999966621399,1.399999976158142,1.409999966621399,13000,0.0,0.0
2023-05-09 15:00:00+08:00,1.409999966621399,1.409999966621399,1.3899999856948853,1.399999976158142,115900,0.0,0.0
2023-05-09 16:00:00+08:00,1.399999976158142,1.409999966621399,1.3899999856948853,1.399999976158142,245600,0.0,0.0
2023-05-10 09:00:00+08:00,1.399999976158142,1.399999976158142,1.3899999856948853,1.3899999856948853,160400,0.0,0.0
2023-05-10 10:00:00+08:00,1.3899999856948853,1.409999966621399,1.3899999856948853,1.399999976158142,111500,0.0,0.0
2023-05-10 11:00:00+08:00,1.399999976158142,1.409999966621399,1.399999976158142,1.399999976158142,21600,0.0,0.0
2023-05-10 12:00:00+08:00,1.399999976158142,1.409999966621399,1.399999976158142,1.409999966621399,5100,0.0,0.0
2023-05-10 13:00:00+08:00,1.409999966621399,1.409999966621399,1.3899999856948853,1.3899999856948853,66200,0.0,0.0
2023-05-10 14:00:00+08:00,1.3899999856948853,1.399999976158142,1.3899999856948853,1.3899999856948853,23400,0.0,0.0
2023-05-10 15:00:00+08:00,1.3899999856948853,1.399999976158142,1.3899999856948853,1.3899999856948853,11300,0.0,0.0
2023-05-10 16:00:00+08:00,1.3899999856948853,1.409999966621399,1.3899999856948853,1.3899999856948853,144200,0.0,0.0
2023-05-11 09:00:00+08:00,1.399999976158142,1.399999976158142,1.3899999856948853,1.399999976158142,216500,0.0,0.0
2023-05-11 10:00:00+08:00,1.399999976158142,1.399999976158142,1.3899999856948853,1.3899999856948853,15400,0.0,0.0
2023-05-11 11:00:00+08:00,1.3899999856948853,1.399999976158142,1.3899999856948853,1.3899999856948853,11200,0.0,0.0
2023-05-11 12:00:00+08:00,1.3899999856948853,1.3899999856948853,1.3899999856948853,1.3899999856948853,7400,0.0,0.0
2023-05-11 13:00:00+08:00,1.3899999856948853,1.399999976158142,1.3899999856948853,1.399999976158142,0,0.0,0.0
2023-05-11 14:00:00+08:00,1.399999976158142,1.399999976158142,1.3899999856948853,1.399999976158142,480700,0.0,0.0
2023-05-11 15:00:00+08:00,1.399999976158142,1.399999976158142,1.3899999856948853,1.399999976158142,161400,0.0,0.0
2023-05-11 16:00:00+08:00,1.399999976158142,1.399999976158142,1.3899999856948853,1.3899999856948853,61900,0.0,0.0
2023-05-12 09:00:00+08:00,1.3600000143051147,1.3600000143051147,1.340000033378601,1.350000023841858,869800,0.0,0.0
2023-05-12 10:00:00+08:00,1.340000033378601,1.350000023841858,1.340000033378601,1.340000033378601,67600,0.0,0.0
2023-05-12 11:00:00+08:00,1.340000033378601,1.350000023841858,1.340000033378601,1.340000033378601,42800,0.0,0.0
2023-05-12 12:00:00+08:00,1.340000033378601,1.340000033378601,1.340000033378601,1.340000033378601,10000,0.0,0.0
2023-05-12 13:00:00+08:00,1.340000033378601,1.350000023841858,1.340000033378601,1.340000033378601,53500,0.0,0.0
2023-05-12 14:00:00+08:00,1.340000033378601,1.350000023841858,1.340000033378601,1.340000033378601,153300,0.0,0.0
2023-05-12 15:00:00+08:00,1.340000033378601,1.350000023841858,1.340000033378601,1.340000033378601,146500,0.0,0.0
2023-05-12 16:00:00+08:00,1.340000033378601,1.350000023841858,1.340000033378601,1.350000023841858,194900,0.0,0.0
2023-05-15 09:00:00+08:00,1.340000033378601,1.340000033378601,1.340000033378601,1.340000033378601,53200,0.0,0.0
2023-05-15 10:00:00+08:00,1.340000033378601,1.340000033378601,1.3300000429153442,1.340000033378601,55400,0.0,0.0
2023-05-15 11:00:00+08:00,1.340000033378601,1.340000033378601,1.3300000429153442,1.3300000429153442,14000,0.0,0.0
2023-05-15 12:00:00+08:00,1.3300000429153442,1.3300000429153442,1.3300000429153442,1.3300000429153442,2100,0.0,0.0
2023-05-15 13:00:00+08:00,1.3300000429153442,1.340000033378601,1.3300000429153442,1.340000033378601,12400,0.0,0.0
2023-05-15 14:00:00+08:00,1.340000033378601,1.340000033378601,1.3300000429153442,1.340000033378601,58200,0.0,0.0
2023-05-15 15:00:00+08:00,1.340000033378601,1.340000033378601,1.3300000429153442,1.3300000429153442,13100,0.0,0.0
2023-05-15 16:00:00+08:00,1.3300000429153442,1.340000033378601,1.3200000524520874,1.3200000524520874,591700,0.0,0.0
2023-05-16 09:00:00+08:00,1.3300000429153442,1.340000033378601,1.3200000524520874,1.3300000429153442,410700,0.0,0.0
2023-05-16 10:00:00+08:00,1.3300000429153442,1.3300000429153442,1.309999942779541,1.309999942779541,298100,0.0,0.0
2023-05-16 11:00:00+08:00,1.309999942779541,1.3200000524520874,1.309999942779541,1.309999942779541,65100,0.0,0.0
2023-05-16 12:00:00+08:00,1.309999942779541,1.309999942779541,1.309999942779541,1.309999942779541,23100,0.0,0.0
2023-05-16 13:00:00+08:00,1.309999942779541,1.3200000524520874,1.309999942779541,1.309999942779541,221100,0.0,0.0
2023-05-16 14:00:00+08:00,1.309999942779541,1.3300000429153442,1.309999942779541,1.309999942779541,737900,0.0,0.0
2023-05-16 15:00:00+08:00,1.309999942779541,1.3200000524520874,1.309999942779541,1.3200000524520874,485600,0.0,0.0
2023-05-16 16:00:00+08:00,1.3200000524520874,1.3200000524520874,1.309999942779541,1.3200000524520874,360900,0.0,0.0
2023-05-17 09:00:00+08:00,1.309999942779541,1.3300000429153442,1.309999942779541,1.3300000429153442,192900,0.0,0.0
2023-05-17 10:00:00+08:00,1.3300000429153442,1.3300000429153442,1.3200000524520874,1.3300000429153442,31900,0.0,0.0
2023-05-17 11:00:00+08:00,1.3300000429153442,1.3300000429153442,1.3200000524520874,1.3200000524520874,41600,0.0,0.0
2023-05-17 12:00:00+08:00,1.3300000429153442,1.3300000429153442,1.3200000524520874,1.3200000524520874,13800,0.0,0.0
2023-05-17 13:00:00+08:00,1.3200000524520874,1.3300000429153442,1.3200000524520874,1.3300000429153442,17600,0.0,0.0
2023-05-17 14:00:00+08:00,1.3300000429153442,1.3300000429153442,1.3200000524520874,1.3200000524520874,22300,0.0,0.0
2023-05-17 15:00:00+08:00,1.3200000524520874,1.3300000429153442,1.3200000524520874,1.3200000524520874,23600,0.0,0.0
2023-05-17 16:00:00+08:00,1.3200000524520874,1.340000033378601,1.3200000524520874,1.3300000429153442,255900,0.0,0.0
2023-05-18 09:00:00+08:00,1.3300000429153442,1.340000033378601,1.3300000429153442,1.3300000429153442,217600,0.0,0.0
2023-05-18 10:00:00+08:00,1.3300000429153442,1.340000033378601,1.3300000429153442,1.3300000429153442,11500,0.0,0.0
2023-05-18 11:00:00+08:00,1.3300000429153442,1.340000033378601,1.3300000429153442,1.340000033378601,0,0.0,0.0
2023-05-18 12:00:00+08:00,1.3300000429153442,1.3300000429153442,1.3300000429153442,1.3300000429153442,248100,0.0,0.0
2023-05-18 13:00:00+08:00,1.3300000429153442,1.340000033378601,1.3300000429153442,1.340000033378601,10900,0.0,0.0
2023-05-18 14:00:00+08:00,1.340000033378601,1.340000033378601,1.3300000429153442,1.340000033378601,46200,0.0,0.0
2023-05-18 15:00:00+08:00,1.340000033378601,1.340000033378601,1.3300000429153442,1.3300000429153442,62300,0.0,0.0
2023-05-18 16:00:00+08:00,1.3300000429153442,1.340000033378601,1.3300000429153442,1.3300000429153442,582700,0.0,0.0
2023-05-19 09:00:00+08:00,1.3300000429153442,1.3300000429153442,1.3200000524520874,1.3200000524520874,72900,0.0,0.0
2023-05-19 10:00:00+08:00,1.3200000524520874,1.3200000524520874,1.3200000524520874,1.3200000524520874,200,0.0,0.0
2023-05-19 11:00:00+08:00,1.3200000524520874,1.3200000524520874,1.309999942779541,1.3200000524520874,743200,0.0,0.0
2023-05-19 12:00:00+08:00,1.309999942779541,1.309999942779541,1.309999942779541,1.309999942779541,50700,0.0,0.0
2023-05-19 13:00:00+08:00,1.309999942779541,1.3200000524520874,1.2999999523162842,1.3200000524520874,475100,0.0,0.0
2023-05-19 14:00:00+08:00,1.3200000524520874,1.3200000524520874,1.309999942779541,1.3200000524520874,13700,0.0,0.0
2023-05-19 15:00:00+08:00,1.3200000524520874,1.3200000524520874,1.309999942779541,1.309999942779541,329500,0.0,0.0
2023-05-19 16:00:00+08:00,1.309999942779541,1.3300000429153442,1.309999942779541,1.3200000524520874,542000,0.0,0.0
2023-05-22 09:00:00+08:00,1.3300000429153442,1.3300000429153442,1.3200000524520874,1.3300000429153442,24100,0.0,0.0
2023-05-22 10:00:00+08:00,1.3300000429153442,1.3300000429153442,1.3200000524520874,1.3300000429153442,29500,0.0,0.0
2023-05-22 11:00:00+08:00,1.3300000429153442,1.3300000429153442,1.309999942779541,1.309999942779541,125400,0.0,0.0
2023-05-22 12:00:00+08:00,1.3200000524520874,1.3200000524520874,1.3200000524520874,1.3200000524520874,5500,0.0,0.0
2023-05-22 13:00:00+08:00,1.3200000524520874,1.3200000524520874,1.309999942779541,1.309999942779541,13600,0.0,0.0
2023-05-22 14:00:00+08:00,1.309999942779541,1.3200000524520874,1.309999942779541,1.309999942779541,12300,0.0,0.0
2023-05-22 15:00:00+08:00,1.309999942779541,1.3200000524520874,1.309999942779541,1.309999942779541,38300,0.0,0.0
2023-05-22 16:00:00+08:00,1.309999942779541,1.3200000524520874,1.309999942779541,1.309999942779541,31400,0.0,0.0
2023-05-23 09:00:00+08:00,1.3200000524520874,1.3200000524520874,1.309999942779541,1.309999942779541,211500,0.0,0.0
2023-05-23 10:00:00+08:00,1.309999942779541,1.3200000524520874,1.309999942779541,1.309999942779541,32200,0.0,0.0
2023-05-23 11:00:00+08:00,1.309999942779541,1.3200000524520874,1.309999942779541,1.3200000524520874,14100,0.0,0.0
2023-05-23 12:00:00+08:00,1.3200000524520874,1.3200000524520874,1.309999942779541,1.309999942779541,1800,0.0,0.0
2023-05-23 13:00:00+08:00,1.309999942779541,1.3200000524520874,1.309999942779541,1.309999942779541,20200,0.0,0.0
2023-05-23 14:00:00+08:00,1.309999942779541,1.3200000524520874,1.309999942779541,1.309999942779541,4000,0.0,0.0
2023-05-23 15:00:00+08:00,1.3200000524520874,1.3200000524520874,1.309999942779541,1.309999942779541,7800,0.0,0.0
2023-05-23 16:00:00+08:00,1.309999942779541,1.3200000524520874,1.309999942779541,1.3200000524520874,272500,0.0,0.0
2023-05-24 09:00:00+08:00,1.3200000524520874,1.3200000524520874,1.309999942779541,1.309999942779541,48700,0.0,0.0
2023-05-24 10:00:00+08:00,1.309999942779541,1.3200000524520874,1.309999942779541,1.3200000524520874,9900,0.0,0.0
2023-05-24 11:00:00+08:00,1.3200000524520874,1.3200000524520874,1.309999942779541,1.309999942779541,24800,0.0,0.0
2023-05-24 12:00:00+08:00,1.3200000524520874,1.3200000524520874,1.3200000524520874,1.3200000524520874,8100,0.0,0.0
2023-05-24 13:00:00+08:00,1.3200000524520874,1.3200000524520874,1.309999942779541,1.309999942779541,11200,0.0,0.0
2023-05-24 14:00:00+08:00,1.309999942779541,1.3200000524520874,1.309999942779541,1.309999942779541,21900,0.0,0.0
2023-05-24 15:00:00+08:00,1.309999942779541,1.3200000524520874,1.309999942779541,1.3200000524520874,13000,0.0,0.0
2023-05-24 16:00:00+08:00,1.3200000524520874,1.3200000524520874,1.309999942779541,1.3200000524520874,61500,0.0,0.0
2023-05-25 09:00:00+08:00,1.3200000524520874,1.3300000429153442,1.309999942779541,1.309999942779541,118600,0.0,0.0
2023-05-25 10:00:00+08:00,1.309999942779541,1.3200000524520874,1.309999942779541,1.3200000524520874,288200,0.0,0.0
2023-05-25 11:00:00+08:00,1.3200000524520874,1.3200000524520874,1.309999942779541,1.309999942779541,9200,0.0,0.0
2023-05-25 12:00:00+08:00,1.309999942779541,1.3200000524520874,1.309999942779541,1.3200000524520874,1700,0.0,0.0
2023-05-25 13:00:00+08:00,1.3200000524520874,1.3200000524520874,1.309999942779541,1.309999942779541,4600,0.0,0.0
2023-05-25 14:00:00+08:00,1.309999942779541,1.3200000524520874,1.309999942779541,1.309999942779541,9600,0.0,0.0
2023-05-25 15:00:00+08:00,1.309999942779541,1.3200000524520874,1.309999942779541,1.309999942779541,137800,0.0,0.0
2023-05-25 16:00:00+08:00,1.309999942779541,1.3200000524520874,1.309999942779541,1.309999942779541,11600,0.0,0.0
2023-05-26 09:00:00+08:00,1.3200000524520874,1.3200000524520874,1.309999942779541,1.309999942779541,2500,0.0,0.0
2023-05-26 10:00:00+08:00,1.309999942779541,1.3200000524520874,1.309999942779541,1.3200000524520874,6700,0.0,0.0
2023-05-26 11:00:00+08:00,1.3200000524520874,1.3200000524520874,1.309999942779541,1.309999942779541,4200,0.0,0.0
2023-05-26 12:00:00+08:00,1.3200000524520874,1.3200000524520874,1.3200000524520874,1.3200000524520874,15100,0.0,0.0
2023-05-26 13:00:00+08:00,1.3200000524520874,1.3200000524520874,1.309999942779541,1.309999942779541,7900,0.0,0.0
2023-05-26 14:00:00+08:00,1.309999942779541,1.3200000524520874,1.309999942779541,1.309999942779541,0,0.0,0.0
2023-05-26 15:00:00+08:00,1.309999942779541,1.3200000524520874,1.309999942779541,1.309999942779541,57700,0.0,0.0
2023-05-26 16:00:00+08:00,1.309999942779541,1.3200000524520874,1.309999942779541,1.309999942779541,81400,0.0,0.0
2023-05-29 09:00:00+08:00,1.3300000429153442,1.3300000429153442,1.309999942779541,1.3300000429153442,121500,0.0,0.0
2023-05-29 10:00:00+08:00,1.3300000429153442,1.3300000429153442,1.3200000524520874,1.3300000429153442,25800,0.0,0.0
2023-05-29 11:00:00+08:00,1.3300000429153442,1.3300000429153442,1.3200000524520874,1.3300000429153442,29200,0.0,0.0
2023-05-29 12:00:00+08:00,1.3300000429153442,1.3300000429153442,1.3300000429153442,1.3300000429153442,2700,0.0,0.0
2023-05-29 13:00:00+08:00,1.3300000429153442,1.3300000429153442,1.3200000524520874,1.3300000429153442,150300,0.0,0.0
2023-05-29 14:00:00+08:00,1.3300000429153442,1.3300000429153442,1.3200000524520874,1.3300000429153442,0,0.0,0.0
2023-05-29 15:00:00+08:00,1.3300000429153442,1.3300000429153442,1.3200000524520874,1.3200000524520874,497300,0.0,0.0
2023-05-29 16:00:00+08:00,1.3200000524520874,1.3300000429153442,1.3200000524520874,1.3300000429153442,75800,0.0,0.0
2023-05-30 09:00:00+08:00,1.3300000429153442,1.3300000429153442,1.3200000524520874,1.3200000524520874,3700,0.0,0.0
2023-05-30 10:00:00+08:00,1.3200000524520874,1.3300000429153442,1.3200000524520874,1.3200000524520874,125100,0.0,0.0
2023-05-30 11:00:00+08:00,1.3200000524520874,1.3300000429153442,1.3200000524520874,1.3200000524520874,3200,0.0,0.0
2023-05-30 12:00:00+08:00,1.3200000524520874,1.3200000524520874,1.3200000524520874,1.3200000524520874,1300,0.0,0.0
2023-05-30 13:00:00+08:00,1.3200000524520874,1.3300000429153442,1.3200000524520874,1.3200000524520874,23500,0.0,0.0
2023-05-30 14:00:00+08:00,1.3200000524520874,1.3300000429153442,1.3200000524520874,1.3200000524520874,16000,0.0,0.0
2023-05-30 15:00:00+08:00,1.3200000524520874,1.3300000429153442,1.3200000524520874,1.3200000524520874,19000,0.0,0.0
2023-05-30 16:00:00+08:00,1.3200000524520874,1.3300000429153442,1.309999942779541,1.309999942779541,139100,0.0,0.0
2023-06-01 09:00:00+08:00,1.2400000095367432,1.2400000095367432,1.2200000286102295,1.2300000190734863,5451600,0.0,0.0
2023-06-01 10:00:00+08:00,1.2300000190734863,1.2400000095367432,1.2200000286102295,1.2300000190734863,3173900,0.0,0.0
2023-06-01 11:00:00+08:00,1.2300000190734863,1.2400000095367432,1.2300000190734863,1.2300000190734863,817400,0.0,0.0
2023-06-01 12:00:00+08:00,1.2300000190734863,1.2300000190734863,1.2300000190734863,1.2300000190734863,145900,0.0,0.0
2023-06-01 13:00:00+08:00,1.2300000190734863,1.2400000095367432,1.2300000190734863,1.2300000190734863,703700,0.0,0.0
2023-06-01 14:00:00+08:00,1.2300000190734863,1.2400000095367432,1.2300000190734863,1.2300000190734863,301500,0.0,0.0
2023-06-01 15:00:00+08:00,1.2200000286102295,1.2300000190734863,1.2200000286102295,1.2200000286102295,2572100,0.0,0.0
2023-06-01 16:00:00+08:00,1.2200000286102295,1.2300000190734863,1.2200000286102295,1.2200000286102295,1212500,0.0,0.0
2023-06-05 09:00:00+08:00,1.2300000190734863,1.2400000095367432,1.2200000286102295,1.2200000286102295,2379300,0.0,0.0
2023-06-05 10:00:00+08:00,1.2200000286102295,1.2300000190734863,1.2200000286102295,1.2300000190734863,1246600,0.0,0.0
2023-06-05 11:00:00+08:00,1.2300000190734863,1.2400000095367432,1.2200000286102295,1.2400000095367432,845400,0.0,0.0
2023-06-05 12:00:00+08:00,1.2400000095367432,1.2400000095367432,1.2300000190734863,1.2300000190734863,76000,0.0,0.0
2023-06-05 13:00:00+08:00,1.2300000190734863,1.2400000095367432,1.2300000190734863,1.2400000095367432,29800,0.0,0.0
2023-06-05 14:00:00+08:00,1.2400000095367432,1.2400000095367432,1.2300000190734863,1.2400000095367432,38900,0.0,0.0
2023-06-05 15:00:00+08:00,1.2400000095367432,1.2400000095367432,1.2200000286102295,1.2200000286102295,1772000,0.0,0.0
2023-06-05 16:00:00+08:00,1.2200000286102295,1.2400000095367432,1.2200000286102295,1.2400000095367432,480300,0.0,0.0
2023-06-06 09:00:00+08:00,1.2400000095367432,1.2400000095367432,1.2300000190734863,1.2400000095367432,105000,0.0,0.0
2023-06-06 10:00:00+08:00,1.2400000095367432,1.2400000095367432,1.2300000190734863,1.2400000095367432,193700,0.0,0.0
2023-06-06 11:00:00+08:00,1.2400000095367432,1.2400000095367432,1.2300000190734863,1.2400000095367432,380700,0.0,0.0
2023-06-06 12:00:00+08:00,1.2400000095367432,1.2400000095367432,1.2400000095367432,1.2400000095367432,13300,0.0,0.0
2023-06-06 13:00:00+08:00,1.2400000095367432,1.2400000095367432,1.2300000190734863,1.2400000095367432,300900,0.0,0.0
2023-06-06 14:00:00+08:00,1.2400000095367432,1.2400000095367432,1.2300000190734863,1.2400000095367432,295900,0.0,0.0
2023-06-06 15:00:00+08:00,1.2400000095367432,1.25,1.2300000190734863,1.25,980300,0.0,0.0
2023-06-06 16:00:00+08:00,1.25,1.25,1.2400000095367432,1.25,272100,0.0,0.0
2023-06-07 09:00:00+08:00,1.2400000095367432,1.25,1.2400000095367432,1.25,25200,0.0,0.0
2023-06-07 10:00:00+08:00,1.25,1.25,1.2400000095367432,1.25,31600,0.0,0.0
2023-06-07 11:00:00+08:00,1.25,1.25,1.2400000095367432,1.25,38900,0.0,0.0
2023-06-07 12:00:00+08:00,1.2400000095367432,1.25,1.2400000095367432,1.25,34500,0.0,0.0
2023-06-07 13:00:00+08:00,1.25,1.25,1.2400000095367432,1.25,63700,0.0,0.0
2023-06-07 14:00:00+08:00,1.25,1.25,1.2400000095367432,1.25,34400,0.0,0.0
2023-06-07 15:00:00+08:00,1.25,1.2599999904632568,1.2400000095367432,1.2599999904632568,1296500,0.0,0.0
2023-06-07 16:00:00+08:00,1.2599999904632568,1.2599999904632568,1.25,1.2599999904632568,172600,0.0,0.0
2023-06-08 09:00:00+08:00,1.2300000190734863,1.2400000095367432,1.2200000286102295,1.2300000190734863,357300,0.0,0.0
2023-06-08 10:00:00+08:00,1.2300000190734863,1.2400000095367432,1.2300000190734863,1.2300000190734863,18700,0.0,0.0
2023-06-08 11:00:00+08:00,1.2300000190734863,1.2400000095367432,1.2300000190734863,1.2400000095367432,33600,0.0,0.0
2023-06-08 12:00:00+08:00,1.2300000190734863,1.2300000190734863,1.2300000190734863,1.2300000190734863,14200,0.0,0.0
2023-06-08 13:00:00+08:00,1.2400000095367432,1.2400000095367432,1.2200000286102295,1.2300000190734863,375500,0.0,0.0
2023-06-08 14:00:00+08:00,1.2300000190734863,1.2300000190734863,1.2300000190734863,1.2300000190734863,36500,0.0,0.0
2023-06-08 15:00:00+08:00,1.2300000190734863,1.2300000190734863,1.2300000190734863,1.2300000190734863,74400,0.0,0.0
2023-06-08 16:00:00+08:00,1.2300000190734863,1.2300000190734863,1.2200000286102295,1.2200000286102295,22100,0.0,0.0
2023-06-09 09:00:00+08:00,1.2200000286102295,1.2300000190734863,1.2000000476837158,1.2100000381469727,1680200,0.0,0.0
2023-06-09 10:00:00+08:00,1.2100000381469727,1.2100000381469727,1.2000000476837158,1.2100000381469727,124600,0.0,0.0
2023-06-09 11:00:00+08:00,1.2100000381469727,1.2200000286102295,1.2100000381469727,1.2100000381469727,4200,0.0,0.0
2023-06-09 12:00:00+08:00,1.2100000381469727,1.2100000381469727,1.2100000381469727,1.2100000381469727,279900,0.0,0.0
2023-06-09 13:00:00+08:00,1.2100000381469727,1.2100000381469727,1.2000000476837158,1.2000000476837158,245700,0.0,0.0
2023-06-09 14:00:00+08:00,1.2000000476837158,1.2100000381469727,1.2000000476837158,1.2100000381469727,36300,0.0,0.0
2023-06-09 15:00:00+08:00,1.2100000381469727,1.2100000381469727,1.2000000476837158,1.2100000381469727,62900,0.0,0.0
2023-06-09 16:00:00+08:00,1.2100000381469727,1.2100000381469727,1.2000000476837158,1.2000000476837158,77400,0.0,0.0
2023-06-12 09:00:00+08:00,1.2000000476837158,1.2000000476837158,1.159999966621399,1.190000057220459,5209400,0.0,0.0
2023-06-12 10:00:00+08:00,1.190000057220459,1.190000057220459,1.190000057220459,1.190000057220459,1194300,0.0,0.0
2023-06-12 11:00:00+08:00,1.190000057220459,1.2000000476837158,1.190000057220459,1.2000000476837158,598400,0.0,0.0
2023-06-12 12:00:00+08:00,1.190000057220459,1.190000057220459,1.190000057220459,1.190000057220459,84500,0.0,0.0
2023-06-12 13:00:00+08:00,1.190000057220459,1.2000000476837158,1.1799999475479126,1.190000057220459,861900,0.0,0.0
2023-06-12 14:00:00+08:00,1.190000057220459,1.190000057220459,1.190000057220459,1.190000057220459,622500,0.0,0.0
2023-06-12 15:00:00+08:00,1.190000057220459,1.190000057220459,1.190000057220459,1.190000057220459,693900,0.0,0.0
2023-06-12 16:00:00+08:00,1.190000057220459,1.190000057220459,1.1799999475479126,1.190000057220459,493500,0.0,0.0
2023-06-13 09:00:00+08:00,1.190000057220459,1.190000057220459,1.1799999475479126,1.1799999475479126,1874300,0.0,0.0
2023-06-13 10:00:00+08:00,1.1799999475479126,1.190000057220459,1.1799999475479126,1.1799999475479126,35100,0.0,0.0
2023-06-13 11:00:00+08:00,1.1799999475479126,1.190000057220459,1.1699999570846558,1.1699999570846558,1832500,0.0,0.0
2023-06-13 12:00:00+08:00,1.1799999475479126,1.1799999475479126,1.1699999570846558,1.1699999570846558,56400,0.0,0.0
2023-06-13 13:00:00+08:00,1.1699999570846558,1.190000057220459,1.1699999570846558,1.1799999475479126,1624400,0.0,0.0
2023-06-13 14:00:00+08:00,1.1799999475479126,1.1799999475479126,1.1699999570846558,1.1799999475479126,228500,0.0,0.0
2023-06-13 15:00:00+08:00,1.1799999475479126,1.190000057220459,1.1699999570846558,1.1699999570846558,890100,0.0,0.0
2023-06-13 16:00:00+08:00,1.1699999570846558,1.1799999475479126,1.1699999570846558,1.1799999475479126,544800,0.0,0.0
2023-06-14 09:00:00+08:00,1.1799999475479126,1.190000057220459,1.1699999570846558,1.1799999475479126,1987600,0.0,0.0
2023-06-14 10:00:00+08:00,1.1799999475479126,1.190000057220459,1.1699999570846558,1.190000057220459,948100,0.0,0.0
2023-06-14 11:00:00+08:00,1.190000057220459,1.190000057220459,1.1799999475479126,1.1799999475479126,88600,0.0,0.0
2023-06-14 12:00:00+08:00,1.1799999475479126,1.1799999475479126,1.1799999475479126,1.1799999475479126,120500,0.0,0.0
2023-06-14 13:00:00+08:00,1.1799999475479126,1.190000057220459,1.1799999475479126,1.190000057220459,31200,0.0,0.0
2023-06-14 14:00:00+08:00,1.190000057220459,1.190000057220459,1.1799999475479126,1.1799999475479126,106600,0.0,0.0
2023-06-14 15:00:00+08:00,1.1799999475479126,1.190000057220459,1.1799999475479126,1.190000057220459,212500,0.0,0.0
2023-06-14 16:00:00+08:00,1.190000057220459,1.190000057220459,1.1799999475479126,1.190000057220459,1018500,0.0,0.0
2023-06-15 09:00:00+08:00,1.190000057220459,1.2000000476837158,1.190000057220459,1.190000057220459,1159600,0.0,0.0
2023-06-15 10:00:00+08:00,1.190000057220459,1.2000000476837158,1.190000057220459,1.190000057220459,62900,0.0,0.0
2023-06-15 11:00:00+08:00,1.190000057220459,1.2000000476837158,1.190000057220459,1.2000000476837158,51800,0.0,0.0
2023-06-15 12:00:00+08:00,1.2000000476837158,1.2000000476837158,1.190000057220459,1.190000057220459,12400,0.0,0.0
2023-06-15 13:00:00+08:00,1.190000057220459,1.2000000476837158,1.190000057220459,1.190000057220459,272300,0.0,0.0
2023-06-15 14:00:00+08:00,1.190000057220459,1.2000000476837158,1.190000057220459,1.2000000476837158,432400,0.0,0.0
2023-06-15 15:00:00+08:00,1.2000000476837158,1.2100000381469727,1.190000057220459,1.2100000381469727,870400,0.0,0.0
2023-06-15 16:00:00+08:00,1.2100000381469727,1.2100000381469727,1.2000000476837158,1.2100000381469727,402500,0.0,0.0
2023-06-16 09:00:00+08:00,1.2000000476837158,1.2200000286102295,1.2000000476837158,1.2100000381469727,988000,0.0,0.0
2023-06-16 10:00:00+08:00,1.2100000381469727,1.2200000286102295,1.2100000381469727,1.2100000381469727,47400,0.0,0.0
2023-06-16 11:00:00+08:00,1.2100000381469727,1.2200000286102295,1.2000000476837158,1.2100000381469727,688100,0.0,0.0
2023-06-16 12:00:00+08:00,1.2100000381469727,1.2100000381469727,1.2100000381469727,1.2100000381469727,30300,0.0,0.0
2023-06-16 13:00:00+08:00,1.2100000381469727,1.2200000286102295,1.2100000381469727,1.2100000381469727,247800,0.0,0.0
2023-06-16 14:00:00+08:00,1.2100000381469727,1.2200000286102295,1.2000000476837158,1.2100000381469727,569300,0.0,0.0
2023-06-16 15:00:00+08:00,1.2100000381469727,1.2100000381469727,1.2000000476837158,1.2000000476837158,227800,0.0,0.0
2023-06-16 16:00:00+08:00,1.2000000476837158,1.2100000381469727,1.2000000476837158,1.2100000381469727,349500,0.0,0.0
2023-06-19 09:00:00+08:00,1.2200000286102295,1.2200000286102295,1.2000000476837158,1.2000000476837158,465500,0.0,0.0
2023-06-19 10:00:00+08:00,1.2000000476837158,1.2100000381469727,1.2000000476837158,1.2000000476837158,22500,0.0,0.0
2023-06-19 11:00:00+08:00,1.2000000476837158,1.2100000381469727,1.2000000476837158,1.2100000381469727,46600,0.0,0.0
2023-06-19 12:00:00+08:00,1.2100000381469727,1.2100000381469727,1.2100000381469727,1.2100000381469727,40300,0.0,0.0
2023-06-19 13:00:00+08:00,1.2100000381469727,1.2100000381469727,1.2000000476837158,1.2000000476837158,11000,0.0,0.0
2023-06-19 14:00:00+08:00,1.2000000476837158,1.2100000381469727,1.2000000476837158,1.2100000381469727,12200,0.0,0.0
2023-06-19 15:00:00+08:00,1.2100000381469727,1.2100000381469727,1.2000000476837158,1.2000000476837158,34000,0.0,0.0
2023-06-19 16:00:00+08:00,1.2000000476837158,1.2100000381469727,1.2000000476837158,1.2100000381469727,49600,0.0,0.0
2023-06-20 09:00:00+08:00,1.2100000381469727,1.2100000381469727,1.2100000381469727,1.2100000381469727,12400,0.0,0.0
2023-06-20 10:00:00+08:00,1.2100000381469727,1.2200000286102295,1.2000000476837158,1.2200000286102295,584500,0.0,0.0
2023-06-20 11:00:00+08:00,1.2200000286102295,1.2200000286102295,1.2100000381469727,1.2100000381469727,77000,0.0,0.0
2023-06-20 12:00:00+08:00,1.2100000381469727,1.2100000381469727,1.2100000381469727,1.2100000381469727,4300,0.0,0.0
2023-06-20 13:00:00+08:00,1.2100000381469727,1.2200000286102295,1.2100000381469727,1.2200000286102295,124800,0.0,0.0
2023-06-20 14:00:00+08:00,1.2200000286102295,1.2200000286102295,1.2100000381469727,1.2100000381469727,31900,0.0,0.0
2023-06-20 15:00:00+08:00,1.2100000381469727,1.2200000286102295,1.2000000476837158,1.2100000381469727,0,0.0,0.0
2023-06-20 16:00:00+08:00,1.2100000381469727,1.2200000286102295,1.2100000381469727,1.2100000381469727,2236700,0.0,0.0
2023-06-21 09:00:00+08:00,1.2100000381469727,1.2300000190734863,1.2100000381469727,1.2200000286102295,3584700,0.0,0.0
2023-06-21 10:00:00+08:00,1.2200000286102295,1.2300000190734863,1.2200000286102295,1.2200000286102295,22200,0.0,0.0
2023-06-21 11:00:00+08:00,1.2200000286102295,1.2300000190734863,1.2200000286102295,1.2200000286102295,181200,0.0,0.0
2023-06-21 12:00:00+08:00,1.2200000286102295,1.2300000190734863,1.2200000286102295,1.2300000190734863,7700,0.0,0.0
2023-06-21 13:00:00+08:00,1.2300000190734863,1.2300000190734863,1.2200000286102295,1.2200000286102295,81900,0.0,0.0
2023-06-21 14:00:00+08:00,1.2200000286102295,1.2300000190734863,1.2200000286102295,1.2200000286102295,116000,0.0,0.0
2023-06-21 15:00:00+08:00,1.2200000286102295,1.2300000190734863,1.2200000286102295,1.2200000286102295,1475600,0.0,0.0
2023-06-21 16:00:00+08:00,1.2200000286102295,1.2300000190734863,1.2200000286102295,1.2300000190734863,359500,0.0,0.0
2023-06-22 09:00:00+08:00,1.2200000286102295,1.2300000190734863,1.2100000381469727,1.2100000381469727,368500,0.0,0.0
2023-06-22 10:00:00+08:00,1.2100000381469727,1.2200000286102295,1.2000000476837158,1.2000000476837158,491600,0.0,0.0
2023-06-22 11:00:00+08:00,1.2000000476837158,1.2200000286102295,1.2000000476837158,1.2100000381469727,1810400,0.0,0.0
2023-06-22 12:00:00+08:00,1.2200000286102295,1.2200000286102295,1.2100000381469727,1.2100000381469727,68200,0.0,0.0
2023-06-22 13:00:00+08:00,1.2100000381469727,1.2200000286102295,1.2100000381469727,1.2100000381469727,39000,0.0,0.0
2023-06-22 14:00:00+08:00,1.2100000381469727,1.2200000286102295,1.2100000381469727,1.2100000381469727,39000,0.0,0.0
2023-06-22 15:00:00+08:00,1.2100000381469727,1.2200000286102295,1.2100000381469727,1.2100000381469727,95000,0.0,0.0
2023-06-22 16:00:00+08:00,1.2100000381469727,1.2200000286102295,1.2100000381469727,1.2200000286102295,584700,0.0,0.0
2023-06-23 09:00:00+08:00,1.2200000286102295,1.2300000190734863,1.2000000476837158,1.2100000381469727,2898700,0.0,0.0
2023-06-23 10:00:00+08:00,1.2100000381469727,1.2100000381469727,1.2000000476837158,1.2000000476837158,20100,0.0,0.0
2023-06-23 11:00:00+08:00,1.2000000476837158,1.2100000381469727,1.2000000476837158,1.2100000381469727,15500,0.0,0.0
2023-06-23 12:00:00+08:00,1.2100000381469727,1.2100000381469727,1.2000000476837158,1.2000000476837158,8400,0.0,0.0
2023-06-23 13:00:00+08:00,1.2000000476837158,1.2100000381469727,1.2000000476837158,1.2000000476837158,117800,0.0,0.0
2023-06-23 14:00:00+08:00,1.2000000476837158,1.2100000381469727,1.2000000476837158,1.2100000381469727,20800,0.0,0.0
2023-06-23 15:00:00+08:00,1.2100000381469727,1.2100000381469727,1.2000000476837158,1.2100000381469727,22100,0.0,0.0
2023-06-23 16:00:00+08:00,1.2100000381469727,1.2100000381469727,1.2000000476837158,1.2100000381469727,37400,0.0,0.0
2023-06-26 09:00:00+08:00,1.2000000476837158,1.2100000381469727,1.2000000476837158,1.2000000476837158,19100,0.0,0.0
2023-06-26 10:00:00+08:00,1.2000000476837158,1.2100000381469727,1.2000000476837158,1.2000000476837158,2300,0.0,0.0
2023-06-26 11:00:00+08:00,1.2000000476837158,1.2100000381469727,1.2000000476837158,1.2000000476837158,33100,0.0,0.0
2023-06-26 12:00:00+08:00,1.2100000381469727,1.2100000381469727,1.2100000381469727,1.2100000381469727,3600,0.0,0.0
2023-06-26 13:00:00+08:00,1.2100000381469727,1.2100000381469727,1.2000000476837158,1.2100000381469727,51500,0.0,0.0
2023-06-26 14:00:00+08:00,1.2100000381469727,1.2100000381469727,1.2000000476837158,1.2100000381469727,4600,0.0,0.0
2023-06-26 15:00:00+08:00,1.2100000381469727,1.2100000381469727,1.2000000476837158,1.2100000381469727,39000,0.0,0.0
2023-06-26 16:00:00+08:00,1.2100000381469727,1.2100000381469727,1.2000000476837158,1.2100000381469727,86900,0.0,0.0
2023-06-27 09:00:00+08:00,1.2100000381469727,1.2100000381469727,1.2000000476837158,1.2100000381469727,16400,0.0,0.0
2023-06-27 10:00:00+08:00,1.2100000381469727,1.2100000381469727,1.2000000476837158,1.2100000381469727,5600,0.0,0.0
2023-06-27 11:00:00+08:00,1.2100000381469727,1.2100000381469727,1.2000000476837158,1.2100000381469727,29200,0.0,0.0
2023-06-27 12:00:00+08:00,1.2100000381469727,1.2100000381469727,1.2100000381469727,1.2100000381469727,6400,0.0,0.0
2023-06-27 13:00:00+08:00,1.2100000381469727,1.2100000381469727,1.2000000476837158,1.2100000381469727,6700,0.0,0.0
2023-06-27 14:00:00+08:00,1.2100000381469727,1.2100000381469727,1.2000000476837158,1.2100000381469727,84800,0.0,0.0
2023-06-27 15:00:00+08:00,1.2100000381469727,1.2100000381469727,1.2000000476837158,1.2100000381469727,29200,0.0,0.0
2023-06-27 16:00:00+08:00,1.2100000381469727,1.2200000286102295,1.2000000476837158,1.2100000381469727,219500,0.0,0.0
2023-06-28 09:00:00+08:00,1.2200000286102295,1.2200000286102295,1.2100000381469727,1.2200000286102295,20700,0.0,0.0
2023-06-28 10:00:00+08:00,1.2200000286102295,1.2300000190734863,1.2100000381469727,1.2200000286102295,435900,0.0,0.0
2023-06-28 11:00:00+08:00,1.2200000286102295,1.2200000286102295,1.2100000381469727,1.2200000286102295,89900,0.0,0.0
2023-06-28 12:00:00+08:00,1.2200000286102295,1.2200000286102295,1.2200000286102295,1.2200000286102295,16800,0.0,0.0
2023-06-28 13:00:00+08:00,1.2200000286102295,1.2300000190734863,1.2100000381469727,1.2200000286102295,213600,0.0,0.0
2023-06-28 14:00:00+08:00,1.2200000286102295,1.2300000190734863,1.2200000286102295,1.2300000190734863,26700,0.0,0.0
2023-06-28 15:00:00+08:00,1.2300000190734863,1.2300000190734863,1.2200000286102295,1.2200000286102295,45400,0.0,0.0
2023-06-28 16:00:00+08:00,1.2200000286102295,1.2300000190734863,1.2200000286102295,1.2200000286102295,118900,0.0,0.0
2023-06-30 09:00:00+08:00,1.2300000190734863,1.25,1.2300000190734863,1.2300000190734863,1275200,0.0,0.0
2023-06-30 10:00:00+08:00,1.2300000190734863,1.2400000095367432,1.2300000190734863,1.2400000095367432,26800,0.0,0.0
2023-06-30 11:00:00+08:00,1.2400000095367432,1.2400000095367432,1.2300000190734863,1.2400000095367432,36500,0.0,0.0
2023-06-30 12:00:00+08:00,1.2300000190734863,1.2300000190734863,1.2300000190734863,1.2300000190734863,2000,0.0,0.0
2023-06-30 13:00:00+08:00,1.2300000190734863,1.2400000095367432,1.2300000190734863,1.2400000095367432,23900,0.0,0.0
2023-06-30 14:00:00+08:00,1.2400000095367432,1.2400000095367432,1.2300000190734863,1.2400000095367432,19400,0.0,0.0
2023-06-30 15:00:00+08:00,1.2400000095367432,1.2400000095367432,1.2300000190734863,1.2300000190734863,119100,0.0,0.0
2023-06-30 16:00:00+08:00,1.2300000190734863,1.2400000095367432,1.2300000190734863,1.2300000190734863,260600,0.0,0.0
2023-07-03 09:00:00+08:00,1.2400000095367432,1.2400000095367432,1.2300000190734863,1.2300000190734863,116300,0.0,0.0
2023-07-03 10:00:00+08:00,1.2300000190734863,1.2400000095367432,1.2300000190734863,1.2300000190734863,263700,0.0,0.0
2023-07-03 11:00:00+08:00,1.2300000190734863,1.2400000095367432,1.2300000190734863,1.2300000190734863,62300,0.0,0.0
2023-07-03 12:00:00+08:00,1.2300000190734863,1.2300000190734863,1.2300000190734863,1.2300000190734863,18600,0.0,0.0
2023-07-03 13:00:00+08:00,1.2300000190734863,1.2400000095367432,1.2300000190734863,1.2300000190734863,39500,0.0,0.0
2023-07-03 14:00:00+08:00,1.2300000190734863,1.2400000095367432,1.2300000190734863,1.2400000095367432,123300,0.0,0.0
2023-07-03 15:00:00+08:00,1.2400000095367432,1.2400000095367432,1.2300000190734863,1.2400000095367432,110600,0.0,0.0
2023-07-03 16:00:00+08:00,1.2400000095367432,1.2400000095367432,1.2300000190734863,1.2300000190734863,150800,0.0,0.0
2023-07-04 09:00:00+08:00,1.2400000095367432,1.25,1.2200000286102295,1.2200000286102295,270200,0.0,0.0
2023-07-04 10:00:00+08:00,1.2200000286102295,1.2300000190734863,1.2200000286102295,1.2200000286102295,14000,0.0,0.0
2023-07-04 11:00:00+08:00,1.2200000286102295,1.2300000190734863,1.2200000286102295,1.2200000286102295,26800,0.0,0.0
2023-07-04 12:00:00+08:00,1.2300000190734863,1.2300000190734863,1.2300000190734863,1.2300000190734863,15700,0.0,0.0
2023-07-04 13:00:00+08:00,1.2300000190734863,1.2300000190734863,1.2200000286102295,1.2300000190734863,152300,0.0,0.0
2023-07-04 14:00:00+08:00,1.2300000190734863,1.2300000190734863,1.2200000286102295,1.2300000190734863,5456300,0.0,0.0
2023-07-04 15:00:00+08:00,1.2300000190734863,1.2400000095367432,1.2200000286102295,1.2300000190734863,309600,0.0,0.0
2023-07-04 16:00:00+08:00,1.2300000190734863,1.2300000190734863,1.2200000286102295,1.2300000190734863,120000,0.0,0.0
2023-07-05 09:00:00+08:00,1.2300000190734863,1.2400000095367432,1.2200000286102295,1.2200000286102295,74300,0.0,0.0
2023-07-05 10:00:00+08:00,1.2200000286102295,1.2400000095367432,1.2200000286102295,1.2300000190734863,234700,0.0,0.0
2023-07-05 11:00:00+08:00,1.2300000190734863,1.2300000190734863,1.2300000190734863,1.2300000190734863,4600,0.0,0.0
2023-07-05 12:00:00+08:00,1.2300000190734863,1.2300000190734863,1.2300000190734863,1.2300000190734863,8900,0.0,0.0
2023-07-05 13:00:00+08:00,1.2300000190734863,1.2300000190734863,1.2200000286102295,1.2200000286102295,56200,0.0,0.0
2023-07-05 14:00:00+08:00,1.2200000286102295,1.2300000190734863,1.2200000286102295,1.2200000286102295,34600,0.0,0.0
2023-07-05 15:00:00+08:00,1.2200000286102295,1.2300000190734863,1.2200000286102295,1.2200000286102295,34000,0.0,0.0
2023-07-05 16:00:00+08:00,1.2200000286102295,1.2300000190734863,1.2200000286102295,1.2200000286102295,63500,0.0,0.0
2023-07-06 09:00:00+08:00,1.2200000286102295,1.2200000286102295,1.2100000381469727,1.2200000286102295,52000,0.0,0.0
2023-07-06 10:00:00+08:00,1.2200000286102295,1.2300000190734863,1.2100000381469727,1.2200000286102295,140700,0.0,0.0
2023-07-06 11:00:00+08:00,1.2200000286102295,1.2200000286102295,1.2100000381469727,1.2100000381469727,28400,0.0,0.0
2023-07-06 12:00:00+08:00,1.2100000381469727,1.2100000381469727,1.2100000381469727,1.2100000381469727,10000,0.0,0.0
2023-07-06 13:00:00+08:00,1.2100000381469727,1.2200000286102295,1.2100000381469727,1.2100000381469727,107800,0.0,0.0
2023-07-06 14:00:00+08:00,1.2100000381469727,1.2200000286102295,1.2100000381469727,1.2100000381469727,43600,0.0,0.0
2023-07-06 15:00:00+08:00,1.2100000381469727,1.2200000286102295,1.2100000381469727,1.2100000381469727,42500,0.0,0.0
2023-07-06 16:00:00+08:00,1.2100000381469727,1.2200000286102295,1.2100000381469727,1.2200000286102295,113700,0.0,0.0
2023-07-07 09:00:00+08:00,1.2200000286102295,1.2200000286102295,1.2100000381469727,1.2100000381469727,13400,0.0,0.0
2023-07-07 10:00:00+08:00,1.2100000381469727,1.2200000286102295,1.2100000381469727,1.2200000286102295,17900,0.0,0.0
2023-07-07 11:00:00+08:00,1.2200000286102295,1.2200000286102295,1.2100000381469727,1.2200000286102295,48600,0.0,0.0
2023-07-07 12:00:00+08:00,1.2200000286102295,1.2200000286102295,1.2200000286102295,1.2200000286102295,6300,0.0,0.0
2023-07-07 13:00:00+08:00,1.2200000286102295,1.2300000190734863,1.2200000286102295,1.2200000286102295,203600,0.0,0.0
2023-07-07 14:00:00+08:00,1.2200000286102295,1.2400000095367432,1.2200000286102295,1.2300000190734863,231500,0.0,0.0
2023-07-07 15:00:00+08:00,1.2300000190734863,1.2300000190734863,1.2200000286102295,1.2200000286102295,365100,0.0,0.0
2023-07-07 16:00:00+08:00,1.2200000286102295,1.2300000190734863,1.2200000286102295,1.2300000190734863,146300,0.0,0.0
2023-07-10 09:00:00+08:00,1.2200000286102295,1.2300000190734863,1.2100000381469727,1.2300000190734863,240900,0.0,0.0
2023-07-10 10:00:00+08:00,1.2300000190734863,1.2300000190734863,1.2200000286102295,1.2200000286102295,27700,0.0,0.0
2023-07-10 11:00:00+08:00,1.2200000286102295,1.2300000190734863,1.2200000286102295,1.2300000190734863,41600,0.0,0.0
2023-07-10 12:00:00+08:00,1.2300000190734863,1.2300000190734863,1.2200000286102295,1.2200000286102295,3500,0.0,0.0
2023-07-10 13:00:00+08:00,1.2200000286102295,1.2300000190734863,1.2200000286102295,1.2300000190734863,21100,0.0,0.0
2023-07-10 14:00:00+08:00,1.2300000190734863,1.2300000190734863,1.2200000286102295,1.2200000286102295,18300,0.0,0.0
2023-07-10 15:00:00+08:00,1.2200000286102295,1.2300000190734863,1.2200000286102295,1.2200000286102295,38700,0.0,0.0
2023-07-10 16:00:00+08:00,1.2200000286102295,1.2300000190734863,1.2200000286102295,1.2300000190734863,87100,0.0,0.0
2023-07-11 09:00:00+08:00,1.2300000190734863,1.2300000190734863,1.2200000286102295,1.2200000286102295,68700,0.0,0.0
2023-07-11 10:00:00+08:00,1.2200000286102295,1.2300000190734863,1.2200000286102295,1.2200000286102295,14900,0.0,0.0
2023-07-11 11:00:00+08:00,1.2200000286102295,1.2300000190734863,1.2200000286102295,1.2300000190734863,22800,0.0,0.0
2023-07-11 12:00:00+08:00,1.2300000190734863,1.2300000190734863,1.2200000286102295,1.2200000286102295,1700,0.0,0.0
2023-07-11 13:00:00+08:00,1.2200000286102295,1.2300000190734863,1.2200000286102295,1.2200000286102295,16800,0.0,0.0
2023-07-11 14:00:00+08:00,1.2200000286102295,1.2300000190734863,1.2200000286102295,1.2200000286102295,71700,0.0,0.0
2023-07-11 15:00:00+08:00,1.2200000286102295,1.2200000286102295,1.2200000286102295,1.2200000286102295,200,0.0,0.0
2023-07-11 16:00:00+08:00,1.2200000286102295,1.2300000190734863,1.2200000286102295,1.2200000286102295,27400,0.0,0.0
2023-07-12 09:00:00+08:00,1.2300000190734863,1.2300000190734863,1.2200000286102295,1.2300000190734863,174500,0.0,0.0
2023-07-12 10:00:00+08:00,1.2300000190734863,1.2400000095367432,1.2200000286102295,1.2400000095367432,76200,0.0,0.0
2023-07-12 11:00:00+08:00,1.2400000095367432,1.2400000095367432,1.2300000190734863,1.2400000095367432,51600,0.0,0.0
2023-07-12 12:00:00+08:00,1.2400000095367432,1.2400000095367432,1.2400000095367432,1.2400000095367432,84100,0.0,0.0
2023-07-12 13:00:00+08:00,1.2400000095367432,1.2400000095367432,1.2300000190734863,1.2300000190734863,46700,0.0,0.0
2023-07-12 14:00:00+08:00,1.2300000190734863,1.2400000095367432,1.2300000190734863,1.2300000190734863,102200,0.0,0.0
2023-07-12 15:00:00+08:00,1.2300000190734863,1.2400000095367432,1.2300000190734863,1.2300000190734863,22100,0.0,0.0
2023-07-12 16:00:00+08:00,1.2300000190734863,1.2400000095367432,1.2300000190734863,1.2300000190734863,42400,0.0,0.0
2023-07-13 09:00:00+08:00,1.2300000190734863,1.2400000095367432,1.2300000190734863,1.2300000190734863,44600,0.0,0.0
2023-07-13 10:00:00+08:00,1.2300000190734863,1.2400000095367432,1.2300000190734863,1.2300000190734863,12400,0.0,0.0
2023-07-13 11:00:00+08:00,1.2300000190734863,1.2400000095367432,1.2300000190734863,1.2300000190734863,0,0.0,0.0
2023-07-13 12:00:00+08:00,1.2400000095367432,1.2400000095367432,1.2300000190734863,1.2300000190734863,148000,0.0,0.0
2023-07-13 13:00:00+08:00,1.2300000190734863,1.2400000095367432,1.2300000190734863,1.2300000190734863,30700,0.0,0.0
2023-07-13 14:00:00+08:00,1.2300000190734863,1.2400000095367432,1.2300000190734863,1.2300000190734863,58600,0.0,0.0
2023-07-13 15:00:00+08:00,1.2300000190734863,1.2400000095367432,1.2300000190734863,1.2300000190734863,14800,0.0,0.0
2023-07-13 16:00:00+08:00,1.2300000190734863,1.2400000095367432,1.2300000190734863,1.2400000095367432,88100,0.0,0.0
2023-07-14 09:00:00+08:00,1.2400000095367432,1.2400000095367432,1.2300000190734863,1.2300000190734863,58300,0.0,0.0
2023-07-14 10:00:00+08:00,1.2300000190734863,1.2300000190734863,1.2300000190734863,1.2300000190734863,6500,0.0,0.0
2023-07-14 11:00:00+08:00,1.2300000190734863,1.2400000095367432,1.2300000190734863,1.2300000190734863,0,0.0,0.0
2023-07-14 12:00:00+08:00,1.2300000190734863,1.2400000095367432,1.2300000190734863,1.2400000095367432,213300,0.0,0.0
2023-07-14 13:00:00+08:00,1.2400000095367432,1.2400000095367432,1.2200000286102295,1.2300000190734863,425800,0.0,0.0
2023-07-14 14:00:00+08:00,1.2300000190734863,1.2300000190734863,1.2300000190734863,1.2300000190734863,29700,0.0,0.0
2023-07-14 15:00:00+08:00,1.2300000190734863,1.2400000095367432,1.2300000190734863,1.2300000190734863,12800,0.0,0.0
2023-07-14 16:00:00+08:00,1.2300000190734863,1.2400000095367432,1.2300000190734863,1.2300000190734863,22500,0.0,0.0
2023-07-17 09:00:00+08:00,1.2300000190734863,1.2400000095367432,1.2300000190734863,1.2400000095367432,3000,0.0,0.0
2023-07-17 10:00:00+08:00,1.2400000095367432,1.2400000095367432,1.2300000190734863,1.2300000190734863,1800,0.0,0.0
2023-07-17 11:00:00+08:00,1.2300000190734863,1.2400000095367432,1.2300000190734863,1.2300000190734863,9200,0.0,0.0
2023-07-17 12:00:00+08:00,1.2300000190734863,1.2300000190734863,1.2300000190734863,1.2300000190734863,4400,0.0,0.0
2023-07-17 13:00:00+08:00,1.2300000190734863,1.2300000190734863,1.2300000190734863,1.2300000190734863,1300,0.0,0.0
2023-07-17 14:00:00+08:00,1.2300000190734863,1.2400000095367432,1.2300000190734863,1.2400000095367432,30200,0.0,0.0
2023-07-17 15:00:00+08:00,1.2400000095367432,1.2400000095367432,1.2300000190734863,1.2300000190734863,8300,0.0,0.0
2023-07-17 16:00:00+08:00,1.2300000190734863,1.2400000095367432,1.2300000190734863,1.2400000095367432,3100,0.0,0.0
2023-07-18 09:00:00+08:00,1.2400000095367432,1.2400000095367432,1.2300000190734863,1.2300000190734863,126600,0.0,0.0
2023-07-18 10:00:00+08:00,1.2300000190734863,1.2400000095367432,1.2300000190734863,1.2400000095367432,100800,0.0,0.0
2023-07-18 11:00:00+08:00,1.2400000095367432,1.2400000095367432,1.2300000190734863,1.2300000190734863,7900,0.0,0.0
2023-07-18 12:00:00+08:00,1.2300000190734863,1.2300000190734863,1.2300000190734863,1.2300000190734863,8400,0.0,0.0
2023-07-18 13:00:00+08:00,1.2300000190734863,1.2300000190734863,1.2300000190734863,1.2300000190734863,3700,0.0,0.0
2023-07-18 14:00:00+08:00,1.2300000190734863,1.2400000095367432,1.2300000190734863,1.2300000190734863,9600,0.0,0.0
2023-07-18 15:00:00+08:00,1.2300000190734863,1.2400000095367432,1.2300000190734863,1.2300000190734863,7900,0.0,0.0
2023-07-18 16:00:00+08:00,1.2300000190734863,1.2400000095367432,1.2300000190734863,1.2300000190734863,18200,0.0,0.0
2023-07-19 09:00:00+08:00,1.2400000095367432,1.2400000095367432,1.2300000190734863,1.2300000190734863,244700,0.0,0.0
2023-07-19 10:00:00+08:00,1.2300000190734863,1.2400000095367432,1.2300000190734863,1.2400000095367432,29300,0.0,0.0
2023-07-19 11:00:00+08:00,1.2400000095367432,1.25,1.2300000190734863,1.25,86600,0.0,0.0
2023-07-19 12:00:00+08:00,1.25,1.25,1.25,1.25,2300,0.0,0.0
2023-07-19 13:00:00+08:00,1.25,1.25,1.2400000095367432,1.25,61900,0.0,0.0
2023-07-19 14:00:00+08:00,1.25,1.25,1.2400000095367432,1.2400000095367432,23900,0.0,0.0
2023-07-19 15:00:00+08:00,1.2400000095367432,1.25,1.2400000095367432,1.2400000095367432,194300,0.0,0.0
2023-07-19 16:00:00+08:00,1.2400000095367432,1.25,1.2400000095367432,1.2400000095367432,62600,0.0,0.0
2023-07-20 09:00:00+08:00,1.25,1.25,1.2400000095367432,1.2400000095367432,7600,0.0,0.0
2023-07-20 10:00:00+08:00,1.2400000095367432,1.25,1.2400000095367432,1.25,63300,0.0,0.0
2023-07-20 11:00:00+08:00,1.25,1.25,1.2400000095367432,1.2400000095367432,8700,0.0,0.0
2023-07-20 12:00:00+08:00,1.25,1.25,1.2400000095367432,1.2400000095367432,3000,0.0,0.0
2023-07-20 13:00:00+08:00,1.2400000095367432,1.25,1.2400000095367432,1.25,147900,0.0,0.0
2023-07-20 14:00:00+08:00,1.25,1.25,1.2400000095367432,1.25,107500,0.0,0.0
2023-07-20 15:00:00+08:00,1.25,1.25,1.2400000095367432,1.2400000095367432,27700,0.0,0.0
2023-07-20 16:00:00+08:00,1.2400000095367432,1.25,1.2300000190734863,1.25,86200,0.0,0.0
2023-07-21 09:00:00+08:00,1.25,1.25,1.2400000095367432,1.25,400,0.0,0.0
2023-07-21 10:00:00+08:00,1.25,1.25,1.2400000095367432,1.25,300,0.0,0.0
2023-07-21 11:00:00+08:00,1.25,1.25,1.25,1.25,900,0.0,0.0
2023-07-21 12:00:00+08:00,1.25,1.25,1.25,1.25,2100,0.0,0.0
2023-07-21 13:00:00+08:00,1.25,1.25,1.2300000190734863,1.2400000095367432,327100,0.0,0.0
2023-07-21 14:00:00+08:00,1.2400000095367432,1.2400000095367432,1.2300000190734863,1.2300000190734863,25600,0.0,0.0
2023-07-21 15:00:00+08:00,1.2300000190734863,1.2400000095367432,1.2300000190734863,1.2300000190734863,20300,0.0,0.0
2023-07-21 16:00:00+08:00,1.2300000190734863,1.2400000095367432,1.2300000190734863,1.2300000190734863,116600,0.0,0.0
2023-07-24 09:00:00+08:00,1.2400000095367432,1.2400000095367432,1.2300000190734863,1.2400000095367432,148400,0.0,0.0
2023-07-24 10:00:00+08:00,1.2400000095367432,1.25,1.2400000095367432,1.25,56900,0.0,0.0
2023-07-24 11:00:00+08:00,1.2400000095367432,1.25,1.2400000095367432,1.25,4500,0.0,0.0
2023-07-24 12:00:00+08:00,1.25,1.25,1.25,1.25,6100,0.0,0.0
2023-07-24 13:00:00+08:00,1.25,1.25,1.2400000095367432,1.25,24400,0.0,0.0
2023-07-24 14:00:00+08:00,1.25,1.25,1.2300000190734863,1.2400000095367432,108700,0.0,0.0
2023-07-24 15:00:00+08:00,1.2400000095367432,1.25,1.2400000095367432,1.2400000095367432,37400,0.0,0.0
2023-07-24 16:00:00+08:00,1.2400000095367432,1.25,1.2400000095367432,1.25,27900,0.0,0.0
2023-07-25 09:00:00+08:00,1.2400000095367432,1.25,1.2400000095367432,1.2400000095367432,11900,0.0,0.0
2023-07-25 10:00:00+08:00,1.2400000095367432,1.25,1.2400000095367432,1.25,17400,0.0,0.0
2023-07-25 11:00:00+08:00,1.25,1.25,1.2400000095367432,1.25,34400,0.0,0.0
2023-07-25 12:00:00+08:00,1.2400000095367432,1.25,1.2400000095367432,1.25,100,0.0,0.0
2023-07-25 13:00:00+08:00,1.25,1.25,1.2300000190734863,1.2400000095367432,199900,0.0,0.0
2023-07-25 14:00:00+08:00,1.2300000190734863,1.25,1.2300000190734863,1.25,42900,0.0,0.0
2023-07-25 15:00:00+08:00,1.25,1.25,1.2300000190734863,1.2400000095367432,218300,0.0,0.0
2023-07-25 16:00:00+08:00,1.2400000095367432,1.2400000095367432,1.2300000190734863,1.2400000095367432,196300,0.0,0.0
2023-07-26 09:00:00+08:00,1.2400000095367432,1.25,1.2300000190734863,1.2400000095367432,63000,0.0,0.0
2023-07-26 10:00:00+08:00,1.25,1.25,1.2400000095367432,1.2400000095367432,16500,0.0,0.0
2023-07-26 11:00:00+08:00,1.2400000095367432,1.25,1.2400000095367432,1.25,12500,0.0,0.0
2023-07-26 12:00:00+08:00,1.25,1.25,1.2400000095367432,1.2400000095367432,6400,0.0,0.0
2023-07-26 13:00:00+08:00,1.2400000095367432,1.25,1.2400000095367432,1.2400000095367432,22900,0.0,0.0
2023-07-26 14:00:00+08:00,1.2400000095367432,1.2400000095367432,1.2300000190734863,1.2300000190734863,20800,0.0,0.0
2023-07-26 15:00:00+08:00,1.2300000190734863,1.25,1.2300000190734863,1.2400000095367432,37400,0.0,0.0
2023-07-26 16:00:00+08:00,1.2400000095367432,1.25,1.2400000095367432,1.2400000095367432,29400,0.0,0.0
2023-07-27 09:00:00+08:00,1.2400000095367432,1.25,1.2300000190734863,1.25,292600,0.0,0.0
2023-07-27 10:00:00+08:00,1.25,1.25,1.25,1.25,21400,0.0,0.0
2023-07-27 11:00:00+08:00,1.25,1.25,1.2400000095367432,1.25,42700,0.0,0.0
2023-07-27 12:00:00+08:00,1.25,1.25,1.25,1.25,33300,0.0,0.0
2023-07-27 13:00:00+08:00,1.25,1.25,1.2400000095367432,1.2400000095367432,23400,0.0,0.0
2023-07-27 14:00:00+08:00,1.2400000095367432,1.25,1.2400000095367432,1.25,31600,0.0,0.0
2023-07-27 15:00:00+08:00,1.25,1.25,1.2400000095367432,1.25,69600,0.0,0.0
2023-07-27 16:00:00+08:00,1.25,1.25,1.2400000095367432,1.25,287600,0.0,0.0
2023-07-28 09:00:00+08:00,1.25,1.25,1.2300000190734863,1.25,255700,0.0,0.0
2023-07-28 10:00:00+08:00,1.25,1.25,1.2400000095367432,1.25,28400,0.0,0.0
2023-07-28 11:00:00+08:00,1.25,1.25,1.2400000095367432,1.2400000095367432,32500,0.0,0.0
2023-07-28 12:00:00+08:00,1.2400000095367432,1.25,1.2400000095367432,1.25,900,0.0,0.0
2023-07-28 13:00:00+08:00,1.25,1.25,1.2400000095367432,1.2400000095367432,43500,0.0,0.0
2023-07-28 14:00:00+08:00,1.2400000095367432,1.25,1.2400000095367432,1.2400000095367432,39900,0.0,0.0
2023-07-28 15:00:00+08:00,1.2400000095367432,1.25,1.2400000095367432,1.2400000095367432,50200,0.0,0.0
2023-07-28 16:00:00+08:00,1.2400000095367432,1.25,1.2400000095367432,1.2400000095367432,87700,0.0,0.0
2023-07-31 09:00:00+08:00,1.2400000095367432,1.25,1.2400000095367432,1.2400000095367432,401400,0.0,0.0
2023-07-31 10:00:00+08:00,1.2400000095367432,1.25,1.2400000095367432,1.2400000095367432,122100,0.0,0.0
2023-07-31 11:00:00+08:00,1.2400000095367432,1.25,1.2300000190734863,1.2400000095367432,252000,0.0,0.0
2023-07-31 12:00:00+08:00,1.2400000095367432,1.2400000095367432,1.2400000095367432,1.2400000095367432,1000,0.0,0.0
2023-07-31 13:00:00+08:00,1.2400000095367432,1.25,1.2400000095367432,1.2400000095367432,14300,0.0,0.0
2023-07-31 14:00:00+08:00,1.2400000095367432,1.25,1.2400000095367432,1.25,0,0.0,0.0
2023-07-31 15:00:00+08:00,1.25,1.25,1.2300000190734863,1.2400000095367432,1176500,0.0,0.0
2023-07-31 16:00:00+08:00,1.2400000095367432,1.25,1.2300000190734863,1.25,191700,0.0,0.0
2023-08-01 09:00:00+08:00,1.2400000095367432,1.25,1.2400000095367432,1.25,15400,0.0,0.0
2023-08-01 10:00:00+08:00,1.25,1.25,1.2300000190734863,1.2300000190734863,138500,0.0,0.0
2023-08-01 11:00:00+08:00,1.2300000190734863,1.2400000095367432,1.2300000190734863,1.2400000095367432,15300,0.0,0.0
2023-08-01 12:00:00+08:00,1.2300000190734863,1.2300000190734863,1.2300000190734863,1.2300000190734863,3400,0.0,0.0
2023-08-01 13:00:00+08:00,1.2300000190734863,1.2400000095367432,1.2300000190734863,1.2400000095367432,11000,0.0,0.0
2023-08-01 14:00:00+08:00,1.2400000095367432,1.2400000095367432,1.2300000190734863,1.2400000095367432,162000,0.0,0.0
2023-08-01 15:00:00+08:00,1.2400000095367432,1.2400000095367432,1.2300000190734863,1.2300000190734863,19400,0.0,0.0
2023-08-01 16:00:00+08:00,1.2300000190734863,1.2400000095367432,1.2300000190734863,1.2400000095367432,18100,0.0,0.0
2023-08-02 09:00:00+08:00,1.2400000095367432,1.2400000095367432,1.2300000190734863,1.2300000190734863,23100,0.0,0.0
2023-08-02 10:00:00+08:00,1.2300000190734863,1.2400000095367432,1.2300000190734863,1.2400000095367432,153700,0.0,0.0
2023-08-02 11:00:00+08:00,1.2400000095367432,1.2400000095367432,1.2300000190734863,1.2400000095367432,504000,0.0,0.0
2023-08-02 12:00:00+08:00,1.2400000095367432,1.2400000095367432,1.2400000095367432,1.2400000095367432,5700,0.0,0.0
2023-08-02 13:00:00+08:00,1.2400000095367432,1.2400000095367432,1.2300000190734863,1.2300000190734863,12600,0.0,0.0
2023-08-02 14:00:00+08:00,1.2300000190734863,1.2400000095367432,1.2300000190734863,1.2300000190734863,70600,0.0,0.0
2023-08-02 15:00:00+08:00,1.2300000190734863,1.2400000095367432,1.2300000190734863,1.2300000190734863,226700,0.0,0.0
2023-08-02 16:00:00+08:00,1.2300000190734863,1.2400000095367432,1.2300000190734863,1.2300000190734863,161700,0.0,0.0
2023-08-03 09:00:00+08:00,1.2300000190734863,1.2400000095367432,1.2300000190734863,1.2400000095367432,43600,0.0,0.0
2023-08-03 10:00:00+08:00,1.2400000095367432,1.2400000095367432,1.2300000190734863,1.2300000190734863,4200,0.0,0.0
2023-08-03 11:00:00+08:00,1.2300000190734863,1.2400000095367432,1.2300000190734863,1.2300000190734863,32600,0.0,0.0
2023-08-03 12:00:00+08:00,1.2400000095367432,1.2400000095367432,1.2300000190734863,1.2300000190734863,1700,0.0,0.0
2023-08-03 13:00:00+08:00,1.2300000190734863,1.2400000095367432,1.2300000190734863,1.2300000190734863,28600,0.0,0.0
2023-08-03 14:00:00+08:00,1.2300000190734863,1.2400000095367432,1.2300000190734863,1.2300000190734863,25500,0.0,0.0
2023-08-03 15:00:00+08:00,1.2300000190734863,1.2400000095367432,1.2300000190734863,1.2300000190734863,12200,0.0,0.0
2023-08-03 16:00:00+08:00,1.2300000190734863,1.2400000095367432,1.2300000190734863,1.2300000190734863,42300,0.0,0.0
2023-08-04 09:00:00+08:00,1.2300000190734863,1.2300000190734863,1.2200000286102295,1.2300000190734863,144900,0.0,0.0
2023-08-04 10:00:00+08:00,1.2300000190734863,1.2300000190734863,1.2200000286102295,1.2300000190734863,21400,0.0,0.0
2023-08-04 11:00:00+08:00,1.2300000190734863,1.2300000190734863,1.2300000190734863,1.2300000190734863,30300,0.0,0.0
2023-08-04 12:00:00+08:00,1.2300000190734863,1.2300000190734863,1.2300000190734863,1.2300000190734863,1500,0.0,0.0
2023-08-04 13:00:00+08:00,1.2300000190734863,1.2300000190734863,1.2200000286102295,1.2300000190734863,12900,0.0,0.0
2023-08-04 14:00:00+08:00,1.2300000190734863,1.2400000095367432,1.2200000286102295,1.2200000286102295,42300,0.0,0.0
2023-08-04 15:00:00+08:00,1.2300000190734863,1.2300000190734863,1.2200000286102295,1.2200000286102295,17600,0.0,0.0
2023-08-04 16:00:00+08:00,1.2200000286102295,1.2300000190734863,1.2200000286102295,1.2300000190734863,54600,0.0,0.0
2023-08-07 09:00:00+08:00,1.2200000286102295,1.2400000095367432,1.2200000286102295,1.2300000190734863,49000,0.0,0.0
2023-08-07 10:00:00+08:00,1.2300000190734863,1.2400000095367432,1.2300000190734863,1.2300000190734863,8500,0.0,0.0
2023-08-07 11:00:00+08:00,1.2300000190734863,1.2400000095367432,1.2300000190734863,1.2300000190734863,8300,0.0,0.0
2023-08-07 12:00:00+08:00,1.2400000095367432,1.2400000095367432,1.2300000190734863,1.2300000190734863,2700,0.0,0.0
2023-08-07 13:00:00+08:00,1.2300000190734863,1.2400000095367432,1.2300000190734863,1.2300000190734863,5400,0.0,0.0
2023-08-07 14:00:00+08:00,1.2300000190734863,1.2400000095367432,1.2300000190734863,1.2300000190734863,72600,0.0,0.0
2023-08-07 15:00:00+08:00,1.2300000190734863,1.2400000095367432,1.2200000286102295,1.2300000190734863,205100,0.0,0.0
2023-08-07 16:00:00+08:00,1.2300000190734863,1.25,1.2300000190734863,1.2300000190734863,286700,0.0,0.0
2023-08-08 09:00:00+08:00,1.2400000095367432,1.2400000095367432,1.2300000190734863,1.2300000190734863,95700,0.0,0.0
2023-08-08 10:00:00+08:00,1.2300000190734863,1.2400000095367432,1.2300000190734863,1.2300000190734863,26100,0.0,0.0
2023-08-08 11:00:00+08:00,1.2300000190734863,1.2400000095367432,1.2300000190734863,1.2300000190734863,27900,0.0,0.0
2023-08-08 12:00:00+08:00,1.2300000190734863,1.2400000095367432,1.2300000190734863,1.2400000095367432,1500,0.0,0.0
2023-08-08 13:00:00+08:00,1.2400000095367432,1.2400000095367432,1.2300000190734863,1.2300000190734863,34300,0.0,0.0
2023-08-08 14:00:00+08:00,1.2300000190734863,1.2400000095367432,1.2300000190734863,1.2300000190734863,27500,0.0,0.0
2023-08-08 15:00:00+08:00,1.2300000190734863,1.2400000095367432,1.2300000190734863,1.2400000095367432,17600,0.0,0.0
2023-08-08 16:00:00+08:00,1.2400000095367432,1.2400000095367432,1.2300000190734863,1.2400000095367432,112300,0.0,0.0
2023-08-10 09:00:00+08:00,1.2300000190734863,1.2400000095367432,1.2200000286102295,1.2300000190734863,296800,0.0,0.0
2023-08-10 10:00:00+08:00,1.2300000190734863,1.2300000190734863,1.2200000286102295,1.2300000190734863,56700,0.0,0.0
2023-08-10 11:00:00+08:00,1.2300000190734863,1.2300000190734863,1.2200000286102295,1.2200000286102295,25900,0.0,0.0
2023-08-10 12:00:00+08:00,1.2200000286102295,1.2200000286102295,1.2200000286102295,1.2200000286102295,54600,0.0,0.0
2023-08-10 13:00:00+08:00,1.2300000190734863,1.2300000190734863,1.2200000286102295,1.2300000190734863,21200,0.0,0.0
2023-08-10 14:00:00+08:00,1.2300000190734863,1.2300000190734863,1.2200000286102295,1.2300000190734863,210800,0.0,0.0
2023-08-10 15:00:00+08:00,1.2300000190734863,1.2400000095367432,1.2200000286102295,1.2300000190734863,184800,0.0,0.0
2023-08-10 16:00:00+08:00,1.2300000190734863,1.2300000190734863,1.2200000286102295,1.2300000190734863,122900,0.0,0.0
2023-08-11 09:00:00+08:00,1.2300000190734863,1.2400000095367432,1.2200000286102295,1.2300000190734863,68700,0.0,0.0
2023-08-11 10:00:00+08:00,1.2300000190734863,1.2300000190734863,1.2200000286102295,1.2300000190734863,122900,0.0,0.0
2023-08-11 11:00:00+08:00,1.2300000190734863,1.2300000190734863,1.2200000286102295,1.2200000286102295,247700,0.0,0.0
2023-08-11 12:00:00+08:00,1.2300000190734863,1.2300000190734863,1.2300000190734863,1.2300000190734863,5300,0.0,0.0
2023-08-11 13:00:00+08:00,1.2300000190734863,1.2300000190734863,1.2200000286102295,1.2300000190734863,17100,0.0,0.0
2023-08-11 14:00:00+08:00,1.2300000190734863,1.2300000190734863,1.2200000286102295,1.2300000190734863,16600,0.0,0.0
2023-08-11 15:00:00+08:00,1.2300000190734863,1.2300000190734863,1.2200000286102295,1.2300000190734863,46100,0.0,0.0
2023-08-11 16:00:00+08:00,1.2300000190734863,1.2300000190734863,1.2200000286102295,1.2300000190734863,85400,0.0,0.0
2023-08-14 09:00:00+08:00,1.2200000286102295,1.2300000190734863,1.2200000286102295,1.2300000190734863,31700,0.0,0.0
2023-08-14 10:00:00+08:00,1.2300000190734863,1.2300000190734863,1.2200000286102295,1.2300000190734863,246600,0.0,0.0
2023-08-14 11:00:00+08:00,1.2300000190734863,1.2300000190734863,1.2200000286102295,1.2300000190734863,85000,0.0,0.0
2023-08-14 12:00:00+08:00,1.2200000286102295,1.2200000286102295,1.2200000286102295,1.2200000286102295,3600,0.0,0.0
2023-08-14 13:00:00+08:00,1.2200000286102295,1.2300000190734863,1.2200000286102295,1.2300000190734863,33100,0.0,0.0
2023-08-14 14:00:00+08:00,1.2300000190734863,1.2300000190734863,1.2200000286102295,1.2300000190734863,50700,0.0,0.0
2023-08-14 15:00:00+08:00,1.2300000190734863,1.2300000190734863,1.2200000286102295,1.2300000190734863,29800,0.0,0.0
2023-08-14 16:00:00+08:00,1.2300000190734863,1.2300000190734863,1.2200000286102295,1.2300000190734863,70700,0.0,0.0
2023-08-15 09:00:00+08:00,1.2200000286102295,1.2300000190734863,1.2100000381469727,1.2200000286102295,637400,0.0,0.0
2023-08-15 10:00:00+08:00,1.2200000286102295,1.2300000190734863,1.2200000286102295,1.2200000286102295,130300,0.0,0.0
2023-08-15 11:00:00+08:00,1.2200000286102295,1.2300000190734863,1.2200000286102295,1.2300000190734863,89300,0.0,0.0
2023-08-15 12:00:00+08:00,1.2300000190734863,1.2300000190734863,1.2300000190734863,1.2300000190734863,1500,0.0,0.0
2023-08-15 13:00:00+08:00,1.2200000286102295,1.2400000095367432,1.2200000286102295,1.2200000286102295,107900,0.0,0.0
2023-08-15 14:00:00+08:00,1.2200000286102295,1.2300000190734863,1.2200000286102295,1.2200000286102295,19100,0.0,0.0
2023-08-15 15:00:00+08:00,1.2200000286102295,1.2300000190734863,1.2200000286102295,1.2200000286102295,55000,0.0,0.0
2023-08-15 16:00:00+08:00,1.2200000286102295,1.2300000190734863,1.2200000286102295,1.2200000286102295,101900,0.0,0.0
2023-08-16 09:00:00+08:00,1.2200000286102295,1.2300000190734863,1.2200000286102295,1.2300000190734863,45800,0.0,0.0
2023-08-16 10:00:00+08:00,1.2300000190734863,1.2300000190734863,1.2200000286102295,1.2200000286102295,7600,0.0,0.0
2023-08-16 11:00:00+08:00,1.2200000286102295,1.2300000190734863,1.2200000286102295,1.2200000286102295,23200,0.0,0.0
2023-08-16 12:00:00+08:00,1.2300000190734863,1.2300000190734863,1.2300000190734863,1.2300000190734863,9800,0.0,0.0
2023-08-16 13:00:00+08:00,1.2300000190734863,1.2300000190734863,1.2200000286102295,1.2300000190734863,3500,0.0,0.0
2023-08-16 14:00:00+08:00,1.2300000190734863,1.2300000190734863,1.2200000286102295,1.2200000286102295,14700,0.0,0.0
2023-08-16 15:00:00+08:00,1.2200000286102295,1.2300000190734863,1.2200000286102295,1.2200000286102295,16800,0.0,0.0
2023-08-16 16:00:00+08:00,1.2200000286102295,1.2300000190734863,1.2200000286102295,1.2300000190734863,26700,0.0,0.0
2023-08-17 09:00:00+08:00,1.2300000190734863,1.2300000190734863,1.2100000381469727,1.2200000286102295,453000,0.0,0.0
2023-08-17 10:00:00+08:00,1.2200000286102295,1.2300000190734863,1.2100000381469727,1.2100000381469727,281100,0.0,0.0
2023-08-17 11:00:00+08:00,1.2100000381469727,1.2200000286102295,1.2100000381469727,1.2200000286102295,17300,0.0,0.0
2023-08-17 12:00:00+08:00,1.2200000286102295,1.2200000286102295,1.2100000381469727,1.2100000381469727,27000,0.0,0.0
2023-08-17 13:00:00+08:00,1.2100000381469727,1.2200000286102295,1.2100000381469727,1.2200000286102295,3400,0.0,0.0
2023-08-17 14:00:00+08:00,1.2200000286102295,1.2300000190734863,1.2100000381469727,1.2300000190734863,116200,0.0,0.0
2023-08-17 15:00:00+08:00,1.2300000190734863,1.2300000190734863,1.2100000381469727,1.2200000286102295,42100,0.0,0.0
2023-08-17 16:00:00+08:00,1.2200000286102295,1.2300000190734863,1.2100000381469727,1.2200000286102295,112300,0.0,0.0
2023-08-18 09:00:00+08:00,1.2200000286102295,1.2300000190734863,1.2100000381469727,1.2300000190734863,53100,0.0,0.0
2023-08-18 10:00:00+08:00,1.2300000190734863,1.2300000190734863,1.2100000381469727,1.2200000286102295,26100,0.0,0.0
2023-08-18 11:00:00+08:00,1.2200000286102295,1.2300000190734863,1.2200000286102295,1.2200000286102295,12000,0.0,0.0
2023-08-18 12:00:00+08:00,1.2200000286102295,1.2200000286102295,1.2200000286102295,1.2200000286102295,1500,0.0,0.0
2023-08-18 13:00:00+08:00,1.2200000286102295,1.2300000190734863,1.2200000286102295,1.2200000286102295,15700,0.0,0.0
2023-08-18 14:00:00+08:00,1.2200000286102295,1.2300000190734863,1.2200000286102295,1.2200000286102295,15000,0.0,0.0
2023-08-18 15:00:00+08:00,1.2200000286102295,1.2300000190734863,1.2200000286102295,1.2300000190734863,12900,0.0,0.0
2023-08-18 16:00:00+08:00,1.2300000190734863,1.2300000190734863,1.2100000381469727,1.2200000286102295,281200,0.0,0.0
2023-08-21 09:00:00+08:00,1.2200000286102295,1.2200000286102295,1.2100000381469727,1.2200000286102295,11000,0.0,0.0
2023-08-21 10:00:00+08:00,1.2200000286102295,1.2200000286102295,1.2100000381469727,1.2200000286102295,46600,0.0,0.0
2023-08-21 11:00:00+08:00,1.2200000286102295,1.2200000286102295,1.2100000381469727,1.2100000381469727,21200,0.0,0.0
2023-08-21 12:00:00+08:00,1.2200000286102295,1.2200000286102295,1.2200000286102295,1.2200000286102295,52800,0.0,0.0
2023-08-21 13:00:00+08:00,1.2200000286102295,1.2200000286102295,1.2100000381469727,1.2100000381469727,78000,0.0,0.0
2023-08-21 14:00:00+08:00,1.2100000381469727,1.2200000286102295,1.2100000381469727,1.2200000286102295,48400,0.0,0.0
2023-08-21 15:00:00+08:00,1.2200000286102295,1.2200000286102295,1.2100000381469727,1.2200000286102295,17400,0.0,0.0
2023-08-21 16:00:00+08:00,1.2200000286102295,1.2200000286102295,1.2100000381469727,1.2200000286102295,45500,0.0,0.0
2023-08-22 09:00:00+08:00,1.2200000286102295,1.2200000286102295,1.2100000381469727,1.2200000286102295,22400,0.0,0.0
2023-08-22 10:00:00+08:00,1.2200000286102295,1.2200000286102295,1.2100000381469727,1.2200000286102295,29900,0.0,0.0
2023-08-22 11:00:00+08:00,1.2200000286102295,1.2200000286102295,1.2100000381469727,1.2200000286102295,15300,0.0,0.0
2023-08-22 12:00:00+08:00,1.2200000286102295,1.2200000286102295,1.2200000286102295,1.2200000286102295,16100,0.0,0.0
2023-08-22 13:00:00+08:00,1.2200000286102295,1.2200000286102295,1.2100000381469727,1.2200000286102295,17100,0.0,0.0
2023-08-22 14:00:00+08:00,1.2200000286102295,1.2300000190734863,1.2100000381469727,1.2200000286102295,333300,0.0,0.0
2023-08-22 15:00:00+08:00,1.2200000286102295,1.2300000190734863,1.2200000286102295,1.2200000286102295,54100,0.0,0.0
2023-08-22 16:00:00+08:00,1.2200000286102295,1.2300000190734863,1.2200000286102295,1.2300000190734863,32400,0.0,0.0
2023-08-23 09:00:00+08:00,1.2200000286102295,1.2300000190734863,1.2200000286102295,1.2300000190734863,20100,0.0,0.0
2023-08-23 10:00:00+08:00,1.2300000190734863,1.2400000095367432,1.2200000286102295,1.2300000190734863,489200,0.0,0.0
2023-08-23 11:00:00+08:00,1.2300000190734863,1.2300000190734863,1.2200000286102295,1.2300000190734863,7800,0.0,0.0
2023-08-23 12:00:00+08:00,1.2300000190734863,1.2300000190734863,1.2300000190734863,1.2300000190734863,7000,0.0,0.0
2023-08-23 13:00:00+08:00,1.2300000190734863,1.2400000095367432,1.2300000190734863,1.2300000190734863,58900,0.0,0.0
2023-08-23 14:00:00+08:00,1.2300000190734863,1.2400000095367432,1.2300000190734863,1.2400000095367432,5400,0.0,0.0
2023-08-23 15:00:00+08:00,1.2400000095367432,1.2400000095367432,1.2200000286102295,1.2400000095367432,158800,0.0,0.0
2023-08-23 16:00:00+08:00,1.2400000095367432,1.2400000095367432,1.2200000286102295,1.2300000190734863,251000,0.0,0.0
2023-08-24 09:00:00+08:00,1.2400000095367432,1.2400000095367432,1.2300000190734863,1.2300000190734863,189400,0.0,0.0
2023-08-24 10:00:00+08:00,1.2300000190734863,1.2400000095367432,1.2300000190734863,1.2400000095367432,41800,0.0,0.0
2023-08-24 11:00:00+08:00,1.2400000095367432,1.2400000095367432,1.2300000190734863,1.2400000095367432,59700,0.0,0.0
2023-08-24 12:00:00+08:00,1.2400000095367432,1.2400000095367432,1.2400000095367432,1.2400000095367432,6900,0.0,0.0
2023-08-24 13:00:00+08:00,1.2400000095367432,1.2400000095367432,1.2300000190734863,1.2300000190734863,15200,0.0,0.0
2023-08-24 14:00:00+08:00,1.2300000190734863,1.2400000095367432,1.2300000190734863,1.2400000095367432,24500,0.0,0.0
2023-08-24 15:00:00+08:00,1.2400000095367432,1.2400000095367432,1.2300000190734863,1.2400000095367432,16600,0.0,0.0
2023-08-24 16:00:00+08:00,1.2400000095367432,1.2400000095367432,1.2300000190734863,1.2400000095367432,317400,0.0,0.0
2023-08-25 09:00:00+08:00,1.2300000190734863,1.2300000190734863,1.2200000286102295,1.2300000190734863,26800,0.0,0.0
2023-08-25 10:00:00+08:00,1.2300000190734863,1.2300000190734863,1.2200000286102295,1.2300000190734863,0,0.0,0.0
2023-08-25 11:00:00+08:00,1.2300000190734863,1.2300000190734863,1.2200000286102295,1.2300000190734863,108500,0.0,0.0
2023-08-25 12:00:00+08:00,1.2300000190734863,1.2300000190734863,1.2300000190734863,1.2300000190734863,12700,0.0,0.0
2023-08-25 13:00:00+08:00,1.2300000190734863,1.2400000095367432,1.2300000190734863,1.2400000095367432,270400,0.0,0.0
2023-08-25 14:00:00+08:00,1.2400000095367432,1.2400000095367432,1.2300000190734863,1.2400000095367432,60000,0.0,0.0
2023-08-25 15:00:00+08:00,1.2400000095367432,1.2400000095367432,1.2300000190734863,1.2400000095367432,169100,0.0,0.0
2023-08-25 16:00:00+08:00,1.2400000095367432,1.2400000095367432,1.2300000190734863,1.2400000095367432,209200,0.0,0.0
2023-08-28 09:00:00+08:00,1.2400000095367432,1.25,1.2400000095367432,1.25,55100,0.0,0.0
2023-08-28 10:00:00+08:00,1.25,1.25,1.2400000095367432,1.25,34100,0.0,0.0
2023-08-28 11:00:00+08:00,1.25,1.25,1.2400000095367432,1.25,35300,0.0,0.0
2023-08-28 12:00:00+08:00,1.25,1.25,1.25,1.25,14900,0.0,0.0
2023-08-28 13:00:00+08:00,1.25,1.2599999904632568,1.2400000095367432,1.2599999904632568,964500,0.0,0.0
2023-08-28 14:00:00+08:00,1.2599999904632568,1.2599999904632568,1.25,1.2599999904632568,670800,0.0,0.0
2023-08-28 15:00:00+08:00,1.2599999904632568,1.2699999809265137,1.2599999904632568,1.2699999809265137,482900,0.0,0.0
2023-08-28 16:00:00+08:00,1.2699999809265137,1.2699999809265137,1.2599999904632568,1.2699999809265137,389700,0.0,0.0
2023-08-29 09:00:00+08:00,1.2699999809265137,1.2799999713897705,1.2699999809265137,1.2799999713897705,389300,0.0,0.0
2023-08-29 10:00:00+08:00,1.2799999713897705,1.2799999713897705,1.2599999904632568,1.2699999809265137,242600,0.0,0.0
2023-08-29 11:00:00+08:00,1.2699999809265137,1.2699999809265137,1.2599999904632568,1.2699999809265137,0,0.0,0.0
2023-08-29 12:00:00+08:00,1.2699999809265137,1.2699999809265137,1.2699999809265137,1.2699999809265137,698200,0.0,0.0
2023-08-29 13:00:00+08:00,1.2699999809265137,1.2699999809265137,1.2599999904632568,1.2599999904632568,38600,0.0,0.0
2023-08-29 14:00:00+08:00,1.2599999904632568,1.2799999713897705,1.2599999904632568,1.2699999809265137,369600,0.0,0.0
2023-08-29 15:00:00+08:00,1.2699999809265137,1.2699999809265137,1.2599999904632568,1.2699999809265137,32700,0.0,0.0
2023-08-29 16:00:00+08:00,1.2699999809265137,1.2699999809265137,1.2599999904632568,1.2699999809265137,125800,0.0,0.0
2023-08-30 09:00:00+08:00,1.2699999809265137,1.2699999809265137,1.2599999904632568,1.2599999904632568,45900,0.0,0.0
2023-08-30 10:00:00+08:00,1.2599999904632568,1.2699999809265137,1.2599999904632568,1.2699999809265137,78200,0.0,0.0
2023-08-30 11:00:00+08:00,1.2699999809265137,1.2699999809265137,1.2599999904632568,1.2699999809265137,74200,0.0,0.0
2023-08-30 12:00:00+08:00,1.2599999904632568,1.2599999904632568,1.2599999904632568,1.2599999904632568,14600,0.0,0.0
2023-08-30 13:00:00+08:00,1.2699999809265137,1.2699999809265137,1.2599999904632568,1.2699999809265137,53700,0.0,0.0
2023-08-30 14:00:00+08:00,1.2699999809265137,1.2699999809265137,1.2599999904632568,1.2699999809265137,86300,0.0,0.0
2023-08-30 15:00:00+08:00,1.2699999809265137,1.2699999809265137,1.2599999904632568,1.2699999809265137,135700,0.0,0.0
2023-08-30 16:00:00+08:00,1.2699999809265137,1.2699999809265137,1.2599999904632568,1.2699999809265137,297200,0.0,0.0
2023-08-31 09:00:00+08:00,1.2699999809265137,1.2799999713897705,1.2599999904632568,1.2699999809265137,329700,0.0,0.0
2023-08-31 10:00:00+08:00,1.2699999809265137,1.2799999713897705,1.2599999904632568,1.2599999904632568,239300,0.0,0.0
2023-08-31 11:00:00+08:00,1.2599999904632568,1.2699999809265137,1.2599999904632568,1.2699999809265137,38200,0.0,0.0
2023-08-31 12:00:00+08:00,1.2699999809265137,1.2699999809265137,1.2699999809265137,1.2699999809265137,12900,0.0,0.0
2023-08-31 13:00:00+08:00,1.2699999809265137,1.2699999809265137,1.2599999904632568,1.2699999809265137,22900,0.0,0.0
2023-08-31 14:00:00+08:00,1.2699999809265137,1.2699999809265137,1.2599999904632568,1.2699999809265137,52800,0.0,0.0
2023-08-31 15:00:00+08:00,1.2699999809265137,1.2699999809265137,1.2599999904632568,1.2699999809265137,57500,0.0,0.0
2023-08-31 16:00:00+08:00,1.2699999809265137,1.2699999809265137,1.2599999904632568,1.2699999809265137,97400,0.0,0.0
2023-09-04 09:00:00+08:00,1.2699999809265137,1.2699999809265137,1.2599999904632568,1.2699999809265137,79900,0.0,0.0
2023-09-04 10:00:00+08:00,1.2699999809265137,1.2699999809265137,1.2599999904632568,1.2699999809265137,546100,0.0,0.0
2023-09-04 11:00:00+08:00,1.2699999809265137,1.2699999809265137,1.2599999904632568,1.2699999809265137,24200,0.0,0.0
2023-09-04 12:00:00+08:00,1.2699999809265137,1.2699999809265137,1.2699999809265137,1.2699999809265137,8300,0.0,0.0
2023-09-04 13:00:00+08:00,1.2699999809265137,1.2699999809265137,1.2599999904632568,1.2699999809265137,219200,0.0,0.0
2023-09-04 14:00:00+08:00,1.2699999809265137,1.2699999809265137,1.25,1.2599999904632568,88700,0.0,0.0
2023-09-04 15:00:00+08:00,1.2599999904632568,1.2599999904632568,1.2599999904632568,1.2599999904632568,92400,0.0,0.0
2023-09-04 16:00:00+08:00,1.2599999904632568,1.2599999904632568,1.25,1.2599999904632568,84400,0.0,0.0
2023-09-05 09:00:00+08:00,1.2599999904632568,1.2699999809265137,1.25,1.2599999904632568,57600,0.0,0.0
2023-09-05 10:00:00+08:00,1.2599999904632568,1.2699999809265137,1.2599999904632568,1.2599999904632568,55700,0.0,0.0
2023-09-05 11:00:00+08:00,1.2599999904632568,1.2699999809265137,1.2599999904632568,1.2699999809265137,3900,0.0,0.0
2023-09-05 12:00:00+08:00,1.2699999809265137,1.2699999809265137,1.2599999904632568,1.2599999904632568,16000,0.0,0.0
2023-09-05 13:00:00+08:00,1.2599999904632568,1.2699999809265137,1.2599999904632568,1.2599999904632568,13700,0.0,0.0
2023-09-05 14:00:00+08:00,1.2599999904632568,1.2699999809265137,1.2599999904632568,1.2699999809265137,64900,0.0,0.0
2023-09-05 15:00:00+08:00,1.2699999809265137,1.2699999809265137,1.2599999904632568,1.2699999809265137,28000,0.0,0.0
2023-09-05 16:00:00+08:00,1.2699999809265137,1.2699999809265137,1.2599999904632568,1.2699999809265137,57100,0.0,0.0
2023-09-06 09:00:00+08:00,1.2699999809265137,1.2799999713897705,1.2599999904632568,1.2799999713897705,535200,0.0,0.0
2023-09-06 10:00:00+08:00,1.2799999713897705,1.2799999713897705,1.2699999809265137,1.2799999713897705,103700,0.0,0.0
2023-09-06 11:00:00+08:00,1.2799999713897705,1.2999999523162842,1.2699999809265137,1.2899999618530273,1255200,0.0,0.0
2023-09-06 12:00:00+08:00,1.2899999618530273,1.2899999618530273,1.2899999618530273,1.2899999618530273,0,0.0,0.0
2023-09-06 13:00:00+08:00,1.2899999618530273,1.2899999618530273,1.2799999713897705,1.2899999618530273,2014400,0.0,0.0
2023-09-06 14:00:00+08:00,1.2899999618530273,1.2899999618530273,1.2699999809265137,1.2799999713897705,566000,0.0,0.0
2023-09-06 15:00:00+08:00,1.2799999713897705,1.2799999713897705,1.2699999809265137,1.2799999713897705,22000,0.0,0.0
2023-09-06 16:00:00+08:00,1.2799999713897705,1.2799999713897705,1.2599999904632568,1.2599999904632568,1325800,0.0,0.0
2023-09-07 09:00:00+08:00,1.2599999904632568,1.2599999904632568,1.25,1.2599999904632568,0,0.0,0.0
2023-09-07 10:00:00+08:00,1.2599999904632568,1.2699999809265137,1.2599999904632568,1.2699999809265137,142900,0.0,0.0
2023-09-07 11:00:00+08:00,1.2699999809265137,1.2699999809265137,1.25,1.2599999904632568,235300,0.0,0.0
2023-09-07 12:00:00+08:00,1.2599999904632568,1.2599999904632568,1.2599999904632568,1.2599999904632568,3900,0.0,0.0
2023-09-07 13:00:00+08:00,1.2599999904632568,1.2599999904632568,1.25,1.2599999904632568,22900,0.0,0.0
2023-09-07 14:00:00+08:00,1.2599999904632568,1.2599999904632568,1.25,1.2599999904632568,55400,0.0,0.0
2023-09-07 15:00:00+08:00,1.2599999904632568,1.2599999904632568,1.25,1.2599999904632568,750300,0.0,0.0
2023-09-07 16:00:00+08:00,1.2599999904632568,1.2599999904632568,1.25,1.2599999904632568,145700,0.0,0.0
2023-09-08 09:00:00+08:00,1.2599999904632568,1.2699999809265137,1.2599999904632568,1.2699999809265137,213500,0.0,0.0
2023-09-08 10:00:00+08:00,1.2699999809265137,1.2799999713897705,1.2699999809265137,1.2799999713897705,368600,0.0,0.0
2023-09-08 11:00:00+08:00,1.2799999713897705,1.2799999713897705,1.2699999809265137,1.2799999713897705,79300,0.0,0.0
2023-09-08 12:00:00+08:00,1.2799999713897705,1.2799999713897705,1.2799999713897705,1.2799999713897705,21000,0.0,0.0
2023-09-08 13:00:00+08:00,1.2799999713897705,1.2799999713897705,1.2699999809265137,1.2799999713897705,15100,0.0,0.0
2023-09-08 14:00:00+08:00,1.2799999713897705,1.2799999713897705,1.2699999809265137,1.2799999713897705,61400,0.0,0.0
2023-09-08 15:00:00+08:00,1.2799999713897705,1.2899999618530273,1.2699999809265137,1.2899999618530273,366300,0.0,0.0
2023-09-08 16:00:00+08:00,1.2899999618530273,1.2899999618530273,1.2699999809265137,1.2799999713897705,313200,0.0,0.0
2023-09-11 09:00:00+08:00,1.2799999713897705,1.2899999618530273,1.2799999713897705,1.2899999618530273,623200,0.0,0.0
2023-09-11 10:00:00+08:00,1.2899999618530273,1.2899999618530273,1.2799999713897705,1.2899999618530273,41800,0.0,0.0
2023-09-11 11:00:00+08:00,1.2899999618530273,1.2899999618530273,1.2799999713897705,1.2899999618530273,33100,0.0,0.0
2023-09-11 12:00:00+08:00,1.2899999618530273,1.2899999618530273,1.2899999618530273,1.2899999618530273,7200,0.0,0.0
2023-09-11 13:00:00+08:00,1.2899999618530273,1.2899999618530273,1.2899999618530273,1.2899999618530273,8000,0.0,0.0
2023-09-11 14:00:00+08:00,1.2899999618530273,1.2899999618530273,1.2799999713897705,1.2899999618530273,10600,0.0,0.0
2023-09-11 15:00:00+08:00,1.2899999618530273,1.2899999618530273,1.2799999713897705,1.2899999618530273,57400,0.0,0.0
2023-09-11 16:00:00+08:00,1.2899999618530273,1.2899999618530273,1.2799999713897705,1.2899999618530273,46000,0.0,0.0
2023-09-12 09:00:00+08:00,1.2899999618530273,1.3200000524520874,1.2899999618530273,1.2999999523162842,1862800,0.0,0.0
2023-09-12 10:00:00+08:00,1.2999999523162842,1.3200000524520874,1.2999999523162842,1.309999942779541,313900,0.0,0.0
2023-09-12 11:00:00+08:00,1.309999942779541,1.3200000524520874,1.309999942779541,1.309999942779541,104100,0.0,0.0
2023-09-12 12:00:00+08:00,1.309999942779541,1.309999942779541,1.309999942779541,1.309999942779541,40300,0.0,0.0
2023-09-12 13:00:00+08:00,1.309999942779541,1.3200000524520874,1.309999942779541,1.3200000524520874,389900,0.0,0.0
2023-09-12 14:00:00+08:00,1.3200000524520874,1.3200000524520874,1.309999942779541,1.3200000524520874,88100,0.0,0.0
2023-09-12 15:00:00+08:00,1.3200000524520874,1.3200000524520874,1.309999942779541,1.3200000524520874,271000,0.0,0.0
2023-09-12 16:00:00+08:00,1.3200000524520874,1.3200000524520874,1.309999942779541,1.309999942779541,139200,0.0,0.0
2023-09-13 09:00:00+08:00,1.3200000524520874,1.3300000429153442,1.309999942779541,1.3300000429153442,464400,0.0,0.0
2023-09-13 10:00:00+08:00,1.3300000429153442,1.3300000429153442,1.309999942779541,1.3200000524520874,572100,0.0,0.0
2023-09-13 11:00:00+08:00,1.3200000524520874,1.3200000524520874,1.309999942779541,1.309999942779541,165500,0.0,0.0
2023-09-13 12:00:00+08:00,1.309999942779541,1.3200000524520874,1.309999942779541,1.3200000524520874,54300,0.0,0.0
2023-09-13 13:00:00+08:00,1.3200000524520874,1.3200000524520874,1.309999942779541,1.309999942779541,46500,0.0,0.0
2023-09-13 14:00:00+08:00,1.309999942779541,1.3200000524520874,1.309999942779541,1.309999942779541,67300,0.0,0.0
2023-09-13 15:00:00+08:00,1.309999942779541,1.3200000524520874,1.309999942779541,1.3200000524520874,159500,0.0,0.0
2023-09-13 16:00:00+08:00,1.3200000524520874,1.3200000524520874,1.309999942779541,1.3200000524520874,1883400,0.0,0.0
2023-09-14 09:00:00+08:00,1.309999942779541,1.3300000429153442,1.309999942779541,1.3300000429153442,520300,0.0,0.0
2023-09-14 10:00:00+08:00,1.3300000429153442,1.340000033378601,1.3200000524520874,1.340000033378601,791100,0.0,0.0
2023-09-14 11:00:00+08:00,1.340000033378601,1.340000033378601,1.3300000429153442,1.340000033378601,86800,0.0,0.0
2023-09-14 12:00:00+08:00,1.340000033378601,1.340000033378601,1.340000033378601,1.340000033378601,10100,0.0,0.0
2023-09-14 13:00:00+08:00,1.340000033378601,1.340000033378601,1.3300000429153442,1.340000033378601,158000,0.0,0.0
2023-09-14 14:00:00+08:00,1.340000033378601,1.340000033378601,1.3200000524520874,1.340000033378601,1007000,0.0,0.0
2023-09-14 15:00:00+08:00,1.340000033378601,1.340000033378601,1.3300000429153442,1.340000033378601,55500,0.0,0.0
2023-09-14 16:00:00+08:00,1.340000033378601,1.340000033378601,1.3200000524520874,1.3300000429153442,373100,0.0,0.0
2023-09-15 09:00:00+08:00,1.3300000429153442,1.340000033378601,1.3200000524520874,1.3300000429153442,982800,0.0,0.0
2023-09-15 10:00:00+08:00,1.3300000429153442,1.340000033378601,1.3200000524520874,1.3200000524520874,887300,0.0,0.0
2023-09-15 11:00:00+08:00,1.3200000524520874,1.3300000429153442,1.3200000524520874,1.3200000524520874,75300,0.0,0.0
2023-09-15 12:00:00+08:00,1.3300000429153442,1.3300000429153442,1.3300000429153442,1.3300000429153442,9600,0.0,0.0
2023-09-15 13:00:00+08:00,1.3200000524520874,1.3300000429153442,1.3200000524520874,1.3300000429153442,69400,0.0,0.0
2023-09-15 14:00:00+08:00,1.3300000429153442,1.3300000429153442,1.3200000524520874,1.3300000429153442,162000,0.0,0.0
2023-09-15 15:00:00+08:00,1.3300000429153442,1.3300000429153442,1.3200000524520874,1.3200000524520874,225400,0.0,0.0
2023-09-15 16:00:00+08:00,1.3200000524520874,1.3300000429153442,1.3200000524520874,1.3300000429153442,316900,0.0,0.0
2023-09-18 09:00:00+08:00,1.2999999523162842,1.2999999523162842,1.2699999809265137,1.2799999713897705,776400,0.0,0.0
2023-09-18 10:00:00+08:00,1.2799999713897705,1.2899999618530273,1.2699999809265137,1.2899999618530273,328200,0.0,0.0
2023-09-18 11:00:00+08:00,1.2899999618530273,1.2899999618530273,1.2799999713897705,1.2899999618530273,28000,0.0,0.0
2023-09-18 12:00:00+08:00,1.2799999713897705,1.2899999618530273,1.2799999713897705,1.2899999618530273,5400,0.0,0.0
2023-09-18 13:00:00+08:00,1.2899999618530273,1.2899999618530273,1.2799999713897705,1.2799999713897705,46900,0.0,0.0
2023-09-18 14:00:00+08:00,1.2799999713897705,1.2899999618530273,1.2699999809265137,1.2699999809265137,275800,0.0,0.0
2023-09-18 15:00:00+08:00,1.2699999809265137,1.2799999713897705,1.2699999809265137,1.2799999713897705,212200,0.0,0.0
2023-09-18 16:00:00+08:00,1.2799999713897705,1.2899999618530273,1.2699999809265137,1.2799999713897705,1064200,0.0,0.0
2023-09-19 09:00:00+08:00,1.2799999713897705,1.2999999523162842,1.2799999713897705,1.2799999713897705,470700,0.0,0.0
2023-09-19 10:00:00+08:00,1.2799999713897705,1.2899999618530273,1.2799999713897705,1.2799999713897705,8000,0.0,0.0
2023-09-19 11:00:00+08:00,1.2799999713897705,1.2899999618530273,1.2799999713897705,1.2899999618530273,17300,0.0,0.0
2023-09-19 12:00:00+08:00,1.2899999618530273,1.2899999618530273,1.2899999618530273,1.2899999618530273,300,0.0,0.0
2023-09-19 13:00:00+08:00,1.2899999618530273,1.2899999618530273,1.2799999713897705,1.2899999618530273,121600,0.0,0.0
2023-09-19 14:00:00+08:00,1.2899999618530273,1.2899999618530273,1.2799999713897705,1.2899999618530273,272800,0.0,0.0
2023-09-19 15:00:00+08:00,1.2899999618530273,1.2899999618530273,1.2799999713897705,1.2899999618530273,27800,0.0,0.0
2023-09-19 16:00:00+08:00,1.2899999618530273,1.2999999523162842,1.2799999713897705,1.2899999618530273,449900,0.0,0.0
2023-09-20 09:00:00+08:00,1.2999999523162842,1.2999999523162842,1.2899999618530273,1.2999999523162842,319600,0.0,0.0
2023-09-20 10:00:00+08:00,1.2999999523162842,1.2999999523162842,1.2899999618530273,1.2999999523162842,61800,0.0,0.0
2023-09-20 11:00:00+08:00,1.2999999523162842,1.2999999523162842,1.2899999618530273,1.2899999618530273,33400,0.0,0.0
2023-09-20 12:00:00+08:00,1.2899999618530273,1.2899999618530273,1.2899999618530273,1.2899999618530273,124700,0.0,0.0
2023-09-20 13:00:00+08:00,1.2899999618530273,1.2999999523162842,1.2899999618530273,1.2999999523162842,11500,0.0,0.0
2023-09-20 14:00:00+08:00,1.2999999523162842,1.2999999523162842,1.2899999618530273,1.2999999523162842,75000,0.0,0.0
2023-09-20 15:00:00+08:00,1.2999999523162842,1.2999999523162842,1.2899999618530273,1.2999999523162842,34600,0.0,0.0
2023-09-20 16:00:00+08:00,1.2999999523162842,1.2999999523162842,1.2899999618530273,1.2999999523162842,149000,0.0,0.0
2023-09-21 09:00:00+08:00,1.2899999618530273,1.2899999618530273,1.2799999713897705,1.2899999618530273,202800,0.0,0.0
2023-09-21 10:00:00+08:00,1.2899999618530273,1.2899999618530273,1.2799999713897705,1.2899999618530273,202400,0.0,0.0
2023-09-21 11:00:00+08:00,1.2899999618530273,1.2899999618530273,1.2799999713897705,1.2899999618530273,34900,0.0,0.0
2023-09-21 12:00:00+08:00,1.2899999618530273,1.2899999618530273,1.2899999618530273,1.2899999618530273,10800,0.0,0.0
2023-09-21 13:00:00+08:00,1.2899999618530273,1.2899999618530273,1.2799999713897705,1.2899999618530273,20600,0.0,0.0
2023-09-21 14:00:00+08:00,1.2899999618530273,1.2899999618530273,1.2799999713897705,1.2899999618530273,97200,0.0,0.0
2023-09-21 15:00:00+08:00,1.2899999618530273,1.2899999618530273,1.2799999713897705,1.2899999618530273,53000,0.0,0.0
2023-09-21 16:00:00+08:00,1.2899999618530273,1.2999999523162842,1.2799999713897705,1.2999999523162842,1215100,0.0,0.0
2023-09-22 09:00:00+08:00,1.2899999618530273,1.309999942779541,1.2899999618530273,1.2999999523162842,726100,0.0,0.0
2023-09-22 10:00:00+08:00,1.2999999523162842,1.309999942779541,1.2999999523162842,1.309999942779541,119100,0.0,0.0
2023-09-22 11:00:00+08:00,1.309999942779541,1.309999942779541,1.2999999523162842,1.309999942779541,1043300,0.0,0.0
2023-09-22 12:00:00+08:00,1.309999942779541,1.309999942779541,1.309999942779541,1.309999942779541,4800,0.0,0.0
2023-09-22 13:00:00+08:00,1.309999942779541,1.309999942779541,1.2999999523162842,1.2999999523162842,20800,0.0,0.0
2023-09-22 14:00:00+08:00,1.2999999523162842,1.309999942779541,1.2999999523162842,1.309999942779541,58800,0.0,0.0
2023-09-22 15:00:00+08:00,1.309999942779541,1.309999942779541,1.2999999523162842,1.309999942779541,78800,0.0,0.0
2023-09-22 16:00:00+08:00,1.309999942779541,1.309999942779541,1.2899999618530273,1.2999999523162842,479600,0.0,0.0
2023-09-25 09:00:00+08:00,1.2999999523162842,1.309999942779541,1.2899999618530273,1.309999942779541,139600,0.0,0.0
2023-09-25 10:00:00+08:00,1.309999942779541,1.3200000524520874,1.2999999523162842,1.309999942779541,901200,0.0,0.0
2023-09-25 11:00:00+08:00,1.309999942779541,1.309999942779541,1.2999999523162842,1.309999942779541,44300,0.0,0.0
2023-09-25 12:00:00+08:00,1.309999942779541,1.309999942779541,1.309999942779541,1.309999942779541,29200,0.0,0.0
2023-09-25 13:00:00+08:00,1.309999942779541,1.3200000524520874,1.309999942779541,1.3200000524520874,199800,0.0,0.0
2023-09-25 14:00:00+08:00,1.3200000524520874,1.3200000524520874,1.309999942779541,1.3200000524520874,211600,0.0,0.0
2023-09-25 15:00:00+08:00,1.3200000524520874,1.3200000524520874,1.2999999523162842,1.309999942779541,591700,0.0,0.0
2023-09-25 16:00:00+08:00,1.309999942779541,1.3200000524520874,1.2999999523162842,1.309999942779541,275200,0.0,0.0
2023-09-26 09:00:00+08:00,1.309999942779541,1.3200000524520874,1.309999942779541,1.309999942779541,133400,0.0,0.0
2023-09-26 10:00:00+08:00,1.309999942779541,1.309999942779541,1.2999999523162842,1.2999999523162842,29900,0.0,0.0
2023-09-26 11:00:00+08:00,1.2999999523162842,1.309999942779541,1.2999999523162842,1.309999942779541,53600,0.0,0.0
2023-09-26 12:00:00+08:00,1.2999999523162842,1.2999999523162842,1.2999999523162842,1.2999999523162842,4600,0.0,0.0
2023-09-26 13:00:00+08:00,1.2999999523162842,1.2999999523162842,1.2899999618530273,1.2999999523162842,681200,0.0,0.0
2023-09-26 14:00:00+08:00,1.2999999523162842,1.309999942779541,1.2999999523162842,1.2999999523162842,0,0.0,0.0
2023-09-26 15:00:00+08:00,1.2999999523162842,1.309999942779541,1.2899999618530273,1.2999999523162842,1508200,0.0,0.0
2023-09-26 16:00:00+08:00,1.2999999523162842,1.309999942779541,1.2899999618530273,1.309999942779541,254000,0.0,0.0
2023-09-27 09:00:00+08:00,1.309999942779541,1.309999942779541,1.2999999523162842,1.2999999523162842,42700,0.0,0.0
2023-09-27 10:00:00+08:00,1.2999999523162842,1.309999942779541,1.2899999618530273,1.2899999618530273,139800,0.0,0.0
2023-09-27 11:00:00+08:00,1.2899999618530273,1.2999999523162842,1.2899999618530273,1.2999999523162842,4300,0.0,0.0
2023-09-27 12:00:00+08:00,1.2999999523162842,1.2999999523162842,1.2899999618530273,1.2899999618530273,4900,0.0,0.0
2023-09-27 13:00:00+08:00,1.2899999618530273,1.2999999523162842,1.2899999618530273,1.2899999618530273,2100,0.0,0.0
2023-09-27 14:00:00+08:00,1.2899999618530273,1.2999999523162842,1.2899999618530273,1.2899999618530273,114300,0.0,0.0
2023-09-27 15:00:00+08:00,1.2899999618530273,1.2999999523162842,1.2899999618530273,1.2899999618530273,107400,0.0,0.0
2023-09-27 16:00:00+08:00,1.2899999618530273,1.2999999523162842,1.2899999618530273,1.2999999523162842,66900,0.0,0.0
2023-09-28 09:00:00+08:00,1.2999999523162842,1.2999999523162842,1.2899999618530273,1.2899999618530273,166600,0.0,0.0
2023-09-28 10:00:00+08:00,1.2899999618530273,1.2999999523162842,1.2899999618530273,1.2899999618530273,1200,0.0,0.0
2023-09-28 11:00:00+08:00,1.2899999618530273,1.2999999523162842,1.2899999618530273,1.2899999618530273,1800,0.0,0.0
2023-09-28 12:00:00+08:00,1.2899999618530273,1.2999999523162842,1.2899999618530273,1.2999999523162842,1000,0.0,0.0
2023-09-28 13:00:00+08:00,1.2999999523162842,1.2999999523162842,1.2899999618530273,1.2999999523162842,500,0.0,0.0
2023-09-28 14:00:00+08:00,1.2999999523162842,1.2999999523162842,1.2899999618530273,1.2899999618530273,1200,0.0,0.0
2023-09-28 15:00:00+08:00,1.2899999618530273,1.2999999523162842,1.2899999618530273,1.2899999618530273,17200,0.0,0.0
2023-09-28 16:00:00+08:00,1.2899999618530273,1.2999999523162842,1.2899999618530273,1.2899999618530273,33800,0.0,0.0
2023-09-29 09:00:00+08:00,1.2899999618530273,1.2999999523162842,1.2899999618530273,1.2899999618530273,4900,0.0,0.0
2023-09-29 10:00:00+08:00,1.2899999618530273,1.2999999523162842,1.2899999618530273,1.2899999618530273,13700,0.0,0.0
2023-09-29 11:00:00+08:00,1.2899999618530273,1.2999999523162842,1.2899999618530273,1.2999999523162842,20100,0.0,0.0
2023-09-29 12:00:00+08:00,1.2999999523162842,1.2999999523162842,1.2999999523162842,1.2999999523162842,15000,0.0,0.0
2023-09-29 13:00:00+08:00,1.2999999523162842,1.2999999523162842,1.2899999618530273,1.2999999523162842,6200,0.0,0.0
2023-09-29 14:00:00+08:00,1.2999999523162842,1.2999999523162842,1.2899999618530273,1.2999999523162842,27000,0.0,0.0
2023-09-29 15:00:00+08:00,1.2999999523162842,1.2999999523162842,1.2899999618530273,1.2899999618530273,17600,0.0,0.0
2023-09-29 16:00:00+08:00,1.2899999618530273,1.2999999523162842,1.2899999618530273,1.2999999523162842,120200,0.0,0.0
2023-10-02 09:00:00+08:00,1.2999999523162842,1.309999942779541,1.2899999618530273,1.2899999618530273,342700,0.0,0.0
2023-10-02 10:00:00+08:00,1.2899999618530273,1.2999999523162842,1.2799999713897705,1.2799999713897705,519600,0.0,0.0
2023-10-02 11:00:00+08:00,1.2799999713897705,1.2899999618530273,1.2799999713897705,1.2899999618530273,16200,0.0,0.0
2023-10-02 12:00:00+08:00,1.2799999713897705,1.2799999713897705,1.2799999713897705,1.2799999713897705,1500,0.0,0.0
2023-10-02 13:00:00+08:00,1.2899999618530273,1.2899999618530273,1.2799999713897705,1.2899999618530273,19300,0.0,0.0
2023-10-02 14:00:00+08:00,1.2899999618530273,1.2899999618530273,1.2799999713897705,1.2899999618530273,19500,0.0,0.0
2023-10-02 15:00:00+08:00,1.2899999618530273,1.2899999618530273,1.2799999713897705,1.2799999713897705,53100,0.0,0.0
2023-10-02 16:00:00+08:00,1.2799999713897705,1.2899999618530273,1.2799999713897705,1.2899999618530273,153500,0.0,0.0
2023-10-03 09:00:00+08:00,1.2799999713897705,1.2799999713897705,1.2799999713897705,1.2799999713897705,22800,0.0,0.0
2023-10-03 10:00:00+08:00,1.2799999713897705,1.2799999713897705,1.2699999809265137,1.2699999809265137,44200,0.0,0.0
2023-10-03 11:00:00+08:00,1.2699999809265137,1.2799999713897705,1.2699999809265137,1.2799999713897705,74700,0.0,0.0
2023-10-03 12:00:00+08:00,1.2799999713897705,1.2799999713897705,1.2799999713897705,1.2799999713897705,1700,0.0,0.0
2023-10-03 13:00:00+08:00,1.2799999713897705,1.2799999713897705,1.2699999809265137,1.2699999809265137,0,0.0,0.0
2023-10-03 14:00:00+08:00,1.2699999809265137,1.2799999713897705,1.2699999809265137,1.2699999809265137,480300,0.0,0.0
2023-10-03 15:00:00+08:00,1.2699999809265137,1.2699999809265137,1.25,1.2599999904632568,512100,0.0,0.0
2023-10-03 16:00:00+08:00,1.2599999904632568,1.2699999809265137,1.2599999904632568,1.2699999809265137,380800,0.0,0.0
2023-10-04 09:00:00+08:00,1.2799999713897705,1.2799999713897705,1.2699999809265137,1.2799999713897705,154600,0.0,0.0
2023-10-04 10:00:00+08:00,1.2799999713897705,1.2799999713897705,1.2699999809265137,1.2699999809265137,37400,0.0,0.0
2023-10-04 11:00:00+08:00,1.2699999809265137,1.2899999618530273,1.2699999809265137,1.2799999713897705,311400,0.0,0.0
2023-10-04 12:00:00+08:00,1.2899999618530273,1.2899999618530273,1.2899999618530273,1.2899999618530273,17100,0.0,0.0
2023-10-04 13:00:00+08:00,1.2899999618530273,1.2899999618530273,1.2799999713897705,1.2899999618530273,83500,0.0,0.0
2023-10-04 14:00:00+08:00,1.2899999618530273,1.2899999618530273,1.2699999809265137,1.2799999713897705,0,0.0,0.0
2023-10-04 15:00:00+08:00,1.2799999713897705,1.2899999618530273,1.2699999809265137,1.2799999713897705,1467600,0.0,0.0
2023-10-04 16:00:00+08:00,1.2799999713897705,1.2899999618530273,1.2699999809265137,1.2899999618530273,243900,0.0,0.0
2023-10-05 09:00:00+08:00,1.2899999618530273,1.2999999523162842,1.2799999713897705,1.2999999523162842,434100,0.0,0.0
2023-10-05 10:00:00+08:00,1.2999999523162842,1.2999999523162842,1.2899999618530273,1.2899999618530273,258800,0.0,0.0
2023-10-05 11:00:00+08:00,1.2899999618530273,1.2999999523162842,1.2899999618530273,1.2999999523162842,81600,0.0,0.0
2023-10-05 12:00:00+08:00,1.2999999523162842,1.2999999523162842,1.2899999618530273,1.2899999618530273,17300,0.0,0.0
2023-10-05 13:00:00+08:00,1.2899999618530273,1.2999999523162842,1.2899999618530273,1.2999999523162842,0,0.0,0.0
2023-10-05 14:00:00+08:00,1.2999999523162842,1.2999999523162842,1.2799999713897705,1.2899999618530273,1072100,0.0,0.0
2023-10-05 15:00:00+08:00,1.2899999618530273,1.2899999618530273,1.2799999713897705,1.2899999618530273,41600,0.0,0.0
2023-10-05 16:00:00+08:00,1.2899999618530273,1.2899999618530273,1.2799999713897705,1.2799999713897705,240500,0.0,0.0
2023-10-06 09:00:00+08:00,1.2899999618530273,1.2899999618530273,1.2799999713897705,1.2799999713897705,20300,0.0,0.0
2023-10-06 10:00:00+08:00,1.2799999713897705,1.2799999713897705,1.2699999809265137,1.2799999713897705,164700,0.0,0.0
2023-10-06 11:00:00+08:00,1.2799999713897705,1.2799999713897705,1.2699999809265137,1.2699999809265137,59200,0.0,0.0
2023-10-06 12:00:00+08:00,1.2699999809265137,1.2799999713897705,1.2699999809265137,1.2799999713897705,1800,0.0,0.0
2023-10-06 13:00:00+08:00,1.2799999713897705,1.2799999713897705,1.2799999713897705,1.2799999713897705,22100,0.0,0.0
2023-10-06 14:00:00+08:00,1.2799999713897705,1.2799999713897705,1.2699999809265137,1.2699999809265137,3900,0.0,0.0
2023-10-06 15:00:00+08:00,1.2699999809265137,1.2799999713897705,1.2699999809265137,1.2799999713897705,16700,0.0,0.0
2023-10-06 16:00:00+08:00,1.2799999713897705,1.2899999618530273,1.2699999809265137,1.2699999809265137,314100,0.0,0.0
2023-10-09 09:00:00+08:00,1.2799999713897705,1.2899999618530273,1.2699999809265137,1.2799999713897705,365000,0.0,0.0
2023-10-09 10:00:00+08:00,1.2799999713897705,1.2899999618530273,1.2799999713897705,1.2899999618530273,24100,0.0,0.0
2023-10-09 11:00:00+08:00,1.2899999618530273,1.2899999618530273,1.2799999713897705,1.2799999713897705,11000,0.0,0.0
2023-10-09 12:00:00+08:00,1.2799999713897705,1.2799999713897705,1.2799999713897705,1.2799999713897705,2400,0.0,0.0
2023-10-09 13:00:00+08:00,1.2799999713897705,1.2899999618530273,1.2799999713897705,1.2799999713897705,4100,0.0,0.0
2023-10-09 14:00:00+08:00,1.2799999713897705,1.2899999618530273,1.2799999713897705,1.2899999618530273,5800,0.0,0.0
2023-10-09 15:00:00+08:00,1.2899999618530273,1.2899999618530273,1.2799999713897705,1.2799999713897705,169700,0.0,0.0
2023-10-09 16:00:00+08:00,1.2799999713897705,1.2899999618530273,1.2799999713897705,1.2799999713897705,31200,0.0,0.0
2023-10-10 09:00:00+08:00,1.2899999618530273,1.2999999523162842,1.2899999618530273,1.2899999618530273,248100,0.0,0.0
2023-10-10 10:00:00+08:00,1.2899999618530273,1.2999999523162842,1.2899999618530273,1.2999999523162842,13200,0.0,0.0
2023-10-10 11:00:00+08:00,1.2999999523162842,1.2999999523162842,1.2899999618530273,1.2899999618530273,71500,0.0,0.0
2023-10-10 12:00:00+08:00,1.2899999618530273,1.2999999523162842,1.2899999618530273,1.2999999523162842,6300,0.0,0.0
2023-10-10 13:00:00+08:00,1.2999999523162842,1.2999999523162842,1.2899999618530273,1.2899999618530273,5500,0.0,0.0
2023-10-10 14:00:00+08:00,1.2899999618530273,1.2999999523162842,1.2899999618530273,1.2899999618530273,3300,0.0,0.0
2023-10-10 15:00:00+08:00,1.2899999618530273,1.2999999523162842,1.2899999618530273,1.2999999523162842,9800,0.0,0.0
2023-10-10 16:00:00+08:00,1.2999999523162842,1.2999999523162842,1.2899999618530273,1.2999999523162842,39100,0.0,0.0
2023-10-11 09:00:00+08:00,1.2999999523162842,1.2999999523162842,1.2899999618530273,1.2999999523162842,14500,0.0,0.0
2023-10-11 10:00:00+08:00,1.2999999523162842,1.2999999523162842,1.2899999618530273,1.2899999618530273,7300,0.0,0.0
2023-10-11 11:00:00+08:00,1.2899999618530273,1.2999999523162842,1.2899999618530273,1.2899999618530273,4400,0.0,0.0
2023-10-11 12:00:00+08:00,1.2999999523162842,1.2999999523162842,1.2999999523162842,1.2999999523162842,4100,0.0,0.0
2023-10-11 13:00:00+08:00,1.2999999523162842,1.2999999523162842,1.2899999618530273,1.2899999618530273,400,0.0,0.0
2023-10-11 14:00:00+08:00,1.2899999618530273,1.2999999523162842,1.2899999618530273,1.2999999523162842,1300,0.0,0.0
2023-10-11 15:00:00+08:00,1.2999999523162842,1.2999999523162842,1.2899999618530273,1.2999999523162842,10100,0.0,0.0
2023-10-11 16:00:00+08:00,1.2999999523162842,1.2999999523162842,1.2899999618530273,1.2899999618530273,346600,0.0,0.0
2023-10-12 09:00:00+08:00,1.2899999618530273,1.2999999523162842,1.2899999618530273,1.2899999618530273,700,0.0,0.0
2023-10-12 10:00:00+08:00,1.2899999618530273,1.2999999523162842,1.2899999618530273,1.2999999523162842,876200,0.0,0.0
2023-10-12 11:00:00+08:00,1.2999999523162842,1.2999999523162842,1.2899999618530273,1.2999999523162842,11900,0.0,0.0
2023-10-12 12:00:00+08:00,1.2999999523162842,1.2999999523162842,1.2899999618530273,1.2899999618530273,14100,0.0,0.0
2023-10-12 13:00:00+08:00,1.2899999618530273,1.2999999523162842,1.2899999618530273,1.2999999523162842,19500,0.0,0.0
2023-10-12 14:00:00+08:00,1.2999999523162842,1.2999999523162842,1.2899999618530273,1.2999999523162842,69100,0.0,0.0
2023-10-12 15:00:00+08:00,1.2999999523162842,1.2999999523162842,1.2899999618530273,1.2999999523162842,97200,0.0,0.0
2023-10-12 16:00:00+08:00,1.2999999523162842,1.2999999523162842,1.2899999618530273,1.2999999523162842,138500,0.0,0.0
2023-10-13 09:00:00+08:00,1.2899999618530273,1.2899999618530273,1.2899999618530273,1.2899999618530273,240300,0.0,0.0
2023-10-13 10:00:00+08:00,1.2899999618530273,1.2999999523162842,1.2899999618530273,1.2899999618530273,8500,0.0,0.0
2023-10-13 11:00:00+08:00,1.2899999618530273,1.2999999523162842,1.2899999618530273,1.2999999523162842,27900,0.0,0.0
2023-10-13 12:00:00+08:00,1.2899999618530273,1.2899999618530273,1.2899999618530273,1.2899999618530273,9400,0.0,0.0
2023-10-13 13:00:00+08:00,1.2899999618530273,1.2999999523162842,1.2899999618530273,1.2999999523162842,32300,0.0,0.0
2023-10-13 14:00:00+08:00,1.2999999523162842,1.2999999523162842,1.2899999618530273,1.2999999523162842,3600,0.0,0.0
2023-10-13 15:00:00+08:00,1.2999999523162842,1.2999999523162842,1.2899999618530273,1.2999999523162842,6600,0.0,0.0
2023-10-13 16:00:00+08:00,1.2999999523162842,1.2999999523162842,1.2899999618530273,1.2999999523162842,70800,0.0,0.0
2023-10-16 09:00:00+08:00,1.2899999618530273,1.2999999523162842,1.2899999618530273,1.2999999523162842,6000,0.0,0.0
2023-10-16 10:00:00+08:00,1.2999999523162842,1.2999999523162842,1.2899999618530273,1.2999999523162842,23500,0.0,0.0
2023-10-16 11:00:00+08:00,1.2999999523162842,1.2999999523162842,1.2899999618530273,1.2899999618530273,86800,0.0,0.0
2023-10-16 12:00:00+08:00,1.2999999523162842,1.2999999523162842,1.2999999523162842,1.2999999523162842,2500,0.0,0.0
2023-10-16 13:00:00+08:00,1.2999999523162842,1.2999999523162842,1.2899999618530273,1.2999999523162842,20500,0.0,0.0
2023-10-16 14:00:00+08:00,1.2999999523162842,1.2999999523162842,1.2899999618530273,1.2899999618530273,4500,0.0,0.0
2023-10-16 15:00:00+08:00,1.2899999618530273,1.2999999523162842,1.2899999618530273,1.2999999523162842,4200,0.0,0.0
2023-10-16 16:00:00+08:00,1.2999999523162842,1.2999999523162842,1.2899999618530273,1.2999999523162842,69800,0.0,0.0
2023-10-17 09:00:00+08:00,1.2999999523162842,1.309999942779541,1.2999999523162842,1.309999942779541,163000,0.0,0.0
2023-10-17 10:00:00+08:00,1.309999942779541,1.309999942779541,1.2999999523162842,1.2999999523162842,47600,0.0,0.0
2023-10-17 11:00:00+08:00,1.2999999523162842,1.309999942779541,1.2999999523162842,1.2999999523162842,15200,0.0,0.0
2023-10-17 12:00:00+08:00,1.309999942779541,1.309999942779541,1.309999942779541,1.309999942779541,11100,0.0,0.0
2023-10-17 13:00:00+08:00,1.309999942779541,1.309999942779541,1.2999999523162842,1.2999999523162842,2300,0.0,0.0
2023-10-17 14:00:00+08:00,1.2999999523162842,1.309999942779541,1.2999999523162842,1.309999942779541,200900,0.0,0.0
2023-10-17 15:00:00+08:00,1.309999942779541,1.309999942779541,1.2999999523162842,1.2999999523162842,49800,0.0,0.0
2023-10-17 16:00:00+08:00,1.2999999523162842,1.309999942779541,1.2999999523162842,1.2999999523162842,291200,0.0,0.0
2023-10-18 09:00:00+08:00,1.309999942779541,1.309999942779541,1.2999999523162842,1.2999999523162842,77800,0.0,0.0
2023-10-18 10:00:00+08:00,1.2999999523162842,1.309999942779541,1.2999999523162842,1.2999999523162842,34300,0.0,0.0
2023-10-18 11:00:00+08:00,1.2999999523162842,1.309999942779541,1.2899999618530273,1.2999999523162842,211200,0.0,0.0
2023-10-18 12:00:00+08:00,1.2899999618530273,1.2999999523162842,1.2899999618530273,1.2999999523162842,400,0.0,0.0
2023-10-18 13:00:00+08:00,1.2999999523162842,1.2999999523162842,1.2899999618530273,1.2999999523162842,0,0.0,0.0
2023-10-18 14:00:00+08:00,1.2999999523162842,1.2999999523162842,1.2899999618530273,1.2999999523162842,343800,0.0,0.0
2023-10-18 15:00:00+08:00,1.2999999523162842,1.2999999523162842,1.2899999618530273,1.2899999618530273,10600,0.0,0.0
2023-10-18 16:00:00+08:00,1.2899999618530273,1.2999999523162842,1.2899999618530273,1.2899999618530273,41000,0.0,0.0
2023-10-19 09:00:00+08:00,1.2899999618530273,1.2899999618530273,1.2799999713897705,1.2799999713897705,604200,0.0,0.0
2023-10-19 10:00:00+08:00,1.2799999713897705,1.2799999713897705,1.2799999713897705,1.2799999713897705,45400,0.0,0.0
2023-10-19 11:00:00+08:00,1.2799999713897705,1.2899999618530273,1.2799999713897705,1.2799999713897705,67300,0.0,0.0
2023-10-19 12:00:00+08:00,1.2799999713897705,1.2799999713897705,1.2799999713897705,1.2799999713897705,400,0.0,0.0
2023-10-19 13:00:00+08:00,1.2799999713897705,1.2799999713897705,1.2699999809265137,1.2799999713897705,99100,0.0,0.0
2023-10-19 14:00:00+08:00,1.2799999713897705,1.2899999618530273,1.2699999809265137,1.2799999713897705,198500,0.0,0.0
2023-10-19 15:00:00+08:00,1.2899999618530273,1.2899999618530273,1.2699999809265137,1.2899999618530273,110400,0.0,0.0
2023-10-19 16:00:00+08:00,1.2899999618530273,1.2899999618530273,1.2799999713897705,1.2799999713897705,78700,0.0,0.0
2023-10-20 09:00:00+08:00,1.2799999713897705,1.2799999713897705,1.2699999809265137,1.2699999809265137,49600,0.0,0.0
2023-10-20 10:00:00+08:00,1.2699999809265137,1.2799999713897705,1.2699999809265137,1.2799999713897705,4200,0.0,0.0
2023-10-20 11:00:00+08:00,1.2799999713897705,1.2799999713897705,1.2699999809265137,1.2799999713897705,8300,0.0,0.0
2023-10-20 12:00:00+08:00,1.2699999809265137,1.2799999713897705,1.2699999809265137,1.2799999713897705,3300,0.0,0.0
2023-10-20 13:00:00+08:00,1.2799999713897705,1.2799999713897705,1.2699999809265137,1.2699999809265137,400,0.0,0.0
2023-10-20 14:00:00+08:00,1.2699999809265137,1.2799999713897705,1.2699999809265137,1.2699999809265137,172900,0.0,0.0
2023-10-20 15:00:00+08:00,1.2699999809265137,1.2799999713897705,1.25,1.25,749400,0.0,0.0
2023-10-20 16:00:00+08:00,1.25,1.2599999904632568,1.25,1.25,456500,0.0,0.0
2023-10-23 09:00:00+08:00,1.25,1.2599999904632568,1.2400000095367432,1.2400000095367432,487100,0.0,0.0
2023-10-23 10:00:00+08:00,1.2400000095367432,1.25,1.2400000095367432,1.2400000095367432,88900,0.0,0.0
2023-10-23 11:00:00+08:00,1.2400000095367432,1.2599999904632568,1.2400000095367432,1.25,514000,0.0,0.0
2023-10-23 12:00:00+08:00,1.25,1.2599999904632568,1.25,1.2599999904632568,1200,0.0,0.0
2023-10-23 13:00:00+08:00,1.2599999904632568,1.2599999904632568,1.2400000095367432,1.2599999904632568,163100,0.0,0.0
2023-10-23 14:00:00+08:00,1.2599999904632568,1.2599999904632568,1.2400000095367432,1.25,134300,0.0,0.0
2023-10-23 15:00:00+08:00,1.25,1.25,1.2400000095367432,1.2400000095367432,69500,0.0,0.0
2023-10-23 16:00:00+08:00,1.2400000095367432,1.2599999904632568,1.2400000095367432,1.25,186400,0.0,0.0
2023-10-24 09:00:00+08:00,1.25,1.2599999904632568,1.25,1.2599999904632568,127500,0.0,0.0
2023-10-24 10:00:00+08:00,1.2599999904632568,1.2599999904632568,1.25,1.25,67500,0.0,0.0
2023-10-24 11:00:00+08:00,1.25,1.2599999904632568,1.2400000095367432,1.25,126600,0.0,0.0
2023-10-24 12:00:00+08:00,1.25,1.25,1.25,1.25,8700,0.0,0.0
2023-10-24 13:00:00+08:00,1.25,1.2599999904632568,1.25,1.25,15000,0.0,0.0
2023-10-24 14:00:00+08:00,1.25,1.2599999904632568,1.25,1.2599999904632568,29800,0.0,0.0
2023-10-24 15:00:00+08:00,1.2599999904632568,1.2599999904632568,1.25,1.25,40600,0.0,0.0
2023-10-24 16:00:00+08:00,1.25,1.2599999904632568,1.25,1.2599999904632568,273600,0.0,0.0
2023-10-25 09:00:00+08:00,1.25,1.2599999904632568,1.25,1.25,191100,0.0,0.0
2023-10-25 10:00:00+08:00,1.25,1.25,1.2400000095367432,1.25,71100,0.0,0.0
2023-10-25 11:00:00+08:00,1.25,1.25,1.2400000095367432,1.2400000095367432,93300,0.0,0.0
2023-10-25 12:00:00+08:00,1.2400000095367432,1.2400000095367432,1.2400000095367432,1.2400000095367432,23700,0.0,0.0
2023-10-25 13:00:00+08:00,1.25,1.25,1.2400000095367432,1.2400000095367432,249100,0.0,0.0
2023-10-25 14:00:00+08:00,1.2400000095367432,1.25,1.2400000095367432,1.2400000095367432,62500,0.0,0.0
2023-10-25 15:00:00+08:00,1.2400000095367432,1.25,1.2400000095367432,1.2400000095367432,105200,0.0,0.0
2023-10-25 16:00:00+08:00,1.2400000095367432,1.25,1.2300000190734863,1.2400000095367432,684900,0.0,0.0
2023-10-26 09:00:00+08:00,1.2300000190734863,1.2400000095367432,1.2100000381469727,1.2200000286102295,562000,0.0,0.0
2023-10-26 10:00:00+08:00,1.2200000286102295,1.2300000190734863,1.2100000381469727,1.2100000381469727,550700,0.0,0.0
2023-10-26 11:00:00+08:00,1.2100000381469727,1.2200000286102295,1.2100000381469727,1.2100000381469727,206200,0.0,0.0
2023-10-26 12:00:00+08:00,1.2100000381469727,1.2100000381469727,1.2100000381469727,1.2100000381469727,9200,0.0,0.0
2023-10-26 13:00:00+08:00,1.2100000381469727,1.2300000190734863,1.2100000381469727,1.2300000190734863,160000,0.0,0.0
2023-10-26 14:00:00+08:00,1.2300000190734863,1.2400000095367432,1.2200000286102295,1.2400000095367432,155800,0.0,0.0
2023-10-26 15:00:00+08:00,1.2400000095367432,1.2400000095367432,1.2200000286102295,1.2200000286102295,167900,0.0,0.0
2023-10-26 16:00:00+08:00,1.2200000286102295,1.2300000190734863,1.2100000381469727,1.2100000381469727,496100,0.0,0.0
2023-10-27 09:00:00+08:00,1.2100000381469727,1.2100000381469727,1.190000057220459,1.2100000381469727,515600,0.0,0.0
2023-10-27 10:00:00+08:00,1.2100000381469727,1.2200000286102295,1.2000000476837158,1.2100000381469727,380500,0.0,0.0
2023-10-27 11:00:00+08:00,1.2100000381469727,1.2100000381469727,1.190000057220459,1.190000057220459,354600,0.0,0.0
2023-10-27 12:00:00+08:00,1.190000057220459,1.190000057220459,1.190000057220459,1.190000057220459,10400,0.0,0.0
2023-10-27 13:00:00+08:00,1.190000057220459,1.2000000476837158,1.1699999570846558,1.1799999475479126,1440100,0.0,0.0
2023-10-27 14:00:00+08:00,1.1799999475479126,1.2000000476837158,1.1799999475479126,1.2000000476837158,296700,0.0,0.0
2023-10-27 15:00:00+08:00,1.2000000476837158,1.2000000476837158,1.1799999475479126,1.1799999475479126,282300,0.0,0.0
2023-10-27 16:00:00+08:00,1.1799999475479126,1.190000057220459,1.1799999475479126,1.1799999475479126,671500,0.0,0.0
2023-10-30 09:00:00+08:00,1.1799999475479126,1.2000000476837158,1.1799999475479126,1.190000057220459,312900,0.0,0.0
2023-10-30 10:00:00+08:00,1.190000057220459,1.2000000476837158,1.190000057220459,1.190000057220459,56100,0.0,0.0
2023-10-30 11:00:00+08:00,1.190000057220459,1.2000000476837158,1.1799999475479126,1.1799999475479126,259100,0.0,0.0
2023-10-30 12:00:00+08:00,1.1799999475479126,1.190000057220459,1.1799999475479126,1.190000057220459,28000,0.0,0.0
2023-10-30 13:00:00+08:00,1.190000057220459,1.190000057220459,1.1799999475479126,1.1799999475479126,281200,0.0,0.0
2023-10-30 14:00:00+08:00,1.1799999475479126,1.190000057220459,1.1799999475479126,1.190000057220459,133400,0.0,0.0
2023-10-30 15:00:00+08:00,1.190000057220459,1.190000057220459,1.1799999475479126,1.1799999475479126,121400,0.0,0.0
2023-10-30 16:00:00+08:00,1.1799999475479126,1.190000057220459,1.1799999475479126,1.1799999475479126,300800,0.0,0.0
2023-10-31 09:00:00+08:00,1.190000057220459,1.2000000476837158,1.190000057220459,1.190000057220459,157000,0.0,0.0
2023-10-31 10:00:00+08:00,1.190000057220459,1.2100000381469727,1.190000057220459,1.2000000476837158,384400,0.0,0.0
2023-10-31 11:00:00+08:00,1.2000000476837158,1.2100000381469727,1.2000000476837158,1.2100000381469727,36700,0.0,0.0
2023-10-31 12:00:00+08:00,1.2000000476837158,1.2000000476837158,1.2000000476837158,1.2000000476837158,6400,0.0,0.0
2023-10-31 13:00:00+08:00,1.2000000476837158,1.2100000381469727,1.2000000476837158,1.2100000381469727,35000,0.0,0.0
2023-10-31 14:00:00+08:00,1.2100000381469727,1.2100000381469727,1.2000000476837158,1.2000000476837158,20500,0.0,0.0
2023-10-31 15:00:00+08:00,1.2000000476837158,1.2100000381469727,1.2000000476837158,1.2000000476837158,408200,0.0,0.0
2023-10-31 16:00:00+08:00,1.2000000476837158,1.2100000381469727,1.2000000476837158,1.2100000381469727,51000,0.0,0.0
2023-11-01 09:00:00+08:00,1.2000000476837158,1.2200000286102295,1.2000000476837158,1.2200000286102295,76700,0.0,0.0
2023-11-01 10:00:00+08:00,1.2200000286102295,1.2200000286102295,1.2100000381469727,1.2200000286102295,26900,0.0,0.0
2023-11-01 11:00:00+08:00,1.2200000286102295,1.2400000095367432,1.2200000286102295,1.2400000095367432,382600,0.0,0.0
2023-11-01 12:00:00+08:00,1.2400000095367432,1.2400000095367432,1.2400000095367432,1.2400000095367432,4800,0.0,0.0
2023-11-01 13:00:00+08:00,1.2400000095367432,1.2400000095367432,1.2200000286102295,1.2300000190734863,170400,0.0,0.0
2023-11-01 15:00:00+08:00,1.2300000190734863,1.2400000095367432,1.2200000286102295,1.2300000190734863,410200,0.0,0.0
2023-11-01 16:00:00+08:00,1.2300000190734863,1.2300000190734863,1.2200000286102295,1.2300000190734863,75900,0.0,0.0
2023-11-02 09:00:00+08:00,1.2200000286102295,1.25,1.2200000286102295,1.2400000095367432,216000,0.0,0.0
2023-11-02 10:00:00+08:00,1.2400000095367432,1.2400000095367432,1.2300000190734863,1.2400000095367432,12900,0.0,0.0
2023-11-02 11:00:00+08:00,1.2400000095367432,1.2400000095367432,1.2300000190734863,1.2400000095367432,22100,0.0,0.0
2023-11-02 12:00:00+08:00,1.2400000095367432,1.2400000095367432,1.2400000095367432,1.2400000095367432,800,0.0,0.0
2023-11-02 13:00:00+08:00,1.2400000095367432,1.2400000095367432,1.2300000190734863,1.2400000095367432,20500,0.0,0.0
2023-11-02 14:00:00+08:00,1.2400000095367432,1.2400000095367432,1.2300000190734863,1.2400000095367432,24500,0.0,0.0
2023-11-02 15:00:00+08:00,1.2400000095367432,1.2400000095367432,1.2300000190734863,1.2400000095367432,26200,0.0,0.0
2023-11-02 16:00:00+08:00,1.2400000095367432,1.25,1.2300000190734863,1.2400000095367432,137300,0.0,0.0
2023-11-03 09:00:00+08:00,1.2599999904632568,1.2599999904632568,1.2400000095367432,1.2599999904632568,649600,0.0,0.0
2023-11-03 10:00:00+08:00,1.2599999904632568,1.2599999904632568,1.25,1.2599999904632568,68800,0.0,0.0
2023-11-03 11:00:00+08:00,1.2599999904632568,1.2599999904632568,1.25,1.2599999904632568,88000,0.0,0.0
2023-11-03 12:00:00+08:00,1.25,1.2599999904632568,1.25,1.2599999904632568,8100,0.0,0.0
2023-11-03 13:00:00+08:00,1.2599999904632568,1.2599999904632568,1.25,1.2599999904632568,35200,0.0,0.0
2023-11-03 14:00:00+08:00,1.2599999904632568,1.2599999904632568,1.25,1.2599999904632568,301100,0.0,0.0
2023-11-03 15:00:00+08:00,1.2599999904632568,1.2599999904632568,1.25,1.25,50400,0.0,0.0
2023-11-03 16:00:00+08:00,1.25,1.2599999904632568,1.25,1.2599999904632568,120400,0.0,0.0
2023-11-06 09:00:00+08:00,1.2599999904632568,1.2699999809265137,1.25,1.25,252700,0.0,0.0
2023-11-06 10:00:00+08:00,1.25,1.2599999904632568,1.25,1.2599999904632568,17400,0.0,0.0
2023-11-06 11:00:00+08:00,1.2599999904632568,1.2599999904632568,1.25,1.25,27900,0.0,0.0
2023-11-06 12:00:00+08:00,1.2599999904632568,1.2599999904632568,1.2599999904632568,1.2599999904632568,2500,0.0,0.0
2023-11-06 13:00:00+08:00,1.2599999904632568,1.2599999904632568,1.25,1.25,13500,0.0,0.0
2023-11-06 14:00:00+08:00,1.25,1.2599999904632568,1.25,1.25,13500,0.0,0.0
2023-11-06 15:00:00+08:00,1.25,1.2699999809265137,1.25,1.2599999904632568,347500,0.0,0.0
2023-11-06 16:00:00+08:00,1.2599999904632568,1.2699999809265137,1.2599999904632568,1.2599999904632568,36200,0.0,0.0
2023-11-07 09:00:00+08:00,1.2599999904632568,1.2599999904632568,1.2400000095367432,1.2400000095367432,172300,0.0,0.0
2023-11-07 10:00:00+08:00,1.2400000095367432,1.25,1.2400000095367432,1.25,94100,0.0,0.0
2023-11-07 11:00:00+08:00,1.25,1.25,1.2400000095367432,1.25,23100,0.0,0.0
2023-11-07 12:00:00+08:00,1.25,1.25,1.25,1.25,12700,0.0,0.0
2023-11-07 13:00:00+08:00,1.25,1.25,1.2400000095367432,1.25,10700,0.0,0.0
2023-11-07 14:00:00+08:00,1.25,1.25,1.2400000095367432,1.2400000095367432,7900,0.0,0.0
2023-11-07 15:00:00+08:00,1.2400000095367432,1.25,1.2400000095367432,1.2400000095367432,17600,0.0,0.0
2023-11-07 16:00:00+08:00,1.2400000095367432,1.2599999904632568,1.2400000095367432,1.25,155500,0.0,0.0
2023-11-08 09:00:00+08:00,1.25,1.2599999904632568,1.2400000095367432,1.25,77600,0.0,0.0
2023-11-08 10:00:00+08:00,1.25,1.25,1.2400000095367432,1.25,40300,0.0,0.0
2023-11-08 11:00:00+08:00,1.25,1.2599999904632568,1.2400000095367432,1.2599999904632568,109100,0.0,0.0
2023-11-08 12:00:00+08:00,1.25,1.25,1.25,1.25,6700,0.0,0.0
2023-11-08 13:00:00+08:00,1.25,1.2599999904632568,1.25,1.25,42300,0.0,0.0
2023-11-08 14:00:00+08:00,1.25,1.2599999904632568,1.2400000095367432,1.25,184100,0.0,0.0
2023-11-08 15:00:00+08:00,1.25,1.2599999904632568,1.2400000095367432,1.2400000095367432,102700,0.0,0.0
2023-11-08 16:00:00+08:00,1.2400000095367432,1.25,1.2400000095367432,1.25,359900,0.0,0.0
2023-11-09 09:00:00+08:00,1.2400000095367432,1.25,1.2400000095367432,1.25,62900,0.0,0.0
2023-11-09 10:00:00+08:00,1.25,1.2699999809265137,1.25,1.2599999904632568,307700,0.0,0.0
2023-11-09 11:00:00+08:00,1.2599999904632568,1.2599999904632568,1.25,1.2599999904632568,52500,0.0,0.0
2023-11-09 12:00:00+08:00,1.25,1.2599999904632568,1.25,1.2599999904632568,1500,0.0,0.0
2023-11-09 13:00:00+08:00,1.2599999904632568,1.2599999904632568,1.25,1.2599999904632568,4700,0.0,0.0
2023-11-09 14:00:00+08:00,1.2599999904632568,1.2599999904632568,1.25,1.25,9700,0.0,0.0
2023-11-09 15:00:00+08:00,1.25,1.2599999904632568,1.25,1.25,93700,0.0,0.0
2023-11-09 16:00:00+08:00,1.25,1.2599999904632568,1.25,1.25,117200,0.0,0.0
2023-11-10 09:00:00+08:00,1.25,1.25,1.2400000095367432,1.2400000095367432,70900,0.0,0.0
2023-11-10 10:00:00+08:00,1.2400000095367432,1.25,1.2400000095367432,1.25,500,0.0,0.0
2023-11-10 11:00:00+08:00,1.25,1.25,1.2400000095367432,1.2400000095367432,600,0.0,0.0
2023-11-10 12:00:00+08:00,1.2400000095367432,1.2400000095367432,1.2400000095367432,1.2400000095367432,1100,0.0,0.0
2023-11-10 13:00:00+08:00,1.2400000095367432,1.25,1.2400000095367432,1.25,100,0.0,0.0
2023-11-10 14:00:00+08:00,1.25,1.25,1.2400000095367432,1.25,32800,0.0,0.0
2023-11-10 15:00:00+08:00,1.25,1.25,1.2400000095367432,1.25,252800,0.0,0.0
2023-11-10 16:00:00+08:00,1.25,1.25,1.2400000095367432,1.25,69800,0.0,0.0
2023-11-14 09:00:00+08:00,1.2200000286102295,1.2300000190734863,1.2100000381469727,1.2200000286102295,251300,0.0,0.0
2023-11-14 10:00:00+08:00,1.2200000286102295,1.2300000190734863,1.2200000286102295,1.2200000286102295,49100,0.0,0.0
2023-11-14 11:00:00+08:00,1.2200000286102295,1.2300000190734863,1.2200000286102295,1.2200000286102295,53700,0.0,0.0
2023-11-14 12:00:00+08:00,1.2200000286102295,1.2200000286102295,1.2200000286102295,1.2200000286102295,3000,0.0,0.0
2023-11-14 13:00:00+08:00,1.2300000190734863,1.2300000190734863,1.2200000286102295,1.2200000286102295,14200,0.0,0.0
2023-11-14 14:00:00+08:00,1.2200000286102295,1.2300000190734863,1.2200000286102295,1.2200000286102295,14900,0.0,0.0
2023-11-14 15:00:00+08:00,1.2200000286102295,1.2300000190734863,1.2200000286102295,1.2200000286102295,22300,0.0,0.0
2023-11-14 16:00:00+08:00,1.2200000286102295,1.2300000190734863,1.2200000286102295,1.2200000286102295,13700,0.0,0.0
2023-11-15 09:00:00+08:00,1.2400000095367432,1.2599999904632568,1.2400000095367432,1.2599999904632568,114700,0.0,0.0
2023-11-15 10:00:00+08:00,1.2599999904632568,1.2699999809265137,1.25,1.2699999809265137,357800,0.0,0.0
2023-11-15 11:00:00+08:00,1.2699999809265137,1.2699999809265137,1.25,1.2599999904632568,344000,0.0,0.0
2023-11-15 12:00:00+08:00,1.2699999809265137,1.2699999809265137,1.2699999809265137,1.2699999809265137,116100,0.0,0.0
2023-11-15 13:00:00+08:00,1.2699999809265137,1.2699999809265137,1.2599999904632568,1.2699999809265137,60300,0.0,0.0
2023-11-15 14:00:00+08:00,1.2699999809265137,1.2699999809265137,1.2599999904632568,1.2699999809265137,80200,0.0,0.0
2023-11-15 15:00:00+08:00,1.2699999809265137,1.2799999713897705,1.2599999904632568,1.2799999713897705,374900,0.0,0.0
2023-11-15 16:00:00+08:00,1.2799999713897705,1.2799999713897705,1.2599999904632568,1.2699999809265137,338900,0.0,0.0
2023-11-16 09:00:00+08:00,1.2699999809265137,1.2699999809265137,1.2599999904632568,1.2699999809265137,12400,0.0,0.0
2023-11-16 10:00:00+08:00,1.2699999809265137,1.2699999809265137,1.2599999904632568,1.2699999809265137,26100,0.0,0.0
2023-11-16 11:00:00+08:00,1.2699999809265137,1.2799999713897705,1.2599999904632568,1.2799999713897705,125700,0.0,0.0
2023-11-16 12:00:00+08:00,1.2699999809265137,1.2799999713897705,1.2699999809265137,1.2799999713897705,900,0.0,0.0
2023-11-16 13:00:00+08:00,1.2799999713897705,1.2899999618530273,1.2699999809265137,1.2799999713897705,700000,0.0,0.0
2023-11-16 14:00:00+08:00,1.2799999713897705,1.2799999713897705,1.2699999809265137,1.2799999713897705,44900,0.0,0.0
2023-11-16 15:00:00+08:00,1.2799999713897705,1.2799999713897705,1.2699999809265137,1.2799999713897705,146900,0.0,0.0
2023-11-16 16:00:00+08:00,1.2799999713897705,1.2799999713897705,1.2699999809265137,1.2699999809265137,95800,0.0,0.0
2023-11-17 09:00:00+08:00,1.2799999713897705,1.2899999618530273,1.2799999713897705,1.2799999713897705,66800,0.0,0.0
2023-11-17 10:00:00+08:00,1.2799999713897705,1.2799999713897705,1.2799999713897705,1.2799999713897705,12600,0.0,0.0
2023-11-17 11:00:00+08:00,1.2799999713897705,1.2899999618530273,1.2799999713897705,1.2799999713897705,0,0.0,0.0
2023-11-17 12:00:00+08:00,1.2899999618530273,1.2899999618530273,1.2899999618530273,1.2899999618530273,320700,0.0,0.0
2023-11-17 13:00:00+08:00,1.2899999618530273,1.2899999618530273,1.2799999713897705,1.2799999713897705,7100,0.0,0.0
2023-11-17 14:00:00+08:00,1.2799999713897705,1.2799999713897705,1.2799999713897705,1.2799999713897705,13400,0.0,0.0
2023-11-17 15:00:00+08:00,1.2799999713897705,1.2899999618530273,1.2799999713897705,1.2899999618530273,34300,0.0,0.0
2023-11-17 16:00:00+08:00,1.2899999618530273,1.2899999618530273,1.2799999713897705,1.2899999618530273,112000,0.0,0.0
2023-11-20 09:00:00+08:00,1.2799999713897705,1.2799999713897705,1.2699999809265137,1.2799999713897705,88000,0.0,0.0
2023-11-20 10:00:00+08:00,1.2799999713897705,1.2899999618530273,1.2799999713897705,1.2799999713897705,236500,0.0,0.0
2023-11-20 11:00:00+08:00,1.2799999713897705,1.2899999618530273,1.2799999713897705,1.2799999713897705,67700,0.0,0.0
2023-11-20 12:00:00+08:00,1.2799999713897705,1.2899999618530273,1.2799999713897705,1.2899999618530273,1200,0.0,0.0
2023-11-20 13:00:00+08:00,1.2899999618530273,1.2899999618530273,1.2799999713897705,1.2799999713897705,14200,0.0,0.0
2023-11-20 14:00:00+08:00,1.2799999713897705,1.2899999618530273,1.2799999713897705,1.2799999713897705,5300,0.0,0.0
2023-11-20 15:00:00+08:00,1.2799999713897705,1.2899999618530273,1.2799999713897705,1.2799999713897705,27900,0.0,0.0
2023-11-20 16:00:00+08:00,1.2799999713897705,1.2899999618530273,1.2799999713897705,1.2799999713897705,37600,0.0,0.0
2023-11-21 09:00:00+08:00,1.2799999713897705,1.2899999618530273,1.2799999713897705,1.2799999713897705,78800,0.0,0.0
2023-11-21 10:00:00+08:00,1.2799999713897705,1.2999999523162842,1.2799999713897705,1.2999999523162842,454200,0.0,0.0
2023-11-21 11:00:00+08:00,1.2999999523162842,1.2999999523162842,1.2899999618530273,1.2999999523162842,50500,0.0,0.0
2023-11-21 12:00:00+08:00,1.2999999523162842,1.2999999523162842,1.2899999618530273,1.2899999618530273,49800,0.0,0.0
2023-11-21 13:00:00+08:00,1.2899999618530273,1.2999999523162842,1.2899999618530273,1.2899999618530273,525300,0.0,0.0
2023-11-21 14:00:00+08:00,1.2899999618530273,1.2999999523162842,1.2899999618530273,1.2899999618530273,30000,0.0,0.0
2023-11-21 15:00:00+08:00,1.2899999618530273,1.2999999523162842,1.2899999618530273,1.2999999523162842,46900,0.0,0.0
2023-11-21 16:00:00+08:00,1.2999999523162842,1.2999999523162842,1.2899999618530273,1.2899999618530273,138900,0.0,0.0
2023-11-22 09:00:00+08:00,1.2899999618530273,1.2899999618530273,1.2799999713897705,1.2899999618530273,178400,0.0,0.0
2023-11-22 10:00:00+08:00,1.2899999618530273,1.2899999618530273,1.2799999713897705,1.2899999618530273,4600,0.0,0.0
2023-11-22 11:00:00+08:00,1.2899999618530273,1.2899999618530273,1.2799999713897705,1.2899999618530273,14000,0.0,0.0
2023-11-22 12:00:00+08:00,1.2899999618530273,1.2899999618530273,1.2899999618530273,1.2899999618530273,3400,0.0,0.0
2023-11-22 13:00:00+08:00,1.2899999618530273,1.2899999618530273,1.2899999618530273,1.2899999618530273,104200,0.0,0.0
2023-11-22 14:00:00+08:00,1.2899999618530273,1.2899999618530273,1.2799999713897705,1.2899999618530273,15900,0.0,0.0
2023-11-22 15:00:00+08:00,1.2899999618530273,1.2899999618530273,1.2799999713897705,1.2899999618530273,20100,0.0,0.0
2023-11-22 16:00:00+08:00,1.2899999618530273,1.2899999618530273,1.2799999713897705,1.2899999618530273,16900,0.0,0.0
2023-11-23 09:00:00+08:00,1.2799999713897705,1.2899999618530273,1.2799999713897705,1.2899999618530273,165000,0.0,0.0
2023-11-23 10:00:00+08:00,1.2899999618530273,1.2899999618530273,1.2899999618530273,1.2899999618530273,4100,0.0,0.0
2023-11-23 11:00:00+08:00,1.2899999618530273,1.2899999618530273,1.2799999713897705,1.2799999713897705,700,0.0,0.0
2023-11-23 12:00:00+08:00,1.2799999713897705,1.2799999713897705,1.2799999713897705,1.2799999713897705,400,0.0,0.0
2023-11-23 13:00:00+08:00,1.2799999713897705,1.2899999618530273,1.2799999713897705,1.2899999618530273,151500,0.0,0.0
2023-11-23 14:00:00+08:00,1.2899999618530273,1.2899999618530273,1.2899999618530273,1.2899999618530273,3400,0.0,0.0
2023-11-23 15:00:00+08:00,1.2899999618530273,1.2899999618530273,1.2799999713897705,1.2899999618530273,7700,0.0,0.0
2023-11-23 16:00:00+08:00,1.2899999618530273,1.2899999618530273,1.2799999713897705,1.2899999618530273,6700,0.0,0.0
2023-11-24 09:00:00+08:00,1.2799999713897705,1.2899999618530273,1.2799999713897705,1.2899999618530273,51100,0.0,0.0
2023-11-24 10:00:00+08:00,1.2899999618530273,1.2899999618530273,1.2799999713897705,1.2899999618530273,60900,0.0,0.0
2023-11-24 11:00:00+08:00,1.2899999618530273,1.2899999618530273,1.2799999713897705,1.2899999618530273,7100,0.0,0.0
2023-11-24 12:00:00+08:00,1.2799999713897705,1.2899999618530273,1.2799999713897705,1.2899999618530273,700,0.0,0.0
2023-11-24 13:00:00+08:00,1.2899999618530273,1.2899999618530273,1.2799999713897705,1.2899999618530273,2800,0.0,0.0
2023-11-24 14:00:00+08:00,1.2899999618530273,1.2899999618530273,1.2799999713897705,1.2899999618530273,67100,0.0,0.0
2023-11-24 15:00:00+08:00,1.2899999618530273,1.2899999618530273,1.2799999713897705,1.2899999618530273,51800,0.0,0.0
2023-11-24 16:00:00+08:00,1.2899999618530273,1.2899999618530273,1.2799999713897705,1.2799999713897705,12200,0.0,0.0
2023-11-27 09:00:00+08:00,1.2899999618530273,1.2899999618530273,1.2899999618530273,1.2899999618530273,23700,0.0,0.0
2023-11-27 10:00:00+08:00,1.2899999618530273,1.2899999618530273,1.2799999713897705,1.2799999713897705,63300,0.0,0.0
2023-11-27 11:00:00+08:00,1.2799999713897705,1.2899999618530273,1.2799999713897705,1.2899999618530273,6900,0.0,0.0
2023-11-27 12:00:00+08:00,1.2799999713897705,1.2899999618530273,1.2799999713897705,1.2899999618530273,600,0.0,0.0
2023-11-27 13:00:00+08:00,1.2899999618530273,1.2899999618530273,1.2899999618530273,1.2899999618530273,6500,0.0,0.0
2023-11-27 14:00:00+08:00,1.2899999618530273,1.2899999618530273,1.2899999618530273,1.2899999618530273,52800,0.0,0.0
2023-11-27 15:00:00+08:00,1.2899999618530273,1.2899999618530273,1.2899999618530273,1.2899999618530273,6800,0.0,0.0
2023-11-27 16:00:00+08:00,1.2899999618530273,1.2899999618530273,1.2799999713897705,1.2899999618530273,13300,0.0,0.0
2023-11-28 09:00:00+08:00,1.2799999713897705,1.2799999713897705,1.2799999713897705,1.2799999713897705,122900,0.0,0.0
2023-11-28 10:00:00+08:00,1.2799999713897705,1.2799999713897705,1.2699999809265137,1.2799999713897705,8300,0.0,0.0
2023-11-28 11:00:00+08:00,1.2799999713897705,1.2799999713897705,1.2699999809265137,1.2799999713897705,7600,0.0,0.0
2023-11-28 12:00:00+08:00,1.2699999809265137,1.2699999809265137,1.2699999809265137,1.2699999809265137,2500,0.0,0.0
2023-11-28 13:00:00+08:00,1.2699999809265137,1.2799999713897705,1.2699999809265137,1.2799999713897705,300,0.0,0.0
2023-11-28 14:00:00+08:00,1.2799999713897705,1.2799999713897705,1.2799999713897705,1.2799999713897705,300,0.0,0.0
2023-11-28 15:00:00+08:00,1.2799999713897705,1.2799999713897705,1.2699999809265137,1.2699999809265137,30600,0.0,0.0
2023-11-28 16:00:00+08:00,1.2699999809265137,1.2799999713897705,1.2699999809265137,1.2799999713897705,40500,0.0,0.0
2023-11-29 09:00:00+08:00,1.2799999713897705,1.2799999713897705,1.2799999713897705,1.2799999713897705,2100,0.0,0.0
2023-11-29 12:00:00+08:00,1.2699999809265137,1.2699999809265137,1.2699999809265137,1.2699999809265137,14800,0.0,0.0
2023-11-29 13:00:00+08:00,1.2699999809265137,1.2799999713897705,1.2699999809265137,1.2699999809265137,29100,0.0,0.0
2023-11-29 14:00:00+08:00,1.2699999809265137,1.2799999713897705,1.2699999809265137,1.2799999713897705,102800,0.0,0.0
2023-11-29 15:00:00+08:00,1.2799999713897705,1.2799999713897705,1.2799999713897705,1.2799999713897705,1600,0.0,0.0
2023-11-29 16:00:00+08:00,1.2799999713897705,1.2799999713897705,1.2699999809265137,1.2799999713897705,166800,0.0,0.0
2023-11-30 09:00:00+08:00,1.2799999713897705,1.2799999713897705,1.2699999809265137,1.2799999713897705,18800,0.0,0.0
2023-11-30 10:00:00+08:00,1.2799999713897705,1.2799999713897705,1.2699999809265137,1.2799999713897705,13400,0.0,0.0
2023-11-30 11:00:00+08:00,1.2799999713897705,1.2799999713897705,1.2599999904632568,1.2599999904632568,290200,0.0,0.0
2023-11-30 12:00:00+08:00,1.2599999904632568,1.2699999809265137,1.2599999904632568,1.2699999809265137,900,0.0,0.0
2023-11-30 13:00:00+08:00,1.2699999809265137,1.2699999809265137,1.2599999904632568,1.2699999809265137,13100,0.0,0.0
2023-11-30 14:00:00+08:00,1.2699999809265137,1.2699999809265137,1.2599999904632568,1.2699999809265137,36100,0.0,0.0
2023-11-30 15:00:00+08:00,1.2699999809265137,1.2799999713897705,1.2599999904632568,1.2799999713897705,116200,0.0,0.0
2023-11-30 16:00:00+08:00,1.2799999713897705,1.2799999713897705,1.2699999809265137,1.2799999713897705,16800,0.0,0.0
2023-12-01 09:00:00+08:00,1.2699999809265137,1.2699999809265137,1.2699999809265137,1.2699999809265137,33700,0.0,0.0
2023-12-01 10:00:00+08:00,1.2699999809265137,1.2699999809265137,1.2599999904632568,1.2599999904632568,98400,0.0,0.0
2023-12-01 11:00:00+08:00,1.2599999904632568,1.2699999809265137,1.2599999904632568,1.2599999904632568,56500,0.0,0.0
2023-12-01 12:00:00+08:00,1.2699999809265137,1.2699999809265137,1.2699999809265137,1.2699999809265137,300,0.0,0.0
2023-12-01 13:00:00+08:00,1.2699999809265137,1.2699999809265137,1.2599999904632568,1.2599999904632568,2300,0.0,0.0
2023-12-01 14:00:00+08:00,1.2599999904632568,1.2699999809265137,1.2599999904632568,1.2699999809265137,40300,0.0,0.0
2023-12-01 15:00:00+08:00,1.2699999809265137,1.2699999809265137,1.2599999904632568,1.2699999809265137,74700,0.0,0.0
2023-12-01 16:00:00+08:00,1.2699999809265137,1.2699999809265137,1.2599999904632568,1.2699999809265137,91000,0.0,0.0
2023-12-04 09:00:00+08:00,1.2799999713897705,1.2799999713897705,1.2699999809265137,1.2699999809265137,16000,0.0,0.0
2023-12-04 10:00:00+08:00,1.2699999809265137,1.2799999713897705,1.2599999904632568,1.2699999809265137,215200,0.0,0.0
2023-12-04 11:00:00+08:00,1.2699999809265137,1.2799999713897705,1.2699999809265137,1.2799999713897705,238900,0.0,0.0
2023-12-04 12:00:00+08:00,1.2799999713897705,1.2799999713897705,1.2699999809265137,1.2699999809265137,700,0.0,0.0
2023-12-04 13:00:00+08:00,1.2699999809265137,1.2799999713897705,1.2699999809265137,1.2699999809265137,395600,0.0,0.0
2023-12-04 14:00:00+08:00,1.2699999809265137,1.2899999618530273,1.2699999809265137,1.2799999713897705,452000,0.0,0.0
2023-12-04 15:00:00+08:00,1.2799999713897705,1.2799999713897705,1.2799999713897705,1.2799999713897705,2100,0.0,0.0
2023-12-04 16:00:00+08:00,1.2799999713897705,1.2799999713897705,1.2699999809265137,1.2799999713897705,77900,0.0,0.0
2023-12-05 09:00:00+08:00,1.2799999713897705,1.2799999713897705,1.2699999809265137,1.2799999713897705,34900,0.0,0.0
2023-12-05 10:00:00+08:00,1.2699999809265137,1.2799999713897705,1.2699999809265137,1.2799999713897705,6600,0.0,0.0
2023-12-05 11:00:00+08:00,1.2799999713897705,1.2799999713897705,1.2699999809265137,1.2799999713897705,8800,0.0,0.0
2023-12-05 12:00:00+08:00,1.2799999713897705,1.2799999713897705,1.2799999713897705,1.2799999713897705,700,0.0,0.0
2023-12-05 13:00:00+08:00,1.2799999713897705,1.2799999713897705,1.2699999809265137,1.2799999713897705,33600,0.0,0.0
2023-12-05 14:00:00+08:00,1.2799999713897705,1.2799999713897705,1.2699999809265137,1.2799999713897705,35400,0.0,0.0
2023-12-05 15:00:00+08:00,1.2799999713897705,1.2799999713897705,1.2699999809265137,1.2799999713897705,16500,0.0,0.0
2023-12-05 16:00:00+08:00,1.2799999713897705,1.2799999713897705,1.2699999809265137,1.2699999809265137,56600,0.0,0.0
2023-12-06 09:00:00+08:00,1.2699999809265137,1.2799999713897705,1.2699999809265137,1.2799999713897705,12900,0.0,0.0
2023-12-06 10:00:00+08:00,1.2799999713897705,1.2799999713897705,1.2699999809265137,1.2799999713897705,1400,0.0,0.0
2023-12-06 11:00:00+08:00,1.2799999713897705,1.2799999713897705,1.2699999809265137,1.2799999713897705,1200,0.0,0.0
2023-12-06 12:00:00+08:00,1.2699999809265137,1.2799999713897705,1.2699999809265137,1.2799999713897705,100,0.0,0.0
2023-12-06 13:00:00+08:00,1.2799999713897705,1.2799999713897705,1.2699999809265137,1.2699999809265137,40100,0.0,0.0
2023-12-06 14:00:00+08:00,1.2699999809265137,1.2799999713897705,1.2699999809265137,1.2699999809265137,56600,0.0,0.0
2023-12-06 15:00:00+08:00,1.2699999809265137,1.2799999713897705,1.2699999809265137,1.2699999809265137,12400,0.0,0.0
2023-12-06 16:00:00+08:00,1.2699999809265137,1.2799999713897705,1.2699999809265137,1.2699999809265137,8600,0.0,0.0
2023-12-07 09:00:00+08:00,1.2799999713897705,1.2899999618530273,1.2799999713897705,1.2799999713897705,349400,0.0,0.0
2023-12-07 10:00:00+08:00,1.2799999713897705,1.2799999713897705,1.2799999713897705,1.2799999713897705,31600,0.0,0.0
2023-12-07 11:00:00+08:00,1.2799999713897705,1.2799999713897705,1.2799999713897705,1.2799999713897705,17900,0.0,0.0
2023-12-07 12:00:00+08:00,1.2799999713897705,1.2799999713897705,1.2799999713897705,1.2799999713897705,200,0.0,0.0
2023-12-07 13:00:00+08:00,1.2799999713897705,1.2899999618530273,1.2699999809265137,1.2799999713897705,72300,0.0,0.0
2023-12-07 14:00:00+08:00,1.2799999713897705,1.2799999713897705,1.2699999809265137,1.2699999809265137,27100,0.0,0.0
2023-12-07 15:00:00+08:00,1.2699999809265137,1.2799999713897705,1.2699999809265137,1.2799999713897705,1000,0.0,0.0
2023-12-07 16:00:00+08:00,1.2799999713897705,1.2899999618530273,1.2699999809265137,1.2799999713897705,11300,0.0,0.0
2023-12-08 09:00:00+08:00,1.2799999713897705,1.2899999618530273,1.2799999713897705,1.2799999713897705,3200,0.0,0.0
2023-12-08 10:00:00+08:00,1.2799999713897705,1.2899999618530273,1.2799999713897705,1.2799999713897705,50300,0.0,0.0
2023-12-08 11:00:00+08:00,1.2799999713897705,1.2899999618530273,1.2799999713897705,1.2799999713897705,67400,0.0,0.0
2023-12-08 12:00:00+08:00,1.2899999618530273,1.2899999618530273,1.2799999713897705,1.2799999713897705,6500,0.0,0.0
2023-12-08 13:00:00+08:00,1.2799999713897705,1.2899999618530273,1.2799999713897705,1.2899999618530273,21400,0.0,0.0
2023-12-08 14:00:00+08:00,1.2899999618530273,1.2899999618530273,1.2799999713897705,1.2899999618530273,167200,0.0,0.0
2023-12-08 15:00:00+08:00,1.2899999618530273,1.2899999618530273,1.2799999713897705,1.2899999618530273,50700,0.0,0.0
2023-12-08 16:00:00+08:00,1.2899999618530273,1.3200000524520874,1.2799999713897705,1.309999942779541,1094600,0.0,0.0
2023-12-11 09:00:00+08:00,1.309999942779541,1.3200000524520874,1.2999999523162842,1.2999999523162842,601300,0.0,0.0
2023-12-11 10:00:00+08:00,1.2999999523162842,1.3200000524520874,1.2999999523162842,1.2999999523162842,154700,0.0,0.0
2023-12-11 11:00:00+08:00,1.2999999523162842,1.309999942779541,1.2999999523162842,1.2999999523162842,328200,0.0,0.0
2023-12-11 12:00:00+08:00,1.2999999523162842,1.309999942779541,1.2999999523162842,1.309999942779541,11000,0.0,0.0
2023-12-11 13:00:00+08:00,1.309999942779541,1.309999942779541,1.2999999523162842,1.2999999523162842,49500,0.0,0.0
2023-12-11 14:00:00+08:00,1.2999999523162842,1.309999942779541,1.2999999523162842,1.309999942779541,44200,0.0,0.0
2023-12-11 15:00:00+08:00,1.309999942779541,1.309999942779541,1.2999999523162842,1.2999999523162842,39500,0.0,0.0
2023-12-11 16:00:00+08:00,1.2999999523162842,1.309999942779541,1.2899999618530273,1.2899999618530273,424100,0.0,0.0
2023-12-12 09:00:00+08:00,1.2899999618530273,1.2999999523162842,1.2899999618530273,1.2899999618530273,181100,0.0,0.0
2023-12-12 10:00:00+08:00,1.2899999618530273,1.2999999523162842,1.2899999618530273,1.2899999618530273,31200,0.0,0.0
2023-12-12 11:00:00+08:00,1.2899999618530273,1.2999999523162842,1.2899999618530273,1.2899999618530273,100300,0.0,0.0
2023-12-12 12:00:00+08:00,1.2899999618530273,1.2899999618530273,1.2899999618530273,1.2899999618530273,400,0.0,0.0
2023-12-12 13:00:00+08:00,1.2899999618530273,1.2999999523162842,1.2899999618530273,1.2899999618530273,51200,0.0,0.0
2023-12-12 14:00:00+08:00,1.2899999618530273,1.2999999523162842,1.2899999618530273,1.2899999618530273,82500,0.0,0.0
2023-12-12 15:00:00+08:00,1.2899999618530273,1.309999942779541,1.2899999618530273,1.2999999523162842,170100,0.0,0.0
2023-12-12 16:00:00+08:00,1.2999999523162842,1.309999942779541,1.2999999523162842,1.2999999523162842,71900,0.0,0.0
2023-12-13 09:00:00+08:00,1.2999999523162842,1.309999942779541,1.2999999523162842,1.2999999523162842,66500,0.0,0.0
2023-12-13 10:00:00+08:00,1.2999999523162842,1.309999942779541,1.2899999618530273,1.2899999618530273,161300,0.0,0.0
2023-12-13 11:00:00+08:00,1.2899999618530273,1.2999999523162842,1.2899999618530273,1.2899999618530273,79000,0.0,0.0
2023-12-13 12:00:00+08:00,1.2899999618530273,1.2899999618530273,1.2899999618530273,1.2899999618530273,13500,0.0,0.0
2023-12-13 13:00:00+08:00,1.2899999618530273,1.2999999523162842,1.2799999713897705,1.2899999618530273,691200,0.0,0.0
2023-12-13 14:00:00+08:00,1.2899999618530273,1.2999999523162842,1.2899999618530273,1.2899999618530273,42600,0.0,0.0
2023-12-13 15:00:00+08:00,1.2899999618530273,1.2999999523162842,1.2899999618530273,1.2899999618530273,0,0.0,0.0
2023-12-13 16:00:00+08:00,1.2899999618530273,1.2999999523162842,1.2799999713897705,1.2799999713897705,1361300,0.0,0.0
2023-12-14 09:00:00+08:00,1.2999999523162842,1.3200000524520874,1.2999999523162842,1.309999942779541,771900,0.0,0.0
2023-12-14 10:00:00+08:00,1.309999942779541,1.3200000524520874,1.309999942779541,1.3200000524520874,40100,0.0,0.0
2023-12-14 11:00:00+08:00,1.3200000524520874,1.3200000524520874,1.309999942779541,1.309999942779541,108000,0.0,0.0
2023-12-14 12:00:00+08:00,1.309999942779541,1.309999942779541,1.309999942779541,1.309999942779541,16400,0.0,0.0
2023-12-14 13:00:00+08:00,1.309999942779541,1.340000033378601,1.309999942779541,1.3200000524520874,774000,0.0,0.0
2023-12-14 14:00:00+08:00,1.3200000524520874,1.3300000429153442,1.309999942779541,1.309999942779541,258500,0.0,0.0
2023-12-14 15:00:00+08:00,1.309999942779541,1.3300000429153442,1.309999942779541,1.3200000524520874,279700,0.0,0.0
2023-12-14 16:00:00+08:00,1.3200000524520874,1.3300000429153442,1.3200000524520874,1.3200000524520874,188400,0.0,0.0
2023-12-15 09:00:00+08:00,1.309999942779541,1.3200000524520874,1.2999999523162842,1.309999942779541,285000,0.0,0.0
2023-12-15 10:00:00+08:00,1.309999942779541,1.3200000524520874,1.309999942779541,1.3200000524520874,146300,0.0,0.0
2023-12-15 11:00:00+08:00,1.3200000524520874,1.3200000524520874,1.309999942779541,1.3200000524520874,369500,0.0,0.0
2023-12-15 12:00:00+08:00,1.309999942779541,1.309999942779541,1.309999942779541,1.309999942779541,8000,0.0,0.0
2023-12-15 13:00:00+08:00,1.309999942779541,1.3200000524520874,1.309999942779541,1.309999942779541,76500,0.0,0.0
2023-12-15 14:00:00+08:00,1.309999942779541,1.3200000524520874,1.309999942779541,1.3200000524520874,97600,0.0,0.0
2023-12-15 15:00:00+08:00,1.3200000524520874,1.3200000524520874,1.309999942779541,1.3200000524520874,106300,0.0,0.0
2023-12-15 16:00:00+08:00,1.3200000524520874,1.3200000524520874,1.309999942779541,1.309999942779541,213800,0.0,0.0
2023-12-18 09:00:00+08:00,1.3200000524520874,1.3200000524520874,1.2999999523162842,1.309999942779541,522800,0.0,0.0
2023-12-18 10:00:00+08:00,1.309999942779541,1.3200000524520874,1.309999942779541,1.309999942779541,26200,0.0,0.0
2023-12-18 11:00:00+08:00,1.309999942779541,1.3200000524520874,1.2999999523162842,1.2999999523162842,113500,0.0,0.0
2023-12-18 12:00:00+08:00,1.2999999523162842,1.2999999523162842,1.2999999523162842,1.2999999523162842,3400,0.0,0.0
2023-12-18 13:00:00+08:00,1.2999999523162842,1.309999942779541,1.2999999523162842,1.309999942779541,27800,0.0,0.0
2023-12-18 14:00:00+08:00,1.309999942779541,1.309999942779541,1.2999999523162842,1.309999942779541,239100,0.0,0.0
2023-12-18 15:00:00+08:00,1.309999942779541,1.309999942779541,1.2999999523162842,1.309999942779541,24000,0.0,0.0
2023-12-18 16:00:00+08:00,1.309999942779541,1.3200000524520874,1.2999999523162842,1.309999942779541,107700,0.0,0.0
2023-12-19 09:00:00+08:00,1.2999999523162842,1.309999942779541,1.2999999523162842,1.309999942779541,62400,0.0,0.0
2023-12-19 10:00:00+08:00,1.309999942779541,1.309999942779541,1.2999999523162842,1.309999942779541,7400,0.0,0.0
2023-12-19 11:00:00+08:00,1.309999942779541,1.3200000524520874,1.2999999523162842,1.309999942779541,141300,0.0,0.0
2023-12-19 12:00:00+08:00,1.2999999523162842,1.309999942779541,1.2999999523162842,1.309999942779541,19300,0.0,0.0
2023-12-19 13:00:00+08:00,1.309999942779541,1.309999942779541,1.2999999523162842,1.309999942779541,6300,0.0,0.0
2023-12-19 14:00:00+08:00,1.309999942779541,1.309999942779541,1.2999999523162842,1.309999942779541,22500,0.0,0.0
2023-12-19 15:00:00+08:00,1.309999942779541,1.309999942779541,1.2999999523162842,1.309999942779541,26600,0.0,0.0
2023-12-19 16:00:00+08:00,1.309999942779541,1.309999942779541,1.2899999618530273,1.2999999523162842,769300,0.0,0.0
2023-12-20 09:00:00+08:00,1.2999999523162842,1.309999942779541,1.2999999523162842,1.2999999523162842,90100,0.0,0.0
2023-12-20 10:00:00+08:00,1.2999999523162842,1.309999942779541,1.2999999523162842,1.309999942779541,40700,0.0,0.0
2023-12-20 11:00:00+08:00,1.309999942779541,1.309999942779541,1.2999999523162842,1.309999942779541,80500,0.0,0.0
2023-12-20 12:00:00+08:00,1.2999999523162842,1.309999942779541,1.2999999523162842,1.309999942779541,8500,0.0,0.0
2023-12-20 13:00:00+08:00,1.309999942779541,1.309999942779541,1.2999999523162842,1.309999942779541,16400,0.0,0.0
2023-12-20 14:00:00+08:00,1.309999942779541,1.309999942779541,1.2899999618530273,1.2899999618530273,333200,0.0,0.0
2023-12-20 15:00:00+08:00,1.2899999618530273,1.2999999523162842,1.2899999618530273,1.2899999618530273,65300,0.0,0.0
2023-12-20 16:00:00+08:00,1.2899999618530273,1.2999999523162842,1.2899999618530273,1.2999999523162842,87200,0.0,0.0
2023-12-21 09:00:00+08:00,1.2899999618530273,1.2999999523162842,1.2699999809265137,1.2999999523162842,1012200,0.0,0.0
2023-12-21 10:00:00+08:00,1.2999999523162842,1.2999999523162842,1.2899999618530273,1.2899999618530273,85400,0.0,0.0
2023-12-21 11:00:00+08:00,1.2899999618530273,1.2999999523162842,1.2899999618530273,1.2999999523162842,53100,0.0,0.0
2023-12-21 12:00:00+08:00,1.2899999618530273,1.2899999618530273,1.2899999618530273,1.2899999618530273,24000,0.0,0.0
2023-12-21 13:00:00+08:00,1.2899999618530273,1.2999999523162842,1.2899999618530273,1.2899999618530273,187000,0.0,0.0
2023-12-21 14:00:00+08:00,1.2899999618530273,1.2999999523162842,1.2899999618530273,1.2899999618530273,32000,0.0,0.0
2023-12-21 15:00:00+08:00,1.2899999618530273,1.2999999523162842,1.2899999618530273,1.2999999523162842,41300,0.0,0.0
2023-12-21 16:00:00+08:00,1.2999999523162842,1.2999999523162842,1.2899999618530273,1.2899999618530273,131100,0.0,0.0
2023-12-22 09:00:00+08:00,1.2999999523162842,1.2999999523162842,1.2899999618530273,1.2899999618530273,46000,0.0,0.0
2023-12-22 10:00:00+08:00,1.2899999618530273,1.2999999523162842,1.2899999618530273,1.2999999523162842,17000,0.0,0.0
2023-12-22 11:00:00+08:00,1.2999999523162842,1.2999999523162842,1.2899999618530273,1.2999999523162842,8000,0.0,0.0
2023-12-22 12:00:00+08:00,1.2999999523162842,1.2999999523162842,1.2999999523162842,1.2999999523162842,100,0.0,0.0
2023-12-22 13:00:00+08:00,1.2999999523162842,1.2999999523162842,1.2899999618530273,1.2999999523162842,0,0.0,0.0
2023-12-22 14:00:00+08:00,1.2999999523162842,1.2999999523162842,1.2999999523162842,1.2999999523162842,80700,0.0,0.0
2023-12-22 15:00:00+08:00,1.2999999523162842,1.2999999523162842,1.2899999618530273,1.2899999618530273,7500,0.0,0.0
2023-12-22 16:00:00+08:00,1.2899999618530273,1.2999999523162842,1.2899999618530273,1.2999999523162842,19900,0.0,0.0
2023-12-26 09:00:00+08:00,1.2999999523162842,1.2999999523162842,1.2799999713897705,1.2999999523162842,557800,0.0,0.0
2023-12-26 10:00:00+08:00,1.2999999523162842,1.2999999523162842,1.2899999618530273,1.2899999618530273,24500,0.0,0.0
2023-12-26 11:00:00+08:00,1.2899999618530273,1.2999999523162842,1.2899999618530273,1.2899999618530273,30900,0.0,0.0
2023-12-26 12:00:00+08:00,1.2899999618530273,1.2999999523162842,1.2899999618530273,1.2999999523162842,4200,0.0,0.0
2023-12-26 13:00:00+08:00,1.2999999523162842,1.2999999523162842,1.2899999618530273,1.2899999618530273,22100,0.0,0.0
2023-12-26 14:00:00+08:00,1.2899999618530273,1.2999999523162842,1.2899999618530273,1.2899999618530273,28700,0.0,0.0
2023-12-26 15:00:00+08:00,1.2899999618530273,1.2999999523162842,1.2899999618530273,1.2899999618530273,97900,0.0,0.0
2023-12-26 16:00:00+08:00,1.2899999618530273,1.2999999523162842,1.2899999618530273,1.2899999618530273,72300,0.0,0.0
2023-12-27 09:00:00+08:00,1.2899999618530273,1.2999999523162842,1.2899999618530273,1.2899999618530273,422300,0.0,0.0
2023-12-27 10:00:00+08:00,1.2999999523162842,1.2999999523162842,1.2899999618530273,1.2999999523162842,56200,0.0,0.0
2023-12-27 11:00:00+08:00,1.2999999523162842,1.2999999523162842,1.2899999618530273,1.2899999618530273,55500,0.0,0.0
2023-12-27 12:00:00+08:00,1.2999999523162842,1.2999999523162842,1.2899999618530273,1.2899999618530273,11100,0.0,0.0
2023-12-27 13:00:00+08:00,1.2899999618530273,1.2999999523162842,1.2899999618530273,1.2999999523162842,41400,0.0,0.0
2023-12-27 14:00:00+08:00,1.2999999523162842,1.2999999523162842,1.2899999618530273,1.2899999618530273,50700,0.0,0.0
2023-12-27 15:00:00+08:00,1.2899999618530273,1.2999999523162842,1.2899999618530273,1.2899999618530273,50100,0.0,0.0
2023-12-27 16:00:00+08:00,1.2899999618530273,1.2999999523162842,1.2899999618530273,1.2999999523162842,216200,0.0,0.0
2023-12-28 09:00:00+08:00,1.2999999523162842,1.309999942779541,1.2899999618530273,1.309999942779541,1043800,0.0,0.0
2023-12-28 10:00:00+08:00,1.309999942779541,1.309999942779541,1.2999999523162842,1.309999942779541,46600,0.0,0.0
2023-12-28 11:00:00+08:00,1.309999942779541,1.309999942779541,1.2999999523162842,1.309999942779541,28700,0.0,0.0
2023-12-28 12:00:00+08:00,1.309999942779541,1.309999942779541,1.309999942779541,1.309999942779541,4400,0.0,0.0
2023-12-28 13:00:00+08:00,1.309999942779541,1.309999942779541,1.2999999523162842,1.309999942779541,20700,0.0,0.0
2023-12-28 14:00:00+08:00,1.309999942779541,1.309999942779541,1.2999999523162842,1.2999999523162842,74800,0.0,0.0
2023-12-28 15:00:00+08:00,1.2999999523162842,1.3200000524520874,1.2999999523162842,1.309999942779541,949700,0.0,0.0
2023-12-28 16:00:00+08:00,1.309999942779541,1.309999942779541,1.2999999523162842,1.309999942779541,54900,0.0,0.0
2023-12-29 09:00:00+08:00,1.2999999523162842,1.309999942779541,1.2999999523162842,1.309999942779541,45700,0.0,0.0
2023-12-29 10:00:00+08:00,1.309999942779541,1.309999942779541,1.309999942779541,1.309999942779541,11900,0.0,0.0
2023-12-29 11:00:00+08:00,1.309999942779541,1.309999942779541,1.309999942779541,1.309999942779541,33500,0.0,0.0
2023-12-29 12:00:00+08:00,1.309999942779541,1.309999942779541,1.309999942779541,1.309999942779541,4600,0.0,0.0
2023-12-29 13:00:00+08:00,1.309999942779541,1.309999942779541,1.309999942779541,1.309999942779541,39500,0.0,0.0
2023-12-29 14:00:00+08:00,1.309999942779541,1.309999942779541,1.309999942779541,1.309999942779541,6200,0.0,0.0
2023-12-29 15:00:00+08:00,1.309999942779541,1.309999942779541,1.2999999523162842,1.309999942779541,16400,0.0,0.0
2023-12-29 16:00:00+08:00,1.309999942779541,1.309999942779541,1.2999999523162842,1.309999942779541,102700,0.0,0.0
2024-01-02 09:00:00+08:00,1.2999999523162842,1.3200000524520874,1.2999999523162842,1.3200000524520874,205500,0.0,0.0
2024-01-02 10:00:00+08:00,1.3200000524520874,1.3200000524520874,1.2999999523162842,1.309999942779541,149000,0.0,0.0
2024-01-02 11:00:00+08:00,1.309999942779541,1.3200000524520874,1.2999999523162842,1.3200000524520874,129000,0.0,0.0
2024-01-02 12:00:00+08:00,1.309999942779541,1.3200000524520874,1.309999942779541,1.3200000524520874,10200,0.0,0.0
2024-01-02 13:00:00+08:00,1.3200000524520874,1.3200000524520874,1.309999942779541,1.3200000524520874,31200,0.0,0.0
2024-01-02 14:00:00+08:00,1.3200000524520874,1.3200000524520874,1.309999942779541,1.3200000524520874,0,0.0,0.0
2024-01-02 15:00:00+08:00,1.3200000524520874,1.3200000524520874,1.309999942779541,1.3200000524520874,610000,0.0,0.0
2024-01-02 16:00:00+08:00,1.3200000524520874,1.3200000524520874,1.309999942779541,1.3200000524520874,95100,0.0,0.0
2024-01-03 09:00:00+08:00,1.309999942779541,1.3300000429153442,1.309999942779541,1.3300000429153442,334200,0.0,0.0
2024-01-03 10:00:00+08:00,1.3300000429153442,1.3300000429153442,1.3200000524520874,1.3300000429153442,73800,0.0,0.0
2024-01-03 11:00:00+08:00,1.3300000429153442,1.3300000429153442,1.3200000524520874,1.3200000524520874,74900,0.0,0.0
2024-01-03 12:00:00+08:00,1.3200000524520874,1.3300000429153442,1.3200000524520874,1.3300000429153442,5600,0.0,0.0
2024-01-03 13:00:00+08:00,1.3300000429153442,1.3300000429153442,1.3200000524520874,1.3300000429153442,26000,0.0,0.0
2024-01-03 14:00:00+08:00,1.3300000429153442,1.3300000429153442,1.3200000524520874,1.3200000524520874,31500,0.0,0.0
2024-01-03 15:00:00+08:00,1.3200000524520874,1.3300000429153442,1.3200000524520874,1.3200000524520874,123300,0.0,0.0
2024-01-03 16:00:00+08:00,1.3200000524520874,1.3300000429153442,1.3200000524520874,1.3300000429153442,116100,0.0,0.0
2024-01-04 09:00:00+08:00,1.3200000524520874,1.3200000524520874,1.3200000524520874,1.3200000524520874,27400,0.0,0.0
2024-01-04 10:00:00+08:00,1.3200000524520874,1.3300000429153442,1.3200000524520874,1.3200000524520874,17000,0.0,0.0
2024-01-04 11:00:00+08:00,1.3200000524520874,1.3300000429153442,1.3200000524520874,1.3300000429153442,19800,0.0,0.0
2024-01-04 12:00:00+08:00,1.3200000524520874,1.3200000524520874,1.3200000524520874,1.3200000524520874,1500,0.0,0.0
2024-01-04 13:00:00+08:00,1.3200000524520874,1.3300000429153442,1.3200000524520874,1.3300000429153442,21100,0.0,0.0
2024-01-04 14:00:00+08:00,1.3300000429153442,1.3300000429153442,1.3200000524520874,1.3200000524520874,94900,0.0,0.0
2024-01-04 15:00:00+08:00,1.3200000524520874,1.3300000429153442,1.3200000524520874,1.3200000524520874,56900,0.0,0.0
2024-01-04 16:00:00+08:00,1.3200000524520874,1.3300000429153442,1.3200000524520874,1.3200000524520874,27000,0.0,0.0
2024-01-05 09:00:00+08:00,1.3200000524520874,1.3300000429153442,1.309999942779541,1.3200000524520874,117600,0.0,0.0
2024-01-05 10:00:00+08:00,1.3200000524520874,1.3300000429153442,1.3200000524520874,1.3200000524520874,134800,0.0,0.0
2024-01-05 11:00:00+08:00,1.3200000524520874,1.3300000429153442,1.3200000524520874,1.3200000524520874,68100,0.0,0.0
2024-01-05 12:00:00+08:00,1.3200000524520874,1.3200000524520874,1.3200000524520874,1.3200000524520874,17300,0.0,0.0
2024-01-05 13:00:00+08:00,1.3200000524520874,1.340000033378601,1.3200000524520874,1.3300000429153442,243400,0.0,0.0
2024-01-05 14:00:00+08:00,1.3300000429153442,1.3300000429153442,1.3200000524520874,1.3200000524520874,73100,0.0,0.0
2024-01-05 15:00:00+08:00,1.3200000524520874,1.3300000429153442,1.3200000524520874,1.3200000524520874,48000,0.0,0.0
2024-01-05 16:00:00+08:00,1.3200000524520874,1.3300000429153442,1.3200000524520874,1.3200000524520874,136100,0.0,0.0
2024-01-08 09:00:00+08:00,1.3300000429153442,1.3300000429153442,1.3200000524520874,1.3300000429153442,218300,0.0,0.0
2024-01-08 10:00:00+08:00,1.3300000429153442,1.3300000429153442,1.3200000524520874,1.3200000524520874,30000,0.0,0.0
2024-01-08 11:00:00+08:00,1.3200000524520874,1.3300000429153442,1.3200000524520874,1.3200000524520874,37400,0.0,0.0
2024-01-08 12:00:00+08:00,1.3300000429153442,1.3300000429153442,1.3200000524520874,1.3200000524520874,700,0.0,0.0
2024-01-08 13:00:00+08:00,1.3200000524520874,1.3300000429153442,1.3200000524520874,1.3300000429153442,16700,0.0,0.0
2024-01-08 14:00:00+08:00,1.3300000429153442,1.3300000429153442,1.3200000524520874,1.3300000429153442,55700,0.0,0.0
2024-01-08 15:00:00+08:00,1.3300000429153442,1.3300000429153442,1.3200000524520874,1.3300000429153442,16200,0.0,0.0
2024-01-08 16:00:00+08:00,1.3300000429153442,1.3300000429153442,1.3200000524520874,1.3200000524520874,43600,0.0,0.0
2024-01-09 09:00:00+08:00,1.3300000429153442,1.3300000429153442,1.3200000524520874,1.3200000524520874,4700,0.0,0.0
2024-01-09 10:00:00+08:00,1.3200000524520874,1.3300000429153442,1.3200000524520874,1.3300000429153442,412200,0.0,0.0
2024-01-09 11:00:00+08:00,1.3300000429153442,1.3300000429153442,1.3200000524520874,1.3300000429153442,160200,0.0,0.0
2024-01-09 12:00:00+08:00,1.3300000429153442,1.3300000429153442,1.3300000429153442,1.3300000429153442,100,0.0,0.0
2024-01-09 13:00:00+08:00,1.3300000429153442,1.3300000429153442,1.3300000429153442,1.3300000429153442,19100,0.0,0.0
2024-01-09 14:00:00+08:00,1.3300000429153442,1.3300000429153442,1.3200000524520874,1.3300000429153442,65100,0.0,0.0
2024-01-09 15:00:00+08:00,1.3300000429153442,1.3300000429153442,1.3200000524520874,1.3300000429153442,214100,0.0,0.0
2024-01-09 16:00:00+08:00,1.3300000429153442,1.3300000429153442,1.3200000524520874,1.3300000429153442,83300,0.0,0.0
2024-01-10 09:00:00+08:00,1.3300000429153442,1.340000033378601,1.3200000524520874,1.340000033378601,57800,0.0,0.0
2024-01-10 10:00:00+08:00,1.340000033378601,1.340000033378601,1.3200000524520874,1.3300000429153442,234400,0.0,0.0
2024-01-10 11:00:00+08:00,1.3300000429153442,1.340000033378601,1.3300000429153442,1.340000033378601,17700,0.0,0.0
2024-01-10 12:00:00+08:00,1.340000033378601,1.340000033378601,1.3300000429153442,1.3300000429153442,16300,0.0,0.0
2024-01-10 13:00:00+08:00,1.3300000429153442,1.340000033378601,1.3300000429153442,1.340000033378601,9300,0.0,0.0
2024-01-10 14:00:00+08:00,1.340000033378601,1.340000033378601,1.3300000429153442,1.340000033378601,10800,0.0,0.0
2024-01-10 15:00:00+08:00,1.340000033378601,1.340000033378601,1.340000033378601,1.340000033378601,5600,0.0,0.0
2024-01-10 16:00:00+08:00,1.340000033378601,1.340000033378601,1.3300000429153442,1.340000033378601,29300,0.0,0.0
2024-01-11 09:00:00+08:00,1.340000033378601,1.340000033378601,1.3300000429153442,1.340000033378601,38600,0.0,0.0
2024-01-11 10:00:00+08:00,1.340000033378601,1.340000033378601,1.3300000429153442,1.3300000429153442,4500,0.0,0.0
2024-01-11 12:00:00+08:00,1.340000033378601,1.340000033378601,1.340000033378601,1.340000033378601,4100,0.0,0.0
2024-01-11 13:00:00+08:00,1.340000033378601,1.340000033378601,1.3300000429153442,1.3300000429153442,7900,0.0,0.0
2024-01-11 14:00:00+08:00,1.3300000429153442,1.340000033378601,1.3300000429153442,1.3300000429153442,24900,0.0,0.0
2024-01-11 15:00:00+08:00,1.3300000429153442,1.340000033378601,1.3300000429153442,1.3300000429153442,9200,0.0,0.0
2024-01-11 16:00:00+08:00,1.3300000429153442,1.340000033378601,1.3300000429153442,1.3300000429153442,53800,0.0,0.0
2024-01-12 09:00:00+08:00,1.340000033378601,1.350000023841858,1.3300000429153442,1.3300000429153442,81900,0.0,0.0
2024-01-12 10:00:00+08:00,1.3300000429153442,1.340000033378601,1.3300000429153442,1.340000033378601,1200,0.0,0.0
2024-01-12 11:00:00+08:00,1.340000033378601,1.340000033378601,1.3300000429153442,1.340000033378601,28700,0.0,0.0
2024-01-12 12:00:00+08:00,1.340000033378601,1.340000033378601,1.340000033378601,1.340000033378601,108900,0.0,0.0
2024-01-12 13:00:00+08:00,1.340000033378601,1.340000033378601,1.3300000429153442,1.340000033378601,43700,0.0,0.0
2024-01-12 14:00:00+08:00,1.340000033378601,1.340000033378601,1.3300000429153442,1.340000033378601,28800,0.0,0.0
2024-01-12 15:00:00+08:00,1.340000033378601,1.340000033378601,1.3300000429153442,1.340000033378601,29700,0.0,0.0
2024-01-12 16:00:00+08:00,1.340000033378601,1.340000033378601,1.3300000429153442,1.340000033378601,243700,0.0,0.0
2024-01-15 09:00:00+08:00,1.340000033378601,1.350000023841858,1.3300000429153442,1.3300000429153442,0,0.0,0.0
2024-01-15 10:00:00+08:00,1.3300000429153442,1.340000033378601,1.3300000429153442,1.340000033378601,12600,0.0,0.0
2024-01-15 11:00:00+08:00,1.340000033378601,1.340000033378601,1.3300000429153442,1.3300000429153442,59600,0.0,0.0
2024-01-15 12:00:00+08:00,1.340000033378601,1.340000033378601,1.340000033378601,1.340000033378601,700,0.0,0.0
2024-01-15 13:00:00+08:00,1.340000033378601,1.340000033378601,1.3300000429153442,1.340000033378601,4000,0.0,0.0
2024-01-15 14:00:00+08:00,1.340000033378601,1.340000033378601,1.3300000429153442,1.340000033378601,191400,0.0,0.0
2024-01-15 15:00:00+08:00,1.340000033378601,1.340000033378601,1.3300000429153442,1.3300000429153442,31600,0.0,0.0
2024-01-15 16:00:00+08:00,1.3300000429153442,1.340000033378601,1.3300000429153442,1.340000033378601,28300,0.0,0.0
2024-01-16 09:00:00+08:00,1.340000033378601,1.340000033378601,1.3300000429153442,1.340000033378601,10400,0.0,0.0
2024-01-16 10:00:00+08:00,1.340000033378601,1.340000033378601,1.3300000429153442,1.3300000429153442,27700,0.0,0.0
2024-01-16 11:00:00+08:00,1.3300000429153442,1.340000033378601,1.3300000429153442,1.3300000429153442,34200,0.0,0.0
2024-01-16 12:00:00+08:00,1.340000033378601,1.340000033378601,1.340000033378601,1.340000033378601,7100,0.0,0.0
2024-01-16 13:00:00+08:00,1.340000033378601,1.340000033378601,1.3300000429153442,1.3300000429153442,7900,0.0,0.0
2024-01-16 14:00:00+08:00,1.3300000429153442,1.340000033378601,1.3300000429153442,1.340000033378601,26900,0.0,0.0
2024-01-16 15:00:00+08:00,1.340000033378601,1.340000033378601,1.3300000429153442,1.3300000429153442,98800,0.0,0.0
2024-01-16 16:00:00+08:00,1.3300000429153442,1.340000033378601,1.3300000429153442,1.3300000429153442,286000,0.0,0.0
2024-01-17 09:00:00+08:00,1.340000033378601,1.340000033378601,1.3200000524520874,1.3300000429153442,156000,0.0,0.0
2024-01-17 10:00:00+08:00,1.3300000429153442,1.3300000429153442,1.3200000524520874,1.3300000429153442,28100,0.0,0.0
2024-01-17 11:00:00+08:00,1.3300000429153442,1.3300000429153442,1.3200000524520874,1.3300000429153442,17600,0.0,0.0
2024-01-17 12:00:00+08:00,1.3300000429153442,1.3300000429153442,1.3300000429153442,1.3300000429153442,1100,0.0,0.0
2024-01-17 13:00:00+08:00,1.3300000429153442,1.3300000429153442,1.3200000524520874,1.3200000524520874,9500,0.0,0.0
2024-01-17 14:00:00+08:00,1.3200000524520874,1.3300000429153442,1.3200000524520874,1.3300000429153442,77100,0.0,0.0
2024-01-17 15:00:00+08:00,1.3300000429153442,1.3300000429153442,1.3200000524520874,1.3300000429153442,25100,0.0,0.0
2024-01-17 16:00:00+08:00,1.3300000429153442,1.3300000429153442,1.3200000524520874,1.3300000429153442,29000,0.0,0.0
2024-01-18 12:00:00+08:00,1.3200000524520874,1.3200000524520874,1.3200000524520874,1.3200000524520874,15500,0.0,0.0
2024-01-18 13:00:00+08:00,1.3200000524520874,1.3300000429153442,1.3200000524520874,1.3300000429153442,214400,0.0,0.0
2024-01-18 14:00:00+08:00,1.3300000429153442,1.3300000429153442,1.309999942779541,1.3200000524520874,191400,0.0,0.0
2024-01-18 15:00:00+08:00,1.3200000524520874,1.3200000524520874,1.2899999618530273,1.309999942779541,661000,0.0,0.0
2024-01-18 16:00:00+08:00,1.309999942779541,1.3200000524520874,1.309999942779541,1.309999942779541,51700,0.0,0.0
2024-01-19 09:00:00+08:00,1.3200000524520874,1.3200000524520874,1.309999942779541,1.309999942779541,151000,0.0,0.0
2024-01-19 10:00:00+08:00,1.309999942779541,1.3200000524520874,1.309999942779541,1.309999942779541,1400,0.0,0.0
2024-01-19 11:00:00+08:00,1.309999942779541,1.3200000524520874,1.309999942779541,1.309999942779541,3000,0.0,0.0
2024-01-19 12:00:00+08:00,1.309999942779541,1.309999942779541,1.309999942779541,1.309999942779541,6800,0.0,0.0
2024-01-19 13:00:00+08:00,1.309999942779541,1.3200000524520874,1.309999942779541,1.3200000524520874,1200,0.0,0.0
2024-01-19 14:00:00+08:00,1.3200000524520874,1.3200000524520874,1.309999942779541,1.3200000524520874,1700,0.0,0.0
2024-01-19 15:00:00+08:00,1.3200000524520874,1.3200000524520874,1.309999942779541,1.309999942779541,16300,0.0,0.0
2024-01-19 16:00:00+08:00,1.309999942779541,1.3200000524520874,1.2999999523162842,1.2999999523162842,102100,0.0,0.0
2024-01-22 09:00:00+08:00,1.309999942779541,1.3200000524520874,1.309999942779541,1.309999942779541,102300,0.0,0.0
2024-01-22 10:00:00+08:00,1.2999999523162842,1.2999999523162842,1.2999999523162842,1.2999999523162842,15000,0.0,0.0
2024-01-22 11:00:00+08:00,1.2999999523162842,1.2999999523162842,1.2999999523162842,1.2999999523162842,19400,0.0,0.0
2024-01-22 12:00:00+08:00,1.309999942779541,1.309999942779541,1.309999942779541,1.309999942779541,500,0.0,0.0
2024-01-22 13:00:00+08:00,1.309999942779541,1.309999942779541,1.2999999523162842,1.309999942779541,77000,0.0,0.0
2024-01-22 14:00:00+08:00,1.309999942779541,1.309999942779541,1.2999999523162842,1.2999999523162842,77200,0.0,0.0
2024-01-22 15:00:00+08:00,1.2999999523162842,1.309999942779541,1.2999999523162842,1.2999999523162842,35800,0.0,0.0
2024-01-22 16:00:00+08:00,1.2999999523162842,1.309999942779541,1.2999999523162842,1.309999942779541,72500,0.0,0.0
2024-01-23 09:00:00+08:00,1.2999999523162842,1.2999999523162842,1.2999999523162842,1.2999999523162842,3700,0.0,0.0
2024-01-23 10:00:00+08:00,1.2999999523162842,1.309999942779541,1.2999999523162842,1.309999942779541,6800,0.0,0.0
2024-01-23 11:00:00+08:00,1.309999942779541,1.309999942779541,1.2999999523162842,1.2999999523162842,4800,0.0,0.0
2024-01-23 12:00:00+08:00,1.309999942779541,1.309999942779541,1.309999942779541,1.309999942779541,5700,0.0,0.0
2024-01-23 13:00:00+08:00,1.309999942779541,1.309999942779541,1.2999999523162842,1.309999942779541,2700,0.0,0.0
2024-01-23 14:00:00+08:00,1.309999942779541,1.309999942779541,1.2999999523162842,1.309999942779541,79800,0.0,0.0
2024-01-23 15:00:00+08:00,1.309999942779541,1.309999942779541,1.2999999523162842,1.2999999523162842,15300,0.0,0.0
2024-01-23 16:00:00+08:00,1.2999999523162842,1.309999942779541,1.2999999523162842,1.309999942779541,150600,0.0,0.0
2024-01-24 09:00:00+08:00,1.3200000524520874,1.3200000524520874,1.309999942779541,1.3200000524520874,175200,0.0,0.0
2024-01-24 10:00:00+08:00,1.3200000524520874,1.3200000524520874,1.309999942779541,1.309999942779541,85700,0.0,0.0
2024-01-24 11:00:00+08:00,1.309999942779541,1.3200000524520874,1.309999942779541,1.309999942779541,22100,0.0,0.0
2024-01-24 12:00:00+08:00,1.3200000524520874,1.3200000524520874,1.3200000524520874,1.3200000524520874,2900,0.0,0.0
2024-01-24 13:00:00+08:00,1.309999942779541,1.309999942779541,1.309999942779541,1.309999942779541,1500,0.0,0.0
2024-01-24 14:00:00+08:00,1.309999942779541,1.3200000524520874,1.309999942779541,1.309999942779541,15400,0.0,0.0
2024-01-24 15:00:00+08:00,1.309999942779541,1.3200000524520874,1.309999942779541,1.309999942779541,34500,0.0,0.0
2024-01-24 16:00:00+08:00,1.309999942779541,1.3200000524520874,1.309999942779541,1.309999942779541,63300,0.0,0.0
2024-01-25 09:00:00+08:00,1.3200000524520874,1.3200000524520874,1.309999942779541,1.309999942779541,17600,0.0,0.0
2024-01-25 10:00:00+08:00,1.309999942779541,1.3200000524520874,1.309999942779541,1.309999942779541,118100,0.0,0.0
2024-01-25 11:00:00+08:00,1.309999942779541,1.3200000524520874,1.309999942779541,1.309999942779541,18700,0.0,0.0
2024-01-25 12:00:00+08:00,1.309999942779541,1.309999942779541,1.309999942779541,1.309999942779541,10300,0.0,0.0
2024-01-25 13:00:00+08:00,1.309999942779541,1.3200000524520874,1.309999942779541,1.309999942779541,2600,0.0,0.0
2024-01-25 14:00:00+08:00,1.309999942779541,1.3200000524520874,1.309999942779541,1.309999942779541,25600,0.0,0.0
2024-01-25 15:00:00+08:00,1.309999942779541,1.3200000524520874,1.2999999523162842,1.2999999523162842,634200,0.0,0.0
2024-01-25 16:00:00+08:00,1.2999999523162842,1.3200000524520874,1.2999999523162842,1.309999942779541,187000,0.0,0.0
2024-01-26 09:00:00+08:00,1.2999999523162842,1.309999942779541,1.2999999523162842,1.2999999523162842,127000,0.0,0.0
2024-01-26 10:00:00+08:00,1.2999999523162842,1.309999942779541,1.2999999523162842,1.2999999523162842,284600,0.0,0.0
2024-01-26 11:00:00+08:00,1.2999999523162842,1.309999942779541,1.2899999618530273,1.2999999523162842,474600,0.0,0.0
2024-01-26 12:00:00+08:00,1.2999999523162842,1.2999999523162842,1.2999999523162842,1.2999999523162842,11000,0.0,0.0
2024-01-26 13:00:00+08:00,1.2999999523162842,1.309999942779541,1.2999999523162842,1.309999942779541,24400,0.0,0.0
2024-01-26 14:00:00+08:00,1.309999942779541,1.309999942779541,1.2999999523162842,1.309999942779541,36800,0.0,0.0
2024-01-26 15:00:00+08:00,1.309999942779541,1.309999942779541,1.2999999523162842,1.2999999523162842,51300,0.0,0.0
2024-01-26 16:00:00+08:00,1.2999999523162842,1.309999942779541,1.2999999523162842,1.2999999523162842,128300,0.0,0.0
2024-01-29 09:00:00+08:00,1.2999999523162842,1.2999999523162842,1.2899999618530273,1.2899999618530273,424800,0.0,0.0
2024-01-29 10:00:00+08:00,1.2899999618530273,1.309999942779541,1.2899999618530273,1.2999999523162842,336200,0.0,0.0
2024-01-29 11:00:00+08:00,1.2999999523162842,1.2999999523162842,1.2899999618530273,1.2899999618530273,83600,0.0,0.0
2024-01-29 12:00:00+08:00,1.2899999618530273,1.2899999618530273,1.2899999618530273,1.2899999618530273,9400,0.0,0.0
2024-01-29 13:00:00+08:00,1.2899999618530273,1.2999999523162842,1.2899999618530273,1.2899999618530273,34800,0.0,0.0
2024-01-29 14:00:00+08:00,1.2899999618530273,1.2999999523162842,1.2899999618530273,1.2899999618530273,40300,0.0,0.0
2024-01-29 15:00:00+08:00,1.2899999618530273,1.2899999618530273,1.2899999618530273,1.2899999618530273,130300,0.0,0.0
2024-01-29 16:00:00+08:00,1.2899999618530273,1.2999999523162842,1.2799999713897705,1.2799999713897705,216400,0.0,0.0
2024-01-30 09:00:00+08:00,1.2799999713897705,1.2999999523162842,1.2799999713897705,1.2799999713897705,186900,0.0,0.0
2024-01-30 10:00:00+08:00,1.2799999713897705,1.2999999523162842,1.2799999713897705,1.2899999618530273,53700,0.0,0.0
2024-01-30 11:00:00+08:00,1.2999999523162842,1.2999999523162842,1.2899999618530273,1.2899999618530273,20500,0.0,0.0
2024-01-30 12:00:00+08:00,1.2899999618530273,1.2899999618530273,1.2899999618530273,1.2899999618530273,25700,0.0,0.0
2024-01-30 13:00:00+08:00,1.2899999618530273,1.2999999523162842,1.2899999618530273,1.2899999618530273,11400,0.0,0.0
2024-01-30 14:00:00+08:00,1.2899999618530273,1.2999999523162842,1.2899999618530273,1.2899999618530273,26500,0.0,0.0
2024-01-30 15:00:00+08:00,1.2899999618530273,1.2999999523162842,1.2899999618530273,1.2899999618530273,54700,0.0,0.0
2024-01-30 16:00:00+08:00,1.2899999618530273,1.2999999523162842,1.2899999618530273,1.2899999618530273,152800,0.0,0.0
2024-01-31 09:00:00+08:00,1.2999999523162842,1.309999942779541,1.2899999618530273,1.2999999523162842,223500,0.0,0.0
2024-01-31 10:00:00+08:00,1.2999999523162842,1.309999942779541,1.2899999618530273,1.2999999523162842,199800,0.0,0.0
2024-01-31 11:00:00+08:00,1.2999999523162842,1.309999942779541,1.2999999523162842,1.309999942779541,142700,0.0,0.0
2024-01-31 12:00:00+08:00,1.2999999523162842,1.2999999523162842,1.2999999523162842,1.2999999523162842,2900,0.0,0.0
2024-01-31 13:00:00+08:00,1.2999999523162842,1.2999999523162842,1.2999999523162842,1.2999999523162842,17400,0.0,0.0
2024-01-31 14:00:00+08:00,1.2999999523162842,1.309999942779541,1.2999999523162842,1.309999942779541,22900,0.0,0.0
2024-01-31 15:00:00+08:00,1.309999942779541,1.309999942779541,1.2999999523162842,1.309999942779541,164700,0.0,0.0
2024-01-31 16:00:00+08:00,1.309999942779541,1.309999942779541,1.2999999523162842,1.309999942779541,37600,0.0,0.0
2024-02-01 09:00:00+08:00,1.309999942779541,1.309999942779541,1.2799999713897705,1.2999999523162842,435300,0.0,0.0
2024-02-01 10:00:00+08:00,1.2999999523162842,1.2999999523162842,1.2899999618530273,1.2899999618530273,79700,0.0,0.0
2024-02-01 11:00:00+08:00,1.2899999618530273,1.2999999523162842,1.2899999618530273,1.2899999618530273,48000,0.0,0.0
2024-02-01 12:00:00+08:00,1.2899999618530273,1.2999999523162842,1.2899999618530273,1.2999999523162842,11800,0.0,0.0
2024-02-01 13:00:00+08:00,1.2999999523162842,1.2999999523162842,1.2899999618530273,1.2999999523162842,9300,0.0,0.0
2024-02-01 14:00:00+08:00,1.2999999523162842,1.2999999523162842,1.2899999618530273,1.2899999618530273,14600,0.0,0.0
2024-02-01 15:00:00+08:00,1.2899999618530273,1.2999999523162842,1.2899999618530273,1.2999999523162842,91800,0.0,0.0
2024-02-01 16:00:00+08:00,1.2999999523162842,1.2999999523162842,1.2899999618530273,1.2899999618530273,265700,0.0,0.0
2024-02-02 09:00:00+08:00,1.2999999523162842,1.309999942779541,1.2999999523162842,1.2999999523162842,249400,0.0,0.0
2024-02-02 10:00:00+08:00,1.2999999523162842,1.3200000524520874,1.2999999523162842,1.309999942779541,86900,0.0,0.0
2024-02-02 11:00:00+08:00,1.309999942779541,1.309999942779541,1.2999999523162842,1.2999999523162842,42800,0.0,0.0
2024-02-02 12:00:00+08:00,1.2999999523162842,1.2999999523162842,1.2999999523162842,1.2999999523162842,2500,0.0,0.0
2024-02-02 13:00:00+08:00,1.2999999523162842,1.309999942779541,1.2999999523162842,1.309999942779541,23900,0.0,0.0
2024-02-02 14:00:00+08:00,1.309999942779541,1.309999942779541,1.2999999523162842,1.2999999523162842,17400,0.0,0.0
2024-02-02 15:00:00+08:00,1.2999999523162842,1.309999942779541,1.2999999523162842,1.309999942779541,20700,0.0,0.0
2024-02-02 16:00:00+08:00,1.309999942779541,1.309999942779541,1.2999999523162842,1.2999999523162842,229500,0.0,0.0
2024-02-05 09:00:00+08:00,1.2999999523162842,1.309999942779541,1.2899999618530273,1.2899999618530273,409400,0.0,0.0
2024-02-05 10:00:00+08:00,1.2899999618530273,1.2999999523162842,1.2899999618530273,1.2999999523162842,28200,0.0,0.0
2024-02-05 11:00:00+08:00,1.2999999523162842,1.2999999523162842,1.2899999618530273,1.2999999523162842,68200,0.0,0.0
2024-02-05 12:00:00+08:00,1.2999999523162842,1.2999999523162842,1.2999999523162842,1.2999999523162842,2800,0.0,0.0
2024-02-05 13:00:00+08:00,1.2999999523162842,1.2999999523162842,1.2899999618530273,1.2899999618530273,20500,0.0,0.0
2024-02-05 14:00:00+08:00,1.2899999618530273,1.2999999523162842,1.2899999618530273,1.2999999523162842,24500,0.0,0.0
2024-02-05 15:00:00+08:00,1.2999999523162842,1.2999999523162842,1.2899999618530273,1.2899999618530273,28000,0.0,0.0
2024-02-05 16:00:00+08:00,1.2899999618530273,1.2999999523162842,1.2899999618530273,1.2899999618530273,94200,0.0,0.0
2024-02-06 09:00:00+08:00,1.2899999618530273,1.2999999523162842,1.2899999618530273,1.2999999523162842,375200,0.0,0.0
2024-02-06 10:00:00+08:00,1.2999999523162842,1.2999999523162842,1.2899999618530273,1.2999999523162842,47200,0.0,0.0
2024-02-06 11:00:00+08:00,1.2999999523162842,1.2999999523162842,1.2899999618530273,1.2899999618530273,25700,0.0,0.0
2024-02-06 12:00:00+08:00,1.2899999618530273,1.2899999618530273,1.2899999618530273,1.2899999618530273,26900,0.0,0.0
2024-02-06 13:00:00+08:00,1.2899999618530273,1.2999999523162842,1.2899999618530273,1.2999999523162842,84500,0.0,0.0
2024-02-06 14:00:00+08:00,1.2999999523162842,1.2999999523162842,1.2899999618530273,1.2999999523162842,640900,0.0,0.0
2024-02-06 15:00:00+08:00,1.2999999523162842,1.2999999523162842,1.2899999618530273,1.2899999618530273,97900,0.0,0.0
2024-02-06 16:00:00+08:00,1.2899999618530273,1.2999999523162842,1.2899999618530273,1.2899999618530273,113200,0.0,0.0
2024-02-07 09:00:00+08:00,1.2999999523162842,1.2999999523162842,1.2899999618530273,1.2899999618530273,105600,0.0,0.0
2024-02-07 10:00:00+08:00,1.2899999618530273,1.2999999523162842,1.2899999618530273,1.2899999618530273,18200,0.0,0.0
2024-02-07 11:00:00+08:00,1.2899999618530273,1.2999999523162842,1.2899999618530273,1.2899999618530273,157000,0.0,0.0
2024-02-07 12:00:00+08:00,1.2999999523162842,1.2999999523162842,1.2899999618530273,1.2899999618530273,3100,0.0,0.0
2024-02-07 13:00:00+08:00,1.2899999618530273,1.2999999523162842,1.2899999618530273,1.2899999618530273,167900,0.0,0.0
2024-02-07 14:00:00+08:00,1.2899999618530273,1.2999999523162842,1.2899999618530273,1.2899999618530273,55200,0.0,0.0
2024-02-07 15:00:00+08:00,1.2899999618530273,1.2999999523162842,1.2899999618530273,1.2899999618530273,125400,0.0,0.0
2024-02-07 16:00:00+08:00,1.2899999618530273,1.2999999523162842,1.2799999713897705,1.2799999713897705,510400,0.0,0.0
2024-02-08 09:00:00+08:00,1.2699999809265137,1.2699999809265137,1.2599999904632568,1.2599999904632568,254600,0.0,0.0
2024-02-08 10:00:00+08:00,1.2599999904632568,1.2799999713897705,1.2599999904632568,1.2699999809265137,144400,0.0,0.0
2024-02-08 11:00:00+08:00,1.2699999809265137,1.2699999809265137,1.2599999904632568,1.2599999904632568,26500,0.0,0.0
2024-02-08 12:00:00+08:00,1.2599999904632568,1.2699999809265137,1.2599999904632568,1.2699999809265137,200,0.0,0.0
2024-02-08 13:00:00+08:00,1.2699999809265137,1.2699999809265137,1.2699999809265137,1.2699999809265137,77800,0.0,0.0
2024-02-08 14:00:00+08:00,1.2699999809265137,1.2799999713897705,1.2599999904632568,1.2699999809265137,18400,0.0,0.0
2024-02-08 15:00:00+08:00,1.2699999809265137,1.2799999713897705,1.2699999809265137,1.2699999809265137,105100,0.0,0.0
2024-02-08 16:00:00+08:00,1.2699999809265137,1.2799999713897705,1.2599999904632568,1.2699999809265137,142100,0.0,0.0
2024-02-09 09:00:00+08:00,1.2599999904632568,1.2699999809265137,1.2599999904632568,1.2599999904632568,272800,0.0,0.0
2024-02-09 10:00:00+08:00,1.2599999904632568,1.2699999809265137,1.2599999904632568,1.2599999904632568,19500,0.0,0.0
2024-02-09 11:00:00+08:00,1.2599999904632568,1.2699999809265137,1.2599999904632568,1.2599999904632568,13000,0.0,0.0
2024-02-13 09:00:00+08:00,1.2699999809265137,1.2799999713897705,1.2699999809265137,1.2799999713897705,66800,0.0,0.0
2024-02-13 10:00:00+08:00,1.2799999713897705,1.2799999713897705,1.2699999809265137,1.2699999809265137,63300,0.0,0.0
2024-02-13 11:00:00+08:00,1.2699999809265137,1.2799999713897705,1.25,1.2699999809265137,391000,0.0,0.0
2024-02-13 12:00:00+08:00,1.2699999809265137,1.2699999809265137,1.2599999904632568,1.2599999904632568,8000,0.0,0.0
2024-02-13 13:00:00+08:00,1.2599999904632568,1.2699999809265137,1.2599999904632568,1.2599999904632568,42800,0.0,0.0
2024-02-13 14:00:00+08:00,1.2599999904632568,1.2699999809265137,1.2599999904632568,1.2599999904632568,3600,0.0,0.0
2024-02-13 15:00:00+08:00,1.2599999904632568,1.2699999809265137,1.2599999904632568,1.2699999809265137,37200,0.0,0.0
2024-02-13 16:00:00+08:00,1.2699999809265137,1.2699999809265137,1.2599999904632568,1.2599999904632568,485500,0.0,0.0
2024-02-14 09:00:00+08:00,1.2599999904632568,1.2599999904632568,1.25,1.25,661400,0.0,0.0
2024-02-14 10:00:00+08:00,1.25,1.2599999904632568,1.25,1.2599999904632568,233600,0.0,0.0
2024-02-14 11:00:00+08:00,1.2599999904632568,1.2699999809265137,1.2599999904632568,1.2699999809265137,123800,0.0,0.0
2024-02-14 12:00:00+08:00,1.2599999904632568,1.2599999904632568,1.2599999904632568,1.2599999904632568,3100,0.0,0.0
2024-02-14 13:00:00+08:00,1.2599999904632568,1.2699999809265137,1.2599999904632568,1.2699999809265137,173800,0.0,0.0
2024-02-14 14:00:00+08:00,1.2599999904632568,1.2699999809265137,1.2599999904632568,1.2599999904632568,44200,0.0,0.0
2024-02-14 15:00:00+08:00,1.2599999904632568,1.2699999809265137,1.2599999904632568,1.2699999809265137,65300,0.0,0.0
2024-02-14 16:00:00+08:00,1.2699999809265137,1.2699999809265137,1.2599999904632568,1.2699999809265137,292900,0.0,0.0
2024-02-15 09:00:00+08:00,1.2599999904632568,1.2599999904632568,1.25,1.2599999904632568,105700,0.0,0.0
2024-02-15 10:00:00+08:00,1.2599999904632568,1.2699999809265137,1.2599999904632568,1.2699999809265137,103800,0.0,0.0
2024-02-15 12:00:00+08:00,1.2599999904632568,1.2699999809265137,1.2599999904632568,1.2699999809265137,4000,0.0,0.0
2024-02-15 13:00:00+08:00,1.2699999809265137,1.2699999809265137,1.25,1.2599999904632568,49600,0.0,0.0
2024-02-15 14:00:00+08:00,1.2599999904632568,1.2699999809265137,1.25,1.2599999904632568,116700,0.0,0.0
2024-02-15 15:00:00+08:00,1.2599999904632568,1.2599999904632568,1.2599999904632568,1.2599999904632568,1600,0.0,0.0
2024-02-15 16:00:00+08:00,1.2599999904632568,1.2799999713897705,1.2599999904632568,1.2699999809265137,403000,0.0,0.0
2024-02-16 09:00:00+08:00,1.2699999809265137,1.2799999713897705,1.2599999904632568,1.2599999904632568,291600,0.0,0.0
2024-02-16 10:00:00+08:00,1.2599999904632568,1.2899999618530273,1.2599999904632568,1.2799999713897705,908500,0.0,0.0
2024-02-16 11:00:00+08:00,1.2799999713897705,1.2899999618530273,1.2699999809265137,1.2899999618530273,538700,0.0,0.0
2024-02-16 12:00:00+08:00,1.2899999618530273,1.2899999618530273,1.2799999713897705,1.2799999713897705,300,0.0,0.0
2024-02-16 13:00:00+08:00,1.2799999713897705,1.2999999523162842,1.2699999809265137,1.2899999618530273,679400,0.0,0.0
2024-02-16 14:00:00+08:00,1.2899999618530273,1.2899999618530273,1.2799999713897705,1.2899999618530273,299700,0.0,0.0
2024-02-16 15:00:00+08:00,1.2899999618530273,1.2899999618530273,1.2799999713897705,1.2899999618530273,210600,0.0,0.0
2024-02-16 16:00:00+08:00,1.2899999618530273,1.2899999618530273,1.2699999809265137,1.2799999713897705,363700,0.0,0.0
2024-02-19 09:00:00+08:00,1.2699999809265137,1.2799999713897705,1.2599999904632568,1.2599999904632568,174800,0.0,0.0
2024-02-19 10:00:00+08:00,1.2599999904632568,1.2799999713897705,1.2599999904632568,1.2799999713897705,78300,0.0,0.0
2024-02-19 11:00:00+08:00,1.2799999713897705,1.2999999523162842,1.2699999809265137,1.2899999618530273,579500,0.0,0.0
2024-02-19 12:00:00+08:00,1.2799999713897705,1.2799999713897705,1.2799999713897705,1.2799999713897705,10700,0.0,0.0
2024-02-19 13:00:00+08:00,1.2799999713897705,1.2999999523162842,1.2799999713897705,1.2999999523162842,398300,0.0,0.0
2024-02-19 14:00:00+08:00,1.2999999523162842,1.2999999523162842,1.2799999713897705,1.2999999523162842,259200,0.0,0.0
2024-02-19 15:00:00+08:00,1.2999999523162842,1.2999999523162842,1.2799999713897705,1.2899999618530273,271600,0.0,0.0
2024-02-19 16:00:00+08:00,1.2899999618530273,1.2899999618530273,1.2799999713897705,1.2799999713897705,43600,0.0,0.0
2024-02-20 09:00:00+08:00,1.2799999713897705,1.2799999713897705,1.2799999713897705,1.2799999713897705,39200,0.0,0.0
2024-02-20 10:00:00+08:00,1.2799999713897705,1.2799999713897705,1.2699999809265137,1.2799999713897705,123900,0.0,0.0
2024-02-20 11:00:00+08:00,1.2799999713897705,1.2799999713897705,1.2699999809265137,1.2799999713897705,111600,0.0,0.0
2024-02-20 12:00:00+08:00,1.2799999713897705,1.2799999713897705,1.2799999713897705,1.2799999713897705,700,0.0,0.0
2024-02-20 13:00:00+08:00,1.2799999713897705,1.2799999713897705,1.2799999713897705,1.2799999713897705,800,0.0,0.0
2024-02-20 14:00:00+08:00,1.2799999713897705,1.2999999523162842,1.2799999713897705,1.2999999523162842,572800,0.0,0.0
2024-02-20 15:00:00+08:00,1.2999999523162842,1.2999999523162842,1.2899999618530273,1.2899999618530273,57400,0.0,0.0
2024-02-20 16:00:00+08:00,1.2899999618530273,1.2899999618530273,1.2799999713897705,1.2799999713897705,165000,0.0,0.0
2024-02-21 09:00:00+08:00,1.2899999618530273,1.2899999618530273,1.2899999618530273,1.2899999618530273,300,0.0,0.0
2024-02-21 10:00:00+08:00,1.2899999618530273,1.2899999618530273,1.2799999713897705,1.2799999713897705,80000,0.0,0.0
2024-02-21 11:00:00+08:00,1.2799999713897705,1.2899999618530273,1.2799999713897705,1.2799999713897705,12300,0.0,0.0
2024-02-21 12:00:00+08:00,1.2899999618530273,1.2899999618530273,1.2899999618530273,1.2899999618530273,1500,0.0,0.0
2024-02-21 13:00:00+08:00,1.2899999618530273,1.2899999618530273,1.2799999713897705,1.2799999713897705,11600,0.0,0.0
2024-02-21 14:00:00+08:00,1.2799999713897705,1.2799999713897705,1.2799999713897705,1.2799999713897705,300,0.0,0.0
2024-02-21 15:00:00+08:00,1.2799999713897705,1.2899999618530273,1.2799999713897705,1.2899999618530273,23900,0.0,0.0
2024-02-21 16:00:00+08:00,1.2899999618530273,1.2899999618530273,1.2799999713897705,1.2899999618530273,92200,0.0,0.0
2024-02-22 09:00:00+08:00,1.2899999618530273,1.3200000524520874,1.2799999713897705,1.309999942779541,1801900,0.0,0.0
2024-02-22 10:00:00+08:00,1.309999942779541,1.309999942779541,1.2899999618530273,1.2899999618530273,225800,0.0,0.0
2024-02-22 11:00:00+08:00,1.2899999618530273,1.2999999523162842,1.2899999618530273,1.2899999618530273,107400,0.0,0.0
2024-02-22 12:00:00+08:00,1.2899999618530273,1.2999999523162842,1.2899999618530273,1.2999999523162842,10300,0.0,0.0
2024-02-22 13:00:00+08:00,1.2999999523162842,1.2999999523162842,1.2899999618530273,1.2899999618530273,10800,0.0,0.0
2024-02-22 14:00:00+08:00,1.2899999618530273,1.2999999523162842,1.2899999618530273,1.2899999618530273,30800,0.0,0.0
2024-02-22 15:00:00+08:00,1.2899999618530273,1.2999999523162842,1.2899999618530273,1.2899999618530273,80700,0.0,0.0
2024-02-22 16:00:00+08:00,1.2899999618530273,1.2999999523162842,1.2799999713897705,1.2899999618530273,827400,0.0,0.0
2024-02-23 09:00:00+08:00,1.2899999618530273,1.2899999618530273,1.2899999618530273,1.2899999618530273,208900,0.0,0.0
2024-02-23 10:00:00+08:00,1.2899999618530273,1.2899999618530273,1.2799999713897705,1.2799999713897705,26700,0.0,0.0
2024-02-23 11:00:00+08:00,1.2799999713897705,1.2799999713897705,1.2799999713897705,1.2799999713897705,300,0.0,0.0
2024-02-23 12:00:00+08:00,1.2799999713897705,1.2899999618530273,1.2799999713897705,1.2899999618530273,700,0.0,0.0
2024-02-23 13:00:00+08:00,1.2899999618530273,1.2899999618530273,1.2899999618530273,1.2899999618530273,10300,0.0,0.0
2024-02-23 14:00:00+08:00,1.2899999618530273,1.2899999618530273,1.2899999618530273,1.2899999618530273,138300,0.0,0.0
2024-02-23 15:00:00+08:00,1.2899999618530273,1.2899999618530273,1.2899999618530273,1.2899999618530273,40300,0.0,0.0
2024-02-23 16:00:00+08:00,1.2899999618530273,1.2899999618530273,1.2799999713897705,1.2799999713897705,49700,0.0,0.0
2024-02-26 09:00:00+08:00,1.2799999713897705,1.2799999713897705,1.2599999904632568,1.2699999809265137,503300,0.0,0.0
2024-02-26 10:00:00+08:00,1.2699999809265137,1.2699999809265137,1.25,1.2599999904632568,591100,0.0,0.0
2024-02-26 11:00:00+08:00,1.2599999904632568,1.2699999809265137,1.2599999904632568,1.2599999904632568,310800,0.0,0.0
2024-02-26 12:00:00+08:00,1.2599999904632568,1.2599999904632568,1.2599999904632568,1.2599999904632568,1900,0.0,0.0
2024-02-26 13:00:00+08:00,1.2599999904632568,1.2699999809265137,1.2599999904632568,1.2599999904632568,47400,0.0,0.0
2024-02-26 14:00:00+08:00,1.2599999904632568,1.2699999809265137,1.2599999904632568,1.2699999809265137,11500,0.0,0.0
2024-02-26 15:00:00+08:00,1.2699999809265137,1.2699999809265137,1.2599999904632568,1.2699999809265137,37100,0.0,0.0
2024-02-26 16:00:00+08:00,1.2699999809265137,1.2699999809265137,1.2599999904632568,1.2599999904632568,143100,0.0,0.0
2024-02-27 09:00:00+08:00,1.2699999809265137,1.2699999809265137,1.2599999904632568,1.2599999904632568,20000,0.0,0.0
2024-02-27 10:00:00+08:00,1.2599999904632568,1.2699999809265137,1.2599999904632568,1.2599999904632568,264400,0.0,0.0
2024-02-27 11:00:00+08:00,1.2599999904632568,1.2699999809265137,1.2599999904632568,1.2599999904632568,23900,0.0,0.0
2024-02-27 12:00:00+08:00,1.2699999809265137,1.2699999809265137,1.2599999904632568,1.2599999904632568,300,0.0,0.0
2024-02-27 13:00:00+08:00,1.2599999904632568,1.2599999904632568,1.2599999904632568,1.2599999904632568,8000,0.0,0.0
2024-02-27 14:00:00+08:00,1.2599999904632568,1.2699999809265137,1.2599999904632568,1.2599999904632568,30000,0.0,0.0
2024-02-27 15:00:00+08:00,1.2599999904632568,1.2799999713897705,1.2599999904632568,1.2699999809265137,94800,0.0,0.0
2024-02-27 16:00:00+08:00,1.2699999809265137,1.2699999809265137,1.2599999904632568,1.2599999904632568,39400,0.0,0.0
2024-02-28 09:00:00+08:00,1.2699999809265137,1.2799999713897705,1.2599999904632568,1.2599999904632568,106400,0.0,0.0
2024-02-28 10:00:00+08:00,1.2599999904632568,1.2699999809265137,1.2599999904632568,1.2599999904632568,18000,0.0,0.0
2024-02-28 11:00:00+08:00,1.2599999904632568,1.2699999809265137,1.2599999904632568,1.2599999904632568,207300,0.0,0.0
2024-02-28 12:00:00+08:00,1.2699999809265137,1.2699999809265137,1.2699999809265137,1.2699999809265137,11300,0.0,0.0
2024-02-28 13:00:00+08:00,1.2699999809265137,1.2699999809265137,1.2599999904632568,1.2599999904632568,16800,0.0,0.0
2024-02-28 14:00:00+08:00,1.2599999904632568,1.2699999809265137,1.2599999904632568,1.2699999809265137,8200,0.0,0.0
2024-02-28 15:00:00+08:00,1.2699999809265137,1.2699999809265137,1.2599999904632568,1.2699999809265137,20700,0.0,0.0
2024-02-28 16:00:00+08:00,1.2699999809265137,1.2699999809265137,1.2599999904632568,1.2699999809265137,161600,0.0,0.0
2024-02-29 09:00:00+08:00,1.2599999904632568,1.2699999809265137,1.25,1.2599999904632568,154300,0.0,0.0
2024-02-29 10:00:00+08:00,1.2599999904632568,1.2599999904632568,1.25,1.25,163400,0.0,0.0
2024-02-29 11:00:00+08:00,1.25,1.2599999904632568,1.25,1.2599999904632568,18700,0.0,0.0
2024-02-29 12:00:00+08:00,1.2599999904632568,1.2599999904632568,1.25,1.25,5200,0.0,0.0
2024-02-29 13:00:00+08:00,1.25,1.2699999809265137,1.25,1.25,44500,0.0,0.0
2024-02-29 14:00:00+08:00,1.25,1.2699999809265137,1.25,1.25,73000,0.0,0.0
2024-02-29 15:00:00+08:00,1.25,1.2599999904632568,1.25,1.25,39100,0.0,0.0
2024-02-29 16:00:00+08:00,1.25,1.2599999904632568,1.25,1.25,133500,0.0,0.0
2024-03-01 09:00:00+08:00,1.2599999904632568,1.2599999904632568,1.2400000095367432,1.2400000095367432,435100,0.0,0.0
2024-03-01 10:00:00+08:00,1.2400000095367432,1.2599999904632568,1.2400000095367432,1.25,244600,0.0,0.0
2024-03-01 11:00:00+08:00,1.25,1.25,1.25,1.25,38200,0.0,0.0
2024-03-01 12:00:00+08:00,1.25,1.2599999904632568,1.25,1.2599999904632568,10400,0.0,0.0
2024-03-01 13:00:00+08:00,1.2599999904632568,1.2599999904632568,1.25,1.25,45900,0.0,0.0
2024-03-01 14:00:00+08:00,1.25,1.2599999904632568,1.25,1.25,22200,0.0,0.0
2024-03-01 15:00:00+08:00,1.25,1.2599999904632568,1.25,1.25,18100,0.0,0.0
2024-03-01 16:00:00+08:00,1.25,1.2599999904632568,1.25,1.25,53600,0.0,0.0
2024-03-04 09:00:00+08:00,1.25,1.25,1.2400000095367432,1.25,195400,0.0,0.0
2024-03-04 10:00:00+08:00,1.25,1.25,1.2400000095367432,1.25,13700,0.0,0.0
2024-03-04 11:00:00+08:00,1.25,1.25,1.2400000095367432,1.2400000095367432,69500,0.0,0.0
2024-03-04 12:00:00+08:00,1.25,1.25,1.25,1.25,4000,0.0,0.0
2024-03-04 13:00:00+08:00,1.25,1.25,1.2400000095367432,1.25,212400,0.0,0.0
2024-03-04 14:00:00+08:00,1.25,1.25,1.2400000095367432,1.2400000095367432,29500,0.0,0.0
2024-03-04 15:00:00+08:00,1.2400000095367432,1.25,1.2400000095367432,1.2400000095367432,19000,0.0,0.0
2024-03-04 16:00:00+08:00,1.2400000095367432,1.25,1.2400000095367432,1.2400000095367432,36800,0.0,0.0
2024-03-05 09:00:00+08:00,1.25,1.2599999904632568,1.2400000095367432,1.2400000095367432,16100,0.0,0.0
2024-03-05 10:00:00+08:00,1.2400000095367432,1.25,1.2400000095367432,1.2400000095367432,8400,0.0,0.0
2024-03-05 11:00:00+08:00,1.2400000095367432,1.25,1.2400000095367432,1.2400000095367432,20500,0.0,0.0
2024-03-05 12:00:00+08:00,1.2400000095367432,1.2400000095367432,1.2400000095367432,1.2400000095367432,14200,0.0,0.0
2024-03-05 13:00:00+08:00,1.2400000095367432,1.2400000095367432,1.2300000190734863,1.2400000095367432,513600,0.0,0.0
2024-03-05 14:00:00+08:00,1.2400000095367432,1.2400000095367432,1.2300000190734863,1.2400000095367432,82100,0.0,0.0
2024-03-05 15:00:00+08:00,1.2400000095367432,1.2400000095367432,1.2300000190734863,1.2400000095367432,38000,0.0,0.0
2024-03-05 16:00:00+08:00,1.2400000095367432,1.2400000095367432,1.2300000190734863,1.2300000190734863,11900,0.0,0.0
2024-03-06 09:00:00+08:00,1.2400000095367432,1.25,1.2400000095367432,1.25,107900,0.0,0.0
2024-03-06 10:00:00+08:00,1.25,1.25,1.2400000095367432,1.25,51900,0.0,0.0
2024-03-06 11:00:00+08:00,1.25,1.25,1.2400000095367432,1.2400000095367432,5000,0.0,0.0
2024-03-06 12:00:00+08:00,1.2400000095367432,1.25,1.2400000095367432,1.25,800,0.0,0.0
2024-03-06 13:00:00+08:00,1.25,1.25,1.2400000095367432,1.25,13000,0.0,0.0
2024-03-06 14:00:00+08:00,1.25,1.25,1.2400000095367432,1.2400000095367432,0,0.0,0.0
2024-03-06 15:00:00+08:00,1.2400000095367432,1.25,1.2400000095367432,1.2400000095367432,216200,0.0,0.0
2024-03-06 16:00:00+08:00,1.2400000095367432,1.25,1.2400000095367432,1.2400000095367432,25900,0.0,0.0
2024-03-07 09:00:00+08:00,1.25,1.25,1.2400000095367432,1.2400000095367432,600,0.0,0.0
2024-03-07 10:00:00+08:00,1.2400000095367432,1.25,1.2400000095367432,1.25,4100,0.0,0.0
2024-03-07 11:00:00+08:00,1.25,1.25,1.2400000095367432,1.2400000095367432,4200,0.0,0.0
2024-03-07 12:00:00+08:00,1.2400000095367432,1.2400000095367432,1.2400000095367432,1.2400000095367432,1700,0.0,0.0
2024-03-07 13:00:00+08:00,1.2400000095367432,1.25,1.2400000095367432,1.25,81700,0.0,0.0
2024-03-07 14:00:00+08:00,1.25,1.25,1.2400000095367432,1.25,9100,0.0,0.0
2024-03-07 15:00:00+08:00,1.25,1.25,1.2400000095367432,1.2400000095367432,32700,0.0,0.0
2024-03-07 16:00:00+08:00,1.2400000095367432,1.25,1.2400000095367432,1.2400000095367432,72700,0.0,0.0
2024-03-08 09:00:00+08:00,1.25,1.25,1.2400000095367432,1.25,37000,0.0,0.0
2024-03-08 10:00:00+08:00,1.25,1.25,1.2400000095367432,1.25,37500,0.0,0.0
2024-03-08 11:00:00+08:00,1.25,1.2599999904632568,1.2400000095367432,1.25,1074200,0.0,0.0
2024-03-08 12:00:00+08:00,1.2599999904632568,1.2599999904632568,1.25,1.25,900,0.0,0.0
2024-03-08 13:00:00+08:00,1.25,1.25,1.2400000095367432,1.25,322700,0.0,0.0
2024-03-08 14:00:00+08:00,1.25,1.2599999904632568,1.25,1.2599999904632568,146800,0.0,0.0
2024-03-08 15:00:00+08:00,1.2599999904632568,1.2599999904632568,1.25,1.25,19100,0.0,0.0
2024-03-08 16:00:00+08:00,1.25,1.2599999904632568,1.2400000095367432,1.2400000095367432,479000,0.0,0.0
2024-03-11 09:00:00+08:00,1.25,1.2599999904632568,1.25,1.2599999904632568,10700,0.0,0.0
2024-03-11 10:00:00+08:00,1.2599999904632568,1.2599999904632568,1.2599999904632568,1.2599999904632568,200,0.0,0.0
2024-03-11 12:00:00+08:00,1.25,1.2599999904632568,1.25,1.2599999904632568,1600,0.0,0.0
2024-03-11 15:00:00+08:00,1.2599999904632568,1.2599999904632568,1.2599999904632568,1.2599999904632568,2500,0.0,0.0
2024-03-11 16:00:00+08:00,1.2599999904632568,1.2599999904632568,1.25,1.25,1000,0.0,0.0
2024-03-12 09:00:00+08:00,1.2599999904632568,1.2699999809265137,1.2599999904632568,1.2699999809265137,209400,0.0,0.0
2024-03-12 10:00:00+08:00,1.2699999809265137,1.2699999809265137,1.2599999904632568,1.2599999904632568,22700,0.0,0.0
2024-03-12 11:00:00+08:00,1.2599999904632568,1.2599999904632568,1.25,1.25,56500,0.0,0.0
2024-03-12 12:00:00+08:00,1.25,1.25,1.25,1.25,100,0.0,0.0
2024-03-12 13:00:00+08:00,1.25,1.2599999904632568,1.25,1.2599999904632568,8300,0.0,0.0
2024-03-12 14:00:00+08:00,1.2599999904632568,1.2599999904632568,1.25,1.25,9500,0.0,0.0
2024-03-12 15:00:00+08:00,1.25,1.2599999904632568,1.25,1.25,48300,0.0,0.0
2024-03-12 16:00:00+08:00,1.25,1.2599999904632568,1.25,1.25,115700,0.0,0.0
2024-03-13 10:00:00+08:00,1.2599999904632568,1.2599999904632568,1.25,1.2599999904632568,16700,0.0,0.0
2024-03-13 11:00:00+08:00,1.2599999904632568,1.2599999904632568,1.25,1.25,20700,0.0,0.0
2024-03-13 12:00:00+08:00,1.2599999904632568,1.2599999904632568,1.2599999904632568,1.2599999904632568,54100,0.0,0.0
2024-03-13 13:00:00+08:00,1.2599999904632568,1.2599999904632568,1.25,1.2599999904632568,4500,0.0,0.0
2024-03-13 14:00:00+08:00,1.2599999904632568,1.2599999904632568,1.25,1.25,31900,0.0,0.0
2024-03-13 15:00:00+08:00,1.25,1.2599999904632568,1.25,1.25,64400,0.0,0.0
2024-03-13 16:00:00+08:00,1.25,1.2599999904632568,1.25,1.2599999904632568,91900,0.0,0.0
2024-03-14 09:00:00+08:00,1.2599999904632568,1.2599999904632568,1.25,1.25,51700,0.0,0.0
2024-03-14 10:00:00+08:00,1.25,1.25,1.25,1.25,7200,0.0,0.0
2024-03-14 11:00:00+08:00,1.25,1.25,1.25,1.25,74800,0.0,0.0
2024-03-14 12:00:00+08:00,1.25,1.25,1.25,1.25,3600,0.0,0.0
2024-03-14 13:00:00+08:00,1.25,1.2599999904632568,1.25,1.2599999904632568,7900,0.0,0.0
2024-03-14 14:00:00+08:00,1.2599999904632568,1.2599999904632568,1.25,1.25,7300,0.0,0.0
2024-03-14 15:00:00+08:00,1.25,1.2599999904632568,1.25,1.25,9900,0.0,0.0
2024-03-14 16:00:00+08:00,1.25,1.2599999904632568,1.25,1.25,9300,0.0,0.0
2024-03-15 09:00:00+08:00,1.2599999904632568,1.2599999904632568,1.2599999904632568,1.2599999904632568,8800,0.0,0.0
2024-03-15 10:00:00+08:00,1.2599999904632568,1.2599999904632568,1.25,1.2599999904632568,12900,0.0,0.0
2024-03-15 11:00:00+08:00,1.2599999904632568,1.2599999904632568,1.25,1.25,49200,0.0,0.0
2024-03-15 12:00:00+08:00,1.2599999904632568,1.2599999904632568,1.25,1.25,3600,0.0,0.0
2024-03-15 13:00:00+08:00,1.25,1.2599999904632568,1.25,1.25,3800,0.0,0.0
2024-03-15 14:00:00+08:00,1.25,1.2599999904632568,1.25,1.25,6100,0.0,0.0
2024-03-15 15:00:00+08:00,1.25,1.2599999904632568,1.25,1.2599999904632568,26000,0.0,0.0
2024-03-15 16:00:00+08:00,1.2599999904632568,1.2599999904632568,1.25,1.2599999904632568,109600,0.0,0.0
2024-03-18 09:00:00+08:00,1.25,1.25,1.2400000095367432,1.25,52700,0.0,0.0
2024-03-18 10:00:00+08:00,1.25,1.25,1.2400000095367432,1.2400000095367432,20300,0.0,0.0
2024-03-18 11:00:00+08:00,1.2400000095367432,1.25,1.2400000095367432,1.2400000095367432,65800,0.0,0.0
2024-03-18 12:00:00+08:00,1.2400000095367432,1.2400000095367432,1.2400000095367432,1.2400000095367432,3300,0.0,0.0
2024-03-18 13:00:00+08:00,1.2400000095367432,1.25,1.2300000190734863,1.2400000095367432,837600,0.0,0.0
2024-03-18 14:00:00+08:00,1.2400000095367432,1.2400000095367432,1.2300000190734863,1.2400000095367432,49700,0.0,0.0
2024-03-18 15:00:00+08:00,1.2400000095367432,1.2400000095367432,1.2300000190734863,1.2400000095367432,11500,0.0,0.0
2024-03-18 16:00:00+08:00,1.2400000095367432,1.25,1.2300000190734863,1.2400000095367432,178500,0.0,0.0
2024-03-19 09:00:00+08:00,1.25,1.25,1.2400000095367432,1.2400000095367432,10100,0.0,0.0
2024-03-19 10:00:00+08:00,1.2400000095367432,1.25,1.2400000095367432,1.2400000095367432,1200,0.0,0.0
2024-03-19 11:00:00+08:00,1.2400000095367432,1.25,1.2400000095367432,1.2400000095367432,20800,0.0,0.0
2024-03-19 12:00:00+08:00,1.2400000095367432,1.2400000095367432,1.2400000095367432,1.2400000095367432,1200,0.0,0.0
2024-03-19 13:00:00+08:00,1.25,1.25,1.2400000095367432,1.2400000095367432,2000,0.0,0.0
2024-03-19 14:00:00+08:00,1.2400000095367432,1.25,1.2400000095367432,1.25,3400,0.0,0.0
2024-03-19 15:00:00+08:00,1.25,1.25,1.2400000095367432,1.25,14200,0.0,0.0
2024-03-19 16:00:00+08:00,1.25,1.25,1.2400000095367432,1.2400000095367432,22900,0.0,0.0
2024-03-20 09:00:00+08:00,1.2400000095367432,1.25,1.2400000095367432,1.2400000095367432,40900,0.0,0.0
2024-03-20 10:00:00+08:00,1.2400000095367432,1.2400000095367432,1.2400000095367432,1.2400000095367432,1300,0.0,0.0
2024-03-20 11:00:00+08:00,1.2400000095367432,1.25,1.2400000095367432,1.2400000095367432,1400,0.0,0.0
2024-03-20 12:00:00+08:00,1.25,1.25,1.2400000095367432,1.2400000095367432,4100,0.0,0.0
2024-03-20 13:00:00+08:00,1.2400000095367432,1.2400000095367432,1.2400000095367432,1.2400000095367432,12800,0.0,0.0
2024-03-20 14:00:00+08:00,1.2400000095367432,1.2400000095367432,1.2400000095367432,1.2400000095367432,11800,0.0,0.0
2024-03-20 15:00:00+08:00,1.2400000095367432,1.25,1.2400000095367432,1.2400000095367432,15500,0.0,0.0
2024-03-20 16:00:00+08:00,1.2400000095367432,1.25,1.2400000095367432,1.2400000095367432,41500,0.0,0.0
2024-03-21 09:00:00+08:00,1.25,1.2599999904632568,1.25,1.2599999904632568,48000,0.0,0.0
2024-03-21 10:00:00+08:00,1.2599999904632568,1.2599999904632568,1.25,1.2599999904632568,49400,0.0,0.0
2024-03-21 11:00:00+08:00,1.2599999904632568,1.2599999904632568,1.25,1.2599999904632568,133100,0.0,0.0
2024-03-21 12:00:00+08:00,1.2599999904632568,1.2599999904632568,1.2599999904632568,1.2599999904632568,9100,0.0,0.0
2024-03-21 13:00:00+08:00,1.2599999904632568,1.2599999904632568,1.25,1.2599999904632568,0,0.0,0.0
2024-03-21 14:00:00+08:00,1.2599999904632568,1.2599999904632568,1.25,1.25,340900,0.0,0.0
2024-03-21 15:00:00+08:00,1.25,1.2699999809265137,1.25,1.25,187400,0.0,0.0
2024-03-21 16:00:00+08:00,1.25,1.2599999904632568,1.25,1.25,32400,0.0,0.0
2024-03-22 09:00:00+08:00,1.2599999904632568,1.2599999904632568,1.25,1.2599999904632568,12500,0.0,0.0
2024-03-22 10:00:00+08:00,1.2599999904632568,1.2599999904632568,1.25,1.25,22200,0.0,0.0
2024-03-22 11:00:00+08:00,1.25,1.2599999904632568,1.25,1.25,31700,0.0,0.0
2024-03-22 12:00:00+08:00,1.25,1.25,1.25,1.25,600,0.0,0.0
2024-03-22 13:00:00+08:00,1.25,1.2599999904632568,1.25,1.25,11500,0.0,0.0
2024-03-22 14:00:00+08:00,1.25,1.2599999904632568,1.25,1.2599999904632568,5700,0.0,0.0
2024-03-22 15:00:00+08:00,1.2599999904632568,1.2599999904632568,1.25,1.25,8800,0.0,0.0
2024-03-22 16:00:00+08:00,1.25,1.2599999904632568,1.25,1.2599999904632568,38300,0.0,0.0
2024-03-25 09:00:00+08:00,1.2599999904632568,1.2599999904632568,1.2599999904632568,1.2599999904632568,85500,0.0,0.0
2024-03-25 10:00:00+08:00,1.2599999904632568,1.2699999809265137,1.25,1.2699999809265137,35000,0.0,0.0
2024-03-25 11:00:00+08:00,1.2699999809265137,1.2699999809265137,1.2599999904632568,1.2699999809265137,54800,0.0,0.0
2024-03-25 12:00:00+08:00,1.2699999809265137,1.2699999809265137,1.2699999809265137,1.2699999809265137,400,0.0,0.0
2024-03-25 13:00:00+08:00,1.2699999809265137,1.2699999809265137,1.2699999809265137,1.2699999809265137,9300,0.0,0.0
2024-03-25 14:00:00+08:00,1.2699999809265137,1.2699999809265137,1.2699999809265137,1.2699999809265137,1600,0.0,0.0
2024-03-25 15:00:00+08:00,1.2699999809265137,1.2699999809265137,1.2599999904632568,1.2699999809265137,18500,0.0,0.0
2024-03-25 16:00:00+08:00,1.2699999809265137,1.2699999809265137,1.2599999904632568,1.2699999809265137,46300,0.0,0.0
2024-03-26 09:00:00+08:00,1.2699999809265137,1.2699999809265137,1.2599999904632568,1.2599999904632568,140800,0.0,0.0
2024-03-26 10:00:00+08:00,1.2599999904632568,1.2799999713897705,1.2599999904632568,1.2799999713897705,192200,0.0,0.0
2024-03-26 11:00:00+08:00,1.2799999713897705,1.2799999713897705,1.2599999904632568,1.2599999904632568,21600,0.0,0.0
2024-03-26 12:00:00+08:00,1.2699999809265137,1.2699999809265137,1.2699999809265137,1.2699999809265137,1200,0.0,0.0
2024-03-26 13:00:00+08:00,1.2699999809265137,1.2799999713897705,1.2599999904632568,1.2599999904632568,0,0.0,0.0
2024-03-26 14:00:00+08:00,1.2599999904632568,1.2799999713897705,1.2599999904632568,1.2799999713897705,402000,0.0,0.0
2024-03-26 15:00:00+08:00,1.2799999713897705,1.2799999713897705,1.2599999904632568,1.2699999809265137,66100,0.0,0.0
2024-03-26 16:00:00+08:00,1.2699999809265137,1.2699999809265137,1.2599999904632568,1.2699999809265137,32300,0.0,0.0
2024-03-27 09:00:00+08:00,1.2699999809265137,1.2799999713897705,1.2699999809265137,1.2799999713897705,102900,0.0,0.0
2024-03-27 10:00:00+08:00,1.2799999713897705,1.2799999713897705,1.2699999809265137,1.2799999713897705,66100,0.0,0.0
2024-03-27 11:00:00+08:00,1.2799999713897705,1.2799999713897705,1.2699999809265137,1.2799999713897705,57400,0.0,0.0
2024-03-27 12:00:00+08:00,1.2799999713897705,1.2799999713897705,1.2699999809265137,1.2699999809265137,12600,0.0,0.0
2024-03-27 13:00:00+08:00,1.2699999809265137,1.2799999713897705,1.2699999809265137,1.2799999713897705,29900,0.0,0.0
2024-03-27 14:00:00+08:00,1.2799999713897705,1.2799999713897705,1.2699999809265137,1.2799999713897705,52400,0.0,0.0
2024-03-27 15:00:00+08:00,1.2799999713897705,1.2799999713897705,1.2699999809265137,1.2799999713897705,49400,0.0,0.0
2024-03-27 16:00:00+08:00,1.2799999713897705,1.2799999713897705,1.2699999809265137,1.2799999713897705,88900,0.0,0.0
2024-03-28 09:00:00+08:00,1.2799999713897705,1.2799999713897705,1.2699999809265137,1.2799999713897705,5600,0.0,0.0
2024-03-28 10:00:00+08:00,1.2799999713897705,1.2799999713897705,1.2699999809265137,1.2699999809265137,1200,0.0,0.0
2024-03-28 11:00:00+08:00,1.2699999809265137,1.2799999713897705,1.2699999809265137,1.2799999713897705,43200,0.0,0.0
2024-03-28 12:00:00+08:00,1.2799999713897705,1.2799999713897705,1.2799999713897705,1.2799999713897705,16100,0.0,0.0
2024-03-28 13:00:00+08:00,1.2799999713897705,1.2799999713897705,1.2699999809265137,1.2799999713897705,41700,0.0,0.0
2024-03-28 14:00:00+08:00,1.2799999713897705,1.2799999713897705,1.2699999809265137,1.2799999713897705,79500,0.0,0.0
2024-03-28 15:00:00+08:00,1.2799999713897705,1.2799999713897705,1.2699999809265137,1.2799999713897705,51900,0.0,0.0
2024-03-28 16:00:00+08:00,1.2799999713897705,1.2799999713897705,1.2699999809265137,1.2799999713897705,113400,0.0,0.0
2024-04-01 09:00:00+08:00,1.2799999713897705,1.2799999713897705,1.2699999809265137,1.2699999809265137,310500,0.0,0.0
2024-04-01 10:00:00+08:00,1.2699999809265137,1.2799999713897705,1.2699999809265137,1.2799999713897705,89400,0.0,0.0
2024-04-01 11:00:00+08:00,1.2799999713897705,1.2799999713897705,1.2699999809265137,1.2799999713897705,48700,0.0,0.0
2024-04-01 12:00:00+08:00,1.2799999713897705,1.2799999713897705,1.2799999713897705,1.2799999713897705,14500,0.0,0.0
2024-04-01 13:00:00+08:00,1.2799999713897705,1.2799999713897705,1.2799999713897705,1.2799999713897705,11300,0.0,0.0
2024-04-01 14:00:00+08:00,1.2799999713897705,1.2799999713897705,1.2699999809265137,1.2799999713897705,14500,0.0,0.0
2024-04-01 15:00:00+08:00,1.2799999713897705,1.2799999713897705,1.2699999809265137,1.2799999713897705,38700,0.0,0.0
2024-04-01 16:00:00+08:00,1.2799999713897705,1.2899999618530273,1.2699999809265137,1.2799999713897705,312600,0.0,0.0
2024-04-02 09:00:00+08:00,1.2899999618530273,1.2899999618530273,1.2799999713897705,1.2899999618530273,21000,0.0,0.0
2024-04-02 10:00:00+08:00,1.2899999618530273,1.2899999618530273,1.2799999713897705,1.2899999618530273,20100,0.0,0.0
2024-04-02 11:00:00+08:00,1.2899999618530273,1.2899999618530273,1.2799999713897705,1.2899999618530273,75600,0.0,0.0
2024-04-02 12:00:00+08:00,1.2899999618530273,1.2899999618530273,1.2899999618530273,1.2899999618530273,6900,0.0,0.0
2024-04-02 13:00:00+08:00,1.2899999618530273,1.2899999618530273,1.2799999713897705,1.2899999618530273,5100,0.0,0.0
2024-04-02 14:00:00+08:00,1.2899999618530273,1.2899999618530273,1.2799999713897705,1.2899999618530273,74700,0.0,0.0
2024-04-02 15:00:00+08:00,1.2899999618530273,1.2899999618530273,1.2799999713897705,1.2899999618530273,93300,0.0,0.0
2024-04-02 16:00:00+08:00,1.2899999618530273,1.2899999618530273,1.2799999713897705,1.2799999713897705,23100,0.0,0.0
2024-04-03 09:00:00+08:00,1.2899999618530273,1.2899999618530273,1.2799999713897705,1.2899999618530273,29900,0.0,0.0
2024-04-03 10:00:00+08:00,1.2899999618530273,1.2899999618530273,1.2799999713897705,1.2899999618530273,2200,0.0,0.0
2024-04-03 11:00:00+08:00,1.2899999618530273,1.2899999618530273,1.2799999713897705,1.2899999618530273,20200,0.0,0.0
2024-04-03 12:00:00+08:00,1.2799999713897705,1.2899999618530273,1.2799999713897705,1.2899999618530273,9900,0.0,0.0
2024-04-03 13:00:00+08:00,1.2899999618530273,1.2999999523162842,1.2799999713897705,1.2899999618530273,980600,0.0,0.0
2024-04-03 14:00:00+08:00,1.2899999618530273,1.2999999523162842,1.2899999618530273,1.2999999523162842,0,0.0,0.0
2024-04-03 15:00:00+08:00,1.2999999523162842,1.2999999523162842,1.2899999618530273,1.2999999523162842,1067000,0.0,0.0
2024-04-03 16:00:00+08:00,1.2999999523162842,1.309999942779541,1.2899999618530273,1.309999942779541,139700,0.0,0.0
2024-04-04 09:00:00+08:00,1.2999999523162842,1.309999942779541,1.2899999618530273,1.2899999618530273,176900,0.0,0.0
2024-04-04 10:00:00+08:00,1.2999999523162842,1.2999999523162842,1.2899999618530273,1.2999999523162842,57400,0.0,0.0
2024-04-04 11:00:00+08:00,1.2999999523162842,1.2999999523162842,1.2899999618530273,1.2899999618530273,20300,0.0,0.0
2024-04-04 12:00:00+08:00,1.2999999523162842,1.2999999523162842,1.2899999618530273,1.2899999618530273,1300,0.0,0.0
2024-04-04 13:00:00+08:00,1.2899999618530273,1.2999999523162842,1.2899999618530273,1.2899999618530273,10900,0.0,0.0
2024-04-04 14:00:00+08:00,1.2899999618530273,1.309999942779541,1.2899999618530273,1.2999999523162842,153100,0.0,0.0
2024-04-04 15:00:00+08:00,1.2999999523162842,1.2999999523162842,1.2899999618530273,1.2999999523162842,100700,0.0,0.0
2024-04-04 16:00:00+08:00,1.2999999523162842,1.2999999523162842,1.2899999618530273,1.2999999523162842,65000,0.0,0.0
2024-04-05 09:00:00+08:00,1.2999999523162842,1.2999999523162842,1.2899999618530273,1.2999999523162842,7400,0.0,0.0
2024-04-05 10:00:00+08:00,1.2999999523162842,1.309999942779541,1.2899999618530273,1.2899999618530273,91500,0.0,0.0
2024-04-05 11:00:00+08:00,1.2899999618530273,1.309999942779541,1.2899999618530273,1.309999942779541,81800,0.0,0.0
2024-04-05 12:00:00+08:00,1.309999942779541,1.309999942779541,1.309999942779541,1.309999942779541,94300,0.0,0.0
2024-04-05 13:00:00+08:00,1.309999942779541,1.309999942779541,1.2999999523162842,1.2999999523162842,405600,0.0,0.0
2024-04-05 14:00:00+08:00,1.2999999523162842,1.309999942779541,1.2999999523162842,1.309999942779541,49500,0.0,0.0
2024-04-05 15:00:00+08:00,1.309999942779541,1.309999942779541,1.2999999523162842,1.309999942779541,25600,0.0,0.0
2024-04-05 16:00:00+08:00,1.309999942779541,1.309999942779541,1.2999999523162842,1.309999942779541,30800,0.0,0.0
2024-04-08 09:00:00+08:00,1.2999999523162842,1.309999942779541,1.2999999523162842,1.309999942779541,181900,0.0,0.0
2024-04-08 10:00:00+08:00,1.309999942779541,1.309999942779541,1.2999999523162842,1.309999942779541,1700,0.0,0.0
2024-04-08 11:00:00+08:00,1.309999942779541,1.309999942779541,1.2899999618530273,1.2899999618530273,134300,0.0,0.0
2024-04-08 12:00:00+08:00,1.2899999618530273,1.2899999618530273,1.2899999618530273,1.2899999618530273,14400,0.0,0.0
2024-04-08 13:00:00+08:00,1.2899999618530273,1.2999999523162842,1.2899999618530273,1.2999999523162842,12600,0.0,0.0
2024-04-08 14:00:00+08:00,1.2999999523162842,1.2999999523162842,1.2899999618530273,1.2999999523162842,2400,0.0,0.0
2024-04-08 15:00:00+08:00,1.2999999523162842,1.2999999523162842,1.2899999618530273,1.2899999618530273,4200,0.0,0.0
2024-04-08 16:00:00+08:00,1.2899999618530273,1.2999999523162842,1.2899999618530273,1.2899999618530273,49500,0.0,0.0
2024-04-09 09:00:00+08:00,1.2999999523162842,1.309999942779541,1.2999999523162842,1.2999999523162842,136400,0.0,0.0
2024-04-09 10:00:00+08:00,1.2999999523162842,1.3300000429153442,1.2999999523162842,1.3200000524520874,557000,0.0,0.0
2024-04-09 11:00:00+08:00,1.3200000524520874,1.3200000524520874,1.309999942779541,1.309999942779541,560400,0.0,0.0
2024-04-09 12:00:00+08:00,1.3200000524520874,1.3200000524520874,1.309999942779541,1.309999942779541,21200,0.0,0.0
2024-04-09 13:00:00+08:00,1.309999942779541,1.3200000524520874,1.2999999523162842,1.309999942779541,1070300,0.0,0.0
2024-04-09 14:00:00+08:00,1.309999942779541,1.3200000524520874,1.2999999523162842,1.3200000524520874,145800,0.0,0.0
2024-04-09 15:00:00+08:00,1.3200000524520874,1.3200000524520874,1.2999999523162842,1.309999942779541,307300,0.0,0.0
2024-04-09 16:00:00+08:00,1.309999942779541,1.309999942779541,1.2999999523162842,1.309999942779541,119000,0.0,0.0
2024-04-11 09:00:00+08:00,1.2899999618530273,1.2999999523162842,1.2899999618530273,1.2999999523162842,122200,0.0,0.0
2024-04-11 10:00:00+08:00,1.2899999618530273,1.2999999523162842,1.2899999618530273,1.2999999523162842,86000,0.0,0.0
2024-04-11 11:00:00+08:00,1.2999999523162842,1.2999999523162842,1.2899999618530273,1.2999999523162842,13900,0.0,0.0
2024-04-11 12:00:00+08:00,1.2999999523162842,1.2999999523162842,1.2999999523162842,1.2999999523162842,40300,0.0,0.0
2024-04-11 13:00:00+08:00,1.2999999523162842,1.2999999523162842,1.2799999713897705,1.2799999713897705,80800,0.0,0.0
2024-04-11 14:00:00+08:00,1.2799999713897705,1.2899999618530273,1.2799999713897705,1.2899999618530273,15300,0.0,0.0
2024-04-11 15:00:00+08:00,1.2899999618530273,1.2899999618530273,1.2799999713897705,1.2899999618530273,38700,0.0,0.0
2024-04-11 16:00:00+08:00,1.2899999618530273,1.2999999523162842,1.2799999713897705,1.2799999713897705,179700,0.0,0.0
2024-04-12 09:00:00+08:00,1.2899999618530273,1.2899999618530273,1.2899999618530273,1.2899999618530273,56500,0.0,0.0
2024-04-12 10:00:00+08:00,1.2899999618530273,1.2899999618530273,1.2899999618530273,1.2899999618530273,4300,0.0,0.0
2024-04-12 11:00:00+08:00,1.2899999618530273,1.2899999618530273,1.2799999713897705,1.2899999618530273,18400,0.0,0.0
2024-04-12 12:00:00+08:00,1.2899999618530273,1.2899999618530273,1.2899999618530273,1.2899999618530273,400,0.0,0.0
2024-04-12 13:00:00+08:00,1.2899999618530273,1.2899999618530273,1.2799999713897705,1.2899999618530273,0,0.0,0.0
2024-04-12 14:00:00+08:00,1.2899999618530273,1.2899999618530273,1.2799999713897705,1.2899999618530273,119500,0.0,0.0
2024-04-12 15:00:00+08:00,1.2899999618530273,1.2899999618530273,1.2799999713897705,1.2899999618530273,9000,0.0,0.0
2024-04-12 16:00:00+08:00,1.2899999618530273,1.2899999618530273,1.2799999713897705,1.2899999618530273,15300,0.0,0.0
2024-04-15 09:00:00+08:00,1.2799999713897705,1.2899999618530273,1.2699999809265137,1.2699999809265137,225900,0.0,0.0
2024-04-15 10:00:00+08:00,1.2699999809265137,1.2799999713897705,1.2699999809265137,1.2799999713897705,7300,0.0,0.0
2024-04-15 11:00:00+08:00,1.2799999713897705,1.2799999713897705,1.2699999809265137,1.2699999809265137,24500,0.0,0.0
2024-04-15 12:00:00+08:00,1.2799999713897705,1.2799999713897705,1.2699999809265137,1.2699999809265137,1900,0.0,0.0
2024-04-15 13:00:00+08:00,1.2699999809265137,1.2799999713897705,1.2699999809265137,1.2799999713897705,51800,0.0,0.0
2024-04-15 14:00:00+08:00,1.2799999713897705,1.2799999713897705,1.2699999809265137,1.2799999713897705,16300,0.0,0.0
2024-04-15 15:00:00+08:00,1.2799999713897705,1.2799999713897705,1.2699999809265137,1.2799999713897705,31400,0.0,0.0
2024-04-15 16:00:00+08:00,1.2799999713897705,1.2799999713897705,1.2699999809265137,1.2699999809265137,172800,0.0,0.0
2024-04-16 09:00:00+08:00,1.2799999713897705,1.2799999713897705,1.2799999713897705,1.2799999713897705,3100,0.0,0.0
2024-04-16 10:00:00+08:00,1.2799999713897705,1.2799999713897705,1.2799999713897705,1.2799999713897705,1000,0.0,0.0
2024-04-16 11:00:00+08:00,1.2799999713897705,1.2799999713897705,1.2699999809265137,1.2799999713897705,7300,0.0,0.0
2024-04-16 12:00:00+08:00,1.2799999713897705,1.2799999713897705,1.2699999809265137,1.2699999809265137,1900,0.0,0.0
2024-04-16 13:00:00+08:00,1.2699999809265137,1.2799999713897705,1.2699999809265137,1.2699999809265137,45000,0.0,0.0
2024-04-16 14:00:00+08:00,1.2699999809265137,1.2799999713897705,1.2599999904632568,1.2599999904632568,292800,0.0,0.0
2024-04-16 15:00:00+08:00,1.2599999904632568,1.2699999809265137,1.2599999904632568,1.2599999904632568,15700,0.0,0.0
2024-04-16 16:00:00+08:00,1.2599999904632568,1.2699999809265137,1.2599999904632568,1.2699999809265137,52800,0.0,0.0
2024-04-17 09:00:00+08:00,1.2699999809265137,1.2699999809265137,1.2599999904632568,1.2699999809265137,35200,0.0,0.0
2024-04-17 10:00:00+08:00,1.2699999809265137,1.2699999809265137,1.2599999904632568,1.2699999809265137,15200,0.0,0.0
2024-04-17 11:00:00+08:00,1.2699999809265137,1.2699999809265137,1.2599999904632568,1.2699999809265137,24300,0.0,0.0
2024-04-17 12:00:00+08:00,1.2699999809265137,1.2699999809265137,1.2699999809265137,1.2699999809265137,100,0.0,0.0
2024-04-17 13:00:00+08:00,1.2699999809265137,1.2699999809265137,1.2599999904632568,1.2599999904632568,17900,0.0,0.0
2024-04-17 14:00:00+08:00,1.2599999904632568,1.2699999809265137,1.2599999904632568,1.2699999809265137,41800,0.0,0.0
2024-04-17 15:00:00+08:00,1.2699999809265137,1.2699999809265137,1.25,1.25,335500,0.0,0.0
2024-04-17 16:00:00+08:00,1.25,1.2599999904632568,1.2400000095367432,1.2599999904632568,911100,0.0,0.0
2024-04-18 09:00:00+08:00,1.2599999904632568,1.2699999809265137,1.25,1.2599999904632568,25500,0.0,0.0
2024-04-18 10:00:00+08:00,1.2599999904632568,1.2599999904632568,1.25,1.25,62300,0.0,0.0
2024-04-18 11:00:00+08:00,1.25,1.2699999809265137,1.25,1.25,32000,0.0,0.0
2024-04-18 12:00:00+08:00,1.2599999904632568,1.2599999904632568,1.2599999904632568,1.2599999904632568,200,0.0,0.0
2024-04-18 13:00:00+08:00,1.2599999904632568,1.2599999904632568,1.25,1.25,1500,0.0,0.0
2024-04-18 14:00:00+08:00,1.25,1.25,1.2400000095367432,1.25,132500,0.0,0.0
2024-04-18 15:00:00+08:00,1.25,1.25,1.2400000095367432,1.25,28100,0.0,0.0
2024-04-18 16:00:00+08:00,1.25,1.25,1.2400000095367432,1.2400000095367432,117700,0.0,0.0
2024-04-19 09:00:00+08:00,1.25,1.25,1.2400000095367432,1.2400000095367432,41100,0.0,0.0
2024-04-19 10:00:00+08:00,1.2400000095367432,1.2400000095367432,1.2400000095367432,1.2400000095367432,294200,0.0,0.0
2024-04-19 11:00:00+08:00,1.2400000095367432,1.2400000095367432,1.2300000190734863,1.2400000095367432,33000,0.0,0.0
2024-04-19 12:00:00+08:00,1.2400000095367432,1.25,1.2400000095367432,1.25,119600,0.0,0.0
2024-04-19 13:00:00+08:00,1.25,1.25,1.2400000095367432,1.2400000095367432,11300,0.0,0.0
2024-04-19 14:00:00+08:00,1.2400000095367432,1.25,1.2400000095367432,1.25,38100,0.0,0.0
2024-04-19 15:00:00+08:00,1.25,1.25,1.25,1.25,2200,0.0,0.0
2024-04-19 16:00:00+08:00,1.25,1.25,1.2400000095367432,1.25,66900,0.0,0.0
2024-04-22 09:00:00+08:00,1.25,1.2599999904632568,1.25,1.25,285300,0.0,0.0
2024-04-22 10:00:00+08:00,1.25,1.2599999904632568,1.25,1.25,15000,0.0,0.0
2024-04-22 11:00:00+08:00,1.25,1.2599999904632568,1.25,1.25,153000,0.0,0.0
2024-04-22 12:00:00+08:00,1.25,1.25,1.25,1.25,28200,0.0,0.0
2024-04-22 13:00:00+08:00,1.25,1.2599999904632568,1.25,1.25,22600,0.0,0.0
2024-04-22 14:00:00+08:00,1.25,1.2599999904632568,1.25,1.25,1900,0.0,0.0
2024-04-22 15:00:00+08:00,1.25,1.25,1.2400000095367432,1.2400000095367432,991800,0.0,0.0
2024-04-22 16:00:00+08:00,1.2400000095367432,1.2400000095367432,1.2300000190734863,1.2400000095367432,584600,0.0,0.0
2024-04-23 09:00:00+08:00,1.25,1.2599999904632568,1.25,1.2599999904632568,231200,0.0,0.0
2024-04-23 10:00:00+08:00,1.2599999904632568,1.2599999904632568,1.25,1.25,1200,0.0,0.0
2024-04-23 11:00:00+08:00,1.25,1.25,1.2400000095367432,1.25,37700,0.0,0.0
2024-04-23 12:00:00+08:00,1.25,1.25,1.25,1.25,12100,0.0,0.0
2024-04-23 13:00:00+08:00,1.25,1.2599999904632568,1.25,1.2599999904632568,1500,0.0,0.0
2024-04-23 14:00:00+08:00,1.2599999904632568,1.2599999904632568,1.2599999904632568,1.2599999904632568,100,0.0,0.0
2024-04-23 15:00:00+08:00,1.2599999904632568,1.2599999904632568,1.25,1.25,5500,0.0,0.0
2024-04-23 16:00:00+08:00,1.25,1.25,1.25,1.25,300,0.0,0.0
2024-04-24 09:00:00+08:00,1.2599999904632568,1.2699999809265137,1.2599999904632568,1.2599999904632568,254400,0.0,0.0
2024-04-24 10:00:00+08:00,1.2599999904632568,1.2699999809265137,1.2599999904632568,1.2599999904632568,9300,0.0,0.0
2024-04-24 11:00:00+08:00,1.2599999904632568,1.2699999809265137,1.2599999904632568,1.2599999904632568,9900,0.0,0.0
2024-04-24 12:00:00+08:00,1.2599999904632568,1.2599999904632568,1.2599999904632568,1.2599999904632568,600,0.0,0.0
2024-04-24 13:00:00+08:00,1.2599999904632568,1.2699999809265137,1.2599999904632568,1.2599999904632568,19900,0.0,0.0
2024-04-24 14:00:00+08:00,1.2699999809265137,1.2799999713897705,1.2599999904632568,1.2699999809265137,231900,0.0,0.0
2024-04-24 15:00:00+08:00,1.2699999809265137,1.2699999809265137,1.2599999904632568,1.2599999904632568,39100,0.0,0.0
2024-04-24 16:00:00+08:00,1.2599999904632568,1.2699999809265137,1.2599999904632568,1.2599999904632568,47700,0.0,0.0
2024-04-25 09:00:00+08:00,1.2599999904632568,1.2599999904632568,1.25,1.2599999904632568,18700,0.0,0.0
2024-04-25 10:00:00+08:00,1.2599999904632568,1.2599999904632568,1.2599999904632568,1.2599999904632568,15600,0.0,0.0
2024-04-25 11:00:00+08:00,1.2599999904632568,1.2599999904632568,1.25,1.25,27000,0.0,0.0
2024-04-25 12:00:00+08:00,1.25,1.2599999904632568,1.25,1.2599999904632568,26400,0.0,0.0
2024-04-25 13:00:00+08:00,1.2599999904632568,1.2599999904632568,1.25,1.25,88900,0.0,0.0
2024-04-25 14:00:00+08:00,1.25,1.2599999904632568,1.25,1.2599999904632568,13600,0.0,0.0
2024-04-25 15:00:00+08:00,1.2599999904632568,1.2599999904632568,1.25,1.2599999904632568,10500,0.0,0.0
2024-04-25 16:00:00+08:00,1.2599999904632568,1.2599999904632568,1.25,1.25,54200,0.0,0.0
2024-04-26 09:00:00+08:00,1.2599999904632568,1.2599999904632568,1.2599999904632568,1.2599999904632568,21900,0.0,0.0
2024-04-26 10:00:00+08:00,1.2599999904632568,1.2599999904632568,1.25,1.2599999904632568,13800,0.0,0.0
2024-04-26 11:00:00+08:00,1.2599999904632568,1.2599999904632568,1.25,1.25,9800,0.0,0.0
2024-04-26 12:00:00+08:00,1.25,1.25,1.25,1.25,4200,0.0,0.0
2024-04-26 13:00:00+08:00,1.25,1.25,1.25,1.25,8400,0.0,0.0
2024-04-26 14:00:00+08:00,1.25,1.2599999904632568,1.25,1.25,9800,0.0,0.0
2024-04-26 15:00:00+08:00,1.25,1.2599999904632568,1.25,1.25,16100,0.0,0.0
2024-04-26 16:00:00+08:00,1.25,1.2599999904632568,1.25,1.25,37600,0.0,0.0
2024-04-29 09:00:00+08:00,1.25,1.2599999904632568,1.25,1.2599999904632568,105100,0.0,0.0
2024-04-29 10:00:00+08:00,1.2599999904632568,1.2599999904632568,1.25,1.25,16400,0.0,0.0
2024-04-29 11:00:00+08:00,1.25,1.2599999904632568,1.25,1.25,89600,0.0,0.0
2024-04-29 12:00:00+08:00,1.25,1.25,1.25,1.25,5100,0.0,0.0
2024-04-29 13:00:00+08:00,1.25,1.2599999904632568,1.25,1.25,185900,0.0,0.0
2024-04-29 14:00:00+08:00,1.25,1.2599999904632568,1.25,1.2599999904632568,900,0.0,0.0
2024-04-29 15:00:00+08:00,1.2599999904632568,1.2599999904632568,1.25,1.2599999904632568,52300,0.0,0.0
2024-04-29 16:00:00+08:00,1.2599999904632568,1.2599999904632568,1.25,1.2599999904632568,11800,0.0,0.0
2024-04-30 10:00:00+08:00,1.2599999904632568,1.2599999904632568,1.2599999904632568,1.2599999904632568,32100,0.0,0.0
2024-04-30 11:00:00+08:00,1.2699999809265137,1.2699999809265137,1.2599999904632568,1.2599999904632568,25300,0.0,0.0
2024-04-30 12:00:00+08:00,1.2599999904632568,1.2599999904632568,1.2599999904632568,1.2599999904632568,25200,0.0,0.0
2024-04-30 13:00:00+08:00,1.2599999904632568,1.2599999904632568,1.25,1.25,79900,0.0,0.0
2024-04-30 14:00:00+08:00,1.25,1.2599999904632568,1.25,1.2599999904632568,170500,0.0,0.0
2024-04-30 15:00:00+08:00,1.2599999904632568,1.2599999904632568,1.25,1.2599999904632568,136500,0.0,0.0
2024-04-30 16:00:00+08:00,1.2599999904632568,1.2599999904632568,1.25,1.25,28400,0.0,0.0
2024-05-02 09:00:00+08:00,1.25,1.2599999904632568,1.2400000095367432,1.2599999904632568,496000,0.0,0.0
2024-05-02 10:00:00+08:00,1.2599999904632568,1.2599999904632568,1.25,1.25,500,0.0,0.0
2024-05-02 11:00:00+08:00,1.25,1.2599999904632568,1.25,1.25,18000,0.0,0.0
2024-05-02 12:00:00+08:00,1.2599999904632568,1.2599999904632568,1.25,1.25,100,0.0,0.0
2024-05-02 13:00:00+08:00,1.25,1.2599999904632568,1.25,1.25,47400,0.0,0.0
2024-05-02 14:00:00+08:00,1.25,1.2599999904632568,1.25,1.2599999904632568,16600,0.0,0.0
2024-05-02 15:00:00+08:00,1.2599999904632568,1.2599999904632568,1.25,1.2599999904632568,117600,0.0,0.0
2024-05-02 16:00:00+08:00,1.2599999904632568,1.2599999904632568,1.2400000095367432,1.25,336400,0.0,0.0
2024-05-03 09:00:00+08:00,1.25,1.2599999904632568,1.25,1.2599999904632568,77800,0.0,0.0
2024-05-03 10:00:00+08:00,1.2599999904632568,1.2599999904632568,1.25,1.2599999904632568,7300,0.0,0.0
2024-05-03 11:00:00+08:00,1.2599999904632568,1.2599999904632568,1.25,1.25,4500,0.0,0.0
2024-05-03 12:00:00+08:00,1.2599999904632568,1.2599999904632568,1.25,1.25,1200,0.0,0.0
2024-05-03 13:00:00+08:00,1.25,1.2599999904632568,1.25,1.2599999904632568,37600,0.0,0.0
2024-05-03 14:00:00+08:00,1.2599999904632568,1.2599999904632568,1.25,1.2599999904632568,19800,0.0,0.0
2024-05-03 15:00:00+08:00,1.2599999904632568,1.2599999904632568,1.25,1.2599999904632568,4500,0.0,0.0
2024-05-03 16:00:00+08:00,1.2599999904632568,1.2599999904632568,1.25,1.2599999904632568,135800,0.0,0.0
2024-05-06 09:00:00+08:00,1.2599999904632568,1.2599999904632568,1.25,1.2599999904632568,38400,0.0,0.0
2024-05-06 10:00:00+08:00,1.2599999904632568,1.2599999904632568,1.25,1.2599999904632568,16000,0.0,0.0
2024-05-06 11:00:00+08:00,1.2599999904632568,1.2699999809265137,1.25,1.2599999904632568,234500,0.0,0.0
2024-05-06 12:00:00+08:00,1.2699999809265137,1.2699999809265137,1.2599999904632568,1.2599999904632568,2600,0.0,0.0
2024-05-06 13:00:00+08:00,1.2599999904632568,1.2699999809265137,1.25,1.2599999904632568,146400,0.0,0.0
2024-05-06 14:00:00+08:00,1.2599999904632568,1.2699999809265137,1.2599999904632568,1.2599999904632568,34500,0.0,0.0
2024-05-06 15:00:00+08:00,1.2599999904632568,1.2699999809265137,1.2599999904632568,1.2699999809265137,5100,0.0,0.0
2024-05-06 16:00:00+08:00,1.2699999809265137,1.2699999809265137,1.2599999904632568,1.2599999904632568,57700,0.0,0.0
2024-05-07 09:00:00+08:00,1.2699999809265137,1.2799999713897705,1.2599999904632568,1.2699999809265137,115400,0.0,0.0
2024-05-07 10:00:00+08:00,1.2699999809265137,1.2699999809265137,1.2699999809265137,1.2699999809265137,10700,0.0,0.0
2024-05-07 11:00:00+08:00,1.2699999809265137,1.2699999809265137,1.2599999904632568,1.2599999904632568,89400,0.0,0.0
2024-05-07 12:00:00+08:00,1.2599999904632568,1.2599999904632568,1.2599999904632568,1.2599999904632568,257000,0.0,0.0
2024-05-07 13:00:00+08:00,1.2599999904632568,1.2699999809265137,1.2599999904632568,1.2699999809265137,22900,0.0,0.0
2024-05-07 14:00:00+08:00,1.2699999809265137,1.2699999809265137,1.2599999904632568,1.2599999904632568,11300,0.0,0.0
2024-05-07 15:00:00+08:00,1.2599999904632568,1.2699999809265137,1.2599999904632568,1.2599999904632568,21900,0.0,0.0
2024-05-07 16:00:00+08:00,1.2599999904632568,1.2699999809265137,1.2599999904632568,1.2699999809265137,26400,0.0,0.0
2024-05-08 09:00:00+08:00,1.2699999809265137,1.2999999523162842,1.2599999904632568,1.2899999618530273,545000,0.0,0.0
2024-05-08 10:00:00+08:00,1.2899999618530273,1.2999999523162842,1.2799999713897705,1.2999999523162842,653400,0.0,0.0
2024-05-08 11:00:00+08:00,1.2999999523162842,1.2999999523162842,1.2799999713897705,1.2999999523162842,142400,0.0,0.0
2024-05-08 12:00:00+08:00,1.2899999618530273,1.2899999618530273,1.2899999618530273,1.2899999618530273,17200,0.0,0.0
2024-05-08 13:00:00+08:00,1.2899999618530273,1.2899999618530273,1.2799999713897705,1.2899999618530273,117300,0.0,0.0
2024-05-08 14:00:00+08:00,1.2899999618530273,1.2899999618530273,1.2799999713897705,1.2799999713897705,0,0.0,0.0
2024-05-08 15:00:00+08:00,1.2799999713897705,1.2899999618530273,1.2799999713897705,1.2899999618530273,1845500,0.0,0.0
2024-05-08 16:00:00+08:00,1.2899999618530273,1.2899999618530273,1.2799999713897705,1.2899999618530273,113700,0.0,0.0
2024-05-09 09:00:00+08:00,1.2899999618530273,1.2899999618530273,1.2699999809265137,1.2699999809265137,289700,0.0,0.0
2024-05-09 10:00:00+08:00,1.2699999809265137,1.2799999713897705,1.2699999809265137,1.2799999713897705,44100,0.0,0.0
2024-05-09 11:00:00+08:00,1.2799999713897705,1.2899999618530273,1.2699999809265137,1.2899999618530273,739400,0.0,0.0
2024-05-09 12:00:00+08:00,1.2899999618530273,1.2899999618530273,1.2899999618530273,1.2899999618530273,200,0.0,0.0
2024-05-09 13:00:00+08:00,1.2899999618530273,1.2899999618530273,1.2799999713897705,1.2899999618530273,405400,0.0,0.0
2024-05-09 14:00:00+08:00,1.2899999618530273,1.309999942779541,1.2899999618530273,1.309999942779541,1443700,0.0,0.0
2024-05-09 15:00:00+08:00,1.309999942779541,1.309999942779541,1.2999999523162842,1.309999942779541,779100,0.0,0.0
2024-05-09 16:00:00+08:00,1.309999942779541,1.309999942779541,1.2899999618530273,1.2899999618530273,97100,0.0,0.0
2024-05-10 09:00:00+08:00,1.2999999523162842,1.2999999523162842,1.2899999618530273,1.2899999618530273,177900,0.0,0.0
2024-05-10 10:00:00+08:00,1.2899999618530273,1.2999999523162842,1.2899999618530273,1.2899999618530273,175100,0.0,0.0
2024-05-10 11:00:00+08:00,1.2899999618530273,1.2999999523162842,1.2899999618530273,1.2999999523162842,7900,0.0,0.0
2024-05-10 12:00:00+08:00,1.2999999523162842,1.2999999523162842,1.2999999523162842,1.2999999523162842,11500,0.0,0.0
2024-05-10 13:00:00+08:00,1.2999999523162842,1.309999942779541,1.2999999523162842,1.309999942779541,147200,0.0,0.0
2024-05-10 14:00:00+08:00,1.309999942779541,1.309999942779541,1.2899999618530273,1.2999999523162842,259900,0.0,0.0
2024-05-10 15:00:00+08:00,1.2999999523162842,1.309999942779541,1.2999999523162842,1.309999942779541,32900,0.0,0.0
2024-05-10 16:00:00+08:00,1.309999942779541,1.309999942779541,1.2899999618530273,1.2999999523162842,128900,0.0,0.0
2024-05-13 09:00:00+08:00,1.2999999523162842,1.2999999523162842,1.2899999618530273,1.2999999523162842,58800,0.0,0.0
2024-05-13 10:00:00+08:00,1.2999999523162842,1.2999999523162842,1.2899999618530273,1.2999999523162842,15000,0.0,0.0
2024-05-13 11:00:00+08:00,1.2999999523162842,1.2999999523162842,1.2899999618530273,1.2999999523162842,17300,0.0,0.0
2024-05-13 12:00:00+08:00,1.2999999523162842,1.2999999523162842,1.2999999523162842,1.2999999523162842,1200,0.0,0.0
2024-05-13 13:00:00+08:00,1.2999999523162842,1.2999999523162842,1.2899999618530273,1.2999999523162842,107300,0.0,0.0
2024-05-13 14:00:00+08:00,1.2999999523162842,1.2999999523162842,1.2899999618530273,1.2999999523162842,9600,0.0,0.0
2024-05-13 15:00:00+08:00,1.2999999523162842,1.2999999523162842,1.2899999618530273,1.2999999523162842,6700,0.0,0.0
2024-05-13 16:00:00+08:00,1.2999999523162842,1.2999999523162842,1.2899999618530273,1.2899999618530273,46800,0.0,0.0
2024-05-14 09:00:00+08:00,1.2899999618530273,1.2899999618530273,1.2899999618530273,1.2899999618530273,171300,0.0,0.0
2024-05-14 10:00:00+08:00,1.2899999618530273,1.2999999523162842,1.2899999618530273,1.2999999523162842,134600,0.0,0.0
2024-05-14 11:00:00+08:00,1.2999999523162842,1.2999999523162842,1.2799999713897705,1.2899999618530273,199100,0.0,0.0
2024-05-14 12:00:00+08:00,1.2899999618530273,1.2899999618530273,1.2899999618530273,1.2899999618530273,100,0.0,0.0
2024-05-14 13:00:00+08:00,1.2899999618530273,1.2899999618530273,1.2899999618530273,1.2899999618530273,15800,0.0,0.0
2024-05-14 14:00:00+08:00,1.2899999618530273,1.2899999618530273,1.2899999618530273,1.2899999618530273,21200,0.0,0.0
2024-05-14 15:00:00+08:00,1.2899999618530273,1.2999999523162842,1.2799999713897705,1.2899999618530273,496200,0.0,0.0
2024-05-14 16:00:00+08:00,1.2899999618530273,1.2899999618530273,1.2899999618530273,1.2899999618530273,90200,0.0,0.0
2024-05-15 09:00:00+08:00,1.2699999809265137,1.2699999809265137,1.2599999904632568,1.2599999904632568,183200,0.0,0.0
2024-05-15 10:00:00+08:00,1.2599999904632568,1.2699999809265137,1.2599999904632568,1.2599999904632568,60400,0.0,0.0
2024-05-15 11:00:00+08:00,1.2599999904632568,1.2699999809265137,1.2599999904632568,1.2699999809265137,3100,0.0,0.0
2024-05-15 12:00:00+08:00,1.2699999809265137,1.2699999809265137,1.2699999809265137,1.2699999809265137,1100,0.0,0.0
2024-05-15 13:00:00+08:00,1.2699999809265137,1.2699999809265137,1.2599999904632568,1.2699999809265137,500,0.0,0.0
2024-05-15 14:00:00+08:00,1.2699999809265137,1.2699999809265137,1.2699999809265137,1.2699999809265137,800,0.0,0.0
2024-05-15 15:00:00+08:00,1.2699999809265137,1.2699999809265137,1.2599999904632568,1.2599999904632568,24400,0.0,0.0
2024-05-15 16:00:00+08:00,1.2599999904632568,1.2699999809265137,1.2599999904632568,1.2599999904632568,14300,0.0,0.0
2024-05-16 09:00:00+08:00,1.2799999713897705,1.2799999713897705,1.2599999904632568,1.2799999713897705,142400,0.0,0.0
2024-05-16 10:00:00+08:00,1.2799999713897705,1.2799999713897705,1.2699999809265137,1.2799999713897705,145100,0.0,0.0
2024-05-16 11:00:00+08:00,1.2799999713897705,1.2799999713897705,1.2799999713897705,1.2799999713897705,5500,0.0,0.0
2024-05-16 12:00:00+08:00,1.2699999809265137,1.2799999713897705,1.2699999809265137,1.2799999713897705,300,0.0,0.0
2024-05-16 13:00:00+08:00,1.2799999713897705,1.2799999713897705,1.2599999904632568,1.2599999904632568,291500,0.0,0.0
2024-05-16 14:00:00+08:00,1.2599999904632568,1.2699999809265137,1.2599999904632568,1.2599999904632568,246800,0.0,0.0
2024-05-16 15:00:00+08:00,1.2599999904632568,1.2699999809265137,1.2599999904632568,1.2599999904632568,54500,0.0,0.0
2024-05-16 16:00:00+08:00,1.2599999904632568,1.2699999809265137,1.2599999904632568,1.2599999904632568,52900,0.0,0.0
2024-05-17 09:00:00+08:00,1.2699999809265137,1.2699999809265137,1.2599999904632568,1.2599999904632568,44000,0.0,0.0
2024-05-17 10:00:00+08:00,1.2599999904632568,1.2699999809265137,1.2599999904632568,1.2599999904632568,15900,0.0,0.0
2024-05-17 11:00:00+08:00,1.2599999904632568,1.2699999809265137,1.2599999904632568,1.2599999904632568,21700,0.0,0.0
2024-05-17 12:00:00+08:00,1.2599999904632568,1.2699999809265137,1.2599999904632568,1.2699999809265137,800,0.0,0.0
2024-05-17 13:00:00+08:00,1.2699999809265137,1.2699999809265137,1.2599999904632568,1.2699999809265137,76000,0.0,0.0
2024-05-17 14:00:00+08:00,1.2699999809265137,1.2699999809265137,1.2699999809265137,1.2699999809265137,7200,0.0,0.0
2024-05-17 15:00:00+08:00,1.2699999809265137,1.2699999809265137,1.2599999904632568,1.2699999809265137,9300,0.0,0.0
2024-05-17 16:00:00+08:00,1.2699999809265137,1.2699999809265137,1.2599999904632568,1.2599999904632568,29900,0.0,0.0
2024-05-20 09:00:00+08:00,1.2699999809265137,1.2699999809265137,1.2599999904632568,1.2599999904632568,45100,0.0,0.0
2024-05-20 10:00:00+08:00,1.2599999904632568,1.2699999809265137,1.2599999904632568,1.2599999904632568,68800,0.0,0.0
2024-05-20 11:00:00+08:00,1.2599999904632568,1.2699999809265137,1.2599999904632568,1.2699999809265137,7200,0.0,0.0
2024-05-20 13:00:00+08:00,1.2699999809265137,1.2699999809265137,1.2599999904632568,1.2599999904632568,33400,0.0,0.0
2024-05-20 14:00:00+08:00,1.2599999904632568,1.2699999809265137,1.2599999904632568,1.2699999809265137,80300,0.0,0.0
2024-05-20 15:00:00+08:00,1.2699999809265137,1.2699999809265137,1.2699999809265137,1.2699999809265137,1400,0.0,0.0
2024-05-20 16:00:00+08:00,1.2699999809265137,1.2699999809265137,1.2699999809265137,1.2699999809265137,69900,0.0,0.0
2024-05-21 09:00:00+08:00,1.2699999809265137,1.2699999809265137,1.2699999809265137,1.2699999809265137,119900,0.0,0.0
2024-05-21 10:00:00+08:00,1.2699999809265137,1.2699999809265137,1.2699999809265137,1.2699999809265137,15400,0.0,0.0
2024-05-21 11:00:00+08:00,1.2699999809265137,1.2699999809265137,1.2599999904632568,1.2699999809265137,36700,0.0,0.0
2024-05-21 12:00:00+08:00,1.2699999809265137,1.2699999809265137,1.2699999809265137,1.2699999809265137,3300,0.0,0.0
2024-05-21 13:00:00+08:00,1.2699999809265137,1.2699999809265137,1.2599999904632568,1.2599999904632568,14000,0.0,0.0
2024-05-21 15:00:00+08:00,1.2599999904632568,1.2699999809265137,1.2599999904632568,1.2599999904632568,16400,0.0,0.0
2024-05-21 16:00:00+08:00,1.2599999904632568,1.2799999713897705,1.2599999904632568,1.2599999904632568,68200,0.0,0.0
2024-05-23 09:00:00+08:00,1.2599999904632568,1.2699999809265137,1.2599999904632568,1.2599999904632568,7800,0.0,0.0
2024-05-23 10:00:00+08:00,1.2599999904632568,1.2699999809265137,1.2599999904632568,1.2699999809265137,15100,0.0,0.0
2024-05-23 11:00:00+08:00,1.2699999809265137,1.2699999809265137,1.2599999904632568,1.2699999809265137,6900,0.0,0.0
2024-05-23 12:00:00+08:00,1.2699999809265137,1.2699999809265137,1.2699999809265137,1.2699999809265137,4800,0.0,0.0
2024-05-23 13:00:00+08:00,1.2699999809265137,1.2699999809265137,1.2599999904632568,1.2599999904632568,5000,0.0,0.0
2024-05-23 14:00:00+08:00,1.2599999904632568,1.2699999809265137,1.2599999904632568,1.2599999904632568,1800,0.0,0.0
2024-05-23 15:00:00+08:00,1.2599999904632568,1.2699999809265137,1.2599999904632568,1.2599999904632568,4600,0.0,0.0
2024-05-23 16:00:00+08:00,1.2599999904632568,1.2699999809265137,1.2599999904632568,1.2699999809265137,3800,0.0,0.0
2024-05-24 09:00:00+08:00,1.2699999809265137,1.2699999809265137,1.2599999904632568,1.2599999904632568,42500,0.0,0.0
2024-05-24 10:00:00+08:00,1.2599999904632568,1.2599999904632568,1.2599999904632568,1.2599999904632568,100,0.0,0.0
2024-05-24 11:00:00+08:00,1.2599999904632568,1.2699999809265137,1.2599999904632568,1.2599999904632568,68700,0.0,0.0
2024-05-24 12:00:00+08:00,1.2599999904632568,1.2599999904632568,1.2599999904632568,1.2599999904632568,2500,0.0,0.0
2024-05-24 13:00:00+08:00,1.2599999904632568,1.2699999809265137,1.2599999904632568,1.2699999809265137,237100,0.0,0.0
2024-05-24 14:00:00+08:00,1.2699999809265137,1.2699999809265137,1.2699999809265137,1.2699999809265137,20400,0.0,0.0
2024-05-24 15:00:00+08:00,1.2699999809265137,1.2799999713897705,1.2699999809265137,1.2699999809265137,54000,0.0,0.0
2024-05-24 16:00:00+08:00,1.2699999809265137,1.2799999713897705,1.2599999904632568,1.2699999809265137,148000,0.0,0.0
2024-05-27 12:00:00+08:00,1.2599999904632568,1.2699999809265137,1.2599999904632568,1.2699999809265137,0,0.0,0.0
2024-05-27 13:00:00+08:00,1.2699999809265137,1.2699999809265137,1.2599999904632568,1.2699999809265137,33100,0.0,0.0
2024-05-27 14:00:00+08:00,1.2699999809265137,1.2699999809265137,1.2699999809265137,1.2699999809265137,15800,0.0,0.0
2024-05-27 15:00:00+08:00,1.2699999809265137,1.2799999713897705,1.2599999904632568,1.2599999904632568,1300,0.0,0.0
2024-05-27 16:00:00+08:00,1.2699999809265137,1.2699999809265137,1.2599999904632568,1.2699999809265137,74100,0.0,0.0
2024-05-28 09:00:00+08:00,1.2699999809265137,1.2699999809265137,1.2699999809265137,1.2699999809265137,20500,0.0,0.0
2024-05-28 10:00:00+08:00,1.2699999809265137,1.2699999809265137,1.2699999809265137,1.2699999809265137,200,0.0,0.0
2024-05-28 11:00:00+08:00,1.2699999809265137,1.2699999809265137,1.2599999904632568,1.2699999809265137,1600,0.0,0.0
2024-05-28 12:00:00+08:00,1.2599999904632568,1.2699999809265137,1.2599999904632568,1.2699999809265137,30500,0.0,0.0
2024-05-28 13:00:00+08:00,1.2699999809265137,1.2699999809265137,1.2599999904632568,1.2599999904632568,114600,0.0,0.0
2024-05-28 14:00:00+08:00,1.2599999904632568,1.2699999809265137,1.2599999904632568,1.2599999904632568,17100,0.0,0.0
2024-05-28 15:00:00+08:00,1.2599999904632568,1.2699999809265137,1.2599999904632568,1.2699999809265137,4900,0.0,0.0
2024-05-28 16:00:00+08:00,1.2699999809265137,1.2699999809265137,1.2599999904632568,1.2599999904632568,32800,0.0,0.0
2024-05-29 09:00:00+08:00,1.2599999904632568,1.2699999809265137,1.2599999904632568,1.2599999904632568,108000,0.0,0.0
2024-05-29 10:00:00+08:00,1.2599999904632568,1.2699999809265137,1.2599999904632568,1.2699999809265137,29500,0.0,0.0
2024-05-29 11:00:00+08:00,1.2699999809265137,1.2699999809265137,1.2599999904632568,1.2699999809265137,0,0.0,0.0
2024-05-29 12:00:00+08:00,1.2599999904632568,1.2599999904632568,1.2599999904632568,1.2599999904632568,158100,0.0,0.0
2024-05-29 13:00:00+08:00,1.2699999809265137,1.2699999809265137,1.2599999904632568,1.2599999904632568,2400,0.0,0.0
2024-05-29 14:00:00+08:00,1.2599999904632568,1.2699999809265137,1.2599999904632568,1.2699999809265137,313900,0.0,0.0
2024-05-29 15:00:00+08:00,1.2699999809265137,1.2699999809265137,1.2599999904632568,1.2699999809265137,5300,0.0,0.0
2024-05-29 16:00:00+08:00,1.2699999809265137,1.2699999809265137,1.2599999904632568,1.2699999809265137,6000,0.0,0.0
2024-05-30 09:00:00+08:00,1.2699999809265137,1.2699999809265137,1.2599999904632568,1.2599999904632568,2700,0.0,0.0
2024-05-30 10:00:00+08:00,1.2599999904632568,1.2699999809265137,1.2599999904632568,1.2699999809265137,18200,0.0,0.0
2024-05-30 11:00:00+08:00,1.2699999809265137,1.2699999809265137,1.2599999904632568,1.2599999904632568,24900,0.0,0.0
2024-05-30 12:00:00+08:00,1.2599999904632568,1.2599999904632568,1.2599999904632568,1.2599999904632568,152000,0.0,0.0
2024-05-30 13:00:00+08:00,1.2599999904632568,1.2699999809265137,1.25,1.25,346700,0.0,0.0
2024-05-30 14:00:00+08:00,1.25,1.2699999809265137,1.25,1.2599999904632568,187500,0.0,0.0
2024-05-30 15:00:00+08:00,1.2599999904632568,1.2699999809265137,1.25,1.2699999809265137,236000,0.0,0.0
2024-05-30 16:00:00+08:00,1.2699999809265137,1.2699999809265137,1.2599999904632568,1.2599999904632568,86600,0.0,0.0
2024-05-31 10:00:00+08:00,1.2599999904632568,1.2699999809265137,1.2599999904632568,1.2599999904632568,900,0.0,0.0
2024-05-31 11:00:00+08:00,1.2599999904632568,1.2699999809265137,1.2599999904632568,1.2699999809265137,900,0.0,0.0
2024-05-31 12:00:00+08:00,1.2699999809265137,1.2699999809265137,1.2699999809265137,1.2699999809265137,14100,0.0,0.0
2024-05-31 13:00:00+08:00,1.2699999809265137,1.2699999809265137,1.2599999904632568,1.2699999809265137,4700,0.0,0.0
2024-05-31 14:00:00+08:00,1.2699999809265137,1.2699999809265137,1.2599999904632568,1.2699999809265137,58700,0.0,0.0
2024-05-31 15:00:00+08:00,1.2699999809265137,1.2699999809265137,1.2599999904632568,1.2599999904632568,74500,0.0,0.0
2024-05-31 16:00:00+08:00,1.2599999904632568,1.2699999809265137,1.25,1.2599999904632568,188700,0.0,0.0
2024-06-03 09:00:00+08:00,1.2699999809265137,1.2699999809265137,1.2599999904632568,1.2599999904632568,233500,0.0,0.0
2024-06-03 10:00:00+08:00,1.2599999904632568,1.2699999809265137,1.25,1.2699999809265137,112300,0.0,0.0
2024-06-03 11:00:00+08:00,1.2699999809265137,1.2699999809265137,1.2599999904632568,1.2599999904632568,1300,0.0,0.0
2024-06-03 12:00:00+08:00,1.2699999809265137,1.2699999809265137,1.2699999809265137,1.2699999809265137,500,0.0,0.0
2024-06-03 13:00:00+08:00,1.2599999904632568,1.2699999809265137,1.2599999904632568,1.2699999809265137,5300,0.0,0.0
2024-06-03 14:00:00+08:00,1.2699999809265137,1.2699999809265137,1.2599999904632568,1.2599999904632568,9100,0.0,0.0
2024-06-03 15:00:00+08:00,1.2599999904632568,1.2699999809265137,1.2599999904632568,1.2599999904632568,7100,0.0,0.0
2024-06-03 16:00:00+08:00,1.2599999904632568,1.2699999809265137,1.2599999904632568,1.2599999904632568,17000,0.0,0.0
2024-06-04 09:00:00+08:00,1.2699999809265137,1.2799999713897705,1.2599999904632568,1.2699999809265137,90500,0.0,0.0
2024-06-04 10:00:00+08:00,1.2699999809265137,1.2799999713897705,1.2699999809265137,1.2799999713897705,70100,0.0,0.0
2024-06-04 11:00:00+08:00,1.2799999713897705,1.2799999713897705,1.2699999809265137,1.2699999809265137,0,0.0,0.0
2024-06-04 13:00:00+08:00,1.2699999809265137,1.2799999713897705,1.2599999904632568,1.2599999904632568,444400,0.0,0.0
2024-06-04 14:00:00+08:00,1.2599999904632568,1.2599999904632568,1.2599999904632568,1.2599999904632568,43800,0.0,0.0
2024-06-04 15:00:00+08:00,1.2599999904632568,1.2699999809265137,1.2599999904632568,1.2699999809265137,17900,0.0,0.0
2024-06-04 16:00:00+08:00,1.2699999809265137,1.2799999713897705,1.2599999904632568,1.2699999809265137,591200,0.0,0.0
2024-06-05 09:00:00+08:00,1.2799999713897705,1.2799999713897705,1.2699999809265137,1.2799999713897705,3400,0.0,0.0
2024-06-05 10:00:00+08:00,1.2799999713897705,1.2799999713897705,1.2699999809265137,1.2699999809265137,900,0.0,0.0
2024-06-05 11:00:00+08:00,1.2699999809265137,1.2799999713897705,1.2699999809265137,1.2699999809265137,1500,0.0,0.0
2024-06-05 13:00:00+08:00,1.2699999809265137,1.2799999713897705,1.2699999809265137,1.2799999713897705,2500,0.0,0.0
2024-06-05 14:00:00+08:00,1.2799999713897705,1.2799999713897705,1.2699999809265137,1.2699999809265137,10200,0.0,0.0
2024-06-05 15:00:00+08:00,1.2699999809265137,1.2799999713897705,1.2599999904632568,1.2699999809265137,116900,0.0,0.0
2024-06-05 16:00:00+08:00,1.2699999809265137,1.2799999713897705,1.2599999904632568,1.2799999713897705,77200,0.0,0.0
2024-06-06 11:00:00+08:00,1.2799999713897705,1.2799999713897705,1.2699999809265137,1.2699999809265137,10600,0.0,0.0
2024-06-06 12:00:00+08:00,1.2699999809265137,1.2699999809265137,1.2699999809265137,1.2699999809265137,41200,0.0,0.0
2024-06-06 13:00:00+08:00,1.2699999809265137,1.2699999809265137,1.2699999809265137,1.2699999809265137,400,0.0,0.0
2024-06-06 14:00:00+08:00,1.2699999809265137,1.2699999809265137,1.2699999809265137,1.2699999809265137,900,0.0,0.0
2024-06-06 15:00:00+08:00,1.2699999809265137,1.2799999713897705,1.2699999809265137,1.2699999809265137,0,0.0,0.0
2024-06-06 16:00:00+08:00,1.2699999809265137,1.2799999713897705,1.2699999809265137,1.2699999809265137,59700,0.0,0.0
2024-06-07 09:00:00+08:00,1.2699999809265137,1.2799999713897705,1.2599999904632568,1.2699999809265137,88700,0.0,0.0
2024-06-07 10:00:00+08:00,1.2699999809265137,1.2699999809265137,1.2699999809265137,1.2699999809265137,10200,0.0,0.0
2024-06-07 11:00:00+08:00,1.2699999809265137,1.2799999713897705,1.2699999809265137,1.2699999809265137,10400,0.0,0.0
2024-06-07 12:00:00+08:00,1.2699999809265137,1.2699999809265137,1.2699999809265137,1.2699999809265137,11300,0.0,0.0
2024-06-07 13:00:00+08:00,1.2699999809265137,1.2699999809265137,1.2699999809265137,1.2699999809265137,24900,0.0,0.0
2024-06-07 14:00:00+08:00,1.2699999809265137,1.2699999809265137,1.2599999904632568,1.2699999809265137,52500,0.0,0.0
2024-06-07 15:00:00+08:00,1.2699999809265137,1.2699999809265137,1.2599999904632568,1.2599999904632568,38000,0.0,0.0
2024-06-07 16:00:00+08:00,1.2599999904632568,1.2699999809265137,1.2599999904632568,1.2599999904632568,15800,0.0,0.0
2024-06-10 09:00:00+08:00,1.2699999809265137,1.2699999809265137,1.2599999904632568,1.2599999904632568,1000,0.0,0.0
2024-06-10 10:00:00+08:00,1.2599999904632568,1.2699999809265137,1.2599999904632568,1.2699999809265137,200,0.0,0.0
2024-06-10 11:00:00+08:00,1.2699999809265137,1.2699999809265137,1.2699999809265137,1.2699999809265137,1100,0.0,0.0
2024-06-10 13:00:00+08:00,1.2699999809265137,1.2699999809265137,1.2599999904632568,1.2599999904632568,108200,0.0,0.0
2024-06-10 14:00:00+08:00,1.2599999904632568,1.2699999809265137,1.2599999904632568,1.2599999904632568,28900,0.0,0.0
2024-06-10 15:00:00+08:00,1.2599999904632568,1.2699999809265137,1.2599999904632568,1.2599999904632568,11800,0.0,0.0
2024-06-10 16:00:00+08:00,1.2599999904632568,1.2699999809265137,1.2599999904632568,1.2599999904632568,41900,0.0,0.0
2024-06-11 10:00:00+08:00,1.2599999904632568,1.2699999809265137,1.2599999904632568,1.2699999809265137,88000,0.0,0.0
2024-06-11 11:00:00+08:00,1.2699999809265137,1.2699999809265137,1.2599999904632568,1.2599999904632568,199700,0.0,0.0
2024-06-11 12:00:00+08:00,1.2699999809265137,1.2699999809265137,1.2699999809265137,1.2699999809265137,31000,0.0,0.0
2024-06-11 13:00:00+08:00,1.2699999809265137,1.2699999809265137,1.2599999904632568,1.2699999809265137,123300,0.0,0.0
2024-06-11 14:00:00+08:00,1.2699999809265137,1.2699999809265137,1.2699999809265137,1.2699999809265137,7600,0.0,0.0
2024-06-11 15:00:00+08:00,1.2699999809265137,1.2799999713897705,1.2599999904632568,1.2699999809265137,258100,0.0,0.0
2024-06-11 16:00:00+08:00,1.2699999809265137,1.2799999713897705,1.2699999809265137,1.2699999809265137,37000,0.0,0.0
2024-06-12 10:00:00+08:00,1.2799999713897705,1.2799999713897705,1.2699999809265137,1.2799999713897705,23700,0.0,0.0
2024-06-12 11:00:00+08:00,1.2799999713897705,1.2799999713897705,1.2699999809265137,1.2699999809265137,49000,0.0,0.0
2024-06-12 12:00:00+08:00,1.2799999713897705,1.2799999713897705,1.2699999809265137,1.2699999809265137,500,0.0,0.0
2024-06-12 13:00:00+08:00,1.2699999809265137,1.2799999713897705,1.2699999809265137,1.2799999713897705,3700,0.0,0.0
2024-06-12 14:00:00+08:00,1.2799999713897705,1.2799999713897705,1.2699999809265137,1.2799999713897705,1400,0.0,0.0
2024-06-12 15:00:00+08:00,1.2799999713897705,1.2799999713897705,1.2699999809265137,1.2699999809265137,18400,0.0,0.0
2024-06-12 16:00:00+08:00,1.2699999809265137,1.2799999713897705,1.2599999904632568,1.2599999904632568,154200,0.0,0.0
2024-06-13 10:00:00+08:00,1.2699999809265137,1.2699999809265137,1.2599999904632568,1.2599999904632568,12200,0.0,0.0
2024-06-13 11:00:00+08:00,1.2599999904632568,1.2699999809265137,1.2599999904632568,1.2599999904632568,26900,0.0,0.0
2024-06-13 12:00:00+08:00,1.2599999904632568,1.2599999904632568,1.2599999904632568,1.2599999904632568,6200,0.0,0.0
2024-06-13 13:00:00+08:00,1.2599999904632568,1.2699999809265137,1.2599999904632568,1.2599999904632568,900,0.0,0.0
2024-06-13 14:00:00+08:00,1.2599999904632568,1.2699999809265137,1.2599999904632568,1.2599999904632568,1400,0.0,0.0
2024-06-13 15:00:00+08:00,1.2599999904632568,1.2699999809265137,1.2599999904632568,1.2699999809265137,200,0.0,0.0
2024-06-13 16:00:00+08:00,1.2699999809265137,1.2699999809265137,1.2599999904632568,1.2599999904632568,5800,0.0,0.0
2024-06-14 09:00:00+08:00,1.2699999809265137,1.2699999809265137,1.2599999904632568,1.2599999904632568,0,0.0,0.0
2024-06-14 10:00:00+08:00,1.2599999904632568,1.2699999809265137,1.2599999904632568,1.2699999809265137,1300,0.0,0.0
2024-06-14 11:00:00+08:00,1.2699999809265137,1.2799999713897705,1.2699999809265137,1.2699999809265137,321300,0.0,0.0
2024-06-14 12:00:00+08:00,1.2699999809265137,1.2699999809265137,1.2699999809265137,1.2699999809265137,100,0.0,0.0
2024-06-14 13:00:00+08:00,1.2699999809265137,1.2799999713897705,1.2699999809265137,1.2699999809265137,34800,0.0,0.0
2024-06-14 14:00:00+08:00,1.2699999809265137,1.2799999713897705,1.2699999809265137,1.2699999809265137,52100,0.0,0.0
2024-06-14 15:00:00+08:00,1.2699999809265137,1.2799999713897705,1.2699999809265137,1.2699999809265137,18600,0.0,0.0
2024-06-14 16:00:00+08:00,1.2699999809265137,1.2799999713897705,1.2699999809265137,1.2699999809265137,15800,0.0,0.0
2024-06-18 09:00:00+08:00,1.2799999713897705,1.2799999713897705,1.2699999809265137,1.2699999809265137,106000,0.0,0.0
2024-06-18 10:00:00+08:00,1.2699999809265137,1.2799999713897705,1.2599999904632568,1.2599999904632568,324800,0.0,0.0
2024-06-18 11:00:00+08:00,1.2599999904632568,1.2699999809265137,1.25,1.2599999904632568,299700,0.0,0.0
2024-06-18 12:00:00+08:00,1.25,1.25,1.25,1.25,106400,0.0,0.0
2024-06-18 13:00:00+08:00,1.25,1.2599999904632568,1.25,1.25,157700,0.0,0.0
2024-06-18 14:00:00+08:00,1.25,1.2599999904632568,1.25,1.25,395300,0.0,0.0
2024-06-18 15:00:00+08:00,1.25,1.2699999809265137,1.25,1.2599999904632568,337200,0.0,0.0
2024-06-18 16:00:00+08:00,1.2599999904632568,1.2699999809265137,1.2599999904632568,1.2599999904632568,694000,0.0,0.0
2024-06-19 09:00:00+08:00,1.2699999809265137,1.2699999809265137,1.2599999904632568,1.2599999904632568,37500,0.0,0.0
2024-06-19 10:00:00+08:00,1.2599999904632568,1.2699999809265137,1.25,1.2599999904632568,526000,0.0,0.0
2024-06-19 11:00:00+08:00,1.2599999904632568,1.2599999904632568,1.2300000190734863,1.25,1077800,0.0,0.0
2024-06-19 12:00:00+08:00,1.2400000095367432,1.2400000095367432,1.2400000095367432,1.2400000095367432,37500,0.0,0.0
2024-06-19 13:00:00+08:00,1.2400000095367432,1.25,1.2300000190734863,1.2400000095367432,615400,0.0,0.0
2024-06-19 14:00:00+08:00,1.2400000095367432,1.2400000095367432,1.2300000190734863,1.2400000095367432,421200,0.0,0.0
2024-06-19 15:00:00+08:00,1.2400000095367432,1.2400000095367432,1.2300000190734863,1.2300000190734863,266600,0.0,0.0
2024-06-19 16:00:00+08:00,1.2300000190734863,1.25,1.2300000190734863,1.2400000095367432,823600,0.0,0.0
2024-06-20 09:00:00+08:00,1.2400000095367432,1.2400000095367432,1.2300000190734863,1.2300000190734863,276500,0.0,0.0
2024-06-20 10:00:00+08:00,1.2300000190734863,1.2400000095367432,1.2200000286102295,1.2400000095367432,1133600,0.0,0.0
2024-06-20 11:00:00+08:00,1.2400000095367432,1.2400000095367432,1.2300000190734863,1.2400000095367432,204100,0.0,0.0
2024-06-20 12:00:00+08:00,1.2300000190734863,1.2300000190734863,1.2300000190734863,1.2300000190734863,39000,0.0,0.0
2024-06-20 13:00:00+08:00,1.2400000095367432,1.2400000095367432,1.2200000286102295,1.2200000286102295,464500,0.0,0.0
2024-06-20 14:00:00+08:00,1.2200000286102295,1.2300000190734863,1.2200000286102295,1.2200000286102295,372000,0.0,0.0
2024-06-20 15:00:00+08:00,1.2200000286102295,1.2300000190734863,1.2200000286102295,1.2200000286102295,217900,0.0,0.0
2024-06-20 16:00:00+08:00,1.2200000286102295,1.2300000190734863,1.2000000476837158,1.2100000381469727,1675700,0.0,0.0
2024-06-21 09:00:00+08:00,1.2200000286102295,1.2200000286102295,1.2100000381469727,1.2200000286102295,339400,0.0,0.0
2024-06-21 10:00:00+08:00,1.2200000286102295,1.2300000190734863,1.2100000381469727,1.2200000286102295,535200,0.0,0.0
2024-06-21 11:00:00+08:00,1.2200000286102295,1.2300000190734863,1.2200000286102295,1.2200000286102295,64800,0.0,0.0
2024-06-21 12:00:00+08:00,1.2200000286102295,1.2300000190734863,1.2200000286102295,1.2300000190734863,29900,0.0,0.0
2024-06-21 13:00:00+08:00,1.2300000190734863,1.2400000095367432,1.2200000286102295,1.2400000095367432,505500,0.0,0.0
2024-06-21 14:00:00+08:00,1.2400000095367432,1.2400000095367432,1.2200000286102295,1.2300000190734863,98500,0.0,0.0
2024-06-21 15:00:00+08:00,1.2300000190734863,1.2300000190734863,1.2200000286102295,1.2300000190734863,123300,0.0,0.0
2024-06-21 16:00:00+08:00,1.2300000190734863,1.2300000190734863,1.2200000286102295,1.2300000190734863,618100,0.0,0.0
2024-06-24 09:00:00+08:00,1.25,1.2599999904632568,1.2400000095367432,1.2400000095367432,145700,0.0,0.0
2024-06-24 10:00:00+08:00,1.2400000095367432,1.25,1.2400000095367432,1.2400000095367432,198300,0.0,0.0
2024-06-24 11:00:00+08:00,1.2400000095367432,1.25,1.2300000190734863,1.2400000095367432,79200,0.0,0.0
2024-06-24 12:00:00+08:00,1.25,1.25,1.25,1.25,1000,0.0,0.0
2024-06-24 13:00:00+08:00,1.25,1.25,1.2400000095367432,1.25,177700,0.0,0.0
2024-06-24 14:00:00+08:00,1.25,1.25,1.2400000095367432,1.25,305500,0.0,0.0
2024-06-24 15:00:00+08:00,1.25,1.25,1.2400000095367432,1.25,206900,0.0,0.0
2024-06-24 16:00:00+08:00,1.25,1.2599999904632568,1.2400000095367432,1.2599999904632568,548000,0.0,0.0
2024-06-25 09:00:00+08:00,1.25,1.2599999904632568,1.25,1.25,400,0.0,0.0
2024-06-25 11:00:00+08:00,1.25,1.2599999904632568,1.25,1.25,2200,0.0,0.0
2024-06-25 12:00:00+08:00,1.2599999904632568,1.2599999904632568,1.25,1.25,400,0.0,0.0
2024-06-25 13:00:00+08:00,1.25,1.2599999904632568,1.2400000095367432,1.2599999904632568,141700,0.0,0.0
2024-06-25 14:00:00+08:00,1.2599999904632568,1.2599999904632568,1.25,1.25,23100,0.0,0.0
2024-06-25 15:00:00+08:00,1.25,1.25,1.25,1.25,3000,0.0,0.0
2024-06-25 16:00:00+08:00,1.25,1.25,1.2400000095367432,1.25,178400,0.0,0.0
2024-06-26 09:00:00+08:00,1.25,1.2599999904632568,1.25,1.25,88500,0.0,0.0
2024-06-26 10:00:00+08:00,1.25,1.2599999904632568,1.25,1.2599999904632568,10000,0.0,0.0
2024-06-26 11:00:00+08:00,1.2599999904632568,1.2599999904632568,1.25,1.2599999904632568,4400,0.0,0.0
2024-06-26 12:00:00+08:00,1.2599999904632568,1.2599999904632568,1.2599999904632568,1.2599999904632568,11600,0.0,0.0
2024-06-26 13:00:00+08:00,1.2599999904632568,1.2599999904632568,1.25,1.25,27800,0.0,0.0
2024-06-26 14:00:00+08:00,1.25,1.2599999904632568,1.25,1.2599999904632568,34200,0.0,0.0
2024-06-26 15:00:00+08:00,1.2599999904632568,1.2599999904632568,1.25,1.25,335500,0.0,0.0
2024-06-26 16:00:00+08:00,1.25,1.2599999904632568,1.25,1.25,177700,0.0,0.0
2024-06-27 09:00:00+08:00,1.2599999904632568,1.2599999904632568,1.25,1.25,81400,0.0,0.0
2024-06-27 10:00:00+08:00,1.25,1.2599999904632568,1.25,1.25,60200,0.0,0.0
2024-06-27 11:00:00+08:00,1.25,1.2599999904632568,1.25,1.25,48800,0.0,0.0
2024-06-27 12:00:00+08:00,1.25,1.25,1.25,1.25,9300,0.0,0.0
2024-06-27 13:00:00+08:00,1.25,1.2599999904632568,1.25,1.2599999904632568,79600,0.0,0.0
2024-06-27 14:00:00+08:00,1.2599999904632568,1.2599999904632568,1.25,1.25,17900,0.0,0.0
2024-06-27 15:00:00+08:00,1.25,1.2599999904632568,1.2400000095367432,1.25,120700,0.0,0.0
2024-06-27 16:00:00+08:00,1.25,1.25,1.2400000095367432,1.2400000095367432,320700,0.0,0.0
2024-06-28 09:00:00+08:00,1.2400000095367432,1.25,1.2400000095367432,1.25,156000,0.0,0.0
2024-06-28 10:00:00+08:00,1.25,1.25,1.25,1.25,400,0.0,0.0
2024-06-28 11:00:00+08:00,1.25,1.25,1.2400000095367432,1.25,4800,0.0,0.0
2024-06-28 12:00:00+08:00,1.25,1.25,1.25,1.25,2300,0.0,0.0
2024-06-28 13:00:00+08:00,1.25,1.25,1.2400000095367432,1.25,29200,0.0,0.0
2024-06-28 14:00:00+08:00,1.25,1.25,1.2400000095367432,1.25,0,0.0,0.0
2024-06-28 15:00:00+08:00,1.25,1.25,1.25,1.25,263500,0.0,0.0
2024-06-28 16:00:00+08:00,1.25,1.25,1.25,1.25,1200,0.0,0.0
2024-07-01 09:00:00+08:00,1.2400000095367432,1.25,1.2400000095367432,1.2400000095367432,5500,0.0,0.0
2024-07-01 10:00:00+08:00,1.2400000095367432,1.25,1.2400000095367432,1.2400000095367432,29500,0.0,0.0
2024-07-01 11:00:00+08:00,1.2400000095367432,1.25,1.2400000095367432,1.2400000095367432,107500,0.0,0.0
2024-07-01 12:00:00+08:00,1.25,1.25,1.25,1.25,3300,0.0,0.0
2024-07-01 13:00:00+08:00,1.25,1.25,1.25,1.25,196400,0.0,0.0
2024-07-01 14:00:00+08:00,1.25,1.25,1.2400000095367432,1.25,15000,0.0,0.0
2024-07-01 15:00:00+08:00,1.25,1.25,1.2400000095367432,1.2400000095367432,5100,0.0,0.0
2024-07-01 16:00:00+08:00,1.2400000095367432,1.25,1.2400000095367432,1.2400000095367432,20300,0.0,0.0
2024-07-02 09:00:00+08:00,1.25,1.2599999904632568,1.25,1.2599999904632568,113800,0.0,0.0
2024-07-02 10:00:00+08:00,1.2599999904632568,1.2599999904632568,1.25,1.25,5300,0.0,0.0
2024-07-02 11:00:00+08:00,1.25,1.25,1.25,1.25,18900,0.0,0.0
2024-07-02 12:00:00+08:00,1.25,1.25,1.25,1.25,15700,0.0,0.0
2024-07-02 13:00:00+08:00,1.25,1.25,1.25,1.25,27300,0.0,0.0
2024-07-02 14:00:00+08:00,1.25,1.25,1.25,1.25,23900,0.0,0.0
2024-07-02 15:00:00+08:00,1.25,1.2599999904632568,1.25,1.25,42700,0.0,0.0
2024-07-02 16:00:00+08:00,1.25,1.2599999904632568,1.2400000095367432,1.2599999904632568,254100,0.0,0.0
2024-07-03 09:00:00+08:00,1.25,1.25,1.25,1.25,7100,0.0,0.0
2024-07-03 10:00:00+08:00,1.25,1.25,1.2400000095367432,1.25,14300,0.0,0.0
2024-07-03 11:00:00+08:00,1.25,1.25,1.2400000095367432,1.25,9100,0.0,0.0
2024-07-03 12:00:00+08:00,1.25,1.25,1.25,1.25,500,0.0,0.0
2024-07-03 13:00:00+08:00,1.25,1.2599999904632568,1.25,1.2599999904632568,200000,0.0,0.0
2024-07-03 14:00:00+08:00,1.2599999904632568,1.2599999904632568,1.25,1.25,50500,0.0,0.0
2024-07-03 15:00:00+08:00,1.25,1.2599999904632568,1.25,1.25,52400,0.0,0.0
2024-07-03 16:00:00+08:00,1.25,1.2599999904632568,1.25,1.25,242900,0.0,0.0
2024-07-04 09:00:00+08:00,1.2599999904632568,1.2699999809265137,1.2599999904632568,1.2699999809265137,346400,0.0,0.0
2024-07-04 10:00:00+08:00,1.2699999809265137,1.2699999809265137,1.25,1.25,135900,0.0,0.0
2024-07-04 11:00:00+08:00,1.25,1.2599999904632568,1.25,1.25,13900,0.0,0.0
2024-07-04 12:00:00+08:00,1.2599999904632568,1.2599999904632568,1.25,1.25,6100,0.0,0.0
2024-07-04 13:00:00+08:00,1.25,1.25,1.25,1.25,400,0.0,0.0
2024-07-04 14:00:00+08:00,1.25,1.2599999904632568,1.25,1.25,116600,0.0,0.0
2024-07-04 15:00:00+08:00,1.25,1.2599999904632568,1.25,1.25,4500,0.0,0.0
2024-07-04 16:00:00+08:00,1.25,1.2599999904632568,1.25,1.25,31700,0.0,0.0
2024-07-05 09:00:00+08:00,1.2599999904632568,1.2599999904632568,1.2599999904632568,1.2599999904632568,17700,0.0,0.0
2024-07-05 11:00:00+08:00,1.2599999904632568,1.2599999904632568,1.25,1.2599999904632568,164300,0.0,0.0
2024-07-05 12:00:00+08:00,1.2599999904632568,1.2599999904632568,1.2599999904632568,1.2599999904632568,500,0.0,0.0
2024-07-05 13:00:00+08:00,1.2599999904632568,1.2599999904632568,1.2599999904632568,1.2599999904632568,8800,0.0,0.0
2024-07-05 14:00:00+08:00,1.2599999904632568,1.2599999904632568,1.2599999904632568,1.2599999904632568,6500,0.0,0.0
2024-07-05 15:00:00+08:00,1.2599999904632568,1.2599999904632568,1.2599999904632568,1.2599999904632568,10800,0.0,0.0
2024-07-05 16:00:00+08:00,1.2599999904632568,1.2699999809265137,1.2599999904632568,1.2599999904632568,209100,0.0,0.0
2024-07-08 09:00:00+08:00,1.2599999904632568,1.2699999809265137,1.2599999904632568,1.2699999809265137,80500,0.0,0.0
2024-07-08 10:00:00+08:00,1.2699999809265137,1.2699999809265137,1.2599999904632568,1.2699999809265137,30900,0.0,0.0
2024-07-08 11:00:00+08:00,1.2699999809265137,1.2699999809265137,1.2599999904632568,1.2599999904632568,11900,0.0,0.0
2024-07-08 12:00:00+08:00,1.2699999809265137,1.2699999809265137,1.2699999809265137,1.2699999809265137,6200,0.0,0.0
2024-07-08 13:00:00+08:00,1.2699999809265137,1.2699999809265137,1.2699999809265137,1.2699999809265137,300,0.0,0.0
2024-07-08 14:00:00+08:00,1.2699999809265137,1.2699999809265137,1.2599999904632568,1.2699999809265137,3900,0.0,0.0
2024-07-08 15:00:00+08:00,1.2699999809265137,1.2699999809265137,1.2599999904632568,1.2599999904632568,66300,0.0,0.0
2024-07-08 16:00:00+08:00,1.2599999904632568,1.2699999809265137,1.2599999904632568,1.2599999904632568,184900,0.0,0.0
2024-07-09 09:00:00+08:00,1.2699999809265137,1.2699999809265137,1.2599999904632568,1.2599999904632568,9800,0.0,0.0
2024-07-09 10:00:00+08:00,1.2599999904632568,1.2699999809265137,1.2599999904632568,1.2699999809265137,3000,0.0,0.0
2024-07-09 11:00:00+08:00,1.2699999809265137,1.2699999809265137,1.2599999904632568,1.2699999809265137,900,0.0,0.0
2024-07-09 12:00:00+08:00,1.2599999904632568,1.2699999809265137,1.2599999904632568,1.2699999809265137,2900,0.0,0.0
2024-07-09 13:00:00+08:00,1.2699999809265137,1.2699999809265137,1.2599999904632568,1.2699999809265137,32000,0.0,0.0
2024-07-09 14:00:00+08:00,1.2699999809265137,1.2699999809265137,1.2599999904632568,1.2699999809265137,18000,0.0,0.0
2024-07-09 15:00:00+08:00,1.2699999809265137,1.2699999809265137,1.25,1.2599999904632568,187800,0.0,0.0
2024-07-09 16:00:00+08:00,1.2599999904632568,1.2699999809265137,1.2599999904632568,1.2599999904632568,73300,0.0,0.0
2024-07-10 10:00:00+08:00,1.2599999904632568,1.2699999809265137,1.25,1.25,42000,0.0,0.0
2024-07-10 11:00:00+08:00,1.25,1.2599999904632568,1.25,1.25,27000,0.0,0.0
2024-07-10 12:00:00+08:00,1.2599999904632568,1.2599999904632568,1.25,1.25,3400,0.0,0.0
2024-07-10 13:00:00+08:00,1.25,1.2599999904632568,1.25,1.25,29100,0.0,0.0
2024-07-10 14:00:00+08:00,1.25,1.2599999904632568,1.25,1.25,29100,0.0,0.0
2024-07-10 15:00:00+08:00,1.25,1.2599999904632568,1.25,1.2599999904632568,34900,0.0,0.0
2024-07-10 16:00:00+08:00,1.2599999904632568,1.2599999904632568,1.25,1.2599999904632568,47400,0.0,0.0
2024-07-11 09:00:00+08:00,1.2599999904632568,1.2699999809265137,1.2599999904632568,1.2699999809265137,26900,0.0,0.0
2024-07-11 10:00:00+08:00,1.2699999809265137,1.2699999809265137,1.2599999904632568,1.2599999904632568,104200,0.0,0.0
2024-07-11 11:00:00+08:00,1.2599999904632568,1.2699999809265137,1.2599999904632568,1.2699999809265137,284500,0.0,0.0
2024-07-11 12:00:00+08:00,1.2699999809265137,1.2699999809265137,1.2699999809265137,1.2699999809265137,1800,0.0,0.0
2024-07-11 13:00:00+08:00,1.2699999809265137,1.2699999809265137,1.2699999809265137,1.2699999809265137,100500,0.0,0.0
2024-07-11 14:00:00+08:00,1.2699999809265137,1.2799999713897705,1.2699999809265137,1.2799999713897705,11500,0.0,0.0
2024-07-11 15:00:00+08:00,1.2799999713897705,1.2799999713897705,1.2699999809265137,1.2699999809265137,24800,0.0,0.0
2024-07-11 16:00:00+08:00,1.2699999809265137,1.2799999713897705,1.2699999809265137,1.2699999809265137,51600,0.0,0.0
2024-07-12 09:00:00+08:00,1.2799999713897705,1.2999999523162842,1.2799999713897705,1.2899999618530273,951700,0.0,0.0
2024-07-12 10:00:00+08:00,1.2899999618530273,1.2999999523162842,1.2899999618530273,1.2999999523162842,123300,0.0,0.0
2024-07-12 11:00:00+08:00,1.2999999523162842,1.2999999523162842,1.2899999618530273,1.2999999523162842,28300,0.0,0.0
2024-07-12 12:00:00+08:00,1.2999999523162842,1.2999999523162842,1.2899999618530273,1.2899999618530273,2100,0.0,0.0
2024-07-12 13:00:00+08:00,1.2899999618530273,1.2999999523162842,1.2899999618530273,1.2999999523162842,34200,0.0,0.0
2024-07-12 14:00:00+08:00,1.2999999523162842,1.2999999523162842,1.2899999618530273,1.2999999523162842,23900,0.0,0.0
2024-07-12 15:00:00+08:00,1.2999999523162842,1.2999999523162842,1.2899999618530273,1.2999999523162842,42300,0.0,0.0
2024-07-12 16:00:00+08:00,1.2999999523162842,1.3200000524520874,1.2899999618530273,1.309999942779541,1023500,0.0,0.0
2024-07-15 09:00:00+08:00,1.309999942779541,1.3200000524520874,1.2999999523162842,1.3200000524520874,247200,0.0,0.0
2024-07-15 10:00:00+08:00,1.3200000524520874,1.3200000524520874,1.309999942779541,1.3200000524520874,137900,0.0,0.0
2024-07-15 11:00:00+08:00,1.3200000524520874,1.3200000524520874,1.309999942779541,1.309999942779541,169500,0.0,0.0
2024-07-15 12:00:00+08:00,1.3200000524520874,1.3200000524520874,1.3200000524520874,1.3200000524520874,29700,0.0,0.0
2024-07-15 13:00:00+08:00,1.3200000524520874,1.3200000524520874,1.309999942779541,1.3200000524520874,146500,0.0,0.0
2024-07-15 14:00:00+08:00,1.3200000524520874,1.340000033378601,1.309999942779541,1.3200000524520874,723400,0.0,0.0
2024-07-15 15:00:00+08:00,1.3200000524520874,1.3300000429153442,1.309999942779541,1.3200000524520874,113800,0.0,0.0
2024-07-15 16:00:00+08:00,1.3200000524520874,1.3300000429153442,1.309999942779541,1.3300000429153442,399000,0.0,0.0
2024-07-16 09:00:00+08:00,1.309999942779541,1.3200000524520874,1.309999942779541,1.3200000524520874,39000,0.0,0.0
2024-07-16 10:00:00+08:00,1.3200000524520874,1.3200000524520874,1.309999942779541,1.309999942779541,9800,0.0,0.0
2024-07-16 11:00:00+08:00,1.309999942779541,1.3200000524520874,1.309999942779541,1.309999942779541,11000,0.0,0.0
2024-07-16 12:00:00+08:00,1.309999942779541,1.309999942779541,1.309999942779541,1.309999942779541,6100,0.0,0.0
2024-07-16 13:00:00+08:00,1.309999942779541,1.309999942779541,1.2999999523162842,1.2999999523162842,148000,0.0,0.0
2024-07-16 14:00:00+08:00,1.2999999523162842,1.309999942779541,1.2999999523162842,1.309999942779541,53400,0.0,0.0
2024-07-16 15:00:00+08:00,1.309999942779541,1.309999942779541,1.2999999523162842,1.2999999523162842,62900,0.0,0.0
2024-07-16 16:00:00+08:00,1.2999999523162842,1.309999942779541,1.2999999523162842,1.309999942779541,21200,0.0,0.0
2024-07-17 09:00:00+08:00,1.309999942779541,1.3200000524520874,1.309999942779541,1.309999942779541,326000,0.0,0.0
2024-07-17 10:00:00+08:00,1.309999942779541,1.3200000524520874,1.2999999523162842,1.309999942779541,232900,0.0,0.0
2024-07-17 11:00:00+08:00,1.309999942779541,1.309999942779541,1.309999942779541,1.309999942779541,42200,0.0,0.0
2024-07-17 12:00:00+08:00,1.2999999523162842,1.2999999523162842,1.2999999523162842,1.2999999523162842,1400,0.0,0.0
2024-07-17 13:00:00+08:00,1.2999999523162842,1.309999942779541,1.2999999523162842,1.309999942779541,18000,0.0,0.0
2024-07-17 14:00:00+08:00,1.309999942779541,1.309999942779541,1.2999999523162842,1.309999942779541,76400,0.0,0.0
2024-07-17 15:00:00+08:00,1.309999942779541,1.309999942779541,1.2999999523162842,1.309999942779541,29200,0.0,0.0
2024-07-17 16:00:00+08:00,1.309999942779541,1.309999942779541,1.2899999618530273,1.2999999523162842,234300,0.0,0.0
2024-07-18 09:00:00+08:00,1.2999999523162842,1.2999999523162842,1.2899999618530273,1.2899999618530273,11500,0.0,0.0
2024-07-18 10:00:00+08:00,1.2899999618530273,1.2999999523162842,1.2899999618530273,1.2999999523162842,10500,0.0,0.0
2024-07-18 11:00:00+08:00,1.2999999523162842,1.2999999523162842,1.2899999618530273,1.2999999523162842,20200,0.0,0.0
2024-07-18 12:00:00+08:00,1.2999999523162842,1.2999999523162842,1.2999999523162842,1.2999999523162842,1300,0.0,0.0
2024-07-18 13:00:00+08:00,1.2999999523162842,1.2999999523162842,1.2899999618530273,1.2999999523162842,6300,0.0,0.0
2024-07-18 14:00:00+08:00,1.2999999523162842,1.2999999523162842,1.2899999618530273,1.2999999523162842,31900,0.0,0.0
2024-07-18 15:00:00+08:00,1.2999999523162842,1.2999999523162842,1.2899999618530273,1.2999999523162842,7000,0.0,0.0
2024-07-18 16:00:00+08:00,1.2999999523162842,1.309999942779541,1.2899999618530273,1.309999942779541,204100,0.0,0.0
2024-07-19 09:00:00+08:00,1.2999999523162842,1.2999999523162842,1.2899999618530273,1.2999999523162842,49800,0.0,0.0
2024-07-19 10:00:00+08:00,1.2999999523162842,1.2999999523162842,1.2899999618530273,1.2999999523162842,22200,0.0,0.0
2024-07-19 11:00:00+08:00,1.2999999523162842,1.2999999523162842,1.2999999523162842,1.2999999523162842,10100,0.0,0.0
2024-07-19 12:00:00+08:00,1.2999999523162842,1.2999999523162842,1.2999999523162842,1.2999999523162842,300,0.0,0.0
2024-07-19 13:00:00+08:00,1.2999999523162842,1.2999999523162842,1.2999999523162842,1.2999999523162842,700,0.0,0.0
2024-07-19 14:00:00+08:00,1.2999999523162842,1.2999999523162842,1.2999999523162842,1.2999999523162842,0,0.0,0.0
2024-07-19 15:00:00+08:00,1.2999999523162842,1.2999999523162842,1.2999999523162842,1.2999999523162842,86900,0.0,0.0
2024-07-19 16:00:00+08:00,1.2999999523162842,1.2999999523162842,1.2899999618530273,1.2999999523162842,4000,0.0,0.0
2024-07-22 09:00:00+08:00,1.2899999618530273,1.2999999523162842,1.2899999618530273,1.2999999523162842,31400,0.0,0.0
2024-07-22 10:00:00+08:00,1.2999999523162842,1.2999999523162842,1.2899999618530273,1.2899999618530273,5200,0.0,0.0
2024-07-22 11:00:00+08:00,1.2899999618530273,1.2999999523162842,1.2899999618530273,1.2899999618530273,148200,0.0,0.0
2024-07-22 12:00:00+08:00,1.2899999618530273,1.2899999618530273,1.2899999618530273,1.2899999618530273,2800,0.0,0.0
2024-07-22 13:00:00+08:00,1.2899999618530273,1.2999999523162842,1.2899999618530273,1.2899999618530273,28800,0.0,0.0
2024-07-22 14:00:00+08:00,1.2899999618530273,1.2999999523162842,1.2899999618530273,1.2899999618530273,31000,0.0,0.0
2024-07-22 15:00:00+08:00,1.2899999618530273,1.2999999523162842,1.2899999618530273,1.2899999618530273,24500,0.0,0.0
2024-07-22 16:00:00+08:00,1.2899999618530273,1.2999999523162842,1.2899999618530273,1.2899999618530273,63400,0.0,0.0
2024-07-23 09:00:00+08:00,1.2999999523162842,1.2999999523162842,1.2899999618530273,1.2999999523162842,0,0.0,0.0
2024-07-23 10:00:00+08:00,1.2999999523162842,1.2999999523162842,1.2899999618530273,1.2899999618530273,5600,0.0,0.0
2024-07-23 11:00:00+08:00,1.2899999618530273,1.2999999523162842,1.2899999618530273,1.2999999523162842,24400,0.0,0.0
2024-07-23 12:00:00+08:00,1.2999999523162842,1.2999999523162842,1.2999999523162842,1.2999999523162842,1200,0.0,0.0
2024-07-23 13:00:00+08:00,1.2999999523162842,1.2999999523162842,1.2899999618530273,1.2899999618530273,43800,0.0,0.0
2024-07-23 14:00:00+08:00,1.2899999618530273,1.2999999523162842,1.2899999618530273,1.2999999523162842,400,0.0,0.0
2024-07-23 15:00:00+08:00,1.2999999523162842,1.2999999523162842,1.2899999618530273,1.2999999523162842,34200,0.0,0.0
2024-07-23 16:00:00+08:00,1.2999999523162842,1.2999999523162842,1.2899999618530273,1.2999999523162842,5100,0.0,0.0
2024-07-24 09:00:00+08:00,1.2999999523162842,1.2999999523162842,1.2899999618530273,1.2999999523162842,2400,0.0,0.0
2024-07-24 11:00:00+08:00,1.2999999523162842,1.2999999523162842,1.2899999618530273,1.2899999618530273,17300,0.0,0.0
2024-07-24 12:00:00+08:00,1.2999999523162842,1.2999999523162842,1.2999999523162842,1.2999999523162842,1200,0.0,0.0
2024-07-24 13:00:00+08:00,1.2999999523162842,1.2999999523162842,1.2899999618530273,1.2899999618530273,1300,0.0,0.0
2024-07-24 14:00:00+08:00,1.2899999618530273,1.2999999523162842,1.2899999618530273,1.2899999618530273,47100,0.0,0.0
2024-07-24 15:00:00+08:00,1.2899999618530273,1.2999999523162842,1.2899999618530273,1.2899999618530273,12700,0.0,0.0
2024-07-24 16:00:00+08:00,1.2899999618530273,1.2999999523162842,1.2899999618530273,1.2999999523162842,14600,0.0,0.0
2024-07-25 09:00:00+08:00,1.2899999618530273,1.2899999618530273,1.2799999713897705,1.2899999618530273,156000,0.0,0.0
2024-07-25 10:00:00+08:00,1.2899999618530273,1.2899999618530273,1.2799999713897705,1.2899999618530273,2900,0.0,0.0
2024-07-25 11:00:00+08:00,1.2899999618530273,1.2899999618530273,1.2799999713897705,1.2899999618530273,1800,0.0,0.0
2024-07-25 12:00:00+08:00,1.2899999618530273,1.2899999618530273,1.2799999713897705,1.2799999713897705,1300,0.0,0.0
2024-07-25 13:00:00+08:00,1.2799999713897705,1.2899999618530273,1.2799999713897705,1.2899999618530273,72600,0.0,0.0
2024-07-25 14:00:00+08:00,1.2899999618530273,1.2899999618530273,1.2799999713897705,1.2899999618530273,1400,0.0,0.0
2024-07-25 15:00:00+08:00,1.2899999618530273,1.2899999618530273,1.2799999713897705,1.2899999618530273,229100,0.0,0.0
2024-07-25 16:00:00+08:00,1.2899999618530273,1.2999999523162842,1.2899999618530273,1.2899999618530273,474100,0.0,0.0
2024-07-26 09:00:00+08:00,1.2899999618530273,1.2999999523162842,1.2899999618530273,1.2899999618530273,36100,0.0,0.0
2024-07-26 10:00:00+08:00,1.2899999618530273,1.2999999523162842,1.2899999618530273,1.2899999618530273,29800,0.0,0.0
2024-07-26 11:00:00+08:00,1.2899999618530273,1.2999999523162842,1.2899999618530273,1.2999999523162842,600,0.0,0.0
2024-07-26 12:00:00+08:00,1.2899999618530273,1.2899999618530273,1.2899999618530273,1.2899999618530273,700,0.0,0.0
2024-07-26 13:00:00+08:00,1.2899999618530273,1.2999999523162842,1.2899999618530273,1.2999999523162842,100,0.0,0.0
2024-07-26 14:00:00+08:00,1.2999999523162842,1.2999999523162842,1.2899999618530273,1.2999999523162842,2200,0.0,0.0
2024-07-26 15:00:00+08:00,1.2999999523162842,1.2999999523162842,1.2899999618530273,1.2899999618530273,41800,0.0,0.0
2024-07-26 16:00:00+08:00,1.2899999618530273,1.2999999523162842,1.2899999618530273,1.2999999523162842,16400,0.0,0.0
2024-07-29 09:00:00+08:00,1.2999999523162842,1.2999999523162842,1.2999999523162842,1.2999999523162842,136900,0.0,0.0
2024-07-29 10:00:00+08:00,1.2999999523162842,1.309999942779541,1.2999999523162842,1.2999999523162842,11300,0.0,0.0
2024-07-29 11:00:00+08:00,1.2999999523162842,1.309999942779541,1.2999999523162842,1.309999942779541,3100,0.0,0.0
2024-07-29 12:00:00+08:00,1.2999999523162842,1.2999999523162842,1.2999999523162842,1.2999999523162842,3900,0.0,0.0
2024-07-29 13:00:00+08:00,1.2999999523162842,1.2999999523162842,1.2899999618530273,1.2999999523162842,49500,0.0,0.0
2024-07-29 14:00:00+08:00,1.2999999523162842,1.309999942779541,1.2999999523162842,1.309999942779541,97100,0.0,0.0
2024-07-29 15:00:00+08:00,1.309999942779541,1.309999942779541,1.2999999523162842,1.2999999523162842,20000,0.0,0.0
2024-07-29 16:00:00+08:00,1.2999999523162842,1.309999942779541,1.2999999523162842,1.2999999523162842,124900,0.0,0.0
2024-07-30 09:00:00+08:00,1.2999999523162842,1.309999942779541,1.2999999523162842,1.2999999523162842,21000,0.0,0.0
2024-07-30 10:00:00+08:00,1.2999999523162842,1.3200000524520874,1.2999999523162842,1.309999942779541,238700,0.0,0.0
2024-07-30 11:00:00+08:00,1.309999942779541,1.309999942779541,1.309999942779541,1.309999942779541,12500,0.0,0.0
2024-07-30 12:00:00+08:00,1.309999942779541,1.309999942779541,1.309999942779541,1.309999942779541,14500,0.0,0.0
2024-07-30 13:00:00+08:00,1.309999942779541,1.3200000524520874,1.309999942779541,1.309999942779541,325700,0.0,0.0
2024-07-30 14:00:00+08:00,1.309999942779541,1.309999942779541,1.2999999523162842,1.2999999523162842,58000,0.0,0.0
2024-07-30 15:00:00+08:00,1.2999999523162842,1.309999942779541,1.2999999523162842,1.309999942779541,3000,0.0,0.0
2024-07-30 16:00:00+08:00,1.309999942779541,1.3200000524520874,1.309999942779541,1.3200000524520874,58100,0.0,0.0
2024-07-31 09:00:00+08:00,1.309999942779541,1.309999942779541,1.2999999523162842,1.2999999523162842,178300,0.0,0.0
2024-07-31 10:00:00+08:00,1.2999999523162842,1.2999999523162842,1.2999999523162842,1.2999999523162842,0,0.0,0.0
2024-07-31 11:00:00+08:00,1.2999999523162842,1.309999942779541,1.2999999523162842,1.2999999523162842,299200,0.0,0.0
2024-07-31 12:00:00+08:00,1.2999999523162842,1.2999999523162842,1.2999999523162842,1.2999999523162842,13600,0.0,0.0
2024-07-31 13:00:00+08:00,1.2999999523162842,1.309999942779541,1.2899999618530273,1.2899999618530273,159800,0.0,0.0
2024-07-31 14:00:00+08:00,1.2899999618530273,1.309999942779541,1.2899999618530273,1.2999999523162842,172100,0.0,0.0
2024-07-31 15:00:00+08:00,1.2999999523162842,1.309999942779541,1.2999999523162842,1.2999999523162842,82000,0.0,0.0
2024-07-31 16:00:00+08:00,1.2999999523162842,1.309999942779541,1.2999999523162842,1.309999942779541,77600,0.0,0.0
2024-08-01 09:00:00+08:00,1.309999942779541,1.309999942779541,1.309999942779541,1.309999942779541,59300,0.0,0.0
2024-08-01 10:00:00+08:00,1.309999942779541,1.309999942779541,1.309999942779541,1.309999942779541,54400,0.0,0.0
2024-08-01 11:00:00+08:00,1.309999942779541,1.309999942779541,1.309999942779541,1.309999942779541,2100,0.0,0.0
2024-08-01 12:00:00+08:00,1.2999999523162842,1.309999942779541,1.2999999523162842,1.309999942779541,1200,0.0,0.0
2024-08-01 13:00:00+08:00,1.309999942779541,1.309999942779541,1.2999999523162842,1.309999942779541,146900,0.0,0.0
2024-08-01 14:00:00+08:00,1.309999942779541,1.309999942779541,1.309999942779541,1.309999942779541,55100,0.0,0.0
2024-08-01 15:00:00+08:00,1.309999942779541,1.309999942779541,1.309999942779541,1.309999942779541,1600,0.0,0.0
2024-08-01 16:00:00+08:00,1.309999942779541,1.309999942779541,1.309999942779541,1.309999942779541,3600,0.0,0.0
2024-08-02 09:00:00+08:00,1.309999942779541,1.309999942779541,1.2999999523162842,1.2999999523162842,2000,0.0,0.0
2024-08-02 10:00:00+08:00,1.2999999523162842,1.2999999523162842,1.2999999523162842,1.2999999523162842,4300,0.0,0.0
2024-08-02 11:00:00+08:00,1.2999999523162842,1.309999942779541,1.2999999523162842,1.309999942779541,1000,0.0,0.0
2024-08-02 12:00:00+08:00,1.2999999523162842,1.2999999523162842,1.2999999523162842,1.2999999523162842,32500,0.0,0.0
2024-08-02 13:00:00+08:00,1.2999999523162842,1.2999999523162842,1.2999999523162842,1.2999999523162842,91900,0.0,0.0
2024-08-02 14:00:00+08:00,1.2999999523162842,1.309999942779541,1.2999999523162842,1.2999999523162842,104000,0.0,0.0
2024-08-02 15:00:00+08:00,1.2999999523162842,1.309999942779541,1.2999999523162842,1.2999999523162842,16100,0.0,0.0
2024-08-02 16:00:00+08:00,1.2999999523162842,1.309999942779541,1.2899999618530273,1.309999942779541,34000,0.0,0.0
2024-08-05 09:00:00+08:00,1.2899999618530273,1.2899999618530273,1.2799999713897705,1.2799999713897705,254000,0.0,0.0
2024-08-05 10:00:00+08:00,1.2799999713897705,1.2799999713897705,1.2799999713897705,1.2799999713897705,189300,0.0,0.0
2024-08-05 11:00:00+08:00,1.2799999713897705,1.2899999618530273,1.2799999713897705,1.2799999713897705,30400,0.0,0.0
2024-08-05 12:00:00+08:00,1.2899999618530273,1.2899999618530273,1.2899999618530273,1.2899999618530273,65200,0.0,0.0
2024-08-05 13:00:00+08:00,1.2899999618530273,1.2899999618530273,1.2699999809265137,1.2799999713897705,257100,0.0,0.0
2024-08-05 14:00:00+08:00,1.2799999713897705,1.2799999713897705,1.2699999809265137,1.2699999809265137,68400,0.0,0.0
2024-08-05 15:00:00+08:00,1.2699999809265137,1.2799999713897705,1.2699999809265137,1.2699999809265137,23900,0.0,0.0
2024-08-05 16:00:00+08:00,1.2699999809265137,1.2799999713897705,1.2699999809265137,1.2699999809265137,243000,0.0,0.0
2024-08-06 09:00:00+08:00,1.2799999713897705,1.2799999713897705,1.2699999809265137,1.2699999809265137,102900,0.0,0.0
2024-08-06 10:00:00+08:00,1.2699999809265137,1.2799999713897705,1.2699999809265137,1.2699999809265137,11200,0.0,0.0
2024-08-06 11:00:00+08:00,1.2699999809265137,1.2799999713897705,1.2699999809265137,1.2699999809265137,14400,0.0,0.0
2024-08-06 12:00:00+08:00,1.2799999713897705,1.2799999713897705,1.2799999713897705,1.2799999713897705,7100,0.0,0.0
2024-08-06 13:00:00+08:00,1.2699999809265137,1.2799999713897705,1.2699999809265137,1.2799999713897705,130900,0.0,0.0
2024-08-06 14:00:00+08:00,1.2799999713897705,1.2799999713897705,1.2699999809265137,1.2699999809265137,0,0.0,0.0
2024-08-06 15:00:00+08:00,1.2699999809265137,1.2799999713897705,1.2699999809265137,1.2699999809265137,349600,0.0,0.0
2024-08-06 16:00:00+08:00,1.2699999809265137,1.2799999713897705,1.2699999809265137,1.2799999713897705,67500,0.0,0.0
2024-08-07 09:00:00+08:00,1.2799999713897705,1.2799999713897705,1.2699999809265137,1.2799999713897705,295100,0.0,0.0
2024-08-07 10:00:00+08:00,1.2799999713897705,1.2799999713897705,1.2699999809265137,1.2699999809265137,1300,0.0,0.0
2024-08-07 11:00:00+08:00,1.2699999809265137,1.2799999713897705,1.2699999809265137,1.2699999809265137,60200,0.0,0.0
2024-08-07 12:00:00+08:00,1.2699999809265137,1.2799999713897705,1.2699999809265137,1.2799999713897705,42600,0.0,0.0
2024-08-07 13:00:00+08:00,1.2799999713897705,1.2799999713897705,1.2599999904632568,1.2599999904632568,330000,0.0,0.0
2024-08-07 14:00:00+08:00,1.2599999904632568,1.2699999809265137,1.2599999904632568,1.2599999904632568,411400,0.0,0.0
2024-08-07 15:00:00+08:00,1.2599999904632568,1.2699999809265137,1.25,1.2599999904632568,560300,0.0,0.0
2024-08-07 16:00:00+08:00,1.2599999904632568,1.2699999809265137,1.2599999904632568,1.2599999904632568,13000,0.0,0.0
2024-08-08 09:00:00+08:00,1.25,1.25,1.2400000095367432,1.25,199900,0.0,0.0
2024-08-08 10:00:00+08:00,1.25,1.25,1.2400000095367432,1.25,21000,0.0,0.0
2024-08-08 11:00:00+08:00,1.25,1.25,1.2400000095367432,1.25,68300,0.0,0.0
2024-08-08 12:00:00+08:00,1.2400000095367432,1.25,1.2400000095367432,1.25,7100,0.0,0.0
2024-08-08 13:00:00+08:00,1.25,1.25,1.2400000095367432,1.2400000095367432,83400,0.0,0.0
2024-08-08 14:00:00+08:00,1.2400000095367432,1.25,1.2400000095367432,1.2400000095367432,64700,0.0,0.0
2024-08-08 15:00:00+08:00,1.2400000095367432,1.25,1.2400000095367432,1.25,28600,0.0,0.0
2024-08-08 16:00:00+08:00,1.25,1.25,1.2400000095367432,1.2400000095367432,47100,0.0,0.0
2024-08-12 09:00:00+08:00,1.25,1.2599999904632568,1.2400000095367432,1.2400000095367432,154100,0.0,0.0
2024-08-12 10:00:00+08:00,1.2400000095367432,1.25,1.2400000095367432,1.25,31800,0.0,0.0
2024-08-12 11:00:00+08:00,1.25,1.25,1.2400000095367432,1.2400000095367432,20500,0.0,0.0
2024-08-12 12:00:00+08:00,1.2400000095367432,1.25,1.2400000095367432,1.25,4800,0.0,0.0
2024-08-12 13:00:00+08:00,1.25,1.25,1.2400000095367432,1.25,18800,0.0,0.0
2024-08-12 14:00:00+08:00,1.25,1.25,1.2400000095367432,1.25,5300,0.0,0.0
2024-08-12 15:00:00+08:00,1.25,1.25,1.2400000095367432,1.2400000095367432,29800,0.0,0.0
2024-08-12 16:00:00+08:00,1.2400000095367432,1.2599999904632568,1.2400000095367432,1.25,260500,0.0,0.0
2024-08-13 09:00:00+08:00,1.25,1.2599999904632568,1.25,1.25,0,0.0,0.0
2024-08-13 10:00:00+08:00,1.25,1.2599999904632568,1.25,1.2599999904632568,19600,0.0,0.0
2024-08-13 11:00:00+08:00,1.2599999904632568,1.2599999904632568,1.2599999904632568,1.2599999904632568,10600,0.0,0.0
2024-08-13 12:00:00+08:00,1.25,1.2599999904632568,1.25,1.2599999904632568,2400,0.0,0.0
2024-08-13 13:00:00+08:00,1.2599999904632568,1.2699999809265137,1.2599999904632568,1.2599999904632568,185500,0.0,0.0
2024-08-13 14:00:00+08:00,1.2599999904632568,1.2599999904632568,1.25,1.25,37000,0.0,0.0
2024-08-13 15:00:00+08:00,1.25,1.2599999904632568,1.25,1.25,3600,0.0,0.0
2024-08-13 16:00:00+08:00,1.25,1.2599999904632568,1.25,1.2599999904632568,5700,0.0,0.0
2024-08-14 09:00:00+08:00,1.2599999904632568,1.2699999809265137,1.2599999904632568,1.2599999904632568,187200,0.0,0.0
2024-08-14 10:00:00+08:00,1.2599999904632568,1.2599999904632568,1.2599999904632568,1.2599999904632568,300,0.0,0.0
2024-08-14 12:00:00+08:00,1.2599999904632568,1.2699999809265137,1.2599999904632568,1.2699999809265137,6100,0.0,0.0
2024-08-14 14:00:00+08:00,1.2699999809265137,1.2699999809265137,1.2599999904632568,1.2699999809265137,23300,0.0,0.0
2024-08-14 15:00:00+08:00,1.2699999809265137,1.2699999809265137,1.2599999904632568,1.2599999904632568,24200,0.0,0.0
2024-08-14 16:00:00+08:00,1.2599999904632568,1.2699999809265137,1.2599999904632568,1.2599999904632568,48400,0.0,0.0
2024-08-15 09:00:00+08:00,1.2699999809265137,1.2799999713897705,1.2699999809265137,1.2699999809265137,271000,0.0,0.0
2024-08-15 10:00:00+08:00,1.2699999809265137,1.2699999809265137,1.2699999809265137,1.2699999809265137,12400,0.0,0.0
2024-08-15 11:00:00+08:00,1.2699999809265137,1.2699999809265137,1.2699999809265137,1.2699999809265137,46500,0.0,0.0
2024-08-15 12:00:00+08:00,1.2699999809265137,1.2699999809265137,1.2699999809265137,1.2699999809265137,16500,0.0,0.0
2024-08-15 13:00:00+08:00,1.2699999809265137,1.2699999809265137,1.2699999809265137,1.2699999809265137,100,0.0,0.0
2024-08-15 14:00:00+08:00,1.2699999809265137,1.2699999809265137,1.2599999904632568,1.2599999904632568,700,0.0,0.0
2024-08-15 15:00:00+08:00,1.2599999904632568,1.2699999809265137,1.2599999904632568,1.2599999904632568,39900,0.0,0.0
2024-08-15 16:00:00+08:00,1.2599999904632568,1.2699999809265137,1.2599999904632568,1.2599999904632568,83300,0.0,0.0
2024-08-16 09:00:00+08:00,1.2699999809265137,1.2699999809265137,1.2699999809265137,1.2699999809265137,179800,0.0,0.0
2024-08-16 10:00:00+08:00,1.2699999809265137,1.2699999809265137,1.2599999904632568,1.2699999809265137,4200,0.0,0.0
2024-08-16 11:00:00+08:00,1.2699999809265137,1.2699999809265137,1.2599999904632568,1.2699999809265137,0,0.0,0.0
2024-08-16 12:00:00+08:00,1.2599999904632568,1.2599999904632568,1.2599999904632568,1.2599999904632568,200800,0.0,0.0
2024-08-16 13:00:00+08:00,1.2599999904632568,1.2699999809265137,1.2599999904632568,1.2699999809265137,13500,0.0,0.0
2024-08-16 14:00:00+08:00,1.2699999809265137,1.2699999809265137,1.2699999809265137,1.2699999809265137,1000,0.0,0.0
2024-08-16 15:00:00+08:00,1.2699999809265137,1.2699999809265137,1.2699999809265137,1.2699999809265137,2200,0.0,0.0
2024-08-16 16:00:00+08:00,1.2699999809265137,1.2699999809265137,1.2599999904632568,1.2599999904632568,13000,0.0,0.0
2024-08-19 09:00:00+08:00,1.2599999904632568,1.2699999809265137,1.25,1.2599999904632568,104500,0.0,0.0
2024-08-19 10:00:00+08:00,1.2599999904632568,1.2599999904632568,1.25,1.2599999904632568,14800,0.0,0.0
2024-08-19 11:00:00+08:00,1.2599999904632568,1.2699999809265137,1.25,1.2699999809265137,147700,0.0,0.0
2024-08-19 12:00:00+08:00,1.2599999904632568,1.2599999904632568,1.2599999904632568,1.2599999904632568,7400,0.0,0.0
2024-08-19 13:00:00+08:00,1.2599999904632568,1.2699999809265137,1.25,1.25,159100,0.0,0.0
2024-08-19 14:00:00+08:00,1.25,1.2599999904632568,1.25,1.25,21000,0.0,0.0
2024-08-19 15:00:00+08:00,1.25,1.2599999904632568,1.25,1.25,19800,0.0,0.0
2024-08-19 16:00:00+08:00,1.25,1.2699999809265137,1.25,1.2699999809265137,170900,0.0,0.0
2024-08-20 09:00:00+08:00,1.2699999809265137,1.2699999809265137,1.2699999809265137,1.2699999809265137,1100,0.0,0.0
2024-08-20 11:00:00+08:00,1.2699999809265137,1.2699999809265137,1.2699999809265137,1.2699999809265137,7200,0.0,0.0
2024-08-20 12:00:00+08:00,1.2599999904632568,1.2699999809265137,1.2599999904632568,1.2699999809265137,1200,0.0,0.0
2024-08-20 13:00:00+08:00,1.2699999809265137,1.2699999809265137,1.2699999809265137,1.2699999809265137,100,0.0,0.0
2024-08-20 14:00:00+08:00,1.2699999809265137,1.2699999809265137,1.2699999809265137,1.2699999809265137,41200,0.0,0.0
2024-08-20 15:00:00+08:00,1.2699999809265137,1.2699999809265137,1.2599999904632568,1.2699999809265137,67600,0.0,0.0
2024-08-20 16:00:00+08:00,1.2699999809265137,1.2699999809265137,1.2599999904632568,1.2699999809265137,1600,0.0,0.0
2024-08-21 09:00:00+08:00,1.2699999809265137,1.2799999713897705,1.2699999809265137,1.2799999713897705,0,0.0,0.0
2024-08-21 10:00:00+08:00,1.2799999713897705,1.2799999713897705,1.2699999809265137,1.2799999713897705,5200,0.0,0.0
2024-08-21 11:00:00+08:00,1.2799999713897705,1.2799999713897705,1.2699999809265137,1.2699999809265137,0,0.0,0.0
2024-08-21 12:00:00+08:00,1.2699999809265137,1.2699999809265137,1.2699999809265137,1.2699999809265137,113700,0.0,0.0
2024-08-21 13:00:00+08:00,1.2699999809265137,1.2699999809265137,1.2599999904632568,1.2599999904632568,273800,0.0,0.0
2024-08-21 14:00:00+08:00,1.2599999904632568,1.2699999809265137,1.2599999904632568,1.2599999904632568,191000,0.0,0.0
2024-08-21 15:00:00+08:00,1.2599999904632568,1.2699999809265137,1.2599999904632568,1.2599999904632568,36600,0.0,0.0
2024-08-21 16:00:00+08:00,1.2599999904632568,1.2699999809265137,1.2599999904632568,1.2699999809265137,94100,0.0,0.0
2024-08-22 09:00:00+08:00,1.2699999809265137,1.2799999713897705,1.2699999809265137,1.2799999713897705,5600,0.0,0.0
2024-08-22 10:00:00+08:00,1.2799999713897705,1.2799999713897705,1.2699999809265137,1.2799999713897705,5500,0.0,0.0
2024-08-22 11:00:00+08:00,1.2799999713897705,1.2899999618530273,1.2699999809265137,1.2799999713897705,138400,0.0,0.0
2024-08-22 12:00:00+08:00,1.2799999713897705,1.2899999618530273,1.2799999713897705,1.2899999618530273,3100,0.0,0.0
2024-08-22 13:00:00+08:00,1.2899999618530273,1.2899999618530273,1.2899999618530273,1.2899999618530273,233700,0.0,0.0
2024-08-22 14:00:00+08:00,1.2899999618530273,1.2899999618530273,1.2899999618530273,1.2899999618530273,39400,0.0,0.0
2024-08-22 15:00:00+08:00,1.2899999618530273,1.2999999523162842,1.2799999713897705,1.2899999618530273,229200,0.0,0.0
2024-08-22 16:00:00+08:00,1.2899999618530273,1.2999999523162842,1.2899999618530273,1.2899999618530273,14400,0.0,0.0
2024-08-23 09:00:00+08:00,1.2999999523162842,1.2999999523162842,1.2899999618530273,1.2899999618530273,57000,0.0,0.0
2024-08-23 10:00:00+08:00,1.2899999618530273,1.2899999618530273,1.2799999713897705,1.2799999713897705,179200,0.0,0.0
2024-08-23 11:00:00+08:00,1.2799999713897705,1.2899999618530273,1.2799999713897705,1.2899999618530273,7700,0.0,0.0
2024-08-23 12:00:00+08:00,1.2799999713897705,1.2899999618530273,1.2799999713897705,1.2899999618530273,800,0.0,0.0
2024-08-23 13:00:00+08:00,1.2899999618530273,1.2899999618530273,1.2799999713897705,1.2799999713897705,7200,0.0,0.0
2024-08-23 14:00:00+08:00,1.2799999713897705,1.2899999618530273,1.2799999713897705,1.2799999713897705,6900,0.0,0.0
2024-08-23 15:00:00+08:00,1.2799999713897705,1.2899999618530273,1.2799999713897705,1.2799999713897705,1000,0.0,0.0
2024-08-23 16:00:00+08:00,1.2799999713897705,1.2899999618530273,1.2799999713897705,1.2899999618530273,7200,0.0,0.0
2024-08-26 09:00:00+08:00,1.2899999618530273,1.2999999523162842,1.2899999618530273,1.2899999618530273,374500,0.0,0.0
2024-08-26 10:00:00+08:00,1.2899999618530273,1.2999999523162842,1.2899999618530273,1.2899999618530273,80500,0.0,0.0
2024-08-26 11:00:00+08:00,1.2899999618530273,1.2999999523162842,1.2899999618530273,1.2899999618530273,7800,0.0,0.0
2024-08-26 12:00:00+08:00,1.2899999618530273,1.2899999618530273,1.2899999618530273,1.2899999618530273,3600,0.0,0.0
2024-08-26 13:00:00+08:00,1.2899999618530273,1.2999999523162842,1.2899999618530273,1.2899999618530273,54000,0.0,0.0
2024-08-26 14:00:00+08:00,1.2899999618530273,1.2999999523162842,1.2899999618530273,1.2999999523162842,370100,0.0,0.0
2024-08-26 15:00:00+08:00,1.2999999523162842,1.309999942779541,1.2999999523162842,1.2999999523162842,9900,0.0,0.0
2024-08-26 16:00:00+08:00,1.2999999523162842,1.2999999523162842,1.2899999618530273,1.2899999618530273,157500,0.0,0.0
2024-08-27 09:00:00+08:00,1.2999999523162842,1.2999999523162842,1.2899999618530273,1.2999999523162842,23700,0.0,0.0
2024-08-27 10:00:00+08:00,1.2999999523162842,1.2999999523162842,1.2999999523162842,1.2999999523162842,800,0.0,0.0
2024-08-27 11:00:00+08:00,1.2999999523162842,1.2999999523162842,1.2899999618530273,1.2999999523162842,143600,0.0,0.0
2024-08-27 12:00:00+08:00,1.2999999523162842,1.2999999523162842,1.2999999523162842,1.2999999523162842,4700,0.0,0.0
2024-08-27 13:00:00+08:00,1.2999999523162842,1.2999999523162842,1.2899999618530273,1.2999999523162842,17500,0.0,0.0
2024-08-27 14:00:00+08:00,1.2999999523162842,1.309999942779541,1.2999999523162842,1.2999999523162842,310000,0.0,0.0
2024-08-27 15:00:00+08:00,1.2999999523162842,1.309999942779541,1.2999999523162842,1.2999999523162842,162400,0.0,0.0
2024-08-27 16:00:00+08:00,1.2999999523162842,1.309999942779541,1.2999999523162842,1.2999999523162842,83400,0.0,0.0
2024-08-28 09:00:00+08:00,1.2999999523162842,1.2999999523162842,1.2899999618530273,1.2899999618530273,16400,0.0,0.0
2024-08-28 10:00:00+08:00,1.2899999618530273,1.2999999523162842,1.2899999618530273,1.2899999618530273,19900,0.0,0.0
2024-08-28 11:00:00+08:00,1.2899999618530273,1.2999999523162842,1.2899999618530273,1.2899999618530273,11400,0.0,0.0
2024-08-28 12:00:00+08:00,1.2899999618530273,1.2899999618530273,1.2899999618530273,1.2899999618530273,7500,0.0,0.0
2024-08-28 13:00:00+08:00,1.2899999618530273,1.2999999523162842,1.2899999618530273,1.2899999618530273,323500,0.0,0.0
2024-08-28 14:00:00+08:00,1.2899999618530273,1.2999999523162842,1.2899999618530273,1.2999999523162842,62900,0.0,0.0
2024-08-28 15:00:00+08:00,1.2999999523162842,1.2999999523162842,1.2799999713897705,1.2899999618530273,124100,0.0,0.0
2024-08-28 16:00:00+08:00,1.2899999618530273,1.2899999618530273,1.2799999713897705,1.2899999618530273,125500,0.0,0.0
2024-08-29 09:00:00+08:00,1.2899999618530273,1.2899999618530273,1.2799999713897705,1.2799999713897705,109500,0.0,0.0
2024-08-29 10:00:00+08:00,1.2799999713897705,1.2999999523162842,1.2799999713897705,1.2999999523162842,210600,0.0,0.0
2024-08-29 11:00:00+08:00,1.2999999523162842,1.2999999523162842,1.2899999618530273,1.2899999618530273,60400,0.0,0.0
2024-08-29 12:00:00+08:00,1.2899999618530273,1.2899999618530273,1.2899999618530273,1.2899999618530273,9100,0.0,0.0
2024-08-29 13:00:00+08:00,1.2899999618530273,1.2999999523162842,1.2899999618530273,1.2999999523162842,59000,0.0,0.0
2024-08-29 14:00:00+08:00,1.2999999523162842,1.2999999523162842,1.2899999618530273,1.2999999523162842,64900,0.0,0.0
2024-08-29 15:00:00+08:00,1.2999999523162842,1.2999999523162842,1.2799999713897705,1.2799999713897705,225500,0.0,0.0
2024-08-29 16:00:00+08:00,1.2799999713897705,1.2899999618530273,1.2799999713897705,1.2899999618530273,132100,0.0,0.0
2024-08-30 09:00:00+08:00,1.2899999618530273,1.2999999523162842,1.2799999713897705,1.2899999618530273,155100,0.0,0.0
2024-08-30 10:00:00+08:00,1.2899999618530273,1.2999999523162842,1.2899999618530273,1.2999999523162842,298000,0.0,0.0
2024-08-30 11:00:00+08:00,1.2999999523162842,1.2999999523162842,1.2899999618530273,1.2899999618530273,17900,0.0,0.0
2024-08-30 12:00:00+08:00,1.2899999618530273,1.2899999618530273,1.2899999618530273,1.2899999618530273,13900,0.0,0.0
2024-08-30 13:00:00+08:00,1.2899999618530273,1.2999999523162842,1.2899999618530273,1.2899999618530273,18500,0.0,0.0
2024-08-30 14:00:00+08:00,1.2899999618530273,1.2999999523162842,1.2799999713897705,1.2799999713897705,345400,0.0,0.0
2024-08-30 15:00:00+08:00,1.2799999713897705,1.2899999618530273,1.2799999713897705,1.2799999713897705,66700,0.0,0.0
2024-08-30 16:00:00+08:00,1.2799999713897705,1.2899999618530273,1.2799999713897705,1.2899999618530273,335600,0.0,0.0
2024-09-02 09:00:00+08:00,1.2999999523162842,1.309999942779541,1.2899999618530273,1.2999999523162842,91100,0.0,0.0
2024-09-02 10:00:00+08:00,1.2999999523162842,1.2999999523162842,1.2999999523162842,1.2999999523162842,9500,0.0,0.0
2024-09-02 11:00:00+08:00,1.2999999523162842,1.309999942779541,1.2999999523162842,1.2999999523162842,113700,0.0,0.0
2024-09-02 12:00:00+08:00,1.2999999523162842,1.2999999523162842,1.2999999523162842,1.2999999523162842,800,0.0,0.0
2024-09-02 13:00:00+08:00,1.2999999523162842,1.309999942779541,1.2999999523162842,1.2999999523162842,59700,0.0,0.0
2024-09-02 14:00:00+08:00,1.2999999523162842,1.309999942779541,1.2999999523162842,1.309999942779541,32200,0.0,0.0
2024-09-02 15:00:00+08:00,1.309999942779541,1.309999942779541,1.2999999523162842,1.309999942779541,22800,0.0,0.0
2024-09-02 16:00:00+08:00,1.309999942779541,1.309999942779541,1.2999999523162842,1.2999999523162842,65200,0.0,0.0
2024-09-03 09:00:00+08:00,1.309999942779541,1.309999942779541,1.2999999523162842,1.2999999523162842,79200,0.0,0.0
2024-09-03 10:00:00+08:00,1.2999999523162842,1.309999942779541,1.2999999523162842,1.2999999523162842,5900,0.0,0.0
2024-09-03 11:00:00+08:00,1.2999999523162842,1.2999999523162842,1.2999999523162842,1.2999999523162842,2700,0.0,0.0
2024-09-03 12:00:00+08:00,1.2999999523162842,1.2999999523162842,1.2999999523162842,1.2999999523162842,6500,0.0,0.0
2024-09-03 13:00:00+08:00,1.2999999523162842,1.2999999523162842,1.2999999523162842,1.2999999523162842,2000,0.0,0.0
2024-09-03 14:00:00+08:00,1.2999999523162842,1.309999942779541,1.2999999523162842,1.2999999523162842,3800,0.0,0.0
2024-09-03 15:00:00+08:00,1.2999999523162842,1.2999999523162842,1.2999999523162842,1.2999999523162842,3600,0.0,0.0
2024-09-03 16:00:00+08:00,1.2999999523162842,1.309999942779541,1.2999999523162842,1.309999942779541,5600,0.0,0.0
2024-09-04 09:00:00+08:00,1.2999999523162842,1.2999999523162842,1.2899999618530273,1.2899999618530273,312400,0.0,0.0
2024-09-04 10:00:00+08:00,1.2899999618530273,1.2999999523162842,1.2899999618530273,1.2899999618530273,293900,0.0,0.0
2024-09-04 11:00:00+08:00,1.2899999618530273,1.2999999523162842,1.2799999713897705,1.2899999618530273,281200,0.0,0.0
2024-09-04 12:00:00+08:00,1.2899999618530273,1.2899999618530273,1.2899999618530273,1.2899999618530273,4400,0.0,0.0
2024-09-04 13:00:00+08:00,1.2899999618530273,1.2999999523162842,1.2899999618530273,1.2899999618530273,48100,0.0,0.0
2024-09-04 14:00:00+08:00,1.2899999618530273,1.2999999523162842,1.2899999618530273,1.2999999523162842,7000,0.0,0.0
2024-09-04 15:00:00+08:00,1.2999999523162842,1.2999999523162842,1.2899999618530273,1.2999999523162842,85300,0.0,0.0
2024-09-04 16:00:00+08:00,1.2999999523162842,1.2999999523162842,1.2899999618530273,1.2899999618530273,119300,0.0,0.0
2024-09-05 09:00:00+08:00,1.2999999523162842,1.2999999523162842,1.2999999523162842,1.2999999523162842,78600,0.0,0.0
2024-09-05 10:00:00+08:00,1.2999999523162842,1.2999999523162842,1.2899999618530273,1.2999999523162842,8200,0.0,0.0
2024-09-05 11:00:00+08:00,1.2999999523162842,1.2999999523162842,1.2899999618530273,1.2999999523162842,3500,0.0,0.0
2024-09-05 12:00:00+08:00,1.2899999618530273,1.2999999523162842,1.2899999618530273,1.2999999523162842,7700,0.0,0.0
2024-09-05 13:00:00+08:00,1.2999999523162842,1.2999999523162842,1.2899999618530273,1.2999999523162842,21600,0.0,0.0
2024-09-05 14:00:00+08:00,1.2999999523162842,1.2999999523162842,1.2899999618530273,1.2899999618530273,17900,0.0,0.0
2024-09-05 15:00:00+08:00,1.2899999618530273,1.2999999523162842,1.2899999618530273,1.2899999618530273,32900,0.0,0.0
2024-09-05 16:00:00+08:00,1.2899999618530273,1.2999999523162842,1.2899999618530273,1.2999999523162842,66400,0.0,0.0
2024-09-06 09:00:00+08:00,1.2999999523162842,1.309999942779541,1.2899999618530273,1.309999942779541,495600,0.0,0.0
2024-09-06 10:00:00+08:00,1.309999942779541,1.309999942779541,1.2999999523162842,1.2999999523162842,30100,0.0,0.0
2024-09-06 11:00:00+08:00,1.2999999523162842,1.309999942779541,1.2999999523162842,1.309999942779541,572800,0.0,0.0
2024-09-06 12:00:00+08:00,1.309999942779541,1.309999942779541,1.2999999523162842,1.2999999523162842,8300,0.0,0.0
2024-09-06 13:00:00+08:00,1.2999999523162842,1.309999942779541,1.2999999523162842,1.309999942779541,105000,0.0,0.0
2024-09-06 14:00:00+08:00,1.309999942779541,1.3200000524520874,1.2999999523162842,1.3200000524520874,147700,0.0,0.0
2024-09-06 15:00:00+08:00,1.3200000524520874,1.3300000429153442,1.309999942779541,1.309999942779541,444700,0.0,0.0
2024-09-06 16:00:00+08:00,1.309999942779541,1.3300000429153442,1.309999942779541,1.3200000524520874,332600,0.0,0.0
2024-09-09 09:00:00+08:00,1.3200000524520874,1.3200000524520874,1.309999942779541,1.3200000524520874,10600,0.0,0.0
2024-09-09 10:00:00+08:00,1.3200000524520874,1.3300000429153442,1.309999942779541,1.3300000429153442,76100,0.0,0.0
2024-09-09 11:00:00+08:00,1.3300000429153442,1.3300000429153442,1.309999942779541,1.309999942779541,32700,0.0,0.0
2024-09-09 12:00:00+08:00,1.309999942779541,1.309999942779541,1.309999942779541,1.309999942779541,4200,0.0,0.0
2024-09-09 13:00:00+08:00,1.309999942779541,1.3200000524520874,1.309999942779541,1.309999942779541,6700,0.0,0.0
2024-09-09 14:00:00+08:00,1.309999942779541,1.3200000524520874,1.309999942779541,1.3200000524520874,35600,0.0,0.0
2024-09-09 15:00:00+08:00,1.3200000524520874,1.3200000524520874,1.309999942779541,1.3200000524520874,53000,0.0,0.0
2024-09-09 16:00:00+08:00,1.3200000524520874,1.3200000524520874,1.309999942779541,1.309999942779541,43900,0.0,0.0
2024-09-10 09:00:00+08:00,1.3200000524520874,1.3200000524520874,1.309999942779541,1.3200000524520874,22300,0.0,0.0
2024-09-10 10:00:00+08:00,1.3200000524520874,1.3200000524520874,1.309999942779541,1.309999942779541,25000,0.0,0.0
2024-09-10 11:00:00+08:00,1.309999942779541,1.3200000524520874,1.309999942779541,1.309999942779541,5400,0.0,0.0
2024-09-10 12:00:00+08:00,1.309999942779541,1.309999942779541,1.309999942779541,1.309999942779541,4800,0.0,0.0
2024-09-10 13:00:00+08:00,1.309999942779541,1.3200000524520874,1.309999942779541,1.309999942779541,36400,0.0,0.0
2024-09-10 14:00:00+08:00,1.309999942779541,1.309999942779541,1.309999942779541,1.309999942779541,7200,0.0,0.0
2024-09-10 15:00:00+08:00,1.309999942779541,1.3200000524520874,1.309999942779541,1.309999942779541,10700,0.0,0.0
2024-09-10 16:00:00+08:00,1.309999942779541,1.3200000524520874,1.309999942779541,1.309999942779541,60900,0.0,0.0
2024-09-11 09:00:00+08:00,1.3200000524520874,1.3300000429153442,1.309999942779541,1.3200000524520874,920600,0.0,0.0
2024-09-11 10:00:00+08:00,1.3200000524520874,1.3200000524520874,1.309999942779541,1.309999942779541,19000,0.0,0.0
2024-09-11 11:00:00+08:00,1.309999942779541,1.3200000524520874,1.309999942779541,1.3200000524520874,15300,0.0,0.0
2024-09-11 12:00:00+08:00,1.3200000524520874,1.3200000524520874,1.309999942779541,1.309999942779541,3000,0.0,0.0
2024-09-11 13:00:00+08:00,1.309999942779541,1.3300000429153442,1.309999942779541,1.3200000524520874,72200,0.0,0.0
2024-09-11 14:00:00+08:00,1.3200000524520874,1.3300000429153442,1.3200000524520874,1.3300000429153442,15900,0.0,0.0
2024-09-11 15:00:00+08:00,1.3300000429153442,1.3300000429153442,1.3200000524520874,1.3200000524520874,7100,0.0,0.0
2024-09-11 16:00:00+08:00,1.3200000524520874,1.3300000429153442,1.3200000524520874,1.3200000524520874,31800,0.0,0.0
2024-09-12 09:00:00+08:00,1.3300000429153442,1.3300000429153442,1.3200000524520874,1.3300000429153442,75200,0.0,0.0
2024-09-12 10:00:00+08:00,1.3300000429153442,1.3300000429153442,1.3200000524520874,1.3200000524520874,4300,0.0,0.0
2024-09-12 11:00:00+08:00,1.3200000524520874,1.3200000524520874,1.3200000524520874,1.3200000524520874,800,0.0,0.0
2024-09-12 12:00:00+08:00,1.3300000429153442,1.3300000429153442,1.3200000524520874,1.3200000524520874,300,0.0,0.0
2024-09-12 13:00:00+08:00,1.3200000524520874,1.3300000429153442,1.3200000524520874,1.3200000524520874,66000,0.0,0.0
2024-09-12 14:00:00+08:00,1.3200000524520874,1.3300000429153442,1.3200000524520874,1.3200000524520874,21800,0.0,0.0
2024-09-12 15:00:00+08:00,1.3200000524520874,1.3200000524520874,1.309999942779541,1.309999942779541,54700,0.0,0.0
2024-09-12 16:00:00+08:00,1.309999942779541,1.3200000524520874,1.309999942779541,1.309999942779541,21400,0.0,0.0
2024-09-13 09:00:00+08:00,1.3200000524520874,1.3300000429153442,1.3200000524520874,1.3300000429153442,3500,0.0,0.0
2024-09-13 10:00:00+08:00,1.3300000429153442,1.3300000429153442,1.309999942779541,1.3200000524520874,891200,0.0,0.0
2024-09-13 11:00:00+08:00,1.3200000524520874,1.3200000524520874,1.309999942779541,1.3200000524520874,131400,0.0,0.0
2024-09-13 12:00:00+08:00,1.3200000524520874,1.3200000524520874,1.309999942779541,1.309999942779541,10300,0.0,0.0
2024-09-13 13:00:00+08:00,1.309999942779541,1.3200000524520874,1.309999942779541,1.309999942779541,25500,0.0,0.0
2024-09-13 14:00:00+08:00,1.309999942779541,1.3200000524520874,1.309999942779541,1.3200000524520874,26500,0.0,0.0
2024-09-13 15:00:00+08:00,1.3200000524520874,1.3200000524520874,1.309999942779541,1.309999942779541,17500,0.0,0.0
2024-09-13 16:00:00+08:00,1.309999942779541,1.3200000524520874,1.309999942779541,1.309999942779541,63500,0.0,0.0
2024-09-16 09:00:00+08:00,1.3300000429153442,1.3300000429153442,1.3200000524520874,1.3200000524520874,143100,0.0,0.0
2024-09-16 10:00:00+08:00,1.3200000524520874,1.3200000524520874,1.3200000524520874,1.3200000524520874,4200,0.0,0.0
2024-09-16 11:00:00+08:00,1.3200000524520874,1.3200000524520874,1.3200000524520874,1.3200000524520874,26100,0.0,0.0
2024-09-16 12:00:00+08:00,1.3200000524520874,1.3200000524520874,1.3200000524520874,1.3200000524520874,100,0.0,0.0
2024-09-16 13:00:00+08:00,1.3200000524520874,1.3200000524520874,1.3200000524520874,1.3200000524520874,3200,0.0,0.0
2024-09-16 14:00:00+08:00,1.3200000524520874,1.3300000429153442,1.3200000524520874,1.3200000524520874,8300,0.0,0.0
2024-09-16 15:00:00+08:00,1.3200000524520874,1.3300000429153442,1.3200000524520874,1.3300000429153442,32600,0.0,0.0
2024-09-16 16:00:00+08:00,1.3300000429153442,1.3300000429153442,1.3200000524520874,1.3200000524520874,19700,0.0,0.0
2024-09-17 09:00:00+08:00,1.3300000429153442,1.340000033378601,1.3300000429153442,1.340000033378601,769000,0.0,0.0
2024-09-17 10:00:00+08:00,1.340000033378601,1.350000023841858,1.340000033378601,1.350000023841858,720800,0.0,0.0
2024-09-17 11:00:00+08:00,1.350000023841858,1.350000023841858,1.340000033378601,1.350000023841858,52300,0.0,0.0
2024-09-17 12:00:00+08:00,1.350000023841858,1.350000023841858,1.340000033378601,1.340000033378601,4700,0.0,0.0
2024-09-17 13:00:00+08:00,1.340000033378601,1.350000023841858,1.340000033378601,1.350000023841858,7100,0.0,0.0
2024-09-17 14:00:00+08:00,1.350000023841858,1.350000023841858,1.340000033378601,1.340000033378601,20600,0.0,0.0
2024-09-17 15:00:00+08:00,1.340000033378601,1.350000023841858,1.340000033378601,1.350000023841858,127100,0.0,0.0
2024-09-17 16:00:00+08:00,1.350000023841858,1.3600000143051147,1.340000033378601,1.3600000143051147,570400,0.0,0.0
2024-09-18 09:00:00+08:00,1.350000023841858,1.350000023841858,1.350000023841858,1.350000023841858,257600,0.0,0.0
2024-09-18 10:00:00+08:00,1.350000023841858,1.3600000143051147,1.340000033378601,1.350000023841858,178900,0.0,0.0
2024-09-18 11:00:00+08:00,1.350000023841858,1.350000023841858,1.340000033378601,1.340000033378601,23400,0.0,0.0
2024-09-18 12:00:00+08:00,1.350000023841858,1.350000023841858,1.340000033378601,1.340000033378601,41100,0.0,0.0
2024-09-18 13:00:00+08:00,1.340000033378601,1.350000023841858,1.340000033378601,1.350000023841858,54100,0.0,0.0
2024-09-18 14:00:00+08:00,1.350000023841858,1.350000023841858,1.340000033378601,1.350000023841858,46700,0.0,0.0
2024-09-18 15:00:00+08:00,1.350000023841858,1.350000023841858,1.340000033378601,1.350000023841858,33600,0.0,0.0
2024-09-18 16:00:00+08:00,1.350000023841858,1.350000023841858,1.340000033378601,1.340000033378601,244900,0.0,0.0
2024-09-19 09:00:00+08:00,1.350000023841858,1.3600000143051147,1.340000033378601,1.350000023841858,172000,0.0,0.0
2024-09-19 10:00:00+08:00,1.350000023841858,1.3600000143051147,1.340000033378601,1.350000023841858,230500,0.0,0.0
2024-09-19 11:00:00+08:00,1.350000023841858,1.3600000143051147,1.340000033378601,1.350000023841858,225100,0.0,0.0
2024-09-19 12:00:00+08:00,1.350000023841858,1.350000023841858,1.350000023841858,1.350000023841858,8100,0.0,0.0
2024-09-19 13:00:00+08:00,1.350000023841858,1.3600000143051147,1.350000023841858,1.350000023841858,33800,0.0,0.0
2024-09-19 14:00:00+08:00,1.350000023841858,1.3600000143051147,1.340000033378601,1.350000023841858,290400,0.0,0.0
2024-09-19 15:00:00+08:00,1.350000023841858,1.3600000143051147,1.350000023841858,1.350000023841858,226200,0.0,0.0
2024-09-19 16:00:00+08:00,1.350000023841858,1.3600000143051147,1.350000023841858,1.3600000143051147,438500,0.0,0.0
2024-09-20 09:00:00+08:00,1.3600000143051147,1.3700000047683716,1.350000023841858,1.350000023841858,218200,0.0,0.0
2024-09-20 10:00:00+08:00,1.350000023841858,1.350000023841858,1.340000033378601,1.340000033378601,183500,0.0,0.0
2024-09-20 11:00:00+08:00,1.340000033378601,1.350000023841858,1.340000033378601,1.340000033378601,74100,0.0,0.0
2024-09-20 12:00:00+08:00,1.340000033378601,1.340000033378601,1.340000033378601,1.340000033378601,2100,0.0,0.0
2024-09-20 13:00:00+08:00,1.340000033378601,1.350000023841858,1.340000033378601,1.340000033378601,13600,0.0,0.0
2024-09-20 14:00:00+08:00,1.340000033378601,1.340000033378601,1.340000033378601,1.340000033378601,12400,0.0,0.0
2024-09-20 15:00:00+08:00,1.340000033378601,1.350000023841858,1.340000033378601,1.340000033378601,37600,0.0,0.0
2024-09-20 16:00:00+08:00,1.340000033378601,1.350000023841858,1.340000033378601,1.340000033378601,44800,0.0,0.0
2024-09-23 09:00:00+08:00,1.340000033378601,1.340000033378601,1.3300000429153442,1.3300000429153442,25400,0.0,0.0
2024-09-23 10:00:00+08:00,1.3300000429153442,1.340000033378601,1.3300000429153442,1.340000033378601,21500,0.0,0.0
2024-09-23 11:00:00+08:00,1.340000033378601,1.340000033378601,1.3300000429153442,1.3300000429153442,9000,0.0,0.0
2024-09-23 12:00:00+08:00,1.3300000429153442,1.3300000429153442,1.3300000429153442,1.3300000429153442,14500,0.0,0.0
2024-09-23 13:00:00+08:00,1.3300000429153442,1.340000033378601,1.3200000524520874,1.3300000429153442,757900,0.0,0.0
2024-09-23 14:00:00+08:00,1.3300000429153442,1.340000033378601,1.3300000429153442,1.340000033378601,172300,0.0,0.0
2024-09-23 15:00:00+08:00,1.340000033378601,1.340000033378601,1.3200000524520874,1.3200000524520874,62500,0.0,0.0
2024-09-23 16:00:00+08:00,1.3200000524520874,1.3300000429153442,1.3200000524520874,1.3200000524520874,35200,0.0,0.0
2024-09-24 09:00:00+08:00,1.3200000524520874,1.3300000429153442,1.3200000524520874,1.3200000524520874,32600,0.0,0.0
2024-09-24 10:00:00+08:00,1.3200000524520874,1.3300000429153442,1.3200000524520874,1.3300000429153442,65200,0.0,0.0
2024-09-24 11:00:00+08:00,1.3300000429153442,1.340000033378601,1.3300000429153442,1.340000033378601,10600,0.0,0.0
2024-09-24 12:00:00+08:00,1.3300000429153442,1.340000033378601,1.3300000429153442,1.340000033378601,200,0.0,0.0
2024-09-24 13:00:00+08:00,1.340000033378601,1.340000033378601,1.3300000429153442,1.340000033378601,6200,0.0,0.0
2024-09-24 14:00:00+08:00,1.340000033378601,1.340000033378601,1.3300000429153442,1.3300000429153442,33500,0.0,0.0
2024-09-24 15:00:00+08:00,1.3300000429153442,1.340000033378601,1.3300000429153442,1.3300000429153442,11700,0.0,0.0
2024-09-24 16:00:00+08:00,1.3300000429153442,1.340000033378601,1.3300000429153442,1.3300000429153442,11300,0.0,0.0
2024-09-25 09:00:00+08:00,1.3200000524520874,1.3300000429153442,1.3200000524520874,1.3200000524520874,35700,0.0,0.0
2024-09-25 10:00:00+08:00,1.3200000524520874,1.3300000429153442,1.3200000524520874,1.3200000524520874,29600,0.0,0.0
2024-09-25 11:00:00+08:00,1.3200000524520874,1.3300000429153442,1.3200000524520874,1.3200000524520874,9700,0.0,0.0
2024-09-25 12:00:00+08:00,1.3200000524520874,1.3200000524520874,1.3200000524520874,1.3200000524520874,300,0.0,0.0
2024-09-25 13:00:00+08:00,1.3200000524520874,1.3300000429153442,1.3200000524520874,1.3200000524520874,4400,0.0,0.0
2024-09-25 14:00:00+08:00,1.3200000524520874,1.3300000429153442,1.3200000524520874,1.3200000524520874,1500,0.0,0.0
2024-09-25 15:00:00+08:00,1.3300000429153442,1.3300000429153442,1.3200000524520874,1.3200000524520874,92000,0.0,0.0
2024-09-25 16:00:00+08:00,1.3200000524520874,1.3300000429153442,1.3200000524520874,1.3200000524520874,18200,0.0,0.0
2024-09-26 09:00:00+08:00,1.3200000524520874,1.350000023841858,1.3200000524520874,1.350000023841858,1075000,0.0,0.0
2024-09-26 10:00:00+08:00,1.350000023841858,1.350000023841858,1.340000033378601,1.340000033378601,66700,0.0,0.0
2024-09-26 11:00:00+08:00,1.340000033378601,1.350000023841858,1.340000033378601,1.340000033378601,34300,0.0,0.0
2024-09-26 12:00:00+08:00,1.340000033378601,1.340000033378601,1.340000033378601,1.340000033378601,2900,0.0,0.0
2024-09-26 13:00:00+08:00,1.340000033378601,1.350000023841858,1.340000033378601,1.340000033378601,71000,0.0,0.0
2024-09-26 14:00:00+08:00,1.340000033378601,1.350000023841858,1.340000033378601,1.340000033378601,42000,0.0,0.0
2024-09-26 15:00:00+08:00,1.340000033378601,1.340000033378601,1.3300000429153442,1.3300000429153442,220700,0.0,0.0
2024-09-26 16:00:00+08:00,1.3300000429153442,1.350000023841858,1.3300000429153442,1.340000033378601,188900,0.0,0.0
2024-09-27 09:00:00+08:00,1.3300000429153442,1.340000033378601,1.3300000429153442,1.340000033378601,0,0.0,0.0
2024-09-27 10:00:00+08:00,1.340000033378601,1.340000033378601,1.3300000429153442,1.3300000429153442,174000,0.0,0.0
2024-09-27 11:00:00+08:00,1.3300000429153442,1.340000033378601,1.3300000429153442,1.3300000429153442,37300,0.0,0.0
2024-09-27 12:00:00+08:00,1.3300000429153442,1.340000033378601,1.3300000429153442,1.340000033378601,100,0.0,0.0
2024-09-27 13:00:00+08:00,1.340000033378601,1.340000033378601,1.3300000429153442,1.3300000429153442,54600,0.0,0.0
2024-09-27 14:00:00+08:00,1.3300000429153442,1.340000033378601,1.3300000429153442,1.340000033378601,21900,0.0,0.0
2024-09-27 15:00:00+08:00,1.340000033378601,1.340000033378601,1.3300000429153442,1.3300000429153442,20700,0.0,0.0
2024-09-27 16:00:00+08:00,1.3300000429153442,1.340000033378601,1.3300000429153442,1.3300000429153442,49600,0.0,0.0
2024-09-30 09:00:00+08:00,1.340000033378601,1.340000033378601,1.3300000429153442,1.3300000429153442,547500,0.0,0.0
2024-09-30 10:00:00+08:00,1.3300000429153442,1.340000033378601,1.3200000524520874,1.3300000429153442,384700,0.0,0.0
2024-09-30 11:00:00+08:00,1.3300000429153442,1.3300000429153442,1.3200000524520874,1.3300000429153442,80400,0.0,0.0
2024-09-30 12:00:00+08:00,1.3300000429153442,1.3300000429153442,1.3300000429153442,1.3300000429153442,102800,0.0,0.0
2024-09-30 13:00:00+08:00,1.3300000429153442,1.340000033378601,1.3300000429153442,1.3300000429153442,106400,0.0,0.0
2024-09-30 14:00:00+08:00,1.3300000429153442,1.340000033378601,1.3200000524520874,1.340000033378601,96600,0.0,0.0
2024-09-30 15:00:00+08:00,1.340000033378601,1.340000033378601,1.3300000429153442,1.3300000429153442,41700,0.0,0.0
2024-09-30 16:00:00+08:00,1.3300000429153442,1.340000033378601,1.3300000429153442,1.3300000429153442,35100,0.0,0.0
2024-10-01 09:00:00+08:00,1.3300000429153442,1.340000033378601,1.3200000524520874,1.340000033378601,223000,0.0,0.0
2024-10-01 10:00:00+08:00,1.340000033378601,1.340000033378601,1.3300000429153442,1.340000033378601,118800,0.0,0.0
2024-10-01 11:00:00+08:00,1.340000033378601,1.340000033378601,1.340000033378601,1.340000033378601,100,0.0,0.0
2024-10-01 12:00:00+08:00,1.340000033378601,1.340000033378601,1.3300000429153442,1.3300000429153442,500,0.0,0.0
2024-10-01 13:00:00+08:00,1.3300000429153442,1.340000033378601,1.3300000429153442,1.340000033378601,5000,0.0,0.0
2024-10-01 14:00:00+08:00,1.340000033378601,1.340000033378601,1.3300000429153442,1.3300000429153442,11600,0.0,0.0
2024-10-01 15:00:00+08:00,1.3300000429153442,1.340000033378601,1.3300000429153442,1.340000033378601,6000,0.0,0.0
2024-10-01 16:00:00+08:00,1.340000033378601,1.340000033378601,1.3300000429153442,1.3300000429153442,15100,0.0,0.0
2024-10-02 09:00:00+08:00,1.3300000429153442,1.3300000429153442,1.3300000429153442,1.3300000429153442,0,0.0,0.0
2024-10-02 10:00:00+08:00,1.3300000429153442,1.340000033378601,1.3300000429153442,1.3300000429153442,13800,0.0,0.0
2024-10-02 11:00:00+08:00,1.3300000429153442,1.3300000429153442,1.3300000429153442,1.3300000429153442,800,0.0,0.0
2024-10-02 12:00:00+08:00,1.340000033378601,1.340000033378601,1.340000033378601,1.340000033378601,10400,0.0,0.0
2024-10-02 13:00:00+08:00,1.340000033378601,1.340000033378601,1.3300000429153442,1.3300000429153442,84200,0.0,0.0
2024-10-02 14:00:00+08:00,1.3300000429153442,1.340000033378601,1.3200000524520874,1.3300000429153442,398200,0.0,0.0
2024-10-02 15:00:00+08:00,1.3300000429153442,1.340000033378601,1.3200000524520874,1.3300000429153442,223900,0.0,0.0
2024-10-02 16:00:00+08:00,1.3300000429153442,1.3300000429153442,1.3200000524520874,1.3200000524520874,99900,0.0,0.0
2024-10-03 09:00:00+08:00,1.3300000429153442,1.3300000429153442,1.3300000429153442,1.3300000429153442,38500,0.0,0.0
2024-10-03 10:00:00+08:00,1.3200000524520874,1.3300000429153442,1.3200000524520874,1.3200000524520874,34100,0.0,0.0
2024-10-03 11:00:00+08:00,1.3200000524520874,1.3300000429153442,1.3200000524520874,1.3300000429153442,11700,0.0,0.0
2024-10-03 12:00:00+08:00,1.3200000524520874,1.3200000524520874,1.3200000524520874,1.3200000524520874,4100,0.0,0.0
2024-10-03 13:00:00+08:00,1.3200000524520874,1.3300000429153442,1.3200000524520874,1.3200000524520874,61000,0.0,0.0
2024-10-03 14:00:00+08:00,1.3200000524520874,1.3300000429153442,1.3200000524520874,1.3200000524520874,94800,0.0,0.0
2024-10-03 15:00:00+08:00,1.3200000524520874,1.3300000429153442,1.3200000524520874,1.3300000429153442,8400,0.0,0.0
2024-10-03 16:00:00+08:00,1.3300000429153442,1.3300000429153442,1.3200000524520874,1.3200000524520874,33800,0.0,0.0
2024-10-04 09:00:00+08:00,1.3200000524520874,1.3200000524520874,1.309999942779541,1.3200000524520874,603000,0.0,0.0
2024-10-04 10:00:00+08:00,1.3200000524520874,1.3200000524520874,1.309999942779541,1.309999942779541,239600,0.0,0.0
2024-10-04 11:00:00+08:00,1.309999942779541,1.3200000524520874,1.309999942779541,1.309999942779541,65600,0.0,0.0
2024-10-04 12:00:00+08:00,1.3200000524520874,1.3200000524520874,1.3200000524520874,1.3200000524520874,2800,0.0,0.0
2024-10-04 13:00:00+08:00,1.3200000524520874,1.3200000524520874,1.309999942779541,1.309999942779541,55200,0.0,0.0
2024-10-04 14:00:00+08:00,1.309999942779541,1.3200000524520874,1.309999942779541,1.309999942779541,88100,0.0,0.0
2024-10-04 15:00:00+08:00,1.309999942779541,1.3200000524520874,1.309999942779541,1.309999942779541,98400,0.0,0.0
2024-10-04 16:00:00+08:00,1.309999942779541,1.3200000524520874,1.309999942779541,1.309999942779541,730200,0.0,0.0
2024-10-07 09:00:00+08:00,1.309999942779541,1.3200000524520874,1.2999999523162842,1.2999999523162842,313700,0.0,0.0
2024-10-07 10:00:00+08:00,1.2999999523162842,1.309999942779541,1.2999999523162842,1.2999999523162842,69900,0.0,0.0
2024-10-07 11:00:00+08:00,1.2999999523162842,1.309999942779541,1.2999999523162842,1.2999999523162842,25900,0.0,0.0
2024-10-07 12:00:00+08:00,1.2999999523162842,1.2999999523162842,1.2999999523162842,1.2999999523162842,10800,0.0,0.0
2024-10-07 13:00:00+08:00,1.2999999523162842,1.309999942779541,1.2999999523162842,1.2999999523162842,199800,0.0,0.0
2024-10-07 14:00:00+08:00,1.2999999523162842,1.309999942779541,1.2999999523162842,1.2999999523162842,44900,0.0,0.0
2024-10-07 15:00:00+08:00,1.2999999523162842,1.309999942779541,1.2999999523162842,1.2999999523162842,60900,0.0,0.0
2024-10-07 16:00:00+08:00,1.2999999523162842,1.3200000524520874,1.2999999523162842,1.3200000524520874,71600,0.0,0.0
2024-10-08 09:00:00+08:00,1.309999942779541,1.309999942779541,1.2999999523162842,1.2999999523162842,2100,0.0,0.0
2024-10-08 10:00:00+08:00,1.2999999523162842,1.309999942779541,1.2999999523162842,1.309999942779541,65500,0.0,0.0
2024-10-08 11:00:00+08:00,1.309999942779541,1.309999942779541,1.2999999523162842,1.2999999523162842,31000,0.0,0.0
2024-10-08 12:00:00+08:00,1.2999999523162842,1.2999999523162842,1.2999999523162842,1.2999999523162842,900,0.0,0.0
2024-10-08 13:00:00+08:00,1.2999999523162842,1.309999942779541,1.2999999523162842,1.2999999523162842,175600,0.0,0.0
2024-10-08 14:00:00+08:00,1.2999999523162842,1.2999999523162842,1.2999999523162842,1.2999999523162842,0,0.0,0.0
2024-10-08 15:00:00+08:00,1.2999999523162842,1.2999999523162842,1.2999999523162842,1.2999999523162842,305000,0.0,0.0
2024-10-08 16:00:00+08:00,1.2999999523162842,1.2999999523162842,1.2899999618530273,1.2899999618530273,608900,0.0,0.0
2024-10-09 09:00:00+08:00,1.2999999523162842,1.2999999523162842,1.2999999523162842,1.2999999523162842,234900,0.0,0.0
2024-10-09 10:00:00+08:00,1.2999999523162842,1.2999999523162842,1.2899999618530273,1.2999999523162842,146800,0.0,0.0
2024-10-09 11:00:00+08:00,1.2999999523162842,1.2999999523162842,1.2899999618530273,1.2899999618530273,33000,0.0,0.0
2024-10-09 12:00:00+08:00,1.2899999618530273,1.2999999523162842,1.2899999618530273,1.2999999523162842,13800,0.0,0.0
2024-10-09 13:00:00+08:00,1.2999999523162842,1.2999999523162842,1.2899999618530273,1.2999999523162842,1300,0.0,0.0
2024-10-09 14:00:00+08:00,1.2999999523162842,1.2999999523162842,1.2899999618530273,1.2899999618530273,202800,0.0,0.0
2024-10-09 15:00:00+08:00,1.2899999618530273,1.2999999523162842,1.2899999618530273,1.2899999618530273,14500,0.0,0.0
2024-10-09 16:00:00+08:00,1.2899999618530273,1.2999999523162842,1.2899999618530273,1.2899999618530273,21600,0.0,0.0
2024-10-10 09:00:00+08:00,1.2999999523162842,1.2999999523162842,1.2899999618530273,1.2999999523162842,8800,0.0,0.0
2024-10-10 10:00:00+08:00,1.2999999523162842,1.2999999523162842,1.2899999618530273,1.2899999618530273,45600,0.0,0.0
2024-10-10 11:00:00+08:00,1.2899999618530273,1.2999999523162842,1.2899999618530273,1.2899999618530273,354100,0.0,0.0
2024-10-10 12:00:00+08:00,1.2899999618530273,1.2899999618530273,1.2899999618530273,1.2899999618530273,3300,0.0,0.0
2024-10-10 13:00:00+08:00,1.2899999618530273,1.2999999523162842,1.2899999618530273,1.2899999618530273,30600,0.0,0.0
2024-10-10 14:00:00+08:00,1.2899999618530273,1.2999999523162842,1.2899999618530273,1.2899999618530273,40100,0.0,0.0
2024-10-10 15:00:00+08:00,1.2899999618530273,1.2999999523162842,1.2899999618530273,1.2999999523162842,35700,0.0,0.0
2024-10-10 16:00:00+08:00,1.2999999523162842,1.2999999523162842,1.2899999618530273,1.2899999618530273,29800,0.0,0.0
2024-10-11 09:00:00+08:00,1.2899999618530273,1.2999999523162842,1.2899999618530273,1.2899999618530273,413200,0.0,0.0
2024-10-11 10:00:00+08:00,1.2899999618530273,1.2999999523162842,1.2899999618530273,1.2899999618530273,40700,0.0,0.0
2024-10-11 11:00:00+08:00,1.2899999618530273,1.2999999523162842,1.2899999618530273,1.2899999618530273,87500,0.0,0.0
2024-10-11 12:00:00+08:00,1.2899999618530273,1.2899999618530273,1.2899999618530273,1.2899999618530273,4500,0.0,0.0
2024-10-11 13:00:00+08:00,1.2899999618530273,1.2999999523162842,1.2799999713897705,1.2799999713897705,116400,0.0,0.0
2024-10-11 14:00:00+08:00,1.2799999713897705,1.2999999523162842,1.2799999713897705,1.2899999618530273,117500,0.0,0.0
2024-10-11 15:00:00+08:00,1.2899999618530273,1.2999999523162842,1.2799999713897705,1.2899999618530273,185100,0.0,0.0
2024-10-11 16:00:00+08:00,1.2899999618530273,1.2999999523162842,1.2899999618530273,1.2899999618530273,118800,0.0,0.0
2024-10-14 09:00:00+08:00,1.2999999523162842,1.2999999523162842,1.2899999618530273,1.2999999523162842,8300,0.0,0.0
2024-10-14 10:00:00+08:00,1.2999999523162842,1.2999999523162842,1.2899999618530273,1.2999999523162842,18800,0.0,0.0
2024-10-14 11:00:00+08:00,1.2999999523162842,1.2999999523162842,1.2899999618530273,1.2999999523162842,0,0.0,0.0
2024-10-14 12:00:00+08:00,1.2999999523162842,1.2999999523162842,1.2999999523162842,1.2999999523162842,445400,0.0,0.0
2024-10-14 13:00:00+08:00,1.2999999523162842,1.2999999523162842,1.2899999618530273,1.2899999618530273,117600,0.0,0.0
2024-10-14 14:00:00+08:00,1.2899999618530273,1.2999999523162842,1.2899999618530273,1.2899999618530273,4900,0.0,0.0
2024-10-14 15:00:00+08:00,1.2899999618530273,1.2999999523162842,1.2899999618530273,1.2899999618530273,7800,0.0,0.0
2024-10-14 16:00:00+08:00,1.2899999618530273,1.2999999523162842,1.2899999618530273,1.2999999523162842,34500,0.0,0.0
2024-10-15 09:00:00+08:00,1.2899999618530273,1.2999999523162842,1.2899999618530273,1.2899999618530273,314000,0.0,0.0
2024-10-15 10:00:00+08:00,1.2899999618530273,1.2899999618530273,1.2799999713897705,1.2899999618530273,93800,0.0,0.0
2024-10-15 11:00:00+08:00,1.2899999618530273,1.2899999618530273,1.2799999713897705,1.2899999618530273,172100,0.0,0.0
2024-10-15 12:00:00+08:00,1.2899999618530273,1.2899999618530273,1.2899999618530273,1.2899999618530273,38000,0.0,0.0
2024-10-15 13:00:00+08:00,1.2899999618530273,1.2899999618530273,1.2799999713897705,1.2799999713897705,33900,0.0,0.0
2024-10-15 14:00:00+08:00,1.2799999713897705,1.2899999618530273,1.2799999713897705,1.2899999618530273,378700,0.0,0.0
2024-10-15 15:00:00+08:00,1.2899999618530273,1.2899999618530273,1.2799999713897705,1.2799999713897705,36100,0.0,0.0
2024-10-15 16:00:00+08:00,1.2799999713897705,1.2899999618530273,1.2799999713897705,1.2799999713897705,622200,0.0,0.0
2024-10-16 10:00:00+08:00,1.2899999618530273,1.2899999618530273,1.2799999713897705,1.2899999618530273,20800,0.0,0.0
2024-10-16 11:00:00+08:00,1.2899999618530273,1.2899999618530273,1.2799999713897705,1.2799999713897705,8900,0.0,0.0
2024-10-16 12:00:00+08:00,1.2799999713897705,1.2799999713897705,1.2799999713897705,1.2799999713897705,9300,0.0,0.0
2024-10-16 13:00:00+08:00,1.2799999713897705,1.2899999618530273,1.2799999713897705,1.2799999713897705,63200,0.0,0.0
2024-10-16 14:00:00+08:00,1.2799999713897705,1.2899999618530273,1.2799999713897705,1.2799999713897705,21400,0.0,0.0
2024-10-16 15:00:00+08:00,1.2799999713897705,1.2899999618530273,1.2799999713897705,1.2799999713897705,28800,0.0,0.0
2024-10-16 16:00:00+08:00,1.2799999713897705,1.2899999618530273,1.2799999713897705,1.2799999713897705,406500,0.0,0.0
2024-10-17 09:00:00+08:00,1.2999999523162842,1.2999999523162842,1.2799999713897705,1.2899999618530273,478900,0.0,0.0
2024-10-17 10:00:00+08:00,1.2899999618530273,1.2899999618530273,1.2799999713897705,1.2899999618530273,76200,0.0,0.0
2024-10-17 11:00:00+08:00,1.2899999618530273,1.2999999523162842,1.2799999713897705,1.2899999618530273,287800,0.0,0.0
2024-10-17 12:00:00+08:00,1.2899999618530273,1.2899999618530273,1.2899999618530273,1.2899999618530273,1000,0.0,0.0
2024-10-17 13:00:00+08:00,1.2899999618530273,1.2999999523162842,1.2799999713897705,1.2799999713897705,61500,0.0,0.0
2024-10-17 14:00:00+08:00,1.2799999713897705,1.2899999618530273,1.2799999713897705,1.2899999618530273,285400,0.0,0.0
2024-10-17 15:00:00+08:00,1.2899999618530273,1.2899999618530273,1.2799999713897705,1.2799999713897705,399400,0.0,0.0
2024-10-17 16:00:00+08:00,1.2799999713897705,1.2899999618530273,1.2799999713897705,1.2799999713897705,56400,0.0,0.0
2024-10-18 09:00:00+08:00,1.2899999618530273,1.2999999523162842,1.2899999618530273,1.2999999523162842,341600,0.0,0.0
2024-10-18 10:00:00+08:00,1.2999999523162842,1.2999999523162842,1.2899999618530273,1.2999999523162842,13100,0.0,0.0
2024-10-18 11:00:00+08:00,1.2999999523162842,1.2999999523162842,1.2899999618530273,1.2899999618530273,4600,0.0,0.0
2024-10-18 12:00:00+08:00,1.2999999523162842,1.2999999523162842,1.2999999523162842,1.2999999523162842,1200,0.0,0.0
2024-10-18 13:00:00+08:00,1.2999999523162842,1.2999999523162842,1.2899999618530273,1.2999999523162842,6600,0.0,0.0
2024-10-18 14:00:00+08:00,1.2999999523162842,1.2999999523162842,1.2899999618530273,1.2999999523162842,116900,0.0,0.0
2024-10-18 15:00:00+08:00,1.2999999523162842,1.2999999523162842,1.2899999618530273,1.2899999618530273,18300,0.0,0.0
2024-10-18 16:00:00+08:00,1.2899999618530273,1.2999999523162842,1.2899999618530273,1.2899999618530273,16700,0.0,0.0
2024-10-21 09:00:00+08:00,1.2999999523162842,1.2999999523162842,1.2899999618530273,1.2999999523162842,4100,0.0,0.0
2024-10-21 10:00:00+08:00,1.2999999523162842,1.2999999523162842,1.2899999618530273,1.2899999618530273,18400,0.0,0.0
2024-10-21 11:00:00+08:00,1.2899999618530273,1.2999999523162842,1.2899999618530273,1.2899999618530273,13300,0.0,0.0
2024-10-21 12:00:00+08:00,1.2899999618530273,1.2999999523162842,1.2899999618530273,1.2999999523162842,300,0.0,0.0
2024-10-21 13:00:00+08:00,1.2999999523162842,1.2999999523162842,1.2899999618530273,1.2899999618530273,37000,0.0,0.0
2024-10-21 14:00:00+08:00,1.2899999618530273,1.2999999523162842,1.2899999618530273,1.2899999618530273,34900,0.0,0.0
2024-10-21 15:00:00+08:00,1.2899999618530273,1.2999999523162842,1.2899999618530273,1.2899999618530273,9900,0.0,0.0
2024-10-21 16:00:00+08:00,1.2899999618530273,1.2999999523162842,1.2899999618530273,1.2899999618530273,10500,0.0,0.0
2024-10-22 09:00:00+08:00,1.2999999523162842,1.2999999523162842,1.2899999618530273,1.2999999523162842,33900,0.0,0.0
2024-10-22 10:00:00+08:00,1.2999999523162842,1.2999999523162842,1.2899999618530273,1.2899999618530273,24700,0.0,0.0
2024-10-22 11:00:00+08:00,1.2899999618530273,1.2999999523162842,1.2899999618530273,1.2899999618530273,2900,0.0,0.0
2024-10-22 12:00:00+08:00,1.2899999618530273,1.2999999523162842,1.2899999618530273,1.2999999523162842,6000,0.0,0.0
2024-10-22 13:00:00+08:00,1.2999999523162842,1.2999999523162842,1.2899999618530273,1.2899999618530273,200,0.0,0.0
2024-10-22 14:00:00+08:00,1.2899999618530273,1.2999999523162842,1.2899999618530273,1.2999999523162842,14500,0.0,0.0
2024-10-22 15:00:00+08:00,1.2999999523162842,1.2999999523162842,1.2899999618530273,1.2899999618530273,1700,0.0,0.0
2024-10-22 16:00:00+08:00,1.2899999618530273,1.2999999523162842,1.2899999618530273,1.2999999523162842,43400,0.0,0.0
2024-10-23 09:00:00+08:00,1.2899999618530273,1.2899999618530273,1.2799999713897705,1.2799999713897705,527300,0.0,0.0
2024-10-23 10:00:00+08:00,1.2799999713897705,1.2899999618530273,1.2799999713897705,1.2799999713897705,69800,0.0,0.0
2024-10-23 11:00:00+08:00,1.2799999713897705,1.2899999618530273,1.2799999713897705,1.2899999618530273,42700,0.0,0.0
2024-10-23 12:00:00+08:00,1.2799999713897705,1.2799999713897705,1.2799999713897705,1.2799999713897705,12600,0.0,0.0
2024-10-23 13:00:00+08:00,1.2799999713897705,1.2799999713897705,1.2799999713897705,1.2799999713897705,6500,0.0,0.0
2024-10-23 14:00:00+08:00,1.2799999713897705,1.2799999713897705,1.2799999713897705,1.2799999713897705,10000,0.0,0.0
2024-10-23 15:00:00+08:00,1.2799999713897705,1.2899999618530273,1.2799999713897705,1.2799999713897705,15700,0.0,0.0
2024-10-23 16:00:00+08:00,1.2799999713897705,1.2899999618530273,1.2799999713897705,1.2799999713897705,36900,0.0,0.0
2024-10-24 09:00:00+08:00,1.2799999713897705,1.2799999713897705,1.2799999713897705,1.2799999713897705,44500,0.0,0.0
2024-10-24 10:00:00+08:00,1.2799999713897705,1.2899999618530273,1.2799999713897705,1.2899999618530273,18700,0.0,0.0
2024-10-24 11:00:00+08:00,1.2899999618530273,1.2899999618530273,1.2799999713897705,1.2899999618530273,62500,0.0,0.0
2024-10-24 12:00:00+08:00,1.2799999713897705,1.2899999618530273,1.2799999713897705,1.2899999618530273,1000,0.0,0.0
2024-10-24 13:00:00+08:00,1.2899999618530273,1.2899999618530273,1.2799999713897705,1.2899999618530273,27300,0.0,0.0
2024-10-24 14:00:00+08:00,1.2899999618530273,1.2899999618530273,1.2799999713897705,1.2899999618530273,67300,0.0,0.0
2024-10-24 15:00:00+08:00,1.2899999618530273,1.2899999618530273,1.2799999713897705,1.2899999618530273,24600,0.0,0.0
2024-10-24 16:00:00+08:00,1.2899999618530273,1.2899999618530273,1.2799999713897705,1.2899999618530273,50400,0.0,0.0
2024-10-25 09:00:00+08:00,1.2799999713897705,1.2899999618530273,1.2699999809265137,1.2699999809265137,0,0.0,0.0
2024-10-25 10:00:00+08:00,1.2699999809265137,1.2799999713897705,1.2699999809265137,1.2699999809265137,363100,0.0,0.0
2024-10-25 11:00:00+08:00,1.2699999809265137,1.2799999713897705,1.2699999809265137,1.2699999809265137,0,0.0,0.0
2024-10-25 12:00:00+08:00,1.2699999809265137,1.2699999809265137,1.2699999809265137,1.2699999809265137,400000,0.0,0.0
2024-10-25 13:00:00+08:00,1.2699999809265137,1.2799999713897705,1.2699999809265137,1.2699999809265137,159100,0.0,0.0
2024-10-25 14:00:00+08:00,1.2699999809265137,1.2799999713897705,1.2699999809265137,1.2699999809265137,61500,0.0,0.0
2024-10-25 15:00:00+08:00,1.2699999809265137,1.2799999713897705,1.2699999809265137,1.2799999713897705,133500,0.0,0.0
2024-10-25 16:00:00+08:00,1.2799999713897705,1.2799999713897705,1.2699999809265137,1.2699999809265137,55800,0.0,0.0
2024-10-28 09:00:00+08:00,1.2799999713897705,1.2799999713897705,1.2699999809265137,1.2799999713897705,13100,0.0,0.0
2024-10-28 10:00:00+08:00,1.2699999809265137,1.2799999713897705,1.2699999809265137,1.2799999713897705,8900,0.0,0.0
2024-10-28 11:00:00+08:00,1.2799999713897705,1.2799999713897705,1.2699999809265137,1.2799999713897705,20800,0.0,0.0
2024-10-28 12:00:00+08:00,1.2699999809265137,1.2699999809265137,1.2699999809265137,1.2699999809265137,4100,0.0,0.0
2024-10-28 13:00:00+08:00,1.2699999809265137,1.2799999713897705,1.2699999809265137,1.2699999809265137,3200,0.0,0.0
2024-10-28 14:00:00+08:00,1.2699999809265137,1.2799999713897705,1.2699999809265137,1.2799999713897705,41500,0.0,0.0
2024-10-28 15:00:00+08:00,1.2799999713897705,1.2799999713897705,1.2699999809265137,1.2699999809265137,67100,0.0,0.0
2024-10-28 16:00:00+08:00,1.2699999809265137,1.2799999713897705,1.2699999809265137,1.2799999713897705,52900,0.0,0.0
2024-10-29 09:00:00+08:00,1.2699999809265137,1.2799999713897705,1.2699999809265137,1.2699999809265137,64600,0.0,0.0
2024-10-29 10:00:00+08:00,1.2799999713897705,1.2799999713897705,1.2699999809265137,1.2799999713897705,7800,0.0,0.0
2024-10-29 11:00:00+08:00,1.2799999713897705,1.2799999713897705,1.2699999809265137,1.2799999713897705,3100,0.0,0.0
2024-10-29 12:00:00+08:00,1.2799999713897705,1.2799999713897705,1.2799999713897705,1.2799999713897705,400,0.0,0.0
2024-10-29 13:00:00+08:00,1.2799999713897705,1.2799999713897705,1.2699999809265137,1.2799999713897705,40500,0.0,0.0
2024-10-29 14:00:00+08:00,1.2799999713897705,1.2799999713897705,1.2699999809265137,1.2799999713897705,15600,0.0,0.0
2024-10-29 15:00:00+08:00,1.2799999713897705,1.2799999713897705,1.2699999809265137,1.2799999713897705,10300,0.0,0.0
2024-10-29 16:00:00+08:00,1.2799999713897705,1.2799999713897705,1.2699999809265137,1.2799999713897705,67700,0.0,0.0
2024-10-30 09:00:00+08:00,1.2799999713897705,1.2799999713897705,1.2699999809265137,1.2699999809265137,121500,0.0,0.0
2024-10-30 10:00:00+08:00,1.2699999809265137,1.2799999713897705,1.2699999809265137,1.2699999809265137,66800,0.0,0.0
2024-10-30 11:00:00+08:00,1.2699999809265137,1.2799999713897705,1.2699999809265137,1.2699999809265137,164900,0.0,0.0
2024-10-30 12:00:00+08:00,1.2699999809265137,1.2699999809265137,1.2699999809265137,1.2699999809265137,1100,0.0,0.0
2024-10-30 13:00:00+08:00,1.2699999809265137,1.2799999713897705,1.2699999809265137,1.2699999809265137,14500,0.0,0.0
2024-10-30 14:00:00+08:00,1.2699999809265137,1.2799999713897705,1.2699999809265137,1.2699999809265137,12000,0.0,0.0
2024-10-30 15:00:00+08:00,1.2699999809265137,1.2699999809265137,1.2699999809265137,1.2699999809265137,13300,0.0,0.0
2024-10-30 16:00:00+08:00,1.2699999809265137,1.2799999713897705,1.2699999809265137,1.2699999809265137,17600,0.0,0.0
2024-11-01 09:00:00+08:00,1.2699999809265137,1.2799999713897705,1.2599999904632568,1.2799999713897705,461600,0.0,0.0
2024-11-01 10:00:00+08:00,1.2799999713897705,1.2799999713897705,1.2699999809265137,1.2799999713897705,4700,0.0,0.0
2024-11-01 11:00:00+08:00,1.2799999713897705,1.2799999713897705,1.2699999809265137,1.2799999713897705,36000,0.0,0.0
2024-11-01 12:00:00+08:00,1.2799999713897705,1.2799999713897705,1.2799999713897705,1.2799999713897705,19000,0.0,0.0
2024-11-01 13:00:00+08:00,1.2799999713897705,1.2799999713897705,1.2699999809265137,1.2799999713897705,5700,0.0,0.0
2024-11-01 14:00:00+08:00,1.2799999713897705,1.2799999713897705,1.2699999809265137,1.2699999809265137,24900,0.0,0.0
2024-11-01 15:00:00+08:00,1.2699999809265137,1.2799999713897705,1.2699999809265137,1.2699999809265137,296100,0.0,0.0
2024-11-01 16:00:00+08:00,1.2699999809265137,1.2799999713897705,1.2599999904632568,1.2699999809265137,950100,0.0,0.0
2024-11-04 09:00:00+08:00,1.2699999809265137,1.2799999713897705,1.2599999904632568,1.2699999809265137,168500,0.0,0.0
2024-11-04 10:00:00+08:00,1.2699999809265137,1.2799999713897705,1.2699999809265137,1.2699999809265137,6800,0.0,0.0
2024-11-04 11:00:00+08:00,1.2699999809265137,1.2799999713897705,1.2699999809265137,1.2699999809265137,65900,0.0,0.0
2024-11-04 12:00:00+08:00,1.2699999809265137,1.2699999809265137,1.2699999809265137,1.2699999809265137,3100,0.0,0.0
2024-11-04 13:00:00+08:00,1.2699999809265137,1.2799999713897705,1.2699999809265137,1.2699999809265137,21700,0.0,0.0
2024-11-04 14:00:00+08:00,1.2699999809265137,1.2799999713897705,1.2699999809265137,1.2699999809265137,38600,0.0,0.0
2024-11-04 15:00:00+08:00,1.2699999809265137,1.2799999713897705,1.2699999809265137,1.2699999809265137,21800,0.0,0.0
2024-11-04 16:00:00+08:00,1.2699999809265137,1.2799999713897705,1.2699999809265137,1.2699999809265137,71200,0.0,0.0
2024-11-05 09:00:00+08:00,1.2799999713897705,1.2899999618530273,1.2699999809265137,1.2799999713897705,349800,0.0,0.0
2024-11-05 10:00:00+08:00,1.2799999713897705,1.2899999618530273,1.2799999713897705,1.2799999713897705,30600,0.0,0.0
2024-11-05 11:00:00+08:00,1.2799999713897705,1.2899999618530273,1.2799999713897705,1.2799999713897705,323200,0.0,0.0
2024-11-05 12:00:00+08:00,1.2799999713897705,1.2799999713897705,1.2799999713897705,1.2799999713897705,25400,0.0,0.0
2024-11-05 13:00:00+08:00,1.2799999713897705,1.2899999618530273,1.2799999713897705,1.2899999618530273,50400,0.0,0.0
2024-11-05 14:00:00+08:00,1.2899999618530273,1.2899999618530273,1.2799999713897705,1.2799999713897705,44200,0.0,0.0
2024-11-05 15:00:00+08:00,1.2799999713897705,1.2899999618530273,1.2799999713897705,1.2799999713897705,164600,0.0,0.0
2024-11-05 16:00:00+08:00,1.2799999713897705,1.2899999618530273,1.2799999713897705,1.2899999618530273,85900,0.0,0.0
2024-11-06 09:00:00+08:00,1.2899999618530273,1.2899999618530273,1.2799999713897705,1.2899999618530273,36500,0.0,0.0
2024-11-06 10:00:00+08:00,1.2899999618530273,1.2899999618530273,1.2799999713897705,1.2899999618530273,182700,0.0,0.0
2024-11-06 11:00:00+08:00,1.2799999713897705,1.2899999618530273,1.2799999713897705,1.2799999713897705,79100,0.0,0.0
2024-11-06 12:00:00+08:00,1.2899999618530273,1.2899999618530273,1.2799999713897705,1.2799999713897705,158500,0.0,0.0
2024-11-06 13:00:00+08:00,1.2799999713897705,1.2899999618530273,1.2799999713897705,1.2799999713897705,34600,0.0,0.0
2024-11-06 14:00:00+08:00,1.2799999713897705,1.2899999618530273,1.2799999713897705,1.2799999713897705,176200,0.0,0.0
2024-11-06 15:00:00+08:00,1.2799999713897705,1.2899999618530273,1.2699999809265137,1.2699999809265137,1016900,0.0,0.0
2024-11-06 16:00:00+08:00,1.2699999809265137,1.2799999713897705,1.2699999809265137,1.2699999809265137,395900,0.0,0.0
2024-11-07 09:00:00+08:00,1.2799999713897705,1.2799999713897705,1.2599999904632568,1.2699999809265137,578100,0.0,0.0
2024-11-07 10:00:00+08:00,1.2699999809265137,1.2799999713897705,1.2699999809265137,1.2799999713897705,301200,0.0,0.0
2024-11-07 11:00:00+08:00,1.2799999713897705,1.2799999713897705,1.2699999809265137,1.2699999809265137,243500,0.0,0.0
2024-11-07 12:00:00+08:00,1.2699999809265137,1.2699999809265137,1.2699999809265137,1.2699999809265137,46000,0.0,0.0
2024-11-07 13:00:00+08:00,1.2699999809265137,1.2799999713897705,1.2699999809265137,1.2699999809265137,37500,0.0,0.0
2024-11-07 14:00:00+08:00,1.2699999809265137,1.2799999713897705,1.2699999809265137,1.2699999809265137,4400,0.0,0.0
2024-11-07 15:00:00+08:00,1.2699999809265137,1.2799999713897705,1.2699999809265137,1.2699999809265137,93800,0.0,0.0
2024-11-07 16:00:00+08:00,1.2699999809265137,1.2799999713897705,1.2699999809265137,1.2699999809265137,35000,0.0,0.0
2024-11-08 09:00:00+08:00,1.2799999713897705,1.2799999713897705,1.2699999809265137,1.2699999809265137,419400,0.0,0.0
2024-11-08 10:00:00+08:00,1.2699999809265137,1.2799999713897705,1.2699999809265137,1.2699999809265137,186100,0.0,0.0
2024-11-08 11:00:00+08:00,1.2699999809265137,1.2799999713897705,1.2699999809265137,1.2699999809265137,24400,0.0,0.0
2024-11-08 12:00:00+08:00,1.2799999713897705,1.2799999713897705,1.2699999809265137,1.2699999809265137,4200,0.0,0.0
2024-11-08 13:00:00+08:00,1.2699999809265137,1.2699999809265137,1.2699999809265137,1.2699999809265137,9500,0.0,0.0
2024-11-08 14:00:00+08:00,1.2699999809265137,1.2799999713897705,1.2699999809265137,1.2699999809265137,62700,0.0,0.0
2024-11-08 15:00:00+08:00,1.2699999809265137,1.2799999713897705,1.2699999809265137,1.2699999809265137,26100,0.0,0.0
2024-11-08 16:00:00+08:00,1.2699999809265137,1.2799999713897705,1.2599999904632568,1.2799999713897705,1759100,0.0,0.0
