Datetime,Open,High,Low,Close,Volume,Dividends,Stock Splits
2022-11-02 09:00:00+08:00,11.216350555419922,11.26620101928711,11.166500091552734,11.166500091552734,0,0.0,0.0
2022-11-02 10:00:00+08:00,11.216350555419922,11.316051483154297,11.216350555419922,11.26620101928711,70801,0.0,0.0
2022-11-02 11:00:00+08:00,11.26620101928711,11.316051483154297,11.26620101928711,11.316051483154297,35698,0.0,0.0
2022-11-02 12:00:00+08:00,11.26620101928711,11.316051483154297,11.26620101928711,11.26620101928711,43304,0.0,0.0
2022-11-02 13:00:00+08:00,11.26620101928711,11.26620101928711,11.216350555419922,11.26620101928711,20025,0.0,0.0
2022-11-03 09:00:00+08:00,11.166500091552734,11.26620101928711,11.166500091552734,11.26620101928711,0,0.0,0.0
2022-11-03 10:00:00+08:00,11.26620101928711,11.26620101928711,11.26620101928711,11.26620101928711,24567,0.0,0.0
2022-11-03 11:00:00+08:00,11.26620101928711,11.316051483154297,11.26620101928711,11.26620101928711,24201,0.0,0.0
2022-11-03 12:00:00+08:00,11.26620101928711,11.316051483154297,11.26620101928711,11.26620101928711,14156,0.0,0.0
2022-11-03 13:00:00+08:00,11.26620101928711,11.26620101928711,11.26620101928711,11.26620101928711,2000,0.0,0.0
2022-11-04 09:00:00+08:00,11.26620101928711,11.26620101928711,11.166500091552734,11.166500091552734,0,0.0,0.0
2022-11-04 10:00:00+08:00,11.166500091552734,11.26620101928711,11.166500091552734,11.26620101928711,82282,0.0,0.0
2022-11-04 11:00:00+08:00,11.26620101928711,11.316051483154297,11.26620101928711,11.316051483154297,21389,0.0,0.0
2022-11-04 12:00:00+08:00,11.26620101928711,11.365901947021484,11.26620101928711,11.316051483154297,41753,0.0,0.0
2022-11-04 13:00:00+08:00,11.365901947021484,11.415752410888672,11.365901947021484,11.415752410888672,54366,0.0,0.0
2022-11-07 09:00:00+08:00,11.415752410888672,11.565303802490234,11.415752410888672,11.515453338623047,0,0.0,0.0
2022-11-07 10:00:00+08:00,11.515453338623047,11.515453338623047,11.46560287475586,11.46560287475586,11157,0.0,0.0
2022-11-07 11:00:00+08:00,11.515453338623047,11.515453338623047,11.515453338623047,11.515453338623047,49877,0.0,0.0
2022-11-07 12:00:00+08:00,11.515453338623047,11.565303802490234,11.46560287475586,11.46560287475586,63381,0.0,0.0
2022-11-07 13:00:00+08:00,11.46560287475586,11.565303802490234,11.46560287475586,11.565303802490234,22975,0.0,0.0
2022-11-08 09:00:00+08:00,11.565303802490234,11.615154266357422,11.46560287475586,11.565303802490234,0,0.0,0.0
2022-11-08 10:00:00+08:00,11.565303802490234,11.565303802490234,11.515453338623047,11.565303802490234,72251,0.0,0.0
2022-11-08 11:00:00+08:00,11.565303802490234,11.565303802490234,11.565303802490234,11.565303802490234,19536,0.0,0.0
2022-11-08 12:00:00+08:00,11.565303802490234,11.565303802490234,11.515453338623047,11.515453338623047,40300,0.0,0.0
2022-11-08 13:00:00+08:00,11.515453338623047,11.515453338623047,11.515453338623047,11.515453338623047,39742,0.0,0.0
2022-11-09 09:00:00+08:00,11.515453338623047,11.565303802490234,11.515453338623047,11.565303802490234,0,0.0,0.0
2022-11-09 10:00:00+08:00,11.615154266357422,11.615154266357422,11.515453338623047,11.565303802490234,28151,0.0,0.0
2022-11-09 11:00:00+08:00,11.565303802490234,11.565303802490234,11.515453338623047,11.565303802490234,56002,0.0,0.0
2022-11-09 12:00:00+08:00,11.565303802490234,11.565303802490234,11.565303802490234,11.565303802490234,41350,0.0,0.0
2022-11-09 13:00:00+08:00,11.565303802490234,11.565303802490234,11.515453338623047,11.565303802490234,17263,0.0,0.0
2022-11-10 09:00:00+08:00,11.565303802490234,11.565303802490234,11.515453338623047,11.515453338623047,0,0.0,0.0
2022-11-10 10:00:00+08:00,11.515453338623047,11.515453338623047,11.515453338623047,11.515453338623047,5251,0.0,0.0
2022-11-10 11:00:00+08:00,11.515453338623047,11.515453338623047,11.46560287475586,11.515453338623047,16811,0.0,0.0
2022-11-10 12:00:00+08:00,11.46560287475586,11.515453338623047,11.46560287475586,11.46560287475586,50101,0.0,0.0
2022-11-10 13:00:00+08:00,11.46560287475586,11.46560287475586,11.415752410888672,11.415752410888672,9000,0.0,0.0
2022-11-11 09:00:00+08:00,11.66500473022461,11.714855194091797,11.565303802490234,11.565303802490234,48505,0.0,0.0
2022-11-11 10:00:00+08:00,11.565303802490234,11.66500473022461,11.565303802490234,11.615154266357422,53001,0.0,0.0
2022-11-11 11:00:00+08:00,11.615154266357422,11.615154266357422,11.565303802490234,11.565303802490234,11175,0.0,0.0
2022-11-11 12:00:00+08:00,11.565303802490234,11.615154266357422,11.565303802490234,11.615154266357422,27228,0.0,0.0
2022-11-11 13:00:00+08:00,11.565303802490234,11.615154266357422,11.565303802490234,11.615154266357422,22201,0.0,0.0
2022-11-14 09:00:00+08:00,11.66500473022461,11.714855194091797,11.615154266357422,11.66500473022461,0,0.0,0.0
2022-11-14 10:00:00+08:00,11.66500473022461,11.66500473022461,11.615154266357422,11.615154266357422,39553,0.0,0.0
2022-11-14 11:00:00+08:00,11.615154266357422,11.714855194091797,11.565303802490234,11.714855194091797,66171,0.0,0.0
2022-11-14 12:00:00+08:00,11.66500473022461,11.714855194091797,11.66500473022461,11.66500473022461,58010,0.0,0.0
2022-11-14 13:00:00+08:00,11.66500473022461,11.714855194091797,11.66500473022461,11.66500473022461,25848,0.0,0.0
2022-11-15 09:00:00+08:00,11.714855194091797,11.764705657958984,11.714855194091797,11.714855194091797,0,0.0,0.0
2022-11-15 10:00:00+08:00,11.66500473022461,11.714855194091797,11.66500473022461,11.714855194091797,21002,0.0,0.0
2022-11-15 11:00:00+08:00,11.66500473022461,11.714855194091797,11.66500473022461,11.714855194091797,39247,0.0,0.0
2022-11-15 12:00:00+08:00,11.714855194091797,11.764705657958984,11.714855194091797,11.714855194091797,18654,0.0,0.0
2022-11-15 13:00:00+08:00,11.714855194091797,11.714855194091797,11.66500473022461,11.66500473022461,50008,0.0,0.0
2022-11-16 09:00:00+08:00,11.714855194091797,11.714855194091797,11.565303802490234,11.615154266357422,0,0.0,0.0
2022-11-16 10:00:00+08:00,11.615154266357422,11.615154266357422,11.565303802490234,11.615154266357422,48312,0.0,0.0
2022-11-16 11:00:00+08:00,11.615154266357422,11.66500473022461,11.615154266357422,11.615154266357422,27628,0.0,0.0
2022-11-16 12:00:00+08:00,11.615154266357422,11.66500473022461,11.615154266357422,11.615154266357422,37002,0.0,0.0
2022-11-16 13:00:00+08:00,11.615154266357422,11.615154266357422,11.565303802490234,11.565303802490234,87071,0.0,0.0
2022-11-17 09:00:00+08:00,11.515453338623047,11.615154266357422,11.515453338623047,11.565303802490234,0,0.0,0.0
2022-11-17 10:00:00+08:00,11.565303802490234,11.66500473022461,11.565303802490234,11.565303802490234,54036,0.0,0.0
2022-11-17 11:00:00+08:00,11.565303802490234,11.764705657958984,11.565303802490234,11.714855194091797,120688,0.0,0.0
2022-11-17 12:00:00+08:00,11.764705657958984,11.764705657958984,11.66500473022461,11.66500473022461,57033,0.0,0.0
2022-11-17 13:00:00+08:00,11.714855194091797,11.714855194091797,11.66500473022461,11.66500473022461,38004,0.0,0.0
2022-11-18 09:00:00+08:00,11.714855194091797,11.764705657958984,11.615154266357422,11.615154266357422,0,0.0,0.0
2022-11-18 10:00:00+08:00,11.615154266357422,11.714855194091797,11.565303802490234,11.615154266357422,14218,0.0,0.0
2022-11-18 11:00:00+08:00,11.615154266357422,11.66500473022461,11.565303802490234,11.565303802490234,5399,0.0,0.0
2022-11-18 12:00:00+08:00,11.66500473022461,11.714855194091797,11.615154266357422,11.66500473022461,17253,0.0,0.0
2022-11-18 13:00:00+08:00,11.66500473022461,11.66500473022461,11.615154266357422,11.615154266357422,8100,0.0,0.0
2022-11-21 09:00:00+08:00,11.66500473022461,11.714855194091797,11.565303802490234,11.714855194091797,0,0.0,0.0
2022-11-21 10:00:00+08:00,11.66500473022461,11.66500473022461,11.66500473022461,11.66500473022461,16153,0.0,0.0
2022-11-21 11:00:00+08:00,11.66500473022461,11.66500473022461,11.615154266357422,11.615154266357422,11151,0.0,0.0
2022-11-21 12:00:00+08:00,11.565303802490234,11.615154266357422,11.565303802490234,11.565303802490234,49000,0.0,0.0
2022-11-21 13:00:00+08:00,11.565303802490234,11.565303802490234,11.565303802490234,11.565303802490234,12379,0.0,0.0
2022-11-22 09:00:00+08:00,11.46560287475586,11.515453338623047,11.46560287475586,11.515453338623047,0,0.0,0.0
2022-11-22 10:00:00+08:00,11.515453338623047,11.565303802490234,11.46560287475586,11.515453338623047,19000,0.0,0.0
2022-11-22 11:00:00+08:00,11.565303802490234,11.565303802490234,11.515453338623047,11.565303802490234,40605,0.0,0.0
2022-11-22 12:00:00+08:00,11.565303802490234,11.565303802490234,11.515453338623047,11.515453338623047,5400,0.0,0.0
2022-11-22 13:00:00+08:00,11.515453338623047,11.515453338623047,11.515453338623047,11.515453338623047,11984,0.0,0.0
2022-11-23 09:00:00+08:00,11.66500473022461,11.66500473022461,11.565303802490234,11.565303802490234,0,0.0,0.0
2022-11-23 10:00:00+08:00,11.615154266357422,11.66500473022461,11.615154266357422,11.66500473022461,16223,0.0,0.0
2022-11-23 11:00:00+08:00,11.66500473022461,11.66500473022461,11.565303802490234,11.615154266357422,127196,0.0,0.0
2022-11-23 12:00:00+08:00,11.615154266357422,11.615154266357422,11.565303802490234,11.565303802490234,19194,0.0,0.0
2022-11-23 13:00:00+08:00,11.565303802490234,11.66500473022461,11.565303802490234,11.66500473022461,16025,0.0,0.0
2022-11-24 09:00:00+08:00,11.66500473022461,11.66500473022461,11.615154266357422,11.615154266357422,0,0.0,0.0
2022-11-24 10:00:00+08:00,11.615154266357422,11.615154266357422,11.565303802490234,11.615154266357422,33310,0.0,0.0
2022-11-24 11:00:00+08:00,11.615154266357422,11.615154266357422,11.565303802490234,11.615154266357422,18002,0.0,0.0
2022-11-24 12:00:00+08:00,11.615154266357422,11.615154266357422,11.565303802490234,11.615154266357422,11213,0.0,0.0
2022-11-24 13:00:00+08:00,11.615154266357422,11.66500473022461,11.615154266357422,11.66500473022461,16052,0.0,0.0
2022-11-25 09:00:00+08:00,11.764705657958984,11.814556121826172,11.66500473022461,11.66500473022461,0,0.0,0.0
2022-11-25 10:00:00+08:00,11.714855194091797,11.714855194091797,11.615154266357422,11.66500473022461,58171,0.0,0.0
2022-11-25 11:00:00+08:00,11.714855194091797,11.714855194091797,11.714855194091797,11.714855194091797,12136,0.0,0.0
2022-11-25 12:00:00+08:00,11.66500473022461,11.66500473022461,11.615154266357422,11.66500473022461,27145,0.0,0.0
2022-11-25 13:00:00+08:00,11.615154266357422,11.66500473022461,11.615154266357422,11.66500473022461,8345,0.0,0.0
2022-11-28 09:00:00+08:00,11.714855194091797,11.714855194091797,11.714855194091797,11.714855194091797,0,0.0,0.0
2022-11-28 10:00:00+08:00,11.66500473022461,11.714855194091797,11.615154266357422,11.714855194091797,28385,0.0,0.0
2022-11-28 11:00:00+08:00,11.66500473022461,11.66500473022461,11.66500473022461,11.66500473022461,3024,0.0,0.0
2022-11-28 12:00:00+08:00,11.66500473022461,11.66500473022461,11.615154266357422,11.66500473022461,11115,0.0,0.0
2022-11-28 13:00:00+08:00,11.66500473022461,11.66500473022461,11.66500473022461,11.66500473022461,2012,0.0,0.0
2022-11-29 09:00:00+08:00,11.615154266357422,11.66500473022461,11.565303802490234,11.66500473022461,0,0.0,0.0
2022-11-29 10:00:00+08:00,11.66500473022461,11.714855194091797,11.615154266357422,11.615154266357422,46108,0.0,0.0
2022-11-29 11:00:00+08:00,11.615154266357422,11.66500473022461,11.615154266357422,11.66500473022461,28000,0.0,0.0
2022-11-29 12:00:00+08:00,11.66500473022461,11.714855194091797,11.615154266357422,11.615154266357422,99140,0.0,0.0
2022-11-29 13:00:00+08:00,11.714855194091797,11.714855194091797,11.615154266357422,11.714855194091797,21091,0.0,0.0
2022-11-30 09:00:00+08:00,11.714855194091797,11.814556121826172,11.714855194091797,11.814556121826172,0,0.0,0.0
2022-11-30 10:00:00+08:00,11.814556121826172,11.814556121826172,11.814556121826172,11.814556121826172,50538,0.0,0.0
2022-11-30 11:00:00+08:00,11.814556121826172,11.86440658569336,11.764705657958984,11.814556121826172,57620,0.0,0.0
2022-11-30 12:00:00+08:00,11.814556121826172,11.86440658569336,11.814556121826172,11.86440658569336,88530,0.0,0.0
2022-11-30 13:00:00+08:00,11.86440658569336,11.86440658569336,11.86440658569336,11.86440658569336,18200,0.0,0.0
2022-12-01 09:00:00+08:00,11.914257049560547,12.06380844116211,11.914257049560547,12.013957977294922,0,0.0,0.0
2022-12-01 10:00:00+08:00,12.013957977294922,12.013957977294922,11.914257049560547,11.964107513427734,47440,0.0,0.0
2022-12-01 11:00:00+08:00,11.964107513427734,12.013957977294922,11.914257049560547,11.964107513427734,86589,0.0,0.0
2022-12-01 12:00:00+08:00,11.964107513427734,12.013957977294922,11.914257049560547,12.013957977294922,35402,0.0,0.0
2022-12-01 13:00:00+08:00,12.013957977294922,12.013957977294922,11.964107513427734,11.964107513427734,22138,0.0,0.0
2022-12-02 09:00:00+08:00,12.013957977294922,12.113658905029297,11.964107513427734,12.113658905029297,0,0.0,0.0
2022-12-02 10:00:00+08:00,12.163509368896484,12.163509368896484,12.06380844116211,12.06380844116211,39304,0.0,0.0
2022-12-02 11:00:00+08:00,12.06380844116211,12.06380844116211,12.013957977294922,12.013957977294922,28050,0.0,0.0
2022-12-02 12:00:00+08:00,12.013957977294922,12.06380844116211,11.964107513427734,12.06380844116211,29460,0.0,0.0
2022-12-02 13:00:00+08:00,12.06380844116211,12.06380844116211,12.013957977294922,12.06380844116211,10100,0.0,0.0
2022-12-05 09:00:00+08:00,11.964107513427734,12.113658905029297,11.964107513427734,12.06380844116211,0,0.0,0.0
2022-12-05 10:00:00+08:00,12.06380844116211,12.113658905029297,12.06380844116211,12.113658905029297,30125,0.0,0.0
2022-12-05 11:00:00+08:00,12.06380844116211,12.06380844116211,12.06380844116211,12.06380844116211,49330,0.0,0.0
2022-12-05 12:00:00+08:00,12.113658905029297,12.113658905029297,12.06380844116211,12.06380844116211,34100,0.0,0.0
2022-12-05 13:00:00+08:00,12.06380844116211,12.113658905029297,12.06380844116211,12.113658905029297,22540,0.0,0.0
2022-12-06 09:00:00+08:00,12.06380844116211,12.06380844116211,11.964107513427734,12.013957977294922,0,0.0,0.0
2022-12-06 10:00:00+08:00,12.013957977294922,12.013957977294922,12.013957977294922,12.013957977294922,26062,0.0,0.0
2022-12-06 11:00:00+08:00,12.013957977294922,12.013957977294922,11.914257049560547,11.914257049560547,20201,0.0,0.0
2022-12-06 12:00:00+08:00,11.964107513427734,11.964107513427734,11.964107513427734,11.964107513427734,9258,0.0,0.0
2022-12-06 13:00:00+08:00,12.013957977294922,12.013957977294922,11.914257049560547,12.013957977294922,3465,0.0,0.0
2022-12-07 09:00:00+08:00,11.814556121826172,12.013957977294922,11.814556121826172,12.013957977294922,0,0.0,0.0
2022-12-07 10:00:00+08:00,11.914257049560547,11.964107513427734,11.814556121826172,11.814556121826172,46932,0.0,0.0
2022-12-07 11:00:00+08:00,11.814556121826172,11.86440658569336,11.764705657958984,11.86440658569336,50276,0.0,0.0
2022-12-07 12:00:00+08:00,11.86440658569336,11.86440658569336,11.814556121826172,11.814556121826172,33210,0.0,0.0
2022-12-07 13:00:00+08:00,11.814556121826172,11.814556121826172,11.764705657958984,11.764705657958984,13955,0.0,0.0
2022-12-08 09:00:00+08:00,11.814556121826172,11.814556121826172,11.814556121826172,11.814556121826172,0,0.0,0.0
2022-12-08 10:00:00+08:00,11.814556121826172,11.814556121826172,11.764705657958984,11.764705657958984,16126,0.0,0.0
2022-12-08 11:00:00+08:00,11.764705657958984,11.814556121826172,11.764705657958984,11.764705657958984,16761,0.0,0.0
2022-12-08 12:00:00+08:00,11.814556121826172,11.86440658569336,11.764705657958984,11.814556121826172,17678,0.0,0.0
2022-12-08 13:00:00+08:00,11.814556121826172,11.814556121826172,11.764705657958984,11.764705657958984,22002,0.0,0.0
2022-12-09 09:00:00+08:00,11.86440658569336,12.013957977294922,11.814556121826172,11.86440658569336,0,0.0,0.0
2022-12-09 10:00:00+08:00,11.914257049560547,11.964107513427734,11.914257049560547,11.914257049560547,29003,0.0,0.0
2022-12-09 11:00:00+08:00,11.914257049560547,11.914257049560547,11.86440658569336,11.86440658569336,33759,0.0,0.0
2022-12-09 12:00:00+08:00,11.86440658569336,11.86440658569336,11.814556121826172,11.86440658569336,19169,0.0,0.0
2022-12-09 13:00:00+08:00,11.86440658569336,11.914257049560547,11.814556121826172,11.86440658569336,62021,0.0,0.0
2022-12-12 09:00:00+08:00,11.764705657958984,11.764705657958984,11.565303802490234,11.565303802490234,0,0.0,0.0
2022-12-12 10:00:00+08:00,11.615154266357422,11.66500473022461,11.615154266357422,11.66500473022461,25486,0.0,0.0
2022-12-12 11:00:00+08:00,11.66500473022461,11.714855194091797,11.615154266357422,11.615154266357422,14050,0.0,0.0
2022-12-12 12:00:00+08:00,11.615154266357422,11.615154266357422,11.615154266357422,11.615154266357422,37025,0.0,0.0
2022-12-12 13:00:00+08:00,11.66500473022461,11.814556121826172,11.66500473022461,11.764705657958984,63025,0.0,0.0
2022-12-13 09:00:00+08:00,11.814556121826172,11.86440658569336,11.764705657958984,11.86440658569336,0,0.0,0.0
2022-12-13 10:00:00+08:00,11.764705657958984,11.814556121826172,11.764705657958984,11.814556121826172,18125,0.0,0.0
2022-12-13 11:00:00+08:00,11.764705657958984,11.764705657958984,11.714855194091797,11.764705657958984,54157,0.0,0.0
2022-12-13 12:00:00+08:00,11.714855194091797,11.714855194091797,11.66500473022461,11.66500473022461,22372,0.0,0.0
2022-12-13 13:00:00+08:00,11.714855194091797,11.714855194091797,11.66500473022461,11.66500473022461,24334,0.0,0.0
2022-12-14 09:00:00+08:00,11.764705657958984,11.814556121826172,11.66500473022461,11.714855194091797,0,0.0,0.0
2022-12-14 10:00:00+08:00,11.714855194091797,11.764705657958984,11.66500473022461,11.764705657958984,46086,0.0,0.0
2022-12-14 11:00:00+08:00,11.814556121826172,11.814556121826172,11.66500473022461,11.764705657958984,34263,0.0,0.0
2022-12-14 12:00:00+08:00,11.714855194091797,11.714855194091797,11.714855194091797,11.714855194091797,1005,0.0,0.0
2022-12-14 13:00:00+08:00,11.764705657958984,11.764705657958984,11.764705657958984,11.764705657958984,3000,0.0,0.0
2022-12-15 09:00:00+08:00,11.764705657958984,11.764705657958984,11.714855194091797,11.714855194091797,0,0.0,0.0
2022-12-15 10:00:00+08:00,11.764705657958984,11.764705657958984,11.714855194091797,11.714855194091797,52533,0.0,0.0
2022-12-15 11:00:00+08:00,11.714855194091797,11.764705657958984,11.714855194091797,11.714855194091797,24003,0.0,0.0
2022-12-15 12:00:00+08:00,11.714855194091797,11.814556121826172,11.714855194091797,11.764705657958984,47275,0.0,0.0
2022-12-15 13:00:00+08:00,11.814556121826172,11.814556121826172,11.764705657958984,11.764705657958984,5000,0.0,0.0
2022-12-16 09:00:00+08:00,11.565303802490234,11.714855194091797,11.565303802490234,11.565303802490234,0,0.0,0.0
2022-12-16 10:00:00+08:00,11.615154266357422,11.66500473022461,11.565303802490234,11.66500473022461,35268,0.0,0.0
2022-12-16 11:00:00+08:00,11.615154266357422,11.66500473022461,11.615154266357422,11.66500473022461,11067,0.0,0.0
2022-12-16 12:00:00+08:00,11.66500473022461,11.66500473022461,11.615154266357422,11.615154266357422,32060,0.0,0.0
2022-12-16 13:00:00+08:00,11.615154266357422,11.615154266357422,11.565303802490234,11.615154266357422,19000,0.0,0.0
2022-12-19 09:00:00+08:00,11.615154266357422,11.66500473022461,11.515453338623047,11.66500473022461,0,0.0,0.0
2022-12-19 10:00:00+08:00,11.615154266357422,11.66500473022461,11.615154266357422,11.66500473022461,12480,0.0,0.0
2022-12-19 11:00:00+08:00,11.615154266357422,11.615154266357422,11.565303802490234,11.565303802490234,38062,0.0,0.0
2022-12-19 12:00:00+08:00,11.515453338623047,11.565303802490234,11.515453338623047,11.565303802490234,37129,0.0,0.0
2022-12-19 13:00:00+08:00,11.565303802490234,11.615154266357422,11.565303802490234,11.615154266357422,12100,0.0,0.0
2022-12-20 09:00:00+08:00,12.26321029663086,12.761714935302734,12.163509368896484,12.562313079833984,2907781,0.0,0.0
2022-12-20 10:00:00+08:00,12.612163543701172,12.612163543701172,12.412761688232422,12.512462615966797,580972,0.0,0.0
2022-12-20 11:00:00+08:00,12.512462615966797,12.562313079833984,12.313060760498047,12.362911224365234,654341,0.0,0.0
2022-12-20 12:00:00+08:00,12.412761688232422,12.46261215209961,12.163509368896484,12.26321029663086,604822,0.0,0.0
2022-12-20 13:00:00+08:00,12.26321029663086,12.313060760498047,12.113658905029297,12.113658905029297,286295,0.0,0.0
2022-12-21 09:00:00+08:00,12.362911224365234,12.412761688232422,12.06380844116211,12.213359832763672,0,0.0,0.0
2022-12-21 10:00:00+08:00,12.163509368896484,12.26321029663086,12.163509368896484,12.163509368896484,76663,0.0,0.0
2022-12-21 11:00:00+08:00,12.163509368896484,12.163509368896484,11.914257049560547,11.914257049560547,361949,0.0,0.0
2022-12-21 12:00:00+08:00,11.914257049560547,12.013957977294922,11.914257049560547,11.964107513427734,149007,0.0,0.0
2022-12-21 13:00:00+08:00,11.964107513427734,12.26321029663086,11.964107513427734,12.113658905029297,144002,0.0,0.0
2022-12-22 09:00:00+08:00,12.313060760498047,12.313060760498047,12.013957977294922,12.06380844116211,0,0.0,0.0
2022-12-22 10:00:00+08:00,12.06380844116211,12.06380844116211,12.013957977294922,12.06380844116211,67347,0.0,0.0
2022-12-22 11:00:00+08:00,12.06380844116211,12.06380844116211,12.013957977294922,12.06380844116211,53110,0.0,0.0
2022-12-22 12:00:00+08:00,12.06380844116211,12.163509368896484,12.013957977294922,12.06380844116211,102001,0.0,0.0
2022-12-22 13:00:00+08:00,12.113658905029297,12.163509368896484,12.06380844116211,12.113658905029297,27402,0.0,0.0
2022-12-23 09:00:00+08:00,11.964107513427734,11.964107513427734,11.714855194091797,11.964107513427734,0,0.0,0.0
2022-12-23 10:00:00+08:00,11.964107513427734,11.964107513427734,11.914257049560547,11.914257049560547,40564,0.0,0.0
2022-12-23 11:00:00+08:00,11.914257049560547,11.964107513427734,11.86440658569336,11.964107513427734,67148,0.0,0.0
2022-12-23 12:00:00+08:00,11.964107513427734,12.013957977294922,11.964107513427734,11.964107513427734,83068,0.0,0.0
2022-12-23 13:00:00+08:00,11.964107513427734,12.013957977294922,11.914257049560547,11.914257049560547,30550,0.0,0.0
2022-12-26 09:00:00+08:00,12.013957977294922,12.013957977294922,11.86440658569336,11.914257049560547,0,0.0,0.0
2022-12-26 10:00:00+08:00,11.914257049560547,11.964107513427734,11.914257049560547,11.964107513427734,26422,0.0,0.0
2022-12-26 11:00:00+08:00,11.964107513427734,11.964107513427734,11.964107513427734,11.964107513427734,4555,0.0,0.0
2022-12-26 13:00:00+08:00,11.914257049560547,11.914257049560547,11.86440658569336,11.86440658569336,37047,0.0,0.0
2022-12-27 09:00:00+08:00,11.814556121826172,11.914257049560547,11.814556121826172,11.86440658569336,0,0.0,0.0
2022-12-27 10:00:00+08:00,11.86440658569336,11.964107513427734,11.86440658569336,11.964107513427734,55200,0.0,0.0
2022-12-27 11:00:00+08:00,11.914257049560547,11.914257049560547,11.814556121826172,11.814556121826172,48115,0.0,0.0
2022-12-27 12:00:00+08:00,11.86440658569336,11.914257049560547,11.814556121826172,11.86440658569336,18000,0.0,0.0
2022-12-27 13:00:00+08:00,11.86440658569336,11.964107513427734,11.86440658569336,11.964107513427734,26001,0.0,0.0
2022-12-28 09:00:00+08:00,11.86440658569336,11.86440658569336,11.764705657958984,11.764705657958984,0,0.0,0.0
2022-12-28 10:00:00+08:00,11.764705657958984,11.764705657958984,11.66500473022461,11.714855194091797,70213,0.0,0.0
2022-12-28 11:00:00+08:00,11.714855194091797,11.714855194091797,11.714855194091797,11.714855194091797,15000,0.0,0.0
2022-12-28 12:00:00+08:00,11.714855194091797,11.714855194091797,11.66500473022461,11.66500473022461,45162,0.0,0.0
2022-12-28 13:00:00+08:00,11.714855194091797,11.714855194091797,11.714855194091797,11.714855194091797,42106,0.0,0.0
2022-12-29 09:00:00+08:00,11.66500473022461,11.66500473022461,11.615154266357422,11.66500473022461,0,0.0,0.0
2022-12-29 10:00:00+08:00,11.66500473022461,11.714855194091797,11.615154266357422,11.66500473022461,28126,0.0,0.0
2022-12-29 11:00:00+08:00,11.66500473022461,11.66500473022461,11.66500473022461,11.66500473022461,11379,0.0,0.0
2022-12-29 12:00:00+08:00,11.66500473022461,11.714855194091797,11.615154266357422,11.66500473022461,18118,0.0,0.0
2022-12-29 13:00:00+08:00,11.66500473022461,11.66500473022461,11.66500473022461,11.66500473022461,30000,0.0,0.0
2022-12-30 09:00:00+08:00,11.66500473022461,11.764705657958984,11.66500473022461,11.714855194091797,0,0.0,0.0
2022-12-30 10:00:00+08:00,11.714855194091797,11.714855194091797,11.66500473022461,11.66500473022461,16766,0.0,0.0
2022-12-30 11:00:00+08:00,11.66500473022461,11.66500473022461,11.615154266357422,11.66500473022461,37287,0.0,0.0
2022-12-30 12:00:00+08:00,11.66500473022461,11.66500473022461,11.66500473022461,11.66500473022461,6000,0.0,0.0
2022-12-30 13:00:00+08:00,11.714855194091797,11.764705657958984,11.66500473022461,11.764705657958984,34179,0.0,0.0
2023-01-03 09:00:00+08:00,11.615154266357422,11.66500473022461,11.565303802490234,11.66500473022461,0,0.0,0.0
2023-01-03 10:00:00+08:00,11.66500473022461,11.764705657958984,11.66500473022461,11.714855194091797,14129,0.0,0.0
2023-01-03 11:00:00+08:00,11.764705657958984,11.764705657958984,11.764705657958984,11.764705657958984,19111,0.0,0.0
2023-01-03 12:00:00+08:00,11.764705657958984,11.764705657958984,11.714855194091797,11.714855194091797,23001,0.0,0.0
2023-01-03 13:00:00+08:00,11.66500473022461,11.66500473022461,11.615154266357422,11.66500473022461,47025,0.0,0.0
2023-01-04 09:00:00+08:00,11.764705657958984,11.764705657958984,11.764705657958984,11.764705657958984,0,0.0,0.0
2023-01-04 10:00:00+08:00,11.764705657958984,11.764705657958984,11.764705657958984,11.764705657958984,15080,0.0,0.0
2023-01-04 11:00:00+08:00,11.714855194091797,11.764705657958984,11.714855194091797,11.764705657958984,13146,0.0,0.0
2023-01-04 12:00:00+08:00,11.764705657958984,11.764705657958984,11.714855194091797,11.764705657958984,14407,0.0,0.0
2023-01-04 13:00:00+08:00,11.714855194091797,11.714855194091797,11.714855194091797,11.714855194091797,5025,0.0,0.0
2023-01-05 09:00:00+08:00,11.914257049560547,11.914257049560547,11.764705657958984,11.86440658569336,0,0.0,0.0
2023-01-05 10:00:00+08:00,11.814556121826172,11.814556121826172,11.714855194091797,11.764705657958984,35131,0.0,0.0
2023-01-05 11:00:00+08:00,11.764705657958984,11.764705657958984,11.714855194091797,11.714855194091797,17032,0.0,0.0
2023-01-05 12:00:00+08:00,11.714855194091797,11.714855194091797,11.615154266357422,11.714855194091797,107786,0.0,0.0
2023-01-05 13:00:00+08:00,11.66500473022461,11.714855194091797,11.615154266357422,11.615154266357422,16001,0.0,0.0
2023-01-06 09:00:00+08:00,11.615154266357422,11.714855194091797,11.615154266357422,11.66500473022461,0,0.0,0.0
2023-01-06 11:00:00+08:00,11.66500473022461,11.714855194091797,11.66500473022461,11.66500473022461,15028,0.0,0.0
2023-01-06 12:00:00+08:00,11.714855194091797,11.764705657958984,11.66500473022461,11.66500473022461,17933,0.0,0.0
2023-01-06 13:00:00+08:00,11.66500473022461,11.714855194091797,11.66500473022461,11.714855194091797,13220,0.0,0.0
2023-01-09 09:00:00+08:00,11.764705657958984,11.814556121826172,11.714855194091797,11.814556121826172,0,0.0,0.0
2023-01-09 10:00:00+08:00,11.814556121826172,11.814556121826172,11.814556121826172,11.814556121826172,4572,0.0,0.0
2023-01-09 11:00:00+08:00,11.814556121826172,11.814556121826172,11.764705657958984,11.764705657958984,6061,0.0,0.0
2023-01-09 12:00:00+08:00,11.764705657958984,11.814556121826172,11.764705657958984,11.814556121826172,19225,0.0,0.0
2023-01-09 13:00:00+08:00,11.814556121826172,11.814556121826172,11.764705657958984,11.764705657958984,28102,0.0,0.0
2023-01-10 09:00:00+08:00,11.764705657958984,11.814556121826172,11.764705657958984,11.814556121826172,0,0.0,0.0
2023-01-10 10:00:00+08:00,11.86440658569336,11.86440658569336,11.714855194091797,11.764705657958984,38153,0.0,0.0
2023-01-10 11:00:00+08:00,11.714855194091797,11.714855194091797,11.66500473022461,11.66500473022461,27092,0.0,0.0
2023-01-10 12:00:00+08:00,11.714855194091797,11.764705657958984,11.714855194091797,11.764705657958984,17000,0.0,0.0
2023-01-10 13:00:00+08:00,11.764705657958984,11.814556121826172,11.714855194091797,11.814556121826172,12001,0.0,0.0
2023-01-11 09:00:00+08:00,11.565303802490234,11.714855194091797,11.565303802490234,11.66500473022461,68414,0.0,0.0
2023-01-11 10:00:00+08:00,11.615154266357422,11.66500473022461,11.615154266357422,11.615154266357422,73190,0.0,0.0
2023-01-11 11:00:00+08:00,11.615154266357422,11.615154266357422,11.615154266357422,11.615154266357422,35001,0.0,0.0
2023-01-11 12:00:00+08:00,11.615154266357422,11.615154266357422,11.565303802490234,11.615154266357422,44131,0.0,0.0
2023-01-11 13:00:00+08:00,11.615154266357422,11.66500473022461,11.565303802490234,11.66500473022461,16006,0.0,0.0
2023-01-12 09:00:00+08:00,11.615154266357422,11.615154266357422,11.615154266357422,11.615154266357422,0,0.0,0.0
2023-01-12 10:00:00+08:00,11.615154266357422,11.615154266357422,11.565303802490234,11.565303802490234,53082,0.0,0.0
2023-01-12 11:00:00+08:00,11.565303802490234,11.615154266357422,11.565303802490234,11.615154266357422,27373,0.0,0.0
2023-01-12 12:00:00+08:00,11.565303802490234,11.615154266357422,11.565303802490234,11.565303802490234,23002,0.0,0.0
2023-01-12 13:00:00+08:00,11.565303802490234,11.565303802490234,11.515453338623047,11.515453338623047,35232,0.0,0.0
2023-01-13 09:00:00+08:00,11.565303802490234,11.565303802490234,11.515453338623047,11.515453338623047,0,0.0,0.0
2023-01-13 10:00:00+08:00,11.515453338623047,11.515453338623047,11.46560287475586,11.515453338623047,22006,0.0,0.0
2023-01-13 11:00:00+08:00,11.515453338623047,11.515453338623047,11.46560287475586,11.46560287475586,6673,0.0,0.0
2023-01-13 12:00:00+08:00,11.46560287475586,11.515453338623047,11.46560287475586,11.515453338623047,21336,0.0,0.0
2023-01-13 13:00:00+08:00,11.515453338623047,11.565303802490234,11.515453338623047,11.565303802490234,14100,0.0,0.0
2023-01-16 09:00:00+08:00,11.565303802490234,11.565303802490234,11.46560287475586,11.515453338623047,0,0.0,0.0
2023-01-16 10:00:00+08:00,11.515453338623047,11.565303802490234,11.46560287475586,11.565303802490234,21168,0.0,0.0
2023-01-16 11:00:00+08:00,11.515453338623047,11.565303802490234,11.46560287475586,11.565303802490234,10203,0.0,0.0
2023-01-16 12:00:00+08:00,11.565303802490234,11.565303802490234,11.515453338623047,11.565303802490234,17430,0.0,0.0
2023-01-16 13:00:00+08:00,11.565303802490234,11.615154266357422,11.565303802490234,11.615154266357422,10121,0.0,0.0
2023-01-17 09:00:00+08:00,11.515453338623047,11.515453338623047,11.515453338623047,11.515453338623047,4237,0.0,0.0
2023-01-17 10:00:00+08:00,11.565303802490234,11.565303802490234,11.565303802490234,11.565303802490234,7234,0.0,0.0
2023-01-17 11:00:00+08:00,11.565303802490234,11.565303802490234,11.515453338623047,11.515453338623047,21067,0.0,0.0
2023-01-17 12:00:00+08:00,11.515453338623047,11.565303802490234,11.515453338623047,11.565303802490234,32304,0.0,0.0
2023-01-17 13:00:00+08:00,11.515453338623047,11.565303802490234,11.515453338623047,11.565303802490234,22631,0.0,0.0
2023-01-30 09:00:00+08:00,11.615154266357422,11.66500473022461,11.565303802490234,11.565303802490234,0,0.0,0.0
2023-01-30 10:00:00+08:00,11.565303802490234,11.615154266357422,11.565303802490234,11.615154266357422,31002,0.0,0.0
2023-01-30 11:00:00+08:00,11.615154266357422,11.615154266357422,11.615154266357422,11.615154266357422,6026,0.0,0.0
2023-01-30 12:00:00+08:00,11.615154266357422,11.615154266357422,11.565303802490234,11.565303802490234,81392,0.0,0.0
2023-01-30 13:00:00+08:00,11.565303802490234,11.565303802490234,11.565303802490234,11.565303802490234,1120,0.0,0.0
2023-01-31 09:00:00+08:00,11.66500473022461,11.714855194091797,11.615154266357422,11.714855194091797,0,0.0,0.0
2023-01-31 10:00:00+08:00,11.66500473022461,11.714855194091797,11.66500473022461,11.714855194091797,100004,0.0,0.0
2023-01-31 11:00:00+08:00,11.714855194091797,11.764705657958984,11.66500473022461,11.714855194091797,101504,0.0,0.0
2023-01-31 12:00:00+08:00,11.714855194091797,11.764705657958984,11.714855194091797,11.764705657958984,47003,0.0,0.0
2023-01-31 13:00:00+08:00,11.764705657958984,11.764705657958984,11.66500473022461,11.66500473022461,79003,0.0,0.0
2023-02-01 09:00:00+08:00,11.764705657958984,11.814556121826172,11.764705657958984,11.764705657958984,0,0.0,0.0
2023-02-01 10:00:00+08:00,11.764705657958984,11.86440658569336,11.764705657958984,11.814556121826172,74332,0.0,0.0
2023-02-01 11:00:00+08:00,11.814556121826172,11.814556121826172,11.764705657958984,11.764705657958984,38098,0.0,0.0
2023-02-01 12:00:00+08:00,11.764705657958984,11.86440658569336,11.764705657958984,11.814556121826172,90492,0.0,0.0
2023-02-01 13:00:00+08:00,11.814556121826172,11.914257049560547,11.814556121826172,11.86440658569336,69427,0.0,0.0
2023-02-02 09:00:00+08:00,11.914257049560547,11.914257049560547,11.814556121826172,11.814556121826172,0,0.0,0.0
2023-02-02 10:00:00+08:00,11.814556121826172,11.86440658569336,11.814556121826172,11.814556121826172,28662,0.0,0.0
2023-02-02 11:00:00+08:00,11.86440658569336,11.914257049560547,11.86440658569336,11.914257049560547,35582,0.0,0.0
2023-02-02 12:00:00+08:00,11.914257049560547,11.914257049560547,11.86440658569336,11.914257049560547,48146,0.0,0.0
2023-02-02 13:00:00+08:00,11.914257049560547,11.914257049560547,11.914257049560547,11.914257049560547,35053,0.0,0.0
2023-02-03 09:00:00+08:00,11.964107513427734,11.964107513427734,11.86440658569336,11.914257049560547,0,0.0,0.0
2023-02-03 10:00:00+08:00,11.86440658569336,11.86440658569336,11.86440658569336,11.86440658569336,13965,0.0,0.0
2023-02-03 11:00:00+08:00,11.86440658569336,11.914257049560547,11.86440658569336,11.914257049560547,28022,0.0,0.0
2023-02-03 12:00:00+08:00,11.914257049560547,11.914257049560547,11.86440658569336,11.86440658569336,48386,0.0,0.0
2023-02-03 13:00:00+08:00,11.814556121826172,11.86440658569336,11.814556121826172,11.86440658569336,44298,0.0,0.0
2023-02-06 09:00:00+08:00,11.86440658569336,11.86440658569336,11.814556121826172,11.86440658569336,0,0.0,0.0
2023-02-06 10:00:00+08:00,11.86440658569336,11.86440658569336,11.86440658569336,11.86440658569336,2030,0.0,0.0
2023-02-06 11:00:00+08:00,11.814556121826172,11.86440658569336,11.814556121826172,11.86440658569336,18304,0.0,0.0
2023-02-06 12:00:00+08:00,11.86440658569336,11.914257049560547,11.86440658569336,11.914257049560547,7183,0.0,0.0
2023-02-06 13:00:00+08:00,11.86440658569336,11.86440658569336,11.86440658569336,11.86440658569336,9126,0.0,0.0
2023-02-07 09:00:00+08:00,11.86440658569336,11.86440658569336,11.814556121826172,11.814556121826172,3350,0.0,0.0
2023-02-07 10:00:00+08:00,11.814556121826172,11.86440658569336,11.814556121826172,11.814556121826172,46026,0.0,0.0
2023-02-07 11:00:00+08:00,11.814556121826172,11.86440658569336,11.814556121826172,11.86440658569336,17618,0.0,0.0
2023-02-07 12:00:00+08:00,11.814556121826172,11.86440658569336,11.814556121826172,11.814556121826172,30099,0.0,0.0
2023-02-07 13:00:00+08:00,11.86440658569336,11.86440658569336,11.86440658569336,11.86440658569336,4051,0.0,0.0
2023-02-08 09:00:00+08:00,11.86440658569336,11.86440658569336,11.814556121826172,11.814556121826172,0,0.0,0.0
2023-02-08 10:00:00+08:00,11.814556121826172,11.86440658569336,11.814556121826172,11.814556121826172,70221,0.0,0.0
2023-02-08 11:00:00+08:00,11.86440658569336,11.86440658569336,11.86440658569336,11.86440658569336,12257,0.0,0.0
2023-02-08 12:00:00+08:00,11.814556121826172,11.86440658569336,11.814556121826172,11.86440658569336,61401,0.0,0.0
2023-02-08 13:00:00+08:00,11.86440658569336,11.86440658569336,11.814556121826172,11.814556121826172,9872,0.0,0.0
2023-02-09 09:00:00+08:00,11.86440658569336,11.86440658569336,11.86440658569336,11.86440658569336,0,0.0,0.0
2023-02-09 10:00:00+08:00,11.86440658569336,11.86440658569336,11.814556121826172,11.814556121826172,79517,0.0,0.0
2023-02-09 11:00:00+08:00,11.814556121826172,11.86440658569336,11.814556121826172,11.814556121826172,22971,0.0,0.0
2023-02-09 12:00:00+08:00,11.86440658569336,11.86440658569336,11.814556121826172,11.814556121826172,36137,0.0,0.0
2023-02-09 13:00:00+08:00,11.814556121826172,11.86440658569336,11.814556121826172,11.86440658569336,31384,0.0,0.0
2023-02-10 09:00:00+08:00,11.86440658569336,11.86440658569336,11.814556121826172,11.86440658569336,0,0.0,0.0
2023-02-10 10:00:00+08:00,11.86440658569336,11.86440658569336,11.814556121826172,11.86440658569336,12564,0.0,0.0
2023-02-10 11:00:00+08:00,11.814556121826172,11.914257049560547,11.764705657958984,11.764705657958984,108133,0.0,0.0
2023-02-10 12:00:00+08:00,11.814556121826172,11.86440658569336,11.814556121826172,11.86440658569336,6403,0.0,0.0
2023-02-10 13:00:00+08:00,11.814556121826172,11.914257049560547,11.814556121826172,11.914257049560547,33052,0.0,0.0
2023-02-13 09:00:00+08:00,11.814556121826172,11.914257049560547,11.764705657958984,11.764705657958984,0,0.0,0.0
2023-02-13 10:00:00+08:00,11.764705657958984,11.814556121826172,11.764705657958984,11.764705657958984,69521,0.0,0.0
2023-02-13 11:00:00+08:00,11.814556121826172,11.86440658569336,11.814556121826172,11.86440658569336,20331,0.0,0.0
2023-02-13 12:00:00+08:00,11.814556121826172,11.914257049560547,11.814556121826172,11.914257049560547,40439,0.0,0.0
2023-02-13 13:00:00+08:00,11.914257049560547,11.914257049560547,11.814556121826172,11.814556121826172,29129,0.0,0.0
2023-02-14 09:00:00+08:00,11.814556121826172,11.914257049560547,11.764705657958984,11.914257049560547,0,0.0,0.0
2023-02-14 10:00:00+08:00,11.86440658569336,11.86440658569336,11.86440658569336,11.86440658569336,11137,0.0,0.0
2023-02-14 11:00:00+08:00,11.86440658569336,11.86440658569336,11.764705657958984,11.814556121826172,84253,0.0,0.0
2023-02-14 12:00:00+08:00,11.86440658569336,11.86440658569336,11.764705657958984,11.86440658569336,21131,0.0,0.0
2023-02-14 13:00:00+08:00,11.814556121826172,11.814556121826172,11.814556121826172,11.814556121826172,16025,0.0,0.0
2023-02-15 09:00:00+08:00,11.814556121826172,11.814556121826172,11.764705657958984,11.814556121826172,0,0.0,0.0
2023-02-15 10:00:00+08:00,11.814556121826172,11.814556121826172,11.66500473022461,11.714855194091797,163034,0.0,0.0
2023-02-15 11:00:00+08:00,11.714855194091797,11.764705657958984,11.714855194091797,11.764705657958984,50994,0.0,0.0
2023-02-15 12:00:00+08:00,11.764705657958984,11.764705657958984,11.714855194091797,11.764705657958984,29133,0.0,0.0
2023-02-15 13:00:00+08:00,11.764705657958984,11.764705657958984,11.714855194091797,11.714855194091797,6031,0.0,0.0
2023-02-16 09:00:00+08:00,11.764705657958984,11.86440658569336,11.764705657958984,11.86440658569336,0,0.0,0.0
2023-02-16 10:00:00+08:00,11.86440658569336,11.86440658569336,11.764705657958984,11.764705657958984,58008,0.0,0.0
2023-02-16 11:00:00+08:00,11.764705657958984,11.814556121826172,11.764705657958984,11.814556121826172,13438,0.0,0.0
2023-02-16 12:00:00+08:00,11.814556121826172,11.814556121826172,11.764705657958984,11.814556121826172,93465,0.0,0.0
2023-02-16 13:00:00+08:00,11.764705657958984,11.764705657958984,11.764705657958984,11.764705657958984,3000,0.0,0.0
2023-02-17 09:00:00+08:00,11.714855194091797,11.814556121826172,11.714855194091797,11.714855194091797,0,0.0,0.0
2023-02-17 10:00:00+08:00,11.714855194091797,11.814556121826172,11.714855194091797,11.764705657958984,54965,0.0,0.0
2023-02-17 11:00:00+08:00,11.764705657958984,11.764705657958984,11.714855194091797,11.764705657958984,21055,0.0,0.0
2023-02-17 12:00:00+08:00,11.764705657958984,11.814556121826172,11.764705657958984,11.764705657958984,30437,0.0,0.0
2023-02-17 13:00:00+08:00,11.764705657958984,11.764705657958984,11.714855194091797,11.764705657958984,22381,0.0,0.0
2023-02-20 09:00:00+08:00,11.814556121826172,11.86440658569336,11.814556121826172,11.86440658569336,0,0.0,0.0
2023-02-20 10:00:00+08:00,11.86440658569336,11.964107513427734,11.86440658569336,11.914257049560547,142292,0.0,0.0
2023-02-20 11:00:00+08:00,11.914257049560547,11.964107513427734,11.914257049560547,11.914257049560547,78927,0.0,0.0
2023-02-20 12:00:00+08:00,11.914257049560547,11.914257049560547,11.86440658569336,11.86440658569336,57053,0.0,0.0
2023-02-20 13:00:00+08:00,11.914257049560547,11.914257049560547,11.914257049560547,11.914257049560547,46153,0.0,0.0
2023-02-21 09:00:00+08:00,11.914257049560547,12.06380844116211,11.86440658569336,12.013957977294922,0,0.0,0.0
2023-02-21 10:00:00+08:00,12.013957977294922,12.06380844116211,12.013957977294922,12.06380844116211,108864,0.0,0.0
2023-02-21 11:00:00+08:00,12.013957977294922,12.06380844116211,12.013957977294922,12.013957977294922,69842,0.0,0.0
2023-02-21 12:00:00+08:00,12.013957977294922,12.013957977294922,11.964107513427734,12.013957977294922,51192,0.0,0.0
2023-02-21 13:00:00+08:00,12.013957977294922,12.06380844116211,12.013957977294922,12.013957977294922,52055,0.0,0.0
2023-02-22 09:00:00+08:00,11.964107513427734,11.964107513427734,11.86440658569336,11.914257049560547,0,0.0,0.0
2023-02-22 10:00:00+08:00,11.914257049560547,12.013957977294922,11.914257049560547,11.914257049560547,32764,0.0,0.0
2023-02-22 11:00:00+08:00,11.964107513427734,11.964107513427734,11.914257049560547,11.914257049560547,18507,0.0,0.0
2023-02-22 12:00:00+08:00,11.914257049560547,12.013957977294922,11.914257049560547,11.964107513427734,37479,0.0,0.0
2023-02-22 13:00:00+08:00,11.914257049560547,11.964107513427734,11.914257049560547,11.914257049560547,11006,0.0,0.0
2023-02-23 09:00:00+08:00,12.013957977294922,12.013957977294922,11.914257049560547,11.964107513427734,0,0.0,0.0
2023-02-23 10:00:00+08:00,11.964107513427734,12.013957977294922,11.964107513427734,11.964107513427734,71122,0.0,0.0
2023-02-23 11:00:00+08:00,12.013957977294922,12.06380844116211,11.964107513427734,11.964107513427734,67447,0.0,0.0
2023-02-23 12:00:00+08:00,12.013957977294922,12.013957977294922,12.013957977294922,12.013957977294922,34276,0.0,0.0
2023-02-23 13:00:00+08:00,12.013957977294922,12.013957977294922,11.964107513427734,11.964107513427734,23481,0.0,0.0
2023-02-24 09:00:00+08:00,12.013957977294922,12.013957977294922,11.964107513427734,11.964107513427734,0,0.0,0.0
2023-02-24 10:00:00+08:00,11.964107513427734,11.964107513427734,11.914257049560547,11.964107513427734,104529,0.0,0.0
2023-02-24 11:00:00+08:00,11.964107513427734,12.013957977294922,11.964107513427734,11.964107513427734,28349,0.0,0.0
2023-02-24 12:00:00+08:00,11.964107513427734,11.964107513427734,11.914257049560547,11.964107513427734,29403,0.0,0.0
2023-02-24 13:00:00+08:00,11.964107513427734,11.964107513427734,11.964107513427734,11.964107513427734,12841,0.0,0.0
2023-03-01 09:00:00+08:00,11.814556121826172,11.964107513427734,11.814556121826172,11.914257049560547,0,0.0,0.0
2023-03-01 10:00:00+08:00,11.914257049560547,11.964107513427734,11.86440658569336,11.914257049560547,42945,0.0,0.0
2023-03-01 11:00:00+08:00,11.914257049560547,12.013957977294922,11.914257049560547,11.964107513427734,59264,0.0,0.0
2023-03-01 12:00:00+08:00,11.964107513427734,11.964107513427734,11.964107513427734,11.964107513427734,8149,0.0,0.0
2023-03-01 13:00:00+08:00,11.914257049560547,11.914257049560547,11.914257049560547,11.914257049560547,43216,0.0,0.0
2023-03-02 09:00:00+08:00,11.964107513427734,11.964107513427734,11.86440658569336,11.86440658569336,0,0.0,0.0
2023-03-02 10:00:00+08:00,11.86440658569336,11.86440658569336,11.86440658569336,11.86440658569336,45135,0.0,0.0
2023-03-02 11:00:00+08:00,11.86440658569336,11.914257049560547,11.86440658569336,11.914257049560547,27191,0.0,0.0
2023-03-02 12:00:00+08:00,11.86440658569336,11.86440658569336,11.814556121826172,11.814556121826172,138665,0.0,0.0
2023-03-02 13:00:00+08:00,11.86440658569336,11.86440658569336,11.86440658569336,11.86440658569336,20052,0.0,0.0
2023-03-03 09:00:00+08:00,11.914257049560547,11.964107513427734,11.86440658569336,11.86440658569336,0,0.0,0.0
2023-03-03 10:00:00+08:00,11.86440658569336,11.86440658569336,11.814556121826172,11.86440658569336,75948,0.0,0.0
2023-03-03 11:00:00+08:00,11.86440658569336,11.914257049560547,11.86440658569336,11.914257049560547,32044,0.0,0.0
2023-03-03 12:00:00+08:00,11.914257049560547,11.914257049560547,11.86440658569336,11.86440658569336,96690,0.0,0.0
2023-03-03 13:00:00+08:00,11.814556121826172,11.914257049560547,11.814556121826172,11.914257049560547,66327,0.0,0.0
2023-03-06 09:00:00+08:00,11.964107513427734,11.964107513427734,11.86440658569336,11.86440658569336,0,0.0,0.0
2023-03-06 10:00:00+08:00,11.86440658569336,11.86440658569336,11.814556121826172,11.86440658569336,140169,0.0,0.0
2023-03-06 11:00:00+08:00,11.86440658569336,11.914257049560547,11.814556121826172,11.914257049560547,213543,0.0,0.0
2023-03-06 12:00:00+08:00,11.914257049560547,11.914257049560547,11.86440658569336,11.86440658569336,74285,0.0,0.0
2023-03-06 13:00:00+08:00,11.86440658569336,11.914257049560547,11.86440658569336,11.914257049560547,13409,0.0,0.0
2023-03-07 09:00:00+08:00,11.86440658569336,12.113658905029297,11.86440658569336,11.964107513427734,4991595,0.0,0.0
2023-03-07 10:00:00+08:00,12.013957977294922,12.213359832763672,11.914257049560547,12.113658905029297,1100762,0.0,0.0
2023-03-07 11:00:00+08:00,12.113658905029297,12.113658905029297,12.013957977294922,12.06380844116211,237137,0.0,0.0
2023-03-07 12:00:00+08:00,12.06380844116211,12.113658905029297,12.013957977294922,12.113658905029297,209939,0.0,0.0
2023-03-07 13:00:00+08:00,12.06380844116211,12.163509368896484,12.06380844116211,12.113658905029297,141271,0.0,0.0
2023-03-08 09:00:00+08:00,12.013957977294922,12.06380844116211,12.013957977294922,12.013957977294922,0,0.0,0.0
2023-03-08 10:00:00+08:00,12.013957977294922,12.113658905029297,12.013957977294922,12.06380844116211,131732,0.0,0.0
2023-03-08 11:00:00+08:00,12.06380844116211,12.06380844116211,12.06380844116211,12.06380844116211,101944,0.0,0.0
2023-03-08 12:00:00+08:00,12.06380844116211,12.113658905029297,12.06380844116211,12.06380844116211,83843,0.0,0.0
2023-03-08 13:00:00+08:00,12.06380844116211,12.113658905029297,12.06380844116211,12.113658905029297,23240,0.0,0.0
2023-03-09 09:00:00+08:00,12.113658905029297,12.213359832763672,12.113658905029297,12.163509368896484,0,0.0,0.0
2023-03-09 10:00:00+08:00,12.163509368896484,12.163509368896484,12.06380844116211,12.113658905029297,112321,0.0,0.0
2023-03-09 11:00:00+08:00,12.113658905029297,12.113658905029297,12.06380844116211,12.06380844116211,60818,0.0,0.0
2023-03-09 12:00:00+08:00,12.06380844116211,12.113658905029297,12.013957977294922,12.013957977294922,152211,0.0,0.0
2023-03-09 13:00:00+08:00,12.013957977294922,12.06380844116211,12.013957977294922,12.06380844116211,32351,0.0,0.0
2023-03-10 09:00:00+08:00,12.013957977294922,12.013957977294922,11.764705657958984,11.86440658569336,0,0.0,0.0
2023-03-10 10:00:00+08:00,11.86440658569336,11.86440658569336,11.814556121826172,11.814556121826172,58624,0.0,0.0
2023-03-10 11:00:00+08:00,11.86440658569336,11.86440658569336,11.714855194091797,11.714855194091797,374864,0.0,0.0
2023-03-10 12:00:00+08:00,11.764705657958984,11.764705657958984,11.714855194091797,11.764705657958984,94526,0.0,0.0
2023-03-10 13:00:00+08:00,11.764705657958984,11.764705657958984,11.714855194091797,11.764705657958984,127919,0.0,0.0
2023-03-13 09:00:00+08:00,11.66500473022461,11.66500473022461,11.316051483154297,11.415752410888672,0,0.0,0.0
2023-03-13 10:00:00+08:00,11.415752410888672,11.565303802490234,11.415752410888672,11.515453338623047,115792,0.0,0.0
2023-03-13 11:00:00+08:00,11.46560287475586,11.565303802490234,11.46560287475586,11.565303802490234,62958,0.0,0.0
2023-03-13 12:00:00+08:00,11.565303802490234,11.615154266357422,11.515453338623047,11.565303802490234,65886,0.0,0.0
2023-03-13 13:00:00+08:00,11.515453338623047,11.565303802490234,11.515453338623047,11.515453338623047,40092,0.0,0.0
2023-03-14 09:00:00+08:00,11.565303802490234,11.565303802490234,11.46560287475586,11.46560287475586,0,0.0,0.0
2023-03-14 10:00:00+08:00,11.46560287475586,11.515453338623047,11.415752410888672,11.515453338623047,41301,0.0,0.0
2023-03-14 11:00:00+08:00,11.515453338623047,11.515453338623047,11.46560287475586,11.46560287475586,64134,0.0,0.0
2023-03-14 12:00:00+08:00,11.46560287475586,11.46560287475586,11.365901947021484,11.365901947021484,252080,0.0,0.0
2023-03-14 13:00:00+08:00,11.415752410888672,11.46560287475586,11.365901947021484,11.365901947021484,70673,0.0,0.0
2023-03-15 09:00:00+08:00,11.515453338623047,11.515453338623047,11.46560287475586,11.515453338623047,0,0.0,0.0
2023-03-15 10:00:00+08:00,11.46560287475586,11.515453338623047,11.415752410888672,11.415752410888672,82495,0.0,0.0
2023-03-15 11:00:00+08:00,11.415752410888672,11.46560287475586,11.415752410888672,11.415752410888672,40007,0.0,0.0
2023-03-15 12:00:00+08:00,11.46560287475586,11.46560287475586,11.415752410888672,11.415752410888672,30061,0.0,0.0
2023-03-15 13:00:00+08:00,11.415752410888672,11.415752410888672,11.365901947021484,11.415752410888672,64213,0.0,0.0
2023-03-16 09:00:00+08:00,11.365901947021484,11.365901947021484,11.26620101928711,11.26620101928711,0,0.0,0.0
2023-03-16 10:00:00+08:00,11.26620101928711,11.316051483154297,11.216350555419922,11.216350555419922,46939,0.0,0.0
2023-03-16 11:00:00+08:00,11.26620101928711,11.26620101928711,11.166500091552734,11.166500091552734,152992,0.0,0.0
2023-03-16 12:00:00+08:00,11.166500091552734,11.166500091552734,11.116649627685547,11.166500091552734,105174,0.0,0.0
2023-03-16 13:00:00+08:00,11.116649627685547,11.216350555419922,11.06679916381836,11.166500091552734,68499,0.0,0.0
2023-03-17 09:00:00+08:00,11.26620101928711,11.26620101928711,11.166500091552734,11.216350555419922,0,0.0,0.0
2023-03-17 10:00:00+08:00,11.216350555419922,11.216350555419922,11.166500091552734,11.166500091552734,66179,0.0,0.0
2023-03-17 11:00:00+08:00,11.216350555419922,11.216350555419922,11.166500091552734,11.166500091552734,35220,0.0,0.0
2023-03-17 12:00:00+08:00,11.166500091552734,11.26620101928711,11.166500091552734,11.26620101928711,69199,0.0,0.0
2023-03-17 13:00:00+08:00,11.26620101928711,11.316051483154297,11.26620101928711,11.26620101928711,12410,0.0,0.0
2023-03-20 09:00:00+08:00,11.316051483154297,11.316051483154297,11.216350555419922,11.26620101928711,0,0.0,0.0
2023-03-20 10:00:00+08:00,11.216350555419922,11.316051483154297,11.216350555419922,11.26620101928711,33072,0.0,0.0
2023-03-20 11:00:00+08:00,11.26620101928711,11.26620101928711,11.26620101928711,11.26620101928711,26002,0.0,0.0
2023-03-20 12:00:00+08:00,11.26620101928711,11.415752410888672,11.26620101928711,11.365901947021484,87403,0.0,0.0
2023-03-20 13:00:00+08:00,11.365901947021484,11.365901947021484,11.316051483154297,11.365901947021484,14601,0.0,0.0
2023-03-21 09:00:00+08:00,11.365901947021484,11.46560287475586,11.365901947021484,11.415752410888672,0,0.0,0.0
2023-03-21 10:00:00+08:00,11.46560287475586,11.515453338623047,11.415752410888672,11.46560287475586,62488,0.0,0.0
2023-03-21 11:00:00+08:00,11.515453338623047,11.515453338623047,11.415752410888672,11.46560287475586,22435,0.0,0.0
2023-03-21 12:00:00+08:00,11.46560287475586,11.46560287475586,11.415752410888672,11.46560287475586,34721,0.0,0.0
2023-03-21 13:00:00+08:00,11.46560287475586,11.46560287475586,11.46560287475586,11.46560287475586,4322,0.0,0.0
2023-03-22 09:00:00+08:00,11.565303802490234,11.565303802490234,11.46560287475586,11.46560287475586,0,0.0,0.0
2023-03-22 10:00:00+08:00,11.515453338623047,11.565303802490234,11.515453338623047,11.565303802490234,29180,0.0,0.0
2023-03-22 11:00:00+08:00,11.46560287475586,11.515453338623047,11.46560287475586,11.46560287475586,84275,0.0,0.0
2023-03-22 12:00:00+08:00,11.46560287475586,11.515453338623047,11.46560287475586,11.46560287475586,50580,0.0,0.0
2023-03-22 13:00:00+08:00,11.46560287475586,11.515453338623047,11.415752410888672,11.515453338623047,67051,0.0,0.0
2023-03-23 09:00:00+08:00,11.515453338623047,11.515453338623047,11.46560287475586,11.515453338623047,23463,0.0,0.0
2023-03-23 10:00:00+08:00,11.515453338623047,11.565303802490234,11.46560287475586,11.515453338623047,44341,0.0,0.0
2023-03-23 11:00:00+08:00,11.515453338623047,11.515453338623047,11.515453338623047,11.515453338623047,16589,0.0,0.0
2023-03-23 12:00:00+08:00,11.515453338623047,11.515453338623047,11.46560287475586,11.46560287475586,26617,0.0,0.0
2023-03-23 13:00:00+08:00,11.515453338623047,11.515453338623047,11.46560287475586,11.515453338623047,18212,0.0,0.0
2023-03-24 09:00:00+08:00,11.565303802490234,11.565303802490234,11.46560287475586,11.46560287475586,0,0.0,0.0
2023-03-24 10:00:00+08:00,11.46560287475586,11.515453338623047,11.46560287475586,11.46560287475586,94897,0.0,0.0
2023-03-24 11:00:00+08:00,11.46560287475586,11.515453338623047,11.46560287475586,11.515453338623047,44252,0.0,0.0
2023-03-24 12:00:00+08:00,11.565303802490234,11.565303802490234,11.46560287475586,11.515453338623047,24358,0.0,0.0
2023-03-24 13:00:00+08:00,11.515453338623047,11.515453338623047,11.515453338623047,11.515453338623047,25327,0.0,0.0
2023-03-27 09:00:00+08:00,11.515453338623047,11.515453338623047,11.316051483154297,11.46560287475586,0,0.0,0.0
2023-03-27 10:00:00+08:00,11.415752410888672,11.515453338623047,11.415752410888672,11.46560287475586,24518,0.0,0.0
2023-03-27 11:00:00+08:00,11.415752410888672,11.515453338623047,11.415752410888672,11.46560287475586,18125,0.0,0.0
2023-03-27 12:00:00+08:00,11.46560287475586,11.46560287475586,11.415752410888672,11.415752410888672,15206,0.0,0.0
2023-03-27 13:00:00+08:00,11.46560287475586,11.515453338623047,11.415752410888672,11.46560287475586,30136,0.0,0.0
2023-03-28 09:00:00+08:00,11.515453338623047,11.565303802490234,11.415752410888672,11.46560287475586,64683,0.0,0.0
2023-03-28 10:00:00+08:00,11.415752410888672,11.46560287475586,11.365901947021484,11.46560287475586,67351,0.0,0.0
2023-03-28 11:00:00+08:00,11.46560287475586,11.515453338623047,11.46560287475586,11.46560287475586,40256,0.0,0.0
2023-03-28 12:00:00+08:00,11.515453338623047,11.515453338623047,11.415752410888672,11.46560287475586,61368,0.0,0.0
2023-03-28 13:00:00+08:00,11.415752410888672,11.46560287475586,11.415752410888672,11.46560287475586,5000,0.0,0.0
2023-03-29 09:00:00+08:00,11.415752410888672,11.515453338623047,11.415752410888672,11.415752410888672,0,0.0,0.0
2023-03-29 10:00:00+08:00,11.415752410888672,11.46560287475586,11.365901947021484,11.46560287475586,65053,0.0,0.0
2023-03-29 11:00:00+08:00,11.415752410888672,11.46560287475586,11.415752410888672,11.46560287475586,18091,0.0,0.0
2023-03-29 12:00:00+08:00,11.46560287475586,11.46560287475586,11.46560287475586,11.46560287475586,15195,0.0,0.0
2023-03-29 13:00:00+08:00,11.415752410888672,11.415752410888672,11.415752410888672,11.415752410888672,13364,0.0,0.0
2023-03-30 09:00:00+08:00,11.415752410888672,11.415752410888672,11.415752410888672,11.415752410888672,0,0.0,0.0
2023-03-30 10:00:00+08:00,11.415752410888672,11.46560287475586,11.365901947021484,11.415752410888672,28183,0.0,0.0
2023-03-30 11:00:00+08:00,11.415752410888672,11.415752410888672,11.415752410888672,11.415752410888672,16275,0.0,0.0
2023-03-30 12:00:00+08:00,11.415752410888672,11.46560287475586,11.415752410888672,11.46560287475586,32623,0.0,0.0
2023-03-30 13:00:00+08:00,11.46560287475586,11.46560287475586,11.415752410888672,11.415752410888672,11980,0.0,0.0
2023-03-31 09:00:00+08:00,11.415752410888672,11.415752410888672,11.415752410888672,11.415752410888672,0,0.0,0.0
2023-03-31 10:00:00+08:00,11.365901947021484,11.46560287475586,11.365901947021484,11.415752410888672,26439,0.0,0.0
2023-03-31 11:00:00+08:00,11.415752410888672,11.46560287475586,11.415752410888672,11.46560287475586,14191,0.0,0.0
2023-03-31 12:00:00+08:00,11.46560287475586,11.46560287475586,11.365901947021484,11.46560287475586,41175,0.0,0.0
2023-03-31 13:00:00+08:00,11.415752410888672,11.46560287475586,11.415752410888672,11.46560287475586,9103,0.0,0.0
2023-04-06 09:00:00+08:00,11.365901947021484,11.415752410888672,11.365901947021484,11.415752410888672,0,0.0,0.0
2023-04-06 10:00:00+08:00,11.365901947021484,11.515453338623047,11.365901947021484,11.46560287475586,72184,0.0,0.0
2023-04-06 11:00:00+08:00,11.46560287475586,11.515453338623047,11.46560287475586,11.46560287475586,12366,0.0,0.0
2023-04-06 12:00:00+08:00,11.46560287475586,11.46560287475586,11.415752410888672,11.46560287475586,32712,0.0,0.0
2023-04-06 13:00:00+08:00,11.46560287475586,11.46560287475586,11.46560287475586,11.46560287475586,7024,0.0,0.0
2023-04-07 09:00:00+08:00,11.46560287475586,11.515453338623047,11.46560287475586,11.515453338623047,0,0.0,0.0
2023-04-07 10:00:00+08:00,11.515453338623047,11.515453338623047,11.46560287475586,11.46560287475586,33065,0.0,0.0
2023-04-07 11:00:00+08:00,11.515453338623047,11.515453338623047,11.46560287475586,11.46560287475586,32970,0.0,0.0
2023-04-07 12:00:00+08:00,11.46560287475586,11.515453338623047,11.415752410888672,11.415752410888672,44243,0.0,0.0
2023-04-07 13:00:00+08:00,11.46560287475586,11.515453338623047,11.46560287475586,11.515453338623047,9013,0.0,0.0
2023-04-10 09:00:00+08:00,11.415752410888672,11.46560287475586,11.415752410888672,11.415752410888672,0,0.0,0.0
2023-04-10 10:00:00+08:00,11.365901947021484,11.415752410888672,11.365901947021484,11.365901947021484,34470,0.0,0.0
2023-04-10 11:00:00+08:00,11.365901947021484,11.415752410888672,11.365901947021484,11.365901947021484,30365,0.0,0.0
2023-04-10 12:00:00+08:00,11.415752410888672,11.415752410888672,11.365901947021484,11.415752410888672,8403,0.0,0.0
2023-04-10 13:00:00+08:00,11.365901947021484,11.365901947021484,11.316051483154297,11.365901947021484,79608,0.0,0.0
2023-04-11 09:00:00+08:00,11.46560287475586,11.46560287475586,11.365901947021484,11.365901947021484,50413,0.0,0.0
2023-04-11 10:00:00+08:00,11.415752410888672,11.46560287475586,11.415752410888672,11.46560287475586,65286,0.0,0.0
2023-04-11 11:00:00+08:00,11.46560287475586,11.46560287475586,11.415752410888672,11.46560287475586,50725,0.0,0.0
2023-04-11 12:00:00+08:00,11.46560287475586,11.515453338623047,11.415752410888672,11.415752410888672,34546,0.0,0.0
2023-04-11 13:00:00+08:00,11.515453338623047,11.515453338623047,11.415752410888672,11.415752410888672,11314,0.0,0.0
2023-04-12 09:00:00+08:00,11.515453338623047,11.565303802490234,11.46560287475586,11.46560287475586,0,0.0,0.0
2023-04-12 10:00:00+08:00,11.515453338623047,11.565303802490234,11.46560287475586,11.46560287475586,33938,0.0,0.0
2023-04-12 11:00:00+08:00,11.515453338623047,11.66500473022461,11.46560287475586,11.565303802490234,154779,0.0,0.0
2023-04-12 12:00:00+08:00,11.615154266357422,11.615154266357422,11.565303802490234,11.615154266357422,32422,0.0,0.0
2023-04-12 13:00:00+08:00,11.565303802490234,11.615154266357422,11.565303802490234,11.615154266357422,13747,0.0,0.0
2023-04-13 09:00:00+08:00,11.615154266357422,11.66500473022461,11.565303802490234,11.615154266357422,0,0.0,0.0
2023-04-13 10:00:00+08:00,11.615154266357422,11.615154266357422,11.565303802490234,11.565303802490234,36618,0.0,0.0
2023-04-13 11:00:00+08:00,11.615154266357422,11.615154266357422,11.565303802490234,11.615154266357422,29515,0.0,0.0
2023-04-13 12:00:00+08:00,11.615154266357422,11.615154266357422,11.565303802490234,11.615154266357422,27339,0.0,0.0
2023-04-13 13:00:00+08:00,11.565303802490234,11.615154266357422,11.565303802490234,11.615154266357422,7020,0.0,0.0
2023-04-14 09:00:00+08:00,11.565303802490234,11.615154266357422,11.565303802490234,11.565303802490234,0,0.0,0.0
2023-04-14 10:00:00+08:00,11.565303802490234,11.615154266357422,11.565303802490234,11.565303802490234,13077,0.0,0.0
2023-04-14 11:00:00+08:00,11.565303802490234,11.66500473022461,11.565303802490234,11.615154266357422,87461,0.0,0.0
2023-04-14 12:00:00+08:00,11.66500473022461,11.66500473022461,11.615154266357422,11.66500473022461,64853,0.0,0.0
2023-04-14 13:00:00+08:00,11.66500473022461,11.714855194091797,11.66500473022461,11.66500473022461,36150,0.0,0.0
2023-04-17 09:00:00+08:00,11.66500473022461,11.764705657958984,11.66500473022461,11.714855194091797,0,0.0,0.0
2023-04-17 10:00:00+08:00,11.764705657958984,11.764705657958984,11.66500473022461,11.714855194091797,78292,0.0,0.0
2023-04-17 11:00:00+08:00,11.714855194091797,11.714855194091797,11.66500473022461,11.714855194091797,27594,0.0,0.0
2023-04-17 12:00:00+08:00,11.714855194091797,11.714855194091797,11.66500473022461,11.66500473022461,39668,0.0,0.0
2023-04-17 13:00:00+08:00,11.66500473022461,11.714855194091797,11.66500473022461,11.714855194091797,66220,0.0,0.0
2023-04-18 09:00:00+08:00,11.714855194091797,11.764705657958984,11.66500473022461,11.714855194091797,0,0.0,0.0
2023-04-18 10:00:00+08:00,11.714855194091797,11.714855194091797,11.66500473022461,11.66500473022461,18749,0.0,0.0
2023-04-18 11:00:00+08:00,11.66500473022461,11.714855194091797,11.66500473022461,11.66500473022461,68278,0.0,0.0
2023-04-18 12:00:00+08:00,11.66500473022461,11.714855194091797,11.615154266357422,11.615154266357422,66740,0.0,0.0
2023-04-18 13:00:00+08:00,11.615154266357422,11.66500473022461,11.565303802490234,11.66500473022461,29367,0.0,0.0
2023-04-19 09:00:00+08:00,11.714855194091797,11.764705657958984,11.615154266357422,11.764705657958984,80887,0.0,0.0
2023-04-19 10:00:00+08:00,11.714855194091797,11.714855194091797,11.66500473022461,11.66500473022461,47530,0.0,0.0
2023-04-19 11:00:00+08:00,11.66500473022461,11.66500473022461,11.615154266357422,11.615154266357422,35056,0.0,0.0
2023-04-19 12:00:00+08:00,11.66500473022461,11.714855194091797,11.615154266357422,11.615154266357422,54721,0.0,0.0
2023-04-19 13:00:00+08:00,11.565303802490234,11.66500473022461,11.565303802490234,11.66500473022461,24266,0.0,0.0
2023-04-20 09:00:00+08:00,11.615154266357422,11.615154266357422,11.565303802490234,11.565303802490234,0,0.0,0.0
2023-04-20 10:00:00+08:00,11.565303802490234,11.565303802490234,11.515453338623047,11.515453338623047,48693,0.0,0.0
2023-04-20 11:00:00+08:00,11.515453338623047,11.565303802490234,11.46560287475586,11.515453338623047,50749,0.0,0.0
2023-04-20 12:00:00+08:00,11.515453338623047,11.515453338623047,11.46560287475586,11.46560287475586,50991,0.0,0.0
2023-04-20 13:00:00+08:00,11.46560287475586,11.46560287475586,11.415752410888672,11.46560287475586,35341,0.0,0.0
2023-04-21 09:00:00+08:00,11.415752410888672,11.46560287475586,11.415752410888672,11.415752410888672,0,0.0,0.0
2023-04-21 10:00:00+08:00,11.415752410888672,11.415752410888672,11.26620101928711,11.26620101928711,126871,0.0,0.0
2023-04-21 11:00:00+08:00,11.316051483154297,11.415752410888672,11.316051483154297,11.365901947021484,31575,0.0,0.0
2023-04-21 12:00:00+08:00,11.365901947021484,11.365901947021484,11.26620101928711,11.316051483154297,43981,0.0,0.0
2023-04-21 13:00:00+08:00,11.26620101928711,11.365901947021484,11.26620101928711,11.365901947021484,72885,0.0,0.0
2023-04-24 09:00:00+08:00,11.316051483154297,11.415752410888672,11.316051483154297,11.415752410888672,0,0.0,0.0
2023-04-24 10:00:00+08:00,11.365901947021484,11.46560287475586,11.365901947021484,11.46560287475586,10193,0.0,0.0
2023-04-24 11:00:00+08:00,11.46560287475586,11.46560287475586,11.46560287475586,11.46560287475586,10137,0.0,0.0
2023-04-24 12:00:00+08:00,11.46560287475586,11.46560287475586,11.415752410888672,11.46560287475586,9669,0.0,0.0
2023-04-24 13:00:00+08:00,11.415752410888672,11.46560287475586,11.415752410888672,11.46560287475586,17045,0.0,0.0
2023-04-25 09:00:00+08:00,11.46560287475586,11.515453338623047,11.46560287475586,11.515453338623047,0,0.0,0.0
2023-04-25 10:00:00+08:00,11.46560287475586,11.515453338623047,11.26620101928711,11.26620101928711,122217,0.0,0.0
2023-04-25 11:00:00+08:00,11.316051483154297,11.316051483154297,11.216350555419922,11.26620101928711,78497,0.0,0.0
2023-04-25 12:00:00+08:00,11.26620101928711,11.365901947021484,11.216350555419922,11.316051483154297,51842,0.0,0.0
2023-04-25 13:00:00+08:00,11.26620101928711,11.316051483154297,11.116649627685547,11.216350555419922,57835,0.0,0.0
2023-04-26 09:00:00+08:00,11.26620101928711,11.26620101928711,11.216350555419922,11.26620101928711,0,0.0,0.0
2023-04-26 10:00:00+08:00,11.26620101928711,11.26620101928711,11.166500091552734,11.26620101928711,103369,0.0,0.0
2023-04-26 11:00:00+08:00,11.26620101928711,11.316051483154297,11.26620101928711,11.26620101928711,78716,0.0,0.0
2023-04-26 12:00:00+08:00,11.216350555419922,11.26620101928711,11.216350555419922,11.26620101928711,18556,0.0,0.0
2023-04-26 13:00:00+08:00,11.26620101928711,11.316051483154297,11.26620101928711,11.316051483154297,9215,0.0,0.0
2023-04-27 09:00:00+08:00,11.26620101928711,11.365901947021484,11.26620101928711,11.365901947021484,0,0.0,0.0
2023-04-27 10:00:00+08:00,11.365901947021484,11.415752410888672,11.316051483154297,11.316051483154297,82328,0.0,0.0
2023-04-27 11:00:00+08:00,11.316051483154297,11.316051483154297,11.316051483154297,11.316051483154297,4785,0.0,0.0
2023-04-27 12:00:00+08:00,11.365901947021484,11.365901947021484,11.26620101928711,11.316051483154297,58048,0.0,0.0
2023-04-27 13:00:00+08:00,11.316051483154297,11.365901947021484,11.26620101928711,11.365901947021484,13310,0.0,0.0
2023-04-28 09:00:00+08:00,11.365901947021484,11.365901947021484,11.316051483154297,11.365901947021484,0,0.0,0.0
2023-04-28 10:00:00+08:00,11.316051483154297,11.46560287475586,11.316051483154297,11.415752410888672,41786,0.0,0.0
2023-04-28 11:00:00+08:00,11.365901947021484,11.415752410888672,11.365901947021484,11.365901947021484,22200,0.0,0.0
2023-04-28 12:00:00+08:00,11.415752410888672,11.415752410888672,11.365901947021484,11.365901947021484,39445,0.0,0.0
2023-04-28 13:00:00+08:00,11.365901947021484,11.415752410888672,11.316051483154297,11.415752410888672,21005,0.0,0.0
2023-05-02 09:00:00+08:00,11.365901947021484,11.415752410888672,11.26620101928711,11.365901947021484,0,0.0,0.0
2023-05-02 10:00:00+08:00,11.365901947021484,11.365901947021484,11.365901947021484,11.365901947021484,10054,0.0,0.0
2023-05-02 11:00:00+08:00,11.365901947021484,11.415752410888672,11.365901947021484,11.365901947021484,6485,0.0,0.0
2023-05-02 12:00:00+08:00,11.365901947021484,11.415752410888672,11.365901947021484,11.415752410888672,23179,0.0,0.0
2023-05-02 13:00:00+08:00,11.365901947021484,11.415752410888672,11.316051483154297,11.316051483154297,68064,0.0,0.0
2023-05-03 09:00:00+08:00,11.415752410888672,11.415752410888672,11.316051483154297,11.365901947021484,0,0.0,0.0
2023-05-03 10:00:00+08:00,11.316051483154297,11.415752410888672,11.316051483154297,11.365901947021484,27261,0.0,0.0
2023-05-03 11:00:00+08:00,11.415752410888672,11.415752410888672,11.365901947021484,11.415752410888672,8781,0.0,0.0
2023-05-03 12:00:00+08:00,11.415752410888672,11.46560287475586,11.365901947021484,11.365901947021484,103497,0.0,0.0
2023-05-03 13:00:00+08:00,11.365901947021484,11.365901947021484,11.316051483154297,11.365901947021484,11275,0.0,0.0
2023-05-04 09:00:00+08:00,11.316051483154297,11.415752410888672,11.316051483154297,11.365901947021484,0,0.0,0.0
2023-05-04 10:00:00+08:00,11.316051483154297,11.415752410888672,11.316051483154297,11.316051483154297,32463,0.0,0.0
2023-05-04 11:00:00+08:00,11.316051483154297,11.316051483154297,11.26620101928711,11.316051483154297,65001,0.0,0.0
2023-05-04 12:00:00+08:00,11.316051483154297,11.316051483154297,11.26620101928711,11.316051483154297,67565,0.0,0.0
2023-05-04 13:00:00+08:00,11.316051483154297,11.365901947021484,11.316051483154297,11.365901947021484,14323,0.0,0.0
2023-05-05 09:00:00+08:00,11.415752410888672,11.415752410888672,11.316051483154297,11.365901947021484,0,0.0,0.0
2023-05-05 10:00:00+08:00,11.316051483154297,11.365901947021484,11.316051483154297,11.365901947021484,23206,0.0,0.0
2023-05-05 11:00:00+08:00,11.316051483154297,11.365901947021484,11.316051483154297,11.365901947021484,22157,0.0,0.0
2023-05-05 12:00:00+08:00,11.316051483154297,11.365901947021484,11.316051483154297,11.365901947021484,13038,0.0,0.0
2023-05-05 13:00:00+08:00,11.365901947021484,11.415752410888672,11.316051483154297,11.415752410888672,95988,0.0,0.0
2023-05-08 09:00:00+08:00,11.46560287475586,11.46560287475586,11.365901947021484,11.365901947021484,0,0.0,0.0
2023-05-08 10:00:00+08:00,11.365901947021484,11.365901947021484,11.316051483154297,11.365901947021484,11418,0.0,0.0
2023-05-08 11:00:00+08:00,11.316051483154297,11.316051483154297,11.316051483154297,11.316051483154297,32837,0.0,0.0
2023-05-08 12:00:00+08:00,11.316051483154297,11.365901947021484,11.316051483154297,11.365901947021484,34101,0.0,0.0
2023-05-08 13:00:00+08:00,11.316051483154297,11.316051483154297,11.316051483154297,11.316051483154297,1189,0.0,0.0
2023-05-09 09:00:00+08:00,11.316051483154297,11.316051483154297,11.26620101928711,11.316051483154297,67313,0.0,0.0
2023-05-09 10:00:00+08:00,11.26620101928711,11.26620101928711,11.216350555419922,11.216350555419922,13009,0.0,0.0
2023-05-09 11:00:00+08:00,11.216350555419922,11.216350555419922,11.166500091552734,11.166500091552734,76012,0.0,0.0
2023-05-09 12:00:00+08:00,11.216350555419922,11.216350555419922,11.166500091552734,11.216350555419922,69122,0.0,0.0
2023-05-09 13:00:00+08:00,11.216350555419922,11.216350555419922,11.166500091552734,11.166500091552734,14262,0.0,0.0
2023-05-10 09:00:00+08:00,11.365901947021484,11.46560287475586,11.316051483154297,11.316051483154297,0,0.0,0.0
2023-05-10 10:00:00+08:00,11.316051483154297,11.415752410888672,11.316051483154297,11.415752410888672,55657,0.0,0.0
2023-05-10 11:00:00+08:00,11.415752410888672,11.46560287475586,11.365901947021484,11.46560287475586,94823,0.0,0.0
2023-05-10 12:00:00+08:00,11.46560287475586,11.46560287475586,11.415752410888672,11.415752410888672,64010,0.0,0.0
2023-05-10 13:00:00+08:00,11.415752410888672,11.46560287475586,11.415752410888672,11.415752410888672,7629,0.0,0.0
2023-05-11 09:00:00+08:00,11.515453338623047,11.515453338623047,11.316051483154297,11.365901947021484,0,0.0,0.0
2023-05-11 10:00:00+08:00,11.316051483154297,11.365901947021484,11.26620101928711,11.26620101928711,79360,0.0,0.0
2023-05-11 11:00:00+08:00,11.316051483154297,11.365901947021484,11.316051483154297,11.365901947021484,44026,0.0,0.0
2023-05-11 12:00:00+08:00,11.365901947021484,11.415752410888672,11.365901947021484,11.365901947021484,89322,0.0,0.0
2023-05-11 13:00:00+08:00,11.365901947021484,11.365901947021484,11.365901947021484,11.365901947021484,17909,0.0,0.0
2023-05-12 09:00:00+08:00,11.216350555419922,11.316051483154297,11.216350555419922,11.316051483154297,57783,0.0,0.0
2023-05-12 10:00:00+08:00,11.316051483154297,11.365901947021484,11.316051483154297,11.316051483154297,16980,0.0,0.0
2023-05-12 11:00:00+08:00,11.316051483154297,11.415752410888672,11.316051483154297,11.365901947021484,44013,0.0,0.0
2023-05-12 12:00:00+08:00,11.365901947021484,11.415752410888672,11.365901947021484,11.365901947021484,16190,0.0,0.0
2023-05-12 13:00:00+08:00,11.415752410888672,11.415752410888672,11.415752410888672,11.415752410888672,10000,0.0,0.0
2023-05-15 09:00:00+08:00,11.316051483154297,11.316051483154297,11.26620101928711,11.316051483154297,0,0.0,0.0
2023-05-15 10:00:00+08:00,11.316051483154297,11.365901947021484,11.316051483154297,11.316051483154297,4156,0.0,0.0
2023-05-15 11:00:00+08:00,11.316051483154297,11.316051483154297,11.316051483154297,11.316051483154297,8513,0.0,0.0
2023-05-15 12:00:00+08:00,11.316051483154297,11.316051483154297,11.316051483154297,11.316051483154297,15810,0.0,0.0
2023-05-15 13:00:00+08:00,11.316051483154297,11.316051483154297,11.26620101928711,11.26620101928711,45440,0.0,0.0
2023-05-16 09:00:00+08:00,11.365901947021484,11.415752410888672,11.365901947021484,11.415752410888672,0,0.0,0.0
2023-05-16 10:00:00+08:00,11.415752410888672,11.415752410888672,11.415752410888672,11.415752410888672,12212,0.0,0.0
2023-05-16 11:00:00+08:00,11.415752410888672,11.415752410888672,11.415752410888672,11.415752410888672,14479,0.0,0.0
2023-05-16 12:00:00+08:00,11.415752410888672,11.415752410888672,11.316051483154297,11.365901947021484,108006,0.0,0.0
2023-05-16 13:00:00+08:00,11.365901947021484,11.415752410888672,11.316051483154297,11.365901947021484,8891,0.0,0.0
2023-05-17 09:00:00+08:00,11.365901947021484,11.415752410888672,11.365901947021484,11.365901947021484,0,0.0,0.0
2023-05-17 10:00:00+08:00,11.365901947021484,11.415752410888672,11.365901947021484,11.415752410888672,20846,0.0,0.0
2023-05-17 11:00:00+08:00,11.365901947021484,11.415752410888672,11.365901947021484,11.415752410888672,26265,0.0,0.0
2023-05-17 12:00:00+08:00,11.365901947021484,11.415752410888672,11.365901947021484,11.415752410888672,6933,0.0,0.0
2023-05-17 13:00:00+08:00,11.365901947021484,11.415752410888672,11.316051483154297,11.415752410888672,71075,0.0,0.0
2023-05-18 09:00:00+08:00,11.415752410888672,11.415752410888672,11.365901947021484,11.415752410888672,0,0.0,0.0
2023-05-18 10:00:00+08:00,11.365901947021484,11.365901947021484,11.365901947021484,11.365901947021484,24220,0.0,0.0
2023-05-18 11:00:00+08:00,11.365901947021484,11.415752410888672,11.316051483154297,11.365901947021484,19052,0.0,0.0
2023-05-18 12:00:00+08:00,11.415752410888672,11.415752410888672,11.365901947021484,11.365901947021484,22155,0.0,0.0
2023-05-18 13:00:00+08:00,11.365901947021484,11.365901947021484,11.365901947021484,11.365901947021484,7461,0.0,0.0
2023-05-19 09:00:00+08:00,11.415752410888672,11.46560287475586,11.365901947021484,11.365901947021484,0,0.0,0.0
2023-05-19 10:00:00+08:00,11.365901947021484,11.365901947021484,11.316051483154297,11.316051483154297,13391,0.0,0.0
2023-05-19 11:00:00+08:00,11.365901947021484,11.365901947021484,11.365901947021484,11.365901947021484,23702,0.0,0.0
2023-05-19 12:00:00+08:00,11.365901947021484,11.365901947021484,11.316051483154297,11.365901947021484,13162,0.0,0.0
2023-05-19 13:00:00+08:00,11.365901947021484,11.365901947021484,11.365901947021484,11.365901947021484,14788,0.0,0.0
2023-05-22 09:00:00+08:00,11.365901947021484,11.415752410888672,11.365901947021484,11.415752410888672,0,0.0,0.0
2023-05-22 10:00:00+08:00,11.415752410888672,11.415752410888672,11.415752410888672,11.415752410888672,7201,0.0,0.0
2023-05-22 11:00:00+08:00,11.415752410888672,11.415752410888672,11.365901947021484,11.415752410888672,38250,0.0,0.0
2023-05-22 12:00:00+08:00,11.415752410888672,11.415752410888672,11.415752410888672,11.415752410888672,20557,0.0,0.0
2023-05-22 13:00:00+08:00,11.415752410888672,11.415752410888672,11.365901947021484,11.415752410888672,8590,0.0,0.0
2023-05-23 09:00:00+08:00,11.415752410888672,11.415752410888672,11.316051483154297,11.365901947021484,0,0.0,0.0
2023-05-23 10:00:00+08:00,11.365901947021484,11.415752410888672,11.365901947021484,11.365901947021484,0,0.0,0.0
2023-05-23 11:00:00+08:00,11.415752410888672,11.415752410888672,11.365901947021484,11.415752410888672,105051,0.0,0.0
2023-05-23 12:00:00+08:00,11.415752410888672,11.46560287475586,11.365901947021484,11.415752410888672,32155,0.0,0.0
2023-05-23 13:00:00+08:00,11.365901947021484,11.365901947021484,11.365901947021484,11.365901947021484,9232,0.0,0.0
2023-05-24 09:00:00+08:00,11.46560287475586,11.46560287475586,11.26620101928711,11.415752410888672,0,0.0,0.0
2023-05-24 10:00:00+08:00,11.365901947021484,11.365901947021484,11.365901947021484,11.365901947021484,8278,0.0,0.0
2023-05-24 11:00:00+08:00,11.365901947021484,11.365901947021484,11.316051483154297,11.365901947021484,25254,0.0,0.0
2023-05-24 12:00:00+08:00,11.365901947021484,11.415752410888672,11.365901947021484,11.415752410888672,4146,0.0,0.0
2023-05-24 13:00:00+08:00,11.415752410888672,11.415752410888672,11.316051483154297,11.365901947021484,13106,0.0,0.0
2023-05-25 09:00:00+08:00,11.415752410888672,11.415752410888672,11.365901947021484,11.365901947021484,0,0.0,0.0
2023-05-25 10:00:00+08:00,11.365901947021484,11.415752410888672,11.365901947021484,11.415752410888672,40599,0.0,0.0
2023-05-25 11:00:00+08:00,11.415752410888672,11.415752410888672,11.415752410888672,11.415752410888672,6103,0.0,0.0
2023-05-25 12:00:00+08:00,11.415752410888672,11.415752410888672,11.365901947021484,11.415752410888672,49665,0.0,0.0
2023-05-25 13:00:00+08:00,11.365901947021484,11.415752410888672,11.365901947021484,11.415752410888672,16002,0.0,0.0
2023-05-26 09:00:00+08:00,11.415752410888672,11.46560287475586,11.365901947021484,11.365901947021484,82752,0.0,0.0
2023-05-26 10:00:00+08:00,11.415752410888672,11.415752410888672,11.365901947021484,11.365901947021484,41905,0.0,0.0
2023-05-26 11:00:00+08:00,11.365901947021484,11.365901947021484,11.365901947021484,11.365901947021484,11171,0.0,0.0
2023-05-26 12:00:00+08:00,11.365901947021484,11.365901947021484,11.316051483154297,11.365901947021484,54500,0.0,0.0
2023-05-26 13:00:00+08:00,11.365901947021484,11.365901947021484,11.26620101928711,11.316051483154297,24566,0.0,0.0
2023-05-29 09:00:00+08:00,11.365901947021484,11.415752410888672,11.365901947021484,11.365901947021484,0,0.0,0.0
2023-05-29 10:00:00+08:00,11.415752410888672,11.415752410888672,11.365901947021484,11.365901947021484,9276,0.0,0.0
2023-05-29 11:00:00+08:00,11.365901947021484,11.415752410888672,11.365901947021484,11.415752410888672,42513,0.0,0.0
2023-05-29 12:00:00+08:00,11.415752410888672,11.415752410888672,11.365901947021484,11.365901947021484,32157,0.0,0.0
2023-05-29 13:00:00+08:00,11.365901947021484,11.46560287475586,11.365901947021484,11.415752410888672,24513,0.0,0.0
2023-05-30 09:00:00+08:00,11.46560287475586,11.46560287475586,11.316051483154297,11.316051483154297,51753,0.0,0.0
2023-05-30 10:00:00+08:00,11.365901947021484,11.46560287475586,11.365901947021484,11.46560287475586,7944,0.0,0.0
2023-05-30 11:00:00+08:00,11.365901947021484,11.365901947021484,11.316051483154297,11.365901947021484,22313,0.0,0.0
2023-05-30 12:00:00+08:00,11.365901947021484,11.365901947021484,11.316051483154297,11.365901947021484,43673,0.0,0.0
2023-05-30 13:00:00+08:00,11.365901947021484,11.365901947021484,11.316051483154297,11.365901947021484,61324,0.0,0.0
2023-05-31 09:00:00+08:00,11.415752410888672,11.415752410888672,11.316051483154297,11.415752410888672,0,0.0,0.0
2023-05-31 10:00:00+08:00,11.365901947021484,11.415752410888672,11.365901947021484,11.365901947021484,18426,0.0,0.0
2023-05-31 11:00:00+08:00,11.365901947021484,11.365901947021484,11.316051483154297,11.316051483154297,5680,0.0,0.0
2023-05-31 12:00:00+08:00,11.316051483154297,11.415752410888672,11.316051483154297,11.365901947021484,33664,0.0,0.0
2023-05-31 13:00:00+08:00,11.415752410888672,11.415752410888672,11.365901947021484,11.365901947021484,23181,0.0,0.0
2023-06-01 09:00:00+08:00,11.46560287475586,11.46560287475586,11.365901947021484,11.415752410888672,0,0.0,0.0
2023-06-01 10:00:00+08:00,11.415752410888672,11.46560287475586,11.415752410888672,11.46560287475586,23246,0.0,0.0
2023-06-01 11:00:00+08:00,11.415752410888672,11.46560287475586,11.415752410888672,11.46560287475586,11513,0.0,0.0
2023-06-01 12:00:00+08:00,11.46560287475586,11.46560287475586,11.415752410888672,11.415752410888672,17333,0.0,0.0
2023-06-01 13:00:00+08:00,11.415752410888672,11.46560287475586,11.415752410888672,11.415752410888672,22351,0.0,0.0
2023-06-02 09:00:00+08:00,11.415752410888672,11.46560287475586,11.415752410888672,11.415752410888672,0,0.0,0.0
2023-06-02 10:00:00+08:00,11.415752410888672,11.714855194091797,11.415752410888672,11.565303802490234,272431,0.0,0.0
2023-06-02 11:00:00+08:00,11.565303802490234,11.66500473022461,11.565303802490234,11.565303802490234,115338,0.0,0.0
2023-06-02 12:00:00+08:00,11.615154266357422,11.714855194091797,11.615154266357422,11.66500473022461,190048,0.0,0.0
2023-06-02 13:00:00+08:00,11.66500473022461,11.66500473022461,11.615154266357422,11.615154266357422,9873,0.0,0.0
2023-06-05 09:00:00+08:00,11.714855194091797,11.714855194091797,11.565303802490234,11.615154266357422,0,0.0,0.0
2023-06-05 10:00:00+08:00,11.615154266357422,11.66500473022461,11.615154266357422,11.66500473022461,38429,0.0,0.0
2023-06-05 11:00:00+08:00,11.615154266357422,11.66500473022461,11.615154266357422,11.66500473022461,75048,0.0,0.0
2023-06-05 12:00:00+08:00,11.66500473022461,11.764705657958984,11.66500473022461,11.764705657958984,76214,0.0,0.0
2023-06-05 13:00:00+08:00,11.764705657958984,11.764705657958984,11.714855194091797,11.714855194091797,34052,0.0,0.0
2023-06-06 09:00:00+08:00,11.764705657958984,11.764705657958984,11.66500473022461,11.66500473022461,0,0.0,0.0
2023-06-06 10:00:00+08:00,11.66500473022461,11.714855194091797,11.66500473022461,11.714855194091797,25108,0.0,0.0
2023-06-06 11:00:00+08:00,11.714855194091797,11.714855194091797,11.66500473022461,11.66500473022461,21372,0.0,0.0
2023-06-06 12:00:00+08:00,11.714855194091797,11.714855194091797,11.66500473022461,11.714855194091797,40326,0.0,0.0
2023-06-06 13:00:00+08:00,11.714855194091797,11.714855194091797,11.66500473022461,11.66500473022461,15354,0.0,0.0
2023-06-07 09:00:00+08:00,11.714855194091797,11.714855194091797,11.714855194091797,11.714855194091797,19185,0.0,0.0
2023-06-07 10:00:00+08:00,11.714855194091797,11.714855194091797,11.714855194091797,11.714855194091797,37571,0.0,0.0
2023-06-07 11:00:00+08:00,11.714855194091797,11.714855194091797,11.66500473022461,11.66500473022461,19001,0.0,0.0
2023-06-07 12:00:00+08:00,11.66500473022461,11.714855194091797,11.66500473022461,11.66500473022461,41070,0.0,0.0
2023-06-07 13:00:00+08:00,11.66500473022461,11.66500473022461,11.615154266357422,11.66500473022461,5001,0.0,0.0
2023-06-08 09:00:00+08:00,11.66500473022461,11.66500473022461,11.515453338623047,11.515453338623047,105235,0.0,0.0
2023-06-08 10:00:00+08:00,11.515453338623047,11.565303802490234,11.515453338623047,11.515453338623047,51382,0.0,0.0
2023-06-08 11:00:00+08:00,11.515453338623047,11.565303802490234,11.515453338623047,11.515453338623047,112508,0.0,0.0
2023-06-08 12:00:00+08:00,11.515453338623047,11.515453338623047,11.515453338623047,11.515453338623047,56128,0.0,0.0
2023-06-08 13:00:00+08:00,11.515453338623047,11.515453338623047,11.515453338623047,11.515453338623047,24253,0.0,0.0
2023-06-09 09:00:00+08:00,11.565303802490234,11.615154266357422,11.565303802490234,11.565303802490234,0,0.0,0.0
2023-06-09 10:00:00+08:00,11.565303802490234,11.615154266357422,11.565303802490234,11.565303802490234,35522,0.0,0.0
2023-06-09 11:00:00+08:00,11.565303802490234,11.565303802490234,11.565303802490234,11.565303802490234,2345,0.0,0.0
2023-06-09 12:00:00+08:00,11.565303802490234,11.565303802490234,11.565303802490234,11.565303802490234,49303,0.0,0.0
2023-06-09 13:00:00+08:00,11.565303802490234,11.565303802490234,11.565303802490234,11.565303802490234,10227,0.0,0.0
2023-06-12 09:00:00+08:00,11.565303802490234,11.615154266357422,11.515453338623047,11.615154266357422,0,0.0,0.0
2023-06-12 10:00:00+08:00,11.615154266357422,11.66500473022461,11.615154266357422,11.615154266357422,22358,0.0,0.0
2023-06-12 11:00:00+08:00,11.565303802490234,11.565303802490234,11.565303802490234,11.565303802490234,14349,0.0,0.0
2023-06-12 12:00:00+08:00,11.515453338623047,11.515453338623047,11.515453338623047,11.515453338623047,15120,0.0,0.0
2023-06-12 13:00:00+08:00,11.515453338623047,11.565303802490234,11.515453338623047,11.565303802490234,6016,0.0,0.0
2023-06-13 09:00:00+08:00,11.565303802490234,11.565303802490234,11.565303802490234,11.565303802490234,0,0.0,0.0
2023-06-13 10:00:00+08:00,11.515453338623047,11.515453338623047,11.515453338623047,11.515453338623047,20338,0.0,0.0
2023-06-13 11:00:00+08:00,11.565303802490234,11.615154266357422,11.565303802490234,11.565303802490234,24269,0.0,0.0
2023-06-13 12:00:00+08:00,11.565303802490234,11.615154266357422,11.565303802490234,11.615154266357422,33951,0.0,0.0
2023-06-13 13:00:00+08:00,11.615154266357422,11.66500473022461,11.615154266357422,11.66500473022461,62064,0.0,0.0
2023-06-14 09:00:00+08:00,11.615154266357422,11.66500473022461,11.615154266357422,11.615154266357422,0,0.0,0.0
2023-06-14 10:00:00+08:00,11.66500473022461,11.66500473022461,11.615154266357422,11.66500473022461,50302,0.0,0.0
2023-06-14 11:00:00+08:00,11.66500473022461,11.66500473022461,11.615154266357422,11.66500473022461,5328,0.0,0.0
2023-06-14 12:00:00+08:00,11.615154266357422,11.615154266357422,11.565303802490234,11.615154266357422,47718,0.0,0.0
2023-06-14 13:00:00+08:00,11.615154266357422,11.66500473022461,11.615154266357422,11.615154266357422,7541,0.0,0.0
2023-06-15 09:00:00+08:00,11.714855194091797,11.714855194091797,11.615154266357422,11.615154266357422,0,0.0,0.0
2023-06-15 10:00:00+08:00,11.615154266357422,11.615154266357422,11.565303802490234,11.565303802490234,7839,0.0,0.0
2023-06-15 11:00:00+08:00,11.615154266357422,11.615154266357422,11.615154266357422,11.615154266357422,39530,0.0,0.0
2023-06-15 12:00:00+08:00,11.615154266357422,11.615154266357422,11.565303802490234,11.615154266357422,159256,0.0,0.0
2023-06-15 13:00:00+08:00,11.615154266357422,11.615154266357422,11.565303802490234,11.565303802490234,155180,0.0,0.0
2023-06-16 09:00:00+08:00,11.615154266357422,11.66500473022461,11.565303802490234,11.615154266357422,0,0.0,0.0
2023-06-16 10:00:00+08:00,11.615154266357422,11.615154266357422,11.565303802490234,11.615154266357422,65859,0.0,0.0
2023-06-16 11:00:00+08:00,11.615154266357422,11.66500473022461,11.615154266357422,11.66500473022461,88189,0.0,0.0
2023-06-16 12:00:00+08:00,11.615154266357422,11.66500473022461,11.565303802490234,11.615154266357422,53039,0.0,0.0
2023-06-16 13:00:00+08:00,11.615154266357422,11.66500473022461,11.615154266357422,11.66500473022461,7000,0.0,0.0
2023-06-19 09:00:00+08:00,11.615154266357422,11.714855194091797,11.615154266357422,11.714855194091797,0,0.0,0.0
2023-06-19 10:00:00+08:00,11.714855194091797,11.714855194091797,11.714855194091797,11.714855194091797,36317,0.0,0.0
2023-06-19 11:00:00+08:00,11.764705657958984,11.764705657958984,11.66500473022461,11.714855194091797,45302,0.0,0.0
2023-06-19 12:00:00+08:00,11.714855194091797,11.714855194091797,11.66500473022461,11.714855194091797,162591,0.0,0.0
2023-06-19 13:00:00+08:00,11.714855194091797,11.714855194091797,11.66500473022461,11.66500473022461,16303,0.0,0.0
2023-06-20 09:00:00+08:00,11.764705657958984,11.764705657958984,11.66500473022461,11.66500473022461,0,0.0,0.0
2023-06-20 10:00:00+08:00,11.66500473022461,11.66500473022461,11.66500473022461,11.66500473022461,23445,0.0,0.0
2023-06-20 11:00:00+08:00,11.66500473022461,11.66500473022461,11.66500473022461,11.66500473022461,7323,0.0,0.0
2023-06-20 12:00:00+08:00,11.714855194091797,11.714855194091797,11.66500473022461,11.66500473022461,28347,0.0,0.0
2023-06-20 13:00:00+08:00,11.66500473022461,11.66500473022461,11.66500473022461,11.66500473022461,5021,0.0,0.0
2023-06-21 09:00:00+08:00,11.714855194091797,11.714855194091797,11.615154266357422,11.66500473022461,137942,0.0,0.0
2023-06-21 10:00:00+08:00,11.66500473022461,11.66500473022461,11.615154266357422,11.66500473022461,44902,0.0,0.0
2023-06-21 11:00:00+08:00,11.66500473022461,11.66500473022461,11.66500473022461,11.66500473022461,40365,0.0,0.0
2023-06-21 12:00:00+08:00,11.66500473022461,11.714855194091797,11.66500473022461,11.714855194091797,85825,0.0,0.0
2023-06-21 13:00:00+08:00,11.66500473022461,11.66500473022461,11.66500473022461,11.66500473022461,13717,0.0,0.0
2023-06-26 09:00:00+08:00,11.615154266357422,11.615154266357422,11.515453338623047,11.615154266357422,0,0.0,0.0
2023-06-26 10:00:00+08:00,11.615154266357422,11.615154266357422,11.565303802490234,11.565303802490234,26297,0.0,0.0
2023-06-26 11:00:00+08:00,11.565303802490234,11.615154266357422,11.565303802490234,11.615154266357422,19538,0.0,0.0
2023-06-26 12:00:00+08:00,11.615154266357422,11.615154266357422,11.565303802490234,11.565303802490234,19509,0.0,0.0
2023-06-26 13:00:00+08:00,11.565303802490234,11.615154266357422,11.565303802490234,11.565303802490234,23095,0.0,0.0
2023-06-27 09:00:00+08:00,11.565303802490234,11.615154266357422,11.565303802490234,11.615154266357422,0,0.0,0.0
2023-06-27 10:00:00+08:00,11.615154266357422,11.615154266357422,11.565303802490234,11.565303802490234,90637,0.0,0.0
2023-06-27 11:00:00+08:00,11.565303802490234,11.565303802490234,11.565303802490234,11.565303802490234,21179,0.0,0.0
2023-06-27 12:00:00+08:00,11.515453338623047,11.515453338623047,11.46560287475586,11.515453338623047,40469,0.0,0.0
2023-06-27 13:00:00+08:00,11.515453338623047,11.515453338623047,11.46560287475586,11.46560287475586,10197,0.0,0.0
2023-06-28 09:00:00+08:00,11.565303802490234,11.66500473022461,11.515453338623047,11.515453338623047,0,0.0,0.0
2023-06-28 11:00:00+08:00,11.515453338623047,11.565303802490234,11.515453338623047,11.565303802490234,11197,0.0,0.0
2023-06-28 12:00:00+08:00,11.565303802490234,11.565303802490234,11.515453338623047,11.515453338623047,35357,0.0,0.0
2023-06-28 13:00:00+08:00,11.515453338623047,11.515453338623047,11.46560287475586,11.46560287475586,35796,0.0,0.0
2023-06-29 09:00:00+08:00,11.515453338623047,11.615154266357422,11.515453338623047,11.615154266357422,0,0.0,0.0
2023-06-29 10:00:00+08:00,11.565303802490234,11.565303802490234,11.515453338623047,11.515453338623047,24903,0.0,0.0
2023-06-29 11:00:00+08:00,11.515453338623047,11.565303802490234,11.515453338623047,11.565303802490234,3105,0.0,0.0
2023-06-29 12:00:00+08:00,11.515453338623047,11.515453338623047,11.515453338623047,11.515453338623047,6165,0.0,0.0
2023-06-29 13:00:00+08:00,11.515453338623047,11.565303802490234,11.46560287475586,11.46560287475586,37793,0.0,0.0
2023-06-30 09:00:00+08:00,11.46560287475586,11.46560287475586,11.46560287475586,11.46560287475586,0,0.0,0.0
2023-06-30 10:00:00+08:00,11.515453338623047,11.515453338623047,11.46560287475586,11.46560287475586,16799,0.0,0.0
2023-06-30 11:00:00+08:00,11.565303802490234,11.565303802490234,11.46560287475586,11.515453338623047,13990,0.0,0.0
2023-06-30 12:00:00+08:00,11.515453338623047,11.515453338623047,11.515453338623047,11.515453338623047,1735,0.0,0.0
2023-06-30 13:00:00+08:00,11.515453338623047,11.515453338623047,11.515453338623047,11.515453338623047,10809,0.0,0.0
2023-07-03 09:00:00+08:00,11.565303802490234,11.615154266357422,11.565303802490234,11.565303802490234,0,0.0,0.0
2023-07-03 10:00:00+08:00,11.565303802490234,11.615154266357422,11.515453338623047,11.615154266357422,9414,0.0,0.0
2023-07-03 11:00:00+08:00,11.615154266357422,11.615154266357422,11.515453338623047,11.515453338623047,57894,0.0,0.0
2023-07-03 12:00:00+08:00,11.565303802490234,11.615154266357422,11.565303802490234,11.565303802490234,55198,0.0,0.0
2023-07-03 13:00:00+08:00,11.615154266357422,11.615154266357422,11.515453338623047,11.565303802490234,42524,0.0,0.0
2023-07-04 09:00:00+08:00,11.565303802490234,11.565303802490234,11.515453338623047,11.515453338623047,0,0.0,0.0
2023-07-04 10:00:00+08:00,11.515453338623047,11.565303802490234,11.46560287475586,11.565303802490234,84986,0.0,0.0
2023-07-04 11:00:00+08:00,11.615154266357422,11.615154266357422,11.565303802490234,11.565303802490234,26613,0.0,0.0
2023-07-04 12:00:00+08:00,11.565303802490234,11.565303802490234,11.565303802490234,11.565303802490234,34244,0.0,0.0
2023-07-04 13:00:00+08:00,11.565303802490234,11.615154266357422,11.565303802490234,11.565303802490234,16125,0.0,0.0
2023-07-05 09:00:00+08:00,11.565303802490234,11.615154266357422,11.515453338623047,11.565303802490234,0,0.0,0.0
2023-07-05 10:00:00+08:00,11.565303802490234,11.565303802490234,11.565303802490234,11.565303802490234,13436,0.0,0.0
2023-07-05 11:00:00+08:00,11.615154266357422,11.615154266357422,11.515453338623047,11.565303802490234,13500,0.0,0.0
2023-07-05 12:00:00+08:00,11.565303802490234,11.565303802490234,11.565303802490234,11.565303802490234,16756,0.0,0.0
2023-07-05 13:00:00+08:00,11.565303802490234,11.565303802490234,11.565303802490234,11.565303802490234,1000,0.0,0.0
2023-07-06 09:00:00+08:00,11.615154266357422,11.66500473022461,11.615154266357422,11.66500473022461,0,0.0,0.0
2023-07-06 10:00:00+08:00,11.615154266357422,11.66500473022461,11.565303802490234,11.565303802490234,82706,0.0,0.0
2023-07-06 11:00:00+08:00,11.615154266357422,11.615154266357422,11.565303802490234,11.615154266357422,87583,0.0,0.0
2023-07-06 12:00:00+08:00,11.615154266357422,11.615154266357422,11.515453338623047,11.565303802490234,54675,0.0,0.0
2023-07-06 13:00:00+08:00,11.565303802490234,11.565303802490234,11.515453338623047,11.565303802490234,43310,0.0,0.0
2023-07-07 09:00:00+08:00,11.615154266357422,12.163509368896484,11.565303802490234,11.814556121826172,1044220,0.0,0.0
2023-07-07 10:00:00+08:00,11.814556121826172,11.814556121826172,11.565303802490234,11.764705657958984,886026,0.0,0.0
2023-07-07 11:00:00+08:00,11.814556121826172,11.86440658569336,11.764705657958984,11.814556121826172,180207,0.0,0.0
2023-07-07 12:00:00+08:00,11.814556121826172,11.814556121826172,11.714855194091797,11.764705657958984,160399,0.0,0.0
2023-07-07 13:00:00+08:00,11.714855194091797,11.714855194091797,11.615154266357422,11.714855194091797,183961,0.0,0.0
2023-07-10 09:00:00+08:00,12.013957977294922,12.163509368896484,11.914257049560547,12.113658905029297,0,0.0,0.0
2023-07-10 10:00:00+08:00,12.06380844116211,12.412761688232422,12.06380844116211,12.362911224365234,994007,0.0,0.0
2023-07-10 11:00:00+08:00,12.313060760498047,12.412761688232422,12.163509368896484,12.213359832763672,466999,0.0,0.0
2023-07-10 12:00:00+08:00,12.163509368896484,12.362911224365234,12.163509368896484,12.26321029663086,345011,0.0,0.0
2023-07-10 13:00:00+08:00,12.26321029663086,12.412761688232422,12.213359832763672,12.26321029663086,264386,0.0,0.0
2023-07-11 09:00:00+08:00,12.163509368896484,12.46261215209961,12.113658905029297,12.213359832763672,0,0.0,0.0
2023-07-11 10:00:00+08:00,12.26321029663086,12.26321029663086,12.163509368896484,12.213359832763672,188775,0.0,0.0
2023-07-11 11:00:00+08:00,12.213359832763672,12.362911224365234,12.213359832763672,12.26321029663086,260454,0.0,0.0
2023-07-11 12:00:00+08:00,12.213359832763672,12.313060760498047,12.113658905029297,12.113658905029297,171070,0.0,0.0
2023-07-11 13:00:00+08:00,12.113658905029297,12.213359832763672,12.113658905029297,12.213359832763672,97013,0.0,0.0
2023-07-12 09:00:00+08:00,12.213359832763672,12.313060760498047,12.163509368896484,12.213359832763672,0,0.0,0.0
2023-07-12 10:00:00+08:00,12.163509368896484,12.213359832763672,12.113658905029297,12.113658905029297,117507,0.0,0.0
2023-07-12 11:00:00+08:00,12.113658905029297,12.163509368896484,12.06380844116211,12.113658905029297,130089,0.0,0.0
2023-07-12 12:00:00+08:00,12.113658905029297,12.113658905029297,11.964107513427734,12.013957977294922,117985,0.0,0.0
2023-07-12 13:00:00+08:00,12.013957977294922,12.013957977294922,11.914257049560547,11.964107513427734,181313,0.0,0.0
2023-07-13 09:00:00+08:00,12.06380844116211,12.113658905029297,11.914257049560547,11.964107513427734,0,0.0,0.0
2023-07-13 10:00:00+08:00,11.914257049560547,12.013957977294922,11.914257049560547,11.964107513427734,117122,0.0,0.0
2023-07-13 11:00:00+08:00,12.013957977294922,12.163509368896484,12.013957977294922,12.163509368896484,177025,0.0,0.0
2023-07-13 12:00:00+08:00,12.113658905029297,12.213359832763672,11.964107513427734,11.964107513427734,198309,0.0,0.0
2023-07-13 13:00:00+08:00,11.964107513427734,12.013957977294922,11.914257049560547,11.964107513427734,82001,0.0,0.0
2023-07-14 09:00:00+08:00,12.113658905029297,12.46261215209961,12.06380844116211,12.362911224365234,367328,0.0,0.0
2023-07-14 10:00:00+08:00,12.362911224365234,12.362911224365234,12.213359832763672,12.26321029663086,250518,0.0,0.0
2023-07-14 11:00:00+08:00,12.26321029663086,12.26321029663086,12.213359832763672,12.213359832763672,79493,0.0,0.0
2023-07-14 12:00:00+08:00,12.213359832763672,12.26321029663086,12.163509368896484,12.213359832763672,184207,0.0,0.0
2023-07-14 13:00:00+08:00,12.213359832763672,12.213359832763672,12.163509368896484,12.213359832763672,66426,0.0,0.0
2023-07-17 09:00:00+08:00,12.362911224365234,12.86141586303711,12.313060760498047,12.612163543701172,2086866,0.0,0.0
2023-07-17 10:00:00+08:00,12.562313079833984,12.711864471435547,12.562313079833984,12.562313079833984,368811,0.0,0.0
2023-07-17 11:00:00+08:00,12.562313079833984,12.612163543701172,12.362911224365234,12.412761688232422,626640,0.0,0.0
2023-07-17 12:00:00+08:00,12.412761688232422,12.46261215209961,12.412761688232422,12.46261215209961,186709,0.0,0.0
2023-07-17 13:00:00+08:00,12.512462615966797,12.512462615966797,12.412761688232422,12.412761688232422,122403,0.0,0.0
2023-07-18 09:00:00+08:00,12.512462615966797,12.562313079833984,12.113658905029297,12.362911224365234,456890,0.0,0.0
2023-07-18 10:00:00+08:00,12.313060760498047,12.362911224365234,12.26321029663086,12.26321029663086,127380,0.0,0.0
2023-07-18 11:00:00+08:00,12.26321029663086,12.313060760498047,12.113658905029297,12.26321029663086,288301,0.0,0.0
2023-07-18 12:00:00+08:00,12.26321029663086,12.26321029663086,12.113658905029297,12.213359832763672,181709,0.0,0.0
2023-07-18 13:00:00+08:00,12.213359832763672,12.26321029663086,12.163509368896484,12.213359832763672,28179,0.0,0.0
2023-07-19 09:00:00+08:00,12.26321029663086,12.26321029663086,12.06380844116211,12.213359832763672,206455,0.0,0.0
2023-07-19 10:00:00+08:00,12.163509368896484,12.163509368896484,12.06380844116211,12.06380844116211,87463,0.0,0.0
2023-07-19 11:00:00+08:00,12.113658905029297,12.113658905029297,12.06380844116211,12.06380844116211,85743,0.0,0.0
2023-07-19 12:00:00+08:00,12.06380844116211,12.06380844116211,12.06380844116211,12.06380844116211,97001,0.0,0.0
2023-07-19 13:00:00+08:00,12.06380844116211,12.06380844116211,12.013957977294922,12.013957977294922,36071,0.0,0.0
2023-07-20 09:00:00+08:00,12.06380844116211,12.213359832763672,12.06380844116211,12.113658905029297,55446,0.0,0.0
2023-07-20 10:00:00+08:00,12.113658905029297,12.163509368896484,12.113658905029297,12.163509368896484,7987,0.0,0.0
2023-07-20 11:00:00+08:00,12.113658905029297,12.113658905029297,12.113658905029297,12.113658905029297,20871,0.0,0.0
2023-07-20 12:00:00+08:00,12.113658905029297,12.163509368896484,12.06380844116211,12.113658905029297,52269,0.0,0.0
2023-07-20 13:00:00+08:00,12.113658905029297,12.163509368896484,12.113658905029297,12.163509368896484,90367,0.0,0.0
2023-07-21 09:00:00+08:00,12.163509368896484,12.26321029663086,12.06380844116211,12.113658905029297,90980,0.0,0.0
2023-07-21 10:00:00+08:00,12.113658905029297,12.113658905029297,12.113658905029297,12.113658905029297,24650,0.0,0.0
2023-07-21 11:00:00+08:00,12.113658905029297,12.113658905029297,12.06380844116211,12.113658905029297,66374,0.0,0.0
2023-07-21 12:00:00+08:00,12.06380844116211,12.113658905029297,12.06380844116211,12.06380844116211,43202,0.0,0.0
2023-07-21 13:00:00+08:00,12.06380844116211,12.06380844116211,12.06380844116211,12.06380844116211,19112,0.0,0.0
2023-07-24 09:00:00+08:00,12.113658905029297,12.113658905029297,11.914257049560547,12.113658905029297,0,0.0,0.0
2023-07-24 10:00:00+08:00,12.06380844116211,12.06380844116211,11.964107513427734,11.964107513427734,58860,0.0,0.0
2023-07-24 11:00:00+08:00,11.964107513427734,12.013957977294922,11.964107513427734,11.964107513427734,30222,0.0,0.0
2023-07-24 12:00:00+08:00,11.964107513427734,12.06380844116211,11.914257049560547,12.013957977294922,94185,0.0,0.0
2023-07-24 13:00:00+08:00,11.964107513427734,12.06380844116211,11.914257049560547,11.964107513427734,18066,0.0,0.0
2023-07-25 09:00:00+08:00,11.964107513427734,12.06380844116211,11.964107513427734,12.013957977294922,72856,0.0,0.0
2023-07-25 10:00:00+08:00,11.964107513427734,12.06380844116211,11.914257049560547,11.964107513427734,67244,0.0,0.0
2023-07-25 11:00:00+08:00,11.964107513427734,12.06380844116211,11.914257049560547,11.914257049560547,24186,0.0,0.0
2023-07-25 12:00:00+08:00,11.964107513427734,12.013957977294922,11.964107513427734,11.964107513427734,55771,0.0,0.0
2023-07-25 13:00:00+08:00,11.964107513427734,12.013957977294922,11.964107513427734,11.964107513427734,19495,0.0,0.0
2023-07-26 09:00:00+08:00,12.213359832763672,12.213359832763672,11.964107513427734,12.013957977294922,0,0.0,0.0
2023-07-26 10:00:00+08:00,11.964107513427734,12.013957977294922,11.964107513427734,12.013957977294922,54153,0.0,0.0
2023-07-26 11:00:00+08:00,12.013957977294922,12.013957977294922,12.013957977294922,12.013957977294922,12192,0.0,0.0
2023-07-26 12:00:00+08:00,12.013957977294922,12.013957977294922,12.013957977294922,12.013957977294922,10743,0.0,0.0
2023-07-26 13:00:00+08:00,12.013957977294922,12.013957977294922,11.914257049560547,11.914257049560547,74302,0.0,0.0
2023-07-27 09:00:00+08:00,11.964107513427734,12.163509368896484,11.914257049560547,12.163509368896484,79934,0.0,0.0
2023-07-27 10:00:00+08:00,12.06380844116211,12.113658905029297,12.013957977294922,12.013957977294922,64267,0.0,0.0
2023-07-27 11:00:00+08:00,12.013957977294922,12.06380844116211,11.964107513427734,12.013957977294922,59770,0.0,0.0
2023-07-27 12:00:00+08:00,11.964107513427734,12.013957977294922,11.964107513427734,12.013957977294922,24008,0.0,0.0
2023-07-27 13:00:00+08:00,12.06380844116211,12.113658905029297,12.013957977294922,12.013957977294922,46013,0.0,0.0
2023-07-28 09:00:00+08:00,12.113658905029297,12.113658905029297,12.013957977294922,12.113658905029297,63052,0.0,0.0
2023-07-28 10:00:00+08:00,12.06380844116211,12.06380844116211,11.964107513427734,11.964107513427734,104682,0.0,0.0
2023-07-28 11:00:00+08:00,12.013957977294922,12.06380844116211,11.964107513427734,12.013957977294922,60099,0.0,0.0
2023-07-28 12:00:00+08:00,12.013957977294922,12.06380844116211,12.013957977294922,12.013957977294922,70033,0.0,0.0
2023-07-28 13:00:00+08:00,12.013957977294922,12.06380844116211,12.013957977294922,12.06380844116211,63046,0.0,0.0
2023-07-31 09:00:00+08:00,12.163509368896484,12.163509368896484,12.06380844116211,12.06380844116211,0,0.0,0.0
2023-07-31 10:00:00+08:00,12.06380844116211,12.113658905029297,11.964107513427734,12.06380844116211,107361,0.0,0.0
2023-07-31 11:00:00+08:00,12.06380844116211,12.06380844116211,11.964107513427734,11.964107513427734,92143,0.0,0.0
2023-07-31 12:00:00+08:00,11.964107513427734,12.06380844116211,11.964107513427734,11.964107513427734,26263,0.0,0.0
2023-07-31 13:00:00+08:00,12.06380844116211,12.06380844116211,12.013957977294922,12.013957977294922,5124,0.0,0.0
2023-08-01 09:00:00+08:00,12.013957977294922,12.113658905029297,11.964107513427734,12.013957977294922,94110,0.0,0.0
2023-08-01 10:00:00+08:00,12.06380844116211,12.06380844116211,12.013957977294922,12.013957977294922,54010,0.0,0.0
2023-08-01 11:00:00+08:00,12.013957977294922,12.06380844116211,11.964107513427734,11.964107513427734,45341,0.0,0.0
2023-08-01 12:00:00+08:00,12.013957977294922,12.013957977294922,11.964107513427734,11.964107513427734,142000,0.0,0.0
2023-08-01 13:00:00+08:00,11.964107513427734,12.013957977294922,11.914257049560547,12.013957977294922,15250,0.0,0.0
2023-08-02 09:00:00+08:00,12.013957977294922,12.013957977294922,11.964107513427734,11.964107513427734,13030,0.0,0.0
2023-08-02 10:00:00+08:00,11.964107513427734,11.964107513427734,11.814556121826172,11.86440658569336,144396,0.0,0.0
2023-08-02 11:00:00+08:00,11.86440658569336,11.86440658569336,11.814556121826172,11.814556121826172,49413,0.0,0.0
2023-08-02 12:00:00+08:00,11.814556121826172,11.814556121826172,11.764705657958984,11.764705657958984,238214,0.0,0.0
2023-08-02 13:00:00+08:00,11.814556121826172,11.814556121826172,11.764705657958984,11.764705657958984,22374,0.0,0.0
2023-08-04 09:00:00+08:00,11.764705657958984,11.814556121826172,11.764705657958984,11.814556121826172,0,0.0,0.0
2023-08-04 10:00:00+08:00,11.86440658569336,11.914257049560547,11.814556121826172,11.814556121826172,47064,0.0,0.0
2023-08-04 11:00:00+08:00,11.814556121826172,11.86440658569336,11.814556121826172,11.86440658569336,19011,0.0,0.0
2023-08-04 12:00:00+08:00,11.814556121826172,11.964107513427734,11.814556121826172,11.86440658569336,31428,0.0,0.0
2023-08-04 13:00:00+08:00,11.86440658569336,11.86440658569336,11.86440658569336,11.86440658569336,6112,0.0,0.0
2023-08-07 09:00:00+08:00,11.216350555419922,11.216350555419922,10.717846870422363,10.817547798156738,2155635,0.0,0.0
2023-08-07 10:00:00+08:00,10.867398262023926,10.967098236083984,10.817547798156738,10.917248725891113,340030,0.0,0.0
2023-08-07 11:00:00+08:00,10.967098236083984,10.967098236083984,10.867398262023926,10.967098236083984,154702,0.0,0.0
2023-08-07 12:00:00+08:00,10.967098236083984,11.016948699951172,10.867398262023926,10.967098236083984,149870,0.0,0.0
2023-08-07 13:00:00+08:00,10.967098236083984,11.06679916381836,10.967098236083984,11.06679916381836,56971,0.0,0.0
2023-08-08 09:00:00+08:00,11.116649627685547,11.116649627685547,10.967098236083984,11.016948699951172,135057,0.0,0.0
2023-08-08 10:00:00+08:00,10.967098236083984,11.016948699951172,10.967098236083984,11.016948699951172,56074,0.0,0.0
2023-08-08 11:00:00+08:00,11.016948699951172,11.016948699951172,10.967098236083984,11.016948699951172,59949,0.0,0.0
2023-08-08 12:00:00+08:00,11.06679916381836,11.116649627685547,11.016948699951172,11.06679916381836,29960,0.0,0.0
2023-08-08 13:00:00+08:00,11.016948699951172,11.06679916381836,10.967098236083984,10.967098236083984,58158,0.0,0.0
2023-08-09 09:00:00+08:00,11.016948699951172,11.016948699951172,10.967098236083984,10.967098236083984,98291,0.0,0.0
2023-08-09 10:00:00+08:00,10.967098236083984,10.967098236083984,10.917248725891113,10.917248725891113,58031,0.0,0.0
2023-08-09 11:00:00+08:00,10.917248725891113,10.967098236083984,10.867398262023926,10.867398262023926,167236,0.0,0.0
2023-08-09 12:00:00+08:00,10.867398262023926,10.867398262023926,10.76769733428955,10.817547798156738,143930,0.0,0.0
2023-08-09 13:00:00+08:00,10.867398262023926,10.867398262023926,10.76769733428955,10.817547798156738,39096,0.0,0.0
2023-08-10 09:00:00+08:00,10.867398262023926,10.867398262023926,10.667996406555176,10.717846870422363,154057,0.0,0.0
2023-08-10 10:00:00+08:00,10.717846870422363,10.717846870422363,10.667996406555176,10.717846870422363,56478,0.0,0.0
2023-08-10 11:00:00+08:00,10.717846870422363,10.76769733428955,10.667996406555176,10.717846870422363,109012,0.0,0.0
2023-08-10 12:00:00+08:00,10.717846870422363,10.867398262023926,10.667996406555176,10.867398262023926,122277,0.0,0.0
2023-08-10 13:00:00+08:00,10.867398262023926,10.867398262023926,10.817547798156738,10.817547798156738,21154,0.0,0.0
2023-08-11 09:00:00+08:00,10.76769733428955,10.917248725891113,10.76769733428955,10.867398262023926,80151,0.0,0.0
2023-08-11 10:00:00+08:00,10.867398262023926,10.867398262023926,10.717846870422363,10.76769733428955,133695,0.0,0.0
2023-08-11 11:00:00+08:00,10.76769733428955,10.76769733428955,10.717846870422363,10.76769733428955,32266,0.0,0.0
2023-08-11 12:00:00+08:00,10.76769733428955,10.76769733428955,10.76769733428955,10.76769733428955,16310,0.0,0.0
2023-08-11 13:00:00+08:00,10.76769733428955,10.817547798156738,10.76769733428955,10.817547798156738,56674,0.0,0.0
2023-08-14 09:00:00+08:00,10.76769733428955,10.76769733428955,10.667996406555176,10.667996406555176,0,0.0,0.0
2023-08-14 10:00:00+08:00,10.667996406555176,10.717846870422363,10.618145942687988,10.618145942687988,126956,0.0,0.0
2023-08-14 11:00:00+08:00,10.618145942687988,10.667996406555176,10.518445014953613,10.618145942687988,141211,0.0,0.0
2023-08-14 12:00:00+08:00,10.618145942687988,10.618145942687988,10.418744087219238,10.468594551086426,287165,0.0,0.0
2023-08-14 13:00:00+08:00,10.468594551086426,10.468594551086426,10.418744087219238,10.468594551086426,78092,0.0,0.0
2023-08-15 09:00:00+08:00,10.36889362335205,10.468594551086426,10.36889362335205,10.468594551086426,92824,0.0,0.0
2023-08-15 10:00:00+08:00,10.468594551086426,10.468594551086426,10.219342231750488,10.319043159484863,210035,0.0,0.0
2023-08-15 11:00:00+08:00,10.269192695617676,10.418744087219238,10.269192695617676,10.319043159484863,63381,0.0,0.0
2023-08-15 12:00:00+08:00,10.319043159484863,10.418744087219238,10.319043159484863,10.418744087219238,33595,0.0,0.0
2023-08-15 13:00:00+08:00,10.36889362335205,10.418744087219238,10.319043159484863,10.418744087219238,54240,0.0,0.0
2023-08-16 09:00:00+08:00,10.36889362335205,10.36889362335205,10.219342231750488,10.269192695617676,65171,0.0,0.0
2023-08-16 10:00:00+08:00,10.269192695617676,10.319043159484863,10.219342231750488,10.319043159484863,34279,0.0,0.0
2023-08-16 11:00:00+08:00,10.319043159484863,10.319043159484863,10.269192695617676,10.319043159484863,49316,0.0,0.0
2023-08-16 12:00:00+08:00,10.319043159484863,10.319043159484863,10.269192695617676,10.319043159484863,23952,0.0,0.0
2023-08-16 13:00:00+08:00,10.36889362335205,10.36889362335205,10.319043159484863,10.319043159484863,8375,0.0,0.0
2023-08-17 09:00:00+08:00,10.319043159484863,10.468594551086426,10.319043159484863,10.468594551086426,33689,0.0,0.0
2023-08-17 10:00:00+08:00,10.468594551086426,10.5682954788208,10.468594551086426,10.5682954788208,54152,0.0,0.0
2023-08-17 11:00:00+08:00,10.518445014953613,10.5682954788208,10.468594551086426,10.518445014953613,24631,0.0,0.0
2023-08-17 12:00:00+08:00,10.518445014953613,10.518445014953613,10.468594551086426,10.518445014953613,13695,0.0,0.0
2023-08-17 13:00:00+08:00,10.5682954788208,10.5682954788208,10.5682954788208,10.5682954788208,14085,0.0,0.0
2023-08-18 09:00:00+08:00,10.5682954788208,10.618145942687988,10.518445014953613,10.618145942687988,59231,0.0,0.0
2023-08-18 10:00:00+08:00,10.618145942687988,10.618145942687988,10.5682954788208,10.5682954788208,63443,0.0,0.0
2023-08-18 11:00:00+08:00,10.618145942687988,10.667996406555176,10.5682954788208,10.618145942687988,12076,0.0,0.0
2023-08-18 12:00:00+08:00,10.618145942687988,10.618145942687988,10.5682954788208,10.5682954788208,44290,0.0,0.0
2023-08-18 13:00:00+08:00,10.5682954788208,10.5682954788208,10.5682954788208,10.5682954788208,3891,0.0,0.0
2023-08-21 09:00:00+08:00,10.667996406555176,10.667996406555176,10.5682954788208,10.618145942687988,0,0.0,0.0
2023-08-21 10:00:00+08:00,10.618145942687988,10.667996406555176,10.5682954788208,10.5682954788208,39464,0.0,0.0
2023-08-21 11:00:00+08:00,10.5682954788208,10.5682954788208,10.518445014953613,10.518445014953613,28973,0.0,0.0
2023-08-21 12:00:00+08:00,10.5682954788208,10.5682954788208,10.518445014953613,10.518445014953613,42557,0.0,0.0
2023-08-21 13:00:00+08:00,10.5682954788208,10.5682954788208,10.468594551086426,10.518445014953613,24155,0.0,0.0
2023-08-22 09:00:00+08:00,10.550000190734863,10.600000381469727,10.5,10.600000381469727,31003,0.03,1.003
2023-08-22 10:00:00+08:00,10.550000190734863,10.600000381469727,10.550000190734863,10.600000381469727,3944,0.0,0.0
2023-08-22 11:00:00+08:00,10.600000381469727,10.600000381469727,10.600000381469727,10.600000381469727,1000,0.0,0.0
2023-08-22 12:00:00+08:00,10.550000190734863,10.600000381469727,10.550000190734863,10.600000381469727,17649,0.0,0.0
2023-08-22 13:00:00+08:00,10.550000190734863,10.600000381469727,10.5,10.5,7030,0.0,0.0
2023-08-23 09:00:00+08:00,10.600000381469727,10.600000381469727,10.5,10.550000190734863,0,0.0,0.0
2023-08-23 10:00:00+08:00,10.550000190734863,10.550000190734863,10.5,10.5,7550,0.0,0.0
2023-08-23 11:00:00+08:00,10.550000190734863,10.550000190734863,10.5,10.5,25232,0.0,0.0
2023-08-23 12:00:00+08:00,10.5,10.600000381469727,10.5,10.600000381469727,31314,0.0,0.0
2023-08-23 13:00:00+08:00,10.550000190734863,10.600000381469727,10.550000190734863,10.550000190734863,22318,0.0,0.0
2023-08-24 09:00:00+08:00,10.5,10.5,10.5,10.5,0,0.0,0.0
2023-08-24 10:00:00+08:00,10.550000190734863,10.550000190734863,10.5,10.5,16817,0.0,0.0
2023-08-24 11:00:00+08:00,10.5,10.550000190734863,10.5,10.550000190734863,17908,0.0,0.0
2023-08-24 12:00:00+08:00,10.5,10.550000190734863,10.5,10.550000190734863,30349,0.0,0.0
2023-08-24 13:00:00+08:00,10.550000190734863,10.550000190734863,10.5,10.5,10488,0.0,0.0
2023-08-25 09:00:00+08:00,10.550000190734863,10.550000190734863,10.5,10.5,16343,0.0,0.0
2023-08-25 10:00:00+08:00,10.5,10.5,10.5,10.5,1000,0.0,0.0
2023-08-25 11:00:00+08:00,10.699999809265137,10.699999809265137,10.699999809265137,10.699999809265137,27774,0.0,0.0
2023-08-25 12:00:00+08:00,10.649999618530273,10.649999618530273,10.600000381469727,10.649999618530273,10018,0.0,0.0
2023-08-25 13:00:00+08:00,10.600000381469727,10.649999618530273,10.550000190734863,10.550000190734863,18192,0.0,0.0
2023-08-28 09:00:00+08:00,10.550000190734863,10.649999618530273,10.5,10.5,0,0.0,0.0
2023-08-28 10:00:00+08:00,10.5,10.550000190734863,10.5,10.5,5253,0.0,0.0
2023-08-28 11:00:00+08:00,10.5,10.550000190734863,10.449999809265137,10.5,18915,0.0,0.0
2023-08-28 12:00:00+08:00,10.5,10.5,10.449999809265137,10.5,15947,0.0,0.0
2023-08-28 13:00:00+08:00,10.5,10.5,10.5,10.5,5079,0.0,0.0
2023-08-29 09:00:00+08:00,10.600000381469727,10.600000381469727,10.449999809265137,10.5,31530,0.0,0.0
2023-08-29 10:00:00+08:00,10.5,10.5,10.449999809265137,10.449999809265137,8736,0.0,0.0
2023-08-29 11:00:00+08:00,10.449999809265137,10.5,10.449999809265137,10.449999809265137,16530,0.0,0.0
2023-08-29 12:00:00+08:00,10.5,10.5,10.5,10.5,5000,0.0,0.0
2023-08-29 13:00:00+08:00,10.5,10.550000190734863,10.5,10.550000190734863,17039,0.0,0.0
2023-08-30 09:00:00+08:00,10.550000190734863,10.550000190734863,10.550000190734863,10.550000190734863,13806,0.0,0.0
2023-08-30 10:00:00+08:00,10.600000381469727,10.600000381469727,10.550000190734863,10.550000190734863,10334,0.0,0.0
2023-08-30 11:00:00+08:00,10.550000190734863,10.600000381469727,10.550000190734863,10.600000381469727,35892,0.0,0.0
2023-08-30 12:00:00+08:00,10.550000190734863,10.600000381469727,10.550000190734863,10.600000381469727,42956,0.0,0.0
2023-08-30 13:00:00+08:00,10.600000381469727,10.600000381469727,10.600000381469727,10.600000381469727,7511,0.0,0.0
2023-08-31 09:00:00+08:00,10.600000381469727,10.600000381469727,10.550000190734863,10.600000381469727,0,0.0,0.0
2023-08-31 10:00:00+08:00,10.550000190734863,10.600000381469727,10.550000190734863,10.550000190734863,79256,0.0,0.0
2023-08-31 11:00:00+08:00,10.600000381469727,10.649999618530273,10.550000190734863,10.649999618530273,18518,0.0,0.0
2023-08-31 12:00:00+08:00,10.649999618530273,10.699999809265137,10.649999618530273,10.649999618530273,27002,0.0,0.0
2023-08-31 13:00:00+08:00,10.649999618530273,10.699999809265137,10.600000381469727,10.649999618530273,27242,0.0,0.0
2023-09-01 09:00:00+08:00,10.649999618530273,10.75,10.649999618530273,10.75,20464,0.0,0.0
2023-09-01 10:00:00+08:00,10.75,10.75,10.649999618530273,10.699999809265137,46365,0.0,0.0
2023-09-01 11:00:00+08:00,10.699999809265137,10.800000190734863,10.699999809265137,10.800000190734863,95446,0.0,0.0
2023-09-01 12:00:00+08:00,10.800000190734863,10.850000381469727,10.800000190734863,10.850000381469727,34501,0.0,0.0
2023-09-01 13:00:00+08:00,10.850000381469727,10.850000381469727,10.800000190734863,10.850000381469727,23580,0.0,0.0
2023-09-04 09:00:00+08:00,10.899999618530273,10.899999618530273,10.800000190734863,10.800000190734863,0,0.0,0.0
2023-09-04 10:00:00+08:00,10.800000190734863,10.850000381469727,10.800000190734863,10.850000381469727,16985,0.0,0.0
2023-09-04 11:00:00+08:00,10.899999618530273,10.899999618530273,10.850000381469727,10.850000381469727,17781,0.0,0.0
2023-09-04 12:00:00+08:00,10.850000381469727,10.850000381469727,10.800000190734863,10.800000190734863,94684,0.0,0.0
2023-09-04 13:00:00+08:00,10.800000190734863,10.800000190734863,10.800000190734863,10.800000190734863,7037,0.0,0.0
2023-09-05 09:00:00+08:00,10.850000381469727,10.850000381469727,10.850000381469727,10.850000381469727,24004,0.0,0.0
2023-09-05 10:00:00+08:00,10.800000190734863,10.850000381469727,10.800000190734863,10.850000381469727,14679,0.0,0.0
2023-09-05 11:00:00+08:00,10.850000381469727,10.850000381469727,10.800000190734863,10.800000190734863,10606,0.0,0.0
2023-09-05 12:00:00+08:00,10.850000381469727,10.850000381469727,10.800000190734863,10.800000190734863,14556,0.0,0.0
2023-09-05 13:00:00+08:00,10.800000190734863,10.850000381469727,10.800000190734863,10.850000381469727,9284,0.0,0.0
2023-09-06 09:00:00+08:00,10.899999618530273,10.899999618530273,10.850000381469727,10.850000381469727,21120,0.0,0.0
2023-09-06 10:00:00+08:00,10.850000381469727,10.850000381469727,10.800000190734863,10.800000190734863,7191,0.0,0.0
2023-09-06 11:00:00+08:00,10.850000381469727,10.850000381469727,10.800000190734863,10.850000381469727,5795,0.0,0.0
2023-09-06 12:00:00+08:00,10.800000190734863,10.850000381469727,10.800000190734863,10.800000190734863,18315,0.0,0.0
2023-09-06 13:00:00+08:00,10.800000190734863,10.850000381469727,10.800000190734863,10.800000190734863,47756,0.0,0.0
2023-09-07 09:00:00+08:00,10.800000190734863,10.850000381469727,10.800000190734863,10.850000381469727,7366,0.0,0.0
2023-09-07 10:00:00+08:00,10.850000381469727,10.850000381469727,10.850000381469727,10.850000381469727,25131,0.0,0.0
2023-09-07 11:00:00+08:00,10.850000381469727,10.850000381469727,10.75,10.800000190734863,36113,0.0,0.0
2023-09-07 12:00:00+08:00,10.800000190734863,10.800000190734863,10.75,10.75,17909,0.0,0.0
2023-09-07 13:00:00+08:00,10.800000190734863,10.800000190734863,10.75,10.800000190734863,23020,0.0,0.0
2023-09-08 09:00:00+08:00,10.699999809265137,10.699999809265137,10.649999618530273,10.649999618530273,0,0.0,0.0
2023-09-08 10:00:00+08:00,10.649999618530273,10.699999809265137,10.649999618530273,10.649999618530273,6384,0.0,0.0
2023-09-08 11:00:00+08:00,10.699999809265137,10.75,10.649999618530273,10.75,35358,0.0,0.0
2023-09-08 12:00:00+08:00,10.75,10.800000190734863,10.75,10.75,18349,0.0,0.0
2023-09-08 13:00:00+08:00,10.699999809265137,10.699999809265137,10.699999809265137,10.699999809265137,20915,0.0,0.0
2023-09-11 09:00:00+08:00,10.800000190734863,10.800000190734863,10.800000190734863,10.800000190734863,0,0.0,0.0
2023-09-11 10:00:00+08:00,10.800000190734863,10.800000190734863,10.699999809265137,10.75,6383,0.0,0.0
2023-09-11 11:00:00+08:00,10.699999809265137,10.800000190734863,10.699999809265137,10.800000190734863,4264,0.0,0.0
2023-09-11 12:00:00+08:00,10.800000190734863,10.800000190734863,10.699999809265137,10.800000190734863,26268,0.0,0.0
2023-09-11 13:00:00+08:00,10.800000190734863,10.800000190734863,10.699999809265137,10.699999809265137,18019,0.0,0.0
2023-09-12 09:00:00+08:00,10.850000381469727,10.899999618530273,10.800000190734863,10.800000190734863,0,0.0,0.0
2023-09-12 10:00:00+08:00,10.800000190734863,10.800000190734863,10.75,10.800000190734863,30200,0.0,0.0
2023-09-12 11:00:00+08:00,10.800000190734863,10.800000190734863,10.800000190734863,10.800000190734863,28373,0.0,0.0
2023-09-12 12:00:00+08:00,10.800000190734863,10.850000381469727,10.75,10.75,41174,0.0,0.0
2023-09-12 13:00:00+08:00,10.75,10.800000190734863,10.75,10.800000190734863,10346,0.0,0.0
2023-09-13 09:00:00+08:00,10.75,10.75,10.75,10.75,0,0.0,0.0
2023-09-13 10:00:00+08:00,10.75,10.75,10.75,10.75,10402,0.0,0.0
2023-09-13 11:00:00+08:00,10.75,10.75,10.699999809265137,10.699999809265137,22369,0.0,0.0
2023-09-13 12:00:00+08:00,10.699999809265137,10.75,10.699999809265137,10.699999809265137,19443,0.0,0.0
2023-09-13 13:00:00+08:00,10.699999809265137,10.75,10.699999809265137,10.75,12418,0.0,0.0
2023-09-14 09:00:00+08:00,10.75,10.75,10.699999809265137,10.75,22338,0.0,0.0
2023-09-14 10:00:00+08:00,10.75,10.75,10.699999809265137,10.75,17695,0.0,0.0
2023-09-14 11:00:00+08:00,10.75,10.75,10.699999809265137,10.699999809265137,28361,0.0,0.0
2023-09-14 12:00:00+08:00,10.75,10.800000190734863,10.699999809265137,10.699999809265137,14252,0.0,0.0
2023-09-14 13:00:00+08:00,10.699999809265137,10.75,10.699999809265137,10.75,17961,0.0,0.0
2023-09-15 09:00:00+08:00,10.75,10.75,10.699999809265137,10.699999809265137,73353,0.0,0.0
2023-09-15 10:00:00+08:00,10.699999809265137,10.75,10.699999809265137,10.75,6277,0.0,0.0
2023-09-15 12:00:00+08:00,10.699999809265137,10.75,10.699999809265137,10.75,44768,0.0,0.0
2023-09-15 13:00:00+08:00,10.75,10.75,10.699999809265137,10.699999809265137,18206,0.0,0.0
2023-09-18 09:00:00+08:00,10.699999809265137,10.800000190734863,10.699999809265137,10.800000190734863,0,0.0,0.0
2023-09-18 10:00:00+08:00,10.75,10.75,10.699999809265137,10.75,13460,0.0,0.0
2023-09-18 11:00:00+08:00,10.75,10.75,10.699999809265137,10.699999809265137,22056,0.0,0.0
2023-09-18 12:00:00+08:00,10.699999809265137,10.699999809265137,10.699999809265137,10.699999809265137,5498,0.0,0.0
2023-09-18 13:00:00+08:00,10.75,10.75,10.75,10.75,2164,0.0,0.0
2023-09-19 09:00:00+08:00,10.75,10.800000190734863,10.75,10.75,37385,0.0,0.0
2023-09-19 10:00:00+08:00,10.75,10.75,10.75,10.75,1242,0.0,0.0
2023-09-19 11:00:00+08:00,10.75,10.75,10.75,10.75,24940,0.0,0.0
2023-09-19 12:00:00+08:00,10.699999809265137,10.75,10.699999809265137,10.75,14246,0.0,0.0
2023-09-19 13:00:00+08:00,10.699999809265137,10.75,10.699999809265137,10.699999809265137,21461,0.0,0.0
2023-09-20 09:00:00+08:00,10.75,10.800000190734863,10.75,10.800000190734863,12989,0.0,0.0
2023-09-20 10:00:00+08:00,10.75,10.75,10.699999809265137,10.699999809265137,17402,0.0,0.0
2023-09-20 11:00:00+08:00,10.699999809265137,10.75,10.699999809265137,10.699999809265137,32381,0.0,0.0
2023-09-20 12:00:00+08:00,10.75,10.75,10.75,10.75,37147,0.0,0.0
2023-09-20 13:00:00+08:00,10.75,10.75,10.699999809265137,10.75,8120,0.0,0.0
2023-09-21 09:00:00+08:00,10.75,10.75,10.600000381469727,10.600000381469727,0,0.0,0.0
2023-09-21 10:00:00+08:00,10.600000381469727,10.600000381469727,10.550000190734863,10.550000190734863,51122,0.0,0.0
2023-09-21 11:00:00+08:00,10.600000381469727,10.600000381469727,10.550000190734863,10.550000190734863,18282,0.0,0.0
2023-09-21 12:00:00+08:00,10.600000381469727,10.600000381469727,10.550000190734863,10.600000381469727,12361,0.0,0.0
2023-09-21 13:00:00+08:00,10.600000381469727,10.649999618530273,10.550000190734863,10.649999618530273,25907,0.0,0.0
2023-09-22 09:00:00+08:00,10.550000190734863,10.699999809265137,10.550000190734863,10.699999809265137,0,0.0,0.0
2023-09-22 10:00:00+08:00,10.699999809265137,10.699999809265137,10.550000190734863,10.600000381469727,6276,0.0,0.0
2023-09-22 11:00:00+08:00,10.550000190734863,10.550000190734863,10.550000190734863,10.550000190734863,40066,0.0,0.0
2023-09-22 12:00:00+08:00,10.550000190734863,10.600000381469727,10.5,10.5,26241,0.0,0.0
2023-09-22 13:00:00+08:00,10.649999618530273,10.649999618530273,10.649999618530273,10.649999618530273,3059,0.0,0.0
2023-09-25 09:00:00+08:00,10.699999809265137,10.699999809265137,10.5,10.649999618530273,0,0.0,0.0
2023-09-25 10:00:00+08:00,10.649999618530273,10.649999618530273,10.649999618530273,10.649999618530273,11492,0.0,0.0
2023-09-25 11:00:00+08:00,10.600000381469727,10.649999618530273,10.600000381469727,10.649999618530273,9201,0.0,0.0
2023-09-25 12:00:00+08:00,10.600000381469727,10.649999618530273,10.600000381469727,10.649999618530273,33604,0.0,0.0
2023-09-25 13:00:00+08:00,10.600000381469727,10.649999618530273,10.600000381469727,10.649999618530273,6053,0.0,0.0
2023-09-26 09:00:00+08:00,10.699999809265137,10.75,10.649999618530273,10.649999618530273,0,0.0,0.0
2023-09-26 11:00:00+08:00,10.600000381469727,10.649999618530273,10.600000381469727,10.649999618530273,3523,0.0,0.0
2023-09-26 12:00:00+08:00,10.600000381469727,10.600000381469727,10.600000381469727,10.600000381469727,22501,0.0,0.0
2023-09-26 13:00:00+08:00,10.600000381469727,10.649999618530273,10.550000190734863,10.550000190734863,13892,0.0,0.0
2023-09-27 09:00:00+08:00,10.600000381469727,10.600000381469727,10.550000190734863,10.550000190734863,0,0.0,0.0
2023-09-27 10:00:00+08:00,10.600000381469727,10.600000381469727,10.550000190734863,10.550000190734863,8293,0.0,0.0
2023-09-27 11:00:00+08:00,10.550000190734863,10.600000381469727,10.550000190734863,10.600000381469727,29740,0.0,0.0
2023-09-27 12:00:00+08:00,10.600000381469727,10.600000381469727,10.550000190734863,10.550000190734863,11434,0.0,0.0
2023-09-27 13:00:00+08:00,10.550000190734863,10.600000381469727,10.550000190734863,10.550000190734863,4340,0.0,0.0
2023-09-28 09:00:00+08:00,10.600000381469727,10.600000381469727,10.600000381469727,10.600000381469727,0,0.0,0.0
2023-09-28 10:00:00+08:00,10.600000381469727,10.649999618530273,10.600000381469727,10.649999618530273,3891,0.0,0.0
2023-09-28 11:00:00+08:00,10.600000381469727,10.600000381469727,10.600000381469727,10.600000381469727,17761,0.0,0.0
2023-09-28 12:00:00+08:00,10.600000381469727,10.600000381469727,10.550000190734863,10.600000381469727,15517,0.0,0.0
2023-09-28 13:00:00+08:00,10.600000381469727,10.600000381469727,10.600000381469727,10.600000381469727,6230,0.0,0.0
2023-10-02 09:00:00+08:00,10.600000381469727,10.649999618530273,10.600000381469727,10.649999618530273,0,0.0,0.0
2023-10-02 10:00:00+08:00,10.649999618530273,10.649999618530273,10.600000381469727,10.600000381469727,18396,0.0,0.0
2023-10-02 11:00:00+08:00,10.600000381469727,10.649999618530273,10.600000381469727,10.649999618530273,4881,0.0,0.0
2023-10-02 12:00:00+08:00,10.649999618530273,10.649999618530273,10.649999618530273,10.649999618530273,8020,0.0,0.0
2023-10-02 13:00:00+08:00,10.699999809265137,10.699999809265137,10.699999809265137,10.699999809265137,21177,0.0,0.0
2023-10-03 09:00:00+08:00,10.649999618530273,10.75,10.649999618530273,10.75,0,0.0,0.0
2023-10-03 10:00:00+08:00,10.75,10.75,10.699999809265137,10.75,16915,0.0,0.0
2023-10-03 11:00:00+08:00,10.699999809265137,10.699999809265137,10.699999809265137,10.699999809265137,17330,0.0,0.0
2023-10-03 12:00:00+08:00,10.699999809265137,10.75,10.699999809265137,10.699999809265137,45156,0.0,0.0
2023-10-03 13:00:00+08:00,10.75,10.75,10.699999809265137,10.75,34421,0.0,0.0
2023-10-04 09:00:00+08:00,10.699999809265137,10.699999809265137,10.699999809265137,10.699999809265137,0,0.0,0.0
2023-10-04 10:00:00+08:00,10.699999809265137,10.699999809265137,10.649999618530273,10.649999618530273,56725,0.0,0.0
2023-10-04 11:00:00+08:00,10.649999618530273,10.649999618530273,10.649999618530273,10.649999618530273,12142,0.0,0.0
2023-10-04 12:00:00+08:00,10.649999618530273,10.699999809265137,10.649999618530273,10.699999809265137,27485,0.0,0.0
2023-10-04 13:00:00+08:00,10.649999618530273,10.649999618530273,10.649999618530273,10.649999618530273,14342,0.0,0.0
2023-10-05 09:00:00+08:00,10.75,10.75,10.699999809265137,10.699999809265137,0,0.0,0.0
2023-10-05 10:00:00+08:00,10.699999809265137,10.800000190734863,10.699999809265137,10.800000190734863,30392,0.0,0.0
2023-10-05 11:00:00+08:00,10.75,10.75,10.699999809265137,10.699999809265137,26188,0.0,0.0
2023-10-05 13:00:00+08:00,10.75,10.75,10.75,10.75,6000,0.0,0.0
2023-10-06 09:00:00+08:00,10.699999809265137,10.699999809265137,10.699999809265137,10.699999809265137,14635,0.0,0.0
2023-10-06 10:00:00+08:00,10.699999809265137,10.699999809265137,10.699999809265137,10.699999809265137,5894,0.0,0.0
2023-10-06 11:00:00+08:00,10.699999809265137,10.699999809265137,10.649999618530273,10.649999618530273,21799,0.0,0.0
2023-10-06 12:00:00+08:00,10.75,10.75,10.699999809265137,10.699999809265137,9856,0.0,0.0
2023-10-06 13:00:00+08:00,10.699999809265137,10.75,10.649999618530273,10.75,9161,0.0,0.0
2023-10-11 09:00:00+08:00,10.899999618530273,10.899999618530273,10.800000190734863,10.800000190734863,7105,0.0,0.0
2023-10-11 10:00:00+08:00,10.800000190734863,10.850000381469727,10.800000190734863,10.800000190734863,68435,0.0,0.0
2023-10-11 11:00:00+08:00,10.850000381469727,10.850000381469727,10.800000190734863,10.850000381469727,25508,0.0,0.0
2023-10-11 12:00:00+08:00,10.800000190734863,10.850000381469727,10.800000190734863,10.850000381469727,22156,0.0,0.0
2023-10-11 13:00:00+08:00,10.800000190734863,10.850000381469727,10.800000190734863,10.850000381469727,34028,0.0,0.0
2023-10-12 09:00:00+08:00,10.899999618530273,10.899999618530273,10.850000381469727,10.899999618530273,98825,0.0,0.0
2023-10-12 10:00:00+08:00,10.899999618530273,10.899999618530273,10.850000381469727,10.899999618530273,83181,0.0,0.0
2023-10-12 11:00:00+08:00,10.850000381469727,10.949999809265137,10.850000381469727,10.949999809265137,29297,0.0,0.0
2023-10-12 12:00:00+08:00,10.949999809265137,11.0,10.899999618530273,11.0,78841,0.0,0.0
2023-10-12 13:00:00+08:00,11.0,11.0,11.0,11.0,19100,0.0,0.0
2023-10-13 09:00:00+08:00,11.050000190734863,11.100000381469727,11.0,11.050000190734863,0,0.0,0.0
2023-10-13 10:00:00+08:00,11.050000190734863,11.100000381469727,11.050000190734863,11.100000381469727,83400,0.0,0.0
2023-10-13 11:00:00+08:00,11.100000381469727,11.100000381469727,11.050000190734863,11.100000381469727,74540,0.0,0.0
2023-10-13 12:00:00+08:00,11.100000381469727,11.149999618530273,11.050000190734863,11.050000190734863,77462,0.0,0.0
2023-10-13 13:00:00+08:00,11.050000190734863,11.050000190734863,11.050000190734863,11.050000190734863,11424,0.0,0.0
2023-10-16 09:00:00+08:00,11.050000190734863,11.050000190734863,10.899999618530273,10.899999618530273,0,0.0,0.0
2023-10-16 10:00:00+08:00,10.899999618530273,10.949999809265137,10.899999618530273,10.899999618530273,9190,0.0,0.0
2023-10-16 12:00:00+08:00,10.949999809265137,11.0,10.899999618530273,10.949999809265137,0,0.0,0.0
2023-10-16 13:00:00+08:00,11.0,11.0,10.949999809265137,11.0,130218,0.0,0.0
2023-10-17 09:00:00+08:00,11.0,11.050000190734863,10.949999809265137,10.949999809265137,0,0.0,0.0
2023-10-17 10:00:00+08:00,10.949999809265137,11.050000190734863,10.949999809265137,11.0,24150,0.0,0.0
2023-10-17 11:00:00+08:00,11.050000190734863,11.050000190734863,10.899999618530273,10.899999618530273,32928,0.0,0.0
2023-10-17 12:00:00+08:00,10.899999618530273,10.899999618530273,10.850000381469727,10.899999618530273,27624,0.0,0.0
2023-10-17 13:00:00+08:00,10.899999618530273,10.899999618530273,10.899999618530273,10.899999618530273,1045,0.0,0.0
2023-10-18 09:00:00+08:00,11.0,11.0,10.850000381469727,10.850000381469727,0,0.0,0.0
2023-10-18 10:00:00+08:00,10.899999618530273,10.899999618530273,10.850000381469727,10.899999618530273,6464,0.0,0.0
2023-10-18 11:00:00+08:00,10.899999618530273,10.899999618530273,10.850000381469727,10.850000381469727,9126,0.0,0.0
2023-10-18 12:00:00+08:00,10.850000381469727,10.850000381469727,10.850000381469727,10.850000381469727,23296,0.0,0.0
2023-10-18 13:00:00+08:00,10.850000381469727,10.850000381469727,10.800000190734863,10.800000190734863,34961,0.0,0.0
2023-10-19 09:00:00+08:00,10.899999618530273,10.899999618530273,10.899999618530273,10.899999618530273,0,0.0,0.0
2023-10-19 10:00:00+08:00,10.899999618530273,10.949999809265137,10.899999618530273,10.949999809265137,19167,0.0,0.0
2023-10-19 11:00:00+08:00,10.949999809265137,10.949999809265137,10.899999618530273,10.899999618530273,10011,0.0,0.0
2023-10-19 12:00:00+08:00,10.899999618530273,10.899999618530273,10.850000381469727,10.850000381469727,29000,0.0,0.0
2023-10-19 13:00:00+08:00,10.850000381469727,10.850000381469727,10.800000190734863,10.850000381469727,13130,0.0,0.0
2023-10-20 09:00:00+08:00,10.899999618530273,10.899999618530273,10.800000190734863,10.850000381469727,0,0.0,0.0
2023-10-20 10:00:00+08:00,10.850000381469727,10.899999618530273,10.850000381469727,10.850000381469727,27738,0.0,0.0
2023-10-20 11:00:00+08:00,10.850000381469727,10.850000381469727,10.800000190734863,10.800000190734863,21025,0.0,0.0
2023-10-20 12:00:00+08:00,10.850000381469727,10.850000381469727,10.800000190734863,10.850000381469727,25160,0.0,0.0
2023-10-20 13:00:00+08:00,10.800000190734863,10.850000381469727,10.75,10.75,10096,0.0,0.0
2023-10-23 09:00:00+08:00,10.850000381469727,10.899999618530273,10.850000381469727,10.899999618530273,0,0.0,0.0
2023-10-23 10:00:00+08:00,10.899999618530273,10.899999618530273,10.850000381469727,10.850000381469727,16014,0.0,0.0
2023-10-23 11:00:00+08:00,10.850000381469727,10.899999618530273,10.850000381469727,10.899999618530273,38261,0.0,0.0
2023-10-23 12:00:00+08:00,10.899999618530273,11.0,10.899999618530273,10.899999618530273,63065,0.0,0.0
2023-10-23 13:00:00+08:00,10.949999809265137,10.949999809265137,10.899999618530273,10.899999618530273,11100,0.0,0.0
2023-10-24 09:00:00+08:00,10.850000381469727,10.850000381469727,10.850000381469727,10.850000381469727,8776,0.0,0.0
2023-10-24 10:00:00+08:00,10.899999618530273,10.899999618530273,10.899999618530273,10.899999618530273,23404,0.0,0.0
2023-10-24 11:00:00+08:00,10.899999618530273,10.949999809265137,10.899999618530273,10.949999809265137,10105,0.0,0.0
2023-10-24 12:00:00+08:00,10.899999618530273,11.100000381469727,10.899999618530273,11.050000190734863,99983,0.0,0.0
2023-10-24 13:00:00+08:00,11.050000190734863,11.050000190734863,11.0,11.0,16112,0.0,0.0
2023-10-25 09:00:00+08:00,11.0,11.199999809265137,11.0,11.149999618530273,0,0.0,0.0
2023-10-25 10:00:00+08:00,11.100000381469727,11.350000381469727,11.100000381469727,11.199999809265137,186740,0.0,0.0
2023-10-25 11:00:00+08:00,11.199999809265137,11.300000190734863,11.199999809265137,11.25,45126,0.0,0.0
2023-10-25 12:00:00+08:00,11.25,11.300000190734863,11.199999809265137,11.300000190734863,78484,0.0,0.0
2023-10-25 13:00:00+08:00,11.300000190734863,11.350000381469727,11.25,11.300000190734863,58592,0.0,0.0
2023-10-26 09:00:00+08:00,11.25,11.25,11.199999809265137,11.199999809265137,0,0.0,0.0
2023-10-26 10:00:00+08:00,11.199999809265137,11.300000190734863,11.199999809265137,11.25,23016,0.0,0.0
2023-10-26 11:00:00+08:00,11.199999809265137,11.199999809265137,11.149999618530273,11.149999618530273,18314,0.0,0.0
2023-10-26 12:00:00+08:00,11.149999618530273,11.199999809265137,11.149999618530273,11.149999618530273,22179,0.0,0.0
2023-10-26 13:00:00+08:00,11.149999618530273,11.149999618530273,11.149999618530273,11.149999618530273,9225,0.0,0.0
2023-10-27 09:00:00+08:00,11.199999809265137,11.25,11.050000190734863,11.050000190734863,0,0.0,0.0
2023-10-27 10:00:00+08:00,11.050000190734863,11.199999809265137,11.050000190734863,11.199999809265137,93107,0.0,0.0
2023-10-27 11:00:00+08:00,11.149999618530273,11.149999618530273,11.100000381469727,11.100000381469727,48132,0.0,0.0
2023-10-27 12:00:00+08:00,11.149999618530273,11.149999618530273,11.149999618530273,11.149999618530273,16591,0.0,0.0
2023-10-27 13:00:00+08:00,11.100000381469727,11.100000381469727,11.050000190734863,11.050000190734863,11503,0.0,0.0
2023-10-30 09:00:00+08:00,11.199999809265137,11.399999618530273,11.199999809265137,11.399999618530273,0,0.0,0.0
2023-10-30 10:00:00+08:00,11.399999618530273,11.399999618530273,11.300000190734863,11.350000381469727,16883,0.0,0.0
2023-10-30 11:00:00+08:00,11.300000190734863,11.350000381469727,11.300000190734863,11.350000381469727,24446,0.0,0.0
2023-10-30 12:00:00+08:00,11.300000190734863,11.350000381469727,11.25,11.300000190734863,23882,0.0,0.0
2023-10-30 13:00:00+08:00,11.300000190734863,11.300000190734863,11.25,11.25,29738,0.0,0.0
2023-10-31 09:00:00+08:00,11.350000381469727,11.449999809265137,11.350000381469727,11.350000381469727,0,0.0,0.0
2023-10-31 10:00:00+08:00,11.350000381469727,11.449999809265137,11.300000190734863,11.399999618530273,171499,0.0,0.0
2023-10-31 11:00:00+08:00,11.399999618530273,11.399999618530273,11.25,11.25,66070,0.0,0.0
2023-10-31 12:00:00+08:00,11.25,11.25,11.199999809265137,11.199999809265137,44736,0.0,0.0
2023-10-31 13:00:00+08:00,11.199999809265137,11.25,11.199999809265137,11.199999809265137,27542,0.0,0.0
2023-11-01 09:00:00+08:00,11.300000190734863,11.300000190734863,11.199999809265137,11.199999809265137,0,0.0,0.0
2023-11-01 10:00:00+08:00,11.149999618530273,11.149999618530273,11.100000381469727,11.100000381469727,73152,0.0,0.0
2023-11-01 11:00:00+08:00,11.100000381469727,11.100000381469727,11.050000190734863,11.050000190734863,11123,0.0,0.0
2023-11-01 12:00:00+08:00,11.050000190734863,11.100000381469727,11.050000190734863,11.100000381469727,14400,0.0,0.0
2023-11-01 13:00:00+08:00,11.100000381469727,11.149999618530273,11.100000381469727,11.149999618530273,24372,0.0,0.0
2023-11-02 09:00:00+08:00,11.100000381469727,11.149999618530273,11.050000190734863,11.149999618530273,28793,0.0,0.0
2023-11-02 10:00:00+08:00,11.100000381469727,11.149999618530273,11.100000381469727,11.149999618530273,15062,0.0,0.0
2023-11-02 11:00:00+08:00,11.149999618530273,11.149999618530273,11.149999618530273,11.149999618530273,13200,0.0,0.0
2023-11-02 12:00:00+08:00,11.149999618530273,11.149999618530273,11.100000381469727,11.100000381469727,20002,0.0,0.0
2023-11-02 13:00:00+08:00,11.100000381469727,11.149999618530273,11.100000381469727,11.100000381469727,13070,0.0,0.0
2023-11-03 09:00:00+08:00,11.300000190734863,11.350000381469727,11.149999618530273,11.149999618530273,0,0.0,0.0
2023-11-03 10:00:00+08:00,11.199999809265137,11.199999809265137,11.149999618530273,11.149999618530273,17142,0.0,0.0
2023-11-03 11:00:00+08:00,11.149999618530273,11.149999618530273,11.100000381469727,11.100000381469727,37945,0.0,0.0
2023-11-03 12:00:00+08:00,11.199999809265137,11.350000381469727,11.199999809265137,11.350000381469727,99268,0.0,0.0
2023-11-03 13:00:00+08:00,11.300000190734863,11.300000190734863,11.25,11.300000190734863,12568,0.0,0.0
2023-11-06 09:00:00+08:00,11.25,11.25,11.199999809265137,11.199999809265137,0,0.0,0.0
2023-11-06 10:00:00+08:00,11.25,11.25,11.199999809265137,11.199999809265137,15672,0.0,0.0
2023-11-06 11:00:00+08:00,11.199999809265137,11.199999809265137,11.199999809265137,11.199999809265137,12345,0.0,0.0
2023-11-06 12:00:00+08:00,11.149999618530273,11.199999809265137,11.100000381469727,11.149999618530273,51889,0.0,0.0
2023-11-06 13:00:00+08:00,11.100000381469727,11.25,11.100000381469727,11.25,91883,0.0,0.0
2023-11-07 09:00:00+08:00,11.199999809265137,11.300000190734863,11.199999809265137,11.199999809265137,0,0.0,0.0
2023-11-07 10:00:00+08:00,11.199999809265137,11.199999809265137,11.149999618530273,11.149999618530273,26616,0.0,0.0
2023-11-07 11:00:00+08:00,11.149999618530273,11.149999618530273,11.149999618530273,11.149999618530273,2442,0.0,0.0
2023-11-07 12:00:00+08:00,11.149999618530273,11.149999618530273,11.100000381469727,11.149999618530273,17086,0.0,0.0
2023-11-07 13:00:00+08:00,11.199999809265137,11.199999809265137,11.199999809265137,11.199999809265137,2680,0.0,0.0
2023-11-08 09:00:00+08:00,11.199999809265137,11.199999809265137,11.050000190734863,11.050000190734863,0,0.0,0.0
2023-11-08 10:00:00+08:00,11.100000381469727,11.100000381469727,11.0,11.0,58899,0.0,0.0
2023-11-08 11:00:00+08:00,11.050000190734863,11.050000190734863,10.949999809265137,11.0,60939,0.0,0.0
2023-11-08 12:00:00+08:00,11.0,11.0,10.899999618530273,10.949999809265137,45424,0.0,0.0
2023-11-08 13:00:00+08:00,10.949999809265137,11.0,10.899999618530273,10.899999618530273,34908,0.0,0.0
2023-11-09 09:00:00+08:00,10.949999809265137,11.0,10.850000381469727,10.850000381469727,0,0.0,0.0
2023-11-09 10:00:00+08:00,10.850000381469727,10.850000381469727,10.850000381469727,10.850000381469727,28117,0.0,0.0
2023-11-09 11:00:00+08:00,10.899999618530273,10.899999618530273,10.899999618530273,10.899999618530273,1608,0.0,0.0
2023-11-09 12:00:00+08:00,10.850000381469727,10.899999618530273,10.850000381469727,10.899999618530273,31009,0.0,0.0
2023-11-09 13:00:00+08:00,10.850000381469727,10.850000381469727,10.800000190734863,10.850000381469727,31123,0.0,0.0
2023-11-10 09:00:00+08:00,10.800000190734863,10.850000381469727,10.800000190734863,10.850000381469727,0,0.0,0.0
2023-11-10 10:00:00+08:00,10.850000381469727,10.899999618530273,10.800000190734863,10.800000190734863,23788,0.0,0.0
2023-11-10 11:00:00+08:00,10.800000190734863,10.800000190734863,10.800000190734863,10.800000190734863,12236,0.0,0.0
2023-11-10 12:00:00+08:00,10.800000190734863,10.800000190734863,10.800000190734863,10.800000190734863,17755,0.0,0.0
2023-11-10 13:00:00+08:00,10.850000381469727,10.850000381469727,10.850000381469727,10.850000381469727,2451,0.0,0.0
2023-11-13 09:00:00+08:00,10.800000190734863,10.800000190734863,10.75,10.75,0,0.0,0.0
2023-11-13 10:00:00+08:00,10.75,10.75,10.699999809265137,10.699999809265137,66864,0.0,0.0
2023-11-13 11:00:00+08:00,10.699999809265137,10.699999809265137,10.649999618530273,10.699999809265137,42827,0.0,0.0
2023-11-13 12:00:00+08:00,10.699999809265137,10.699999809265137,10.649999618530273,10.699999809265137,16098,0.0,0.0
2023-11-13 13:00:00+08:00,10.699999809265137,10.699999809265137,10.649999618530273,10.699999809265137,37312,0.0,0.0
2023-11-14 09:00:00+08:00,10.649999618530273,10.699999809265137,10.649999618530273,10.649999618530273,0,0.0,0.0
2023-11-14 10:00:00+08:00,10.649999618530273,10.75,10.649999618530273,10.75,39461,0.0,0.0
2023-11-14 11:00:00+08:00,10.75,10.800000190734863,10.699999809265137,10.75,13177,0.0,0.0
2023-11-14 12:00:00+08:00,10.699999809265137,10.75,10.649999618530273,10.75,45697,0.0,0.0
2023-11-14 13:00:00+08:00,10.649999618530273,10.75,10.649999618530273,10.75,31303,0.0,0.0
2023-11-15 09:00:00+08:00,10.75,10.800000190734863,10.699999809265137,10.75,0,0.0,0.0
2023-11-15 10:00:00+08:00,10.75,10.75,10.699999809265137,10.75,15054,0.0,0.0
2023-11-15 11:00:00+08:00,10.75,10.75,10.75,10.75,3932,0.0,0.0
2023-11-15 12:00:00+08:00,10.75,10.75,10.699999809265137,10.75,7722,0.0,0.0
2023-11-15 13:00:00+08:00,10.699999809265137,10.800000190734863,10.699999809265137,10.75,13278,0.0,0.0
2023-11-16 09:00:00+08:00,10.75,10.75,10.649999618530273,10.699999809265137,0,0.0,0.0
2023-11-16 10:00:00+08:00,10.699999809265137,10.699999809265137,10.699999809265137,10.699999809265137,16003,0.0,0.0
2023-11-16 11:00:00+08:00,10.699999809265137,10.75,10.649999618530273,10.75,25269,0.0,0.0
2023-11-16 12:00:00+08:00,10.699999809265137,10.75,10.649999618530273,10.75,27831,0.0,0.0
2023-11-16 13:00:00+08:00,10.699999809265137,10.75,10.649999618530273,10.649999618530273,19972,0.0,0.0
2023-11-17 09:00:00+08:00,10.75,10.75,10.649999618530273,10.649999618530273,50182,0.0,0.0
2023-11-17 10:00:00+08:00,10.699999809265137,10.75,10.699999809265137,10.699999809265137,45056,0.0,0.0
2023-11-17 11:00:00+08:00,10.699999809265137,10.699999809265137,10.649999618530273,10.649999618530273,81085,0.0,0.0
2023-11-17 12:00:00+08:00,10.649999618530273,10.699999809265137,10.600000381469727,10.649999618530273,66670,0.0,0.0
2023-11-17 13:00:00+08:00,10.649999618530273,10.699999809265137,10.600000381469727,10.649999618530273,42866,0.0,0.0
2023-11-20 09:00:00+08:00,10.600000381469727,10.699999809265137,10.600000381469727,10.600000381469727,0,0.0,0.0
2023-11-20 10:00:00+08:00,10.600000381469727,10.649999618530273,10.600000381469727,10.649999618530273,46913,0.0,0.0
2023-11-20 11:00:00+08:00,10.649999618530273,10.699999809265137,10.649999618530273,10.699999809265137,22412,0.0,0.0
2023-11-20 12:00:00+08:00,10.649999618530273,10.649999618530273,10.649999618530273,10.649999618530273,12398,0.0,0.0
2023-11-20 13:00:00+08:00,10.649999618530273,10.649999618530273,10.600000381469727,10.649999618530273,36431,0.0,0.0
2023-11-21 09:00:00+08:00,10.699999809265137,10.699999809265137,10.699999809265137,10.699999809265137,0,0.0,0.0
2023-11-21 10:00:00+08:00,10.75,10.75,10.699999809265137,10.75,50972,0.0,0.0
2023-11-21 11:00:00+08:00,10.75,10.75,10.699999809265137,10.699999809265137,15805,0.0,0.0
2023-11-21 12:00:00+08:00,10.75,10.75,10.75,10.75,14791,0.0,0.0
2023-11-21 13:00:00+08:00,10.75,10.75,10.75,10.75,17560,0.0,0.0
2023-11-22 09:00:00+08:00,10.75,10.75,10.75,10.75,0,0.0,0.0
2023-11-22 10:00:00+08:00,10.75,10.75,10.649999618530273,10.699999809265137,66831,0.0,0.0
2023-11-22 11:00:00+08:00,10.75,10.75,10.649999618530273,10.649999618530273,12090,0.0,0.0
2023-11-22 12:00:00+08:00,10.649999618530273,10.699999809265137,10.649999618530273,10.699999809265137,8574,0.0,0.0
2023-11-22 13:00:00+08:00,10.699999809265137,10.75,10.699999809265137,10.699999809265137,5976,0.0,0.0
2023-11-23 09:00:00+08:00,10.649999618530273,10.800000190734863,10.649999618530273,10.800000190734863,0,0.0,0.0
2023-11-23 10:00:00+08:00,10.800000190734863,10.850000381469727,10.699999809265137,10.75,52830,0.0,0.0
2023-11-23 11:00:00+08:00,10.75,10.75,10.75,10.75,8153,0.0,0.0
2023-11-23 12:00:00+08:00,10.75,10.800000190734863,10.75,10.75,29324,0.0,0.0
2023-11-23 13:00:00+08:00,10.800000190734863,10.800000190734863,10.800000190734863,10.800000190734863,3765,0.0,0.0
2023-11-24 09:00:00+08:00,10.800000190734863,10.800000190734863,10.75,10.75,0,0.0,0.0
2023-11-24 10:00:00+08:00,10.800000190734863,10.800000190734863,10.699999809265137,10.699999809265137,54450,0.0,0.0
2023-11-24 11:00:00+08:00,10.800000190734863,10.800000190734863,10.75,10.75,21126,0.0,0.0
2023-11-24 12:00:00+08:00,10.75,10.800000190734863,10.75,10.800000190734863,12809,0.0,0.0
2023-11-24 13:00:00+08:00,10.75,10.800000190734863,10.75,10.800000190734863,22106,0.0,0.0
2023-11-27 09:00:00+08:00,10.75,10.800000190734863,10.699999809265137,10.699999809265137,0,0.0,0.0
2023-11-27 10:00:00+08:00,10.699999809265137,10.75,10.699999809265137,10.75,6845,0.0,0.0
2023-11-27 11:00:00+08:00,10.75,10.75,10.75,10.75,3083,0.0,0.0
2023-11-27 12:00:00+08:00,10.75,10.75,10.75,10.75,21652,0.0,0.0
2023-11-27 13:00:00+08:00,10.75,10.75,10.699999809265137,10.699999809265137,27331,0.0,0.0
2023-11-28 09:00:00+08:00,10.699999809265137,10.75,10.699999809265137,10.75,33265,0.0,0.0
2023-11-28 10:00:00+08:00,10.699999809265137,10.75,10.699999809265137,10.75,148256,0.0,0.0
2023-11-28 11:00:00+08:00,10.75,10.75,10.699999809265137,10.75,68170,0.0,0.0
2023-11-28 12:00:00+08:00,10.75,10.800000190734863,10.699999809265137,10.75,119028,0.0,0.0
2023-11-28 13:00:00+08:00,10.75,10.75,10.699999809265137,10.75,40151,0.0,0.0
2023-11-29 09:00:00+08:00,10.800000190734863,10.800000190734863,10.699999809265137,10.75,27254,0.0,0.0
2023-11-29 10:00:00+08:00,10.75,11.199999809265137,10.75,11.100000381469727,530497,0.0,0.0
2023-11-29 11:00:00+08:00,11.050000190734863,11.199999809265137,11.0,11.199999809265137,293549,0.0,0.0
2023-11-29 12:00:00+08:00,11.199999809265137,11.75,11.199999809265137,11.75,1925694,0.0,0.0
2023-11-29 13:00:00+08:00,11.75,11.75,11.75,11.75,355895,0.0,0.0
2023-11-30 09:00:00+08:00,12.25,12.899999618530273,12.0,12.899999618530273,12143920,0.0,0.0
2023-11-30 10:00:00+08:00,12.899999618530273,12.899999618530273,12.899999618530273,12.899999618530273,382232,0.0,0.0
2023-11-30 11:00:00+08:00,12.899999618530273,12.899999618530273,12.899999618530273,12.899999618530273,86807,0.0,0.0
2023-11-30 12:00:00+08:00,12.899999618530273,12.899999618530273,12.899999618530273,12.899999618530273,123048,0.0,0.0
2023-11-30 13:00:00+08:00,12.899999618530273,12.899999618530273,12.899999618530273,12.899999618530273,19706,0.0,0.0
2023-12-01 09:00:00+08:00,13.199999809265137,13.649999618530273,13.0,13.149999618530273,0,0.0,0.0
2023-12-01 10:00:00+08:00,13.149999618530273,13.25,13.0,13.25,1844073,0.0,0.0
2023-12-01 11:00:00+08:00,13.199999809265137,13.350000381469727,13.199999809265137,13.25,1068565,0.0,0.0
2023-12-01 12:00:00+08:00,13.25,13.300000190734863,13.0,13.050000190734863,1818186,0.0,0.0
2023-12-01 13:00:00+08:00,13.050000190734863,13.25,13.050000190734863,13.25,1112103,0.0,0.0
2023-12-04 09:00:00+08:00,13.350000381469727,13.550000190734863,13.050000190734863,13.149999618530273,0,0.0,0.0
2023-12-04 10:00:00+08:00,13.149999618530273,13.199999809265137,13.050000190734863,13.050000190734863,505539,0.0,0.0
2023-12-04 11:00:00+08:00,13.050000190734863,13.149999618530273,12.75,12.850000381469727,905497,0.0,0.0
2023-12-04 12:00:00+08:00,12.850000381469727,12.899999618530273,12.550000190734863,12.600000381469727,899827,0.0,0.0
2023-12-04 13:00:00+08:00,12.600000381469727,12.600000381469727,12.399999618530273,12.449999809265137,625753,0.0,0.0
2023-12-05 09:00:00+08:00,12.5,12.899999618530273,12.25,12.850000381469727,0,0.0,0.0
2023-12-05 10:00:00+08:00,12.850000381469727,12.899999618530273,12.600000381469727,12.600000381469727,242309,0.0,0.0
2023-12-05 11:00:00+08:00,12.600000381469727,13.0,12.600000381469727,12.949999809265137,1054078,0.0,0.0
2023-12-05 12:00:00+08:00,12.949999809265137,12.949999809265137,12.800000190734863,12.850000381469727,284718,0.0,0.0
2023-12-05 13:00:00+08:00,12.850000381469727,12.899999618530273,12.699999809265137,12.75,339347,0.0,0.0
2023-12-06 09:00:00+08:00,12.75,12.899999618530273,12.5,12.75,0,0.0,0.0
2023-12-06 10:00:00+08:00,12.75,12.75,12.550000190734863,12.600000381469727,116576,0.0,0.0
2023-12-06 11:00:00+08:00,12.600000381469727,12.699999809265137,12.550000190734863,12.550000190734863,142283,0.0,0.0
2023-12-06 12:00:00+08:00,12.550000190734863,12.600000381469727,12.199999809265137,12.350000381469727,774251,0.0,0.0
2023-12-06 13:00:00+08:00,12.350000381469727,12.449999809265137,12.25,12.350000381469727,305333,0.0,0.0
2023-12-07 09:00:00+08:00,12.25,12.449999809265137,12.199999809265137,12.300000190734863,0,0.0,0.0
2023-12-07 10:00:00+08:00,12.300000190734863,12.300000190734863,12.050000190734863,12.149999618530273,314453,0.0,0.0
2023-12-07 11:00:00+08:00,12.149999618530273,12.300000190734863,12.100000381469727,12.25,153316,0.0,0.0
2023-12-07 12:00:00+08:00,12.25,12.25,12.100000381469727,12.149999618530273,178230,0.0,0.0
2023-12-07 13:00:00+08:00,12.149999618530273,12.199999809265137,12.050000190734863,12.149999618530273,303483,0.0,0.0
2023-12-08 09:00:00+08:00,12.600000381469727,13.399999618530273,12.5,13.350000381469727,5463527,0.0,0.0
2023-12-08 10:00:00+08:00,13.350000381469727,13.350000381469727,13.25,13.350000381469727,743879,0.0,0.0
2023-12-08 11:00:00+08:00,13.350000381469727,13.399999618530273,13.25,13.399999618530273,2193707,0.0,0.0
2023-12-08 12:00:00+08:00,13.399999618530273,13.399999618530273,13.399999618530273,13.399999618530273,195457,0.0,0.0
2023-12-08 13:00:00+08:00,13.399999618530273,13.399999618530273,13.399999618530273,13.399999618530273,23123,0.0,0.0
2023-12-11 09:00:00+08:00,13.850000381469727,14.699999809265137,13.600000381469727,14.699999809265137,5313054,0.0,0.0
2023-12-11 10:00:00+08:00,14.699999809265137,14.699999809265137,14.699999809265137,14.699999809265137,541003,0.0,0.0
2023-12-11 11:00:00+08:00,14.699999809265137,14.699999809265137,14.699999809265137,14.699999809265137,128829,0.0,0.0
2023-12-11 12:00:00+08:00,14.699999809265137,14.699999809265137,14.699999809265137,14.699999809265137,183417,0.0,0.0
2023-12-11 13:00:00+08:00,14.699999809265137,14.699999809265137,14.699999809265137,14.699999809265137,31326,0.0,0.0
2023-12-12 09:00:00+08:00,15.199999809265137,15.800000190734863,14.350000381469727,14.850000381469727,1562324,0.0,0.0
2023-12-12 10:00:00+08:00,14.899999618530273,15.0,14.550000190734863,14.649999618530273,2295435,0.0,0.0
2023-12-12 11:00:00+08:00,14.649999618530273,14.649999618530273,14.0,14.149999618530273,3973128,0.0,0.0
2023-12-12 12:00:00+08:00,14.100000381469727,14.649999618530273,14.100000381469727,14.550000190734863,2285435,0.0,0.0
2023-12-12 13:00:00+08:00,14.550000190734863,14.850000381469727,14.399999618530273,14.449999809265137,2072511,0.0,0.0
2023-12-13 09:00:00+08:00,14.899999618530273,15.399999618530273,14.5,15.199999809265137,4638645,0.0,0.0
2023-12-13 10:00:00+08:00,15.149999618530273,15.399999618530273,14.899999618530273,14.899999618530273,2615047,0.0,0.0
2023-12-13 11:00:00+08:00,14.899999618530273,15.0,14.800000190734863,14.800000190734863,677236,0.0,0.0
2023-12-13 12:00:00+08:00,14.800000190734863,14.949999809265137,14.75,14.75,768829,0.0,0.0
2023-12-13 13:00:00+08:00,14.800000190734863,14.800000190734863,14.649999618530273,14.75,986731,0.0,0.0
2023-12-14 09:00:00+08:00,15.0,15.050000190734863,14.5,14.75,0,0.0,0.0
2023-12-14 10:00:00+08:00,14.75,14.899999618530273,14.550000190734863,14.699999809265137,800245,0.0,0.0
2023-12-14 11:00:00+08:00,14.699999809265137,14.800000190734863,14.600000381469727,14.649999618530273,417789,0.0,0.0
2023-12-14 12:00:00+08:00,14.649999618530273,15.25,14.600000381469727,15.199999809265137,2493295,0.0,0.0
2023-12-14 13:00:00+08:00,15.199999809265137,15.449999809265137,15.050000190734863,15.300000190734863,2529424,0.0,0.0
2023-12-15 09:00:00+08:00,15.5,15.5,14.800000190734863,14.949999809265137,0,0.0,0.0
2023-12-15 10:00:00+08:00,14.949999809265137,15.050000190734863,14.899999618530273,15.0,512565,0.0,0.0
2023-12-15 11:00:00+08:00,14.949999809265137,15.0,14.25,14.600000381469727,2357075,0.0,0.0
2023-12-15 12:00:00+08:00,14.550000190734863,14.699999809265137,14.300000190734863,14.5,980951,0.0,0.0
2023-12-15 13:00:00+08:00,14.5,14.550000190734863,14.300000190734863,14.399999618530273,620411,0.0,0.0
2023-12-18 09:00:00+08:00,14.199999809265137,15.0,14.199999809265137,14.649999618530273,0,0.0,0.0
2023-12-18 10:00:00+08:00,14.699999809265137,14.699999809265137,14.449999809265137,14.449999809265137,355795,0.0,0.0
2023-12-18 11:00:00+08:00,14.449999809265137,14.449999809265137,14.25,14.399999618530273,514278,0.0,0.0
2023-12-18 12:00:00+08:00,14.399999618530273,14.5,14.050000190734863,14.100000381469727,910315,0.0,0.0
2023-12-18 13:00:00+08:00,14.149999618530273,14.399999618530273,14.100000381469727,14.199999809265137,515555,0.0,0.0
2023-12-19 09:00:00+08:00,14.350000381469727,14.550000190734863,13.850000381469727,14.0,1180430,0.0,0.0
2023-12-19 10:00:00+08:00,14.0,14.149999618530273,13.850000381469727,14.100000381469727,527052,0.0,0.0
2023-12-19 11:00:00+08:00,14.149999618530273,14.399999618530273,14.0,14.149999618530273,431024,0.0,0.0
2023-12-19 12:00:00+08:00,14.149999618530273,14.149999618530273,13.949999809265137,14.149999618530273,354471,0.0,0.0
2023-12-19 13:00:00+08:00,14.100000381469727,14.199999809265137,14.0,14.100000381469727,294230,0.0,0.0
2023-12-20 09:00:00+08:00,14.649999618530273,14.850000381469727,14.399999618530273,14.649999618530273,0,0.0,0.0
2023-12-20 10:00:00+08:00,14.600000381469727,14.649999618530273,14.449999809265137,14.449999809265137,241817,0.0,0.0
2023-12-20 11:00:00+08:00,14.449999809265137,14.5,14.350000381469727,14.399999618530273,395920,0.0,0.0
2023-12-20 12:00:00+08:00,14.399999618530273,14.5,14.25,14.25,347692,0.0,0.0
2023-12-20 13:00:00+08:00,14.25,14.300000190734863,14.199999809265137,14.300000190734863,237021,0.0,0.0
2023-12-21 09:00:00+08:00,14.350000381469727,14.350000381469727,14.050000190734863,14.100000381469727,0,0.0,0.0
2023-12-21 10:00:00+08:00,14.100000381469727,14.100000381469727,13.899999618530273,14.050000190734863,528765,0.0,0.0
2023-12-21 11:00:00+08:00,14.050000190734863,14.100000381469727,14.0,14.100000381469727,174134,0.0,0.0
2023-12-21 12:00:00+08:00,14.050000190734863,14.050000190734863,13.899999618530273,13.949999809265137,398059,0.0,0.0
2023-12-21 13:00:00+08:00,13.949999809265137,13.949999809265137,13.449999809265137,13.699999809265137,850679,0.0,0.0
2023-12-22 09:00:00+08:00,13.800000190734863,13.850000381469727,13.600000381469727,13.75,851743,0.0,0.0
2023-12-22 10:00:00+08:00,13.699999809265137,13.75,13.649999618530273,13.649999618530273,265940,0.0,0.0
2023-12-22 11:00:00+08:00,13.699999809265137,13.699999809265137,13.600000381469727,13.699999809265137,251188,0.0,0.0
2023-12-22 12:00:00+08:00,13.649999618530273,13.699999809265137,13.550000190734863,13.550000190734863,221882,0.0,0.0
2023-12-22 13:00:00+08:00,13.600000381469727,13.600000381469727,13.449999809265137,13.5,375755,0.0,0.0
2023-12-25 09:00:00+08:00,13.800000190734863,14.600000381469727,13.75,14.149999618530273,1415518,0.0,0.0
2023-12-25 10:00:00+08:00,14.149999618530273,14.25,13.899999618530273,13.899999618530273,1075063,0.0,0.0
2023-12-25 11:00:00+08:00,13.899999618530273,14.050000190734863,13.850000381469727,13.949999809265137,330176,0.0,0.0
2023-12-25 12:00:00+08:00,13.899999618530273,14.149999618530273,13.850000381469727,13.949999809265137,684953,0.0,0.0
2023-12-25 13:00:00+08:00,13.949999809265137,14.0,13.699999809265137,13.800000190734863,573500,0.0,0.0
2023-12-26 09:00:00+08:00,14.050000190734863,14.649999618530273,14.050000190734863,14.550000190734863,0,0.0,0.0
2023-12-26 10:00:00+08:00,14.5,14.600000381469727,14.350000381469727,14.399999618530273,781367,0.0,0.0
2023-12-26 11:00:00+08:00,14.399999618530273,14.600000381469727,14.399999618530273,14.449999809265137,618217,0.0,0.0
2023-12-26 12:00:00+08:00,14.449999809265137,14.449999809265137,14.199999809265137,14.350000381469727,798399,0.0,0.0
2023-12-26 13:00:00+08:00,14.350000381469727,14.399999618530273,14.25,14.399999618530273,339791,0.0,0.0
2023-12-27 09:00:00+08:00,14.600000381469727,14.800000190734863,14.350000381469727,14.5,0,0.0,0.0
2023-12-27 10:00:00+08:00,14.5,14.550000190734863,14.449999809265137,14.5,536725,0.0,0.0
2023-12-27 11:00:00+08:00,14.5,14.550000190734863,14.449999809265137,14.5,479025,0.0,0.0
2023-12-27 12:00:00+08:00,14.5,15.75,14.5,15.75,9631580,0.0,0.0
2023-12-27 13:00:00+08:00,15.75,15.75,15.649999618530273,15.75,4581187,0.0,0.0
2023-12-28 09:00:00+08:00,16.25,17.200000762939453,16.100000381469727,16.75,20035529,0.0,0.0
2023-12-28 10:00:00+08:00,16.75,16.899999618530273,16.299999237060547,16.299999237060547,6222292,0.0,0.0
2023-12-28 11:00:00+08:00,16.299999237060547,16.700000762939453,16.25,16.5,2743832,0.0,0.0
2023-12-28 12:00:00+08:00,16.5,16.600000381469727,16.200000762939453,16.299999237060547,3285330,0.0,0.0
2023-12-28 13:00:00+08:00,16.299999237060547,16.299999237060547,16.049999237060547,16.100000381469727,3288430,0.0,0.0
2023-12-29 09:00:00+08:00,16.049999237060547,16.600000381469727,15.949999809265137,16.399999618530273,0,0.0,0.0
2023-12-29 10:00:00+08:00,16.399999618530273,16.450000762939453,16.200000762939453,16.25,1594783,0.0,0.0
2023-12-29 11:00:00+08:00,16.25,16.450000762939453,16.200000762939453,16.299999237060547,1109181,0.0,0.0
2023-12-29 12:00:00+08:00,16.25,16.350000381469727,16.100000381469727,16.149999618530273,1637226,0.0,0.0
2023-12-29 13:00:00+08:00,16.149999618530273,16.350000381469727,16.149999618530273,16.25,1627048,0.0,0.0
2024-01-02 09:00:00+08:00,16.149999618530273,16.450000762939453,16.0,16.149999618530273,0,0.0,0.0
2024-01-02 10:00:00+08:00,16.149999618530273,16.149999618530273,15.800000190734863,16.0,1407409,0.0,0.0
2024-01-02 11:00:00+08:00,16.0,16.149999618530273,15.899999618530273,16.0,468921,0.0,0.0
2024-01-02 12:00:00+08:00,16.0,16.049999237060547,15.800000190734863,15.850000381469727,862797,0.0,0.0
2024-01-02 13:00:00+08:00,15.850000381469727,15.899999618530273,15.649999618530273,15.800000190734863,1177745,0.0,0.0
2024-01-03 09:00:00+08:00,15.699999809265137,15.75,15.300000190734863,15.649999618530273,0,0.0,0.0
2024-01-03 10:00:00+08:00,15.649999618530273,15.699999809265137,15.399999618530273,15.449999809265137,718477,0.0,0.0
2024-01-03 11:00:00+08:00,15.449999809265137,15.550000190734863,15.350000381469727,15.5,433988,0.0,0.0
2024-01-03 12:00:00+08:00,15.5,17.200000762939453,15.399999618530273,16.799999237060547,6834206,0.0,0.0
2024-01-03 13:00:00+08:00,16.799999237060547,17.299999237060547,16.600000381469727,17.25,5546731,0.0,0.0
2024-01-04 09:00:00+08:00,17.450000762939453,19.0,17.399999618530273,19.0,33092523,0.0,0.0
2024-01-04 10:00:00+08:00,19.0,19.0,19.0,19.0,365416,0.0,0.0
2024-01-04 11:00:00+08:00,19.0,19.0,19.0,19.0,308782,0.0,0.0
2024-01-04 12:00:00+08:00,19.0,19.0,19.0,19.0,343261,0.0,0.0
2024-01-04 13:00:00+08:00,19.0,19.0,19.0,19.0,314619,0.0,0.0
2024-01-05 09:00:00+08:00,19.549999237060547,20.25,19.0,19.25,3774474,0.0,0.0
2024-01-05 10:00:00+08:00,19.25,19.350000381469727,19.0,19.200000762939453,6661106,0.0,0.0
2024-01-05 11:00:00+08:00,19.149999618530273,19.200000762939453,18.299999237060547,18.399999618530273,9753523,0.0,0.0
2024-01-05 12:00:00+08:00,18.399999618530273,18.5,18.049999237060547,18.25,7643778,0.0,0.0
2024-01-05 13:00:00+08:00,18.299999237060547,18.75,18.25,18.700000762939453,7320689,0.0,0.0
2024-01-08 09:00:00+08:00,19.399999618530273,19.649999618530273,18.350000381469727,19.200000762939453,0,0.0,0.0
2024-01-08 10:00:00+08:00,19.200000762939453,19.350000381469727,18.600000381469727,18.799999237060547,3618168,0.0,0.0
2024-01-08 11:00:00+08:00,18.799999237060547,19.049999237060547,18.700000762939453,18.799999237060547,1367477,0.0,0.0
2024-01-08 12:00:00+08:00,18.799999237060547,18.899999618530273,18.75,18.850000381469727,1429961,0.0,0.0
2024-01-08 13:00:00+08:00,18.850000381469727,18.850000381469727,18.450000762939453,18.450000762939453,2559630,0.0,0.0
2024-01-09 09:00:00+08:00,18.149999618530273,18.299999237060547,17.350000381469727,17.399999618530273,0,0.0,0.0
2024-01-09 10:00:00+08:00,17.399999618530273,17.799999237060547,17.299999237060547,17.600000381469727,2476102,0.0,0.0
2024-01-09 11:00:00+08:00,17.600000381469727,18.75,17.600000381469727,18.399999618530273,4300792,0.0,0.0
2024-01-09 12:00:00+08:00,18.399999618530273,19.450000762939453,18.399999618530273,19.200000762939453,12610109,0.0,0.0
2024-01-09 13:00:00+08:00,19.200000762939453,19.25,18.899999618530273,19.0,2107381,0.0,0.0
2024-01-10 09:00:00+08:00,19.100000381469727,19.299999237060547,18.399999618530273,18.700000762939453,0,0.0,0.0
2024-01-10 10:00:00+08:00,18.700000762939453,20.0,18.5,19.899999618530273,15696954,0.0,0.0
2024-01-10 11:00:00+08:00,19.899999618530273,20.649999618530273,19.75,20.649999618530273,24090489,0.0,0.0
2024-01-10 12:00:00+08:00,20.649999618530273,20.649999618530273,20.649999618530273,20.649999618530273,1137946,0.0,0.0
2024-01-10 13:00:00+08:00,20.649999618530273,20.649999618530273,20.649999618530273,20.649999618530273,416402,0.0,0.0
2024-01-11 09:00:00+08:00,21.350000381469727,22.700000762939453,21.25,22.700000762939453,0,0.0,0.0
2024-01-11 10:00:00+08:00,22.700000762939453,22.700000762939453,22.700000762939453,22.700000762939453,332937,0.0,0.0
2024-01-11 11:00:00+08:00,22.700000762939453,22.700000762939453,22.700000762939453,22.700000762939453,184024,0.0,0.0
2024-01-11 12:00:00+08:00,22.700000762939453,22.700000762939453,22.700000762939453,22.700000762939453,241622,0.0,0.0
2024-01-11 13:00:00+08:00,22.700000762939453,22.700000762939453,22.700000762939453,22.700000762939453,143470,0.0,0.0
2024-01-12 09:00:00+08:00,23.5,24.100000381469727,22.200000762939453,22.549999237060547,47263271,0.0,0.0
2024-01-12 10:00:00+08:00,22.549999237060547,22.600000381469727,21.799999237060547,22.149999618530273,12462558,0.0,0.0
2024-01-12 11:00:00+08:00,22.149999618530273,22.399999618530273,21.5,21.549999237060547,5204671,0.0,0.0
2024-01-12 12:00:00+08:00,21.549999237060547,22.149999618530273,21.299999237060547,21.899999618530273,8016459,0.0,0.0
2024-01-12 13:00:00+08:00,21.950000762939453,22.5,21.950000762939453,22.100000381469727,8564419,0.0,0.0
2024-01-15 09:00:00+08:00,23.0,23.850000381469727,22.0,23.0,0,0.0,0.0
2024-01-15 10:00:00+08:00,22.950000762939453,24.649999618530273,22.850000381469727,24.299999237060547,24714517,0.0,0.0
2024-01-15 11:00:00+08:00,24.299999237060547,24.649999618530273,24.200000762939453,24.649999618530273,9796819,0.0,0.0
2024-01-15 12:00:00+08:00,24.649999618530273,24.649999618530273,24.649999618530273,24.649999618530273,566697,0.0,0.0
2024-01-15 13:00:00+08:00,24.649999618530273,24.649999618530273,24.649999618530273,24.649999618530273,195700,0.0,0.0
2024-01-16 09:00:00+08:00,25.0,25.600000381469727,23.799999237060547,25.0,0,0.0,0.0
2024-01-16 10:00:00+08:00,25.0,25.0,24.350000381469727,24.5,6725632,0.0,0.0
2024-01-16 11:00:00+08:00,24.549999237060547,24.700000762939453,23.899999618530273,24.100000381469727,5603563,0.0,0.0
2024-01-16 12:00:00+08:00,24.049999237060547,24.200000762939453,22.649999618530273,23.0,19566157,0.0,0.0
2024-01-16 13:00:00+08:00,23.0,23.950000762939453,22.799999237060547,23.799999237060547,7568051,0.0,0.0
2024-01-17 09:00:00+08:00,23.5,25.649999618530273,23.299999237060547,24.600000381469727,0,0.0,0.0
2024-01-17 10:00:00+08:00,24.649999618530273,25.399999618530273,24.5,24.950000762939453,9966174,0.0,0.0
2024-01-17 11:00:00+08:00,25.0,25.299999237060547,24.049999237060547,24.299999237060547,8389178,0.0,0.0
2024-01-17 12:00:00+08:00,24.299999237060547,24.75,24.200000762939453,24.299999237060547,4627011,0.0,0.0
2024-01-17 13:00:00+08:00,24.299999237060547,24.700000762939453,24.100000381469727,24.149999618530273,6047393,0.0,0.0
2024-01-18 09:00:00+08:00,24.149999618530273,24.899999618530273,23.399999618530273,24.200000762939453,0,0.0,0.0
2024-01-18 10:00:00+08:00,24.200000762939453,24.25,23.700000762939453,23.899999618530273,2880449,0.0,0.0
2024-01-18 11:00:00+08:00,23.850000381469727,24.899999618530273,23.850000381469727,24.299999237060547,9293704,0.0,0.0
2024-01-18 12:00:00+08:00,24.299999237060547,24.5,23.950000762939453,24.100000381469727,3422023,0.0,0.0
2024-01-18 13:00:00+08:00,24.100000381469727,24.450000762939453,24.049999237060547,24.25,4707677,0.0,0.0
2024-01-19 09:00:00+08:00,24.600000381469727,24.799999237060547,24.0,24.200000762939453,0,0.0,0.0
2024-01-19 10:00:00+08:00,24.200000762939453,24.299999237060547,24.049999237060547,24.049999237060547,2222046,0.0,0.0
2024-01-19 11:00:00+08:00,24.049999237060547,24.100000381469727,23.649999618530273,23.75,3757639,0.0,0.0
2024-01-19 12:00:00+08:00,23.75,23.799999237060547,23.549999237060547,23.600000381469727,2984102,0.0,0.0
2024-01-19 13:00:00+08:00,23.649999618530273,23.75,23.399999618530273,23.5,5418078,0.0,0.0
2024-01-22 09:00:00+08:00,23.850000381469727,24.450000762939453,23.549999237060547,24.200000762939453,0,0.0,0.0
2024-01-22 10:00:00+08:00,24.149999618530273,24.200000762939453,23.799999237060547,23.850000381469727,1387034,0.0,0.0
2024-01-22 11:00:00+08:00,23.799999237060547,23.850000381469727,23.600000381469727,23.649999618530273,1650601,0.0,0.0
2024-01-22 12:00:00+08:00,23.700000762939453,23.75,23.0,23.200000762939453,4195758,0.0,0.0
2024-01-22 13:00:00+08:00,23.200000762939453,23.299999237060547,23.049999237060547,23.25,2304096,0.0,0.0
2024-01-23 09:00:00+08:00,23.5,24.549999237060547,23.450000762939453,23.799999237060547,0,0.0,0.0
2024-01-23 10:00:00+08:00,23.799999237060547,23.899999618530273,23.549999237060547,23.700000762939453,1469883,0.0,0.0
2024-01-23 11:00:00+08:00,23.700000762939453,23.700000762939453,23.5,23.649999618530273,1095334,0.0,0.0
2024-01-23 12:00:00+08:00,23.649999618530273,23.899999618530273,23.450000762939453,23.549999237060547,3346767,0.0,0.0
2024-01-23 13:00:00+08:00,23.600000381469727,23.700000762939453,23.549999237060547,23.600000381469727,2446215,0.0,0.0
2024-01-24 09:00:00+08:00,23.600000381469727,25.850000381469727,23.299999237060547,25.850000381469727,35248030,0.0,0.0
2024-01-24 10:00:00+08:00,25.850000381469727,25.850000381469727,25.850000381469727,25.850000381469727,1231482,0.0,0.0
2024-01-24 11:00:00+08:00,25.850000381469727,25.850000381469727,25.850000381469727,25.850000381469727,457787,0.0,0.0
2024-01-24 12:00:00+08:00,25.850000381469727,25.850000381469727,25.850000381469727,25.850000381469727,324474,0.0,0.0
2024-01-24 13:00:00+08:00,25.850000381469727,25.850000381469727,25.850000381469727,25.850000381469727,742609,0.0,0.0
2024-01-25 09:00:00+08:00,27.0,28.25,26.649999618530273,27.600000381469727,34165026,0.0,0.0
2024-01-25 10:00:00+08:00,27.600000381469727,27.600000381469727,26.399999618530273,27.350000381469727,24878625,0.0,0.0
2024-01-25 11:00:00+08:00,27.350000381469727,27.350000381469727,26.600000381469727,26.799999237060547,7895101,0.0,0.0
2024-01-25 12:00:00+08:00,26.799999237060547,26.799999237060547,26.149999618530273,26.25,11529082,0.0,0.0
2024-01-25 13:00:00+08:00,26.25,26.5,25.600000381469727,25.600000381469727,11529379,0.0,0.0
2024-01-26 09:00:00+08:00,25.5,26.0,24.899999618530273,25.200000762939453,0,0.0,0.0
2024-01-26 10:00:00+08:00,25.200000762939453,25.25,24.700000762939453,24.899999618530273,5064175,0.0,0.0
2024-01-26 11:00:00+08:00,24.850000381469727,24.899999618530273,24.299999237060547,24.350000381469727,4453087,0.0,0.0
2024-01-26 12:00:00+08:00,24.350000381469727,24.649999618530273,24.100000381469727,24.350000381469727,4074306,0.0,0.0
2024-01-26 13:00:00+08:00,24.350000381469727,24.899999618530273,24.25,24.5,4468524,0.0,0.0
2024-01-29 09:00:00+08:00,24.450000762939453,26.149999618530273,24.25,25.700000762939453,0,0.0,0.0
2024-01-29 10:00:00+08:00,25.700000762939453,26.0,25.399999618530273,25.799999237060547,4819467,0.0,0.0
2024-01-29 11:00:00+08:00,25.799999237060547,25.799999237060547,25.399999618530273,25.549999237060547,1666077,0.0,0.0
2024-01-29 12:00:00+08:00,25.549999237060547,25.549999237060547,25.149999618530273,25.200000762939453,3357667,0.0,0.0
2024-01-29 13:00:00+08:00,25.25,25.549999237060547,25.200000762939453,25.450000762939453,3989838,0.0,0.0
2024-01-30 09:00:00+08:00,25.25,26.200000762939453,25.25,25.799999237060547,0,0.0,0.0
2024-01-30 10:00:00+08:00,25.799999237060547,25.950000762939453,25.600000381469727,25.700000762939453,3113228,0.0,0.0
2024-01-30 11:00:00+08:00,25.75,25.850000381469727,25.600000381469727,25.649999618530273,1178883,0.0,0.0
2024-01-30 12:00:00+08:00,25.600000381469727,25.850000381469727,25.350000381469727,25.5,3342669,0.0,0.0
2024-01-30 13:00:00+08:00,25.549999237060547,25.799999237060547,25.399999618530273,25.600000381469727,3372777,0.0,0.0
2024-01-31 09:00:00+08:00,25.450000762939453,26.399999618530273,25.399999618530273,25.75,13872050,0.0,0.0
2024-01-31 10:00:00+08:00,25.75,25.75,25.450000762939453,25.549999237060547,3476894,0.0,0.0
2024-01-31 11:00:00+08:00,25.600000381469727,25.799999237060547,25.5,25.5,1683698,0.0,0.0
2024-01-31 12:00:00+08:00,25.5,25.549999237060547,24.899999618530273,25.149999618530273,5073068,0.0,0.0
2024-01-31 13:00:00+08:00,25.149999618530273,25.549999237060547,25.149999618530273,25.25,4368975,0.0,0.0
2024-02-01 09:00:00+08:00,25.450000762939453,25.799999237060547,24.700000762939453,24.75,0,0.0,0.0
2024-02-01 10:00:00+08:00,24.700000762939453,25.100000381469727,24.600000381469727,24.75,2586267,0.0,0.0
2024-02-01 11:00:00+08:00,24.75,24.75,24.5,24.600000381469727,1783945,0.0,0.0
2024-02-01 12:00:00+08:00,24.600000381469727,24.600000381469727,24.25,24.350000381469727,2958682,0.0,0.0
2024-02-01 13:00:00+08:00,24.350000381469727,24.600000381469727,24.200000762939453,24.399999618530273,3241928,0.0,0.0
2024-02-02 09:00:00+08:00,24.649999618530273,24.950000762939453,23.799999237060547,23.899999618530273,7183366,0.0,0.0
2024-02-02 10:00:00+08:00,24.0,24.100000381469727,23.799999237060547,23.899999618530273,1630249,0.0,0.0
2024-02-02 11:00:00+08:00,23.899999618530273,23.950000762939453,23.75,23.850000381469727,1453102,0.0,0.0
2024-02-02 12:00:00+08:00,23.850000381469727,23.950000762939453,23.649999618530273,23.75,1919845,0.0,0.0
2024-02-02 13:00:00+08:00,23.799999237060547,23.799999237060547,23.5,23.549999237060547,2596777,0.0,0.0
2024-02-05 09:00:00+08:00,24.0,24.0,22.75,23.0,0,0.0,0.0
2024-02-05 10:00:00+08:00,23.049999237060547,23.299999237060547,23.0,23.0,1236230,0.0,0.0
2024-02-05 11:00:00+08:00,23.0,23.049999237060547,22.850000381469727,22.850000381469727,971928,0.0,0.0
2024-02-05 12:00:00+08:00,22.850000381469727,23.049999237060547,22.600000381469727,23.049999237060547,3633240,0.0,0.0
2024-02-05 13:00:00+08:00,23.049999237060547,23.049999237060547,22.700000762939453,22.700000762939453,1323140,0.0,0.0
2024-02-15 09:00:00+08:00,24.549999237060547,24.549999237060547,23.299999237060547,23.549999237060547,0,0.0,0.0
2024-02-15 10:00:00+08:00,23.549999237060547,24.399999618530273,23.5,24.0,3727386,0.0,0.0
2024-02-15 11:00:00+08:00,23.950000762939453,24.100000381469727,23.75,23.799999237060547,1130583,0.0,0.0
2024-02-15 12:00:00+08:00,23.799999237060547,24.0,23.700000762939453,23.950000762939453,1132854,0.0,0.0
2024-02-15 13:00:00+08:00,23.950000762939453,24.049999237060547,23.799999237060547,23.899999618530273,1378621,0.0,0.0
2024-02-16 09:00:00+08:00,24.0,25.549999237060547,23.950000762939453,25.25,12572419,0.0,0.0
2024-02-16 10:00:00+08:00,25.200000762939453,26.149999618530273,25.049999237060547,26.149999618530273,12191645,0.0,0.0
2024-02-16 11:00:00+08:00,26.149999618530273,26.149999618530273,26.149999618530273,26.149999618530273,983549,0.0,0.0
2024-02-16 12:00:00+08:00,26.149999618530273,26.149999618530273,26.149999618530273,26.149999618530273,393528,0.0,0.0
2024-02-16 13:00:00+08:00,26.149999618530273,26.149999618530273,26.149999618530273,26.149999618530273,166054,0.0,0.0
2024-02-19 09:00:00+08:00,27.399999618530273,27.899999618530273,26.049999237060547,26.950000762939453,6026628,0.0,0.0
2024-02-19 10:00:00+08:00,26.950000762939453,26.950000762939453,26.350000381469727,26.399999618530273,4636576,0.0,0.0
2024-02-19 11:00:00+08:00,26.399999618530273,26.649999618530273,26.350000381469727,26.450000762939453,2828735,0.0,0.0
2024-02-19 12:00:00+08:00,26.450000762939453,26.600000381469727,25.850000381469727,26.25,5739682,0.0,0.0
2024-02-19 13:00:00+08:00,26.25,26.450000762939453,26.100000381469727,26.200000762939453,3776134,0.0,0.0
2024-02-20 09:00:00+08:00,26.049999237060547,26.299999237060547,25.600000381469727,25.700000762939453,0,0.0,0.0
2024-02-20 10:00:00+08:00,25.700000762939453,25.75,25.0,25.149999618530273,3468187,0.0,0.0
2024-02-20 11:00:00+08:00,25.149999618530273,25.399999618530273,25.049999237060547,25.100000381469727,1080505,0.0,0.0
2024-02-20 12:00:00+08:00,25.100000381469727,25.100000381469727,24.899999618530273,25.0,1955770,0.0,0.0
2024-02-20 13:00:00+08:00,25.0,25.299999237060547,24.950000762939453,25.200000762939453,1660018,0.0,0.0
2024-02-21 09:00:00+08:00,25.100000381469727,25.600000381469727,24.75,25.100000381469727,0,0.0,0.0
2024-02-21 10:00:00+08:00,25.100000381469727,25.799999237060547,25.100000381469727,25.399999618530273,3445218,0.0,0.0
2024-02-21 11:00:00+08:00,25.399999618530273,25.450000762939453,25.149999618530273,25.200000762939453,1061928,0.0,0.0
2024-02-21 12:00:00+08:00,25.149999618530273,25.200000762939453,25.049999237060547,25.049999237060547,1377340,0.0,0.0
2024-02-21 13:00:00+08:00,25.049999237060547,25.149999618530273,25.049999237060547,25.100000381469727,998066,0.0,0.0
2024-02-22 09:00:00+08:00,25.100000381469727,25.600000381469727,24.799999237060547,24.950000762939453,0,0.0,0.0
2024-02-22 10:00:00+08:00,24.950000762939453,25.049999237060547,24.700000762939453,24.899999618530273,829726,0.0,0.0
2024-02-22 11:00:00+08:00,24.899999618530273,25.25,24.799999237060547,24.850000381469727,1041917,0.0,0.0
2024-02-22 12:00:00+08:00,24.850000381469727,25.0,24.799999237060547,24.899999618530273,725785,0.0,0.0
2024-02-22 13:00:00+08:00,24.950000762939453,25.149999618530273,24.850000381469727,25.0,1158937,0.0,0.0
2024-02-23 09:00:00+08:00,25.100000381469727,26.649999618530273,25.0,26.350000381469727,14737940,0.0,0.0
2024-02-23 10:00:00+08:00,26.350000381469727,26.649999618530273,25.850000381469727,25.899999618530273,5538229,0.0,0.0
2024-02-23 11:00:00+08:00,25.899999618530273,26.049999237060547,25.549999237060547,25.600000381469727,2170646,0.0,0.0
2024-02-23 12:00:00+08:00,25.649999618530273,25.75,25.0,25.200000762939453,3184993,0.0,0.0
2024-02-23 13:00:00+08:00,25.200000762939453,25.299999237060547,25.049999237060547,25.149999618530273,1836117,0.0,0.0
2024-02-26 09:00:00+08:00,25.25,27.5,25.200000762939453,27.5,0,0.0,0.0
2024-02-26 10:00:00+08:00,27.5,27.5,27.5,27.5,794260,0.0,0.0
2024-02-26 11:00:00+08:00,27.5,27.5,27.5,27.5,429644,0.0,0.0
2024-02-26 12:00:00+08:00,27.5,27.5,27.5,27.5,492600,0.0,0.0
2024-02-26 13:00:00+08:00,27.5,27.5,27.5,27.5,209100,0.0,0.0
2024-02-27 09:00:00+08:00,28.850000381469727,29.5,26.399999618530273,26.399999618530273,8599429,0.0,0.0
2024-02-27 10:00:00+08:00,26.450000762939453,26.450000762939453,25.25,25.799999237060547,15437724,0.0,0.0
2024-02-27 11:00:00+08:00,25.799999237060547,25.799999237060547,25.5,25.549999237060547,1458276,0.0,0.0
2024-02-27 12:00:00+08:00,25.549999237060547,25.899999618530273,24.799999237060547,25.049999237060547,8394313,0.0,0.0
2024-02-27 13:00:00+08:00,25.049999237060547,25.399999618530273,25.049999237060547,25.100000381469727,2294368,0.0,0.0
2024-02-29 09:00:00+08:00,25.200000762939453,26.200000762939453,25.149999618530273,25.549999237060547,0,0.0,0.0
2024-02-29 10:00:00+08:00,25.549999237060547,25.600000381469727,25.399999618530273,25.450000762939453,1039943,0.0,0.0
2024-02-29 11:00:00+08:00,25.5,25.75,25.350000381469727,25.549999237060547,1266236,0.0,0.0
2024-02-29 12:00:00+08:00,25.5,25.649999618530273,25.399999618530273,25.600000381469727,1331036,0.0,0.0
2024-02-29 13:00:00+08:00,25.549999237060547,25.799999237060547,25.549999237060547,25.700000762939453,2099361,0.0,0.0
2024-03-01 09:00:00+08:00,26.149999618530273,26.899999618530273,25.549999237060547,25.700000762939453,0,0.0,0.0
2024-03-01 10:00:00+08:00,25.700000762939453,25.75,25.399999618530273,25.549999237060547,1977071,0.0,0.0
2024-03-01 11:00:00+08:00,25.549999237060547,25.600000381469727,25.350000381469727,25.450000762939453,957883,0.0,0.0
2024-03-01 12:00:00+08:00,25.450000762939453,25.649999618530273,25.399999618530273,25.5,820671,0.0,0.0
2024-03-01 13:00:00+08:00,25.5,25.700000762939453,25.450000762939453,25.600000381469727,1663497,0.0,0.0
2024-03-04 09:00:00+08:00,25.899999618530273,25.950000762939453,25.350000381469727,25.450000762939453,0,0.0,0.0
2024-03-04 10:00:00+08:00,25.450000762939453,25.899999618530273,25.25,25.75,1871905,0.0,0.0
2024-03-04 11:00:00+08:00,25.75,25.899999618530273,25.649999618530273,25.75,792397,0.0,0.0
2024-03-04 12:00:00+08:00,25.75,25.850000381469727,25.549999237060547,25.75,1191177,0.0,0.0
2024-03-04 13:00:00+08:00,25.75,25.850000381469727,25.649999618530273,25.700000762939453,1238825,0.0,0.0
2024-03-05 09:00:00+08:00,26.200000762939453,26.299999237060547,24.950000762939453,25.0,0,0.0,0.0
2024-03-05 10:00:00+08:00,25.049999237060547,25.450000762939453,25.0,25.25,1207880,0.0,0.0
2024-03-05 11:00:00+08:00,25.25,25.299999237060547,25.049999237060547,25.200000762939453,751404,0.0,0.0
2024-03-05 12:00:00+08:00,25.200000762939453,25.25,25.049999237060547,25.100000381469727,1000322,0.0,0.0
2024-03-05 13:00:00+08:00,25.149999618530273,25.25,25.0,25.0,1285090,0.0,0.0
2024-03-06 09:00:00+08:00,25.100000381469727,25.700000762939453,24.5,25.299999237060547,0,0.0,0.0
2024-03-06 10:00:00+08:00,25.200000762939453,25.25,25.049999237060547,25.100000381469727,498519,0.0,0.0
2024-03-06 11:00:00+08:00,25.100000381469727,25.100000381469727,25.0,25.049999237060547,490280,0.0,0.0
2024-03-06 12:00:00+08:00,25.049999237060547,25.200000762939453,25.0,25.049999237060547,791818,0.0,0.0
2024-03-06 13:00:00+08:00,25.049999237060547,25.049999237060547,24.850000381469727,24.899999618530273,1080624,0.0,0.0
2024-03-07 09:00:00+08:00,24.700000762939453,25.200000762939453,23.950000762939453,24.0,0,0.0,0.0
2024-03-07 10:00:00+08:00,23.950000762939453,24.149999618530273,23.75,23.950000762939453,1867558,0.0,0.0
2024-03-07 11:00:00+08:00,24.0,24.100000381469727,23.649999618530273,23.700000762939453,1164482,0.0,0.0
2024-03-07 12:00:00+08:00,23.700000762939453,23.75,23.600000381469727,23.75,1079284,0.0,0.0
2024-03-07 13:00:00+08:00,23.700000762939453,23.75,23.5,23.549999237060547,1488913,0.0,0.0
2024-03-08 09:00:00+08:00,24.200000762939453,25.450000762939453,24.200000762939453,24.799999237060547,9263405,0.0,0.0
2024-03-08 10:00:00+08:00,24.799999237060547,24.899999618530273,24.25,24.299999237060547,1568556,0.0,0.0
2024-03-08 11:00:00+08:00,24.25,24.399999618530273,23.899999618530273,24.149999618530273,2635869,0.0,0.0
2024-03-08 12:00:00+08:00,24.200000762939453,24.399999618530273,24.049999237060547,24.25,1616846,0.0,0.0
2024-03-08 13:00:00+08:00,24.200000762939453,24.700000762939453,24.149999618530273,24.649999618530273,2382228,0.0,0.0
2024-03-11 09:00:00+08:00,25.0,25.450000762939453,24.600000381469727,24.850000381469727,0,0.0,0.0
2024-03-11 10:00:00+08:00,24.799999237060547,25.899999618530273,24.799999237060547,25.600000381469727,6381385,0.0,0.0
2024-03-11 11:00:00+08:00,25.600000381469727,25.75,25.350000381469727,25.5,1447105,0.0,0.0
2024-03-11 12:00:00+08:00,25.450000762939453,25.450000762939453,25.149999618530273,25.25,1308831,0.0,0.0
2024-03-11 13:00:00+08:00,25.25,25.299999237060547,25.100000381469727,25.200000762939453,1193551,0.0,0.0
2024-03-12 09:00:00+08:00,26.850000381469727,28.299999237060547,26.149999618530273,26.700000762939453,22036786,0.0,0.0
2024-03-12 10:00:00+08:00,26.700000762939453,27.200000762939453,26.600000381469727,27.049999237060547,5831719,0.0,0.0
2024-03-12 11:00:00+08:00,27.049999237060547,27.049999237060547,26.450000762939453,26.75,2812258,0.0,0.0
2024-03-12 12:00:00+08:00,26.75,26.75,26.5,26.600000381469727,1802499,0.0,0.0
2024-03-12 13:00:00+08:00,26.649999618530273,26.649999618530273,26.399999618530273,26.5,3020009,0.0,0.0
2024-03-13 09:00:00+08:00,26.149999618530273,27.200000762939453,25.649999618530273,25.799999237060547,0,0.0,0.0
2024-03-13 10:00:00+08:00,25.799999237060547,26.0,25.549999237060547,25.549999237060547,1778855,0.0,0.0
2024-03-13 11:00:00+08:00,25.549999237060547,25.649999618530273,25.450000762939453,25.549999237060547,1124371,0.0,0.0
2024-03-13 12:00:00+08:00,25.549999237060547,25.600000381469727,25.299999237060547,25.600000381469727,1641326,0.0,0.0
2024-03-13 13:00:00+08:00,25.600000381469727,25.75,25.399999618530273,25.600000381469727,1555442,0.0,0.0
2024-03-14 09:00:00+08:00,25.649999618530273,25.75,24.649999618530273,25.149999618530273,0,0.0,0.0
2024-03-14 10:00:00+08:00,25.149999618530273,26.5,25.149999618530273,26.0,3706177,0.0,0.0
2024-03-14 11:00:00+08:00,26.0,26.25,25.799999237060547,25.899999618530273,1491178,0.0,0.0
2024-03-14 12:00:00+08:00,25.850000381469727,25.899999618530273,25.5,25.700000762939453,940809,0.0,0.0
2024-03-14 13:00:00+08:00,25.75,25.850000381469727,25.600000381469727,25.649999618530273,712605,0.0,0.0
2024-03-15 09:00:00+08:00,25.5,26.299999237060547,25.450000762939453,25.850000381469727,0,0.0,0.0
2024-03-15 10:00:00+08:00,25.899999618530273,25.950000762939453,25.299999237060547,25.450000762939453,1742927,0.0,0.0
2024-03-15 11:00:00+08:00,25.450000762939453,25.899999618530273,25.450000762939453,25.899999618530273,852136,0.0,0.0
2024-03-15 12:00:00+08:00,25.899999618530273,26.450000762939453,25.899999618530273,25.950000762939453,3296413,0.0,0.0
2024-03-15 13:00:00+08:00,25.950000762939453,26.200000762939453,25.899999618530273,26.149999618530273,1242943,0.0,0.0
2024-03-18 09:00:00+08:00,26.299999237060547,26.75,26.0,26.299999237060547,0,0.0,0.0
2024-03-18 10:00:00+08:00,26.25,26.25,25.950000762939453,26.0,1702146,0.0,0.0
2024-03-18 11:00:00+08:00,26.0,26.149999618530273,25.950000762939453,26.100000381469727,772314,0.0,0.0
2024-03-18 12:00:00+08:00,26.100000381469727,26.100000381469727,25.600000381469727,25.799999237060547,2026303,0.0,0.0
2024-03-18 13:00:00+08:00,25.75,25.950000762939453,25.700000762939453,25.700000762939453,1617700,0.0,0.0
2024-03-19 09:00:00+08:00,25.75,25.899999618530273,25.399999618530273,25.5,0,0.0,0.0
2024-03-19 10:00:00+08:00,25.5,25.700000762939453,25.450000762939453,25.549999237060547,508915,0.0,0.0
2024-03-19 11:00:00+08:00,25.549999237060547,25.600000381469727,25.200000762939453,25.25,1322640,0.0,0.0
2024-03-19 12:00:00+08:00,25.25,25.399999618530273,25.200000762939453,25.25,724075,0.0,0.0
2024-03-19 13:00:00+08:00,25.25,25.350000381469727,25.200000762939453,25.25,802684,0.0,0.0
2024-03-20 09:00:00+08:00,25.200000762939453,25.549999237060547,25.0,25.0,2192903,0.0,0.0
2024-03-20 10:00:00+08:00,25.0,25.600000381469727,24.950000762939453,25.100000381469727,979177,0.0,0.0
2024-03-20 11:00:00+08:00,25.100000381469727,25.200000762939453,25.049999237060547,25.200000762939453,325429,0.0,0.0
2024-03-20 12:00:00+08:00,25.200000762939453,25.200000762939453,24.899999618530273,25.0,856047,0.0,0.0
2024-03-20 13:00:00+08:00,24.950000762939453,25.0,24.799999237060547,24.850000381469727,871852,0.0,0.0
2024-03-21 09:00:00+08:00,24.850000381469727,26.700000762939453,24.700000762939453,26.299999237060547,3947679,0.0,0.0
2024-03-21 10:00:00+08:00,26.350000381469727,26.799999237060547,26.100000381469727,26.649999618530273,6835499,0.0,0.0
2024-03-21 11:00:00+08:00,26.649999618530273,26.700000762939453,26.299999237060547,26.299999237060547,1140970,0.0,0.0
2024-03-21 12:00:00+08:00,26.299999237060547,26.350000381469727,26.0,26.0,1639186,0.0,0.0
2024-03-21 13:00:00+08:00,26.0,26.049999237060547,25.75,25.899999618530273,1332461,0.0,0.0
2024-03-22 09:00:00+08:00,26.200000762939453,26.350000381469727,25.350000381469727,25.600000381469727,0,0.0,0.0
2024-03-22 10:00:00+08:00,25.549999237060547,26.0,25.549999237060547,25.600000381469727,894694,0.0,0.0
2024-03-22 11:00:00+08:00,25.600000381469727,25.600000381469727,25.399999618530273,25.549999237060547,760175,0.0,0.0
2024-03-22 12:00:00+08:00,25.5,25.5,25.299999237060547,25.399999618530273,1237028,0.0,0.0
2024-03-22 13:00:00+08:00,25.350000381469727,25.450000762939453,25.350000381469727,25.350000381469727,856534,0.0,0.0
2024-03-25 09:00:00+08:00,25.5,26.299999237060547,25.299999237060547,26.0,0,0.0,0.0
2024-03-25 10:00:00+08:00,26.0,26.200000762939453,25.899999618530273,26.0,896485,0.0,0.0
2024-03-25 11:00:00+08:00,26.0,26.0,25.700000762939453,25.799999237060547,710989,0.0,0.0
2024-03-25 12:00:00+08:00,25.799999237060547,26.0,25.75,25.950000762939453,497140,0.0,0.0
2024-03-25 13:00:00+08:00,25.950000762939453,26.200000762939453,25.899999618530273,26.0,1246105,0.0,0.0
2024-03-26 09:00:00+08:00,26.0,26.649999618530273,25.850000381469727,25.950000762939453,0,0.0,0.0
2024-03-26 10:00:00+08:00,25.950000762939453,26.149999618530273,25.700000762939453,25.799999237060547,994105,0.0,0.0
2024-03-26 11:00:00+08:00,25.799999237060547,25.899999618530273,25.350000381469727,25.700000762939453,1398316,0.0,0.0
2024-03-26 12:00:00+08:00,25.700000762939453,25.950000762939453,25.649999618530273,25.950000762939453,967893,0.0,0.0
2024-03-26 13:00:00+08:00,25.950000762939453,26.200000762939453,25.950000762939453,26.049999237060547,1301185,0.0,0.0
2024-03-27 09:00:00+08:00,25.950000762939453,26.299999237060547,25.850000381469727,25.899999618530273,0,0.0,0.0
2024-03-27 10:00:00+08:00,25.899999618530273,25.899999618530273,25.75,25.799999237060547,680403,0.0,0.0
2024-03-27 11:00:00+08:00,25.799999237060547,26.0,25.799999237060547,25.799999237060547,370859,0.0,0.0
2024-03-27 12:00:00+08:00,25.799999237060547,25.899999618530273,25.549999237060547,25.649999618530273,965595,0.0,0.0
2024-03-27 13:00:00+08:00,25.649999618530273,25.75,25.600000381469727,25.700000762939453,791237,0.0,0.0
2024-03-28 09:00:00+08:00,25.600000381469727,25.850000381469727,25.399999618530273,25.649999618530273,0,0.0,0.0
2024-03-28 10:00:00+08:00,25.600000381469727,25.600000381469727,25.25,25.399999618530273,1406664,0.0,0.0
2024-03-28 11:00:00+08:00,25.399999618530273,25.5,25.299999237060547,25.299999237060547,354186,0.0,0.0
2024-03-28 12:00:00+08:00,25.299999237060547,25.350000381469727,25.25,25.350000381469727,539671,0.0,0.0
2024-03-28 13:00:00+08:00,25.350000381469727,25.399999618530273,25.25,25.25,420739,0.0,0.0
2024-03-29 09:00:00+08:00,25.5,26.649999618530273,25.5,26.100000381469727,7005037,0.0,0.0
2024-03-29 10:00:00+08:00,26.100000381469727,26.149999618530273,25.850000381469727,25.950000762939453,775298,0.0,0.0
2024-03-29 11:00:00+08:00,25.950000762939453,25.950000762939453,25.700000762939453,25.700000762939453,1114432,0.0,0.0
2024-03-29 12:00:00+08:00,25.700000762939453,25.950000762939453,25.649999618530273,25.799999237060547,652542,0.0,0.0
2024-03-29 13:00:00+08:00,25.850000381469727,25.850000381469727,25.700000762939453,25.700000762939453,852457,0.0,0.0
2024-04-01 09:00:00+08:00,26.200000762939453,27.899999618530273,25.700000762939453,27.299999237060547,6825342,0.0,0.0
2024-04-01 10:00:00+08:00,27.299999237060547,27.700000762939453,27.200000762939453,27.5,3258868,0.0,0.0
2024-04-01 11:00:00+08:00,27.5,27.549999237060547,26.700000762939453,27.0,2858966,0.0,0.0
2024-04-01 12:00:00+08:00,27.0,27.049999237060547,26.200000762939453,26.450000762939453,3202710,0.0,0.0
2024-04-01 13:00:00+08:00,26.450000762939453,26.5,26.0,26.100000381469727,2947006,0.0,0.0
2024-04-02 09:00:00+08:00,26.399999618530273,26.399999618530273,25.549999237060547,25.75,0,0.0,0.0
2024-04-02 10:00:00+08:00,25.75,25.799999237060547,25.700000762939453,25.75,511025,0.0,0.0
2024-04-02 11:00:00+08:00,25.75,26.100000381469727,25.75,25.899999618530273,592311,0.0,0.0
2024-04-02 12:00:00+08:00,25.899999618530273,26.5,25.850000381469727,26.299999237060547,2592684,0.0,0.0
2024-04-02 13:00:00+08:00,26.299999237060547,26.549999237060547,26.299999237060547,26.399999618530273,1435988,0.0,0.0
2024-04-03 09:00:00+08:00,26.299999237060547,26.899999618530273,26.049999237060547,26.649999618530273,0,0.0,0.0
2024-04-03 10:00:00+08:00,26.649999618530273,27.0,26.399999618530273,26.899999618530273,2016202,0.0,0.0
2024-04-03 11:00:00+08:00,26.899999618530273,27.100000381469727,26.799999237060547,27.049999237060547,2111535,0.0,0.0
2024-04-03 12:00:00+08:00,27.049999237060547,27.350000381469727,26.899999618530273,27.200000762939453,3518656,0.0,0.0
2024-04-03 13:00:00+08:00,27.200000762939453,27.25,27.100000381469727,27.200000762939453,1498999,0.0,0.0
2024-04-08 09:00:00+08:00,28.700000762939453,29.950000762939453,27.450000762939453,29.950000762939453,17550743,0.0,0.0
2024-04-08 10:00:00+08:00,29.950000762939453,29.950000762939453,29.950000762939453,29.950000762939453,407646,0.0,0.0
2024-04-08 11:00:00+08:00,29.950000762939453,29.950000762939453,29.950000762939453,29.950000762939453,332856,0.0,0.0
2024-04-08 12:00:00+08:00,29.950000762939453,29.950000762939453,29.950000762939453,29.950000762939453,158134,0.0,0.0
2024-04-08 13:00:00+08:00,29.950000762939453,29.950000762939453,29.950000762939453,29.950000762939453,193687,0.0,0.0
2024-04-09 09:00:00+08:00,31.799999237060547,32.900001525878906,31.799999237060547,32.900001525878906,0,0.0,0.0
2024-04-09 10:00:00+08:00,32.900001525878906,32.900001525878906,32.900001525878906,32.900001525878906,194605,0.0,0.0
2024-04-09 11:00:00+08:00,32.900001525878906,32.900001525878906,32.900001525878906,32.900001525878906,93825,0.0,0.0
2024-04-09 12:00:00+08:00,32.900001525878906,32.900001525878906,32.900001525878906,32.900001525878906,137558,0.0,0.0
2024-04-09 13:00:00+08:00,32.900001525878906,32.900001525878906,32.900001525878906,32.900001525878906,138808,0.0,0.0
2024-04-10 09:00:00+08:00,33.5,34.75,29.850000381469727,32.04999923706055,34141542,0.0,0.0
2024-04-10 10:00:00+08:00,32.04999923706055,33.75,31.450000762939453,32.95000076293945,12057145,0.0,0.0
2024-04-10 11:00:00+08:00,32.95000076293945,33.349998474121094,31.899999618530273,32.04999923706055,4398171,0.0,0.0
2024-04-10 12:00:00+08:00,32.04999923706055,32.04999923706055,30.399999618530273,31.350000381469727,9871340,0.0,0.0
2024-04-10 13:00:00+08:00,31.399999618530273,31.700000762939453,30.950000762939453,31.149999618530273,3755565,0.0,0.0
2024-04-11 09:00:00+08:00,32.0,32.400001525878906,30.649999618530273,30.850000381469727,0,0.0,0.0
2024-04-11 10:00:00+08:00,30.850000381469727,31.399999618530273,30.350000381469727,30.600000381469727,5150745,0.0,0.0
2024-04-11 11:00:00+08:00,30.600000381469727,31.049999237060547,30.5,30.950000762939453,1857329,0.0,0.0
2024-04-11 12:00:00+08:00,30.950000762939453,32.0,30.899999618530273,31.049999237060547,6190235,0.0,0.0
2024-04-11 13:00:00+08:00,31.100000381469727,31.149999618530273,30.600000381469727,30.700000762939453,3355418,0.0,0.0
2024-04-12 09:00:00+08:00,30.799999237060547,31.700000762939453,30.149999618530273,31.100000381469727,14098648,0.0,0.0
2024-04-12 10:00:00+08:00,31.100000381469727,33.099998474121094,31.100000381469727,32.400001525878906,15169280,0.0,0.0
2024-04-12 11:00:00+08:00,32.400001525878906,33.20000076293945,31.600000381469727,31.649999618530273,8207212,0.0,0.0
2024-04-12 12:00:00+08:00,31.649999618530273,31.799999237060547,31.149999618530273,31.299999237060547,4248512,0.0,0.0
2024-04-12 13:00:00+08:00,31.299999237060547,31.299999237060547,30.799999237060547,30.850000381469727,3935747,0.0,0.0
2024-04-15 09:00:00+08:00,30.549999237060547,31.399999618530273,30.049999237060547,30.899999618530273,0,0.0,0.0
2024-04-15 10:00:00+08:00,30.899999618530273,31.149999618530273,30.450000762939453,30.75,2724841,0.0,0.0
2024-04-15 11:00:00+08:00,30.75,30.75,30.399999618530273,30.549999237060547,1332724,0.0,0.0
2024-04-15 12:00:00+08:00,30.549999237060547,30.649999618530273,30.350000381469727,30.450000762939453,1538768,0.0,0.0
2024-04-15 13:00:00+08:00,30.450000762939453,30.5,30.100000381469727,30.149999618530273,2689229,0.0,0.0
2024-04-16 09:00:00+08:00,28.399999618530273,29.600000381469727,27.899999618530273,28.0,0,0.0,0.0
2024-04-16 10:00:00+08:00,28.0,28.100000381469727,27.649999618530273,28.049999237060547,2016490,0.0,0.0
2024-04-16 11:00:00+08:00,28.0,28.100000381469727,27.649999618530273,27.649999618530273,1146910,0.0,0.0
2024-04-16 12:00:00+08:00,27.649999618530273,27.899999618530273,27.5,27.75,2355117,0.0,0.0
2024-04-16 13:00:00+08:00,27.899999618530273,28.200000762939453,27.799999237060547,28.0,1975139,0.0,0.0
2024-04-17 09:00:00+08:00,28.450000762939453,28.700000762939453,28.25,28.450000762939453,0,0.0,0.0
2024-04-17 10:00:00+08:00,28.5,28.5,28.049999237060547,28.399999618530273,1693345,0.0,0.0
2024-04-17 11:00:00+08:00,28.399999618530273,29.200000762939453,28.350000381469727,28.700000762939453,3365220,0.0,0.0
2024-04-17 12:00:00+08:00,28.700000762939453,29.200000762939453,28.549999237060547,28.799999237060547,2177834,0.0,0.0
2024-04-17 13:00:00+08:00,28.799999237060547,28.799999237060547,28.600000381469727,28.700000762939453,1296670,0.0,0.0
2024-04-18 09:00:00+08:00,28.5,29.299999237060547,28.25,28.649999618530273,4177803,0.0,0.0
2024-04-18 10:00:00+08:00,28.649999618530273,29.0,28.649999618530273,28.899999618530273,703185,0.0,0.0
2024-04-18 11:00:00+08:00,28.899999618530273,28.899999618530273,28.600000381469727,28.75,726235,0.0,0.0
2024-04-18 12:00:00+08:00,28.75,28.950000762939453,28.700000762939453,28.700000762939453,790628,0.0,0.0
2024-04-18 13:00:00+08:00,28.700000762939453,28.850000381469727,28.700000762939453,28.75,1038181,0.0,0.0
2024-04-19 09:00:00+08:00,28.5,28.850000381469727,27.549999237060547,27.75,0,0.0,0.0
2024-04-19 10:00:00+08:00,27.75,27.850000381469727,26.649999618530273,26.649999618530273,2648054,0.0,0.0
2024-04-19 11:00:00+08:00,26.649999618530273,27.5,26.549999237060547,27.450000762939453,1590311,0.0,0.0
2024-04-19 12:00:00+08:00,27.450000762939453,27.850000381469727,27.399999618530273,27.649999618530273,1031393,0.0,0.0
2024-04-19 13:00:00+08:00,27.649999618530273,27.700000762939453,27.549999237060547,27.600000381469727,792591,0.0,0.0
2024-04-22 09:00:00+08:00,28.0,28.149999618530273,27.299999237060547,27.299999237060547,0,0.0,0.0
2024-04-22 10:00:00+08:00,27.299999237060547,27.399999618530273,26.299999237060547,26.700000762939453,1700639,0.0,0.0
2024-04-22 11:00:00+08:00,26.700000762939453,26.700000762939453,26.200000762939453,26.25,632855,0.0,0.0
2024-04-22 12:00:00+08:00,26.200000762939453,26.549999237060547,26.200000762939453,26.25,761219,0.0,0.0
2024-04-22 13:00:00+08:00,26.200000762939453,26.25,26.0,26.049999237060547,1366422,0.0,0.0
2024-04-23 09:00:00+08:00,26.5,26.850000381469727,26.049999237060547,26.049999237060547,0,0.0,0.0
2024-04-23 10:00:00+08:00,26.100000381469727,26.100000381469727,25.700000762939453,25.899999618530273,693529,0.0,0.0
2024-04-23 11:00:00+08:00,25.850000381469727,26.299999237060547,25.799999237060547,26.149999618530273,404858,0.0,0.0
2024-04-23 12:00:00+08:00,26.149999618530273,26.200000762939453,26.0,26.100000381469727,322743,0.0,0.0
2024-04-23 13:00:00+08:00,26.100000381469727,26.200000762939453,26.049999237060547,26.100000381469727,387314,0.0,0.0
2024-04-24 09:00:00+08:00,26.450000762939453,26.899999618530273,26.399999618530273,26.850000381469727,0,0.0,0.0
2024-04-24 10:00:00+08:00,26.799999237060547,26.899999618530273,26.700000762939453,26.75,389231,0.0,0.0
2024-04-24 11:00:00+08:00,26.75,26.850000381469727,26.700000762939453,26.850000381469727,297011,0.0,0.0
2024-04-24 12:00:00+08:00,26.850000381469727,26.850000381469727,26.600000381469727,26.700000762939453,373108,0.0,0.0
2024-04-24 13:00:00+08:00,26.700000762939453,26.799999237060547,26.700000762939453,26.75,315803,0.0,0.0
2024-04-25 09:00:00+08:00,26.799999237060547,26.950000762939453,26.450000762939453,26.649999618530273,1098324,0.0,0.0
2024-04-25 10:00:00+08:00,26.649999618530273,27.399999618530273,26.600000381469727,26.899999618530273,643838,0.0,0.0
2024-04-25 11:00:00+08:00,26.899999618530273,27.0,26.75,26.899999618530273,198823,0.0,0.0
2024-04-25 12:00:00+08:00,26.899999618530273,27.0,26.799999237060547,26.850000381469727,243935,0.0,0.0
2024-04-25 13:00:00+08:00,26.799999237060547,26.799999237060547,26.649999618530273,26.700000762939453,279783,0.0,0.0
2024-04-26 09:00:00+08:00,26.950000762939453,27.25,26.600000381469727,26.799999237060547,0,0.0,0.0
2024-04-26 10:00:00+08:00,26.799999237060547,26.850000381469727,26.549999237060547,26.649999618530273,445542,0.0,0.0
2024-04-26 11:00:00+08:00,26.649999618530273,26.700000762939453,26.5,26.549999237060547,397199,0.0,0.0
2024-04-26 12:00:00+08:00,26.600000381469727,26.600000381469727,26.450000762939453,26.450000762939453,463322,0.0,0.0
2024-04-26 13:00:00+08:00,26.450000762939453,26.5,26.399999618530273,26.450000762939453,292459,0.0,0.0
2024-04-29 09:00:00+08:00,26.600000381469727,28.799999237060547,26.600000381469727,28.799999237060547,7668447,0.0,0.0
2024-04-29 10:00:00+08:00,28.799999237060547,28.799999237060547,28.799999237060547,28.799999237060547,538178,0.0,0.0
2024-04-29 11:00:00+08:00,28.799999237060547,28.799999237060547,28.799999237060547,28.799999237060547,223314,0.0,0.0
2024-04-29 12:00:00+08:00,28.799999237060547,28.799999237060547,28.799999237060547,28.799999237060547,158276,0.0,0.0
2024-04-29 13:00:00+08:00,28.799999237060547,28.799999237060547,28.799999237060547,28.799999237060547,63717,0.0,0.0
2024-04-30 09:00:00+08:00,30.450000762939453,31.600000381469727,28.75,30.450000762939453,16515553,0.0,0.0
2024-04-30 10:00:00+08:00,30.399999618530273,30.899999618530273,30.200000762939453,30.25,3640165,0.0,0.0
2024-04-30 11:00:00+08:00,30.25,30.25,29.450000762939453,29.549999237060547,4132635,0.0,0.0
2024-04-30 12:00:00+08:00,29.600000381469727,29.700000762939453,29.350000381469727,29.600000381469727,1989968,0.0,0.0
2024-04-30 13:00:00+08:00,29.600000381469727,29.649999618530273,29.200000762939453,29.399999618530273,2654387,0.0,0.0
2024-05-02 09:00:00+08:00,29.299999237060547,29.700000762939453,28.450000762939453,28.649999618530273,0,0.0,0.0
2024-05-02 10:00:00+08:00,28.649999618530273,28.899999618530273,28.5,28.600000381469727,959485,0.0,0.0
2024-05-02 11:00:00+08:00,28.549999237060547,30.5,28.5,30.100000381469727,6151739,0.0,0.0
2024-05-02 12:00:00+08:00,30.100000381469727,32.29999923706055,30.049999237060547,32.29999923706055,15446839,0.0,0.0
2024-05-02 13:00:00+08:00,32.29999923706055,32.29999923706055,32.29999923706055,32.29999923706055,1656558,0.0,0.0
2024-05-03 09:00:00+08:00,33.599998474121094,35.5,33.20000076293945,33.95000076293945,27939636,0.0,0.0
2024-05-03 10:00:00+08:00,33.95000076293945,34.79999923706055,33.45000076293945,34.0,12057294,0.0,0.0
2024-05-03 11:00:00+08:00,34.0,34.75,33.54999923706055,33.849998474121094,7928570,0.0,0.0
2024-05-03 12:00:00+08:00,33.900001525878906,34.5,33.79999923706055,34.04999923706055,5439600,0.0,0.0
2024-05-03 13:00:00+08:00,34.099998474121094,34.150001525878906,33.400001525878906,33.70000076293945,4916853,0.0,0.0
2024-05-06 09:00:00+08:00,34.29999923706055,36.5,32.900001525878906,35.150001525878906,0,0.0,0.0
2024-05-06 10:00:00+08:00,35.099998474121094,35.95000076293945,34.29999923706055,35.29999923706055,15201693,0.0,0.0
2024-05-06 11:00:00+08:00,35.349998474121094,35.849998474121094,35.0,35.599998474121094,5642524,0.0,0.0
2024-05-06 12:00:00+08:00,35.650001525878906,35.849998474121094,34.849998474121094,34.95000076293945,5892111,0.0,0.0
2024-05-06 13:00:00+08:00,34.95000076293945,36.5,34.95000076293945,36.400001525878906,7102118,0.0,0.0
2024-05-07 09:00:00+08:00,37.099998474121094,37.79999923706055,35.849998474121094,37.04999923706055,41357289,0.0,0.0
2024-05-07 10:00:00+08:00,37.0,37.04999923706055,36.099998474121094,36.400001525878906,8299371,0.0,0.0
2024-05-07 11:00:00+08:00,36.400001525878906,36.900001525878906,36.20000076293945,36.849998474121094,3763914,0.0,0.0
2024-05-07 12:00:00+08:00,36.849998474121094,36.849998474121094,36.20000076293945,36.45000076293945,3715188,0.0,0.0
2024-05-07 13:00:00+08:00,36.45000076293945,36.70000076293945,35.849998474121094,35.849998474121094,6373398,0.0,0.0
2024-05-08 09:00:00+08:00,35.900001525878906,38.25,35.849998474121094,36.400001525878906,0,0.0,0.0
2024-05-08 10:00:00+08:00,36.400001525878906,36.75,35.900001525878906,36.5,5319986,0.0,0.0
2024-05-08 11:00:00+08:00,36.5,36.849998474121094,36.25,36.650001525878906,2812602,0.0,0.0
2024-05-08 12:00:00+08:00,36.650001525878906,36.650001525878906,36.0,36.150001525878906,2012014,0.0,0.0
2024-05-08 13:00:00+08:00,36.150001525878906,36.349998474121094,35.95000076293945,36.099998474121094,3395666,0.0,0.0
2024-05-09 09:00:00+08:00,36.29999923706055,37.79999923706055,36.0,36.20000076293945,0,0.0,0.0
2024-05-09 10:00:00+08:00,36.150001525878906,36.25,35.45000076293945,35.45000076293945,4764683,0.0,0.0
2024-05-09 11:00:00+08:00,35.400001525878906,35.5,34.599998474121094,34.900001525878906,5776963,0.0,0.0
2024-05-09 12:00:00+08:00,34.900001525878906,35.20000076293945,34.70000076293945,35.04999923706055,2557308,0.0,0.0
2024-05-09 13:00:00+08:00,35.04999923706055,35.29999923706055,35.04999923706055,35.20000076293945,2548019,0.0,0.0
2024-05-10 09:00:00+08:00,35.54999923706055,35.95000076293945,34.25,34.29999923706055,0,0.0,0.0
2024-05-10 10:00:00+08:00,34.349998474121094,34.95000076293945,34.20000076293945,34.650001525878906,2426706,0.0,0.0
2024-05-10 11:00:00+08:00,34.70000076293945,34.95000076293945,34.599998474121094,34.599998474121094,846976,0.0,0.0
2024-05-10 12:00:00+08:00,34.599998474121094,35.099998474121094,34.599998474121094,34.849998474121094,1496739,0.0,0.0
2024-05-10 13:00:00+08:00,34.849998474121094,34.900001525878906,34.29999923706055,34.400001525878906,2008308,0.0,0.0
2024-05-13 09:00:00+08:00,34.150001525878906,34.400001525878906,33.150001525878906,33.400001525878906,0,0.0,0.0
2024-05-13 10:00:00+08:00,33.400001525878906,33.79999923706055,33.29999923706055,33.54999923706055,817051,0.0,0.0
2024-05-13 11:00:00+08:00,33.54999923706055,33.79999923706055,33.45000076293945,33.599998474121094,650861,0.0,0.0
2024-05-13 12:00:00+08:00,33.54999923706055,33.900001525878906,33.5,33.599998474121094,924843,0.0,0.0
2024-05-13 13:00:00+08:00,33.599998474121094,33.75,33.45000076293945,33.54999923706055,988678,0.0,0.0
2024-05-14 09:00:00+08:00,33.400001525878906,34.150001525878906,33.0,33.900001525878906,0,0.0,0.0
2024-05-14 10:00:00+08:00,33.95000076293945,34.25,33.45000076293945,33.599998474121094,1796928,0.0,0.0
2024-05-14 11:00:00+08:00,33.650001525878906,33.70000076293945,33.400001525878906,33.54999923706055,676262,0.0,0.0
2024-05-14 12:00:00+08:00,33.599998474121094,33.650001525878906,33.5,33.650001525878906,545925,0.0,0.0
2024-05-14 13:00:00+08:00,33.650001525878906,33.70000076293945,33.25,33.349998474121094,1286969,0.0,0.0
2024-05-15 09:00:00+08:00,34.5,37.0,34.20000076293945,36.20000076293945,13365393,0.0,0.0
2024-05-15 10:00:00+08:00,36.20000076293945,36.900001525878906,36.099998474121094,36.150001525878906,3390557,0.0,0.0
2024-05-15 11:00:00+08:00,36.150001525878906,36.75,36.099998474121094,36.54999923706055,1627025,0.0,0.0
2024-05-15 12:00:00+08:00,36.54999923706055,37.0,36.54999923706055,37.0,8220066,0.0,0.0
2024-05-15 13:00:00+08:00,37.0,37.0,37.0,37.0,274447,0.0,0.0
2024-05-16 09:00:00+08:00,37.0,38.25,36.099998474121094,36.599998474121094,30304851,0.0,0.0
2024-05-16 10:00:00+08:00,36.599998474121094,37.79999923706055,36.5,37.70000076293945,12265457,0.0,0.0
2024-05-16 11:00:00+08:00,37.70000076293945,38.0,36.599998474121094,36.849998474121094,6875222,0.0,0.0
2024-05-16 12:00:00+08:00,36.849998474121094,37.0,36.400001525878906,36.95000076293945,3545331,0.0,0.0
2024-05-16 13:00:00+08:00,36.95000076293945,37.20000076293945,36.79999923706055,36.900001525878906,4309220,0.0,0.0
2024-05-17 09:00:00+08:00,36.900001525878906,37.79999923706055,36.599998474121094,37.20000076293945,0,0.0,0.0
2024-05-17 10:00:00+08:00,37.20000076293945,37.54999923706055,36.900001525878906,37.20000076293945,3406567,0.0,0.0
2024-05-17 11:00:00+08:00,37.20000076293945,37.79999923706055,37.20000076293945,37.400001525878906,4016213,0.0,0.0
2024-05-17 12:00:00+08:00,37.400001525878906,37.400001525878906,37.0,37.150001525878906,1714585,0.0,0.0
2024-05-17 13:00:00+08:00,37.150001525878906,37.349998474121094,36.79999923706055,36.900001525878906,2806197,0.0,0.0
2024-05-20 09:00:00+08:00,37.349998474121094,37.95000076293945,36.79999923706055,37.150001525878906,0,0.0,0.0
2024-05-20 10:00:00+08:00,37.20000076293945,38.150001525878906,37.099998474121094,37.45000076293945,5200715,0.0,0.0
2024-05-20 11:00:00+08:00,37.5,37.70000076293945,36.349998474121094,36.95000076293945,4562464,0.0,0.0
2024-05-20 12:00:00+08:00,36.95000076293945,37.099998474121094,36.70000076293945,36.75,899036,0.0,0.0
2024-05-20 13:00:00+08:00,36.75,37.04999923706055,36.599998474121094,36.650001525878906,1518377,0.0,0.0
2024-05-21 09:00:00+08:00,36.900001525878906,37.25,36.54999923706055,36.79999923706055,0,0.0,0.0
2024-05-21 10:00:00+08:00,36.79999923706055,37.150001525878906,36.400001525878906,36.70000076293945,1621832,0.0,0.0
2024-05-21 11:00:00+08:00,36.70000076293945,38.599998474121094,36.650001525878906,38.0,10923122,0.0,0.0
2024-05-21 12:00:00+08:00,38.0,39.79999923706055,37.70000076293945,38.0,10577848,0.0,0.0
2024-05-21 13:00:00+08:00,38.04999923706055,38.25,37.79999923706055,38.0,1998783,0.0,0.0
2024-05-22 09:00:00+08:00,38.25,40.849998474121094,38.150001525878906,39.25,0,0.0,0.0
2024-05-22 10:00:00+08:00,39.20000076293945,39.349998474121094,37.70000076293945,38.349998474121094,8396494,0.0,0.0
2024-05-22 11:00:00+08:00,38.349998474121094,38.45000076293945,37.70000076293945,38.0,2724321,0.0,0.0
2024-05-22 12:00:00+08:00,38.0,38.04999923706055,37.150001525878906,37.29999923706055,3883172,0.0,0.0
2024-05-22 13:00:00+08:00,37.349998474121094,37.599998474121094,37.0,37.04999923706055,2849562,0.0,0.0
2024-05-23 09:00:00+08:00,37.150001525878906,37.45000076293945,35.20000076293945,36.150001525878906,0,0.0,0.0
2024-05-23 10:00:00+08:00,36.150001525878906,36.150001525878906,35.75,35.900001525878906,1477386,0.0,0.0
2024-05-23 11:00:00+08:00,35.900001525878906,36.29999923706055,35.75,36.0,1012079,0.0,0.0
2024-05-23 12:00:00+08:00,36.04999923706055,36.29999923706055,36.0,36.04999923706055,1207801,0.0,0.0
2024-05-23 13:00:00+08:00,36.04999923706055,36.04999923706055,35.70000076293945,35.95000076293945,1567285,0.0,0.0
2024-05-24 09:00:00+08:00,35.20000076293945,36.25,34.849998474121094,36.099998474121094,3462238,0.0,0.0
2024-05-24 10:00:00+08:00,36.099998474121094,36.20000076293945,35.400001525878906,35.650001525878906,1738826,0.0,0.0
2024-05-24 11:00:00+08:00,35.650001525878906,35.75,35.5,35.599998474121094,437371,0.0,0.0
2024-05-24 12:00:00+08:00,35.54999923706055,35.849998474121094,35.5,35.599998474121094,847103,0.0,0.0
2024-05-24 13:00:00+08:00,35.599998474121094,35.70000076293945,35.5,35.599998474121094,694223,0.0,0.0
2024-05-27 09:00:00+08:00,36.20000076293945,36.70000076293945,35.599998474121094,35.79999923706055,0,0.0,0.0
2024-05-27 10:00:00+08:00,35.849998474121094,36.29999923706055,35.79999923706055,36.099998474121094,650986,0.0,0.0
2024-05-27 11:00:00+08:00,36.04999923706055,36.599998474121094,36.0,36.099998474121094,847600,0.0,0.0
2024-05-27 12:00:00+08:00,36.099998474121094,36.099998474121094,35.75,35.849998474121094,959233,0.0,0.0
2024-05-27 13:00:00+08:00,35.849998474121094,35.900001525878906,35.400001525878906,35.599998474121094,1509688,0.0,0.0
2024-05-28 09:00:00+08:00,35.29999923706055,36.79999923706055,35.29999923706055,36.45000076293945,0,0.0,0.0
2024-05-28 10:00:00+08:00,36.45000076293945,37.0,36.20000076293945,36.70000076293945,2631592,0.0,0.0
2024-05-28 11:00:00+08:00,36.75,37.400001525878906,36.29999923706055,36.5,3345073,0.0,0.0
2024-05-28 12:00:00+08:00,36.400001525878906,36.70000076293945,36.349998474121094,36.400001525878906,1158755,0.0,0.0
2024-05-28 13:00:00+08:00,36.400001525878906,36.5,36.099998474121094,36.20000076293945,1194018,0.0,0.0
2024-05-29 09:00:00+08:00,36.70000076293945,37.79999923706055,36.5,36.79999923706055,0,0.0,0.0
2024-05-29 10:00:00+08:00,36.79999923706055,37.29999923706055,36.79999923706055,37.0,1761671,0.0,0.0
2024-05-29 11:00:00+08:00,37.0,38.349998474121094,36.900001525878906,37.70000076293945,8491871,0.0,0.0
2024-05-29 12:00:00+08:00,37.70000076293945,38.5,37.599998474121094,38.150001525878906,5628344,0.0,0.0
2024-05-29 13:00:00+08:00,38.150001525878906,38.25,37.650001525878906,37.79999923706055,2178360,0.0,0.0
2024-05-30 09:00:00+08:00,37.349998474121094,37.349998474121094,36.599998474121094,37.099998474121094,0,0.0,0.0
2024-05-30 10:00:00+08:00,37.099998474121094,37.25,36.5,36.75,2631221,0.0,0.0
2024-05-30 11:00:00+08:00,36.75,36.79999923706055,36.599998474121094,36.650001525878906,498784,0.0,0.0
2024-05-30 12:00:00+08:00,36.650001525878906,36.75,36.0,36.20000076293945,2502428,0.0,0.0
2024-05-30 13:00:00+08:00,36.25,36.25,35.900001525878906,36.0,1551686,0.0,0.0
2024-05-31 09:00:00+08:00,36.45000076293945,36.79999923706055,35.900001525878906,36.29999923706055,0,0.0,0.0
2024-05-31 10:00:00+08:00,36.29999923706055,36.349998474121094,35.79999923706055,35.95000076293945,895838,0.0,0.0
2024-05-31 11:00:00+08:00,35.900001525878906,35.900001525878906,35.349998474121094,35.79999923706055,1441496,0.0,0.0
2024-05-31 12:00:00+08:00,35.79999923706055,35.79999923706055,35.400001525878906,35.599998474121094,1069255,0.0,0.0
2024-05-31 13:00:00+08:00,35.599998474121094,35.650001525878906,35.400001525878906,35.45000076293945,1031115,0.0,0.0
2024-06-03 09:00:00+08:00,36.0,38.099998474121094,36.0,37.0,2812336,0.0,0.0
2024-06-03 10:00:00+08:00,37.04999923706055,38.29999923706055,37.04999923706055,37.70000076293945,6836908,0.0,0.0
2024-06-03 11:00:00+08:00,37.75,38.099998474121094,37.5,37.70000076293945,2468021,0.0,0.0
2024-06-03 12:00:00+08:00,37.70000076293945,38.5,37.54999923706055,37.900001525878906,4246527,0.0,0.0
2024-06-03 13:00:00+08:00,37.95000076293945,38.099998474121094,37.45000076293945,37.650001525878906,2547731,0.0,0.0
2024-06-04 09:00:00+08:00,38.099998474121094,38.95000076293945,37.70000076293945,37.900001525878906,0,0.0,0.0
2024-06-04 10:00:00+08:00,37.95000076293945,37.95000076293945,37.04999923706055,37.20000076293945,4561750,0.0,0.0
2024-06-04 11:00:00+08:00,37.150001525878906,37.29999923706055,37.04999923706055,37.150001525878906,1283301,0.0,0.0
2024-06-04 12:00:00+08:00,37.150001525878906,37.29999923706055,36.849998474121094,36.900001525878906,2090878,0.0,0.0
2024-06-04 13:00:00+08:00,36.900001525878906,37.20000076293945,36.79999923706055,37.150001525878906,1736604,0.0,0.0
2024-06-05 09:00:00+08:00,38.150001525878906,39.70000076293945,38.0,39.04999923706055,3622174,0.0,0.0
2024-06-05 10:00:00+08:00,39.04999923706055,39.5,38.5,38.70000076293945,5337269,0.0,0.0
2024-06-05 11:00:00+08:00,38.70000076293945,38.75,38.25,38.45000076293945,2270313,0.0,0.0
2024-06-05 12:00:00+08:00,38.45000076293945,39.0,37.75,38.0,4367604,0.0,0.0
2024-06-05 13:00:00+08:00,38.0,38.099998474121094,37.79999923706055,38.0,2390129,0.0,0.0
2024-06-06 09:00:00+08:00,38.79999923706055,38.79999923706055,37.25,37.5,0,0.0,0.0
2024-06-06 10:00:00+08:00,37.5,37.5,37.0,37.25,1855946,0.0,0.0
2024-06-06 11:00:00+08:00,37.25,37.29999923706055,36.849998474121094,36.900001525878906,1995135,0.0,0.0
2024-06-06 12:00:00+08:00,36.900001525878906,37.04999923706055,36.599998474121094,36.599998474121094,1837016,0.0,0.0
2024-06-06 13:00:00+08:00,36.599998474121094,36.79999923706055,36.5,36.650001525878906,1701627,0.0,0.0
2024-06-07 09:00:00+08:00,36.79999923706055,37.04999923706055,36.5,36.70000076293945,0,0.0,0.0
2024-06-07 10:00:00+08:00,36.70000076293945,36.75,36.54999923706055,36.650001525878906,524302,0.0,0.0
2024-06-07 11:00:00+08:00,36.650001525878906,36.650001525878906,36.5,36.650001525878906,708836,0.0,0.0
2024-06-07 12:00:00+08:00,36.599998474121094,36.849998474121094,36.5,36.75,761895,0.0,0.0
2024-06-07 13:00:00+08:00,36.75,36.849998474121094,36.650001525878906,36.70000076293945,647534,0.0,0.0
2024-06-11 09:00:00+08:00,37.5,37.650001525878906,36.20000076293945,36.54999923706055,0,0.0,0.0
2024-06-11 10:00:00+08:00,36.5,36.5,35.79999923706055,35.95000076293945,1112214,0.0,0.0
2024-06-11 11:00:00+08:00,35.95000076293945,36.150001525878906,35.75,36.150001525878906,1036591,0.0,0.0
2024-06-11 12:00:00+08:00,36.099998474121094,36.25,35.79999923706055,36.04999923706055,544340,0.0,0.0
2024-06-11 13:00:00+08:00,36.04999923706055,36.20000076293945,36.0,36.20000076293945,788662,0.0,0.0
2024-06-12 09:00:00+08:00,36.54999923706055,36.849998474121094,36.20000076293945,36.25,0,0.0,0.0
2024-06-12 10:00:00+08:00,36.25,36.400001525878906,36.150001525878906,36.25,316590,0.0,0.0
2024-06-12 11:00:00+08:00,36.29999923706055,36.599998474121094,36.25,36.45000076293945,300587,0.0,0.0
2024-06-12 12:00:00+08:00,36.45000076293945,38.599998474121094,36.349998474121094,38.349998474121094,7836274,0.0,0.0
2024-06-12 13:00:00+08:00,38.29999923706055,38.849998474121094,37.900001525878906,38.150001525878906,3012737,0.0,0.0
2024-06-13 09:00:00+08:00,38.5,39.5,37.79999923706055,38.099998474121094,0,0.0,0.0
2024-06-13 10:00:00+08:00,38.099998474121094,38.20000076293945,37.79999923706055,38.099998474121094,1420211,0.0,0.0
2024-06-13 11:00:00+08:00,38.04999923706055,38.099998474121094,37.70000076293945,38.0,1043251,0.0,0.0
2024-06-13 12:00:00+08:00,37.95000076293945,38.849998474121094,37.849998474121094,38.29999923706055,3448420,0.0,0.0
2024-06-13 13:00:00+08:00,38.29999923706055,38.5,37.900001525878906,38.0,2119905,0.0,0.0
2024-06-14 09:00:00+08:00,38.5,38.5,37.5,37.95000076293945,0,0.0,0.0
2024-06-14 10:00:00+08:00,38.0,38.79999923706055,37.70000076293945,38.349998474121094,2190658,0.0,0.0
2024-06-14 11:00:00+08:00,38.349998474121094,40.75,38.25,40.099998474121094,23537768,0.0,0.0
2024-06-14 12:00:00+08:00,40.099998474121094,41.150001525878906,39.20000076293945,39.650001525878906,12798190,0.0,0.0
2024-06-14 13:00:00+08:00,39.599998474121094,39.75,38.70000076293945,38.70000076293945,3819744,0.0,0.0
2024-06-17 09:00:00+08:00,38.900001525878906,42.650001525878906,38.900001525878906,42.650001525878906,0,0.0,0.0
2024-06-17 10:00:00+08:00,42.650001525878906,42.650001525878906,42.650001525878906,42.650001525878906,450714,0.0,0.0
2024-06-17 11:00:00+08:00,42.650001525878906,42.650001525878906,42.650001525878906,42.650001525878906,187173,0.0,0.0
2024-06-17 12:00:00+08:00,42.650001525878906,42.650001525878906,42.650001525878906,42.650001525878906,228026,0.0,0.0
2024-06-17 13:00:00+08:00,42.650001525878906,42.650001525878906,42.650001525878906,42.650001525878906,186018,0.0,0.0
2024-06-18 09:00:00+08:00,45.5,45.70000076293945,43.0,43.599998474121094,37425594,0.0,0.0
2024-06-18 10:00:00+08:00,43.599998474121094,44.54999923706055,43.29999923706055,44.45000076293945,14478104,0.0,0.0
2024-06-18 11:00:00+08:00,44.45000076293945,44.75,44.099998474121094,44.150001525878906,6089172,0.0,0.0
2024-06-18 12:00:00+08:00,44.099998474121094,44.650001525878906,44.0,44.45000076293945,7404698,0.0,0.0
2024-06-18 13:00:00+08:00,44.5,44.70000076293945,43.849998474121094,44.650001525878906,6527918,0.0,0.0
2024-06-19 09:00:00+08:00,45.04999923706055,47.5,44.95000076293945,45.75,0,0.0,0.0
2024-06-19 10:00:00+08:00,45.70000076293945,46.099998474121094,44.849998474121094,45.45000076293945,10633389,0.0,0.0
2024-06-19 11:00:00+08:00,45.400001525878906,45.5,43.79999923706055,44.650001525878906,10270908,0.0,0.0
2024-06-19 12:00:00+08:00,44.70000076293945,45.75,44.54999923706055,45.54999923706055,7569484,0.0,0.0
2024-06-19 13:00:00+08:00,45.599998474121094,46.29999923706055,45.54999923706055,46.150001525878906,10048929,0.0,0.0
2024-06-20 09:00:00+08:00,46.5,47.29999923706055,44.150001525878906,44.599998474121094,0,0.0,0.0
2024-06-20 10:00:00+08:00,44.599998474121094,45.0,44.349998474121094,44.5,3821274,0.0,0.0
2024-06-20 11:00:00+08:00,44.5,44.79999923706055,44.29999923706055,44.650001525878906,2688526,0.0,0.0
2024-06-20 12:00:00+08:00,44.650001525878906,45.0,44.54999923706055,44.849998474121094,4228742,0.0,0.0
2024-06-20 13:00:00+08:00,44.79999923706055,44.900001525878906,44.29999923706055,44.54999923706055,4592212,0.0,0.0
2024-06-21 09:00:00+08:00,44.54999923706055,44.54999923706055,43.20000076293945,44.400001525878906,0,0.0,0.0
2024-06-21 10:00:00+08:00,44.349998474121094,45.20000076293945,44.20000076293945,44.54999923706055,3471821,0.0,0.0
2024-06-21 11:00:00+08:00,44.54999923706055,44.95000076293945,44.04999923706055,44.099998474121094,1484278,0.0,0.0
2024-06-21 12:00:00+08:00,44.099998474121094,44.25,43.849998474121094,44.25,1792635,0.0,0.0
2024-06-21 13:00:00+08:00,44.25,44.25,43.849998474121094,44.0,1697688,0.0,0.0
2024-06-24 09:00:00+08:00,44.04999923706055,45.45000076293945,44.0,44.349998474121094,0,0.0,0.0
2024-06-24 10:00:00+08:00,44.349998474121094,44.400001525878906,43.599998474121094,44.099998474121094,1702495,0.0,0.0
2024-06-24 11:00:00+08:00,44.150001525878906,44.45000076293945,44.0,44.20000076293945,857183,0.0,0.0
2024-06-24 12:00:00+08:00,44.20000076293945,44.349998474121094,43.95000076293945,44.04999923706055,1136235,0.0,0.0
2024-06-24 13:00:00+08:00,44.04999923706055,44.150001525878906,43.75,44.04999923706055,1458902,0.0,0.0
2024-06-25 09:00:00+08:00,44.04999923706055,44.95000076293945,43.04999923706055,43.45000076293945,0,0.0,0.0
2024-06-25 10:00:00+08:00,43.5,43.70000076293945,43.20000076293945,43.400001525878906,1242478,0.0,0.0
2024-06-25 11:00:00+08:00,43.45000076293945,43.5,43.150001525878906,43.150001525878906,997579,0.0,0.0
2024-06-25 12:00:00+08:00,43.150001525878906,43.29999923706055,43.099998474121094,43.150001525878906,872003,0.0,0.0
2024-06-25 13:00:00+08:00,43.20000076293945,43.349998474121094,43.150001525878906,43.20000076293945,1353646,0.0,0.0
2024-06-26 09:00:00+08:00,43.349998474121094,44.75,43.349998474121094,44.45000076293945,0,0.0,0.0
2024-06-26 10:00:00+08:00,44.400001525878906,45.0,44.25,44.70000076293945,2883347,0.0,0.0
2024-06-26 11:00:00+08:00,44.650001525878906,44.95000076293945,44.099998474121094,44.400001525878906,1557592,0.0,0.0
2024-06-26 12:00:00+08:00,44.400001525878906,46.0,44.25,45.650001525878906,10625889,0.0,0.0
2024-06-26 13:00:00+08:00,45.650001525878906,45.95000076293945,45.45000076293945,45.599998474121094,3283840,0.0,0.0
2024-06-27 09:00:00+08:00,44.79999923706055,45.5,44.45000076293945,44.79999923706055,0,0.0,0.0
2024-06-27 10:00:00+08:00,44.75,45.0,44.29999923706055,44.400001525878906,1571878,0.0,0.0
2024-06-27 11:00:00+08:00,44.400001525878906,44.70000076293945,44.400001525878906,44.54999923706055,366751,0.0,0.0
2024-06-27 12:00:00+08:00,44.54999923706055,44.75,44.349998474121094,44.5,786881,0.0,0.0
2024-06-27 13:00:00+08:00,44.5,44.650001525878906,44.0,44.599998474121094,1636357,0.0,0.0
2024-06-28 09:00:00+08:00,44.599998474121094,45.29999923706055,44.599998474121094,44.75,0,0.0,0.0
2024-06-28 10:00:00+08:00,44.79999923706055,45.04999923706055,44.650001525878906,44.75,1282856,0.0,0.0
2024-06-28 11:00:00+08:00,44.70000076293945,45.099998474121094,44.04999923706055,44.75,2480447,0.0,0.0
2024-06-28 12:00:00+08:00,44.75,44.849998474121094,44.349998474121094,44.5,908621,0.0,0.0
2024-06-28 13:00:00+08:00,44.54999923706055,44.54999923706055,44.099998474121094,44.099998474121094,1085817,0.0,0.0
2024-07-01 09:00:00+08:00,44.04999923706055,44.29999923706055,42.79999923706055,42.849998474121094,0,0.0,0.0
2024-07-01 10:00:00+08:00,42.849998474121094,42.849998474121094,42.0,42.150001525878906,3625811,0.0,0.0
2024-07-01 11:00:00+08:00,42.150001525878906,42.25,41.900001525878906,42.0,2098429,0.0,0.0
2024-07-01 12:00:00+08:00,42.0,42.0,41.0,41.400001525878906,3781596,0.0,0.0
2024-07-01 13:00:00+08:00,41.400001525878906,41.5,40.650001525878906,40.650001525878906,2370476,0.0,0.0
2024-07-02 09:00:00+08:00,40.849998474121094,41.5,40.54999923706055,41.04999923706055,0,0.0,0.0
2024-07-02 10:00:00+08:00,41.04999923706055,42.0,41.04999923706055,41.900001525878906,2922628,0.0,0.0
2024-07-02 11:00:00+08:00,41.849998474121094,41.849998474121094,41.400001525878906,41.599998474121094,895929,0.0,0.0
2024-07-02 12:00:00+08:00,41.54999923706055,41.70000076293945,41.349998474121094,41.400001525878906,755082,0.0,0.0
2024-07-02 13:00:00+08:00,41.45000076293945,41.79999923706055,41.45000076293945,41.75,727285,0.0,0.0
2024-07-03 09:00:00+08:00,41.849998474121094,42.75,41.70000076293945,41.900001525878906,2779782,0.0,0.0
2024-07-03 10:00:00+08:00,41.900001525878906,42.04999923706055,41.650001525878906,41.650001525878906,998230,0.0,0.0
2024-07-03 11:00:00+08:00,41.650001525878906,41.70000076293945,40.70000076293945,40.95000076293945,1590989,0.0,0.0
2024-07-03 12:00:00+08:00,40.95000076293945,41.150001525878906,40.900001525878906,41.0,902478,0.0,0.0
2024-07-03 13:00:00+08:00,41.0,41.0,40.79999923706055,40.849998474121094,988163,0.0,0.0
2024-07-04 09:00:00+08:00,41.900001525878906,41.900001525878906,40.900001525878906,41.04999923706055,2142393,0.0,0.0
2024-07-04 10:00:00+08:00,41.04999923706055,41.20000076293945,40.75,41.04999923706055,1179202,0.0,0.0
2024-07-04 11:00:00+08:00,41.04999923706055,41.099998474121094,40.849998474121094,40.849998474121094,516172,0.0,0.0
2024-07-04 12:00:00+08:00,40.849998474121094,40.900001525878906,40.79999923706055,40.849998474121094,827759,0.0,0.0
2024-07-04 13:00:00+08:00,40.849998474121094,40.900001525878906,40.75,40.79999923706055,698010,0.0,0.0
2024-07-05 09:00:00+08:00,41.099998474121094,42.75,41.099998474121094,41.900001525878906,0,0.0,0.0
2024-07-05 10:00:00+08:00,41.849998474121094,42.29999923706055,41.79999923706055,42.099998474121094,1222818,0.0,0.0
2024-07-05 11:00:00+08:00,42.099998474121094,42.099998474121094,41.75,41.849998474121094,491625,0.0,0.0
2024-07-05 12:00:00+08:00,41.849998474121094,41.849998474121094,41.400001525878906,41.5,1124992,0.0,0.0
2024-07-05 13:00:00+08:00,41.5,41.599998474121094,41.400001525878906,41.54999923706055,513027,0.0,0.0
2024-07-08 09:00:00+08:00,42.04999923706055,42.25,40.79999923706055,41.04999923706055,0,0.0,0.0
2024-07-08 10:00:00+08:00,41.0,41.150001525878906,40.849998474121094,41.150001525878906,522884,0.0,0.0
2024-07-08 11:00:00+08:00,41.150001525878906,41.150001525878906,40.900001525878906,40.95000076293945,333178,0.0,0.0
2024-07-08 12:00:00+08:00,40.95000076293945,41.0,40.849998474121094,40.900001525878906,560823,0.0,0.0
2024-07-08 13:00:00+08:00,40.900001525878906,40.95000076293945,40.79999923706055,40.79999923706055,541916,0.0,0.0
2024-07-09 09:00:00+08:00,38.79999923706055,39.45000076293945,37.04999923706055,37.099998474121094,7842097,0.0,0.0
2024-07-09 10:00:00+08:00,37.150001525878906,37.70000076293945,37.04999923706055,37.400001525878906,1520299,0.0,0.0
2024-07-09 11:00:00+08:00,37.349998474121094,37.45000076293945,37.150001525878906,37.349998474121094,650427,0.0,0.0
2024-07-09 12:00:00+08:00,37.400001525878906,37.45000076293945,37.150001525878906,37.20000076293945,855093,0.0,0.0
2024-07-09 13:00:00+08:00,37.20000076293945,37.29999923706055,37.04999923706055,37.150001525878906,1221904,0.0,0.0
2024-07-10 09:00:00+08:00,37.5,38.54999923706055,37.25,38.0,3093452,0.0,0.0
2024-07-10 10:00:00+08:00,38.0,38.400001525878906,37.95000076293945,38.099998474121094,616709,0.0,0.0
2024-07-10 11:00:00+08:00,38.099998474121094,38.099998474121094,38.0,38.0,447292,0.0,0.0
2024-07-10 12:00:00+08:00,38.0,38.0,37.79999923706055,37.849998474121094,577913,0.0,0.0
2024-07-10 13:00:00+08:00,37.849998474121094,37.95000076293945,37.79999923706055,37.849998474121094,389947,0.0,0.0
2024-07-11 09:00:00+08:00,38.0,39.400001525878906,37.70000076293945,38.95000076293945,3008450,0.0,0.0
2024-07-11 10:00:00+08:00,38.95000076293945,39.099998474121094,38.79999923706055,38.79999923706055,858226,0.0,0.0
2024-07-11 11:00:00+08:00,38.79999923706055,39.20000076293945,38.79999923706055,39.099998474121094,618741,0.0,0.0
2024-07-11 12:00:00+08:00,39.150001525878906,39.20000076293945,38.75,38.75,626469,0.0,0.0
2024-07-11 13:00:00+08:00,38.75,39.20000076293945,38.75,39.04999923706055,596785,0.0,0.0
2024-07-12 09:00:00+08:00,39.150001525878906,39.150001525878906,38.349998474121094,38.75,975864,0.0,0.0
2024-07-12 10:00:00+08:00,38.75,39.29999923706055,38.599998474121094,38.900001525878906,640291,0.0,0.0
2024-07-12 11:00:00+08:00,38.900001525878906,39.0,38.79999923706055,38.95000076293945,184657,0.0,0.0
2024-07-12 12:00:00+08:00,38.95000076293945,39.0,38.70000076293945,38.75,349535,0.0,0.0
2024-07-12 13:00:00+08:00,38.70000076293945,38.79999923706055,38.650001525878906,38.650001525878906,306970,0.0,0.0
2024-07-15 09:00:00+08:00,39.099998474121094,39.150001525878906,38.5,39.099998474121094,0,0.0,0.0
2024-07-15 10:00:00+08:00,39.099998474121094,39.150001525878906,38.70000076293945,38.70000076293945,256193,0.0,0.0
2024-07-15 11:00:00+08:00,38.70000076293945,38.79999923706055,38.599998474121094,38.650001525878906,210141,0.0,0.0
2024-07-15 12:00:00+08:00,38.650001525878906,38.650001525878906,37.79999923706055,37.79999923706055,790008,0.0,0.0
2024-07-15 13:00:00+08:00,37.849998474121094,37.95000076293945,37.75,37.95000076293945,343976,0.0,0.0
2024-07-16 09:00:00+08:00,38.5,38.900001525878906,38.20000076293945,38.349998474121094,1066885,0.0,0.0
2024-07-16 10:00:00+08:00,38.349998474121094,38.5,38.29999923706055,38.400001525878906,163273,0.0,0.0
2024-07-16 11:00:00+08:00,38.400001525878906,38.400001525878906,38.099998474121094,38.150001525878906,286913,0.0,0.0
2024-07-16 12:00:00+08:00,38.099998474121094,38.25,38.0,38.04999923706055,458235,0.0,0.0
2024-07-16 13:00:00+08:00,38.04999923706055,39.29999923706055,37.900001525878906,39.0,953916,0.0,0.0
2024-07-17 09:00:00+08:00,40.29999923706055,42.79999923706055,39.95000076293945,42.349998474121094,12522863,0.0,0.0
2024-07-17 10:00:00+08:00,42.349998474121094,43.349998474121094,42.150001525878906,42.650001525878906,6914690,0.0,0.0
2024-07-17 11:00:00+08:00,42.650001525878906,42.70000076293945,42.25,42.5,1044020,0.0,0.0
2024-07-17 12:00:00+08:00,42.5,42.5,41.75,42.400001525878906,2197781,0.0,0.0
2024-07-17 13:00:00+08:00,42.400001525878906,42.45000076293945,42.349998474121094,42.400001525878906,793518,0.0,0.0
2024-07-18 09:00:00+08:00,42.29999923706055,42.849998474121094,41.150001525878906,41.95000076293945,4234117,0.0,0.0
2024-07-18 10:00:00+08:00,41.95000076293945,41.95000076293945,41.29999923706055,41.5,1345981,0.0,0.0
2024-07-18 11:00:00+08:00,41.5,42.0,41.45000076293945,41.79999923706055,590851,0.0,0.0
2024-07-18 12:00:00+08:00,41.79999923706055,42.0,41.70000076293945,41.95000076293945,680940,0.0,0.0
2024-07-18 13:00:00+08:00,41.95000076293945,42.29999923706055,41.900001525878906,42.29999923706055,945966,0.0,0.0
2024-07-19 09:00:00+08:00,42.20000076293945,43.099998474121094,42.0,42.25,4270778,0.0,0.0
2024-07-19 10:00:00+08:00,42.25,42.75,42.0,42.70000076293945,1408111,0.0,0.0
2024-07-19 11:00:00+08:00,42.70000076293945,43.79999923706055,42.70000076293945,43.29999923706055,5577024,0.0,0.0
2024-07-19 12:00:00+08:00,43.29999923706055,43.599998474121094,42.5,42.75,1682202,0.0,0.0
2024-07-19 13:00:00+08:00,42.79999923706055,42.79999923706055,42.150001525878906,42.25,1335318,0.0,0.0
2024-07-22 09:00:00+08:00,42.29999923706055,43.099998474121094,40.099998474121094,41.099998474121094,0,0.0,0.0
2024-07-22 10:00:00+08:00,41.04999923706055,41.5,40.25,41.5,1395271,0.0,0.0
2024-07-22 11:00:00+08:00,41.5,42.0,40.900001525878906,41.20000076293945,825442,0.0,0.0
2024-07-22 12:00:00+08:00,41.20000076293945,42.900001525878906,41.0,42.75,1879393,0.0,0.0
2024-07-22 13:00:00+08:00,42.75,43.150001525878906,42.54999923706055,43.0,2071222,0.0,0.0
2024-07-23 09:00:00+08:00,44.099998474121094,44.599998474121094,42.95000076293945,43.29999923706055,9132583,0.0,0.0
2024-07-23 10:00:00+08:00,43.29999923706055,43.599998474121094,42.95000076293945,43.45000076293945,1552965,0.0,0.0
2024-07-23 11:00:00+08:00,43.400001525878906,43.70000076293945,43.04999923706055,43.20000076293945,838345,0.0,0.0
2024-07-23 12:00:00+08:00,43.150001525878906,43.150001525878906,42.70000076293945,43.099998474121094,1320617,0.0,0.0
2024-07-23 13:00:00+08:00,43.099998474121094,43.20000076293945,42.79999923706055,42.849998474121094,1745892,0.0,0.0
2024-07-26 09:00:00+08:00,41.5,42.29999923706055,40.75,41.45000076293945,0,0.0,0.0
2024-07-26 10:00:00+08:00,41.5,42.5,41.5,42.29999923706055,983555,0.0,0.0
2024-07-26 11:00:00+08:00,42.349998474121094,42.95000076293945,42.20000076293945,42.349998474121094,836963,0.0,0.0
2024-07-26 12:00:00+08:00,42.400001525878906,42.75,42.29999923706055,42.54999923706055,476058,0.0,0.0
2024-07-26 13:00:00+08:00,42.5,42.599998474121094,42.29999923706055,42.5,460390,0.0,0.0
2024-07-29 09:00:00+08:00,43.0,43.400001525878906,42.400001525878906,42.400001525878906,0,0.0,0.0
2024-07-29 10:00:00+08:00,42.400001525878906,42.400001525878906,41.150001525878906,41.45000076293945,1825087,0.0,0.0
2024-07-29 11:00:00+08:00,41.45000076293945,41.5,39.650001525878906,39.70000076293945,1719621,0.0,0.0
2024-07-29 12:00:00+08:00,39.70000076293945,40.45000076293945,39.70000076293945,39.849998474121094,1157381,0.0,0.0
2024-07-29 13:00:00+08:00,39.849998474121094,40.0,39.650001525878906,39.650001525878906,719967,0.0,0.0
2024-07-30 09:00:00+08:00,39.54999923706055,39.95000076293945,38.5,39.29999923706055,1604433,0.0,0.0
2024-07-30 10:00:00+08:00,39.20000076293945,41.599998474121094,39.099998474121094,40.599998474121094,2560977,0.0,0.0
2024-07-30 11:00:00+08:00,40.599998474121094,41.900001525878906,40.54999923706055,41.20000076293945,1815119,0.0,0.0
2024-07-30 12:00:00+08:00,41.20000076293945,41.900001525878906,41.150001525878906,41.79999923706055,913813,0.0,0.0
2024-07-30 13:00:00+08:00,41.79999923706055,42.0,41.75,41.95000076293945,683177,0.0,0.0
2024-07-31 09:00:00+08:00,41.79999923706055,43.70000076293945,41.349998474121094,42.849998474121094,6500699,0.0,0.0
2024-07-31 10:00:00+08:00,42.900001525878906,43.29999923706055,42.849998474121094,42.900001525878906,1527754,0.0,0.0
2024-07-31 11:00:00+08:00,42.900001525878906,43.150001525878906,42.849998474121094,42.900001525878906,728203,0.0,0.0
2024-07-31 12:00:00+08:00,42.95000076293945,43.0,42.25,42.349998474121094,1212319,0.0,0.0
2024-07-31 13:00:00+08:00,42.349998474121094,43.29999923706055,42.29999923706055,42.849998474121094,1689560,0.0,0.0
2024-08-01 09:00:00+08:00,44.849998474121094,45.79999923706055,43.54999923706055,43.95000076293945,19094241,0.0,0.0
2024-08-01 10:00:00+08:00,44.0,44.0,43.0,43.849998474121094,3102753,0.0,0.0
2024-08-01 11:00:00+08:00,43.849998474121094,43.900001525878906,43.54999923706055,43.650001525878906,755829,0.0,0.0
2024-08-01 12:00:00+08:00,43.650001525878906,44.400001525878906,43.599998474121094,43.75,1991454,0.0,0.0
2024-08-01 13:00:00+08:00,43.75,43.849998474121094,43.099998474121094,43.20000076293945,2018885,0.0,0.0
2024-08-02 09:00:00+08:00,42.400001525878906,42.400001525878906,41.349998474121094,41.70000076293945,4349480,0.0,0.0
2024-08-02 10:00:00+08:00,41.70000076293945,41.70000076293945,41.150001525878906,41.5,1511858,0.0,0.0
2024-08-02 11:00:00+08:00,41.5,41.75,41.29999923706055,41.400001525878906,456272,0.0,0.0
2024-08-02 12:00:00+08:00,41.400001525878906,41.400001525878906,40.5,40.54999923706055,1959606,0.0,0.0
2024-08-02 13:00:00+08:00,40.54999923706055,40.70000076293945,40.5,40.5,741729,0.0,0.0
2024-08-05 09:00:00+08:00,37.5,38.79999923706055,36.5,36.95000076293945,4471979,0.0,0.0
2024-08-05 10:00:00+08:00,36.95000076293945,38.75,36.95000076293945,38.25,1673463,0.0,0.0
2024-08-05 11:00:00+08:00,38.29999923706055,38.5,37.400001525878906,37.400001525878906,982980,0.0,0.0
2024-08-05 12:00:00+08:00,37.400001525878906,37.45000076293945,36.79999923706055,36.79999923706055,1358129,0.0,0.0
2024-08-05 13:00:00+08:00,36.79999923706055,37.04999923706055,36.650001525878906,36.95000076293945,918818,0.0,0.0
2024-08-06 09:00:00+08:00,39.70000076293945,39.79999923706055,34.54999923706055,35.650001525878906,6387404,0.0,0.0
2024-08-06 10:00:00+08:00,35.650001525878906,37.400001525878906,35.650001525878906,36.900001525878906,1614797,0.0,0.0
2024-08-06 11:00:00+08:00,36.900001525878906,38.04999923706055,36.79999923706055,37.45000076293945,1890920,0.0,0.0
2024-08-06 12:00:00+08:00,37.45000076293945,38.0,37.099998474121094,37.150001525878906,867528,0.0,0.0
2024-08-06 13:00:00+08:00,37.150001525878906,37.650001525878906,37.099998474121094,37.5,587177,0.0,0.0
2024-08-07 09:00:00+08:00,38.0,39.599998474121094,37.70000076293945,39.54999923706055,3708568,0.0,0.0
2024-08-07 10:00:00+08:00,39.54999923706055,40.95000076293945,38.900001525878906,40.45000076293945,3116228,0.0,0.0
2024-08-07 11:00:00+08:00,40.45000076293945,41.099998474121094,40.0,40.900001525878906,1804795,0.0,0.0
2024-08-07 12:00:00+08:00,40.900001525878906,41.25,40.54999923706055,41.25,2186237,0.0,0.0
2024-08-07 13:00:00+08:00,41.25,41.25,41.25,41.25,544620,0.0,0.0
2024-08-08 09:00:00+08:00,41.04999923706055,42.25,40.599998474121094,41.900001525878906,10820002,0.0,0.0
2024-08-08 10:00:00+08:00,41.900001525878906,44.849998474121094,41.849998474121094,44.349998474121094,12611675,0.0,0.0
2024-08-08 11:00:00+08:00,44.349998474121094,44.5,43.849998474121094,43.95000076293945,2972929,0.0,0.0
2024-08-08 12:00:00+08:00,43.95000076293945,44.04999923706055,42.79999923706055,43.150001525878906,3427377,0.0,0.0
2024-08-08 13:00:00+08:00,43.150001525878906,43.29999923706055,42.849998474121094,43.0,1207609,0.0,0.0
2024-08-09 09:00:00+08:00,45.25,45.5,43.70000076293945,44.099998474121094,10727363,0.0,0.0
2024-08-09 10:00:00+08:00,44.04999923706055,44.45000076293945,43.849998474121094,44.150001525878906,2213976,0.0,0.0
2024-08-09 11:00:00+08:00,44.099998474121094,44.79999923706055,43.599998474121094,43.95000076293945,4126078,0.0,0.0
2024-08-09 12:00:00+08:00,43.95000076293945,43.95000076293945,43.29999923706055,43.349998474121094,2323667,0.0,0.0
2024-08-09 13:00:00+08:00,43.349998474121094,43.5,43.20000076293945,43.45000076293945,1934868,0.0,0.0
2024-08-12 09:00:00+08:00,44.900001525878906,45.400001525878906,43.349998474121094,43.5,0,0.0,0.0
2024-08-12 10:00:00+08:00,43.5,44.79999923706055,43.5,44.04999923706055,2593823,0.0,0.0
2024-08-12 11:00:00+08:00,44.04999923706055,45.79999923706055,43.900001525878906,44.650001525878906,7717941,0.0,0.0
2024-08-12 12:00:00+08:00,44.70000076293945,45.29999923706055,44.29999923706055,44.5,2331549,0.0,0.0
2024-08-12 13:00:00+08:00,44.5,44.79999923706055,44.29999923706055,44.45000076293945,1359154,0.0,0.0
2024-08-13 09:00:00+08:00,45.0,45.79999923706055,44.150001525878906,44.95000076293945,11537024,0.0,0.0
2024-08-13 10:00:00+08:00,44.95000076293945,45.5,44.29999923706055,45.099998474121094,4809996,0.0,0.0
2024-08-13 11:00:00+08:00,45.099998474121094,47.20000076293945,44.95000076293945,46.70000076293945,10864406,0.0,0.0
2024-08-13 12:00:00+08:00,46.70000076293945,48.54999923706055,46.0,48.54999923706055,15752046,0.0,0.0
2024-08-13 13:00:00+08:00,48.54999923706055,48.54999923706055,48.54999923706055,48.54999923706055,842357,0.0,0.0
2024-08-14 09:00:00+08:00,50.0,51.0,48.54999923706055,48.75,35449401,0.0,0.0
2024-08-14 10:00:00+08:00,48.75,49.5,46.5,48.599998474121094,24650140,0.0,0.0
2024-08-14 11:00:00+08:00,48.54999923706055,48.849998474121094,48.0,48.45000076293945,3888650,0.0,0.0
2024-08-14 12:00:00+08:00,48.5,49.099998474121094,47.79999923706055,47.849998474121094,7578926,0.0,0.0
2024-08-14 13:00:00+08:00,47.900001525878906,48.04999923706055,47.400001525878906,47.70000076293945,6612124,0.0,0.0
2024-08-15 09:00:00+08:00,48.650001525878906,49.599998474121094,47.650001525878906,48.5,17674701,0.0,0.0
2024-08-15 10:00:00+08:00,48.5,52.400001525878906,48.0,52.400001525878906,34727129,0.0,0.0
2024-08-15 11:00:00+08:00,52.400001525878906,52.400001525878906,49.20000076293945,51.0,29674246,0.0,0.0
2024-08-15 12:00:00+08:00,51.0,52.400001525878906,50.79999923706055,52.400001525878906,16080925,0.0,0.0
2024-08-15 13:00:00+08:00,52.400001525878906,52.400001525878906,52.400001525878906,52.400001525878906,551468,0.0,0.0
2024-08-16 09:00:00+08:00,54.29999923706055,56.20000076293945,53.599998474121094,53.79999923706055,63547809,0.0,0.0
2024-08-16 10:00:00+08:00,53.79999923706055,54.5,52.79999923706055,53.70000076293945,16895962,0.0,0.0
2024-08-16 11:00:00+08:00,53.70000076293945,54.20000076293945,53.099998474121094,53.29999923706055,5230244,0.0,0.0
2024-08-16 12:00:00+08:00,53.20000076293945,54.29999923706055,52.5,52.70000076293945,10722767,0.0,0.0
2024-08-16 13:00:00+08:00,52.70000076293945,53.0,51.79999923706055,52.400001525878906,11127496,0.0,0.0
2024-08-19 09:00:00+08:00,52.599998474121094,53.20000076293945,51.099998474121094,51.400001525878906,0,0.0,0.0
2024-08-19 10:00:00+08:00,51.400001525878906,52.400001525878906,51.400001525878906,51.79999923706055,3905397,0.0,0.0
2024-08-19 11:00:00+08:00,51.79999923706055,51.900001525878906,51.0,51.20000076293945,3664859,0.0,0.0
2024-08-19 12:00:00+08:00,51.20000076293945,51.400001525878906,50.70000076293945,50.79999923706055,4590740,0.0,0.0
2024-08-19 13:00:00+08:00,50.79999923706055,51.29999923706055,50.599998474121094,50.70000076293945,3564938,0.0,0.0
2024-08-20 09:00:00+08:00,51.79999923706055,54.79999923706055,51.599998474121094,52.79999923706055,26899176,0.0,0.0
2024-08-20 10:00:00+08:00,52.79999923706055,53.900001525878906,52.70000076293945,53.400001525878906,6533627,0.0,0.0
2024-08-20 11:00:00+08:00,53.400001525878906,53.70000076293945,52.79999923706055,52.900001525878906,1979569,0.0,0.0
2024-08-20 12:00:00+08:00,52.900001525878906,53.70000076293945,52.599998474121094,52.79999923706055,3291697,0.0,0.0
2024-08-20 13:00:00+08:00,52.79999923706055,53.0,52.5,52.599998474121094,2867169,0.0,0.0
2024-08-21 09:00:00+08:00,52.5,53.5,51.099998474121094,52.79999923706055,9236970,0.0,0.0
2024-08-21 10:00:00+08:00,52.79999923706055,54.900001525878906,52.400001525878906,53.599998474121094,13178357,0.0,0.0
2024-08-21 11:00:00+08:00,53.599998474121094,54.5,52.5,53.79999923706055,6300328,0.0,0.0
2024-08-21 12:00:00+08:00,53.79999923706055,54.79999923706055,53.70000076293945,54.099998474121094,5231354,0.0,0.0
2024-08-21 13:00:00+08:00,54.099998474121094,54.900001525878906,54.099998474121094,54.900001525878906,5853003,0.0,0.0
2024-08-22 09:00:00+08:00,55.0,58.900001525878906,54.099998474121094,55.5,4790427,0.0,0.0
2024-08-22 10:00:00+08:00,55.5,55.599998474121094,54.5,55.20000076293945,5843455,0.0,0.0
2024-08-22 11:00:00+08:00,55.20000076293945,55.900001525878906,54.099998474121094,54.20000076293945,5038782,0.0,0.0
2024-08-22 12:00:00+08:00,54.099998474121094,54.79999923706055,53.400001525878906,54.0,6805812,0.0,0.0
2024-08-22 13:00:00+08:00,54.099998474121094,54.70000076293945,53.79999923706055,54.0,6214944,0.0,0.0
2024-08-23 09:00:00+08:00,53.099998474121094,54.0,52.20000076293945,52.79999923706055,9770122,0.0,0.0
2024-08-23 10:00:00+08:00,52.79999923706055,54.0,52.79999923706055,53.79999923706055,2445358,0.0,0.0
2024-08-23 11:00:00+08:00,53.79999923706055,54.400001525878906,53.29999923706055,53.900001525878906,2642661,0.0,0.0
2024-08-23 12:00:00+08:00,53.900001525878906,54.400001525878906,53.5,53.900001525878906,2389209,0.0,0.0
2024-08-23 13:00:00+08:00,53.900001525878906,54.599998474121094,53.79999923706055,54.400001525878906,2292813,0.0,0.0
2024-08-26 09:00:00+08:00,55.0,57.5,54.20000076293945,56.20000076293945,1652668,0.0,0.0
2024-08-26 10:00:00+08:00,56.099998474121094,56.79999923706055,55.599998474121094,55.900001525878906,4906659,0.0,0.0
2024-08-26 11:00:00+08:00,55.900001525878906,57.400001525878906,55.79999923706055,56.29999923706055,6094719,0.0,0.0
2024-08-26 12:00:00+08:00,56.5,56.79999923706055,55.5,55.70000076293945,3127470,0.0,0.0
2024-08-26 13:00:00+08:00,55.70000076293945,55.79999923706055,54.79999923706055,54.79999923706055,3788987,0.0,0.0
2024-08-27 09:00:00+08:00,55.29999923706055,57.0,55.0,56.20000076293945,10863288,0.0,0.0
2024-08-27 10:00:00+08:00,56.20000076293945,56.70000076293945,55.599998474121094,55.70000076293945,3326240,0.0,0.0
2024-08-27 11:00:00+08:00,55.70000076293945,56.20000076293945,55.20000076293945,56.099998474121094,2305408,0.0,0.0
2024-08-27 12:00:00+08:00,56.20000076293945,57.900001525878906,55.70000076293945,57.20000076293945,11177424,0.0,0.0
2024-08-27 13:00:00+08:00,57.20000076293945,57.5,56.70000076293945,57.099998474121094,3284907,0.0,0.0
2024-08-28 09:00:00+08:00,57.599998474121094,58.0,55.900001525878906,55.900001525878906,10000462,0.0,0.0
2024-08-28 10:00:00+08:00,55.900001525878906,56.29999923706055,55.5,56.0,3099584,0.0,0.0
2024-08-28 11:00:00+08:00,56.0,56.20000076293945,55.70000076293945,55.900001525878906,1234584,0.0,0.0
2024-08-28 12:00:00+08:00,55.900001525878906,56.0,55.20000076293945,55.400001525878906,2978365,0.0,0.0
2024-08-28 13:00:00+08:00,55.5,55.79999923706055,55.20000076293945,55.400001525878906,2837371,0.0,0.0
2024-08-29 09:00:00+08:00,54.20000076293945,55.5,52.900001525878906,53.099998474121094,0,0.0,0.0
2024-08-29 10:00:00+08:00,53.099998474121094,53.900001525878906,52.900001525878906,53.400001525878906,2793922,0.0,0.0
2024-08-29 11:00:00+08:00,53.5,53.599998474121094,52.900001525878906,53.0,2037519,0.0,0.0
2024-08-29 12:00:00+08:00,53.0,53.400001525878906,53.0,53.099998474121094,1794433,0.0,0.0
2024-08-29 13:00:00+08:00,53.099998474121094,53.29999923706055,52.70000076293945,52.79999923706055,2434124,0.0,0.0
2024-08-30 09:00:00+08:00,53.29999923706055,53.400001525878906,51.0,52.0,8068623,0.0,0.0
2024-08-30 10:00:00+08:00,52.0,52.5,51.5,51.900001525878906,1823676,0.0,0.0
2024-08-30 11:00:00+08:00,51.900001525878906,51.900001525878906,51.29999923706055,51.5,1404172,0.0,0.0
2024-08-30 12:00:00+08:00,51.599998474121094,52.0,51.5,51.79999923706055,1456017,0.0,0.0
2024-08-30 13:00:00+08:00,51.79999923706055,51.900001525878906,51.400001525878906,51.5,1466731,0.0,0.0
2024-09-02 09:00:00+08:00,52.099998474121094,52.70000076293945,51.5,52.099998474121094,4002343,0.0,0.0
2024-09-02 10:00:00+08:00,52.099998474121094,52.20000076293945,51.5,51.599998474121094,1683369,0.0,0.0
2024-09-02 11:00:00+08:00,51.599998474121094,52.099998474121094,51.400001525878906,51.70000076293945,786231,0.0,0.0
2024-09-02 12:00:00+08:00,51.599998474121094,51.900001525878906,51.5,51.599998474121094,648503,0.0,0.0
2024-09-02 13:00:00+08:00,51.599998474121094,51.79999923706055,51.5,51.599998474121094,729317,0.0,0.0
2024-09-03 09:00:00+08:00,52.400001525878906,54.400001525878906,52.400001525878906,53.29999923706055,6522234,0.0,0.0
2024-09-03 10:00:00+08:00,53.29999923706055,53.400001525878906,52.5,52.5,3127025,0.0,0.0
2024-09-03 11:00:00+08:00,52.5,52.70000076293945,52.0,52.5,2142172,0.0,0.0
2024-09-03 12:00:00+08:00,52.5,52.5,52.0,52.099998474121094,1267844,0.0,0.0
2024-09-03 13:00:00+08:00,52.099998474121094,52.29999923706055,52.0,52.099998474121094,1704901,0.0,0.0
2024-09-04 09:00:00+08:00,49.0,50.79999923706055,47.29999923706055,50.20000076293945,9898764,0.0,0.0
2024-09-04 10:00:00+08:00,50.20000076293945,50.400001525878906,49.70000076293945,49.75,1333151,0.0,0.0
2024-09-04 11:00:00+08:00,49.75,50.099998474121094,49.400001525878906,49.75,1063865,0.0,0.0
2024-09-04 12:00:00+08:00,49.75,49.95000076293945,49.54999923706055,49.599998474121094,793960,0.0,0.0
2024-09-04 13:00:00+08:00,49.54999923706055,49.599998474121094,48.650001525878906,49.0,1992313,0.0,0.0
2024-09-05 09:00:00+08:00,49.54999923706055,50.29999923706055,49.349998474121094,49.45000076293945,3425823,0.0,0.0
2024-09-05 10:00:00+08:00,49.5,49.54999923706055,49.099998474121094,49.349998474121094,841145,0.0,0.0
2024-09-05 11:00:00+08:00,49.349998474121094,49.5,48.70000076293945,48.75,1625502,0.0,0.0
2024-09-05 12:00:00+08:00,48.75,48.79999923706055,47.75,47.849998474121094,2385574,0.0,0.0
2024-09-05 13:00:00+08:00,47.849998474121094,47.900001525878906,47.400001525878906,47.849998474121094,1769057,0.0,0.0
2024-09-06 09:00:00+08:00,48.099998474121094,49.150001525878906,47.900001525878906,48.79999923706055,2611405,0.0,0.0
2024-09-06 10:00:00+08:00,48.79999923706055,49.099998474121094,48.599998474121094,48.849998474121094,1036960,0.0,0.0
2024-09-06 11:00:00+08:00,48.849998474121094,49.04999923706055,48.75,48.95000076293945,636274,0.0,0.0
2024-09-06 12:00:00+08:00,48.95000076293945,49.349998474121094,48.75,49.25,1128673,0.0,0.0
2024-09-06 13:00:00+08:00,49.29999923706055,50.20000076293945,49.25,50.099998474121094,2236773,0.0,0.0
2024-09-09 09:00:00+08:00,48.95000076293945,51.29999923706055,48.79999923706055,50.599998474121094,0,0.0,0.0
2024-09-09 10:00:00+08:00,50.599998474121094,50.70000076293945,50.099998474121094,50.5,1213895,0.0,0.0
2024-09-09 11:00:00+08:00,50.5,50.79999923706055,50.29999923706055,50.5,523033,0.0,0.0
2024-09-09 12:00:00+08:00,50.400001525878906,51.599998474121094,50.20000076293945,51.0,3278761,0.0,0.0
2024-09-09 13:00:00+08:00,51.0,51.70000076293945,51.0,51.70000076293945,1299576,0.0,0.0
2024-09-10 09:00:00+08:00,51.79999923706055,52.900001525878906,50.70000076293945,50.900001525878906,8025086,0.0,0.0
2024-09-10 10:00:00+08:00,51.0,51.0,50.29999923706055,50.79999923706055,1178870,0.0,0.0
2024-09-10 11:00:00+08:00,50.79999923706055,51.0,50.0,50.29999923706055,1504474,0.0,0.0
2024-09-10 12:00:00+08:00,50.29999923706055,50.5,49.25,49.45000076293945,2145278,0.0,0.0
2024-09-10 13:00:00+08:00,49.5,50.0,49.5,49.79999923706055,1536756,0.0,0.0
2024-09-11 09:00:00+08:00,50.599998474121094,51.0,50.099998474121094,50.400001525878906,1925143,0.0,0.0
2024-09-11 10:00:00+08:00,50.400001525878906,50.5,50.0,50.29999923706055,625754,0.0,0.0
2024-09-11 11:00:00+08:00,50.29999923706055,50.29999923706055,49.599998474121094,49.79999923706055,945595,0.0,0.0
2024-09-11 12:00:00+08:00,49.79999923706055,49.79999923706055,49.20000076293945,49.54999923706055,770251,0.0,0.0
2024-09-11 13:00:00+08:00,49.5,49.650001525878906,49.45000076293945,49.5,625872,0.0,0.0
2024-09-12 09:00:00+08:00,50.29999923706055,50.900001525878906,49.70000076293945,50.099998474121094,2805487,0.0,0.0
2024-09-12 10:00:00+08:00,50.099998474121094,50.29999923706055,49.95000076293945,50.0,383216,0.0,0.0
2024-09-12 11:00:00+08:00,50.0,50.0,49.849998474121094,49.849998474121094,227184,0.0,0.0
2024-09-12 12:00:00+08:00,49.849998474121094,49.849998474121094,48.900001525878906,49.29999923706055,1763763,0.0,0.0
2024-09-12 13:00:00+08:00,49.29999923706055,49.349998474121094,49.04999923706055,49.099998474121094,925212,0.0,0.0
2024-09-13 09:00:00+08:00,49.04999923706055,49.5,47.900001525878906,48.0,3558465,0.0,0.0
2024-09-13 10:00:00+08:00,48.0,48.20000076293945,47.70000076293945,48.0,958771,0.0,0.0
2024-09-13 11:00:00+08:00,48.0,48.349998474121094,48.0,48.25,1180196,0.0,0.0
2024-09-13 12:00:00+08:00,48.25,48.45000076293945,48.20000076293945,48.25,441101,0.0,0.0
2024-09-13 13:00:00+08:00,48.25,48.29999923706055,48.20000076293945,48.25,635889,0.0,0.0
2024-09-16 09:00:00+08:00,48.20000076293945,49.0,47.099998474121094,47.20000076293945,0,0.0,0.0
2024-09-16 10:00:00+08:00,47.20000076293945,47.349998474121094,46.650001525878906,46.849998474121094,2274212,0.0,0.0
2024-09-16 11:00:00+08:00,46.849998474121094,46.95000076293945,46.70000076293945,46.75,1032846,0.0,0.0
2024-09-16 12:00:00+08:00,46.75,46.95000076293945,46.5,46.54999923706055,1336633,0.0,0.0
2024-09-16 13:00:00+08:00,46.5,46.5,45.599998474121094,46.0,2762144,0.0,0.0
2024-09-18 09:00:00+08:00,46.0,46.599998474121094,45.849998474121094,46.45000076293945,3160409,0.0,0.0
2024-09-18 10:00:00+08:00,46.400001525878906,46.5,45.75,45.79999923706055,1191687,0.0,0.0
2024-09-18 11:00:00+08:00,45.849998474121094,45.849998474121094,44.5,44.79999923706055,3200915,0.0,0.0
2024-09-18 12:00:00+08:00,44.79999923706055,45.099998474121094,44.5,44.599998474121094,1557051,0.0,0.0
2024-09-18 13:00:00+08:00,44.599998474121094,44.650001525878906,44.20000076293945,44.25,1421802,0.0,0.0
2024-09-19 09:00:00+08:00,44.54999923706055,44.849998474121094,43.599998474121094,43.900001525878906,3176209,0.0,0.0
2024-09-19 10:00:00+08:00,43.849998474121094,44.20000076293945,43.79999923706055,44.0,1144290,0.0,0.0
2024-09-19 11:00:00+08:00,44.0,45.29999923706055,44.0,44.849998474121094,2240702,0.0,0.0
2024-09-19 12:00:00+08:00,44.900001525878906,45.5,44.849998474121094,45.349998474121094,1783600,0.0,0.0
2024-09-19 13:00:00+08:00,45.400001525878906,45.650001525878906,45.29999923706055,45.650001525878906,958411,0.0,0.0
2024-09-20 09:00:00+08:00,46.0,46.75,45.25,45.29999923706055,3664049,0.0,0.0
2024-09-20 10:00:00+08:00,45.349998474121094,45.45000076293945,44.650001525878906,45.0,926661,0.0,0.0
2024-09-20 11:00:00+08:00,44.95000076293945,45.20000076293945,44.79999923706055,44.79999923706055,542239,0.0,0.0
2024-09-20 12:00:00+08:00,44.849998474121094,45.0,44.70000076293945,44.79999923706055,612079,0.0,0.0
2024-09-20 13:00:00+08:00,44.849998474121094,44.849998474121094,44.650001525878906,44.650001525878906,759750,0.0,0.0
2024-09-23 09:00:00+08:00,45.099998474121094,47.70000076293945,44.20000076293945,47.20000076293945,0,0.0,0.0
2024-09-23 10:00:00+08:00,47.20000076293945,48.0,47.04999923706055,47.29999923706055,3559295,0.0,0.0
2024-09-23 11:00:00+08:00,47.349998474121094,47.54999923706055,46.5,47.29999923706055,2218481,0.0,0.0
2024-09-23 12:00:00+08:00,47.29999923706055,47.5,47.150001525878906,47.29999923706055,832436,0.0,0.0
2024-09-23 13:00:00+08:00,47.29999923706055,47.29999923706055,47.04999923706055,47.099998474121094,1051836,0.0,0.0
2024-09-24 09:00:00+08:00,47.70000076293945,47.75,46.400001525878906,46.54999923706055,4381909,0.0,0.0
2024-09-24 10:00:00+08:00,46.54999923706055,46.79999923706055,46.20000076293945,46.599998474121094,817013,0.0,0.0
2024-09-24 11:00:00+08:00,46.599998474121094,47.0,46.400001525878906,46.54999923706055,832185,0.0,0.0
2024-09-24 12:00:00+08:00,46.54999923706055,47.0,46.5,46.79999923706055,868740,0.0,0.0
2024-09-24 13:00:00+08:00,46.849998474121094,47.25,46.75,47.20000076293945,1198767,0.0,0.0
2024-09-25 09:00:00+08:00,47.79999923706055,47.900001525878906,47.29999923706055,47.5,2097504,0.0,0.0
2024-09-25 10:00:00+08:00,47.54999923706055,47.54999923706055,47.20000076293945,47.29999923706055,592374,0.0,0.0
2024-09-25 11:00:00+08:00,47.29999923706055,47.400001525878906,47.0,47.0,583713,0.0,0.0
2024-09-25 12:00:00+08:00,47.04999923706055,47.29999923706055,46.849998474121094,46.95000076293945,721263,0.0,0.0
2024-09-25 13:00:00+08:00,46.900001525878906,47.0,46.849998474121094,46.849998474121094,664781,0.0,0.0
2024-09-26 09:00:00+08:00,47.95000076293945,50.79999923706055,47.95000076293945,48.54999923706055,8010441,0.0,0.0
2024-09-26 10:00:00+08:00,48.599998474121094,49.70000076293945,48.29999923706055,49.29999923706055,3725550,0.0,0.0
2024-09-26 11:00:00+08:00,49.349998474121094,49.349998474121094,48.599998474121094,48.79999923706055,817128,0.0,0.0
2024-09-26 12:00:00+08:00,48.75,48.849998474121094,48.20000076293945,48.25,1953395,0.0,0.0
2024-09-26 13:00:00+08:00,48.25,48.349998474121094,47.79999923706055,48.04999923706055,1966949,0.0,0.0
2024-09-27 09:00:00+08:00,48.20000076293945,49.0,47.75,48.650001525878906,3622424,0.0,0.0
2024-09-27 10:00:00+08:00,48.599998474121094,48.75,47.599998474121094,47.650001525878906,1388203,0.0,0.0
2024-09-27 11:00:00+08:00,47.650001525878906,47.75,47.349998474121094,47.5,686668,0.0,0.0
2024-09-27 12:00:00+08:00,47.5,47.70000076293945,47.45000076293945,47.599998474121094,459160,0.0,0.0
2024-09-27 13:00:00+08:00,47.599998474121094,47.599998474121094,47.29999923706055,47.29999923706055,907741,0.0,0.0
2024-09-30 09:00:00+08:00,47.04999923706055,47.400001525878906,46.0,46.349998474121094,0,0.0,0.0
2024-09-30 10:00:00+08:00,46.400001525878906,46.75,46.099998474121094,46.400001525878906,706899,0.0,0.0
2024-09-30 11:00:00+08:00,46.400001525878906,46.54999923706055,46.20000076293945,46.400001525878906,239437,0.0,0.0
2024-09-30 12:00:00+08:00,46.349998474121094,46.5,45.79999923706055,45.900001525878906,1109090,0.0,0.0
2024-09-30 13:00:00+08:00,45.849998474121094,45.95000076293945,45.70000076293945,45.70000076293945,882994,0.0,0.0
2024-10-01 09:00:00+08:00,45.70000076293945,46.25,45.349998474121094,45.45000076293945,1389527,0.0,0.0
2024-10-01 10:00:00+08:00,45.45000076293945,45.650001525878906,45.0,45.04999923706055,912926,0.0,0.0
2024-10-01 11:00:00+08:00,45.04999923706055,45.099998474121094,44.70000076293945,45.0,936182,0.0,0.0
2024-10-01 12:00:00+08:00,45.0,46.29999923706055,44.849998474121094,46.0,1676077,0.0,0.0
2024-10-01 13:00:00+08:00,46.0,46.099998474121094,45.79999923706055,45.849998474121094,537099,0.0,0.0
2024-10-04 09:00:00+08:00,46.0,46.20000076293945,44.70000076293945,44.70000076293945,0,0.0,0.0
2024-10-04 10:00:00+08:00,44.70000076293945,45.150001525878906,44.70000076293945,44.849998474121094,575624,0.0,0.0
2024-10-04 11:00:00+08:00,44.849998474121094,44.900001525878906,44.650001525878906,44.79999923706055,455813,0.0,0.0
2024-10-04 12:00:00+08:00,44.79999923706055,44.79999923706055,44.400001525878906,44.400001525878906,744835,0.0,0.0
2024-10-04 13:00:00+08:00,44.400001525878906,44.5,44.349998474121094,44.400001525878906,464988,0.0,0.0
2024-10-07 09:00:00+08:00,44.45000076293945,45.70000076293945,44.29999923706055,45.54999923706055,0,0.0,0.0
2024-10-07 10:00:00+08:00,45.54999923706055,45.54999923706055,45.099998474121094,45.29999923706055,275375,0.0,0.0
2024-10-07 11:00:00+08:00,45.349998474121094,45.5,45.20000076293945,45.20000076293945,278370,0.0,0.0
2024-10-07 12:00:00+08:00,45.20000076293945,45.25,45.0,45.20000076293945,305267,0.0,0.0
2024-10-07 13:00:00+08:00,45.20000076293945,45.45000076293945,45.150001525878906,45.45000076293945,346808,0.0,0.0
2024-10-08 09:00:00+08:00,45.04999923706055,45.29999923706055,44.70000076293945,44.900001525878906,758286,0.0,0.0
2024-10-08 10:00:00+08:00,44.95000076293945,45.04999923706055,44.599998474121094,44.70000076293945,369015,0.0,0.0
2024-10-08 11:00:00+08:00,44.75,44.900001525878906,44.70000076293945,44.79999923706055,156985,0.0,0.0
2024-10-08 12:00:00+08:00,44.79999923706055,45.04999923706055,44.70000076293945,45.0,244438,0.0,0.0
2024-10-08 13:00:00+08:00,44.900001525878906,44.95000076293945,44.70000076293945,44.75,271510,0.0,0.0
2024-10-09 09:00:00+08:00,45.20000076293945,46.79999923706055,45.20000076293945,45.79999923706055,3261363,0.0,0.0
2024-10-09 10:00:00+08:00,45.849998474121094,45.849998474121094,45.099998474121094,45.150001525878906,1015472,0.0,0.0
2024-10-09 11:00:00+08:00,45.150001525878906,45.400001525878906,45.099998474121094,45.20000076293945,310770,0.0,0.0
2024-10-09 12:00:00+08:00,45.20000076293945,45.20000076293945,44.75,44.849998474121094,748146,0.0,0.0
2024-10-09 13:00:00+08:00,44.79999923706055,44.849998474121094,44.5,44.54999923706055,819062,0.0,0.0
2024-10-11 09:00:00+08:00,45.0,45.04999923706055,43.599998474121094,44.0,0,0.0,0.0
2024-10-11 10:00:00+08:00,44.0,44.20000076293945,43.70000076293945,44.099998474121094,630415,0.0,0.0
2024-10-11 11:00:00+08:00,44.099998474121094,44.400001525878906,44.0,44.29999923706055,338314,0.0,0.0
2024-10-11 12:00:00+08:00,44.29999923706055,44.29999923706055,44.0,44.04999923706055,316946,0.0,0.0
2024-10-11 13:00:00+08:00,44.099998474121094,44.29999923706055,44.0,44.099998474121094,464422,0.0,0.0
2024-10-14 09:00:00+08:00,44.349998474121094,44.75,44.099998474121094,44.099998474121094,0,0.0,0.0
2024-10-14 10:00:00+08:00,44.099998474121094,44.29999923706055,43.70000076293945,43.79999923706055,739287,0.0,0.0
2024-10-14 11:00:00+08:00,43.79999923706055,44.099998474121094,43.70000076293945,44.0,408883,0.0,0.0
2024-10-14 12:00:00+08:00,44.0,44.0,43.70000076293945,43.70000076293945,432045,0.0,0.0
2024-10-14 13:00:00+08:00,43.75,43.79999923706055,43.45000076293945,43.45000076293945,1002245,0.0,0.0
2024-10-15 09:00:00+08:00,43.75,44.04999923706055,43.650001525878906,43.75,0,0.0,0.0
2024-10-15 10:00:00+08:00,43.75,43.849998474121094,43.5,43.5,405977,0.0,0.0
2024-10-15 11:00:00+08:00,43.5,43.5,43.04999923706055,43.099998474121094,572540,0.0,0.0
2024-10-15 12:00:00+08:00,43.099998474121094,43.20000076293945,42.75,42.849998474121094,823167,0.0,0.0
2024-10-15 13:00:00+08:00,42.79999923706055,42.79999923706055,42.150001525878906,42.20000076293945,908360,0.0,0.0
2024-10-16 09:00:00+08:00,42.099998474121094,42.650001525878906,42.0,42.400001525878906,0,0.0,0.0
2024-10-16 10:00:00+08:00,42.400001525878906,42.54999923706055,42.25,42.5,284649,0.0,0.0
2024-10-16 11:00:00+08:00,42.54999923706055,43.20000076293945,42.45000076293945,42.849998474121094,709302,0.0,0.0
2024-10-16 12:00:00+08:00,42.75,42.75,42.400001525878906,42.45000076293945,275084,0.0,0.0
2024-10-16 13:00:00+08:00,42.45000076293945,42.5,42.20000076293945,42.25,471288,0.0,0.0
2024-10-17 09:00:00+08:00,42.400001525878906,43.599998474121094,42.25,43.54999923706055,0,0.0,0.0
2024-10-17 10:00:00+08:00,43.54999923706055,44.25,43.349998474121094,43.900001525878906,1585787,0.0,0.0
2024-10-17 11:00:00+08:00,43.900001525878906,44.099998474121094,43.70000076293945,43.849998474121094,443373,0.0,0.0
2024-10-17 12:00:00+08:00,43.849998474121094,43.95000076293945,43.70000076293945,43.79999923706055,302645,0.0,0.0
2024-10-17 13:00:00+08:00,43.75,44.0,43.75,43.900001525878906,445328,0.0,0.0
2024-10-18 09:00:00+08:00,43.95000076293945,44.79999923706055,43.849998474121094,44.0,0,0.0,0.0
2024-10-18 10:00:00+08:00,44.0,44.20000076293945,43.75,44.099998474121094,780008,0.0,0.0
2024-10-18 11:00:00+08:00,44.150001525878906,44.25,43.650001525878906,43.650001525878906,351983,0.0,0.0
2024-10-18 12:00:00+08:00,43.599998474121094,43.70000076293945,43.099998474121094,43.25,636639,0.0,0.0
2024-10-18 13:00:00+08:00,43.20000076293945,43.349998474121094,43.150001525878906,43.29999923706055,391153,0.0,0.0
2024-10-21 09:00:00+08:00,43.400001525878906,43.75,42.900001525878906,43.150001525878906,0,0.0,0.0
2024-10-21 10:00:00+08:00,43.099998474121094,43.150001525878906,42.70000076293945,42.70000076293945,680970,0.0,0.0
2024-10-21 11:00:00+08:00,42.79999923706055,42.900001525878906,42.75,42.849998474121094,353963,0.0,0.0
2024-10-21 12:00:00+08:00,42.849998474121094,43.0,42.849998474121094,42.900001525878906,366128,0.0,0.0
2024-10-21 13:00:00+08:00,42.900001525878906,42.95000076293945,42.79999923706055,42.79999923706055,351345,0.0,0.0
2024-10-22 09:00:00+08:00,43.0,43.29999923706055,42.599998474121094,42.79999923706055,0,0.0,0.0
2024-10-22 10:00:00+08:00,42.79999923706055,42.95000076293945,42.75,42.900001525878906,151973,0.0,0.0
2024-10-22 11:00:00+08:00,42.95000076293945,42.95000076293945,42.70000076293945,42.70000076293945,185978,0.0,0.0
2024-10-22 12:00:00+08:00,42.70000076293945,42.75,42.54999923706055,42.54999923706055,371878,0.0,0.0
2024-10-22 13:00:00+08:00,42.54999923706055,42.95000076293945,42.5,42.70000076293945,341596,0.0,0.0
2024-10-23 09:00:00+08:00,42.849998474121094,44.650001525878906,42.849998474121094,43.54999923706055,999440,0.0,0.0
2024-10-23 10:00:00+08:00,43.54999923706055,43.95000076293945,43.45000076293945,43.75,595583,0.0,0.0
2024-10-23 11:00:00+08:00,43.75,43.79999923706055,43.5,43.5,405394,0.0,0.0
2024-10-23 12:00:00+08:00,43.5,43.54999923706055,43.400001525878906,43.400001525878906,389598,0.0,0.0
2024-10-23 13:00:00+08:00,43.400001525878906,43.5,43.349998474121094,43.45000076293945,274256,0.0,0.0
2024-10-24 09:00:00+08:00,43.5,43.599998474121094,42.349998474121094,42.599998474121094,1138037,0.0,0.0
2024-10-24 10:00:00+08:00,42.599998474121094,42.650001525878906,42.400001525878906,42.45000076293945,374412,0.0,0.0
2024-10-24 11:00:00+08:00,42.45000076293945,42.54999923706055,42.20000076293945,42.20000076293945,479895,0.0,0.0
2024-10-24 12:00:00+08:00,42.20000076293945,42.20000076293945,41.75,41.79999923706055,1027275,0.0,0.0
2024-10-24 13:00:00+08:00,41.79999923706055,41.79999923706055,41.54999923706055,41.599998474121094,484859,0.0,0.0
2024-10-25 09:00:00+08:00,41.5,42.25,40.95000076293945,41.04999923706055,0,0.0,0.0
2024-10-25 10:00:00+08:00,41.04999923706055,41.25,40.75,40.849998474121094,808503,0.0,0.0
2024-10-25 11:00:00+08:00,40.849998474121094,40.95000076293945,40.79999923706055,40.900001525878906,254241,0.0,0.0
2024-10-25 12:00:00+08:00,40.849998474121094,40.95000076293945,40.20000076293945,40.349998474121094,1396009,0.0,0.0
2024-10-25 13:00:00+08:00,40.400001525878906,40.70000076293945,40.25,40.650001525878906,630229,0.0,0.0
2024-10-28 09:00:00+08:00,40.70000076293945,41.599998474121094,40.0,40.45000076293945,0,0.0,0.0
2024-10-28 10:00:00+08:00,40.349998474121094,40.599998474121094,40.150001525878906,40.25,276204,0.0,0.0
2024-10-28 11:00:00+08:00,40.25,40.29999923706055,40.0,40.04999923706055,279558,0.0,0.0
2024-10-28 12:00:00+08:00,40.04999923706055,40.25,39.900001525878906,40.099998474121094,891566,0.0,0.0
2024-10-28 13:00:00+08:00,40.099998474121094,40.25,39.900001525878906,39.900001525878906,438931,0.0,0.0
2024-10-29 09:00:00+08:00,40.0,40.20000076293945,39.25,39.29999923706055,1228753,0.0,0.0
2024-10-29 10:00:00+08:00,39.29999923706055,39.29999923706055,38.95000076293945,39.150001525878906,0,0.0,0.0
2024-10-29 11:00:00+08:00,39.20000076293945,39.29999923706055,38.95000076293945,39.20000076293945,2641312,0.0,0.0
2024-10-29 12:00:00+08:00,39.20000076293945,39.29999923706055,39.04999923706055,39.099998474121094,323239,0.0,0.0
2024-10-29 13:00:00+08:00,39.099998474121094,39.25,39.04999923706055,39.099998474121094,391827,0.0,0.0
2024-10-30 09:00:00+08:00,39.900001525878906,39.900001525878906,39.150001525878906,39.54999923706055,0,0.0,0.0
2024-10-30 10:00:00+08:00,39.599998474121094,39.599998474121094,39.29999923706055,39.349998474121094,233419,0.0,0.0
2024-10-30 11:00:00+08:00,39.29999923706055,39.5,39.20000076293945,39.29999923706055,227669,0.0,0.0
2024-10-30 12:00:00+08:00,39.29999923706055,39.70000076293945,39.25,39.349998474121094,251225,0.0,0.0
2024-10-30 13:00:00+08:00,39.349998474121094,39.599998474121094,39.349998474121094,39.400001525878906,320427,0.0,0.0
2024-11-01 09:00:00+08:00,39.0,39.400001525878906,38.25,39.099998474121094,0,0.0,0.0
2024-11-01 10:00:00+08:00,39.099998474121094,39.099998474121094,38.599998474121094,38.70000076293945,473444,0.0,0.0
2024-11-01 11:00:00+08:00,38.75,38.95000076293945,38.70000076293945,38.95000076293945,267631,0.0,0.0
2024-11-01 12:00:00+08:00,38.95000076293945,39.20000076293945,38.95000076293945,39.20000076293945,188549,0.0,0.0
2024-11-01 13:00:00+08:00,39.20000076293945,39.29999923706055,39.099998474121094,39.20000076293945,246461,0.0,0.0
