Datetime,Open,High,Low,Close,Volume,Dividends,Stock Splits
2022-11-03 09:30:00-04:00,1.9600000381469727,1.9704999923706055,1.9600000381469727,1.9704999923706055,0,0.0,0.0
2022-11-03 10:30:00-04:00,2.059999942779541,2.059999942779541,2.0399999618530273,2.0399999618530273,432,0.0,0.0
2022-11-03 11:30:00-04:00,1.9900000095367432,2.0399999618530273,1.9900000095367432,2.0399999618530273,238,0.0,0.0
2022-11-03 12:30:00-04:00,1.9900000095367432,1.9900000095367432,1.9900000095367432,1.9900000095367432,141,0.0,0.0
2022-11-03 13:30:00-04:00,2.015000104904175,2.015000104904175,2.015000104904175,2.015000104904175,205,0.0,0.0
2022-11-03 14:30:00-04:00,2.017899990081787,2.059999942779541,2.017899990081787,2.059999942779541,1356,0.0,0.0
2022-11-04 09:30:00-04:00,2.059999942779541,2.059999942779541,2.059999942779541,2.059999942779541,607,0.0,0.0
2022-11-04 10:30:00-04:00,1.9782999753952026,2.0350000858306885,1.9600000381469727,2.0250000953674316,4299,0.0,0.0
2022-11-04 12:30:00-04:00,2.0250000953674316,2.0250000953674316,1.899999976158142,1.899999976158142,6786,0.0,0.0
2022-11-07 09:30:00-05:00,1.9299999475479126,1.9850000143051147,1.9299999475479126,1.9850000143051147,564,0.0,0.0
2022-11-07 10:30:00-05:00,2.0799999237060547,2.0799999237060547,2.0799999237060547,2.0799999237060547,194,0.0,0.0
2022-11-07 13:30:00-05:00,2.0864999294281006,2.0864999294281006,2.0864999294281006,2.0864999294281006,0,0.0,0.0
2022-11-08 09:30:00-05:00,1.9204000234603882,1.9204000234603882,1.9204000234603882,1.9204000234603882,272,0.0,0.0
2022-11-08 10:30:00-05:00,1.922700047492981,1.922700047492981,1.922700047492981,1.922700047492981,331,0.0,0.0
2022-11-09 09:30:00-05:00,1.940000057220459,2.0,1.899999976158142,2.0,0,0.0,0.0
2022-11-10 10:30:00-05:00,2.01990008354187,2.0899999141693115,2.01990008354187,2.074899911880493,472,0.0,0.0
2022-11-10 11:30:00-05:00,2.0399999618530273,2.0399999618530273,2.0399999618530273,2.0399999618530273,224,0.0,0.0
2022-11-10 12:30:00-05:00,1.9982999563217163,1.9982999563217163,1.9982999563217163,1.9982999563217163,165,0.0,0.0
2022-11-10 15:30:00-05:00,2.0899999141693115,2.0899999141693115,2.0799999237060547,2.0799999237060547,566,0.0,0.0
2022-11-11 09:30:00-05:00,2.0999999046325684,2.0999999046325684,2.0999999046325684,2.0999999046325684,0,0.0,0.0
2022-11-14 09:30:00-05:00,2.0899999141693115,2.0899999141693115,2.0899999141693115,2.0899999141693115,272,0.0,0.0
2022-11-15 09:30:00-05:00,2.0799999237060547,2.0799999237060547,2.0299999713897705,2.0299999713897705,288,0.0,0.0
2022-11-15 12:30:00-05:00,2.0399999618530273,2.0399999618530273,1.9900000095367432,1.9900000095367432,302,0.0,0.0
2022-11-15 14:30:00-05:00,2.0199999809265137,2.0199999809265137,2.0199999809265137,2.0199999809265137,200,0.0,0.0
2022-11-15 15:30:00-05:00,2.0,2.0,1.9900000095367432,1.9900000095367432,980,0.0,0.0
2022-11-16 14:30:00-05:00,2.0,2.0,1.9800000190734863,1.9800000190734863,115,0.0,0.0
2022-11-17 15:30:00-05:00,2.059999942779541,2.059999942779541,2.059999942779541,2.059999942779541,31,0.0,0.0
2022-11-21 11:30:00-05:00,1.9901000261306763,1.9901000261306763,1.9901000261306763,1.9901000261306763,278,0.0,0.0
2022-11-21 14:30:00-05:00,2.0799999237060547,2.0799999237060547,2.0799999237060547,2.0799999237060547,293,0.0,0.0
2022-11-21 15:30:00-05:00,2.0999999046325684,2.0999999046325684,2.0999999046325684,2.0999999046325684,0,0.0,0.0
2022-11-22 09:30:00-05:00,1.9900000095367432,2.0,1.9900000095367432,2.0,735,0.0,0.0
2022-11-22 11:30:00-05:00,2.049999952316284,2.049999952316284,2.049999952316284,2.049999952316284,212,0.0,0.0
2022-11-22 14:30:00-05:00,2.009999990463257,2.009999990463257,2.0000998973846436,2.0000998973846436,0,0.0,0.0
2022-11-23 11:30:00-05:00,2.009999990463257,2.009999990463257,2.009999990463257,2.009999990463257,293,0.0,0.0
2022-11-28 10:30:00-05:00,2.068700075149536,2.068700075149536,1.9313000440597534,1.9313000440597534,185,0.0,0.0
2022-11-28 14:30:00-05:00,1.9306000471115112,1.9306000471115112,1.9306000471115112,1.9306000471115112,104,0.0,0.0
2022-11-28 15:30:00-05:00,2.059999942779541,2.069999933242798,2.059999942779541,2.059999942779541,0,0.0,0.0
2022-11-29 09:30:00-05:00,1.9900000095367432,1.9900000095367432,1.9900000095367432,1.9900000095367432,393,0.0,0.0
2022-11-29 15:30:00-05:00,1.9600000381469727,1.9600000381469727,1.9600000381469727,1.9600000381469727,0,0.0,0.0
2022-12-01 10:30:00-05:00,2.0201001167297363,2.0201001167297363,2.0199999809265137,2.0199999809265137,506,0.0,0.0
2022-12-01 13:30:00-05:00,2.0190000534057617,2.0190000534057617,1.944000005722046,1.944000005722046,852,0.0,0.0
2022-12-01 15:30:00-05:00,2.0199999809265137,2.0199999809265137,2.0199999809265137,2.0199999809265137,373,0.0,0.0
2022-12-05 09:30:00-05:00,2.0,2.0,1.9500000476837158,2.0,263,0.0,0.0
2022-12-05 10:30:00-05:00,2.0,2.0,2.0,2.0,1062,0.0,0.0
2022-12-05 11:30:00-05:00,2.069999933242798,2.069999933242798,2.059999942779541,2.069999933242798,1287,0.0,0.0
2022-12-05 12:30:00-05:00,2.069999933242798,2.069999933242798,2.069999933242798,2.069999933242798,176,0.0,0.0
2022-12-05 13:30:00-05:00,2.069999933242798,2.069999933242798,2.069999933242798,2.069999933242798,1450,0.0,0.0
2022-12-05 14:30:00-05:00,2.069999933242798,2.069999933242798,2.069999933242798,2.069999933242798,488,0.0,0.0
2022-12-05 15:30:00-05:00,2.069999933242798,2.069999933242798,2.069999933242798,2.069999933242798,3249,0.0,0.0
2022-12-06 09:30:00-05:00,2.049999952316284,2.049999952316284,2.049999952316284,2.049999952316284,1667,0.0,0.0
2022-12-06 10:30:00-05:00,1.9800000190734863,1.9800000190734863,1.9800000190734863,1.9800000190734863,586,0.0,0.0
2022-12-06 11:30:00-05:00,2.069999933242798,2.069999933242798,2.069999933242798,2.069999933242798,830,0.0,0.0
2022-12-06 13:30:00-05:00,2.069999933242798,2.069999933242798,2.069999933242798,2.069999933242798,904,0.0,0.0
2022-12-06 14:30:00-05:00,2.069999933242798,2.069999933242798,2.069999933242798,2.069999933242798,244,0.0,0.0
2022-12-06 15:30:00-05:00,2.069999933242798,2.069999933242798,2.069999933242798,2.069999933242798,0,0.0,0.0
2022-12-07 13:30:00-05:00,2.0999999046325684,2.0999999046325684,2.0999999046325684,2.0999999046325684,486,0.0,0.0
2022-12-08 09:30:00-05:00,2.1500000953674316,2.1500000953674316,2.1500000953674316,2.1500000953674316,0,0.0,0.0
2022-12-08 12:30:00-05:00,2.119999885559082,2.119999885559082,2.009999990463257,2.119999885559082,1010,0.0,0.0
2022-12-08 13:30:00-05:00,2.140000104904175,2.140000104904175,2.140000104904175,2.140000104904175,446,0.0,0.0
2022-12-08 14:30:00-05:00,2.140000104904175,2.140000104904175,2.075000047683716,2.075000047683716,397,0.0,0.0
2022-12-08 15:30:00-05:00,2.140000104904175,2.140000104904175,2.140000104904175,2.140000104904175,0,0.0,0.0
2022-12-09 13:30:00-05:00,2.1500000953674316,2.1500000953674316,2.1500000953674316,2.1500000953674316,1087,0.0,0.0
2022-12-09 14:30:00-05:00,2.1500000953674316,2.1500000953674316,2.1500000953674316,2.1500000953674316,1817,0.0,0.0
2022-12-09 15:30:00-05:00,2.1500000953674316,2.1500000953674316,2.1500000953674316,2.1500000953674316,184,0.0,0.0
2022-12-12 09:30:00-05:00,2.180000066757202,2.180000066757202,2.1500000953674316,2.1500000953674316,0,0.0,0.0
2022-12-12 10:30:00-05:00,2.1700000762939453,2.1700000762939453,2.1700000762939453,2.1700000762939453,943,0.0,0.0
2022-12-12 12:30:00-05:00,2.1700000762939453,2.1700000762939453,2.1700000762939453,2.1700000762939453,676,0.0,0.0
2022-12-12 13:30:00-05:00,2.0999999046325684,2.0999999046325684,2.0999999046325684,2.0999999046325684,982,0.0,0.0
2022-12-12 15:30:00-05:00,2.180000066757202,2.2249999046325684,2.180000066757202,2.2249999046325684,0,0.0,0.0
2022-12-14 10:30:00-05:00,2.0899999141693115,2.0899999141693115,2.0899999141693115,2.0899999141693115,1093,0.0,0.0
2022-12-14 14:30:00-05:00,2.0999999046325684,2.140000104904175,2.0999999046325684,2.140000104904175,1738,0.0,0.0
2022-12-14 15:30:00-05:00,2.0199999809265137,2.0199999809265137,2.0,2.0,977,0.0,0.0
2022-12-15 09:30:00-05:00,2.049999952316284,2.049999952316284,2.049999952316284,2.049999952316284,0,0.0,0.0
2022-12-15 10:30:00-05:00,2.2200000286102295,2.2200000286102295,2.2100000381469727,2.2100000381469727,301,0.0,0.0
2022-12-15 11:30:00-05:00,2.2100000381469727,2.2100000381469727,2.200000047683716,2.200000047683716,1067,0.0,0.0
2022-12-15 12:30:00-05:00,2.180000066757202,2.180000066757202,2.180000066757202,2.180000066757202,1303,0.0,0.0
2022-12-15 13:30:00-05:00,2.180000066757202,2.180000066757202,2.0000998973846436,2.180000066757202,2437,0.0,0.0
2022-12-15 14:30:00-05:00,2.180000066757202,2.180000066757202,2.180000066757202,2.180000066757202,960,0.0,0.0
2022-12-15 15:30:00-05:00,2.0899999141693115,2.25,2.0899999141693115,2.1500000953674316,2308,0.0,0.0
2022-12-16 09:30:00-05:00,2.140000104904175,2.2200000286102295,2.140000104904175,2.2200000286102295,1714,0.0,0.0
2022-12-16 10:30:00-05:00,2.200000047683716,2.2799999713897705,2.125,2.25,4483,0.0,0.0
2022-12-16 11:30:00-05:00,2.2799999713897705,2.2799999713897705,2.1236000061035156,2.1600000858306885,2634,0.0,0.0
2022-12-16 12:30:00-05:00,2.25,2.25,2.130000114440918,2.25,2917,0.0,0.0
2022-12-16 13:30:00-05:00,2.25,2.25,2.140000104904175,2.25,1384,0.0,0.0
2022-12-16 14:30:00-05:00,2.25,2.25,2.0999999046325684,2.2300000190734863,3634,0.0,0.0
2022-12-16 15:30:00-05:00,2.0199999809265137,2.2200000286102295,1.899999976158142,1.909999966621399,6630,0.0,0.0
2022-12-19 09:30:00-05:00,2.0199999809265137,2.0199999809265137,2.0199999809265137,2.0199999809265137,0,0.0,0.0
2022-12-19 10:30:00-05:00,2.049999952316284,2.059999942779541,2.0399999618530273,2.0399999618530273,613,0.0,0.0
2022-12-19 11:30:00-05:00,1.9199999570846558,1.930799961090088,1.9199999570846558,1.930799961090088,1216,0.0,0.0
2022-12-19 13:30:00-05:00,1.9199999570846558,1.9249999523162842,1.9199999570846558,1.9249999523162842,1798,0.0,0.0
2022-12-19 15:30:00-05:00,1.9199999570846558,1.9299999475479126,1.9199999570846558,1.9299999475479126,1746,0.0,0.0
2022-12-20 10:30:00-05:00,1.9200999736785889,1.9200999736785889,1.9200999736785889,1.9200999736785889,246,0.0,0.0
2022-12-20 15:30:00-05:00,1.940000057220459,1.9500000476837158,1.922700047492981,1.940000057220459,0,0.0,0.0
2022-12-22 09:30:00-05:00,1.9299999475479126,1.9299999475479126,1.9299999475479126,1.9299999475479126,0,0.0,0.0
2022-12-22 10:30:00-05:00,1.9299999475479126,2.047499895095825,1.9199999570846558,2.047499895095825,913,0.0,0.0
2022-12-22 11:30:00-05:00,2.0399999618530273,2.0399999618530273,2.0399999618530273,2.0399999618530273,566,0.0,0.0
2022-12-22 14:30:00-05:00,2.0399999618530273,2.0399999618530273,2.0399999618530273,2.0399999618530273,1094,0.0,0.0
2022-12-22 15:30:00-05:00,2.051800012588501,2.051800012588501,2.049999952316284,2.049999952316284,779,0.0,0.0
2022-12-23 09:30:00-05:00,2.049999952316284,2.049999952316284,2.049999952316284,2.049999952316284,0,0.0,0.0
2022-12-27 09:30:00-05:00,2.069999933242798,2.069999933242798,2.069999933242798,2.069999933242798,0,0.0,0.0
2022-12-27 12:30:00-05:00,2.2200000286102295,2.2200000286102295,2.1449999809265137,2.1449999809265137,394,0.0,0.0
2022-12-28 09:30:00-05:00,2.0899999141693115,2.0899999141693115,2.0899999141693115,2.0899999141693115,0,0.0,0.0
2022-12-28 10:30:00-05:00,1.9677000045776367,1.9677000045776367,1.9677000045776367,1.9677000045776367,309,0.0,0.0
2022-12-29 09:30:00-05:00,1.9700000286102295,1.9700000286102295,1.9700000286102295,1.9700000286102295,0,0.0,0.0
2022-12-30 09:30:00-05:00,2.1700000762939453,2.1700000762939453,1.9351999759674072,1.9351999759674072,466,0.0,0.0
2022-12-30 10:30:00-05:00,2.2200000286102295,2.2200000286102295,1.9021999835968018,1.9021999835968018,1950,0.0,0.0
2022-12-30 15:30:00-05:00,1.9600000381469727,1.9600000381469727,1.9600000381469727,1.9600000381469727,451,0.0,0.0
2023-01-03 09:30:00-05:00,1.9800000190734863,1.9800000190734863,1.9800000190734863,1.9800000190734863,0,0.0,0.0
2023-01-04 09:30:00-05:00,1.940000057220459,1.940000057220459,1.940000057220459,1.940000057220459,288,0.0,0.0
2023-01-04 12:30:00-05:00,1.9800000190734863,1.9800000190734863,1.9800000190734863,1.9800000190734863,337,0.0,0.0
2023-01-04 13:30:00-05:00,2.060499906539917,2.060499906539917,2.060499906539917,2.060499906539917,447,0.0,0.0
2023-01-05 10:30:00-05:00,2.0299999713897705,2.0299999713897705,2.0299999713897705,2.0299999713897705,0,0.0,0.0
2023-01-06 09:30:00-05:00,1.9500000476837158,1.9500000476837158,1.9500000476837158,1.9500000476837158,0,0.0,0.0
2023-01-06 15:30:00-05:00,1.899999976158142,1.899999976158142,1.899999976158142,1.899999976158142,355,0.0,0.0
2023-01-09 09:30:00-05:00,1.909999966621399,1.909999966621399,1.909999966621399,1.909999966621399,267,0.0,0.0
2023-01-09 14:30:00-05:00,1.9264999628067017,1.9264999628067017,1.899999976158142,1.899999976158142,368,0.0,0.0
2023-01-10 09:30:00-05:00,1.940000057220459,1.940000057220459,1.899999976158142,1.899999976158142,142,0.0,0.0
2023-01-10 12:30:00-05:00,1.9361000061035156,1.9361000061035156,1.9361000061035156,1.9361000061035156,164,0.0,0.0
2023-01-11 09:30:00-05:00,1.9600000381469727,1.9600000381469727,1.909999966621399,1.909999966621399,100,0.0,0.0
2023-01-11 13:30:00-05:00,1.9069000482559204,1.9069000482559204,1.9069000482559204,1.9069000482559204,1069,0.0,0.0
2023-01-11 14:30:00-05:00,1.899999976158142,1.899999976158142,1.899999976158142,1.899999976158142,546,0.0,0.0
2023-01-11 15:30:00-05:00,1.9198999404907227,1.940000057220459,1.899999976158142,1.899999976158142,742,0.0,0.0
2023-01-12 09:30:00-05:00,1.899999976158142,1.899999976158142,1.8255000114440918,1.8255000114440918,0,0.0,0.0
2023-01-12 10:30:00-05:00,1.7200000286102295,1.7300000190734863,1.5499999523162842,1.559999942779541,9809,0.0,0.0
2023-01-12 11:30:00-05:00,1.6799999475479126,1.774999976158142,1.6200000047683716,1.6200000047683716,2429,0.0,0.0
2023-01-12 13:30:00-05:00,1.649999976158142,1.660099983215332,1.6299999952316284,1.659999966621399,4538,0.0,0.0
2023-01-12 14:30:00-05:00,1.7826999425888062,1.7826999425888062,1.649999976158142,1.649999976158142,1096,0.0,0.0
2023-01-12 15:30:00-05:00,1.6399999856948853,1.684999942779541,1.6399999856948853,1.684999942779541,2274,0.0,0.0
2023-01-13 09:30:00-05:00,1.7300000190734863,1.7300000190734863,1.6699999570846558,1.6699999570846558,338,0.0,0.0
2023-01-13 11:30:00-05:00,1.6366000175476074,1.6366000175476074,1.6366000175476074,1.6366000175476074,856,0.0,0.0
2023-01-13 14:30:00-05:00,1.6399999856948853,1.6399999856948853,1.6399999856948853,1.6399999856948853,945,0.0,0.0
2023-01-17 09:30:00-05:00,1.6399999856948853,1.6399999856948853,1.6399999856948853,1.6399999856948853,444,0.0,0.0
2023-01-17 11:30:00-05:00,1.6749999523162842,1.6749999523162842,1.6749999523162842,1.6749999523162842,106,0.0,0.0
2023-01-17 12:30:00-05:00,1.7100000381469727,1.7100000381469727,1.7100000381469727,1.7100000381469727,212,0.0,0.0
2023-01-17 13:30:00-05:00,1.6299999952316284,1.6299999952316284,1.600000023841858,1.600000023841858,366,0.0,0.0
2023-01-17 14:30:00-05:00,1.5978000164031982,1.600000023841858,1.559999942779541,1.559999942779541,1110,0.0,0.0
2023-01-17 15:30:00-05:00,1.5800000429153442,1.600000023841858,1.5800000429153442,1.5800000429153442,1904,0.0,0.0
2023-01-18 09:30:00-05:00,1.649999976158142,1.649999976158142,1.5700000524520874,1.5700000524520874,0,0.0,0.0
2023-01-18 10:30:00-05:00,1.625,1.625,1.625,1.625,296,0.0,0.0
2023-01-18 11:30:00-05:00,1.6799999475479126,1.6799999475479126,1.6449999809265137,1.6449999809265137,276,0.0,0.0
2023-01-18 12:30:00-05:00,1.6039999723434448,1.6039999723434448,1.6039999723434448,1.6039999723434448,944,0.0,0.0
2023-01-19 09:30:00-05:00,1.559999942779541,1.559999942779541,1.559999942779541,1.559999942779541,0,0.0,0.0
2023-01-19 15:30:00-05:00,1.559999942779541,1.559999942779541,1.559999942779541,1.559999942779541,0,0.0,0.0
2023-01-20 13:30:00-05:00,1.6299999952316284,1.6299999952316284,1.6299999952316284,1.6299999952316284,242,0.0,0.0
2023-01-20 14:30:00-05:00,1.6100000143051147,1.6100000143051147,1.5499999523162842,1.5499999523162842,617,0.0,0.0
2023-01-20 15:30:00-05:00,1.5499999523162842,1.5836999416351318,1.5062999725341797,1.5109000205993652,2084,0.0,0.0
2023-01-23 14:30:00-05:00,1.5499999523162842,1.6265000104904175,1.5499999523162842,1.5499999523162842,1008,0.0,0.0
2023-01-24 10:30:00-05:00,1.5099999904632568,1.5099999904632568,1.5099999904632568,1.5099999904632568,0,0.0,0.0
2023-01-24 13:30:00-05:00,1.6050000190734863,1.6050000190734863,1.6050000190734863,1.6050000190734863,9,0.0,0.0
2023-01-26 09:30:00-05:00,1.5399999618530273,1.5399999618530273,1.5399999618530273,1.5399999618530273,311,0.0,0.0
2023-01-27 09:30:00-05:00,1.5800000429153442,1.6512000560760498,1.5800000429153442,1.6512000560760498,2958,0.0,0.0
2023-01-27 10:30:00-05:00,1.649999976158142,1.649999976158142,1.649999976158142,1.649999976158142,417,0.0,0.0
2023-01-27 11:30:00-05:00,1.649999976158142,1.649999976158142,1.649999976158142,1.649999976158142,291,0.0,0.0
2023-01-27 12:30:00-05:00,1.649999976158142,1.649999976158142,1.5399999618530273,1.5399999618530273,1172,0.0,0.0
2023-01-30 09:30:00-05:00,1.5499999523162842,1.565000057220459,1.5499999523162842,1.565000057220459,1111,0.0,0.0
2023-01-30 15:30:00-05:00,1.6200000047683716,1.6399999856948853,1.6200000047683716,1.6399999856948853,1858,0.0,0.0
2023-01-31 09:30:00-05:00,1.6699999570846558,1.7699999809265137,1.6699999570846558,1.7599999904632568,5137,0.0,0.0
2023-01-31 10:30:00-05:00,1.7799999713897705,1.7799999713897705,1.7599999904632568,1.7599999904632568,2544,0.0,0.0
2023-01-31 13:30:00-05:00,1.6200000047683716,1.6200000047683716,1.6104999780654907,1.6104999780654907,542,0.0,0.0
2023-01-31 15:30:00-05:00,1.5950000286102295,1.5950000286102295,1.5950000286102295,1.5950000286102295,0,0.0,0.0
2023-02-01 12:30:00-05:00,1.6674000024795532,1.8300000429153442,1.655500054359436,1.655500054359436,1499,0.0,0.0
2023-02-02 09:30:00-05:00,1.6800999641418457,1.6800999641418457,1.6800999641418457,1.6800999641418457,0,0.0,0.0
2023-02-02 11:30:00-05:00,1.7400000095367432,1.7400000095367432,1.7400000095367432,1.7400000095367432,513,0.0,0.0
2023-02-02 14:30:00-05:00,1.5800000429153442,1.5800000429153442,1.559999942779541,1.559999942779541,575,0.0,0.0
2023-02-02 15:30:00-05:00,1.5700000524520874,1.6200000047683716,1.5499999523162842,1.6200000047683716,658,0.0,0.0
2023-02-08 09:30:00-05:00,1.5,1.7935999631881714,1.5,1.7935999631881714,1149,0.0,0.0
2023-02-08 10:30:00-05:00,1.5700000524520874,1.5700000524520874,1.5700000524520874,1.5700000524520874,108,0.0,0.0
2023-02-09 09:30:00-05:00,1.600100040435791,1.600100040435791,1.600100040435791,1.600100040435791,0,0.0,0.0
2023-02-09 10:30:00-05:00,1.6100000143051147,1.6299999952316284,1.5700000524520874,1.5700000524520874,2516,0.0,0.0
2023-02-09 11:30:00-05:00,1.5399999618530273,1.5399999618530273,1.5,1.5,600,0.0,0.0
2023-02-09 12:30:00-05:00,1.5,1.6247999668121338,1.5,1.5,1561,0.0,0.0
2023-02-09 13:30:00-05:00,1.5,1.5199999809265137,1.409999966621399,1.4199999570846558,1160,0.0,0.0
2023-02-09 14:30:00-05:00,1.399999976158142,1.409999966621399,1.3700000047683716,1.3799999952316284,1357,0.0,0.0
2023-02-09 15:30:00-05:00,1.3799999952316284,1.399999976158142,1.3200000524520874,1.3700000047683716,0,0.0,0.0
2023-02-10 09:30:00-05:00,1.3799999952316284,1.3799999952316284,1.2999999523162842,1.3650000095367432,1865,0.0,0.0
2023-02-10 10:30:00-05:00,1.448099970817566,1.448099970817566,1.2800999879837036,1.3650000095367432,6998,0.0,0.0
2023-02-10 11:30:00-05:00,1.4299999475479126,1.4299999475479126,1.4299999475479126,1.4299999475479126,151,0.0,0.0
2023-02-10 12:30:00-05:00,1.4154000282287598,1.4154000282287598,1.389799952507019,1.389799952507019,1446,0.0,0.0
2023-02-10 14:30:00-05:00,1.4299999475479126,1.4299999475479126,1.4299999475479126,1.4299999475479126,738,0.0,0.0
2023-02-10 15:30:00-05:00,1.448199987411499,1.448199987411499,1.309999942779541,1.309999942779541,376,0.0,0.0
2023-02-13 09:30:00-05:00,1.3700000047683716,1.3700000047683716,1.3700000047683716,1.3700000047683716,405,0.0,0.0
2023-02-13 10:30:00-05:00,1.4299999475479126,1.4299999475479126,1.4299999475479126,1.4299999475479126,420,0.0,0.0
2023-02-13 11:30:00-05:00,1.444100022315979,1.444100022315979,1.444100022315979,1.444100022315979,2031,0.0,0.0
2023-02-13 15:30:00-05:00,1.4149999618530273,1.4199999570846558,1.3799999952316284,1.3799999952316284,0,0.0,0.0
2023-02-14 09:30:00-05:00,1.3600000143051147,1.3600000143051147,1.2894999980926514,1.323199987411499,1425,0.0,0.0
2023-02-14 10:30:00-05:00,1.323199987411499,1.3300000429153442,1.323199987411499,1.3300000429153442,378,0.0,0.0
2023-02-14 12:30:00-05:00,1.32260000705719,1.32260000705719,1.32260000705719,1.32260000705719,1146,0.0,0.0
2023-02-14 13:30:00-05:00,1.3700000047683716,1.3700000047683716,1.3200000524520874,1.3200000524520874,365,0.0,0.0
2023-02-14 15:30:00-05:00,1.399899959564209,1.399899959564209,1.399899959564209,1.399899959564209,0,0.0,0.0
2023-02-15 09:30:00-05:00,1.2800999879837036,1.3200000524520874,1.2800999879837036,1.309999942779541,889,0.0,0.0
2023-02-15 10:30:00-05:00,1.309999942779541,1.309999942779541,1.2999999523162842,1.2999999523162842,262,0.0,0.0
2023-02-15 11:30:00-05:00,1.2999999523162842,1.333299994468689,1.2999999523162842,1.2999999523162842,3624,0.0,0.0
2023-02-15 12:30:00-05:00,1.3200000524520874,1.3200000524520874,1.3200000524520874,1.3200000524520874,2600,0.0,0.0
2023-02-15 13:30:00-05:00,1.3200000524520874,1.3200000524520874,1.3200000524520874,1.3200000524520874,408,0.0,0.0
2023-02-15 15:30:00-05:00,1.3200000524520874,1.3200000524520874,1.3200000524520874,1.3200000524520874,2798,0.0,0.0
2023-02-16 10:30:00-05:00,1.3300000429153442,1.340000033378601,1.3300000429153442,1.3300000429153442,0,0.0,0.0
2023-02-17 09:30:00-05:00,1.3200000524520874,1.3200000524520874,1.3200000524520874,1.3200000524520874,202,0.0,0.0
2023-02-21 09:30:00-05:00,1.2826999425888062,1.3200000524520874,1.2799999713897705,1.2799999713897705,1781,0.0,0.0
2023-02-21 15:30:00-05:00,1.3300000429153442,1.3300000429153442,1.3300000429153442,1.3300000429153442,183,0.0,0.0
2023-02-22 09:30:00-05:00,1.350000023841858,1.350000023841858,1.350000023841858,1.350000023841858,0,0.0,0.0
2023-02-22 12:30:00-05:00,1.3933000564575195,1.3961000442504883,1.3933000564575195,1.3961000442504883,994,0.0,0.0
2023-02-22 15:30:00-05:00,1.5099999904632568,1.6299999952316284,1.3799999952316284,1.6299999952316284,2898,0.0,0.0
2023-02-23 09:30:00-05:00,1.5800000429153442,1.7100000381469727,1.5800000429153442,1.600000023841858,2725,0.0,0.0
2023-02-23 10:30:00-05:00,1.5794999599456787,1.5800000429153442,1.5499999523162842,1.5750999450683594,3063,0.0,0.0
2023-02-23 14:30:00-05:00,1.5499999523162842,1.5499999523162842,1.5499999523162842,1.5499999523162842,580,0.0,0.0
2023-02-24 09:30:00-05:00,1.399999976158142,1.4800000190734863,1.2899999618530273,1.350000023841858,1318,0.0,0.0
2023-02-24 11:30:00-05:00,1.5499999523162842,1.75,1.4600000381469727,1.4601000547409058,5783,0.0,0.0
2023-02-24 14:30:00-05:00,1.4801000356674194,1.5099999904632568,1.3200000524520874,1.3436000347137451,14335,0.0,0.0
2023-02-24 15:30:00-05:00,1.434999942779541,1.434999942779541,1.434999942779541,1.434999942779541,578,0.0,0.0
2023-02-27 09:30:00-05:00,1.3799999952316284,1.3799999952316284,1.3799999952316284,1.3799999952316284,0,0.0,0.0
2023-02-28 09:30:00-05:00,1.4500000476837158,1.7300000190734863,1.3700000047683716,1.3700000047683716,1774,0.0,0.0
2023-02-28 12:30:00-05:00,1.5099999904632568,1.6799999475479126,1.5099999904632568,1.6799999475479126,262,0.0,0.0
2023-02-28 13:30:00-05:00,1.559999942779541,1.559999942779541,1.559999942779541,1.559999942779541,234,0.0,0.0
2023-02-28 14:30:00-05:00,1.652999997138977,1.652999997138977,1.652999997138977,1.652999997138977,0,0.0,0.0
2023-03-01 09:30:00-05:00,1.75,1.7799999713897705,1.7497999668121338,1.75,9243,0.0,0.0
2023-03-01 10:30:00-05:00,1.75,1.75,1.75,1.75,1004,0.0,0.0
2023-03-01 13:30:00-05:00,1.7300000190734863,1.7300000190734863,1.601199984550476,1.601199984550476,8197,0.0,0.0
2023-03-02 09:30:00-05:00,1.5099999904632568,1.5099999904632568,1.5,1.5,0,0.0,0.0
2023-03-02 11:30:00-05:00,1.5049999952316284,1.5099999904632568,1.5049999952316284,1.5099999904632568,1041,0.0,0.0
2023-03-02 13:30:00-05:00,1.5672999620437622,1.5927000045776367,1.5672999620437622,1.5927000045776367,0,0.0,0.0
2023-03-03 10:30:00-05:00,1.5126999616622925,1.5299999713897705,1.5099999904632568,1.5299999713897705,859,0.0,0.0
2023-03-03 12:30:00-05:00,1.5499999523162842,1.559999942779541,1.5499999523162842,1.559999942779541,526,0.0,0.0
2023-03-03 13:30:00-05:00,1.5399999618530273,1.5399999618530273,1.5399999618530273,1.5399999618530273,114,0.0,0.0
2023-03-03 14:30:00-05:00,1.5542000532150269,1.5800000429153442,1.5033999681472778,1.5033999681472778,977,0.0,0.0
2023-03-06 14:30:00-05:00,1.5,1.5,1.5,1.5,0,0.0,0.0
2023-03-06 15:30:00-05:00,1.4800000190734863,1.4800000190734863,1.4800000190734863,1.4800000190734863,0,0.0,0.0
2023-03-07 13:30:00-05:00,1.5199999809265137,1.5199999809265137,1.4700000286102295,1.4800000190734863,791,0.0,0.0
2023-03-08 10:30:00-05:00,1.51010000705719,1.5199999809265137,1.51010000705719,1.51010000705719,22,0.0,0.0
2023-03-08 13:30:00-05:00,1.5199999809265137,1.6886999607086182,1.5199999809265137,1.6886999607086182,3345,0.0,0.0
2023-03-08 14:30:00-05:00,1.6899000406265259,1.6899000406265259,1.5199999809265137,1.5199999809265137,577,0.0,0.0
2023-03-09 09:30:00-05:00,1.503100037574768,1.503100037574768,1.503100037574768,1.503100037574768,0,0.0,0.0
2023-03-09 13:30:00-05:00,1.5153000354766846,1.5153000354766846,1.4800000190734863,1.4800000190734863,1289,0.0,0.0
2023-03-09 14:30:00-05:00,1.5099999904632568,1.5099999904632568,1.5099999904632568,1.5099999904632568,122,0.0,0.0
2023-03-10 09:30:00-05:00,1.690600037574768,1.690600037574768,1.5800000429153442,1.5800000429153442,0,0.0,0.0
2023-03-10 11:30:00-05:00,1.5199999809265137,1.5199999809265137,1.5199999809265137,1.5199999809265137,582,0.0,0.0
2023-03-10 12:30:00-05:00,1.5799000263214111,1.5799000263214111,1.5299999713897705,1.5799000263214111,3205,0.0,0.0
2023-03-10 13:30:00-05:00,1.5299999713897705,1.5700000524520874,1.5299999713897705,1.5700000524520874,385,0.0,0.0
2023-03-10 14:30:00-05:00,1.572100043296814,1.572100043296814,1.4905999898910522,1.4905999898910522,703,0.0,0.0
2023-03-13 09:30:00-04:00,1.440000057220459,1.6699999570846558,1.440000057220459,1.486899971961975,1748,0.0,0.0
2023-03-13 12:30:00-04:00,1.6799999475479126,1.6799999475479126,1.6799999475479126,1.6799999475479126,402,0.0,0.0
2023-03-13 13:30:00-04:00,1.6698999404907227,1.6698999404907227,1.6698999404907227,1.6698999404907227,247,0.0,0.0
2023-03-13 14:30:00-04:00,1.572100043296814,1.572100043296814,1.572100043296814,1.572100043296814,164,0.0,0.0
2023-03-13 15:30:00-04:00,1.5800000429153442,1.590000033378601,1.5800000429153442,1.5800000429153442,548,0.0,0.0
2023-03-14 09:30:00-04:00,1.5399999618530273,1.5399999618530273,1.5299999713897705,1.5300999879837036,0,0.0,0.0
2023-03-14 10:30:00-04:00,1.4850000143051147,1.5299999713897705,1.440000057220459,1.5299999713897705,1781,0.0,0.0
2023-03-14 11:30:00-04:00,1.4494999647140503,1.4938000440597534,1.4494999647140503,1.4938000440597534,564,0.0,0.0
2023-03-14 13:30:00-04:00,1.4800000190734863,1.4800000190734863,1.4400999546051025,1.4529000520706177,1028,0.0,0.0
2023-03-14 14:30:00-04:00,1.4452999830245972,1.4850000143051147,1.4452999830245972,1.4850000143051147,1689,0.0,0.0
2023-03-14 15:30:00-04:00,1.440000057220459,1.440000057220459,1.440000057220459,1.440000057220459,905,0.0,0.0
2023-03-15 10:30:00-04:00,1.4635000228881836,1.4635000228881836,1.4635000228881836,1.4635000228881836,277,0.0,0.0
2023-03-15 11:30:00-04:00,1.649999976158142,1.649999976158142,1.4700000286102295,1.4700000286102295,3261,0.0,0.0
2023-03-15 14:30:00-04:00,1.4700000286102295,1.4900000095367432,1.4700000286102295,1.4900000095367432,286,0.0,0.0
2023-03-17 09:30:00-04:00,1.6339999437332153,1.6339999437332153,1.6339999437332153,1.6339999437332153,0,0.0,0.0
2023-03-17 10:30:00-04:00,1.6399999856948853,1.649999976158142,1.6399999856948853,1.644700050354004,10133,0.0,0.0
2023-03-17 11:30:00-04:00,1.6500999927520752,1.7400000095367432,1.649999976158142,1.7400000095367432,1029,0.0,0.0
2023-03-17 12:30:00-04:00,1.75,1.75,1.7400000095367432,1.7400000095367432,2871,0.0,0.0
2023-03-17 13:30:00-04:00,1.7999999523162842,1.7999999523162842,1.7400000095367432,1.7400000095367432,8158,0.0,0.0
2023-03-17 14:30:00-04:00,1.7999999523162842,1.7999999523162842,1.7999999523162842,1.7999999523162842,100,0.0,0.0
2023-03-17 15:30:00-04:00,1.8359999656677246,1.850000023841858,1.75,1.8200000524520874,1948,0.0,0.0
2023-03-20 09:30:00-04:00,1.899999976158142,1.899999976158142,1.7799999713897705,1.7799999713897705,942,0.0,0.0
2023-03-20 10:30:00-04:00,1.8561999797821045,1.8561999797821045,1.7520999908447266,1.7599999904632568,1371,0.0,0.0
2023-03-20 12:30:00-04:00,1.711300015449524,1.711300015449524,1.711300015449524,1.711300015449524,699,0.0,0.0
2023-03-20 15:30:00-04:00,1.600000023841858,1.600000023841858,1.600000023841858,1.600000023841858,0,0.0,0.0
2023-03-21 09:30:00-04:00,1.6200000047683716,1.7450000047683716,1.5160000324249268,1.5160000324249268,1220,0.0,0.0
2023-03-21 10:30:00-04:00,1.8899999856948853,1.8899999856948853,1.8899999856948853,1.8899999856948853,280,0.0,0.0
2023-03-21 11:30:00-04:00,1.7100000381469727,1.88100004196167,1.7100000381469727,1.88100004196167,1338,0.0,0.0
2023-03-21 12:30:00-04:00,1.7350000143051147,1.7350000143051147,1.7350000143051147,1.7350000143051147,0,0.0,0.0
2023-03-22 09:30:00-04:00,1.80840003490448,1.80840003490448,1.80840003490448,1.80840003490448,510,0.0,0.0
2023-03-22 10:30:00-04:00,1.8720999956130981,1.8720999956130981,1.8720999956130981,1.8720999956130981,660,0.0,0.0
2023-03-22 12:30:00-04:00,1.8700000047683716,1.8941999673843384,1.8700000047683716,1.8941999673843384,1050,0.0,0.0
2023-03-22 13:30:00-04:00,1.899999976158142,1.899999976158142,1.8700000047683716,1.893399953842163,918,0.0,0.0
2023-03-22 14:30:00-04:00,1.8954999446868896,1.8954999446868896,1.8701000213623047,1.8701000213623047,1542,0.0,0.0
2023-03-22 15:30:00-04:00,1.8700000047683716,1.8700000047683716,1.8700000047683716,1.8700000047683716,0,0.0,0.0
2023-03-23 09:30:00-04:00,1.899999976158142,1.899999976158142,1.7003999948501587,1.7003999948501587,1903,0.0,0.0
2023-03-23 12:30:00-04:00,1.659999966621399,1.6699999570846558,1.659999966621399,1.6699999570846558,0,0.0,0.0
2023-03-24 09:30:00-04:00,1.6699999570846558,1.6699999570846558,1.5500999689102173,1.5500999689102173,1202,0.0,0.0
2023-03-24 12:30:00-04:00,1.5516999959945679,1.5516999959945679,1.5516999959945679,1.5516999959945679,957,0.0,0.0
2023-03-24 13:30:00-04:00,1.5825999975204468,1.5825999975204468,1.5825999975204468,1.5825999975204468,1015,0.0,0.0
2023-03-27 10:30:00-04:00,1.8300000429153442,1.8300000429153442,1.8300000429153442,1.8300000429153442,179,0.0,0.0
2023-03-27 11:30:00-04:00,1.7100000381469727,1.7100000381469727,1.600000023841858,1.600000023841858,0,0.0,0.0
2023-03-28 11:30:00-04:00,1.899899959564209,1.899899959564209,1.899899959564209,1.899899959564209,874,0.0,0.0
2023-03-28 14:30:00-04:00,1.7999999523162842,1.7999999523162842,1.7999999523162842,1.7999999523162842,2103,0.0,0.0
2023-03-29 09:30:00-04:00,1.8858000040054321,1.8858000040054321,1.7283999919891357,1.7283999919891357,3981,0.0,0.0
2023-03-29 10:30:00-04:00,1.732100009918213,1.732100009918213,1.732100009918213,1.732100009918213,200,0.0,0.0
2023-03-29 11:30:00-04:00,1.7000000476837158,1.7000000476837158,1.7000000476837158,1.7000000476837158,2172,0.0,0.0
2023-03-29 12:30:00-04:00,1.7100000381469727,1.7100000381469727,1.7000000476837158,1.7000000476837158,681,0.0,0.0
2023-03-30 09:30:00-04:00,1.5099999904632568,1.6200000047683716,1.5099999904632568,1.5492000579833984,7127,0.0,0.0
2023-03-30 10:30:00-04:00,1.5400999784469604,1.5499999523162842,1.5400999784469604,1.5499999523162842,1082,0.0,0.0
2023-03-30 11:30:00-04:00,1.5499999523162842,1.5499999523162842,1.5499999523162842,1.5499999523162842,1245,0.0,0.0
2023-04-05 09:30:00-04:00,1.75,1.7999000549316406,1.75,1.7791999578475952,1137,0.0,0.0
2023-04-05 10:30:00-04:00,1.795300006866455,1.899999976158142,1.750100016593933,1.7999999523162842,9290,0.0,0.0
2023-04-05 11:30:00-04:00,1.850000023841858,1.899999976158142,1.850000023841858,1.899999976158142,3681,0.0,0.0
2023-04-05 12:30:00-04:00,1.9026999473571777,1.9026999473571777,1.8984999656677246,1.8984999656677246,2842,0.0,0.0
2023-04-05 13:30:00-04:00,1.899999976158142,1.899999976158142,1.8524999618530273,1.8899999856948853,10534,0.0,0.0
2023-04-05 14:30:00-04:00,1.8899999856948853,1.899999976158142,1.850000023841858,1.8984999656677246,7897,0.0,0.0
2023-04-05 15:30:00-04:00,1.899999976158142,1.9500000476837158,1.8984999656677246,1.9357999563217163,0,0.0,0.0
2023-04-06 09:30:00-04:00,1.9500000476837158,1.9500000476837158,1.826200008392334,1.826200008392334,2815,0.0,0.0
2023-04-10 09:30:00-04:00,1.850000023841858,1.9773999452590942,1.8300000429153442,1.9773999452590942,4717,0.0,0.0
2023-04-10 10:30:00-04:00,1.945099949836731,1.9800000190734863,1.934999942779541,1.954200029373169,6974,0.0,0.0
2023-04-10 11:30:00-04:00,1.9700000286102295,1.9700000286102295,1.9299999475479126,1.9299999475479126,328,0.0,0.0
2023-04-10 13:30:00-04:00,1.850100040435791,1.850100040435791,1.850100040435791,1.850100040435791,1796,0.0,0.0
2023-04-10 14:30:00-04:00,1.899999976158142,1.899999976158142,1.899999976158142,1.899999976158142,319,0.0,0.0
2023-04-10 15:30:00-04:00,1.9299999475479126,1.9299999475479126,1.9299999475479126,1.9299999475479126,0,0.0,0.0
2023-04-11 09:30:00-04:00,1.8600000143051147,1.8600000143051147,1.8600000143051147,1.8600000143051147,752,0.0,0.0
2023-04-11 14:30:00-04:00,1.940000057220459,1.940000057220459,1.940000057220459,1.940000057220459,348,0.0,0.0
2023-04-11 15:30:00-04:00,1.933500051498413,1.940000057220459,1.909999966621399,1.909999966621399,0,0.0,0.0
2023-04-12 09:30:00-04:00,1.864400029182434,1.8997000455856323,1.8600000143051147,1.8997000455856323,3959,0.0,0.0
2023-04-12 12:30:00-04:00,1.975000023841858,2.0,1.9700000286102295,2.0,0,0.0,0.0
2023-04-13 09:30:00-04:00,1.9882999658584595,1.9882999658584595,1.9882999658584595,1.9882999658584595,1655,0.0,0.0
2023-04-13 10:30:00-04:00,1.9900000095367432,1.9900000095367432,1.940000057220459,1.940000057220459,263,0.0,0.0
2023-04-13 12:30:00-04:00,1.8899999856948853,1.8899999856948853,1.8899999856948853,1.8899999856948853,0,0.0,0.0
2023-04-14 11:30:00-04:00,1.8904000520706177,1.8904000520706177,1.8904000520706177,1.8904000520706177,126,0.0,0.0
2023-04-14 13:30:00-04:00,1.9335999488830566,1.940000057220459,1.9335999488830566,1.940000057220459,2061,0.0,0.0
2023-04-14 14:30:00-04:00,1.940000057220459,1.940000057220459,1.940000057220459,1.940000057220459,101,0.0,0.0
2023-04-17 11:30:00-04:00,1.8601000308990479,1.8601000308990479,1.8601000308990479,1.8601000308990479,425,0.0,0.0
2023-04-17 12:30:00-04:00,1.8899999856948853,1.8899999856948853,1.8700000047683716,1.8801000118255615,1460,0.0,0.0
2023-04-17 15:30:00-04:00,1.912600040435791,1.9199999570846558,1.909999966621399,1.909999966621399,503,0.0,0.0
2023-04-18 09:30:00-04:00,1.875,1.875,1.850000023841858,1.875,0,0.0,0.0
2023-04-18 10:30:00-04:00,1.850000023841858,1.850000023841858,1.8300000429153442,1.8300000429153442,0,0.0,0.0
2023-04-19 15:30:00-04:00,1.899999976158142,1.899999976158142,1.899999976158142,1.899999976158142,831,0.0,0.0
2023-04-21 15:30:00-04:00,1.899999976158142,1.899999976158142,1.899999976158142,1.899999976158142,0,0.0,0.0
2023-04-24 09:30:00-04:00,2.069999933242798,2.069999933242798,1.850000023841858,1.850000023841858,4671,0.0,0.0
2023-04-24 11:30:00-04:00,1.850100040435791,1.8700000047683716,1.850000023841858,1.8700000047683716,0,0.0,0.0
2023-04-24 14:30:00-04:00,1.885200023651123,1.885200023651123,1.885200023651123,1.885200023651123,15349,0.0,0.0
2023-04-24 15:30:00-04:00,2.0,2.0,1.9900000095367432,1.9900000095367432,0,0.0,0.0
2023-04-25 09:30:00-04:00,1.9240000247955322,1.9240000247955322,1.9240000247955322,1.9240000247955322,1010,0.0,0.0
2023-04-25 15:30:00-04:00,1.954300045967102,1.954300045967102,1.954300045967102,1.954300045967102,132,0.0,0.0
2023-04-26 09:30:00-04:00,1.8300000429153442,1.8300000429153442,1.8300000429153442,1.8300000429153442,0,0.0,0.0
2023-04-28 09:30:00-04:00,2.0341999530792236,2.0341999530792236,2.0341999530792236,2.0341999530792236,1205,0.0,0.0
2023-04-28 10:30:00-04:00,1.9149999618530273,1.9149999618530273,1.9149999618530273,1.9149999618530273,164,0.0,0.0
2023-04-28 11:30:00-04:00,1.8200000524520874,1.8200000524520874,1.8200000524520874,1.8200000524520874,430,0.0,0.0
2023-04-28 12:30:00-04:00,1.909999966621399,1.909999966621399,1.909999966621399,1.909999966621399,672,0.0,0.0
2023-05-01 09:30:00-04:00,2.063199996948242,2.063199996948242,2.063199996948242,2.063199996948242,1009,0.0,0.0
2023-05-01 12:30:00-04:00,2.0399999618530273,2.0399999618530273,2.0399999618530273,2.0399999618530273,310,0.0,0.0
2023-05-01 13:30:00-04:00,2.041300058364868,2.041300058364868,2.041300058364868,2.041300058364868,272,0.0,0.0
2023-05-01 15:30:00-04:00,2.0399999618530273,2.049999952316284,2.0399999618530273,2.049999952316284,1343,0.0,0.0
2023-05-02 11:30:00-04:00,2.079900026321411,2.079900026321411,2.079900026321411,2.079900026321411,1337,0.0,0.0
2023-05-02 12:30:00-04:00,1.9199999570846558,1.9199999570846558,1.9199999570846558,1.9199999570846558,397,0.0,0.0
2023-05-02 15:30:00-04:00,1.9520000219345093,1.9520000219345093,1.9520000219345093,1.9520000219345093,0,0.0,0.0
2023-05-03 09:30:00-04:00,1.9299999475479126,2.02810001373291,1.7999999523162842,1.923699975013733,8833,0.0,0.0
2023-05-03 10:30:00-04:00,1.909999966621399,1.909999966621399,1.9000999927520752,1.9000999927520752,546,0.0,0.0
2023-05-03 11:30:00-04:00,1.940000057220459,1.940000057220459,1.940000057220459,1.940000057220459,1022,0.0,0.0
2023-05-03 13:30:00-04:00,1.9700000286102295,1.9700000286102295,1.9700000286102295,1.9700000286102295,0,0.0,0.0
2023-05-03 15:30:00-04:00,1.9500000476837158,1.9500000476837158,1.9500000476837158,1.9500000476837158,11304,0.0,0.0
2023-05-04 14:30:00-04:00,2.0799999237060547,2.0799999237060547,2.0799999237060547,2.0799999237060547,291,0.0,0.0
2023-05-04 15:30:00-04:00,1.996000051498413,1.996000051498413,1.9550000429153442,1.9600000381469727,806,0.0,0.0
2023-05-05 11:30:00-04:00,2.009999990463257,2.009999990463257,2.009999990463257,2.009999990463257,0,0.0,0.0
2023-05-08 09:30:00-04:00,2.0585999488830566,2.0585999488830566,2.0585999488830566,2.0585999488830566,0,0.0,0.0
2023-05-08 15:30:00-04:00,1.917799949645996,1.9700000286102295,1.917799949645996,1.9700000286102295,650,0.0,0.0
2023-05-09 15:30:00-04:00,1.8700000047683716,1.8700000047683716,1.8600000143051147,1.8700000047683716,509,0.0,0.0
2023-05-11 10:30:00-04:00,1.9600000381469727,1.9600000381469727,1.9600000381469727,1.9600000381469727,616,0.0,0.0
2023-05-11 12:30:00-04:00,1.8899999856948853,1.8899999856948853,1.8899999856948853,1.8899999856948853,0,0.0,0.0
2023-05-12 12:30:00-04:00,1.8899999856948853,1.8899999856948853,1.8899999856948853,1.8899999856948853,134,0.0,0.0
2023-05-12 14:30:00-04:00,1.850000023841858,1.850000023841858,1.850000023841858,1.850000023841858,327,0.0,0.0
2023-05-12 15:30:00-04:00,1.850000023841858,1.850000023841858,1.850000023841858,1.850000023841858,201,0.0,0.0
2023-05-15 09:30:00-04:00,1.7940000295639038,1.7940000295639038,1.7940000295639038,1.7940000295639038,291,0.0,0.0
2023-05-15 13:30:00-04:00,1.8609000444412231,1.8609000444412231,1.8609000444412231,1.8609000444412231,200,0.0,0.0
2023-05-15 15:30:00-04:00,1.7699999809265137,1.7699999809265137,1.7699999809265137,1.7699999809265137,142,0.0,0.0
2023-05-16 09:30:00-04:00,1.75,1.75,1.75,1.75,0,0.0,0.0
2023-05-16 13:30:00-04:00,1.75,1.75,1.75,1.75,102,0.0,0.0
2023-05-16 14:30:00-04:00,1.7799999713897705,1.7799999713897705,1.7799999713897705,1.7799999713897705,100,0.0,0.0
2023-05-16 15:30:00-04:00,1.7599999904632568,1.7599999904632568,1.7599999904632568,1.7599999904632568,111,0.0,0.0
2023-05-17 09:30:00-04:00,1.8600000143051147,1.8600000143051147,1.8600000143051147,1.8600000143051147,0,0.0,0.0
2023-05-18 15:30:00-04:00,2.0199999809265137,2.0199999809265137,2.0199999809265137,2.0199999809265137,732,0.0,0.0
2023-05-19 10:30:00-04:00,2.0725998878479004,2.0799999237060547,2.0599000453948975,2.0799999237060547,2477,0.0,0.0
2023-05-19 13:30:00-04:00,2.074399948120117,2.0799999237060547,2.074399948120117,2.0799999237060547,1478,0.0,0.0
2023-05-19 14:30:00-04:00,2.0799999237060547,2.0799999237060547,2.049999952316284,2.049999952316284,1271,0.0,0.0
2023-05-19 15:30:00-04:00,2.059999942779541,2.059999942779541,2.059999942779541,2.059999942779541,0,0.0,0.0
2023-05-22 09:30:00-04:00,2.059999942779541,2.059999942779541,2.059999942779541,2.059999942779541,167,0.0,0.0
2023-05-22 11:30:00-04:00,2.099900007247925,2.099900007247925,2.099900007247925,2.099900007247925,0,0.0,0.0
2023-05-23 09:30:00-04:00,2.0999999046325684,2.0999999046325684,2.0999999046325684,2.0999999046325684,555,0.0,0.0
2023-05-24 09:30:00-04:00,2.0399999618530273,2.0399999618530273,2.0399999618530273,2.0399999618530273,217,0.0,0.0
2023-05-25 15:30:00-04:00,2.049999952316284,2.049999952316284,2.049999952316284,2.049999952316284,864,0.0,0.0
2023-05-26 09:30:00-04:00,2.0399999618530273,2.0399999618530273,2.0399999618530273,2.0399999618530273,48,0.0,0.0
2023-05-31 14:30:00-04:00,2.0399999618530273,2.099900007247925,1.7599999904632568,1.7599999904632568,6847,0.0,0.0
2023-05-31 15:30:00-04:00,1.9299999475479126,1.940000057220459,1.9299999475479126,1.940000057220459,1265,0.0,0.0
2023-06-01 09:30:00-04:00,1.899999976158142,1.899999976158142,1.785599946975708,1.785599946975708,0,0.0,0.0
2023-06-01 13:30:00-04:00,2.0731000900268555,2.0731000900268555,2.0731000900268555,2.0731000900268555,1364,0.0,0.0
2023-06-02 09:30:00-04:00,1.9700000286102295,1.9700000286102295,1.9700000286102295,1.9700000286102295,0,0.0,0.0
2023-06-02 13:30:00-04:00,1.8799999952316284,1.8799999952316284,1.8799999952316284,1.8799999952316284,620,0.0,0.0
2023-06-02 14:30:00-04:00,1.982800006866455,1.982800006866455,1.982800006866455,1.982800006866455,622,0.0,0.0
2023-06-02 15:30:00-04:00,1.7599999904632568,1.76010000705719,1.7599999904632568,1.7599999904632568,1015,0.0,0.0
2023-06-05 10:30:00-04:00,2.0299999713897705,2.0399999618530273,1.809999942779541,1.9500000476837158,2102,0.0,0.0
2023-06-05 13:30:00-04:00,1.8365999460220337,1.8365999460220337,1.8365999460220337,1.8365999460220337,566,0.0,0.0
2023-06-06 14:30:00-04:00,1.8700000047683716,1.8899999856948853,1.8700000047683716,1.8700000047683716,561,0.0,0.0
2023-06-06 15:30:00-04:00,1.8799999952316284,1.8799999952316284,1.8799999952316284,1.8799999952316284,0,0.0,0.0
2023-06-07 09:30:00-04:00,1.8799999952316284,1.8799999952316284,1.8799999952316284,1.8799999952316284,413,0.0,0.0
2023-06-07 13:30:00-04:00,1.8700000047683716,1.8700000047683716,1.8700000047683716,1.8700000047683716,211,0.0,0.0
2023-06-08 09:30:00-04:00,1.9199999570846558,1.9900000095367432,1.9199999570846558,1.9900000095367432,224,0.0,0.0
2023-06-08 10:30:00-04:00,1.8799999952316284,1.8799999952316284,1.8799999952316284,1.8799999952316284,594,0.0,0.0
2023-06-08 15:30:00-04:00,2.009999990463257,2.009999990463257,2.009999990463257,2.009999990463257,0,0.0,0.0
2023-06-09 09:30:00-04:00,1.940000057220459,2.0399999618530273,1.940000057220459,2.0399999618530273,458,0.0,0.0
2023-06-09 10:30:00-04:00,1.9492000341415405,1.9492000341415405,1.9492000341415405,1.9492000341415405,284,0.0,0.0
2023-06-12 13:30:00-04:00,1.9950000047683716,1.9950000047683716,1.9950000047683716,1.9950000047683716,0,0.0,0.0
2023-06-12 14:30:00-04:00,2.059999942779541,2.059999942779541,2.059999942779541,2.059999942779541,538,0.0,0.0
2023-06-12 15:30:00-04:00,2.04259991645813,2.059999942779541,1.940000057220459,2.059999942779541,4031,0.0,0.0
2023-06-13 10:30:00-04:00,1.899999976158142,2.0999999046325684,1.899999976158142,2.0999999046325684,0,0.0,0.0
2023-06-13 12:30:00-04:00,2.0999999046325684,2.1500000953674316,2.0999999046325684,2.1500000953674316,372,0.0,0.0
2023-06-13 15:30:00-04:00,2.109999895095825,2.2200000286102295,2.109999895095825,2.2200000286102295,5762,0.0,0.0
2023-06-14 10:30:00-04:00,2.1549999713897705,2.2200000286102295,2.1549999713897705,2.2200000286102295,279,0.0,0.0
2023-06-14 11:30:00-04:00,2.193700075149536,2.193700075149536,2.130000114440918,2.130000114440918,465,0.0,0.0
2023-06-14 14:30:00-04:00,2.2100000381469727,2.2200000286102295,2.2100000381469727,2.2200000286102295,592,0.0,0.0
2023-06-14 15:30:00-04:00,2.130000114440918,2.25,2.130000114440918,2.25,8725,0.0,0.0
2023-06-15 10:30:00-04:00,2.25,2.25,2.25,2.25,0,0.0,0.0
2023-06-15 12:30:00-04:00,2.100399971008301,2.200000047683716,2.100399971008301,2.200000047683716,717,0.0,0.0
2023-06-15 14:30:00-04:00,2.083199977874756,2.083199977874756,2.083199977874756,2.083199977874756,336,0.0,0.0
2023-06-15 15:30:00-04:00,2.0199999809265137,2.0211000442504883,2.0,2.0211000442504883,1535,0.0,0.0
2023-06-16 10:30:00-04:00,2.0,2.0,1.909999966621399,1.909999966621399,958,0.0,0.0
2023-06-16 11:30:00-04:00,1.9800000190734863,1.9800000190734863,1.9800000190734863,1.9800000190734863,374,0.0,0.0
2023-06-16 14:30:00-04:00,1.909999966621399,1.909999966621399,1.909999966621399,1.909999966621399,424,0.0,0.0
2023-06-16 15:30:00-04:00,1.909999966621399,1.909999966621399,1.909999966621399,1.909999966621399,671,0.0,0.0
2023-06-20 09:30:00-04:00,2.0,2.0,2.0,2.0,0,0.0,0.0
2023-06-20 10:30:00-04:00,2.047300100326538,2.049999952316284,2.047300100326538,2.049999952316284,353,0.0,0.0
2023-06-20 11:30:00-04:00,2.0257999897003174,2.0257999897003174,2.0257999897003174,2.0257999897003174,540,0.0,0.0
2023-06-20 13:30:00-04:00,2.119999885559082,2.119999885559082,2.119999885559082,2.119999885559082,222,0.0,0.0
2023-06-21 09:30:00-04:00,1.9900000095367432,1.9900000095367432,1.9900000095367432,1.9900000095367432,0,0.0,0.0
2023-06-21 11:30:00-04:00,2.0899999141693115,2.0899999141693115,2.0899999141693115,2.0899999141693115,218,0.0,0.0
2023-06-21 12:30:00-04:00,2.0799999237060547,2.0799999237060547,2.0799999237060547,2.0799999237060547,158,0.0,0.0
2023-06-21 15:30:00-04:00,1.899999976158142,1.899999976158142,1.8799999952316284,1.8799999952316284,0,0.0,0.0
2023-06-22 09:30:00-04:00,1.835800051689148,1.835800051689148,1.835800051689148,1.835800051689148,247,0.0,0.0
2023-06-22 10:30:00-04:00,1.850000023841858,1.850000023841858,1.850000023841858,1.850000023841858,0,0.0,0.0
2023-06-23 11:30:00-04:00,1.8600000143051147,1.8600000143051147,1.8600000143051147,1.8600000143051147,572,0.0,0.0
2023-06-23 13:30:00-04:00,1.850100040435791,1.850100040435791,1.850100040435791,1.850100040435791,359,0.0,0.0
2023-06-23 14:30:00-04:00,1.850000023841858,1.850000023841858,1.850000023841858,1.850000023841858,186,0.0,0.0
2023-06-23 15:30:00-04:00,1.8700000047683716,1.8700000047683716,1.850000023841858,1.850100040435791,573,0.0,0.0
2023-06-26 09:30:00-04:00,1.8899999856948853,1.8899999856948853,1.8899999856948853,1.8899999856948853,0,0.0,0.0
2023-06-26 12:30:00-04:00,1.8014999628067017,1.8014999628067017,1.8014999628067017,1.8014999628067017,674,0.0,0.0
2023-06-27 09:30:00-04:00,1.850000023841858,1.850000023841858,1.850000023841858,1.850000023841858,0,0.0,0.0
2023-06-27 11:30:00-04:00,1.850000023841858,1.850000023841858,1.850000023841858,1.850000023841858,444,0.0,0.0
2023-06-27 15:30:00-04:00,1.840000033378601,1.840000033378601,1.840000033378601,1.840000033378601,0,0.0,0.0
2023-06-28 14:30:00-04:00,1.9199999570846558,1.9199999570846558,1.9199999570846558,1.9199999570846558,603,0.0,0.0
2023-06-29 09:30:00-04:00,1.9199999570846558,1.9199999570846558,1.9199999570846558,1.9199999570846558,0,0.0,0.0
2023-06-29 13:30:00-04:00,2.0850000381469727,2.0850000381469727,2.0850000381469727,2.0850000381469727,229,0.0,0.0
2023-06-29 14:30:00-04:00,1.7999999523162842,1.7999999523162842,1.7999999523162842,1.7999999523162842,145,0.0,0.0
2023-06-30 15:30:00-04:00,1.9450000524520874,1.9450000524520874,1.9450000524520874,1.9450000524520874,0,0.0,0.0
2023-07-03 09:30:00-04:00,1.840000033378601,1.840000033378601,1.7913000583648682,1.7913000583648682,1246,0.0,0.0
2023-07-03 10:30:00-04:00,1.7848999500274658,1.7848999500274658,1.7848999500274658,1.7848999500274658,228,0.0,0.0
2023-07-03 11:30:00-04:00,1.7899999618530273,1.7899999618530273,1.7899999618530273,1.7899999618530273,337,0.0,0.0
2023-07-03 12:30:00-04:00,1.7999999523162842,1.7999999523162842,1.7999999523162842,1.7999999523162842,280,0.0,0.0
2023-07-05 09:30:00-04:00,1.8899999856948853,1.9107999801635742,1.8899999856948853,1.9107999801635742,1424,0.0,0.0
2023-07-05 11:30:00-04:00,1.909999966621399,1.909999966621399,1.909999966621399,1.909999966621399,483,0.0,0.0
2023-07-05 15:30:00-04:00,1.909999966621399,1.909999966621399,1.909999966621399,1.909999966621399,0,0.0,0.0
2023-07-06 09:30:00-04:00,1.840000033378601,1.840000033378601,1.840000033378601,1.840000033378601,0,0.0,0.0
2023-07-06 10:30:00-04:00,1.7599999904632568,1.8100999593734741,1.7599999904632568,1.8100999593734741,632,0.0,0.0
2023-07-06 11:30:00-04:00,1.7690000534057617,1.7690000534057617,1.7690000534057617,1.7690000534057617,102,0.0,0.0
2023-07-06 12:30:00-04:00,1.8681999444961548,1.8681999444961548,1.76010000705719,1.76010000705719,755,0.0,0.0
2023-07-06 14:30:00-04:00,1.7727999687194824,1.7727999687194824,1.7727999687194824,1.7727999687194824,520,0.0,0.0
2023-07-07 09:30:00-04:00,1.8600000143051147,1.8600000143051147,1.8600000143051147,1.8600000143051147,404,0.0,0.0
2023-07-07 13:30:00-04:00,1.9199999570846558,1.9199999570846558,1.9199999570846558,1.9199999570846558,164,0.0,0.0
2023-07-07 15:30:00-04:00,1.861899971961975,1.861899971961975,1.861899971961975,1.861899971961975,477,0.0,0.0
2023-07-10 10:30:00-04:00,1.9247000217437744,1.9247000217437744,1.9247000217437744,1.9247000217437744,0,0.0,0.0
2023-07-11 09:30:00-04:00,1.909999966621399,1.909999966621399,1.909999966621399,1.909999966621399,0,0.0,0.0
2023-07-11 13:30:00-04:00,1.909999966621399,1.9399000406265259,1.909999966621399,1.9385000467300415,0,0.0,0.0
2023-07-13 09:30:00-04:00,1.9500000476837158,1.9500000476837158,1.9500000476837158,1.9500000476837158,320,0.0,0.0
2023-07-13 10:30:00-04:00,1.7599999904632568,1.9500000476837158,1.7599999904632568,1.9500000476837158,1046,0.0,0.0
2023-07-13 11:30:00-04:00,1.8000999689102173,1.8899999856948853,1.8000999689102173,1.8899999856948853,418,0.0,0.0
2023-07-13 13:30:00-04:00,1.9500000476837158,1.9500000476837158,1.934999942779541,1.934999942779541,946,0.0,0.0
2023-07-13 14:30:00-04:00,1.9199999570846558,1.9199999570846558,1.9199999570846558,1.9199999570846558,568,0.0,0.0
2023-07-14 10:30:00-04:00,2.009999990463257,2.0199999809265137,1.9800000190734863,2.0199999809265137,2287,0.0,0.0
2023-07-18 10:30:00-04:00,1.809999942779541,1.8300000429153442,1.809999942779541,1.8300000429153442,658,0.0,0.0
2023-07-18 13:30:00-04:00,1.9500000476837158,1.9500000476837158,1.9500000476837158,1.9500000476837158,0,0.0,0.0
2023-07-19 13:30:00-04:00,1.8200000524520874,2.049999952316284,1.7799999713897705,1.7967000007629395,8488,0.0,0.0
2023-07-19 14:30:00-04:00,2.0599000453948975,2.059999942779541,1.7999999523162842,1.7999999523162842,0,0.0,0.0
2023-07-20 11:30:00-04:00,2.0250000953674316,2.0299999713897705,1.7599999904632568,1.7599999904632568,523,0.0,0.0
2023-07-21 12:30:00-04:00,1.9900000095367432,2.009999990463257,1.9900000095367432,2.009999990463257,2215,0.0,0.0
2023-07-21 14:30:00-04:00,1.96589994430542,1.96589994430542,1.96589994430542,1.96589994430542,177,0.0,0.0
2023-07-24 09:30:00-04:00,2.0199999809265137,2.0199999809265137,1.9700000286102295,1.9700000286102295,3153,0.0,0.0
2023-07-24 12:30:00-04:00,1.975000023841858,2.0,1.9700000286102295,2.0,522,0.0,0.0
2023-07-24 13:30:00-04:00,2.0,2.0,1.9199999570846558,1.9199999570846558,0,0.0,0.0
2023-07-25 09:30:00-04:00,1.9286999702453613,1.9286999702453613,1.9286999702453613,1.9286999702453613,234,0.0,0.0
2023-07-26 09:30:00-04:00,1.9199999570846558,1.9199999570846558,1.9199999570846558,1.9199999570846558,180,0.0,0.0
2023-07-26 14:30:00-04:00,1.9199999570846558,1.9199999570846558,1.9199999570846558,1.9199999570846558,1462,0.0,0.0
2023-07-27 15:30:00-04:00,1.9200999736785889,1.9200999736785889,1.9199999570846558,1.9199999570846558,1037,0.0,0.0
2023-07-28 12:30:00-04:00,1.9220999479293823,1.9220999479293823,1.9220999479293823,1.9220999479293823,0,0.0,0.0
2023-07-31 09:30:00-04:00,1.9299999475479126,1.9299999475479126,1.8899999856948853,1.8899999856948853,1256,0.0,0.0
2023-07-31 10:30:00-04:00,1.7799999713897705,1.7799999713897705,1.7799999713897705,1.7799999713897705,206,0.0,0.0
2023-07-31 11:30:00-04:00,1.7999999523162842,1.7999999523162842,1.7999999523162842,1.7999999523162842,578,0.0,0.0
2023-08-01 09:30:00-04:00,1.850000023841858,1.850000023841858,1.8000999689102173,1.8000999689102173,1058,0.0,0.0
2023-08-01 10:30:00-04:00,1.7999999523162842,1.7999999523162842,1.7999999523162842,1.7999999523162842,192,0.0,0.0
2023-08-01 11:30:00-04:00,1.805899977684021,1.805899977684021,1.7799999713897705,1.8025000095367432,6684,0.0,0.0
2023-08-01 14:30:00-04:00,1.7933000326156616,1.7933000326156616,1.7933000326156616,1.7933000326156616,0,0.0,0.0
2023-08-01 15:30:00-04:00,1.784999966621399,1.784999966621399,1.784999966621399,1.784999966621399,186,0.0,0.0
2023-08-02 10:30:00-04:00,1.7599999904632568,1.7599999904632568,1.7599999904632568,1.7599999904632568,458,0.0,0.0
2023-08-02 13:30:00-04:00,1.7599999904632568,1.7699999809265137,1.750100016593933,1.750100016593933,3004,0.0,0.0
2023-08-02 14:30:00-04:00,1.7999999523162842,1.899999976158142,1.7999999523162842,1.8001999855041504,6035,0.0,0.0
2023-08-03 13:30:00-04:00,1.899999976158142,1.899999976158142,1.899999976158142,1.899999976158142,1183,0.0,0.0
2023-08-03 15:30:00-04:00,1.940000057220459,1.940000057220459,1.9299999475479126,1.9299999475479126,491,0.0,0.0
2023-08-04 09:30:00-04:00,1.840000033378601,1.840000033378601,1.840000033378601,1.840000033378601,0,0.0,0.0
2023-08-04 10:30:00-04:00,1.8200000524520874,1.8200000524520874,1.809999942779541,1.809999942779541,1684,0.0,0.0
2023-08-07 09:30:00-04:00,1.8799999952316284,1.8799999952316284,1.8799999952316284,1.8799999952316284,185,0.0,0.0
2023-08-07 10:30:00-04:00,1.7999999523162842,1.7999999523162842,1.75,1.75,1961,0.0,0.0
2023-08-08 10:30:00-04:00,1.899999976158142,1.899999976158142,1.7401000261306763,1.7401000261306763,368,0.0,0.0
2023-08-08 12:30:00-04:00,1.839900016784668,1.839900016784668,1.839900016784668,1.839900016784668,0,0.0,0.0
2023-08-09 09:30:00-04:00,1.8300000429153442,1.8300000429153442,1.7899999618530273,1.7899999618530273,1404,0.0,0.0
2023-08-09 11:30:00-04:00,1.7699999809265137,1.839900016784668,1.600000023841858,1.6799999475479126,0,0.0,0.0
2023-08-09 12:30:00-04:00,1.6749999523162842,1.6749999523162842,1.6749999523162842,1.6749999523162842,11649,0.0,0.0
2023-08-09 14:30:00-04:00,1.7000000476837158,1.7000000476837158,1.7000000476837158,1.7000000476837158,626,0.0,0.0
2023-08-09 15:30:00-04:00,1.6549999713897705,1.659999966621399,1.649999976158142,1.659999966621399,0,0.0,0.0
2023-08-10 09:30:00-04:00,1.7450000047683716,1.7450000047683716,1.7200000286102295,1.7437000274658203,1405,0.0,0.0
2023-08-10 10:30:00-04:00,1.690000057220459,1.6900999546051025,1.5,1.649999976158142,13942,0.0,0.0
2023-08-10 13:30:00-04:00,1.6399999856948853,1.6399999856948853,1.6399999856948853,1.6399999856948853,499,0.0,0.0
2023-08-10 15:30:00-04:00,1.5950000286102295,1.5950000286102295,1.5950000286102295,1.5950000286102295,100,0.0,0.0
2023-08-11 09:30:00-04:00,1.600000023841858,1.600000023841858,1.4500000476837158,1.4500000476837158,296,0.0,0.0
2023-08-11 10:30:00-04:00,1.524999976158142,1.524999976158142,1.524999976158142,1.524999976158142,201,0.0,0.0
2023-08-11 11:30:00-04:00,1.4901000261306763,1.4901000261306763,1.4901000261306763,1.4901000261306763,342,0.0,0.0
2023-08-11 15:30:00-04:00,1.5104999542236328,1.5499999523162842,1.5099999904632568,1.5499999523162842,1106,0.0,0.0
2023-08-14 09:30:00-04:00,1.5,1.5,1.499899983406067,1.499899983406067,0,0.0,0.0
2023-08-14 10:30:00-04:00,1.5,1.559999942779541,1.4550000429153442,1.559999942779541,1866,0.0,0.0
2023-08-14 11:30:00-04:00,1.5700000524520874,1.5700000524520874,1.5700000524520874,1.5700000524520874,4398,0.0,0.0
2023-08-14 13:30:00-04:00,1.6298999786376953,1.6299999952316284,1.565000057220459,1.6299999952316284,5143,0.0,0.0
2023-08-14 14:30:00-04:00,1.659999966621399,1.6698999404907227,1.500100016593933,1.593500018119812,1809,0.0,0.0
2023-08-14 15:30:00-04:00,1.5,1.5,1.5,1.5,583,0.0,0.0
2023-08-15 09:30:00-04:00,1.5199999809265137,1.5199999809265137,1.5199999809265137,1.5199999809265137,0,0.0,0.0
2023-08-15 10:30:00-04:00,1.659999966621399,1.6799999475479126,1.6100000143051147,1.6799999475479126,3835,0.0,0.0
2023-08-15 11:30:00-04:00,1.6799999475479126,1.7200000286102295,1.6799999475479126,1.7200000286102295,1404,0.0,0.0
2023-08-15 12:30:00-04:00,1.687600016593933,1.687600016593933,1.687600016593933,1.687600016593933,293,0.0,0.0
2023-08-15 13:30:00-04:00,1.7000000476837158,1.7000000476837158,1.7000000476837158,1.7000000476837158,0,0.0,0.0
2023-08-16 09:30:00-04:00,1.5168999433517456,1.7000000476837158,1.5168999433517456,1.7000000476837158,4054,0.0,0.0
2023-08-16 10:30:00-04:00,1.7000000476837158,1.7400000095367432,1.7000000476837158,1.7200000286102295,2186,0.0,0.0
2023-08-16 11:30:00-04:00,1.7300000190734863,1.7300000190734863,1.7300000190734863,1.7300000190734863,616,0.0,0.0
2023-08-16 13:30:00-04:00,1.725000023841858,1.725000023841858,1.681399941444397,1.681399941444397,1989,0.0,0.0
2023-08-16 14:30:00-04:00,1.659999966621399,1.7400000095367432,1.659999966621399,1.7400000095367432,0,0.0,0.0
2023-08-17 09:30:00-04:00,1.7100000381469727,1.7100000381469727,1.7100000381469727,1.7100000381469727,244,0.0,0.0
2023-08-17 10:30:00-04:00,1.7450000047683716,1.75,1.7300000190734863,1.75,1570,0.0,0.0
2023-08-17 11:30:00-04:00,1.7699999809265137,1.7699999809265137,1.7699999809265137,1.7699999809265137,208,0.0,0.0
2023-08-17 12:30:00-04:00,1.7899999618530273,1.850000023841858,1.7710000276565552,1.850000023841858,1345,0.0,0.0
2023-08-17 13:30:00-04:00,1.850000023841858,1.850000023841858,1.850000023841858,1.850000023841858,0,0.0,0.0
2023-08-18 09:30:00-04:00,1.8799999952316284,1.899999976158142,1.8639999628067017,1.8899999856948853,1490,0.0,0.0
2023-08-18 10:30:00-04:00,1.8799999952316284,1.899999976158142,1.7549999952316284,1.7549999952316284,934,0.0,0.0
2023-08-18 11:30:00-04:00,1.899999976158142,1.899999976158142,1.7615000009536743,1.7615000009536743,507,0.0,0.0
2023-08-18 12:30:00-04:00,1.899999976158142,2.0,1.899999976158142,2.0,1213,0.0,0.0
2023-08-18 13:30:00-04:00,2.0,2.0,2.0,2.0,524,0.0,0.0
2023-08-18 14:30:00-04:00,2.0,2.0,1.9000999927520752,1.909999966621399,1397,0.0,0.0
2023-08-18 15:30:00-04:00,2.0,2.0,1.9122999906539917,1.9122999906539917,1915,0.0,0.0
2023-08-21 09:30:00-04:00,1.9600000381469727,1.9600000381469727,1.7799999713897705,1.7799999713897705,0,0.0,0.0
2023-08-21 10:30:00-04:00,1.809999942779541,1.809999942779541,1.809999942779541,1.809999942779541,150,0.0,0.0
2023-08-21 11:30:00-04:00,1.7699999809265137,1.809999942779541,1.7699999809265137,1.809999942779541,1305,0.0,0.0
2023-08-21 14:30:00-04:00,1.8897000551223755,1.8897000551223755,1.8897000551223755,1.8897000551223755,284,0.0,0.0
2023-08-21 15:30:00-04:00,1.8300000429153442,1.8309999704360962,1.8300000429153442,1.8300000429153442,0,0.0,0.0
2023-08-22 10:30:00-04:00,1.7999999523162842,1.7999999523162842,1.7999999523162842,1.7999999523162842,313,0.0,0.0
2023-08-22 13:30:00-04:00,1.875,1.9997999668121338,1.7865999937057495,1.7865999937057495,5074,0.0,0.0
2023-08-22 14:30:00-04:00,1.8899999856948853,2.0,1.7800999879837036,1.7925000190734863,2432,0.0,0.0
2023-08-23 14:30:00-04:00,1.8899999856948853,1.8899999856948853,1.8000999689102173,1.8000999689102173,1798,0.0,0.0
2023-08-23 15:30:00-04:00,1.86080002784729,1.8899999856948853,1.86080002784729,1.8899999856948853,361,0.0,0.0
2023-08-24 09:30:00-04:00,1.7899999618530273,1.7899999618530273,1.7899999618530273,1.7899999618530273,0,0.0,0.0
2023-08-24 11:30:00-04:00,1.8166999816894531,1.8166999816894531,1.8166999816894531,1.8166999816894531,1082,0.0,0.0
2023-08-24 15:30:00-04:00,1.7999999523162842,1.7999999523162842,1.7999999523162842,1.7999999523162842,290,0.0,0.0
2023-08-25 15:30:00-04:00,1.850000023841858,1.9228999614715576,1.850000023841858,1.8626999855041504,2923,0.0,0.0
2023-08-28 10:30:00-04:00,1.8925000429153442,1.8925000429153442,1.8925000429153442,1.8925000429153442,0,0.0,0.0
2023-08-28 11:30:00-04:00,1.999899983406067,1.999899983406067,1.999899983406067,1.999899983406067,284,0.0,0.0
2023-08-28 12:30:00-04:00,1.8550000190734863,1.8550000190734863,1.8550000190734863,1.8550000190734863,219,0.0,0.0
2023-08-28 15:30:00-04:00,1.8350000381469727,1.8350000381469727,1.8350000381469727,1.8350000381469727,278,0.0,0.0
2023-08-29 09:30:00-04:00,1.8600000143051147,1.8600000143051147,1.8600000143051147,1.8600000143051147,0,0.0,0.0
2023-08-29 11:30:00-04:00,1.8600000143051147,1.8600000143051147,1.8600000143051147,1.8600000143051147,0,0.0,0.0
2023-08-29 14:30:00-04:00,1.8700000047683716,1.8700000047683716,1.8600000143051147,1.8600000143051147,3000,0.0,0.0
2023-08-30 09:30:00-04:00,1.8899999856948853,1.8899999856948853,1.8899999856948853,1.8899999856948853,1205,0.0,0.0
2023-08-30 10:30:00-04:00,1.8899999856948853,1.8899999856948853,1.8899999856948853,1.8899999856948853,1900,0.0,0.0
2023-08-30 13:30:00-04:00,2.0,2.0,1.9305000305175781,1.9305000305175781,410,0.0,0.0
2023-08-30 14:30:00-04:00,1.999899983406067,1.999899983406067,1.999899983406067,1.999899983406067,0,0.0,0.0
2023-08-31 10:30:00-04:00,2.0,2.0,1.9970999956130981,1.9970999956130981,10528,0.0,0.0
2023-08-31 12:30:00-04:00,1.9600000381469727,2.069999933242798,1.9600000381469727,2.0299999713897705,4252,0.0,0.0
2023-08-31 14:30:00-04:00,2.049999952316284,2.049999952316284,2.049999952316284,2.049999952316284,337,0.0,0.0
2023-08-31 15:30:00-04:00,2.009999990463257,2.009999990463257,2.0002999305725098,2.0002999305725098,625,0.0,0.0
2023-09-01 09:30:00-04:00,2.0799999237060547,2.140000104904175,1.8901000022888184,2.119999885559082,6833,0.0,0.0
2023-09-01 13:30:00-04:00,2.1026999950408936,2.1026999950408936,2.0899999141693115,2.0899999141693115,3300,0.0,0.0
2023-09-01 15:30:00-04:00,2.119999885559082,2.149899959564209,2.119999885559082,2.149899959564209,2507,0.0,0.0
2023-09-05 09:30:00-04:00,2.180000066757202,2.180000066757202,2.059999942779541,2.059999942779541,0,0.0,0.0
2023-09-05 11:30:00-04:00,2.0899999141693115,2.0899999141693115,2.0899999141693115,2.0899999141693115,268,0.0,0.0
2023-09-05 12:30:00-04:00,2.049999952316284,2.049999952316284,2.049999952316284,2.049999952316284,998,0.0,0.0
2023-09-05 14:30:00-04:00,2.0799999237060547,2.0799999237060547,2.069999933242798,2.069999933242798,306,0.0,0.0
2023-09-05 15:30:00-04:00,2.0999999046325684,2.0999999046325684,2.0999999046325684,2.0999999046325684,0,0.0,0.0
2023-09-06 09:30:00-04:00,2.0399999618530273,2.0399999618530273,2.0399999618530273,2.0399999618530273,194,0.0,0.0
2023-09-06 10:30:00-04:00,2.0399999618530273,2.0399999618530273,2.0299999713897705,2.0299999713897705,1704,0.0,0.0
2023-09-06 11:30:00-04:00,2.0420000553131104,2.0420000553131104,2.0420000553131104,2.0420000553131104,994,0.0,0.0
2023-09-06 14:30:00-04:00,2.0399999618530273,2.0399999618530273,2.035099983215332,2.0399999618530273,0,0.0,0.0
2023-09-07 09:30:00-04:00,2.149899959564209,2.180000066757202,2.0899999141693115,2.180000066757202,5569,0.0,0.0
2023-09-07 10:30:00-04:00,2.0299999713897705,2.049999952316284,2.0299999713897705,2.049999952316284,1072,0.0,0.0
2023-09-07 14:30:00-04:00,2.1050000190734863,2.1050000190734863,2.0399999618530273,2.0399999618530273,284,0.0,0.0
2023-09-07 15:30:00-04:00,2.043600082397461,2.1050000190734863,2.0299999713897705,2.1050000190734863,2102,0.0,0.0
2023-09-08 09:30:00-04:00,2.140000104904175,2.140000104904175,2.140000104904175,2.140000104904175,1010,0.0,0.0
2023-09-08 10:30:00-04:00,2.140000104904175,2.140000104904175,2.140000104904175,2.140000104904175,1061,0.0,0.0
2023-09-08 14:30:00-04:00,2.109999895095825,2.109999895095825,2.109999895095825,2.109999895095825,317,0.0,0.0
2023-09-08 15:30:00-04:00,2.050100088119507,2.050100088119507,2.050100088119507,2.050100088119507,271,0.0,0.0
2023-09-11 09:30:00-04:00,2.180000066757202,2.2181999683380127,2.180000066757202,2.2181999683380127,4480,0.0,0.0
2023-09-11 10:30:00-04:00,2.1500000953674316,2.1500000953674316,2.1500000953674316,2.1500000953674316,587,0.0,0.0
2023-09-11 11:30:00-04:00,2.1833999156951904,2.1833999156951904,2.1500000953674316,2.1500000953674316,1857,0.0,0.0
2023-09-11 12:30:00-04:00,2.121500015258789,2.121500015258789,2.119999885559082,2.119999885559082,574,0.0,0.0
2023-09-11 14:30:00-04:00,2.1500000953674316,2.2200000286102295,2.1500000953674316,2.2200000286102295,1561,0.0,0.0
2023-09-11 15:30:00-04:00,2.0999999046325684,2.2200000286102295,2.0999999046325684,2.2200000286102295,2261,0.0,0.0
2023-09-12 09:30:00-04:00,2.200000047683716,2.2197000980377197,2.119999885559082,2.119999885559082,9154,0.0,0.0
2023-09-12 10:30:00-04:00,2.100100040435791,2.100100040435791,2.100100040435791,2.100100040435791,473,0.0,0.0
2023-09-12 12:30:00-04:00,2.109999895095825,2.109999895095825,2.109999895095825,2.109999895095825,266,0.0,0.0
2023-09-12 13:30:00-04:00,2.119999885559082,2.119999885559082,2.100100040435791,2.100100040435791,1689,0.0,0.0
2023-09-12 14:30:00-04:00,2.109999895095825,2.1600000858306885,2.109999895095825,2.1600000858306885,569,0.0,0.0
2023-09-12 15:30:00-04:00,2.1700000762939453,2.1700000762939453,2.1700000762939453,2.1700000762939453,282,0.0,0.0
2023-09-13 09:30:00-04:00,2.0999999046325684,2.125,2.0999999046325684,2.125,2167,0.0,0.0
2023-09-14 09:30:00-04:00,2.0999999046325684,2.240000009536743,2.0999999046325684,2.240000009536743,0,0.0,0.0
2023-09-14 10:30:00-04:00,2.2200000286102295,2.240000009536743,2.2200000286102295,2.240000009536743,2216,0.0,0.0
2023-09-14 11:30:00-04:00,2.240000009536743,2.25,2.240000009536743,2.240000009536743,3425,0.0,0.0
2023-09-14 12:30:00-04:00,2.200000047683716,2.200000047683716,2.200000047683716,2.200000047683716,259,0.0,0.0
2023-09-14 14:30:00-04:00,2.190000057220459,2.240000009536743,2.190000057220459,2.240000009536743,1131,0.0,0.0
2023-09-14 15:30:00-04:00,2.240000009536743,2.240000009536743,2.240000009536743,2.240000009536743,4059,0.0,0.0
2023-09-15 09:30:00-04:00,2.3499999046325684,2.3499999046325684,2.240000009536743,2.2720000743865967,3794,0.0,0.0
2023-09-15 10:30:00-04:00,2.300100088119507,2.349900007247925,2.299999952316284,2.3299999237060547,3518,0.0,0.0
2023-09-15 12:30:00-04:00,2.3499999046325684,2.3499999046325684,2.3280999660491943,2.3280999660491943,1622,0.0,0.0
2023-09-15 13:30:00-04:00,2.3499999046325684,2.3499999046325684,2.3499999046325684,2.3499999046325684,656,0.0,0.0
2023-09-15 14:30:00-04:00,2.319999933242798,2.3499999046325684,2.319999933242798,2.3499999046325684,988,0.0,0.0
2023-09-15 15:30:00-04:00,2.3499999046325684,2.3499999046325684,2.3499999046325684,2.3499999046325684,729,0.0,0.0
2023-09-18 09:30:00-04:00,2.440000057220459,2.440000057220459,2.359999895095825,2.369999885559082,18084,0.0,0.0
2023-09-18 11:30:00-04:00,2.3615000247955322,2.3615000247955322,2.3373000621795654,2.3373000621795654,1712,0.0,0.0
2023-09-18 12:30:00-04:00,2.369999885559082,2.369999885559082,2.369999885559082,2.369999885559082,779,0.0,0.0
2023-09-18 13:30:00-04:00,2.369999885559082,2.369999885559082,2.3399999141693115,2.3399999141693115,415,0.0,0.0
2023-09-18 14:30:00-04:00,2.369999885559082,2.4094998836517334,2.369999885559082,2.4000000953674316,4482,0.0,0.0
2023-09-18 15:30:00-04:00,2.4100000858306885,2.4200000762939453,2.380000114440918,2.4200000762939453,5245,0.0,0.0
2023-09-19 09:30:00-04:00,2.5,2.6512999534606934,2.450000047683716,2.4999001026153564,16120,0.0,0.0
2023-09-19 10:30:00-04:00,2.490000009536743,2.5,2.450000047683716,2.450000047683716,1906,0.0,0.0
2023-09-19 11:30:00-04:00,2.390000104904175,2.450000047683716,2.380000114440918,2.450000047683716,1027,0.0,0.0
2023-09-19 12:30:00-04:00,2.440000057220459,2.440000057220459,2.440000057220459,2.440000057220459,285,0.0,0.0
2023-09-19 13:30:00-04:00,2.4000000953674316,2.4200000762939453,2.3701000213623047,2.3701000213623047,5625,0.0,0.0
2023-09-19 14:30:00-04:00,2.380000114440918,2.380000114440918,2.380000114440918,2.380000114440918,271,0.0,0.0
2023-09-19 15:30:00-04:00,2.4149999618530273,2.450000047683716,2.4149999618530273,2.450000047683716,5097,0.0,0.0
2023-09-20 09:30:00-04:00,2.509999990463257,2.5199999809265137,2.509999990463257,2.5199999809265137,1103,0.0,0.0
2023-09-20 10:30:00-04:00,2.490000009536743,2.490000009536743,2.369999885559082,2.43179988861084,2889,0.0,0.0
2023-09-20 12:30:00-04:00,2.434999942779541,2.434999942779541,2.434999942779541,2.434999942779541,130,0.0,0.0
2023-09-20 13:30:00-04:00,2.380500078201294,2.5,2.380500078201294,2.5,1611,0.0,0.0
2023-09-20 14:30:00-04:00,2.450000047683716,2.450000047683716,2.450000047683716,2.450000047683716,523,0.0,0.0
2023-09-20 15:30:00-04:00,2.450000047683716,2.450000047683716,2.450000047683716,2.450000047683716,286,0.0,0.0
2023-09-21 09:30:00-04:00,2.4000000953674316,2.450000047683716,2.4000000953674316,2.450000047683716,0,0.0,0.0
2023-09-21 10:30:00-04:00,2.450000047683716,2.450000047683716,2.450000047683716,2.450000047683716,617,0.0,0.0
2023-09-21 12:30:00-04:00,2.4500999450683594,2.47760009765625,2.4500999450683594,2.47760009765625,2251,0.0,0.0
2023-09-21 14:30:00-04:00,2.484999895095825,2.640000104904175,2.450000047683716,2.4700000286102295,7130,0.0,0.0
2023-09-21 15:30:00-04:00,2.4040000438690186,2.404099941253662,2.4040000438690186,2.404099941253662,0,0.0,0.0
2023-09-22 09:30:00-04:00,2.4200000762939453,2.4200000762939453,2.4200000762939453,2.4200000762939453,313,0.0,0.0
2023-09-22 12:30:00-04:00,2.4200000762939453,2.4200000762939453,2.4200000762939453,2.4200000762939453,204,0.0,0.0
2023-09-22 14:30:00-04:00,2.490000009536743,2.490000009536743,2.490000009536743,2.490000009536743,259,0.0,0.0
2023-09-25 09:30:00-04:00,2.490000009536743,2.490000009536743,2.4700000286102295,2.490000009536743,4053,0.0,0.0
2023-09-25 10:30:00-04:00,2.4816999435424805,2.4816999435424805,2.4816999435424805,2.4816999435424805,365,0.0,0.0
2023-09-25 12:30:00-04:00,2.490000009536743,2.490000009536743,2.4700000286102295,2.490000009536743,2351,0.0,0.0
2023-09-25 14:30:00-04:00,2.470599889755249,2.470599889755249,2.4700000286102295,2.4700000286102295,1000,0.0,0.0
2023-09-25 15:30:00-04:00,2.4649999141693115,2.4649999141693115,2.450000047683716,2.450000047683716,1209,0.0,0.0
2023-09-26 09:30:00-04:00,2.4200000762939453,2.4200000762939453,2.4014999866485596,2.4024999141693115,0,0.0,0.0
2023-09-26 10:30:00-04:00,2.4000000953674316,2.4114999771118164,2.4000000953674316,2.4000000953674316,701,0.0,0.0
2023-09-26 11:30:00-04:00,2.4000000953674316,2.450000047683716,2.340100049972534,2.450000047683716,1711,0.0,0.0
2023-09-26 12:30:00-04:00,2.4312000274658203,2.4312000274658203,2.3499999046325684,2.3499999046325684,445,0.0,0.0
2023-09-27 09:30:00-04:00,2.259999990463257,2.3499999046325684,1.899999976158142,2.3499999046325684,26359,0.0,0.0
2023-09-27 10:30:00-04:00,2.5,2.549999952316284,2.1900999546051025,2.212599992752075,9999,0.0,0.0
2023-09-27 11:30:00-04:00,2.359999895095825,2.4000000953674316,2.200000047683716,2.309999942779541,6149,0.0,0.0
2023-09-27 12:30:00-04:00,2.259999990463257,2.359999895095825,2.200000047683716,2.200000047683716,1624,0.0,0.0
2023-09-27 13:30:00-04:00,2.1305999755859375,2.4598000049591064,2.090100049972534,2.23009991645813,7843,0.0,0.0
2023-09-27 14:30:00-04:00,2.265000104904175,2.4600000381469727,2.2300000190734863,2.23009991645813,2721,0.0,0.0
2023-09-27 15:30:00-04:00,2.299999952316284,2.299999952316284,2.299999952316284,2.299999952316284,200,0.0,0.0
2023-09-28 09:30:00-04:00,2.4000000953674316,2.430000066757202,2.319999933242798,2.3301000595092773,4305,0.0,0.0
2023-09-28 10:30:00-04:00,2.381700038909912,2.4200000762939453,2.3299999237060547,2.390000104904175,10810,0.0,0.0
2023-09-28 13:30:00-04:00,2.4114999771118164,2.4700000286102295,2.210099935531616,2.4700000286102295,5328,0.0,0.0
2023-09-28 14:30:00-04:00,2.380000114440918,2.390000104904175,2.259999990463257,2.259999990463257,6034,0.0,0.0
2023-09-28 15:30:00-04:00,2.319999933242798,2.319999933242798,2.319999933242798,2.319999933242798,101,0.0,0.0
2023-09-29 09:30:00-04:00,2.3399999141693115,2.469899892807007,2.2135000228881836,2.319999933242798,3842,0.0,0.0
2023-09-29 11:30:00-04:00,2.4688000679016113,2.4798998832702637,2.299999952316284,2.299999952316284,3232,0.0,0.0
2023-09-29 12:30:00-04:00,2.315000057220459,2.315000057220459,2.311800003051758,2.311800003051758,520,0.0,0.0
2023-09-29 13:30:00-04:00,2.3176000118255615,2.390700101852417,2.313999891281128,2.390700101852417,663,0.0,0.0
2023-09-29 15:30:00-04:00,2.319999933242798,2.319999933242798,2.319999933242798,2.319999933242798,153,0.0,0.0
2023-10-02 09:30:00-04:00,2.2899999618530273,2.2899999618530273,2.2899999618530273,2.2899999618530273,1114,0.0,0.0
2023-10-02 11:30:00-04:00,2.2899999618530273,2.2899999618530273,2.280100107192993,2.280100107192993,509,0.0,0.0
2023-10-02 15:30:00-04:00,2.280100107192993,2.3303000926971436,2.280100107192993,2.2899999618530273,2552,0.0,0.0
2023-10-03 09:30:00-04:00,2.3499999046325684,2.4798998832702637,2.3499999046325684,2.4798998832702637,2246,0.0,0.0
2023-10-03 10:30:00-04:00,2.2892000675201416,2.3696000576019287,2.280100107192993,2.280100107192993,5112,0.0,0.0
2023-10-03 11:30:00-04:00,2.359999895095825,2.359999895095825,2.359999895095825,2.359999895095825,403,0.0,0.0
2023-10-03 12:30:00-04:00,2.380000114440918,2.380000114440918,2.200000047683716,2.200000047683716,3788,0.0,0.0
2023-10-03 13:30:00-04:00,2.2799999713897705,2.2899999618530273,2.2799999713897705,2.2809998989105225,1294,0.0,0.0
2023-10-03 14:30:00-04:00,2.3608999252319336,2.3757998943328857,2.2799999713897705,2.2799999713897705,0,0.0,0.0
2023-10-04 10:30:00-04:00,2.332900047302246,2.332900047302246,2.332900047302246,2.332900047302246,115,0.0,0.0
2023-10-04 11:30:00-04:00,2.0100998878479004,2.103300094604492,2.009999990463257,2.103300094604492,6961,0.0,0.0
2023-10-04 12:30:00-04:00,2.265000104904175,2.3399999141693115,2.2300000190734863,2.327399969100952,2760,0.0,0.0
2023-10-04 13:30:00-04:00,2.2430999279022217,2.2430999279022217,2.2430999279022217,2.2430999279022217,507,0.0,0.0
2023-10-04 15:30:00-04:00,2.2100000381469727,2.2100000381469727,2.2100000381469727,2.2100000381469727,257,0.0,0.0
2023-10-05 09:30:00-04:00,2.109999895095825,2.325000047683716,2.109999895095825,2.2300000190734863,0,0.0,0.0
2023-10-05 13:30:00-04:00,2.25,2.3499999046325684,2.25,2.3399999141693115,964,0.0,0.0
2023-10-05 14:30:00-04:00,2.200000047683716,2.200000047683716,2.200000047683716,2.200000047683716,1089,0.0,0.0
2023-10-05 15:30:00-04:00,2.244999885559082,2.380000114440918,2.244999885559082,2.380000114440918,1962,0.0,0.0
2023-10-06 09:30:00-04:00,2.430000066757202,2.430000066757202,2.309999942779541,2.309999942779541,1757,0.0,0.0
2023-10-06 10:30:00-04:00,2.261699914932251,2.3450000286102295,2.2600998878479004,2.3450000286102295,4665,0.0,0.0
2023-10-06 11:30:00-04:00,2.390000104904175,2.390000104904175,2.2850000858306885,2.299999952316284,2125,0.0,0.0
2023-10-06 12:30:00-04:00,2.309999942779541,2.309999942779541,2.2200000286102295,2.2200000286102295,450,0.0,0.0
2023-10-06 13:30:00-04:00,2.2699999809265137,2.2699999809265137,2.259999990463257,2.259999990463257,1803,0.0,0.0
2023-10-06 14:30:00-04:00,2.3399999141693115,2.3399999141693115,2.3399999141693115,2.3399999141693115,428,0.0,0.0
2023-10-09 09:30:00-04:00,2.359999895095825,2.360100030899048,2.2200000286102295,2.325000047683716,0,0.0,0.0
2023-10-09 13:30:00-04:00,2.2699999809265137,2.430000066757202,2.259999990463257,2.259999990463257,908,0.0,0.0
2023-10-09 15:30:00-04:00,2.2701001167297363,2.430000066757202,2.2699999809265137,2.2799999713897705,1882,0.0,0.0
2023-10-10 09:30:00-04:00,2.2799999713897705,2.325000047683716,2.2799999713897705,2.325000047683716,685,0.0,0.0
2023-10-10 10:30:00-04:00,2.4298999309539795,2.4298999309539795,2.3299999237060547,2.3299999237060547,1095,0.0,0.0
2023-10-10 12:30:00-04:00,2.4100000858306885,2.4200000762939453,2.3550000190734863,2.4133999347686768,3334,0.0,0.0
2023-10-10 13:30:00-04:00,2.4200000762939453,2.4200000762939453,2.4100000858306885,2.4100000858306885,651,0.0,0.0
2023-10-10 14:30:00-04:00,2.430000066757202,2.430000066757202,2.4200000762939453,2.4200000762939453,299,0.0,0.0
2023-10-11 09:30:00-04:00,2.224900007247925,2.4000000953674316,2.224900007247925,2.4000000953674316,594,0.0,0.0
2023-10-11 11:30:00-04:00,2.3399999141693115,2.3399999141693115,2.2899999618530273,2.2899999618530273,2797,0.0,0.0
2023-10-11 12:30:00-04:00,2.251800060272217,2.251800060272217,2.251800060272217,2.251800060272217,170,0.0,0.0
2023-10-12 13:30:00-04:00,2.259999990463257,2.259999990463257,2.2511000633239746,2.2511000633239746,640,0.0,0.0
2023-10-12 15:30:00-04:00,2.3350000381469727,2.3350000381469727,2.3350000381469727,2.3350000381469727,0,0.0,0.0
2023-10-13 15:30:00-04:00,2.3499999046325684,2.350100040435791,2.3499999046325684,2.3499999046325684,342,0.0,0.0
2023-10-16 09:30:00-04:00,2.309999942779541,2.309999942779541,2.309999942779541,2.309999942779541,488,0.0,0.0
2023-10-16 11:30:00-04:00,2.4100000858306885,2.4100000858306885,2.319999933242798,2.319999933242798,715,0.0,0.0
2023-10-16 12:30:00-04:00,2.309999942779541,2.359999895095825,2.309999942779541,2.359999895095825,1457,0.0,0.0
2023-10-16 13:30:00-04:00,2.359999895095825,2.359999895095825,2.359999895095825,2.359999895095825,333,0.0,0.0
2023-10-17 09:30:00-04:00,2.3299999237060547,2.3299999237060547,2.25,2.25,0,0.0,0.0
2023-10-17 10:30:00-04:00,2.259999990463257,2.259999990463257,2.25,2.25,731,0.0,0.0
2023-10-17 12:30:00-04:00,2.390000104904175,2.4100000858306885,2.359999895095825,2.359999895095825,2376,0.0,0.0
2023-10-17 13:30:00-04:00,2.299999952316284,2.299999952316284,2.299999952316284,2.299999952316284,2352,0.0,0.0
2023-10-17 15:30:00-04:00,2.4200000762939453,2.4200000762939453,2.25,2.25,588,0.0,0.0
2023-10-18 09:30:00-04:00,2.359999895095825,2.359999895095825,2.359999895095825,2.359999895095825,0,0.0,0.0
2023-10-18 11:30:00-04:00,2.325000047683716,2.325000047683716,2.325000047683716,2.325000047683716,0,0.0,0.0
2023-10-19 12:30:00-04:00,2.2500998973846436,2.2500998973846436,2.2500998973846436,2.2500998973846436,307,0.0,0.0
2023-10-19 13:30:00-04:00,2.2500998973846436,2.259999990463257,2.0999999046325684,2.180000066757202,9566,0.0,0.0
2023-10-19 14:30:00-04:00,2.190000057220459,2.190000057220459,1.9700000286102295,1.9700000286102295,31605,0.0,0.0
2023-10-19 15:30:00-04:00,1.9003000259399414,1.9299999475479126,1.899999976158142,1.9299999475479126,10533,0.0,0.0
2023-10-20 09:30:00-04:00,1.909999966621399,1.909999966621399,1.899999976158142,1.899999976158142,764,0.0,0.0
2023-10-20 10:30:00-04:00,1.8300000429153442,1.8300000429153442,1.7599999904632568,1.7599999904632568,514,0.0,0.0
2023-10-20 11:30:00-04:00,1.8799999952316284,1.8799999952316284,1.8799999952316284,1.8799999952316284,370,0.0,0.0
2023-10-20 13:30:00-04:00,1.837499976158142,1.837499976158142,1.8241000175476074,1.8241000175476074,893,0.0,0.0
2023-10-23 09:30:00-04:00,1.9500000476837158,1.9500000476837158,1.9500000476837158,1.9500000476837158,0,0.0,0.0
2023-10-23 10:30:00-04:00,1.8830000162124634,1.8830000162124634,1.8830000162124634,1.8830000162124634,1123,0.0,0.0
2023-10-24 09:30:00-04:00,1.75,1.75,1.75,1.75,275,0.0,0.0
2023-10-24 13:30:00-04:00,1.7699999809265137,1.7699999809265137,1.7699999809265137,1.7699999809265137,129,0.0,0.0
2023-10-25 09:30:00-04:00,1.8200000524520874,1.8359999656677246,1.8200000524520874,1.8359999656677246,2529,0.0,0.0
2023-10-25 10:30:00-04:00,1.8200000524520874,1.8200000524520874,1.5,1.5104000568389893,8546,0.0,0.0
2023-10-25 11:30:00-04:00,1.649999976158142,1.7300000190734863,1.5500999689102173,1.7300000190734863,1839,0.0,0.0
2023-10-25 13:30:00-04:00,1.7000000476837158,1.7000000476837158,1.7000000476837158,1.7000000476837158,1895,0.0,0.0
2023-10-25 15:30:00-04:00,1.7300000190734863,1.73989999294281,1.7200000286102295,1.7396999597549438,1603,0.0,0.0
2023-10-26 09:30:00-04:00,1.75,1.75,1.6799999475479126,1.6799999475479126,0,0.0,0.0
2023-10-26 10:30:00-04:00,1.7100000381469727,1.75,1.649999976158142,1.649999976158142,1118,0.0,0.0
2023-10-26 12:30:00-04:00,1.649999976158142,1.659999966621399,1.6044000387191772,1.659999966621399,1265,0.0,0.0
2023-10-26 13:30:00-04:00,1.6887999773025513,1.6887999773025513,1.6887999773025513,1.6887999773025513,0,0.0,0.0
2023-10-27 11:30:00-04:00,1.5500999689102173,1.5963000059127808,1.5500999689102173,1.5963000059127808,2204,0.0,0.0
2023-10-27 12:30:00-04:00,1.659600019454956,1.659600019454956,1.659600019454956,1.659600019454956,198,0.0,0.0
2023-10-27 14:30:00-04:00,1.7238999605178833,1.7238999605178833,1.7238999605178833,1.7238999605178833,787,0.0,0.0
2023-10-27 15:30:00-04:00,1.659999966621399,1.659999966621399,1.6100000143051147,1.6100000143051147,451,0.0,0.0
2023-10-30 09:30:00-04:00,1.7100000381469727,1.7199000120162964,1.7100000381469727,1.7108999490737915,4136,0.0,0.0
2023-10-30 10:30:00-04:00,1.718999981880188,1.7200000286102295,1.600000023841858,1.600000023841858,0,0.0,0.0
2023-10-31 09:30:00-04:00,1.7000000476837158,1.7000000476837158,1.6699999570846558,1.679900050163269,2356,0.0,0.0
2023-10-31 11:30:00-04:00,1.659999966621399,1.659999966621399,1.659000039100647,1.659000039100647,864,0.0,0.0
2023-10-31 12:30:00-04:00,1.5499999523162842,1.648900032043457,1.5499999523162842,1.648900032043457,308,0.0,0.0
2023-10-31 14:30:00-04:00,1.600000023841858,1.600000023841858,1.600000023841858,1.600000023841858,0,0.0,0.0
2023-11-01 10:30:00-04:00,1.600100040435791,1.600100040435791,1.5800000429153442,1.5800000429153442,1264,0.0,0.0
2023-11-01 11:30:00-04:00,1.559999942779541,1.559999942779541,1.559999942779541,1.559999942779541,109,0.0,0.0
2023-11-01 12:30:00-04:00,1.5529999732971191,1.5529999732971191,1.5529999732971191,1.5529999732971191,992,0.0,0.0
2023-11-01 14:30:00-04:00,1.589900016784668,1.649999976158142,1.589900016784668,1.6261999607086182,8801,0.0,0.0
2023-11-01 15:30:00-04:00,1.6200000047683716,1.649999976158142,1.6200000047683716,1.6412999629974365,0,0.0,0.0
2023-11-02 10:30:00-04:00,1.7549999952316284,1.7999999523162842,1.7300000190734863,1.7999999523162842,2011,0.0,0.0
2023-11-02 11:30:00-04:00,1.7000000476837158,1.7000000476837158,1.7000000476837158,1.7000000476837158,561,0.0,0.0
2023-11-02 12:30:00-04:00,1.6799999475479126,1.7235000133514404,1.6699999570846558,1.7235000133514404,2132,0.0,0.0
2023-11-02 15:30:00-04:00,1.6699999570846558,1.6699999570846558,1.6699999570846558,1.6699999570846558,200,0.0,0.0
2023-11-03 10:30:00-04:00,1.690000057220459,1.690000057220459,1.690000057220459,1.690000057220459,410,0.0,0.0
2023-11-03 11:30:00-04:00,1.71589994430542,1.71589994430542,1.71589994430542,1.71589994430542,674,0.0,0.0
2023-11-03 14:30:00-04:00,1.75,1.75,1.7100000381469727,1.7100000381469727,852,0.0,0.0
2023-11-06 09:30:00-05:00,1.6100000143051147,1.6100000143051147,1.6100000143051147,1.6100000143051147,0,0.0,0.0
2023-11-06 13:30:00-05:00,1.6101000308990479,1.6101000308990479,1.6101000308990479,1.6101000308990479,932,0.0,0.0
2023-11-08 09:30:00-05:00,1.6797000169754028,1.7300000190734863,1.6100000143051147,1.6699999570846558,6867,0.0,0.0
2023-11-08 10:30:00-05:00,1.6100000143051147,1.6100000143051147,1.6100000143051147,1.6100000143051147,110,0.0,0.0
2023-11-08 12:30:00-05:00,1.660599946975708,1.660599946975708,1.660599946975708,1.660599946975708,552,0.0,0.0
2023-11-08 14:30:00-05:00,1.6100000143051147,1.642799973487854,1.6100000143051147,1.642799973487854,0,0.0,0.0
2023-11-09 09:30:00-05:00,1.6953999996185303,1.6953999996185303,1.6953999996185303,1.6953999996185303,331,0.0,0.0
2023-11-09 11:30:00-05:00,1.600000023841858,1.600000023841858,1.600000023841858,1.600000023841858,339,0.0,0.0
2023-11-09 14:30:00-05:00,1.600000023841858,1.600000023841858,1.600000023841858,1.600000023841858,0,0.0,0.0
2023-11-10 09:30:00-05:00,1.611899971961975,1.611899971961975,1.611899971961975,1.611899971961975,140,0.0,0.0
2023-11-10 10:30:00-05:00,1.600000023841858,1.600000023841858,1.600000023841858,1.600000023841858,287,0.0,0.0
2023-11-10 15:30:00-05:00,1.624400019645691,1.6799999475479126,1.624400019645691,1.6799999475479126,732,0.0,0.0
2023-11-13 09:30:00-05:00,1.6990000009536743,1.6990000009536743,1.6799999475479126,1.6799999475479126,0,0.0,0.0
2023-11-13 10:30:00-05:00,1.6821000576019287,1.6821000576019287,1.6799999475479126,1.6799999475479126,711,0.0,0.0
2023-11-13 14:30:00-05:00,1.559999942779541,1.559999942779541,1.559999942779541,1.559999942779541,119,0.0,0.0
2023-11-13 15:30:00-05:00,1.559999942779541,1.690000057220459,1.5520000457763672,1.690000057220459,0,0.0,0.0
2023-11-14 09:30:00-05:00,1.6799999475479126,1.6799999475479126,1.6799999475479126,1.6799999475479126,1087,0.0,0.0
2023-11-14 10:30:00-05:00,1.559999942779541,1.559999942779541,1.559999942779541,1.559999942779541,126,0.0,0.0
2023-11-14 11:30:00-05:00,1.5994000434875488,1.5994000434875488,1.559999942779541,1.559999942779541,1224,0.0,0.0
2023-11-14 12:30:00-05:00,1.6100000143051147,1.6100000143051147,1.6100000143051147,1.6100000143051147,217,0.0,0.0
2023-11-14 13:30:00-05:00,1.561900019645691,1.561900019645691,1.561900019645691,1.561900019645691,0,0.0,0.0
2023-11-15 09:30:00-05:00,1.6283999681472778,1.6283999681472778,1.6283999681472778,1.6283999681472778,2016,0.0,0.0
2023-11-15 12:30:00-05:00,1.6050000190734863,1.6050000190734863,1.6050000190734863,1.6050000190734863,419,0.0,0.0
2023-11-15 14:30:00-05:00,1.559999942779541,1.559999942779541,1.559999942779541,1.559999942779541,102,0.0,0.0
2023-11-15 15:30:00-05:00,1.600000023841858,1.600000023841858,1.5499999523162842,1.5499999523162842,0,0.0,0.0
2023-11-16 09:30:00-05:00,1.5500999689102173,1.5880000591278076,1.5499999523162842,1.5880000591278076,858,0.0,0.0
2023-11-16 10:30:00-05:00,1.5800000429153442,1.5800000429153442,1.5499999523162842,1.5499999523162842,200,0.0,0.0
2023-11-16 11:30:00-05:00,1.5549999475479126,1.5549999475479126,1.5549999475479126,1.5549999475479126,162,0.0,0.0
2023-11-16 14:30:00-05:00,1.5099999904632568,1.51010000705719,1.5099999904632568,1.51010000705719,1468,0.0,0.0
2023-11-16 15:30:00-05:00,1.5099999904632568,1.5499999523162842,1.4700000286102295,1.5499999523162842,0,0.0,0.0
2023-11-17 09:30:00-05:00,1.5478999614715576,1.5478999614715576,1.5478999614715576,1.5478999614715576,4536,0.0,0.0
2023-11-17 10:30:00-05:00,1.534999966621399,1.534999966621399,1.534999966621399,1.534999966621399,348,0.0,0.0
2023-11-17 13:30:00-05:00,1.4900000095367432,1.4900000095367432,1.4900000095367432,1.4900000095367432,194,0.0,0.0
2023-11-20 09:30:00-05:00,1.409999966621399,1.4950000047683716,1.409999966621399,1.4950000047683716,916,0.0,0.0
2023-11-20 11:30:00-05:00,1.5499000549316406,1.5499999523162842,1.547700047492981,1.5484999418258667,11503,0.0,0.0
2023-11-20 12:30:00-05:00,1.559999942779541,1.5800000429153442,1.559999942779541,1.5800000429153442,8770,0.0,0.0
2023-11-20 13:30:00-05:00,1.5799000263214111,1.590000033378601,1.579200029373169,1.589900016784668,7129,0.0,0.0
2023-11-20 15:30:00-05:00,1.559999942779541,1.559999942779541,1.409999966621399,1.409999966621399,0,0.0,0.0
2023-11-21 09:30:00-05:00,1.5,1.5,1.499899983406067,1.5,3396,0.0,0.0
2023-11-21 10:30:00-05:00,1.5003000497817993,1.5099999904632568,1.5002000331878662,1.5098999738693237,3515,0.0,0.0
2023-11-21 15:30:00-05:00,1.5499999523162842,1.5499999523162842,1.4600000381469727,1.4600000381469727,1400,0.0,0.0
2023-11-22 09:30:00-05:00,1.4950000047683716,1.4950000047683716,1.4799000024795532,1.4799000024795532,1704,0.0,0.0
2023-11-22 11:30:00-05:00,1.5800000429153442,1.5800000429153442,1.5700000524520874,1.5800000429153442,3911,0.0,0.0
2023-11-22 14:30:00-05:00,1.5800000429153442,1.5930999517440796,1.5800000429153442,1.5930999517440796,1401,0.0,0.0
2023-11-24 09:30:00-05:00,1.5800000429153442,1.5800000429153442,1.5700000524520874,1.5700000524520874,2003,0.0,0.0
2023-11-24 11:30:00-05:00,1.559999942779541,1.565000057220459,1.559999942779541,1.565000057220459,2379,0.0,0.0
2023-11-27 09:30:00-05:00,1.4500000476837158,1.4500000476837158,1.4500000476837158,1.4500000476837158,516,0.0,0.0
2023-11-27 10:30:00-05:00,1.5999000072479248,1.5999000072479248,1.5999000072479248,1.5999000072479248,272,0.0,0.0
2023-11-27 11:30:00-05:00,1.524999976158142,1.524999976158142,1.524999976158142,1.524999976158142,129,0.0,0.0
2023-11-27 12:30:00-05:00,1.5700000524520874,1.5700000524520874,1.5700000524520874,1.5700000524520874,733,0.0,0.0
2023-11-27 14:30:00-05:00,1.600000023841858,1.600000023841858,1.600000023841858,1.600000023841858,292,0.0,0.0
2023-11-28 09:30:00-05:00,1.5700000524520874,1.5700000524520874,1.5700000524520874,1.5700000524520874,217,0.0,0.0
2023-11-28 10:30:00-05:00,1.5700000524520874,1.570099949836731,1.5499999523162842,1.5700000524520874,5268,0.0,0.0
2023-11-28 11:30:00-05:00,1.569700002670288,1.5700000524520874,1.5500999689102173,1.5500999689102173,10450,0.0,0.0
2023-11-28 12:30:00-05:00,1.6399999856948853,1.6399999856948853,1.6399999856948853,1.6399999856948853,144,0.0,0.0
2023-11-28 13:30:00-05:00,1.600000023841858,1.600000023841858,1.5499999523162842,1.5499999523162842,508,0.0,0.0
2023-11-28 14:30:00-05:00,1.5509999990463257,1.6299999952316284,1.5509999990463257,1.6299999952316284,0,0.0,0.0
2023-11-29 09:30:00-05:00,1.6050000190734863,1.6050000190734863,1.6050000190734863,1.6050000190734863,593,0.0,0.0
2023-11-29 11:30:00-05:00,1.559999942779541,1.559999942779541,1.559999942779541,1.559999942779541,127,0.0,0.0
2023-11-29 13:30:00-05:00,1.559999942779541,1.559999942779541,1.5499999523162842,1.5500999689102173,1003,0.0,0.0
2023-11-29 14:30:00-05:00,1.5499999523162842,1.5499999523162842,1.5499999523162842,1.5499999523162842,166,0.0,0.0
2023-11-30 09:30:00-05:00,1.559999942779541,1.5724999904632568,1.559999942779541,1.5724999904632568,360,0.0,0.0
2023-11-30 11:30:00-05:00,1.5499999523162842,1.5499999523162842,1.5499999523162842,1.5499999523162842,102,0.0,0.0
2023-11-30 12:30:00-05:00,1.5499999523162842,1.5499999523162842,1.5499999523162842,1.5499999523162842,179,0.0,0.0
2023-11-30 13:30:00-05:00,1.617799997329712,1.617799997329712,1.590000033378601,1.5999000072479248,1597,0.0,0.0
2023-11-30 14:30:00-05:00,1.559999942779541,1.5700000524520874,1.5499999523162842,1.5699000358581543,2917,0.0,0.0
2023-12-01 09:30:00-05:00,1.6029000282287598,1.6050000190734863,1.6029000282287598,1.6050000190734863,1173,0.0,0.0
2023-12-01 11:30:00-05:00,1.5700000524520874,1.5700000524520874,1.5700000524520874,1.5700000524520874,732,0.0,0.0
2023-12-01 12:30:00-05:00,1.559999942779541,1.559999942779541,1.5500999689102173,1.5599000453948975,2010,0.0,0.0
2023-12-04 09:30:00-05:00,1.5499999523162842,1.6799999475479126,1.5499999523162842,1.6749999523162842,1634,0.0,0.0
2023-12-04 10:30:00-05:00,1.6699999570846558,1.6699999570846558,1.5499999523162842,1.6150000095367432,8711,0.0,0.0
2023-12-04 11:30:00-05:00,1.5499999523162842,1.6150000095367432,1.5499999523162842,1.6150000095367432,584,0.0,0.0
2023-12-04 12:30:00-05:00,1.6675000190734863,1.6699999570846558,1.5500999689102173,1.5637999773025513,2918,0.0,0.0
2023-12-04 13:30:00-05:00,1.559999942779541,1.559999942779541,1.559999942779541,1.559999942779541,378,0.0,0.0
2023-12-04 14:30:00-05:00,1.559999942779541,1.6150000095367432,1.5499999523162842,1.5500999689102173,0,0.0,0.0
2023-12-05 10:30:00-05:00,1.5800000429153442,1.5800000429153442,1.5800000429153442,1.5800000429153442,1577,0.0,0.0
2023-12-05 13:30:00-05:00,1.659999966621399,1.659999966621399,1.659999966621399,1.659999966621399,155,0.0,0.0
2023-12-06 09:30:00-05:00,1.5499999523162842,1.600000023841858,1.5499999523162842,1.590000033378601,3670,0.0,0.0
2023-12-06 12:30:00-05:00,1.5800000429153442,1.590000033378601,1.5499999523162842,1.590000033378601,2636,0.0,0.0
2023-12-06 14:30:00-05:00,1.590000033378601,1.590000033378601,1.590000033378601,1.590000033378601,392,0.0,0.0
2023-12-06 15:30:00-05:00,1.5499999523162842,1.5499999523162842,1.5499999523162842,1.5499999523162842,694,0.0,0.0
2023-12-07 09:30:00-05:00,1.3700000047683716,1.590000033378601,1.3700000047683716,1.590000033378601,4778,0.0,0.0
2023-12-07 13:30:00-05:00,1.5199999809265137,1.5199999809265137,1.5199999809265137,1.5199999809265137,543,0.0,0.0
2023-12-07 15:30:00-05:00,1.5700000524520874,1.5700000524520874,1.497499942779541,1.5499999523162842,0,0.0,0.0
2023-12-08 14:30:00-05:00,1.600000023841858,1.600000023841858,1.3799999952316284,1.4850000143051147,4067,0.0,0.0
2023-12-08 15:30:00-05:00,1.4500000476837158,1.600000023841858,1.434999942779541,1.434999942779541,1930,0.0,0.0
2023-12-11 09:30:00-05:00,1.590000033378601,1.590000033378601,1.4531999826431274,1.4774999618530273,1590,0.0,0.0
2023-12-11 10:30:00-05:00,1.5399999618530273,1.590000033378601,1.5399999618530273,1.5499999523162842,447,0.0,0.0
2023-12-11 11:30:00-05:00,1.5499999523162842,1.5499999523162842,1.5499999523162842,1.5499999523162842,209,0.0,0.0
2023-12-11 12:30:00-05:00,1.5499999523162842,1.5499999523162842,1.5499999523162842,1.5499999523162842,492,0.0,0.0
2023-12-11 13:30:00-05:00,1.5499999523162842,1.5499999523162842,1.5499999523162842,1.5499999523162842,796,0.0,0.0
2023-12-11 15:30:00-05:00,1.5499999523162842,1.5499999523162842,1.5499999523162842,1.5499999523162842,0,0.0,0.0
2023-12-12 10:30:00-05:00,1.559999942779541,1.559999942779541,1.4319000244140625,1.4319000244140625,2837,0.0,0.0
2023-12-12 11:30:00-05:00,1.5499999523162842,1.5499999523162842,1.5499999523162842,1.5499999523162842,745,0.0,0.0
2023-12-12 12:30:00-05:00,1.5049999952316284,1.590000033378601,1.5049999952316284,1.5800000429153442,1648,0.0,0.0
2023-12-12 13:30:00-05:00,1.5099999904632568,1.5700000524520874,1.5099999904632568,1.5700000524520874,615,0.0,0.0
2023-12-12 14:30:00-05:00,1.5199999809265137,1.559999942779541,1.4880000352859497,1.5099999904632568,1395,0.0,0.0
2023-12-12 15:30:00-05:00,1.5700000524520874,1.5800000429153442,1.5700000524520874,1.5800000429153442,949,0.0,0.0
2023-12-13 10:30:00-05:00,1.4800000190734863,1.4800000190734863,1.4800000190734863,1.4800000190734863,240,0.0,0.0
2023-12-13 12:30:00-05:00,1.3601000308990479,1.5099999904632568,1.3601000308990479,1.5099999904632568,1415,0.0,0.0
2023-12-13 14:30:00-05:00,1.559999942779541,1.559999942779541,1.5399999618530273,1.5399999618530273,305,0.0,0.0
2023-12-13 15:30:00-05:00,1.5700000524520874,1.600000023841858,1.5700000524520874,1.590000033378601,3288,0.0,0.0
2023-12-14 10:30:00-05:00,1.4641000032424927,1.5999000072479248,1.4187999963760376,1.5999000072479248,2703,0.0,0.0
2023-12-14 11:30:00-05:00,1.5499999523162842,1.5499999523162842,1.5499999523162842,1.5499999523162842,292,0.0,0.0
2023-12-14 12:30:00-05:00,1.5499999523162842,1.5499999523162842,1.5499999523162842,1.5499999523162842,382,0.0,0.0
2023-12-14 13:30:00-05:00,1.5499999523162842,1.5499999523162842,1.5499999523162842,1.5499999523162842,1927,0.0,0.0
2023-12-14 14:30:00-05:00,1.5,1.600000023841858,1.409999966621399,1.600000023841858,2443,0.0,0.0
2023-12-14 15:30:00-05:00,1.4200999736785889,1.600000023841858,1.4200999736785889,1.590000033378601,2294,0.0,0.0
2023-12-15 09:30:00-05:00,1.600000023841858,1.600000023841858,1.600000023841858,1.600000023841858,0,0.0,0.0
2023-12-15 10:30:00-05:00,1.600000023841858,1.6399999856948853,1.4500000476837158,1.636199951171875,2842,0.0,0.0
2023-12-15 11:30:00-05:00,1.6050000190734863,1.6050000190734863,1.4700000286102295,1.590000033378601,1301,0.0,0.0
2023-12-15 13:30:00-05:00,1.4550000429153442,1.4550000429153442,1.4550000429153442,1.4550000429153442,743,0.0,0.0
2023-12-15 14:30:00-05:00,1.5299999713897705,1.6399999856948853,1.5099999904632568,1.6299999952316284,4865,0.0,0.0
2023-12-15 15:30:00-05:00,1.6299999952316284,1.6799999475479126,1.5099999904632568,1.6799999475479126,5334,0.0,0.0
2023-12-18 11:30:00-05:00,1.7400000095367432,1.929900050163269,1.7400000095367432,1.929900050163269,16444,0.0,0.0
2023-12-18 12:30:00-05:00,1.840000033378601,1.840000033378601,1.7949999570846558,1.7949999570846558,1232,0.0,0.0
2023-12-18 14:30:00-05:00,1.774999976158142,1.7893999814987183,1.6301000118255615,1.6301000118255615,0,0.0,0.0
2023-12-19 09:30:00-05:00,1.909999966621399,1.909999966621399,1.7699999809265137,1.7699999809265137,1885,0.0,0.0
2023-12-19 11:30:00-05:00,1.6299999952316284,1.7200000286102295,1.5600999593734741,1.600000023841858,8333,0.0,0.0
2023-12-19 14:30:00-05:00,1.649999976158142,1.7949999570846558,1.6399999856948853,1.7949999570846558,0,0.0,0.0
2023-12-20 09:30:00-05:00,1.850000023841858,1.850000023841858,1.850000023841858,1.850000023841858,1047,0.0,0.0
2023-12-20 10:30:00-05:00,1.7699999809265137,1.7699999809265137,1.7599999904632568,1.7599999904632568,1908,0.0,0.0
2023-12-20 12:30:00-05:00,1.570099949836731,1.7300000190734863,1.570099949836731,1.7200000286102295,0,0.0,0.0
2023-12-22 09:30:00-05:00,1.7999999523162842,1.7999999523162842,1.7999999523162842,1.7999999523162842,775,0.0,0.0
2023-12-22 10:30:00-05:00,1.7999999523162842,1.840000033378601,1.7999999523162842,1.7999999523162842,2592,0.0,0.0
2023-12-22 12:30:00-05:00,1.6100000143051147,1.7000999450683594,1.6100000143051147,1.7000000476837158,1445,0.0,0.0
2023-12-26 09:30:00-05:00,1.8300000429153442,1.940000057220459,1.8300000429153442,1.940000057220459,0,0.0,0.0
2023-12-26 11:30:00-05:00,1.937600016593933,1.937600016593933,1.7826999425888062,1.7826999425888062,371,0.0,0.0
2023-12-26 12:30:00-05:00,1.7023999691009521,1.7023999691009521,1.7023999691009521,1.7023999691009521,0,0.0,0.0
2023-12-27 09:30:00-05:00,1.809999942779541,1.809999942779541,1.7300000190734863,1.7699999809265137,1596,0.0,0.0
2023-12-27 10:30:00-05:00,1.8193999528884888,1.850000023841858,1.7300000190734863,1.7301000356674194,3657,0.0,0.0
2023-12-27 12:30:00-05:00,1.840000033378601,1.850000023841858,1.840000033378601,1.850000023841858,1669,0.0,0.0
2023-12-27 15:30:00-05:00,1.875,1.875,1.875,1.875,800,0.0,0.0
2023-12-28 09:30:00-05:00,1.840000033378601,1.850000023841858,1.75,1.75,2208,0.0,0.0
2023-12-28 10:30:00-05:00,1.75,1.9299999475479126,1.75,1.9299999475479126,754,0.0,0.0
2023-12-28 11:30:00-05:00,1.7599999904632568,1.7699999809265137,1.7599999904632568,1.7599999904632568,821,0.0,0.0
2023-12-28 12:30:00-05:00,1.8350000381469727,1.8350000381469727,1.8350000381469727,1.8350000381469727,427,0.0,0.0
2023-12-29 09:30:00-05:00,1.75,1.7999999523162842,1.75,1.7999999523162842,0,0.0,0.0
2023-12-29 11:30:00-05:00,1.8899999856948853,1.8899999856948853,1.8899999856948853,1.8899999856948853,197,0.0,0.0
2023-12-29 12:30:00-05:00,1.850100040435791,1.850100040435791,1.850100040435791,1.850100040435791,1382,0.0,0.0
2024-01-02 10:30:00-05:00,1.8301000595092773,1.8324999809265137,1.7899999618530273,1.7899999618530273,947,0.0,0.0
2024-01-02 11:30:00-05:00,1.819000005722046,1.819000005722046,1.819000005722046,1.819000005722046,668,0.0,0.0
2024-01-03 13:30:00-05:00,1.7898999452590942,1.7898999452590942,1.6200000047683716,1.6200000047683716,556,0.0,0.0
2024-01-05 09:30:00-05:00,1.7400000095367432,1.8300000429153442,1.6100000143051147,1.6100000143051147,1276,0.0,0.0
2024-01-05 11:30:00-05:00,1.6211999654769897,1.6211999654769897,1.6211999654769897,1.6211999654769897,588,0.0,0.0
2024-01-08 10:30:00-05:00,1.6399999856948853,1.6799999475479126,1.6339999437332153,1.6799999475479126,338,0.0,0.0
2024-01-08 11:30:00-05:00,1.6799999475479126,1.6799999475479126,1.6299999952316284,1.6299999952316284,908,0.0,0.0
2024-01-08 15:30:00-05:00,1.6299999952316284,1.6299999952316284,1.6299999952316284,1.6299999952316284,246,0.0,0.0
2024-01-09 09:30:00-05:00,1.6200000047683716,1.6200000047683716,1.6200000047683716,1.6200000047683716,0,0.0,0.0
2024-01-09 15:30:00-05:00,1.6749999523162842,1.6749999523162842,1.6749999523162842,1.6749999523162842,0,0.0,0.0
2024-01-10 10:30:00-05:00,1.6749000549316406,1.6749000549316406,1.6749000549316406,1.6749000549316406,223,0.0,0.0
2024-01-10 12:30:00-05:00,1.6449999809265137,1.649999976158142,1.6449999809265137,1.649899959564209,0,0.0,0.0
2024-01-11 10:30:00-05:00,1.6233999729156494,1.6233999729156494,1.6233999729156494,1.6233999729156494,123,0.0,0.0
2024-01-12 10:30:00-05:00,1.649999976158142,1.659999966621399,1.649999976158142,1.6598999500274658,10147,0.0,0.0
2024-01-12 11:30:00-05:00,1.6299999952316284,1.6299999952316284,1.6299999952316284,1.6299999952316284,248,0.0,0.0
2024-01-12 12:30:00-05:00,1.632699966430664,1.632699966430664,1.600000023841858,1.600000023841858,10197,0.0,0.0
2024-01-16 09:30:00-05:00,1.5700000524520874,1.5700000524520874,1.5700000524520874,1.5700000524520874,559,0.0,0.0
2024-01-16 15:30:00-05:00,1.649999976158142,1.649999976158142,1.649999976158142,1.649999976158142,100,0.0,0.0
2024-01-17 09:30:00-05:00,1.690000057220459,1.715000033378601,1.690000057220459,1.7000000476837158,593,0.0,0.0
2024-01-17 10:30:00-05:00,1.7000000476837158,1.700700044631958,1.7000000476837158,1.700700044631958,922,0.0,0.0
2024-01-17 12:30:00-05:00,1.6201000213623047,1.6201000213623047,1.6200000047683716,1.6200000047683716,1678,0.0,0.0
2024-01-17 14:30:00-05:00,1.7299000024795532,1.7299000024795532,1.6203999519348145,1.6203999519348145,0,0.0,0.0
2024-01-18 09:30:00-05:00,1.6299999952316284,1.6301000118255615,1.5700000524520874,1.5700000524520874,1161,0.0,0.0
2024-01-18 15:30:00-05:00,1.600000023841858,1.600000023841858,1.590000033378601,1.600000023841858,32007,0.0,0.0
2024-01-19 09:30:00-05:00,1.559999942779541,1.559999942779541,1.559999942779541,1.559999942779541,0,0.0,0.0
2024-01-19 12:30:00-05:00,1.690000057220459,1.690000057220459,1.690000057220459,1.690000057220459,1955,0.0,0.0
2024-01-19 13:30:00-05:00,1.580399990081787,1.580399990081787,1.580399990081787,1.580399990081787,119,0.0,0.0
2024-01-22 09:30:00-05:00,1.690000057220459,1.690000057220459,1.690000057220459,1.690000057220459,0,0.0,0.0
2024-01-22 10:30:00-05:00,1.690000057220459,1.690000057220459,1.690000057220459,1.690000057220459,163,0.0,0.0
2024-01-22 11:30:00-05:00,1.6899000406265259,1.6899000406265259,1.6899000406265259,1.6899000406265259,254,0.0,0.0
2024-01-22 13:30:00-05:00,1.659999966621399,1.690000057220459,1.6301000118255615,1.690000057220459,1503,0.0,0.0
2024-01-22 15:30:00-05:00,1.6792999505996704,1.6792999505996704,1.6792999505996704,1.6792999505996704,0,0.0,0.0
2024-01-23 10:30:00-05:00,1.5600999593734741,1.5600999593734741,1.5600999593734741,1.5600999593734741,212,0.0,0.0
2024-01-23 11:30:00-05:00,1.690000057220459,1.690000057220459,1.690000057220459,1.690000057220459,407,0.0,0.0
2024-01-23 13:30:00-05:00,1.6871000528335571,1.6871000528335571,1.6871000528335571,1.6871000528335571,0,0.0,0.0
2024-01-24 11:30:00-05:00,1.679900050163269,1.679900050163269,1.610200047492981,1.610200047492981,545,0.0,0.0
2024-01-24 12:30:00-05:00,1.6101000308990479,1.6102999448776245,1.6100000143051147,1.6100000143051147,0,0.0,0.0
2024-01-25 09:30:00-05:00,1.6100000143051147,1.6100000143051147,1.6100000143051147,1.6100000143051147,26,0.0,0.0
2024-01-26 10:30:00-05:00,1.7000000476837158,1.7000000476837158,1.7000000476837158,1.7000000476837158,147,0.0,0.0
2024-01-26 11:30:00-05:00,1.6588000059127808,1.6588000059127808,1.6588000059127808,1.6588000059127808,703,0.0,0.0
2024-01-26 13:30:00-05:00,1.7288000583648682,1.7288000583648682,1.7288000583648682,1.7288000583648682,636,0.0,0.0
2024-01-26 15:30:00-05:00,1.6299999952316284,1.7200000286102295,1.6200000047683716,1.7200000286102295,1571,0.0,0.0
2024-01-29 09:30:00-05:00,1.690000057220459,1.690000057220459,1.690000057220459,1.690000057220459,244,0.0,0.0
2024-01-29 10:30:00-05:00,1.6100000143051147,1.7000000476837158,1.5499999523162842,1.6992000341415405,7858,0.0,0.0
2024-01-29 11:30:00-05:00,1.6991000175476074,1.7000000476837158,1.625,1.7000000476837158,11471,0.0,0.0
2024-01-29 12:30:00-05:00,1.7200000286102295,1.7200000286102295,1.7200000286102295,1.7200000286102295,432,0.0,0.0
2024-01-29 13:30:00-05:00,1.7200000286102295,1.7300000190734863,1.7000000476837158,1.7200000286102295,19895,0.0,0.0
2024-01-29 14:30:00-05:00,1.7200000286102295,1.7300000190734863,1.7101000547409058,1.7201000452041626,15354,0.0,0.0
2024-01-29 15:30:00-05:00,1.7200000286102295,1.7300000190734863,1.6950000524520874,1.7300000190734863,0,0.0,0.0
2024-01-30 09:30:00-05:00,1.7300000190734863,1.7300000190734863,1.7300000190734863,1.7300000190734863,298,0.0,0.0
2024-01-30 10:30:00-05:00,1.6805000305175781,1.7300000190734863,1.6805000305175781,1.7300000190734863,2096,0.0,0.0
2024-01-30 13:30:00-05:00,1.7400000095367432,1.7400000095367432,1.7000000476837158,1.7350000143051147,3760,0.0,0.0
2024-01-30 14:30:00-05:00,1.7300000190734863,1.7304999828338623,1.715000033378601,1.715000033378601,1649,0.0,0.0
2024-01-30 15:30:00-05:00,1.7300000190734863,1.7300000190734863,1.7300000190734863,1.7300000190734863,0,0.0,0.0
2024-01-31 13:30:00-05:00,1.690000057220459,1.690000057220459,1.6800999641418457,1.6800999641418457,884,0.0,0.0
2024-01-31 14:30:00-05:00,1.7300000190734863,1.7400000095367432,1.7300000190734863,1.7400000095367432,253,0.0,0.0
2024-02-01 09:30:00-05:00,1.75,1.75,1.75,1.75,0,0.0,0.0
2024-02-01 10:30:00-05:00,1.690000057220459,1.75,1.6799999475479126,1.6799999475479126,1707,0.0,0.0
2024-02-01 11:30:00-05:00,1.7200000286102295,1.7200000286102295,1.7200000286102295,1.7200000286102295,128,0.0,0.0
2024-02-01 12:30:00-05:00,1.7200000286102295,1.7699999809265137,1.680299997329712,1.7699999809265137,2277,0.0,0.0
2024-02-01 15:30:00-05:00,1.6854000091552734,1.6854000091552734,1.6854000091552734,1.6854000091552734,0,0.0,0.0
2024-02-02 09:30:00-05:00,1.725000023841858,1.725000023841858,1.725000023841858,1.725000023841858,163,0.0,0.0
2024-02-02 10:30:00-05:00,1.7599999904632568,1.7699999809265137,1.6799999475479126,1.7699999809265137,1252,0.0,0.0
2024-02-02 11:30:00-05:00,1.7699999809265137,1.7699999809265137,1.7577999830245972,1.7577999830245972,205,0.0,0.0
2024-02-02 12:30:00-05:00,1.7599999904632568,1.7599999904632568,1.7599999904632568,1.7599999904632568,404,0.0,0.0
2024-02-02 13:30:00-05:00,1.7699999809265137,1.7699999809265137,1.7699999809265137,1.7699999809265137,717,0.0,0.0
2024-02-05 09:30:00-05:00,1.590000033378601,1.6950000524520874,1.590000033378601,1.6950000524520874,0,0.0,0.0
2024-02-05 10:30:00-05:00,1.7599999904632568,1.7599999904632568,1.7599999904632568,1.7599999904632568,205,0.0,0.0
2024-02-05 11:30:00-05:00,1.7599999904632568,1.7599999904632568,1.75,1.75,600,0.0,0.0
2024-02-05 12:30:00-05:00,1.75,1.7599999904632568,1.75,1.7599999904632568,511,0.0,0.0
2024-02-05 13:30:00-05:00,1.7599999904632568,1.7599999904632568,1.75,1.75,610,0.0,0.0
2024-02-05 14:30:00-05:00,1.75,1.75,1.7300000190734863,1.7300000190734863,0,0.0,0.0
2024-02-06 15:30:00-05:00,1.6100000143051147,1.6100000143051147,1.6009999513626099,1.6009999513626099,1,0.0,0.0
2024-02-07 09:30:00-05:00,1.7300000190734863,1.7300000190734863,1.7000000476837158,1.7000000476837158,2,0.0,0.0
2024-02-08 09:30:00-05:00,1.5299999713897705,1.5299999713897705,1.5299999713897705,1.5299999713897705,5052,0.0,0.0
2024-02-08 10:30:00-05:00,1.7799999713897705,1.7899999618530273,1.7000000476837158,1.7187999486923218,3884,0.0,0.0
2024-02-08 11:30:00-05:00,1.6100000143051147,1.6100000143051147,1.5199999809265137,1.5199999809265137,5147,0.0,0.0
2024-02-08 13:30:00-05:00,1.5800000429153442,1.6799999475479126,1.5800000429153442,1.6799999475479126,1282,0.0,0.0
2024-02-08 15:30:00-05:00,1.5507999658584595,1.5507999658584595,1.5507999658584595,1.5507999658584595,0,0.0,0.0
2024-02-09 09:30:00-05:00,1.5299999713897705,1.6399999856948853,1.5299999713897705,1.5644999742507935,4861,0.0,0.0
2024-02-09 11:30:00-05:00,1.5714000463485718,1.5714000463485718,1.5700000524520874,1.5700000524520874,925,0.0,0.0
2024-02-09 13:30:00-05:00,1.600000023841858,1.600000023841858,1.600000023841858,1.600000023841858,830,0.0,0.0
2024-02-09 14:30:00-05:00,1.659999966621399,1.659999966621399,1.659999966621399,1.659999966621399,153,0.0,0.0
2024-02-09 15:30:00-05:00,1.5946999788284302,1.5946999788284302,1.5946999788284302,1.5946999788284302,1012,0.0,0.0
2024-02-12 09:30:00-05:00,1.625,1.649999976158142,1.625,1.649999976158142,0,0.0,0.0
2024-02-12 10:30:00-05:00,1.6984000205993652,1.7000000476837158,1.690000057220459,1.6999000310897827,1454,0.0,0.0
2024-02-12 13:30:00-05:00,1.600100040435791,1.600100040435791,1.600100040435791,1.600100040435791,471,0.0,0.0
2024-02-12 14:30:00-05:00,1.659999966621399,1.659999966621399,1.590000033378601,1.600000023841858,2702,0.0,0.0
2024-02-12 15:30:00-05:00,1.6399999856948853,1.6399999856948853,1.6399999856948853,1.6399999856948853,135,0.0,0.0
2024-02-13 09:30:00-05:00,1.600000023841858,1.6799999475479126,1.600000023841858,1.6799999475479126,1372,0.0,0.0
2024-02-13 11:30:00-05:00,1.600100040435791,1.6449999809265137,1.590000033378601,1.590000033378601,9267,0.0,0.0
2024-02-13 12:30:00-05:00,1.590000033378601,1.590000033378601,1.5,1.590000033378601,2204,0.0,0.0
2024-02-13 13:30:00-05:00,1.590000033378601,1.600000023841858,1.590000033378601,1.600000023841858,428,0.0,0.0
2024-02-13 14:30:00-05:00,1.600000023841858,1.600000023841858,1.600000023841858,1.600000023841858,369,0.0,0.0
2024-02-13 15:30:00-05:00,1.5499999523162842,1.5499999523162842,1.5499999523162842,1.5499999523162842,0,0.0,0.0
2024-02-14 10:30:00-05:00,1.6449999809265137,1.6449999809265137,1.600000023841858,1.600000023841858,4412,0.0,0.0
2024-02-14 11:30:00-05:00,1.690000057220459,1.690000057220459,1.600000023841858,1.600000023841858,679,0.0,0.0
2024-02-14 12:30:00-05:00,1.559999942779541,1.559999942779541,1.559999942779541,1.559999942779541,100,0.0,0.0
2024-02-14 13:30:00-05:00,1.590000033378601,1.590000033378601,1.590000033378601,1.590000033378601,162,0.0,0.0
2024-02-14 14:30:00-05:00,1.590000033378601,1.590000033378601,1.590000033378601,1.590000033378601,220,0.0,0.0
2024-02-15 09:30:00-05:00,1.559999942779541,1.604200005531311,1.559999942779541,1.590000033378601,3513,0.0,0.0
2024-02-15 10:30:00-05:00,1.590000033378601,1.6101000308990479,1.5299999713897705,1.5800000429153442,8805,0.0,0.0
2024-02-15 11:30:00-05:00,1.5915000438690186,1.5915000438690186,1.5915000438690186,1.5915000438690186,934,0.0,0.0
2024-02-15 15:30:00-05:00,1.5299999713897705,1.5299999713897705,1.5299999713897705,1.5299999713897705,0,0.0,0.0
2024-02-16 10:30:00-05:00,1.542199969291687,1.542199969291687,1.542199969291687,1.542199969291687,195,0.0,0.0
2024-02-16 11:30:00-05:00,1.5499999523162842,1.5499999523162842,1.5299999713897705,1.5299999713897705,1560,0.0,0.0
2024-02-16 12:30:00-05:00,1.4800000190734863,1.5399999618530273,1.4134999513626099,1.5399999618530273,21066,0.0,0.0
2024-02-16 14:30:00-05:00,1.5299999713897705,1.565000057220459,1.5299999713897705,1.565000057220459,687,0.0,0.0
2024-02-16 15:30:00-05:00,1.5299999713897705,1.5299999713897705,1.5299999713897705,1.5299999713897705,100,0.0,0.0
2024-02-20 10:30:00-05:00,1.524999976158142,1.524999976158142,1.524999976158142,1.524999976158142,232,0.0,0.0
2024-02-20 11:30:00-05:00,1.590000033378601,1.600000023841858,1.590000033378601,1.600000023841858,617,0.0,0.0
2024-02-20 13:30:00-05:00,1.5254000425338745,1.5254000425338745,1.5254000425338745,1.5254000425338745,0,0.0,0.0
2024-02-21 09:30:00-05:00,1.4850000143051147,1.5572999715805054,1.4850000143051147,1.5572999715805054,667,0.0,0.0
2024-02-21 10:30:00-05:00,1.4800000190734863,1.4800000190734863,1.4800000190734863,1.4800000190734863,919,0.0,0.0
2024-02-21 11:30:00-05:00,1.5399999618530273,1.5700000524520874,1.5398000478744507,1.5700000524520874,2705,0.0,0.0
2024-02-22 09:30:00-05:00,1.5800000429153442,1.5800000429153442,1.4149999618530273,1.4149999618530273,775,0.0,0.0
2024-02-22 10:30:00-05:00,1.600000023841858,1.600000023841858,1.5099999904632568,1.5099999904632568,503,0.0,0.0
2024-02-22 11:30:00-05:00,1.590000033378601,1.590000033378601,1.4700000286102295,1.590000033378601,0,0.0,0.0
2024-02-23 09:30:00-05:00,1.559999942779541,1.559999942779541,1.4598000049591064,1.4598000049591064,676,0.0,0.0
2024-02-23 13:30:00-05:00,1.4661999940872192,1.4661999940872192,1.4661999940872192,1.4661999940872192,501,0.0,0.0
2024-02-23 15:30:00-05:00,1.5700000524520874,1.5700000524520874,1.5700000524520874,1.5700000524520874,702,0.0,0.0
2024-02-26 09:30:00-05:00,1.4299999475479126,1.5099999904632568,1.4199999570846558,1.4299999475479126,531,0.0,0.0
2024-02-26 10:30:00-05:00,1.4299999475479126,1.440000057220459,1.4299999475479126,1.4299999475479126,4904,0.0,0.0
2024-02-26 11:30:00-05:00,1.4299999475479126,1.4600000381469727,1.4299999475479126,1.4299999475479126,4617,0.0,0.0
2024-02-26 12:30:00-05:00,1.4299999475479126,1.4500000476837158,1.4299999475479126,1.440000057220459,4610,0.0,0.0
2024-02-26 13:30:00-05:00,1.440000057220459,1.440000057220459,1.4199999570846558,1.4299999475479126,4705,0.0,0.0
2024-02-26 14:30:00-05:00,1.4299999475479126,1.4850000143051147,1.4199999570846558,1.4199999570846558,7230,0.0,0.0
2024-02-26 15:30:00-05:00,1.4199999570846558,1.4199999570846558,1.4199999570846558,1.4199999570846558,0,0.0,0.0
2024-02-27 09:30:00-05:00,1.399999976158142,1.4450000524520874,1.399999976158142,1.4450000524520874,2246,0.0,0.0
2024-02-27 10:30:00-05:00,1.399999976158142,1.399999976158142,1.399999976158142,1.399999976158142,214,0.0,0.0
2024-02-27 12:30:00-05:00,1.549399971961975,1.549399971961975,1.549399971961975,1.549399971961975,291,0.0,0.0
2024-02-27 13:30:00-05:00,1.5699000358581543,1.5699000358581543,1.4299999475479126,1.4299999475479126,1083,0.0,0.0
2024-02-27 14:30:00-05:00,1.4300999641418457,1.4300999641418457,1.4300999641418457,1.4300999641418457,320,0.0,0.0
2024-02-28 12:30:00-05:00,1.4850000143051147,1.4850000143051147,1.4850000143051147,1.4850000143051147,185,0.0,0.0
2024-02-28 14:30:00-05:00,1.4010000228881836,1.4010000228881836,1.350000023841858,1.350000023841858,8429,0.0,0.0
2024-02-29 09:30:00-05:00,1.4199999570846558,1.5,1.4199999570846558,1.4500000476837158,0,0.0,0.0
2024-02-29 11:30:00-05:00,1.4538999795913696,1.4538999795913696,1.3700000047683716,1.3700000047683716,990,0.0,0.0
2024-02-29 12:30:00-05:00,1.3700000047683716,1.399999976158142,1.350000023841858,1.350000023841858,1189,0.0,0.0
2024-02-29 13:30:00-05:00,1.3600000143051147,1.3600000143051147,1.350000023841858,1.350000023841858,6406,0.0,0.0
2024-02-29 14:30:00-05:00,1.350000023841858,1.3899999856948853,1.309999942779541,1.309999942779541,0,0.0,0.0
2024-02-29 15:30:00-05:00,1.3600000143051147,1.3600000143051147,1.3600000143051147,1.3600000143051147,24087,0.0,0.0
2024-03-01 11:30:00-05:00,1.350600004196167,1.350600004196167,1.340000033378601,1.340000033378601,1362,0.0,0.0
2024-03-01 12:30:00-05:00,1.340000033378601,1.340000033378601,1.3300000429153442,1.3300000429153442,1024,0.0,0.0
2024-03-01 13:30:00-05:00,1.3300000429153442,1.3408000469207764,1.3300000429153442,1.3300000429153442,2933,0.0,0.0
2024-03-01 14:30:00-05:00,1.3200000524520874,1.3200000524520874,1.3200000524520874,1.3200000524520874,980,0.0,0.0
2024-03-04 09:30:00-05:00,1.3200000524520874,1.3200000524520874,1.3200000524520874,1.3200000524520874,0,0.0,0.0
2024-03-04 12:30:00-05:00,1.3899999856948853,1.409999966621399,1.3899999856948853,1.409999966621399,197,0.0,0.0
2024-03-04 13:30:00-05:00,1.4329999685287476,1.4329999685287476,1.4329999685287476,1.4329999685287476,1600,0.0,0.0
2024-03-05 09:30:00-05:00,1.399999976158142,1.399999976158142,1.399999976158142,1.399999976158142,759,0.0,0.0
2024-03-05 14:30:00-05:00,1.3700000047683716,1.4111000299453735,1.309999942779541,1.3550000190734863,4620,0.0,0.0
2024-03-05 15:30:00-05:00,1.309999942779541,1.350000023841858,1.2799999713897705,1.2799999713897705,0,0.0,0.0
2024-03-06 09:30:00-05:00,1.3466999530792236,1.3489999771118164,1.3250000476837158,1.3250000476837158,3089,0.0,0.0
2024-03-06 10:30:00-05:00,1.3250000476837158,1.3250000476837158,1.3250000476837158,1.3250000476837158,189,0.0,0.0
2024-03-06 11:30:00-05:00,1.2848000526428223,1.2978999614715576,1.2848000526428223,1.2978999614715576,1109,0.0,0.0
2024-03-06 12:30:00-05:00,1.284999966621399,1.4500000476837158,1.284999966621399,1.4199999570846558,12647,0.0,0.0
2024-03-06 13:30:00-05:00,1.3700000047683716,1.3700000047683716,1.350000023841858,1.350000023841858,14077,0.0,0.0
2024-03-06 14:30:00-05:00,1.3700000047683716,1.3700000047683716,1.3700000047683716,1.3700000047683716,200,0.0,0.0
2024-03-07 09:30:00-05:00,1.3799999952316284,1.3799999952316284,1.3799999952316284,1.3799999952316284,0,0.0,0.0
2024-03-07 13:30:00-05:00,1.3898999691009521,1.3899999856948853,1.3799999952316284,1.3880000114440918,7710,0.0,0.0
2024-03-07 14:30:00-05:00,1.399999976158142,1.399999976158142,1.399999976158142,1.399999976158142,144,0.0,0.0
2024-03-07 15:30:00-05:00,1.399999976158142,1.399999976158142,1.3899999856948853,1.3899999856948853,0,0.0,0.0
2024-03-08 10:30:00-05:00,1.3600000143051147,1.3600000143051147,1.2699999809265137,1.2699999809265137,836,0.0,0.0
2024-03-08 11:30:00-05:00,1.3954999446868896,1.3954999446868896,1.3899999856948853,1.3899999856948853,2667,0.0,0.0
2024-03-08 13:30:00-05:00,1.3550000190734863,1.4600000381469727,1.3550000190734863,1.4600000381469727,8433,0.0,0.0
2024-03-08 15:30:00-05:00,1.4500000476837158,1.4500000476837158,1.4500000476837158,1.4500000476837158,101,0.0,0.0
2024-03-11 09:30:00-04:00,1.4800000190734863,1.4800000190734863,1.4800000190734863,1.4800000190734863,651,0.0,0.0
2024-03-11 13:30:00-04:00,1.4473999738693237,1.4800000190734863,1.3801000118255615,1.3899999856948853,4537,0.0,0.0
2024-03-11 15:30:00-04:00,1.4700000286102295,1.4700000286102295,1.4700000286102295,1.4700000286102295,263,0.0,0.0
2024-03-12 10:30:00-04:00,1.4800000190734863,1.4800000190734863,1.4800000190734863,1.4800000190734863,241,0.0,0.0
2024-03-12 15:30:00-04:00,1.4700000286102295,1.4700000286102295,1.4700000286102295,1.4700000286102295,242,0.0,0.0
2024-03-13 09:30:00-04:00,1.4600000381469727,1.4600000381469727,1.440000057220459,1.440000057220459,909,0.0,0.0
2024-03-13 13:30:00-04:00,1.3899999856948853,1.4299999475479126,1.3799999952316284,1.409999966621399,1801,0.0,0.0
2024-03-13 14:30:00-04:00,1.3899999856948853,1.4299999475479126,1.3799999952316284,1.4299999475479126,1592,0.0,0.0
2024-03-13 15:30:00-04:00,1.3899999856948853,1.434999942779541,1.2999999523162842,1.3700000047683716,0,0.0,0.0
2024-03-14 12:30:00-04:00,1.3091000318527222,1.3091000318527222,1.3091000318527222,1.3091000318527222,1085,0.0,0.0
2024-03-14 15:30:00-04:00,1.399999976158142,1.399999976158142,1.399999976158142,1.399999976158142,196,0.0,0.0
2024-03-15 11:30:00-04:00,1.399999976158142,1.399999976158142,1.3799999952316284,1.3799999952316284,340,0.0,0.0
2024-03-15 13:30:00-04:00,1.3700000047683716,1.3700000047683716,1.3700000047683716,1.3700000047683716,104,0.0,0.0
2024-03-15 15:30:00-04:00,1.440000057220459,1.440000057220459,1.440000057220459,1.440000057220459,531,0.0,0.0
2024-03-18 09:30:00-04:00,1.4700000286102295,1.4700000286102295,1.4700000286102295,1.4700000286102295,612,0.0,0.0
2024-03-19 09:30:00-04:00,1.4199999570846558,1.4199999570846558,1.4199999570846558,1.4199999570846558,0,0.0,0.0
2024-03-19 13:30:00-04:00,1.399999976158142,1.4600000381469727,1.3949999809265137,1.3949999809265137,880,0.0,0.0
2024-03-19 14:30:00-04:00,1.3949999809265137,1.3949999809265137,1.3949999809265137,1.3949999809265137,200,0.0,0.0
2024-03-19 15:30:00-04:00,1.3949999809265137,1.399999976158142,1.350000023841858,1.350000023841858,904,0.0,0.0
2024-03-20 12:30:00-04:00,1.3315000534057617,1.3315000534057617,1.3315000534057617,1.3315000534057617,139,0.0,0.0
2024-03-20 15:30:00-04:00,1.3899999856948853,1.4600000381469727,1.3899999856948853,1.4600000381469727,2055,0.0,0.0
2024-03-25 09:30:00-04:00,1.440000057220459,1.440000057220459,1.440000057220459,1.440000057220459,0,0.0,0.0
2024-03-26 14:30:00-04:00,1.440000057220459,1.4474999904632568,1.309999942779541,1.3899999856948853,8178,0.0,0.0
2024-03-27 09:30:00-04:00,1.3799999952316284,1.3799999952316284,1.309999942779541,1.340000033378601,1280,0.0,0.0
2024-03-27 13:30:00-04:00,1.3406000137329102,1.3700000047683716,1.3406000137329102,1.3700000047683716,3542,0.0,0.0
2024-03-27 14:30:00-04:00,1.3698999881744385,1.399999976158142,1.3696999549865723,1.399999976158142,3893,0.0,0.0
2024-03-28 11:30:00-04:00,1.4199999570846558,1.4199999570846558,1.4199999570846558,1.4199999570846558,0,0.0,0.0
2024-03-28 12:30:00-04:00,1.4299999475479126,1.4299999475479126,1.4299999475479126,1.4299999475479126,1079,0.0,0.0
2024-04-01 09:30:00-04:00,1.5800000429153442,1.6799999475479126,1.5800000429153442,1.6699999570846558,36026,0.0,0.0
2024-04-01 10:30:00-04:00,1.6927000284194946,1.7200000286102295,1.6401000022888184,1.649999976158142,61821,0.0,0.0
2024-04-01 11:30:00-04:00,1.7300000190734863,1.7300000190734863,1.690000057220459,1.690000057220459,1527,0.0,0.0
2024-04-01 12:30:00-04:00,1.7200000286102295,1.7299000024795532,1.7100000381469727,1.7299000024795532,3010,0.0,0.0
2024-04-01 13:30:00-04:00,1.715000033378601,1.7299000024795532,1.659999966621399,1.7299000024795532,5443,0.0,0.0
2024-04-01 14:30:00-04:00,1.7000000476837158,1.7299000024795532,1.659999966621399,1.7200000286102295,14557,0.0,0.0
2024-04-01 15:30:00-04:00,1.659999966621399,1.7289999723434448,1.659999966621399,1.690000057220459,1935,0.0,0.0
2024-04-02 09:30:00-04:00,1.7300000190734863,1.7300000190734863,1.7100000381469727,1.7100000381469727,2604,0.0,0.0
2024-04-02 11:30:00-04:00,1.690600037574768,1.690600037574768,1.649999976158142,1.649999976158142,1296,0.0,0.0
2024-04-02 12:30:00-04:00,1.7100000381469727,1.7100000381469727,1.649999976158142,1.6500999927520752,6022,0.0,0.0
2024-04-02 14:30:00-04:00,1.649999976158142,1.659999966621399,1.649999976158142,1.6549999713897705,1832,0.0,0.0
2024-04-02 15:30:00-04:00,1.684999942779541,1.684999942779541,1.649999976158142,1.649999976158142,1296,0.0,0.0
2024-04-03 09:30:00-04:00,1.659999966621399,1.659999966621399,1.659999966621399,1.659999966621399,1977,0.0,0.0
2024-04-03 10:30:00-04:00,1.660099983215332,1.7300000190734863,1.649999976158142,1.7300000190734863,8340,0.0,0.0
2024-04-03 11:30:00-04:00,1.6950000524520874,1.6950000524520874,1.649999976158142,1.649999976158142,1284,0.0,0.0
2024-04-03 12:30:00-04:00,1.7200000286102295,1.7200000286102295,1.7200000286102295,1.7200000286102295,150,0.0,0.0
2024-04-03 13:30:00-04:00,1.6069999933242798,1.6069999933242798,1.6069999933242798,1.6069999933242798,3049,0.0,0.0
2024-04-04 09:30:00-04:00,1.7000000476837158,1.7000000476837158,1.7000000476837158,1.7000000476837158,375,0.0,0.0
2024-04-04 11:30:00-04:00,1.6950000524520874,1.6950000524520874,1.649999976158142,1.649999976158142,2029,0.0,0.0
2024-04-04 12:30:00-04:00,1.649999976158142,1.649999976158142,1.649999976158142,1.649999976158142,746,0.0,0.0
2024-04-04 13:30:00-04:00,1.649999976158142,1.7400000095367432,1.649999976158142,1.649999976158142,5341,0.0,0.0
2024-04-04 14:30:00-04:00,1.649999976158142,1.6950000524520874,1.649999976158142,1.649999976158142,1499,0.0,0.0
2024-04-04 15:30:00-04:00,1.649999976158142,1.7300000190734863,1.649999976158142,1.659999966621399,1643,0.0,0.0
2024-04-05 09:30:00-04:00,1.6399999856948853,1.6399999856948853,1.6399999856948853,1.6399999856948853,2164,0.0,0.0
2024-04-05 10:30:00-04:00,1.7204999923706055,1.7204999923706055,1.6799999475479126,1.6799999475479126,1143,0.0,0.0
2024-04-05 11:30:00-04:00,1.6950000524520874,1.6950000524520874,1.6950000524520874,1.6950000524520874,193,0.0,0.0
2024-04-05 12:30:00-04:00,1.6900999546051025,1.7050000429153442,1.690000057220459,1.7050000429153442,18256,0.0,0.0
2024-04-05 13:30:00-04:00,1.7400000095367432,1.7400000095367432,1.649999976158142,1.649999976158142,8408,0.0,0.0
2024-04-05 14:30:00-04:00,1.649999976158142,1.7200000286102295,1.649999976158142,1.7200000286102295,2035,0.0,0.0
2024-04-08 09:30:00-04:00,1.7400000095367432,1.75,1.6749999523162842,1.6749999523162842,12571,0.0,0.0
2024-04-08 12:30:00-04:00,1.7200000286102295,1.7400000095367432,1.7200000286102295,1.7400000095367432,257,0.0,0.0
2024-04-08 13:30:00-04:00,1.7200000286102295,1.7200000286102295,1.7200000286102295,1.7200000286102295,375,0.0,0.0
2024-04-08 14:30:00-04:00,1.7000000476837158,1.7400000095367432,1.7000000476837158,1.701200008392334,75790,0.0,0.0
2024-04-08 15:30:00-04:00,1.7000000476837158,1.7237000465393066,1.7000000476837158,1.7000000476837158,1101,0.0,0.0
2024-04-09 09:30:00-04:00,1.7400000095367432,1.7400000095367432,1.7400000095367432,1.7400000095367432,1315,0.0,0.0
2024-04-09 11:30:00-04:00,1.749899983406067,1.749899983406067,1.749899983406067,1.749899983406067,528,0.0,0.0
2024-04-09 12:30:00-04:00,1.7400000095367432,1.7400000095367432,1.7400000095367432,1.7400000095367432,510,0.0,0.0
2024-04-10 09:30:00-04:00,1.6699999570846558,1.7899999618530273,1.6699999570846558,1.7000000476837158,14840,0.0,0.0
2024-04-10 10:30:00-04:00,1.7199000120162964,1.7268999814987183,1.7199000120162964,1.7200000286102295,4075,0.0,0.0
2024-04-10 11:30:00-04:00,1.7200000286102295,1.7300000190734863,1.7200000286102295,1.7300000190734863,585,0.0,0.0
2024-04-10 12:30:00-04:00,1.7200000286102295,1.7400000095367432,1.7200000286102295,1.7289999723434448,435,0.0,0.0
2024-04-10 15:30:00-04:00,1.7000000476837158,1.7200000286102295,1.7000000476837158,1.7200000286102295,0,0.0,0.0
2024-04-11 09:30:00-04:00,1.75,1.8200000524520874,1.7200000286102295,1.7599999904632568,24243,0.0,0.0
2024-04-11 10:30:00-04:00,1.8049999475479126,1.8049999475479126,1.8049999475479126,1.8049999475479126,988,0.0,0.0
2024-04-11 13:30:00-04:00,1.7200000286102295,1.7200000286102295,1.7200000286102295,1.7200000286102295,293,0.0,0.0
2024-04-11 14:30:00-04:00,1.8799999952316284,1.8799999952316284,1.8799999952316284,1.8799999952316284,4565,0.0,0.0
2024-04-11 15:30:00-04:00,1.774999976158142,1.774999976158142,1.774999976158142,1.774999976158142,305,0.0,0.0
2024-04-12 09:30:00-04:00,1.7680000066757202,1.7680000066757202,1.7401000261306763,1.7415000200271606,2811,0.0,0.0
2024-04-12 10:30:00-04:00,1.7401000261306763,1.763800024986267,1.7401000261306763,1.763800024986267,2470,0.0,0.0
2024-04-12 11:30:00-04:00,1.809999942779541,1.812000036239624,1.7400000095367432,1.809999942779541,7903,0.0,0.0
2024-04-12 12:30:00-04:00,1.75,1.75,1.75,1.75,289,0.0,0.0
2024-04-12 15:30:00-04:00,1.7899999618530273,1.7899999618530273,1.7899999618530273,1.7899999618530273,348,0.0,0.0
2024-04-15 09:30:00-04:00,2.0299999713897705,2.109999895095825,1.75,1.8949999809265137,66399,0.0,0.0
2024-04-15 10:30:00-04:00,1.9700000286102295,1.9700000286102295,1.8899999856948853,1.9120999574661255,2746,0.0,0.0
2024-04-15 11:30:00-04:00,1.8799999952316284,1.8899999856948853,1.8799999952316284,1.8899999856948853,2634,0.0,0.0
2024-04-15 12:30:00-04:00,1.9700000286102295,2.0999999046325684,1.899999976158142,1.9010000228881836,19674,0.0,0.0
2024-04-15 14:30:00-04:00,1.9200999736785889,1.9900000095367432,1.9200999736785889,1.9450000524520874,6395,0.0,0.0
2024-04-15 15:30:00-04:00,1.9603999853134155,1.9800000190734863,1.9603999853134155,1.9800000190734863,2918,0.0,0.0
2024-04-16 09:30:00-04:00,2.0999999046325684,2.2200000286102295,2.0399999618530273,2.1407999992370605,78270,0.0,0.0
2024-04-16 10:30:00-04:00,2.2063000202178955,2.2100000381469727,2.140000104904175,2.140000104904175,13241,0.0,0.0
2024-04-16 11:30:00-04:00,2.109999895095825,2.1449999809265137,2.109999895095825,2.140000104904175,7289,0.0,0.0
2024-04-16 12:30:00-04:00,2.143899917602539,2.143899917602539,2.140000104904175,2.140000104904175,2618,0.0,0.0
2024-04-16 13:30:00-04:00,2.140000104904175,2.140000104904175,2.140000104904175,2.140000104904175,220,0.0,0.0
2024-04-16 14:30:00-04:00,2.125,2.125,2.0799999237060547,2.0799999237060547,7018,0.0,0.0
2024-04-16 15:30:00-04:00,2.0799999237060547,2.0799999237060547,1.7699999809265137,1.899999976158142,13133,0.0,0.0
2024-04-17 09:30:00-04:00,2.0299999713897705,2.1809000968933105,2.000200033187866,2.109999895095825,7700,0.0,0.0
2024-04-17 10:30:00-04:00,2.0850000381469727,2.119999885559082,2.0850000381469727,2.119999885559082,2733,0.0,0.0
2024-04-17 11:30:00-04:00,2.109999895095825,2.11899995803833,2.109999895095825,2.1124000549316406,869,0.0,0.0
2024-04-17 12:30:00-04:00,2.0439999103546143,2.0999999046325684,2.0439999103546143,2.0999999046325684,1525,0.0,0.0
2024-04-17 14:30:00-04:00,2.0799999237060547,2.140000104904175,2.0799999237060547,2.100100040435791,4067,0.0,0.0
2024-04-17 15:30:00-04:00,2.140000104904175,2.1700000762939453,2.140000104904175,2.1700000762939453,2873,0.0,0.0
2024-04-18 09:30:00-04:00,2.180000066757202,2.180000066757202,2.069999933242798,2.0899999141693115,22010,0.0,0.0
2024-04-18 10:30:00-04:00,2.0999999046325684,2.1793999671936035,2.0799999237060547,2.140000104904175,16485,0.0,0.0
2024-04-18 11:30:00-04:00,2.140000104904175,2.140000104904175,2.0999999046325684,2.119999885559082,4974,0.0,0.0
2024-04-18 12:30:00-04:00,2.119999885559082,2.119999885559082,2.119999885559082,2.119999885559082,31,0.0,0.0
2024-04-18 13:30:00-04:00,2.140000104904175,2.140000104904175,2.084700107574463,2.0899999141693115,2380,0.0,0.0
2024-04-18 14:30:00-04:00,2.0999999046325684,2.1449999809265137,2.0799999237060547,2.1449999809265137,3831,0.0,0.0
2024-04-18 15:30:00-04:00,2.0999999046325684,2.190000057220459,2.0799999237060547,2.190000057220459,3673,0.0,0.0
2024-04-19 09:30:00-04:00,1.662500023841858,1.9672000408172607,1.6624000072479248,1.899999976158142,20585,0.0,0.0
2024-04-19 10:30:00-04:00,1.8700000047683716,1.8700000047683716,1.7400000095367432,1.850000023841858,4289,0.0,0.0
2024-04-19 12:30:00-04:00,1.8049999475479126,1.8049999475479126,1.8049999475479126,1.8049999475479126,1133,0.0,0.0
2024-04-19 13:30:00-04:00,1.7699999809265137,1.80840003490448,1.7604000568389893,1.7790000438690186,3744,0.0,0.0
2024-04-19 14:30:00-04:00,1.7699999809265137,1.7699999809265137,1.7699999809265137,1.7699999809265137,1257,0.0,0.0
2024-04-19 15:30:00-04:00,1.7300000190734863,1.7384999990463257,1.7100000381469727,1.7100000381469727,2636,0.0,0.0
2024-04-22 09:30:00-04:00,1.5,1.75,1.5,1.6799999475479126,9545,0.0,0.0
2024-04-22 10:30:00-04:00,1.7649999856948853,1.7649999856948853,1.7369999885559082,1.7649999856948853,1468,0.0,0.0
2024-04-22 11:30:00-04:00,1.7589000463485718,1.7589000463485718,1.75,1.75,2913,0.0,0.0
2024-04-22 12:30:00-04:00,1.7000000476837158,1.7000000476837158,1.7000000476837158,1.7000000476837158,335,0.0,0.0
2024-04-22 13:30:00-04:00,1.6399999856948853,1.649999976158142,1.6109999418258667,1.6449999809265137,3272,0.0,0.0
2024-04-22 14:30:00-04:00,1.6399999856948853,1.6399999856948853,1.6399999856948853,1.6399999856948853,367,0.0,0.0
2024-04-22 15:30:00-04:00,1.659999966621399,1.659999966621399,1.659999966621399,1.659999966621399,116,0.0,0.0
2024-04-23 09:30:00-04:00,1.6699999570846558,1.6699999570846558,1.600100040435791,1.6195000410079956,5118,0.0,0.0
2024-04-23 11:30:00-04:00,1.6495000123977661,1.6495000123977661,1.6495000123977661,1.6495000123977661,7598,0.0,0.0
2024-04-24 09:30:00-04:00,1.5700000524520874,1.5700000524520874,1.5299999713897705,1.5299999713897705,2947,0.0,0.0
2024-04-24 10:30:00-04:00,1.440000057220459,1.5298999547958374,1.440000057220459,1.5,1058,0.0,0.0
2024-04-24 11:30:00-04:00,1.4700000286102295,1.4700000286102295,1.3799999952316284,1.465000033378601,10545,0.0,0.0
2024-04-24 12:30:00-04:00,1.5099999904632568,1.5099999904632568,1.4600000381469727,1.4900000095367432,3014,0.0,0.0
2024-04-24 13:30:00-04:00,1.4800000190734863,1.4800000190734863,1.4800000190734863,1.4800000190734863,300,0.0,0.0
2024-04-24 14:30:00-04:00,1.4500000476837158,1.5,1.4500000476837158,1.5,477,0.0,0.0
2024-04-24 15:30:00-04:00,1.465499997138977,1.465499997138977,1.465499997138977,1.465499997138977,840,0.0,0.0
2024-04-25 10:30:00-04:00,1.4450000524520874,1.4800000190734863,1.3600000143051147,1.3600000143051147,2842,0.0,0.0
2024-04-25 11:30:00-04:00,1.5299999713897705,1.600000023841858,1.5299999713897705,1.5700000524520874,4891,0.0,0.0
2024-04-25 13:30:00-04:00,1.590000033378601,1.590000033378601,1.590000033378601,1.590000033378601,102,0.0,0.0
2024-04-26 09:30:00-04:00,1.5499999523162842,1.5499999523162842,1.5449999570846558,1.5449999570846558,1082,0.0,0.0
2024-04-26 10:30:00-04:00,1.5199999809265137,1.5199999809265137,1.5199999809265137,1.5199999809265137,113,0.0,0.0
2024-04-26 11:30:00-04:00,1.4901000261306763,1.600000023841858,1.4901000261306763,1.600000023841858,11761,0.0,0.0
2024-04-26 14:30:00-04:00,1.659999966621399,1.659999966621399,1.659999966621399,1.659999966621399,433,0.0,0.0
2024-04-26 15:30:00-04:00,1.6399999856948853,1.6399999856948853,1.6399999856948853,1.6399999856948853,124,0.0,0.0
2024-04-29 09:30:00-04:00,1.6399999856948853,1.7200000286102295,1.6399999856948853,1.7200000286102295,1010,0.0,0.0
2024-04-29 11:30:00-04:00,1.6399999856948853,1.6399999856948853,1.6299999952316284,1.6299999952316284,747,0.0,0.0
2024-04-29 12:30:00-04:00,1.5299999713897705,1.5399999618530273,1.5211000442504883,1.5211000442504883,3049,0.0,0.0
2024-04-29 14:30:00-04:00,1.5800000429153442,1.625,1.5800000429153442,1.625,343,0.0,0.0
2024-04-29 15:30:00-04:00,1.6299999952316284,1.6299999952316284,1.6299999952316284,1.6299999952316284,600,0.0,0.0
2024-04-30 14:30:00-04:00,1.5836999416351318,1.5836999416351318,1.5836999416351318,1.5836999416351318,284,0.0,0.0
2024-05-02 09:30:00-04:00,1.659999966621399,1.6699999570846558,1.659999966621399,1.6699999570846558,862,0.0,0.0
2024-05-02 10:30:00-04:00,1.5750000476837158,1.7000000476837158,1.5750000476837158,1.7000000476837158,2691,0.0,0.0
2024-05-02 11:30:00-04:00,1.7000000476837158,1.7000000476837158,1.6799999475479126,1.7000000476837158,2285,0.0,0.0
2024-05-02 12:30:00-04:00,1.7400000095367432,1.75,1.5669000148773193,1.5669000148773193,7257,0.0,0.0
2024-05-02 13:30:00-04:00,1.5700000524520874,1.5700000524520874,1.5700000524520874,1.5700000524520874,740,0.0,0.0
2024-05-02 14:30:00-04:00,1.5700000524520874,1.5700000524520874,1.5700000524520874,1.5700000524520874,1659,0.0,0.0
2024-05-02 15:30:00-04:00,1.399999976158142,1.4900000095367432,1.399999976158142,1.4900000095367432,1177,0.0,0.0
2024-05-03 09:30:00-04:00,1.5499999523162842,1.5499999523162842,1.5499999523162842,1.5499999523162842,489,0.0,0.0
2024-05-06 09:30:00-04:00,1.4500000476837158,1.687000036239624,1.4500000476837158,1.517300009727478,3319,0.0,0.0
2024-05-06 10:30:00-04:00,1.6821999549865723,1.6821999549865723,1.4700000286102295,1.6299999952316284,636,0.0,0.0
2024-05-06 11:30:00-04:00,1.4700000286102295,1.565000057220459,1.4600000381469727,1.4701000452041626,4685,0.0,0.0
2024-05-06 12:30:00-04:00,1.4900000095367432,1.4950000047683716,1.350000023841858,1.4900000095367432,5496,0.0,0.0
2024-05-06 15:30:00-04:00,1.5,1.5,1.5,1.5,191,0.0,0.0
2024-05-07 09:30:00-04:00,1.4900000095367432,1.4900000095367432,1.4500000476837158,1.4500000476837158,1746,0.0,0.0
2024-05-07 10:30:00-04:00,1.4299999475479126,1.4490000009536743,1.3799999952316284,1.3799999952316284,4373,0.0,0.0
2024-05-07 14:30:00-04:00,1.4850000143051147,1.4850000143051147,1.4600000381469727,1.4600000381469727,608,0.0,0.0
2024-05-08 09:30:00-04:00,1.534000039100647,1.534000039100647,1.4800000190734863,1.4800000190734863,406,0.0,0.0
2024-05-08 11:30:00-04:00,1.5499000549316406,1.5499000549316406,1.429800033569336,1.429800033569336,1318,0.0,0.0
2024-05-08 12:30:00-04:00,1.5183000564575195,1.5183000564575195,1.4700000286102295,1.475000023841858,1521,0.0,0.0
2024-05-08 15:30:00-04:00,1.4700000286102295,1.4700000286102295,1.4609999656677246,1.4609999656677246,625,0.0,0.0
2024-05-09 09:30:00-04:00,1.3791999816894531,1.3791999816894531,1.3791999816894531,1.3791999816894531,358,0.0,0.0
2024-05-09 10:30:00-04:00,1.4700000286102295,1.4700000286102295,1.4700000286102295,1.4700000286102295,1173,0.0,0.0
2024-05-09 11:30:00-04:00,1.4600000381469727,1.4600000381469727,1.4600000381469727,1.4600000381469727,1083,0.0,0.0
2024-05-09 13:30:00-04:00,1.4700000286102295,1.4700000286102295,1.4700000286102295,1.4700000286102295,358,0.0,0.0
2024-05-09 14:30:00-04:00,1.4299999475479126,1.4660999774932861,1.4299999475479126,1.4660999774932861,810,0.0,0.0
2024-05-09 15:30:00-04:00,1.4372999668121338,1.4372999668121338,1.4372999668121338,1.4372999668121338,584,0.0,0.0
2024-05-10 13:30:00-04:00,1.399999976158142,1.4419000148773193,1.399999976158142,1.4419000148773193,609,0.0,0.0
2024-05-10 15:30:00-04:00,1.399999976158142,1.399999976158142,1.399999976158142,1.399999976158142,100,0.0,0.0
2024-05-13 09:30:00-04:00,1.3799999952316284,1.3799999952316284,1.350000023841858,1.3698999881744385,2590,0.0,0.0
2024-05-13 11:30:00-04:00,1.340000033378601,1.3600000143051147,1.309999942779541,1.309999942779541,11885,0.0,0.0
2024-05-13 12:30:00-04:00,1.2899999618530273,1.4600000381469727,1.2699999809265137,1.4600000381469727,39196,0.0,0.0
2024-05-13 13:30:00-04:00,1.4500000476837158,1.4500000476837158,1.4500000476837158,1.4500000476837158,807,0.0,0.0
2024-05-13 15:30:00-04:00,1.399999976158142,1.399999976158142,1.399999976158142,1.399999976158142,448,0.0,0.0
2024-05-14 09:30:00-04:00,1.75,1.850000023841858,1.649399995803833,1.6799999475479126,31883,0.0,0.0
2024-05-14 10:30:00-04:00,1.6999000310897827,1.6999000310897827,1.6399999856948853,1.6399999856948853,6599,0.0,0.0
2024-05-14 11:30:00-04:00,1.6549999713897705,1.7000000476837158,1.6399999856948853,1.6723999977111816,7617,0.0,0.0
2024-05-14 12:30:00-04:00,1.6399999856948853,1.6699999570846558,1.6399999856948853,1.6699999570846558,24089,0.0,0.0
2024-05-14 13:30:00-04:00,1.7000000476837158,1.7000000476837158,1.6403000354766846,1.6403000354766846,3302,0.0,0.0
2024-05-14 14:30:00-04:00,1.6999000310897827,1.6999000310897827,1.600000023841858,1.6999000310897827,12399,0.0,0.0
2024-05-14 15:30:00-04:00,1.690000057220459,1.7000000476837158,1.5693000555038452,1.5693000555038452,2734,0.0,0.0
2024-05-15 09:30:00-04:00,1.6399999856948853,1.7100000381469727,1.6399999856948853,1.7100000381469727,2562,0.0,0.0
2024-05-15 10:30:00-04:00,1.659999966621399,1.659999966621399,1.649999976158142,1.649999976158142,1135,0.0,0.0
2024-05-15 11:30:00-04:00,1.649999976158142,1.6699999570846558,1.559999942779541,1.559999942779541,16711,0.0,0.0
2024-05-15 12:30:00-04:00,1.659999966621399,1.659999966621399,1.6299999952316284,1.6299999952316284,339,0.0,0.0
2024-05-15 13:30:00-04:00,1.649899959564209,1.7000000476837158,1.6486999988555908,1.6950000524520874,68411,0.0,0.0
2024-05-15 15:30:00-04:00,1.649999976158142,1.6749999523162842,1.649999976158142,1.6749999523162842,591,0.0,0.0
2024-05-16 09:30:00-04:00,1.659999966621399,1.7400000095367432,1.659999966621399,1.7400000095367432,0,0.0,0.0
2024-05-16 10:30:00-04:00,1.6500999927520752,1.7400000095367432,1.6500999927520752,1.7400000095367432,633,0.0,0.0
2024-05-16 12:30:00-04:00,1.715000033378601,1.7200000286102295,1.7100000381469727,1.7100000381469727,5513,0.0,0.0
2024-05-16 13:30:00-04:00,1.7200000286102295,1.7200000286102295,1.7200000286102295,1.7200000286102295,2906,0.0,0.0
2024-05-16 14:30:00-04:00,1.7400000095367432,1.7400000095367432,1.7400000095367432,1.7400000095367432,1416,0.0,0.0
2024-05-16 15:30:00-04:00,1.7300000190734863,1.7699999809265137,1.7300000190734863,1.7699999809265137,898,0.0,0.0
2024-05-17 09:30:00-04:00,1.815000057220459,1.815000057220459,1.7699999809265137,1.7699999809265137,1843,0.0,0.0
2024-05-17 10:30:00-04:00,1.7899999618530273,1.7999999523162842,1.7781000137329102,1.7781000137329102,1317,0.0,0.0
2024-05-17 11:30:00-04:00,1.7599999904632568,1.7599999904632568,1.750100016593933,1.750100016593933,702,0.0,0.0
2024-05-17 12:30:00-04:00,1.7699999809265137,1.7699999809265137,1.7699999809265137,1.7699999809265137,1027,0.0,0.0
2024-05-17 14:30:00-04:00,1.7799999713897705,1.7799999713897705,1.7799999713897705,1.7799999713897705,202,0.0,0.0
2024-05-20 09:30:00-04:00,1.8600000143051147,1.899999976158142,1.7899999618530273,1.8799999952316284,5351,0.0,0.0
2024-05-20 10:30:00-04:00,1.8899999856948853,1.899999976158142,1.8794000148773193,1.899999976158142,2511,0.0,0.0
2024-05-20 11:30:00-04:00,1.899999976158142,1.940000057220459,1.899999976158142,1.940000057220459,2609,0.0,0.0
2024-05-20 12:30:00-04:00,2.0,2.0,1.9500000476837158,1.9758000373840332,2416,0.0,0.0
2024-05-20 13:30:00-04:00,1.9600000381469727,1.975000023841858,1.9500000476837158,1.9500000476837158,7687,0.0,0.0
2024-05-20 14:30:00-04:00,1.9500000476837158,1.9500000476837158,1.87090003490448,1.940000057220459,3256,0.0,0.0
2024-05-20 15:30:00-04:00,1.9225000143051147,1.940000057220459,1.850000023841858,1.899999976158142,37719,0.0,0.0
2024-05-21 09:30:00-04:00,1.9199999570846558,1.9700000286102295,1.9199999570846558,1.9700000286102295,2010,0.0,0.0
2024-05-21 10:30:00-04:00,1.9600000381469727,1.9600000381469727,1.9600000381469727,1.9600000381469727,346,0.0,0.0
2024-05-21 12:30:00-04:00,1.9700000286102295,1.9700000286102295,1.9700000286102295,1.9700000286102295,497,0.0,0.0
2024-05-21 13:30:00-04:00,1.9700000286102295,2.049999952316284,1.9700000286102295,2.049999952316284,16752,0.0,0.0
2024-05-21 14:30:00-04:00,2.049999952316284,2.049999952316284,2.015000104904175,2.015000104904175,3146,0.0,0.0
2024-05-21 15:30:00-04:00,2.039099931716919,2.039099931716919,2.009999990463257,2.009999990463257,1558,0.0,0.0
2024-05-22 12:30:00-04:00,1.8147000074386597,1.8147000074386597,1.8147000074386597,1.8147000074386597,1483,0.0,0.0
2024-05-22 13:30:00-04:00,1.999899983406067,1.999899983406067,1.9249999523162842,1.9249999523162842,988,0.0,0.0
2024-05-23 09:30:00-04:00,2.0,2.0,2.0,2.0,2561,0.0,0.0
2024-05-23 11:30:00-04:00,1.9900000095367432,1.9900000095367432,1.9900000095367432,1.9900000095367432,112,0.0,0.0
2024-05-23 12:30:00-04:00,2.0,2.0,2.0,2.0,4660,0.0,0.0
2024-05-23 13:30:00-04:00,2.0280001163482666,2.0299999713897705,2.0,2.0297000408172607,5774,0.0,0.0
2024-05-23 14:30:00-04:00,2.029900074005127,2.029900074005127,2.029900074005127,2.029900074005127,292,0.0,0.0
2024-05-24 09:30:00-04:00,2.0172998905181885,2.0172998905181885,1.9000999927520752,2.0,1363,0.0,0.0
2024-05-24 11:30:00-04:00,2.0199999809265137,2.0299999713897705,2.0199999809265137,2.0299999713897705,1540,0.0,0.0
2024-05-24 12:30:00-04:00,2.0,2.0,2.0,2.0,1336,0.0,0.0
2024-05-24 13:30:00-04:00,2.0,2.0,1.9700000286102295,2.0,3077,0.0,0.0
2024-05-28 09:30:00-04:00,2.0,2.0,1.9900000095367432,2.0,3729,0.0,0.0
2024-05-28 10:30:00-04:00,2.005000114440918,2.049999952316284,1.9900000095367432,2.0,44019,0.0,0.0
2024-05-28 11:30:00-04:00,2.0299999713897705,2.0399999618530273,2.0299999713897705,2.0399999618530273,8272,0.0,0.0
2024-05-28 12:30:00-04:00,2.0250000953674316,2.0299999713897705,2.0250000953674316,2.0299999713897705,10467,0.0,0.0
2024-05-28 13:30:00-04:00,2.0,2.015000104904175,2.0,2.015000104904175,2641,0.0,0.0
2024-05-28 14:30:00-04:00,2.0199999809265137,2.0199999809265137,2.0199999809265137,2.0199999809265137,10158,0.0,0.0
2024-05-29 09:30:00-04:00,1.9450000524520874,2.0299999713897705,1.850000023841858,1.9800000190734863,10455,0.0,0.0
2024-05-29 11:30:00-04:00,1.909999966621399,2.0083000659942627,1.9000999927520752,2.0083000659942627,2734,0.0,0.0
2024-05-29 14:30:00-04:00,1.9600000381469727,1.9600000381469727,1.9600000381469727,1.9600000381469727,610,0.0,0.0
2024-05-30 09:30:00-04:00,1.940000057220459,1.940000057220459,1.850100040435791,1.850100040435791,1828,0.0,0.0
2024-05-30 10:30:00-04:00,1.9500000476837158,1.9500000476837158,1.9500000476837158,1.9500000476837158,0,0.0,0.0
2024-05-30 11:30:00-04:00,1.9800000190734863,1.9800000190734863,1.9800000190734863,1.9800000190734863,115,0.0,0.0
2024-05-30 12:30:00-04:00,1.9079999923706055,1.9900000095367432,1.9079999923706055,1.9900000095367432,349,0.0,0.0
2024-05-30 13:30:00-04:00,2.0,2.0,2.0,2.0,277,0.0,0.0
2024-05-30 14:30:00-04:00,1.9299999475479126,2.0,1.9199999570846558,2.0,1433,0.0,0.0
2024-05-30 15:30:00-04:00,2.0,2.0,2.0,2.0,544,0.0,0.0
2024-05-31 09:30:00-04:00,2.0,2.0,2.0,2.0,176,0.0,0.0
2024-05-31 11:30:00-04:00,1.9900000095367432,1.9900000095367432,1.9900000095367432,1.9900000095367432,127,0.0,0.0
2024-05-31 12:30:00-04:00,1.9900000095367432,1.9900000095367432,1.9900000095367432,1.9900000095367432,150,0.0,0.0
2024-05-31 14:30:00-04:00,1.940000057220459,1.940000057220459,1.940000057220459,1.940000057220459,2613,0.0,0.0
2024-06-03 09:30:00-04:00,1.9199999570846558,1.9800000190734863,1.899999976158142,1.9800000190734863,2104,0.0,0.0
2024-06-03 10:30:00-04:00,1.9900000095367432,1.9950000047683716,1.909999966621399,1.9500000476837158,4780,0.0,0.0
2024-06-03 12:30:00-04:00,1.909999966621399,1.909999966621399,1.909999966621399,1.909999966621399,205,0.0,0.0
2024-06-03 13:30:00-04:00,1.909999966621399,1.9479999542236328,1.899999976158142,1.9479999542236328,796,0.0,0.0
2024-06-03 14:30:00-04:00,1.909999966621399,1.909999966621399,1.909999966621399,1.909999966621399,440,0.0,0.0
2024-06-04 09:30:00-04:00,1.8899999856948853,1.8899999856948853,1.8899999856948853,1.8899999856948853,105,0.0,0.0
2024-06-04 10:30:00-04:00,1.899999976158142,1.899999976158142,1.899999976158142,1.899999976158142,233,0.0,0.0
2024-06-04 11:30:00-04:00,1.9299999475479126,1.9500000476837158,1.9299999475479126,1.9500000476837158,5849,0.0,0.0
2024-06-04 14:30:00-04:00,1.9800000190734863,1.9800000190734863,1.9316999912261963,1.9800000190734863,2337,0.0,0.0
2024-06-05 09:30:00-04:00,1.9800000190734863,1.9900000095367432,1.9800000190734863,1.9900000095367432,444,0.0,0.0
2024-06-05 10:30:00-04:00,1.9900000095367432,1.9900000095367432,1.9900000095367432,1.9900000095367432,573,0.0,0.0
2024-06-06 09:30:00-04:00,1.9900000095367432,1.9900000095367432,1.975000023841858,1.975000023841858,686,0.0,0.0
2024-06-06 11:30:00-04:00,1.9700000286102295,1.9700000286102295,1.9500000476837158,1.9500000476837158,1490,0.0,0.0
2024-06-06 12:30:00-04:00,1.9600000381469727,1.9600000381469727,1.9600000381469727,1.9600000381469727,3434,0.0,0.0
2024-06-06 13:30:00-04:00,1.94760000705719,1.94760000705719,1.94760000705719,1.94760000705719,368,0.0,0.0
2024-06-06 14:30:00-04:00,1.899999976158142,1.9299999475479126,1.899999976158142,1.9299999475479126,3453,0.0,0.0
2024-06-07 13:30:00-04:00,1.9850000143051147,2.0,1.9500000476837158,1.9500000476837158,14507,0.0,0.0
2024-06-07 14:30:00-04:00,2.0,2.0,2.0,2.0,112,0.0,0.0
2024-06-07 15:30:00-04:00,1.9900000095367432,1.9900000095367432,1.9900000095367432,1.9900000095367432,107,0.0,0.0
2024-06-10 09:30:00-04:00,1.9800000190734863,1.9800000190734863,1.9800000190734863,1.9800000190734863,1406,0.0,0.0
2024-06-10 10:30:00-04:00,1.8321000337600708,1.909999966621399,1.8321000337600708,1.909999966621399,534,0.0,0.0
2024-06-10 13:30:00-04:00,1.9700000286102295,1.9700000286102295,1.9700000286102295,1.9700000286102295,370,0.0,0.0
2024-06-10 14:30:00-04:00,1.9700000286102295,1.9700000286102295,1.9700000286102295,1.9700000286102295,440,0.0,0.0
2024-06-11 09:30:00-04:00,1.9900000095367432,2.0,1.9900000095367432,2.0,1538,0.0,0.0
2024-06-11 13:30:00-04:00,1.9500000476837158,1.9567999839782715,1.8899999856948853,1.8899999856948853,3020,0.0,0.0
2024-06-11 14:30:00-04:00,1.9000999927520752,1.9049999713897705,1.9000999927520752,1.9049999713897705,357,0.0,0.0
2024-06-11 15:30:00-04:00,1.9049999713897705,1.9049999713897705,1.9049999713897705,1.9049999713897705,141,0.0,0.0
2024-06-12 09:30:00-04:00,1.840000033378601,2.0399999618530273,1.840000033378601,2.0255000591278076,44422,0.0,0.0
2024-06-12 12:30:00-04:00,2.0,2.0,2.0,2.0,1068,0.0,0.0
2024-06-12 14:30:00-04:00,2.021699905395508,2.0299999713897705,2.021699905395508,2.0299999713897705,212,0.0,0.0
2024-06-12 15:30:00-04:00,2.015000104904175,2.0299999713897705,2.0,2.0299999713897705,735,0.0,0.0
2024-06-13 09:30:00-04:00,2.0299999713897705,2.0999999046325684,2.0299999713897705,2.0799999237060547,69356,0.0,0.0
2024-06-13 10:30:00-04:00,2.0899999141693115,2.0899999141693115,2.065000057220459,2.0794999599456787,9687,0.0,0.0
2024-06-13 11:30:00-04:00,2.0680999755859375,2.0680999755859375,2.0,2.0,17893,0.0,0.0
2024-06-13 12:30:00-04:00,2.0,2.0,2.0,2.0,308,0.0,0.0
2024-06-13 14:30:00-04:00,2.0,2.0,2.0,2.0,700,0.0,0.0
2024-06-13 15:30:00-04:00,2.0,2.0,2.0,2.0,206,0.0,0.0
2024-06-14 09:30:00-04:00,1.9500000476837158,2.0,1.9205000400543213,2.0,4212,0.0,0.0
2024-06-14 11:30:00-04:00,1.9048000574111938,2.023200035095215,1.9048000574111938,2.023200035095215,977,0.0,0.0
2024-06-14 12:30:00-04:00,1.938099980354309,2.0,1.938099980354309,2.0,1145,0.0,0.0
2024-06-14 13:30:00-04:00,1.9319000244140625,1.9319000244140625,1.9319000244140625,1.9319000244140625,251,0.0,0.0
2024-06-14 14:30:00-04:00,1.9950000047683716,2.0,1.940000057220459,2.0,1221,0.0,0.0
2024-06-14 15:30:00-04:00,2.0,2.0,2.0,2.0,656,0.0,0.0
2024-06-17 09:30:00-04:00,1.9600000381469727,1.9600000381469727,1.9199999570846558,1.9199999570846558,1673,0.0,0.0
2024-06-17 11:30:00-04:00,2.0199999809265137,2.0499000549316406,1.9900000095367432,2.0499000549316406,2154,0.0,0.0
2024-06-17 12:30:00-04:00,2.0499000549316406,2.049999952316284,2.0399999618530273,2.0499000549316406,2382,0.0,0.0
2024-06-17 13:30:00-04:00,2.050100088119507,2.050100088119507,2.049999952316284,2.049999952316284,3370,0.0,0.0
2024-06-17 15:30:00-04:00,2.0199999809265137,2.0199999809265137,2.0,2.0,1584,0.0,0.0
2024-06-18 09:30:00-04:00,2.0199999809265137,2.039900064468384,2.0199999809265137,2.039900064468384,2311,0.0,0.0
2024-06-18 13:30:00-04:00,2.0011000633239746,2.0011000633239746,2.0011000633239746,2.0011000633239746,499,0.0,0.0
2024-06-18 15:30:00-04:00,1.9700000286102295,1.9700000286102295,1.9299999475479126,1.9299999475479126,4287,0.0,0.0
2024-06-20 09:30:00-04:00,1.8799999952316284,1.8801000118255615,1.8799999952316284,1.8801000118255615,0,0.0,0.0
2024-06-20 11:30:00-04:00,1.8600000143051147,1.8799999952316284,1.8004000186920166,1.8799999952316284,6925,0.0,0.0
2024-06-20 14:30:00-04:00,1.8799999952316284,1.8799999952316284,1.8799999952316284,1.8799999952316284,401,0.0,0.0
2024-06-20 15:30:00-04:00,1.8949999809265137,1.8949999809265137,1.8799999952316284,1.8799999952316284,809,0.0,0.0
2024-06-21 11:30:00-04:00,1.9249999523162842,1.9249999523162842,1.8799999952316284,1.8799999952316284,255,0.0,0.0
2024-06-21 13:30:00-04:00,1.8799999952316284,1.8799999952316284,1.8799999952316284,1.8799999952316284,200,0.0,0.0
2024-06-21 14:30:00-04:00,1.9199999570846558,1.9199999570846558,1.8799999952316284,1.8799999952316284,242,0.0,0.0
2024-06-24 09:30:00-04:00,1.9700000286102295,1.9700000286102295,1.9700000286102295,1.9700000286102295,246,0.0,0.0
2024-06-24 10:30:00-04:00,1.9700000286102295,1.9800000190734863,1.9700000286102295,1.9800000190734863,1049,0.0,0.0
2024-06-24 11:30:00-04:00,1.8899999856948853,1.8899999856948853,1.8899999856948853,1.8899999856948853,558,0.0,0.0
2024-06-24 12:30:00-04:00,1.9199999570846558,1.9199999570846558,1.9199999570846558,1.9199999570846558,247,0.0,0.0
2024-06-24 13:30:00-04:00,1.9199999570846558,1.9299999475479126,1.9036999940872192,1.9299999475479126,2302,0.0,0.0
2024-06-24 14:30:00-04:00,1.9299999475479126,1.9299999475479126,1.9299999475479126,1.9299999475479126,2729,0.0,0.0
2024-06-25 09:30:00-04:00,1.8801000118255615,1.899999976158142,1.8801000118255615,1.8899999856948853,6953,0.0,0.0
2024-06-25 10:30:00-04:00,1.8801000118255615,1.9299999475479126,1.8700000047683716,1.9299999475479126,6470,0.0,0.0
2024-06-25 11:30:00-04:00,1.908400058746338,1.908400058746338,1.908400058746338,1.908400058746338,982,0.0,0.0
2024-06-25 15:30:00-04:00,1.909999966621399,1.909999966621399,1.909999966621399,1.909999966621399,495,0.0,0.0
2024-06-26 11:30:00-04:00,1.9399000406265259,1.9399000406265259,1.8801000118255615,1.9026999473571777,4798,0.0,0.0
2024-06-26 12:30:00-04:00,1.9299999475479126,1.9299999475479126,1.9299999475479126,1.9299999475479126,888,0.0,0.0
2024-06-26 13:30:00-04:00,1.9299999475479126,1.9299999475479126,1.9299999475479126,1.9299999475479126,901,0.0,0.0
2024-06-26 14:30:00-04:00,1.9199999570846558,1.9199999570846558,1.9199999570846558,1.9199999570846558,232,0.0,0.0
2024-06-27 09:30:00-04:00,1.8799999952316284,1.8799999952316284,1.8799999952316284,1.8799999952316284,316,0.0,0.0
2024-06-27 10:30:00-04:00,1.899999976158142,1.9093999862670898,1.8899999856948853,1.9093999862670898,1858,0.0,0.0
2024-06-27 15:30:00-04:00,1.9366999864578247,1.9366999864578247,1.9366999864578247,1.9366999864578247,441,0.0,0.0
2024-06-28 09:30:00-04:00,1.9299999475479126,1.9299999475479126,1.9299999475479126,1.9299999475479126,602,0.0,0.0
2024-06-28 10:30:00-04:00,1.9199999570846558,1.9299999475479126,1.9199999570846558,1.9299999475479126,750,0.0,0.0
2024-06-28 11:30:00-04:00,1.940000057220459,1.940000057220459,1.940000057220459,1.940000057220459,408,0.0,0.0
2024-06-28 14:30:00-04:00,1.9249999523162842,1.9249999523162842,1.9249999523162842,1.9249999523162842,350,0.0,0.0
2024-07-01 09:30:00-04:00,1.9580999612808228,2.0,1.9580999612808228,1.9900000095367432,2504,0.0,0.0
2024-07-01 10:30:00-04:00,1.9889999628067017,1.9950000047683716,1.9800000190734863,1.9800000190734863,1186,0.0,0.0
2024-07-01 11:30:00-04:00,1.9800000190734863,2.0,1.9800000190734863,2.0,4096,0.0,0.0
2024-07-01 14:30:00-04:00,2.0,2.0199999809265137,1.9900000095367432,2.0199999809265137,1535,0.0,0.0
2024-07-01 15:30:00-04:00,2.0199999809265137,2.0299999713897705,1.9199999570846558,1.9199999570846558,1252,0.0,0.0
2024-07-02 09:30:00-04:00,2.0299999713897705,2.0299999713897705,2.0299999713897705,2.0299999713897705,391,0.0,0.0
2024-07-02 10:30:00-04:00,1.8579000234603882,1.9299999475479126,1.8579000234603882,1.8799999952316284,2890,0.0,0.0
2024-07-02 11:30:00-04:00,1.8799999952316284,1.8799999952316284,1.8799999952316284,1.8799999952316284,660,0.0,0.0
2024-07-02 15:30:00-04:00,2.0199999809265137,2.0199999809265137,2.0199999809265137,2.0199999809265137,437,0.0,0.0
2024-07-03 09:30:00-04:00,1.8716000318527222,1.9550000429153442,1.8716000318527222,1.9550000429153442,1171,0.0,0.0
2024-07-03 10:30:00-04:00,1.9600000381469727,1.9600000381469727,1.9600000381469727,1.9600000381469727,1109,0.0,0.0
2024-07-03 12:30:00-04:00,1.9299999475479126,1.9299999475479126,1.9299999475479126,1.9299999475479126,375,0.0,0.0
2024-07-05 09:30:00-04:00,1.909999966621399,1.909999966621399,1.809999942779541,1.809999942779541,31142,0.0,0.0
2024-07-05 10:30:00-04:00,1.8499000072479248,1.8499000072479248,1.8499000072479248,1.8499000072479248,1003,0.0,0.0
2024-07-05 12:30:00-04:00,1.940000057220459,1.940000057220459,1.9276000261306763,1.9276000261306763,1391,0.0,0.0
2024-07-05 15:30:00-04:00,1.8899999856948853,1.8899999856948853,1.850000023841858,1.850000023841858,1599,0.0,0.0
2024-07-08 09:30:00-04:00,1.8700000047683716,1.8700000047683716,1.8700000047683716,1.8700000047683716,1137,0.0,0.0
2024-07-08 14:30:00-04:00,1.8899999856948853,1.899999976158142,1.8801000118255615,1.8801000118255615,2220,0.0,0.0
2024-07-08 15:30:00-04:00,1.8799999952316284,1.899999976158142,1.8799999952316284,1.8799999952316284,3083,0.0,0.0
2024-07-09 09:30:00-04:00,1.899999976158142,1.899999976158142,1.899999976158142,1.899999976158142,236,0.0,0.0
2024-07-09 14:30:00-04:00,1.909999966621399,1.909999966621399,1.899999976158142,1.899999976158142,1065,0.0,0.0
2024-07-10 11:30:00-04:00,1.899999976158142,1.899999976158142,1.899999976158142,1.899999976158142,416,0.0,0.0
2024-07-10 12:30:00-04:00,1.899999976158142,1.9199999570846558,1.899999976158142,1.9194999933242798,3700,0.0,0.0
2024-07-10 14:30:00-04:00,1.920199990272522,1.920300006866455,1.9199999570846558,1.9199999570846558,7421,0.0,0.0
2024-07-11 09:30:00-04:00,1.9112999439239502,1.9112999439239502,1.9112999439239502,1.9112999439239502,1674,0.0,0.0
2024-07-11 10:30:00-04:00,1.9000999927520752,1.909999966621399,1.899999976158142,1.899999976158142,27596,0.0,0.0
2024-07-11 11:30:00-04:00,1.9600000381469727,1.9600000381469727,1.9600000381469727,1.9600000381469727,323,0.0,0.0
2024-07-11 15:30:00-04:00,1.8899999856948853,1.899999976158142,1.8624000549316406,1.8624000549316406,5227,0.0,0.0
2024-07-12 09:30:00-04:00,1.9700000286102295,1.9700000286102295,1.9550000429153442,1.9550000429153442,866,0.0,0.0
2024-07-12 12:30:00-04:00,1.965000033378601,1.965000033378601,1.9000999927520752,1.9000999927520752,3506,0.0,0.0
2024-07-12 15:30:00-04:00,1.9002000093460083,1.9002000093460083,1.8700000047683716,1.8700000047683716,714,0.0,0.0
2024-07-15 10:30:00-04:00,1.8801000118255615,1.8801000118255615,1.8801000118255615,1.8801000118255615,821,0.0,0.0
2024-07-15 12:30:00-04:00,1.8899999856948853,1.8899999856948853,1.8899999856948853,1.8899999856948853,541,0.0,0.0
2024-07-15 15:30:00-04:00,1.9259999990463257,1.9259999990463257,1.9259999990463257,1.9259999990463257,296,0.0,0.0
2024-07-16 09:30:00-04:00,2.0030999183654785,2.0030999183654785,1.899999976158142,1.899999976158142,830,0.0,0.0
2024-07-16 13:30:00-04:00,2.0067999362945557,2.0067999362945557,2.004699945449829,2.0048000812530518,1040,0.0,0.0
2024-07-16 15:30:00-04:00,1.9700000286102295,1.9700000286102295,1.9700000286102295,1.9700000286102295,429,0.0,0.0
2024-07-17 12:30:00-04:00,2.0236001014709473,2.0236001014709473,1.9200999736785889,1.9660999774932861,1548,0.0,0.0
2024-07-17 15:30:00-04:00,2.0155999660491943,2.0199999809265137,1.9299999475479126,1.9299999475479126,930,0.0,0.0
2024-07-18 09:30:00-04:00,1.9700000286102295,1.9700000286102295,1.9700000286102295,1.9700000286102295,201,0.0,0.0
2024-07-18 10:30:00-04:00,1.909999966621399,1.909999966621399,1.909999966621399,1.909999966621399,336,0.0,0.0
2024-07-18 14:30:00-04:00,1.9646999835968018,1.9646999835968018,1.9646999835968018,1.9646999835968018,468,0.0,0.0
2024-07-19 12:30:00-04:00,1.9641000032424927,1.9641000032424927,1.9641000032424927,1.9641000032424927,1058,0.0,0.0
2024-07-22 09:30:00-04:00,1.9299999475479126,1.9299999475479126,1.9199999570846558,1.9199999570846558,383,0.0,0.0
2024-07-22 10:30:00-04:00,1.909999966621399,1.9101999998092651,1.909999966621399,1.909999966621399,3779,0.0,0.0
2024-07-22 11:30:00-04:00,1.9199999570846558,1.9199999570846558,1.9199999570846558,1.9199999570846558,2740,0.0,0.0
2024-07-22 12:30:00-04:00,1.909999966621399,1.909999966621399,1.909999966621399,1.909999966621399,0,0.0,0.0
2024-07-22 15:30:00-04:00,1.8899999856948853,1.8899999856948853,1.8899999856948853,1.8899999856948853,0,0.0,0.0
2024-07-23 09:30:00-04:00,1.929900050163269,1.9299999475479126,1.9199999570846558,1.9259999990463257,4512,0.0,0.0
2024-07-23 10:30:00-04:00,1.899999976158142,1.899999976158142,1.899999976158142,1.899999976158142,923,0.0,0.0
2024-07-24 09:30:00-04:00,1.899999976158142,1.899999976158142,1.899999976158142,1.899999976158142,1561,0.0,0.0
2024-07-24 13:30:00-04:00,1.9199999570846558,1.9199999570846558,1.899999976158142,1.899999976158142,1417,0.0,0.0
2024-07-24 14:30:00-04:00,1.9199999570846558,1.9199999570846558,1.9199999570846558,1.9199999570846558,899,0.0,0.0
2024-07-25 14:30:00-04:00,1.899999976158142,1.899999976158142,1.8503999710083008,1.899999976158142,2013,0.0,0.0
2024-07-25 15:30:00-04:00,1.8799999952316284,1.8949999809265137,1.8650000095367432,1.8949999809265137,2918,0.0,0.0
2024-07-26 13:30:00-04:00,1.850000023841858,1.850000023841858,1.850000023841858,1.850000023841858,156,0.0,0.0
2024-07-26 14:30:00-04:00,1.8799999952316284,1.8799999952316284,1.8799999952316284,1.8799999952316284,201,0.0,0.0
2024-07-26 15:30:00-04:00,1.855299949645996,1.855299949645996,1.855299949645996,1.855299949645996,184,0.0,0.0
2024-07-29 09:30:00-04:00,1.8600000143051147,1.8600000143051147,1.8600000143051147,1.8600000143051147,573,0.0,0.0
2024-07-29 11:30:00-04:00,1.8600000143051147,1.8600000143051147,1.8600000143051147,1.8600000143051147,370,0.0,0.0
2024-07-29 12:30:00-04:00,1.940000057220459,1.940000057220459,1.9199999570846558,1.940000057220459,1099,0.0,0.0
2024-07-29 13:30:00-04:00,2.029900074005127,2.0299999713897705,2.029900074005127,2.0299999713897705,492,0.0,0.0
2024-07-30 09:30:00-04:00,2.0299999713897705,2.0299999713897705,1.9500000476837158,2.0299999713897705,3932,0.0,0.0
2024-07-30 10:30:00-04:00,2.0299999713897705,2.0299999713897705,1.899999976158142,2.0297000408172607,2770,0.0,0.0
2024-07-30 13:30:00-04:00,1.8700000047683716,1.8700000047683716,1.8700000047683716,1.8700000047683716,1126,0.0,0.0
2024-07-30 14:30:00-04:00,1.9800000190734863,1.9800000190734863,1.9800000190734863,1.9800000190734863,0,0.0,0.0
2024-07-31 09:30:00-04:00,1.9700000286102295,1.9700000286102295,1.9700000286102295,1.9700000286102295,355,0.0,0.0
2024-07-31 10:30:00-04:00,1.9700000286102295,1.9700000286102295,1.9700000286102295,1.9700000286102295,1077,0.0,0.0
2024-07-31 12:30:00-04:00,2.0299999713897705,2.0299999713897705,1.9501999616622925,1.9501999616622925,813,0.0,0.0
2024-07-31 13:30:00-04:00,1.9500000476837158,1.9900000095367432,1.9500000476837158,1.9900000095367432,411,0.0,0.0
2024-07-31 14:30:00-04:00,1.9900000095367432,1.9900000095367432,1.9900000095367432,1.9900000095367432,1509,0.0,0.0
2024-07-31 15:30:00-04:00,1.9500000476837158,1.9500000476837158,1.940000057220459,1.9500000476837158,17178,0.0,0.0
2024-08-01 09:30:00-04:00,1.9746999740600586,2.049999952316284,1.9746999740600586,2.0,0,0.0,0.0
2024-08-01 10:30:00-04:00,2.03410005569458,2.03410005569458,2.03410005569458,2.03410005569458,0,0.0,0.0
2024-08-01 11:30:00-04:00,1.9900000095367432,1.9900000095367432,1.9900000095367432,1.9900000095367432,22331,0.0,0.0
2024-08-01 12:30:00-04:00,1.9714000225067139,2.069999933242798,1.9600000381469727,2.033400058746338,19366,0.0,0.0
2024-08-01 14:30:00-04:00,2.049999952316284,2.049999952316284,2.009999990463257,2.009999990463257,6400,0.0,0.0
2024-08-01 15:30:00-04:00,2.009999990463257,2.049999952316284,1.9700000286102295,1.9700000286102295,3574,0.0,0.0
2024-08-02 09:30:00-04:00,2.009999990463257,2.009999990463257,1.9600000381469727,1.9600000381469727,0,0.0,0.0
2024-08-02 10:30:00-04:00,2.009999990463257,2.009999990463257,1.9800000190734863,1.9800000190734863,2555,0.0,0.0
2024-08-02 11:30:00-04:00,1.9801000356674194,1.9801000356674194,1.9801000356674194,1.9801000356674194,1302,0.0,0.0
2024-08-02 12:30:00-04:00,2.0250000953674316,2.0441999435424805,2.0250000953674316,2.0250000953674316,7718,0.0,0.0
2024-08-02 13:30:00-04:00,2.0299999713897705,2.0299999713897705,2.0,2.0,18778,0.0,0.0
2024-08-02 15:30:00-04:00,2.0,2.0,2.0,2.0,292,0.0,0.0
2024-08-05 09:30:00-04:00,2.0999999046325684,2.0999999046325684,1.600000023841858,1.7400000095367432,30689,0.0,0.0
2024-08-05 10:30:00-04:00,1.8898999691009521,1.8898999691009521,1.8898999691009521,1.8898999691009521,389,0.0,0.0
2024-08-05 11:30:00-04:00,1.75,1.75,1.75,1.75,360,0.0,0.0
2024-08-05 12:30:00-04:00,1.7999999523162842,1.7999999523162842,1.7999999523162842,1.7999999523162842,932,0.0,0.0
2024-08-05 14:30:00-04:00,1.7200000286102295,1.7599999904632568,1.7200000286102295,1.75,6534,0.0,0.0
2024-08-05 15:30:00-04:00,1.720900058746338,1.7599999904632568,1.720900058746338,1.7599999904632568,1891,0.0,0.0
2024-08-06 09:30:00-04:00,1.7000000476837158,1.7899999618530273,1.7000000476837158,1.7899999618530273,787,0.0,0.0
2024-08-06 10:30:00-04:00,1.7799999713897705,1.7799999713897705,1.7799999713897705,1.7799999713897705,450,0.0,0.0
2024-08-06 11:30:00-04:00,1.7400000095367432,1.7400000095367432,1.7400000095367432,1.7400000095367432,1465,0.0,0.0
2024-08-06 14:30:00-04:00,1.7899999618530273,1.9249999523162842,1.7899999618530273,1.8200000524520874,1157,0.0,0.0
2024-08-06 15:30:00-04:00,1.8674999475479126,1.8674999475479126,1.8674999475479126,1.8674999475479126,0,0.0,0.0
2024-08-07 09:30:00-04:00,1.7899999618530273,1.7899999618530273,1.7899999618530273,1.7899999618530273,934,0.0,0.0
2024-08-07 11:30:00-04:00,1.909999966621399,1.909999966621399,1.909999966621399,1.909999966621399,1583,0.0,0.0
2024-08-07 12:30:00-04:00,1.8600000143051147,1.8600000143051147,1.8600000143051147,1.8600000143051147,0,0.0,0.0
2024-08-07 14:30:00-04:00,1.8601000308990479,1.8799999952316284,1.8300000429153442,1.875,13320,0.0,0.0
2024-08-07 15:30:00-04:00,1.899999976158142,1.899999976158142,1.899999976158142,1.899999976158142,0,0.0,0.0
2024-08-08 09:30:00-04:00,1.847499966621399,1.847499966621399,1.847499966621399,1.847499966621399,3325,0.0,0.0
2024-08-08 14:30:00-04:00,1.9299999475479126,1.9299999475479126,1.9299999475479126,1.9299999475479126,0,0.0,0.0
2024-08-08 15:30:00-04:00,1.8799999952316284,1.8799999952316284,1.8799999952316284,1.8799999952316284,3630,0.0,0.0
2024-08-09 11:30:00-04:00,1.8899999856948853,1.8899999856948853,1.8899999856948853,1.8899999856948853,161,0.0,0.0
2024-08-09 15:30:00-04:00,1.9850000143051147,1.9850000143051147,1.9850000143051147,1.9850000143051147,157,0.0,0.0
2024-08-12 09:30:00-04:00,1.8600000143051147,1.899999976158142,1.6401000022888184,1.8949999809265137,2492,0.0,0.0
2024-08-12 10:30:00-04:00,1.899999976158142,1.899999976158142,1.899999976158142,1.899999976158142,2165,0.0,0.0
2024-08-12 12:30:00-04:00,1.840000033378601,1.840000033378601,1.7000000476837158,1.7000000476837158,708,0.0,0.0
2024-08-12 13:30:00-04:00,1.809999942779541,1.809999942779541,1.7450000047683716,1.7799999713897705,2126,0.0,0.0
2024-08-12 14:30:00-04:00,1.899999976158142,1.899999976158142,1.899999976158142,1.899999976158142,426,0.0,0.0
2024-08-12 15:30:00-04:00,1.9198999404907227,1.9198999404907227,1.7949999570846558,1.899999976158142,4274,0.0,0.0
2024-08-13 09:30:00-04:00,1.850000023841858,1.850000023841858,1.840000033378601,1.840000033378601,890,0.0,0.0
2024-08-13 10:30:00-04:00,1.5099999904632568,1.600000023841858,1.5099999904632568,1.534999966621399,2334,0.0,0.0
2024-08-13 11:30:00-04:00,1.6543999910354614,1.6543999910354614,1.6543999910354614,1.6543999910354614,536,0.0,0.0
2024-08-13 12:30:00-04:00,1.75,1.75,1.75,1.75,116,0.0,0.0
2024-08-13 13:30:00-04:00,1.749899983406067,1.749899983406067,1.749899983406067,1.749899983406067,213,0.0,0.0
2024-08-13 14:30:00-04:00,1.6799999475479126,1.75,1.65910005569458,1.65910005569458,5437,0.0,0.0
2024-08-13 15:30:00-04:00,1.5700000524520874,1.9199999570846558,1.5700000524520874,1.659999966621399,20733,0.0,0.0
2024-08-14 09:30:00-04:00,1.659999966621399,1.659999966621399,1.659999966621399,1.659999966621399,1149,0.0,0.0
2024-08-14 10:30:00-04:00,1.5449999570846558,1.5449999570846558,1.5449999570846558,1.5449999570846558,102,0.0,0.0
2024-08-14 11:30:00-04:00,1.5800000429153442,1.7400000095367432,1.5800000429153442,1.7400000095367432,7323,0.0,0.0
2024-08-14 12:30:00-04:00,1.659999966621399,1.659999966621399,1.6043000221252441,1.6043000221252441,1319,0.0,0.0
2024-08-14 13:30:00-04:00,1.6200000047683716,1.6200000047683716,1.5499999523162842,1.5499999523162842,1200,0.0,0.0
2024-08-14 14:30:00-04:00,1.6200000047683716,1.7000000476837158,1.6200000047683716,1.7000000476837158,2289,0.0,0.0
2024-08-14 15:30:00-04:00,1.7300000190734863,1.7300000190734863,1.600000023841858,1.600000023841858,596,0.0,0.0
2024-08-15 09:30:00-04:00,1.659999966621399,1.659999966621399,1.5259000062942505,1.659999966621399,3131,0.0,0.0
2024-08-15 10:30:00-04:00,1.6101000308990479,1.659999966621399,1.6101000308990479,1.659999966621399,500,0.0,0.0
2024-08-15 11:30:00-04:00,1.6200000047683716,1.6200000047683716,1.600000023841858,1.6069999933242798,2312,0.0,0.0
2024-08-15 12:30:00-04:00,1.6549999713897705,1.659999966621399,1.6549999713897705,1.659999966621399,0,0.0,0.0
2024-08-15 13:30:00-04:00,1.659999966621399,1.659999966621399,1.659999966621399,1.659999966621399,0,0.0,0.0
2024-08-15 14:30:00-04:00,1.659999966621399,1.659999966621399,1.659999966621399,1.659999966621399,6561,0.0,0.0
2024-08-15 15:30:00-04:00,1.7000000476837158,1.7000000476837158,1.6799999475479126,1.6799999475479126,531,0.0,0.0
2024-08-16 09:30:00-04:00,1.6162999868392944,1.649999976158142,1.5099999904632568,1.559999942779541,6270,0.0,0.0
2024-08-16 10:30:00-04:00,1.6399999856948853,1.6399999856948853,1.5299999713897705,1.6100000143051147,890,0.0,0.0
2024-08-16 11:30:00-04:00,1.6188000440597534,1.6399999856948853,1.6188000440597534,1.6399999856948853,561,0.0,0.0
2024-08-16 12:30:00-04:00,1.625,1.625,1.625,1.625,360,0.0,0.0
2024-08-19 09:30:00-04:00,1.4700000286102295,1.600000023841858,1.4600000381469727,1.5,29233,0.0,0.0
2024-08-19 10:30:00-04:00,1.5,1.5,1.4900000095367432,1.5,2182,0.0,0.0
2024-08-19 11:30:00-04:00,1.5,1.5,1.5,1.5,1610,0.0,0.0
2024-08-19 12:30:00-04:00,1.5,1.5,1.5,1.5,1583,0.0,0.0
2024-08-19 13:30:00-04:00,1.5,1.500100016593933,1.5,1.500100016593933,876,0.0,0.0
2024-08-19 14:30:00-04:00,1.5,1.5,1.5,1.5,1152,0.0,0.0
2024-08-19 15:30:00-04:00,1.5,1.5,1.5,1.5,680,0.0,0.0
2024-08-20 09:30:00-04:00,1.5,1.5,1.5,1.5,321,0.0,0.0
2024-08-20 10:30:00-04:00,1.4900000095367432,1.5,1.4900000095367432,1.5,2069,0.0,0.0
2024-08-20 15:30:00-04:00,1.590000033378601,1.590000033378601,1.5099999904632568,1.5099999904632568,294,0.0,0.0
2024-08-21 14:30:00-04:00,1.5866999626159668,1.5866999626159668,1.5,1.5,1220,0.0,0.0
2024-08-21 15:30:00-04:00,1.5099999904632568,1.5099999904632568,1.5099999904632568,1.5099999904632568,161,0.0,0.0
2024-08-22 10:30:00-04:00,1.5299999713897705,1.5299999713897705,1.5299999713897705,1.5299999713897705,845,0.0,0.0
2024-08-22 13:30:00-04:00,1.4800000190734863,1.4800000190734863,1.4800000190734863,1.4800000190734863,639,0.0,0.0
2024-08-23 09:30:00-04:00,1.5299999713897705,1.5299999713897705,1.5299999713897705,1.5299999713897705,0,0.0,0.0
2024-08-23 12:30:00-04:00,1.5099999904632568,1.5299999713897705,1.5099999904632568,1.5299999713897705,687,0.0,0.0
2024-08-23 14:30:00-04:00,1.5099999904632568,1.5299999713897705,1.5,1.5299999713897705,2144,0.0,0.0
2024-08-23 15:30:00-04:00,1.5099999904632568,1.5099999904632568,1.4900000095367432,1.5,3133,0.0,0.0
2024-08-26 09:30:00-04:00,1.5299999713897705,1.5299999713897705,1.5299999713897705,1.5299999713897705,0,0.0,0.0
2024-08-26 10:30:00-04:00,1.5299999713897705,1.5299999713897705,1.492400050163269,1.5,1282,0.0,0.0
2024-08-26 11:30:00-04:00,1.4507999420166016,1.5299999713897705,1.4507999420166016,1.5299999713897705,2693,0.0,0.0
2024-08-26 13:30:00-04:00,1.5299999713897705,1.5299999713897705,1.5299999713897705,1.5299999713897705,211,0.0,0.0
2024-08-27 09:30:00-04:00,1.590000033378601,1.590000033378601,1.590000033378601,1.590000033378601,324,0.0,0.0
2024-08-27 10:30:00-04:00,1.5383000373840332,1.5383000373840332,1.5383000373840332,1.5383000373840332,597,0.0,0.0
2024-08-27 14:30:00-04:00,1.5299999713897705,1.5299999713897705,1.5299999713897705,1.5299999713897705,283,0.0,0.0
2024-08-28 09:30:00-04:00,1.5404000282287598,1.5404000282287598,1.5404000282287598,1.5404000282287598,3277,0.0,0.0
2024-08-28 11:30:00-04:00,1.5499999523162842,1.5499999523162842,1.5499999523162842,1.5499999523162842,549,0.0,0.0
2024-08-28 12:30:00-04:00,1.5299999713897705,1.5299999713897705,1.5003000497817993,1.524999976158142,3981,0.0,0.0
2024-08-28 13:30:00-04:00,1.5399999618530273,1.5399999618530273,1.5299999713897705,1.5299999713897705,402,0.0,0.0
2024-08-29 10:30:00-04:00,1.5388000011444092,1.5388000011444092,1.5388000011444092,1.5388000011444092,4219,0.0,0.0
2024-08-30 09:30:00-04:00,1.4700000286102295,1.4800000190734863,1.4600000381469727,1.4601000547409058,0,0.0,0.0
2024-08-30 10:30:00-04:00,1.4700000286102295,1.5149999856948853,1.3601000308990479,1.5,19044,0.0,0.0
2024-08-30 12:30:00-04:00,1.5199999809265137,1.5199999809265137,1.5199999809265137,1.5199999809265137,4054,0.0,0.0
2024-08-30 14:30:00-04:00,1.5,1.5,1.468400001525879,1.4800000190734863,1022,0.0,0.0
2024-08-30 15:30:00-04:00,1.475000023841858,1.4900000095367432,1.4700000286102295,1.4900000095367432,1383,0.0,0.0
2024-09-03 09:30:00-04:00,1.4500000476837158,1.5199999809265137,1.4500000476837158,1.5,6194,0.0,0.0
2024-09-03 10:30:00-04:00,1.4800000190734863,1.5,1.4800000190734863,1.4800000190734863,3055,0.0,0.0
2024-09-03 11:30:00-04:00,1.5,1.5,1.4500000476837158,1.472100019454956,18586,0.0,0.0
2024-09-03 12:30:00-04:00,1.4500000476837158,1.4609999656677246,1.4500000476837158,1.4609999656677246,2875,0.0,0.0
2024-09-03 14:30:00-04:00,1.4550000429153442,1.4630000591278076,1.4550000429153442,1.4550000429153442,2060,0.0,0.0
2024-09-03 15:30:00-04:00,1.4550000429153442,1.4900000095367432,1.440000057220459,1.440000057220459,1780,0.0,0.0
2024-09-04 10:30:00-04:00,1.4199999570846558,1.4199999570846558,1.399999976158142,1.399999976158142,4458,0.0,0.0
2024-09-04 11:30:00-04:00,1.4539999961853027,1.4700000286102295,1.4000999927520752,1.4000999927520752,2591,0.0,0.0
2024-09-05 09:30:00-04:00,1.3700000047683716,1.5399999618530273,1.3700000047683716,1.5399999618530273,0,0.0,0.0
2024-09-05 10:30:00-04:00,1.4850000143051147,1.5699000358581543,1.4850000143051147,1.5,14549,0.0,0.0
2024-09-05 11:30:00-04:00,1.5,1.5,1.5,1.5,58,0.0,0.0
2024-09-05 12:30:00-04:00,1.4900000095367432,1.4900000095367432,1.4900000095367432,1.4900000095367432,1104,0.0,0.0
2024-09-06 09:30:00-04:00,1.4801000356674194,1.4801000356674194,1.4801000356674194,1.4801000356674194,1625,0.0,0.0
2024-09-06 11:30:00-04:00,1.5399999618530273,1.5399999618530273,1.5357999801635742,1.5357999801635742,870,0.0,0.0
2024-09-06 14:30:00-04:00,1.600000023841858,1.600000023841858,1.600000023841858,1.600000023841858,981,0.0,0.0
2024-09-06 15:30:00-04:00,1.5099999904632568,1.5099999904632568,1.5099999904632568,1.5099999904632568,280,0.0,0.0
2024-09-09 12:30:00-04:00,1.5199999809265137,1.5199999809265137,1.5199999809265137,1.5199999809265137,813,0.0,0.0
2024-09-09 13:30:00-04:00,1.5700000524520874,1.5700000524520874,1.5700000524520874,1.5700000524520874,2307,0.0,0.0
2024-09-09 15:30:00-04:00,1.5199999809265137,1.5299999713897705,1.5099999904632568,1.5299999713897705,1546,0.0,0.0
2024-09-10 09:30:00-04:00,1.5499999523162842,1.5499999523162842,1.5199999809265137,1.5199999809265137,0,0.0,0.0
2024-09-10 10:30:00-04:00,1.5499999523162842,1.5499999523162842,1.5499999523162842,1.5499999523162842,558,0.0,0.0
2024-09-10 11:30:00-04:00,1.5499999523162842,1.5499999523162842,1.5499999523162842,1.5499999523162842,2039,0.0,0.0
2024-09-10 15:30:00-04:00,1.600000023841858,1.600000023841858,1.5299999713897705,1.5299999713897705,0,0.0,0.0
2024-09-11 12:30:00-04:00,1.5299999713897705,1.5299999713897705,1.5299999713897705,1.5299999713897705,312,0.0,0.0
2024-09-11 13:30:00-04:00,1.5299999713897705,1.5299999713897705,1.5299999713897705,1.5299999713897705,2400,0.0,0.0
2024-09-12 09:30:00-04:00,1.5399999618530273,1.5399999618530273,1.4600000381469727,1.4900000095367432,637,0.0,0.0
2024-09-12 10:30:00-04:00,1.4900000095367432,1.559999942779541,1.4900000095367432,1.559999942779541,1370,0.0,0.0
2024-09-12 11:30:00-04:00,1.5149999856948853,1.5149999856948853,1.4900000095367432,1.4900000095367432,1629,0.0,0.0
2024-09-12 12:30:00-04:00,1.5099999904632568,1.5099999904632568,1.5,1.5,2231,0.0,0.0
2024-09-12 13:30:00-04:00,1.4900000095367432,1.5,1.4900000095367432,1.4900000095367432,1972,0.0,0.0
2024-09-12 14:30:00-04:00,1.4500000476837158,1.5,1.4500000476837158,1.4700000286102295,2339,0.0,0.0
2024-09-12 15:30:00-04:00,1.5099999904632568,1.5099999904632568,1.465000033378601,1.5,774,0.0,0.0
2024-09-13 09:30:00-04:00,1.5,1.5,1.5,1.5,429,0.0,0.0
2024-09-13 10:30:00-04:00,1.4299999475479126,1.4299999475479126,1.4299999475479126,1.4299999475479126,494,0.0,0.0
2024-09-13 12:30:00-04:00,1.5799000263214111,1.5799000263214111,1.4700000286102295,1.5700000524520874,4230,0.0,0.0
2024-09-13 15:30:00-04:00,1.5499999523162842,1.5499999523162842,1.5499999523162842,1.5499999523162842,1617,0.0,0.0
2024-09-16 09:30:00-04:00,1.5299999713897705,1.5299999713897705,1.5299999713897705,1.5299999713897705,8485,0.0,0.0
2024-09-16 10:30:00-04:00,1.4700000286102295,1.4700000286102295,1.4700000286102295,1.4700000286102295,825,0.0,0.0
2024-09-16 11:30:00-04:00,1.4500000476837158,1.5199999809265137,1.4500000476837158,1.4500000476837158,842,0.0,0.0
2024-09-16 12:30:00-04:00,1.4900000095367432,1.5299999713897705,1.4800000190734863,1.4800000190734863,426,0.0,0.0
2024-09-16 13:30:00-04:00,1.5199999809265137,1.5199999809265137,1.5199999809265137,1.5199999809265137,429,0.0,0.0
2024-09-16 14:30:00-04:00,1.5299999713897705,1.5299999713897705,1.5299999713897705,1.5299999713897705,574,0.0,0.0
2024-09-16 15:30:00-04:00,1.5199999809265137,1.5299999713897705,1.5199999809265137,1.5199999809265137,948,0.0,0.0
2024-09-17 09:30:00-04:00,1.5299999713897705,1.5299999713897705,1.5299999713897705,1.5299999713897705,0,0.0,0.0
2024-09-17 10:30:00-04:00,1.5049999952316284,1.5365999937057495,1.4800000190734863,1.5365999937057495,1964,0.0,0.0
2024-09-17 11:30:00-04:00,1.4900000095367432,1.4900000095367432,1.4900000095367432,1.4900000095367432,872,0.0,0.0
2024-09-18 10:30:00-04:00,1.5399999618530273,1.5399999618530273,1.5399999618530273,1.5399999618530273,408,0.0,0.0
2024-09-18 11:30:00-04:00,1.5399999618530273,1.5399999618530273,1.5399999618530273,1.5399999618530273,205,0.0,0.0
2024-09-18 12:30:00-04:00,1.5399999618530273,1.5399999618530273,1.5399999618530273,1.5399999618530273,142,0.0,0.0
2024-09-18 13:30:00-04:00,1.5399999618530273,1.5399999618530273,1.5399999618530273,1.5399999618530273,207,0.0,0.0
2024-09-18 14:30:00-04:00,1.4900000095367432,1.4900000095367432,1.4900000095367432,1.4900000095367432,639,0.0,0.0
2024-09-18 15:30:00-04:00,1.4900000095367432,1.5099999904632568,1.4199999570846558,1.4199999570846558,1605,0.0,0.0
2024-09-19 10:30:00-04:00,1.4800000190734863,1.4900000095367432,1.4800000190734863,1.4900000095367432,661,0.0,0.0
2024-09-19 11:30:00-04:00,1.4900000095367432,1.4900000095367432,1.4700000286102295,1.4900000095367432,1472,0.0,0.0
2024-09-19 12:30:00-04:00,1.4800000190734863,1.4900000095367432,1.4345999956130981,1.4345999956130981,1344,0.0,0.0
2024-09-19 13:30:00-04:00,1.5,1.5,1.5,1.5,328,0.0,0.0
2024-09-19 14:30:00-04:00,1.4900000095367432,1.4900000095367432,1.4900000095367432,1.4900000095367432,830,0.0,0.0
2024-09-20 09:30:00-04:00,1.3799999952316284,1.5999000072479248,1.3799999952316284,1.5999000072479248,0,0.0,0.0
2024-09-20 10:30:00-04:00,1.6200000047683716,1.6200000047683716,1.6200000047683716,1.6200000047683716,15248,0.0,0.0
2024-09-20 11:30:00-04:00,1.6200000047683716,1.6200000047683716,1.5299999713897705,1.5299999713897705,2098,0.0,0.0
2024-09-20 15:30:00-04:00,1.7000000476837158,1.7000000476837158,1.6201000213623047,1.6201000213623047,4525,0.0,0.0
2024-09-23 11:30:00-04:00,1.7100000381469727,1.7100000381469727,1.7100000381469727,1.7100000381469727,0,0.0,0.0
2024-09-23 12:30:00-04:00,1.5194000005722046,1.684999942779541,1.5149999856948853,1.6399999856948853,0,0.0,0.0
2024-09-23 13:30:00-04:00,1.7200000286102295,1.7200000286102295,1.7200000286102295,1.7200000286102295,5148,0.0,0.0
2024-09-24 09:30:00-04:00,1.7027000188827515,1.7027000188827515,1.6349999904632568,1.6349999904632568,0,0.0,0.0
2024-09-24 10:30:00-04:00,1.559999942779541,1.559999942779541,1.559999942779541,1.559999942779541,1017,0.0,0.0
2024-09-24 11:30:00-04:00,1.5800000429153442,1.6699999570846558,1.5800000429153442,1.6699999570846558,570,0.0,0.0
2024-09-24 13:30:00-04:00,1.690000057220459,1.7000000476837158,1.5800000429153442,1.7000000476837158,10849,0.0,0.0
2024-09-25 09:30:00-04:00,1.600000023841858,1.600000023841858,1.600000023841858,1.600000023841858,415,0.0,0.0
2024-09-25 12:30:00-04:00,1.7200000286102295,1.7200000286102295,1.5901000499725342,1.5901000499725342,1618,0.0,0.0
2024-09-26 09:30:00-04:00,1.559999942779541,1.559999942779541,1.559999942779541,1.559999942779541,1662,0.0,0.0
2024-09-26 10:30:00-04:00,1.5750000476837158,1.5750000476837158,1.4800000190734863,1.4800000190734863,6000,0.0,0.0
2024-09-26 11:30:00-04:00,1.4800000190734863,1.565000057220459,1.4800000190734863,1.565000057220459,6066,0.0,0.0
2024-09-26 13:30:00-04:00,1.5299999713897705,1.5336999893188477,1.5299999713897705,1.5299999713897705,900,0.0,0.0
2024-09-26 14:30:00-04:00,1.4601000547409058,1.5299999713897705,1.4601000547409058,1.5,984,0.0,0.0
2024-09-27 09:30:00-04:00,1.5499999523162842,1.5499999523162842,1.5499999523162842,1.5499999523162842,1582,0.0,0.0
2024-09-27 11:30:00-04:00,1.4904999732971191,1.4904999732971191,1.4904999732971191,1.4904999732971191,510,0.0,0.0
2024-09-27 12:30:00-04:00,1.499899983406067,1.5049999952316284,1.475000023841858,1.4900000095367432,6265,0.0,0.0
2024-09-27 13:30:00-04:00,1.5,1.6399999856948853,1.499899983406067,1.6301000118255615,8687,0.0,0.0
2024-09-27 14:30:00-04:00,1.600000023841858,1.600000023841858,1.5214999914169312,1.5928000211715698,5214,0.0,0.0
2024-09-30 10:30:00-04:00,1.5843000411987305,1.5843000411987305,1.5843000411987305,1.5843000411987305,827,0.0,0.0
2024-09-30 13:30:00-04:00,1.5800000429153442,1.7000000476837158,1.5398999452590942,1.6050000190734863,4946,0.0,0.0
2024-09-30 14:30:00-04:00,1.6461999416351318,1.6461999416351318,1.600000023841858,1.600000023841858,876,0.0,0.0
2024-10-01 09:30:00-04:00,1.5809999704360962,1.6304999589920044,1.5809999704360962,1.6304999589920044,0,0.0,0.0
2024-10-01 10:30:00-04:00,1.6299999952316284,1.6299999952316284,1.6299999952316284,1.6299999952316284,0,0.0,0.0
2024-10-01 12:30:00-04:00,1.6611000299453735,1.6611000299453735,1.6611000299453735,1.6611000299453735,249,0.0,0.0
2024-10-01 13:30:00-04:00,1.6200000047683716,1.6200000047683716,1.6200000047683716,1.6200000047683716,236,0.0,0.0
2024-10-01 14:30:00-04:00,1.6699999570846558,1.6799999475479126,1.6200000047683716,1.6799999475479126,1497,0.0,0.0
2024-10-01 15:30:00-04:00,1.582800030708313,1.590000033378601,1.582800030708313,1.590000033378601,1352,0.0,0.0
2024-10-02 09:30:00-04:00,1.600000023841858,1.600000023841858,1.600000023841858,1.600000023841858,304,0.0,0.0
2024-10-02 10:30:00-04:00,1.5910999774932861,1.5910999774932861,1.5099999904632568,1.590000033378601,4439,0.0,0.0
2024-10-02 12:30:00-04:00,1.5499999523162842,1.5499999523162842,1.5499999523162842,1.5499999523162842,4031,0.0,0.0
2024-10-02 13:30:00-04:00,1.4914000034332275,1.5499999523162842,1.4914000034332275,1.5499999523162842,9601,0.0,0.0
2024-10-02 14:30:00-04:00,1.6299999952316284,1.6299999952316284,1.5099999904632568,1.5499999523162842,3539,0.0,0.0
2024-10-02 15:30:00-04:00,1.618299961090088,1.618299961090088,1.5499999523162842,1.5499999523162842,1961,0.0,0.0
2024-10-03 09:30:00-04:00,1.559999942779541,1.559999942779541,1.559999942779541,1.559999942779541,130,0.0,0.0
2024-10-03 11:30:00-04:00,1.5654000043869019,1.5654000043869019,1.5399999618530273,1.5399999618530273,945,0.0,0.0
2024-10-03 13:30:00-04:00,1.5499999523162842,1.6200000047683716,1.5399999618530273,1.590000033378601,9157,0.0,0.0
2024-10-03 14:30:00-04:00,1.4901000261306763,1.5850000381469727,1.4901000261306763,1.5850000381469727,272,0.0,0.0
2024-10-04 10:30:00-04:00,1.569100022315979,1.7000000476837158,1.569100022315979,1.7000000476837158,2365,0.0,0.0
2024-10-04 12:30:00-04:00,1.6150000095367432,1.6150000095367432,1.6150000095367432,1.6150000095367432,572,0.0,0.0
2024-10-04 13:30:00-04:00,1.5700000524520874,1.679900050163269,1.5507999658584595,1.659999966621399,4271,0.0,0.0
2024-10-04 14:30:00-04:00,1.5500999689102173,1.6801999807357788,1.5500999689102173,1.6705000400543213,8762,0.0,0.0
2024-10-04 15:30:00-04:00,1.649999976158142,1.6799999475479126,1.6399999856948853,1.6401000022888184,2672,0.0,0.0
2024-10-07 09:30:00-04:00,1.6399999856948853,1.6399999856948853,1.6399999856948853,1.6399999856948853,1399,0.0,0.0
2024-10-07 14:30:00-04:00,1.649999976158142,1.649999976158142,1.590000033378601,1.590000033378601,1141,0.0,0.0
2024-10-08 13:30:00-04:00,1.565600037574768,1.7100000381469727,1.565600037574768,1.7100000381469727,12212,0.0,0.0
2024-10-09 11:30:00-04:00,1.7000000476837158,1.7000000476837158,1.7000000476837158,1.7000000476837158,151,0.0,0.0
2024-10-10 12:30:00-04:00,1.690000057220459,1.7100000381469727,1.690000057220459,1.7100000381469727,5339,0.0,0.0
2024-10-10 14:30:00-04:00,1.6309000253677368,1.6383999586105347,1.559999942779541,1.6383999586105347,2206,0.0,0.0
2024-10-11 13:30:00-04:00,1.7100000381469727,1.7100000381469727,1.7100000381469727,1.7100000381469727,219,0.0,0.0
2024-10-11 15:30:00-04:00,1.600000023841858,1.600000023841858,1.600000023841858,1.600000023841858,252,0.0,0.0
2024-10-14 10:30:00-04:00,1.6799999475479126,1.6799999475479126,1.6799999475479126,1.6799999475479126,1632,0.0,0.0
2024-10-14 11:30:00-04:00,1.6799999475479126,1.7010999917984009,1.6749999523162842,1.7010999917984009,5880,0.0,0.0
2024-10-14 12:30:00-04:00,1.6757999658584595,1.6757999658584595,1.6757999658584595,1.6757999658584595,1151,0.0,0.0
2024-10-15 09:30:00-04:00,1.690000057220459,1.7400000095367432,1.600000023841858,1.600100040435791,5435,0.0,0.0
2024-10-16 09:30:00-04:00,1.7000000476837158,1.7000000476837158,1.6449999809265137,1.6532000303268433,10146,0.0,0.0
2024-10-16 10:30:00-04:00,1.6298999786376953,1.7899999618530273,1.6298999786376953,1.7899999618530273,7074,0.0,0.0
2024-10-16 11:30:00-04:00,1.6101000308990479,1.6101000308990479,1.6101000308990479,1.6101000308990479,860,0.0,0.0
2024-10-16 12:30:00-04:00,1.6196000576019287,1.6196000576019287,1.6196000576019287,1.6196000576019287,630,0.0,0.0
2024-10-17 09:30:00-04:00,1.8200000524520874,1.8200000524520874,1.8200000524520874,1.8200000524520874,368,0.0,0.0
2024-10-17 12:30:00-04:00,1.7400000095367432,1.7999999523162842,1.7400000095367432,1.7999000549316406,2263,0.0,0.0
2024-10-17 13:30:00-04:00,1.7999999523162842,1.7999999523162842,1.7999999523162842,1.7999999523162842,484,0.0,0.0
2024-10-18 09:30:00-04:00,1.7599999904632568,1.7649999856948853,1.7599999904632568,1.7649999856948853,259,0.0,0.0
2024-10-18 11:30:00-04:00,1.7467000484466553,1.75,1.7467000484466553,1.75,1950,0.0,0.0
2024-10-18 12:30:00-04:00,1.7041000127792358,1.78410005569458,1.7041000127792358,1.78410005569458,988,0.0,0.0
2024-10-21 09:30:00-04:00,1.600000023841858,1.770799994468689,1.600000023841858,1.770799994468689,3085,0.0,0.0
2024-10-21 13:30:00-04:00,1.6088000535964966,1.7200000286102295,1.6088000535964966,1.7200000286102295,1394,0.0,0.0
2024-10-21 15:30:00-04:00,1.7899999618530273,1.7899999618530273,1.7000000476837158,1.7000000476837158,422,0.0,0.0
2024-10-22 09:30:00-04:00,1.7139999866485596,1.7139999866485596,1.660099983215332,1.660099983215332,2369,0.0,0.0
2024-10-22 10:30:00-04:00,1.6700999736785889,1.75,1.6700999736785889,1.75,275,0.0,0.0
2024-10-22 11:30:00-04:00,1.6799999475479126,1.6799999475479126,1.659999966621399,1.659999966621399,2048,0.0,0.0
2024-10-22 15:30:00-04:00,1.659999966621399,1.6699999570846558,1.6200000047683716,1.6598999500274658,4937,0.0,0.0
2024-10-23 09:30:00-04:00,1.7000000476837158,1.7000000476837158,1.5800000429153442,1.652899980545044,473,0.0,0.0
2024-10-23 10:30:00-04:00,1.6200000047683716,1.6200000047683716,1.6200000047683716,1.6200000047683716,1328,0.0,0.0
2024-10-23 11:30:00-04:00,1.5850000381469727,1.7300000190734863,1.5850000381469727,1.6100000143051147,5733,0.0,0.0
2024-10-24 12:30:00-04:00,1.6950000524520874,1.7799999713897705,1.6950000524520874,1.7009999752044678,1600,0.0,0.0
2024-10-24 13:30:00-04:00,1.7258000373840332,1.7258000373840332,1.679800033569336,1.679800033569336,936,0.0,0.0
2024-10-25 11:30:00-04:00,1.7200000286102295,1.7899999618530273,1.659999966621399,1.7899999618530273,3723,0.0,0.0
2024-10-28 09:30:00-04:00,1.649999976158142,1.649999976158142,1.649999976158142,1.649999976158142,764,0.0,0.0
2024-10-28 10:30:00-04:00,1.61080002784729,1.61080002784729,1.61080002784729,1.61080002784729,2532,0.0,0.0
2024-10-28 13:30:00-04:00,1.7063000202178955,1.7063000202178955,1.6200000047683716,1.6200000047683716,1892,0.0,0.0
2024-10-29 09:30:00-04:00,1.6799999475479126,1.6799999475479126,1.6799999475479126,1.6799999475479126,122,0.0,0.0
2024-10-29 11:30:00-04:00,1.690000057220459,1.690000057220459,1.690000057220459,1.690000057220459,224,0.0,0.0
2024-10-29 12:30:00-04:00,1.6857999563217163,1.6857999563217163,1.6857999563217163,1.6857999563217163,869,0.0,0.0
2024-10-30 09:30:00-04:00,1.711899995803833,1.711899995803833,1.711899995803833,1.711899995803833,973,0.0,0.0
2024-10-30 12:30:00-04:00,1.7967000007629395,1.7967000007629395,1.7967000007629395,1.7967000007629395,911,0.0,0.0
2024-10-30 13:30:00-04:00,1.7000000476837158,1.7999999523162842,1.6398999691009521,1.7899999618530273,1332,0.0,0.0
2024-10-30 14:30:00-04:00,1.7699999809265137,1.7699999809265137,1.7699999809265137,1.7699999809265137,242,0.0,0.0
2024-10-31 09:30:00-04:00,1.6799999475479126,1.761199951171875,1.600000023841858,1.7200000286102295,6702,0.0,0.0
2024-10-31 10:30:00-04:00,1.7799999713897705,1.7999999523162842,1.7799999713897705,1.7999999523162842,2404,0.0,0.0
2024-10-31 12:30:00-04:00,1.6299999952316284,1.6299999952316284,1.6299999952316284,1.6299999952316284,2293,0.0,0.0
2024-10-31 14:30:00-04:00,1.6043000221252441,1.7899999618530273,1.6043000221252441,1.7799999713897705,11407,0.0,0.0
2024-10-31 15:30:00-04:00,1.7000000476837158,1.7000000476837158,1.7000000476837158,1.7000000476837158,101,0.0,0.0
2024-11-01 09:30:00-04:00,1.600000023841858,1.600000023841858,1.5800000429153442,1.5800000429153442,0,0.0,0.0
2024-11-01 12:30:00-04:00,1.7776000499725342,1.7776000499725342,1.7776000499725342,1.7776000499725342,1490,0.0,0.0
