Datetime,Open,High,Low,Close,Volume,Dividends,Stock Splits,Capital Gains
2022-11-03 09:30:00-04:00,23.06999969482422,23.079999923706055,23.06999969482422,23.079999923706055,0,0.0,0.0,0.0
2022-11-03 10:30:00-04:00,23.18899917602539,23.18899917602539,23.16010093688965,23.170000076293945,2320,0.0,0.0,0.0
2022-11-03 11:30:00-04:00,23.15999984741211,23.15999984741211,23.149999618530273,23.149999618530273,650,0.0,0.0,0.0
2022-11-03 12:30:00-04:00,23.1200008392334,23.1200008392334,23.1200008392334,23.1200008392334,254,0.0,0.0,0.0
2022-11-03 14:30:00-04:00,23.25,23.25,23.225000381469727,23.225000381469727,964,0.0,0.0,0.0
2022-11-04 09:30:00-04:00,23.31999969482422,23.360000610351562,23.31999969482422,23.360000610351562,0,0.0,0.0,0.0
2022-11-04 10:30:00-04:00,23.349000930786133,23.354999542236328,23.200000762939453,23.290000915527344,8299,0.0,0.0,0.0
2022-11-04 13:30:00-04:00,23.270000457763672,23.270000457763672,23.270000457763672,23.270000457763672,539,0.0,0.0,0.0
2022-11-04 14:30:00-04:00,23.280000686645508,23.280000686645508,23.270000457763672,23.270000457763672,1005,0.0,0.0,0.0
2022-11-07 09:30:00-05:00,23.489999771118164,23.489999771118164,23.259899139404297,23.259899139404297,0,0.0,0.0,0.0
2022-11-07 10:30:00-05:00,23.224000930786133,23.25,23.224000930786133,23.25,629,0.0,0.0,0.0
2022-11-07 11:30:00-05:00,23.239999771118164,23.239999771118164,23.239999771118164,23.239999771118164,505,0.0,0.0,0.0
2022-11-07 13:30:00-05:00,23.229999542236328,23.270000457763672,23.229999542236328,23.269899368286133,2000,0.0,0.0,0.0
2022-11-07 14:30:00-05:00,23.246599197387695,23.290000915527344,23.246599197387695,23.280000686645508,1172,0.0,0.0,0.0
2022-11-07 15:30:00-05:00,23.290000915527344,23.290000915527344,23.25,23.25,631,0.0,0.0,0.0
2022-11-08 10:30:00-05:00,23.378299713134766,23.378299713134766,23.378299713134766,23.378299713134766,0,0.0,0.0,0.0
2022-11-08 12:30:00-05:00,23.3700008392334,23.3799991607666,23.3700008392334,23.3700008392334,24484,0.0,0.0,0.0
2022-11-08 13:30:00-05:00,23.3700008392334,23.389999389648438,23.364999771118164,23.389999389648438,1903,0.0,0.0,0.0
2022-11-09 09:30:00-05:00,23.299999237060547,23.299999237060547,23.299999237060547,23.299999237060547,0,0.0,0.0,0.0
2022-11-09 10:30:00-05:00,23.378999710083008,23.420000076293945,23.378999710083008,23.399999618530273,7405,0.0,0.0,0.0
2022-11-09 12:30:00-05:00,23.350000381469727,23.350000381469727,23.319900512695312,23.319900512695312,843,0.0,0.0,0.0
2022-11-09 13:30:00-05:00,23.290000915527344,23.309999465942383,23.290000915527344,23.309999465942383,2295,0.0,0.0,0.0
2022-11-09 14:30:00-05:00,23.299999237060547,23.309499740600586,23.2947998046875,23.2947998046875,1522,0.0,0.0,0.0
2022-11-09 15:30:00-05:00,23.328399658203125,23.32979965209961,23.294099807739258,23.311100006103516,834,0.0,0.0,0.0
2022-11-10 09:30:00-05:00,23.8799991607666,23.940000534057617,23.8799991607666,23.940000534057617,0,0.0,0.0,0.0
2022-11-10 10:30:00-05:00,23.979999542236328,23.979999542236328,23.94260025024414,23.979999542236328,818,0.0,0.0,0.0
2022-11-10 11:30:00-05:00,23.969999313354492,23.969999313354492,23.969999313354492,23.969999313354492,371,0.0,0.0,0.0
2022-11-10 12:30:00-05:00,23.947200775146484,23.959999084472656,23.947200775146484,23.959999084472656,266,0.0,0.0,0.0
2022-11-10 13:30:00-05:00,24.010000228881836,24.010000228881836,24.010000228881836,24.010000228881836,170,0.0,0.0,0.0
2022-11-10 14:30:00-05:00,24.0039005279541,24.040000915527344,24.0039005279541,24.040000915527344,1352,0.0,0.0,0.0
2022-11-10 15:30:00-05:00,24.059999465942383,24.059999465942383,24.049400329589844,24.049400329589844,43224,0.0,0.0,0.0
2022-11-11 09:30:00-05:00,24.010000228881836,24.010000228881836,24.010000228881836,24.010000228881836,0,0.0,0.0,0.0
2022-11-11 10:30:00-05:00,24.049999237060547,24.049999237060547,24.049999237060547,24.049999237060547,309,0.0,0.0,0.0
2022-11-11 12:30:00-05:00,24.07990074157715,24.079999923706055,24.07990074157715,24.079999923706055,2104,0.0,0.0,0.0
2022-11-11 13:30:00-05:00,24.110000610351562,24.1200008392334,24.059999465942383,24.059999465942383,991,0.0,0.0,0.0
2022-11-11 14:30:00-05:00,24.1200008392334,24.1200008392334,24.076200485229492,24.076200485229492,1941,0.0,0.0,0.0
2022-11-11 15:30:00-05:00,24.110000610351562,24.280000686645508,24.065000534057617,24.065000534057617,9362,0.0,0.0,0.0
2022-11-14 09:30:00-05:00,23.979999542236328,23.979999542236328,23.979999542236328,23.979999542236328,0,0.0,0.0,0.0
2022-11-14 11:30:00-05:00,24.0,24.0,23.98509979248047,23.98509979248047,208,0.0,0.0,0.0
2022-11-14 12:30:00-05:00,23.985000610351562,24.0,23.985000610351562,24.0,378,0.0,0.0,0.0
2022-11-14 13:30:00-05:00,24.0,24.010000228881836,24.0,24.010000228881836,342,0.0,0.0,0.0
2022-11-14 14:30:00-05:00,24.020000457763672,24.020000457763672,24.00550079345703,24.014999389648438,0,0.0,0.0,0.0
2022-11-14 15:30:00-05:00,24.020000457763672,24.084999084472656,23.97209930419922,23.97209930419922,18322,0.0,0.0,0.0
2022-11-15 09:30:00-05:00,24.239999771118164,24.239999771118164,24.13010025024414,24.209999084472656,0,0.0,0.0,0.0
2022-11-15 10:30:00-05:00,24.18000030517578,24.204999923706055,24.18000030517578,24.18000030517578,6081,0.0,0.0,0.0
2022-11-15 11:30:00-05:00,24.190000534057617,24.190000534057617,24.190000534057617,24.190000534057617,655,0.0,0.0,0.0
2022-11-15 13:30:00-05:00,24.170000076293945,24.170000076293945,24.170000076293945,24.170000076293945,775,0.0,0.0,0.0
2022-11-15 15:30:00-05:00,24.21940040588379,24.21940040588379,24.215499877929688,24.215499877929688,255,0.0,0.0,0.0
2022-11-16 10:30:00-05:00,24.29990005493164,24.309900283813477,24.29990005493164,24.309900283813477,2000,0.0,0.0,0.0
2022-11-16 11:30:00-05:00,24.329999923706055,24.329999923706055,24.31170082092285,24.31170082092285,597,0.0,0.0,0.0
2022-11-16 12:30:00-05:00,24.3700008392334,24.59000015258789,24.34510040283203,24.59000015258789,2400,0.0,0.0,0.0
2022-11-16 14:30:00-05:00,24.389999389648438,24.434999465942383,24.389999389648438,24.434999465942383,820,0.0,0.0,0.0
2022-11-17 09:30:00-05:00,24.239999771118164,24.239999771118164,24.190000534057617,24.190000534057617,0,0.0,0.0,0.0
2022-11-17 10:30:00-05:00,24.200000762939453,24.209999084472656,24.19499969482422,24.20170021057129,1791,0.0,0.0,0.0
2022-11-17 11:30:00-05:00,24.209999084472656,24.239999771118164,24.209999084472656,24.231700897216797,1045,0.0,0.0,0.0
2022-11-17 13:30:00-05:00,24.229999542236328,24.229999542236328,24.224700927734375,24.224700927734375,451,0.0,0.0,0.0
2022-11-17 14:30:00-05:00,24.229999542236328,24.234699249267578,24.229999542236328,24.234699249267578,880,0.0,0.0,0.0
2022-11-18 09:30:00-05:00,24.260000228881836,24.270000457763672,24.260000228881836,24.270000457763672,0,0.0,0.0,0.0
2022-11-18 11:30:00-05:00,24.260000228881836,24.260000228881836,24.260000228881836,24.260000228881836,166,0.0,0.0,0.0
2022-11-18 13:30:00-05:00,24.229900360107422,24.229999542236328,24.209999084472656,24.21500015258789,4014,0.0,0.0,0.0
2022-11-21 09:30:00-05:00,24.25,24.25,24.25,24.25,0,0.0,0.0,0.0
2022-11-21 10:30:00-05:00,24.2549991607666,24.280000686645508,24.2549991607666,24.280000686645508,724,0.0,0.0,0.0
2022-11-21 12:30:00-05:00,24.229999542236328,24.239999771118164,24.229999542236328,24.231399536132812,2079,0.0,0.0,0.0
2022-11-21 13:30:00-05:00,24.21500015258789,24.239999771118164,24.21500015258789,24.239999771118164,3190,0.0,0.0,0.0
2022-11-21 14:30:00-05:00,24.209999084472656,24.2450008392334,24.209999084472656,24.2450008392334,3097,0.0,0.0,0.0
2022-11-21 15:30:00-05:00,24.204999923706055,24.219999313354492,24.204999923706055,24.219999313354492,5964,0.0,0.0,0.0
2022-11-22 09:30:00-05:00,24.31999969482422,24.31999969482422,24.302499771118164,24.302499771118164,0,0.0,0.0,0.0
2022-11-22 10:30:00-05:00,24.309999465942383,24.31999969482422,24.309999465942383,24.31999969482422,488,0.0,0.0,0.0
2022-11-22 11:30:00-05:00,24.32900047302246,24.32900047302246,24.299999237060547,24.300100326538086,1540,0.0,0.0,0.0
2022-11-22 13:30:00-05:00,24.35300064086914,24.3700008392334,24.35300064086914,24.364999771118164,1217,0.0,0.0,0.0
2022-11-22 14:30:00-05:00,24.364999771118164,24.364999771118164,24.364999771118164,24.364999771118164,510,0.0,0.0,0.0
2022-11-22 15:30:00-05:00,24.360000610351562,24.399999618530273,24.360000610351562,24.3799991607666,1533,0.0,0.0,0.0
2022-11-23 09:30:00-05:00,24.475000381469727,24.530000686645508,24.475000381469727,24.479999542236328,0,0.0,0.0,0.0
2022-11-23 10:30:00-05:00,24.4950008392334,24.510000228881836,24.4950008392334,24.510000228881836,3950,0.0,0.0,0.0
2022-11-23 11:30:00-05:00,24.519800186157227,24.519899368286133,24.475000381469727,24.475000381469727,1492,0.0,0.0,0.0
2022-11-23 13:30:00-05:00,24.450000762939453,24.520000457763672,24.450000762939453,24.519800186157227,602,0.0,0.0,0.0
2022-11-28 09:30:00-05:00,24.59000015258789,24.59000015258789,24.59000015258789,24.59000015258789,0,0.0,0.0,0.0
2022-11-28 10:30:00-05:00,24.530000686645508,24.530000686645508,24.530000686645508,24.530000686645508,500,0.0,0.0,0.0
2022-11-28 11:30:00-05:00,24.510000228881836,24.510000228881836,24.4950008392334,24.5,1100,0.0,0.0,0.0
2022-11-28 12:30:00-05:00,24.469999313354492,24.469999313354492,24.450000762939453,24.450000762939453,4139,0.0,0.0,0.0
2022-11-28 14:30:00-05:00,24.440000534057617,24.440000534057617,24.440000534057617,24.440000534057617,302,0.0,0.0,0.0
2022-11-28 15:30:00-05:00,24.42449951171875,24.459999084472656,24.41010093688965,24.42329978942871,1952,0.0,0.0,0.0
2022-11-29 09:30:00-05:00,24.3799991607666,24.389999389648438,24.360000610351562,24.389999389648438,0,0.0,0.0,0.0
2022-11-29 10:30:00-05:00,24.389999389648438,24.389999389648438,24.358999252319336,24.360000610351562,1934,0.0,0.0,0.0
2022-11-29 11:30:00-05:00,24.360000610351562,24.369800567626953,24.34869956970215,24.34869956970215,2034,0.0,0.0,0.0
2022-11-29 12:30:00-05:00,24.360000610351562,24.360000610351562,24.351699829101562,24.351699829101562,2170,0.0,0.0,0.0
2022-11-29 13:30:00-05:00,24.36829948425293,24.368999481201172,24.360000610351562,24.360000610351562,741,0.0,0.0,0.0
2022-11-29 14:30:00-05:00,24.368799209594727,24.368799209594727,24.31450080871582,24.350000381469727,4571,0.0,0.0,0.0
2022-11-29 15:30:00-05:00,24.349700927734375,24.34980010986328,24.325000762939453,24.34910011291504,2758,0.0,0.0,0.0
2022-11-30 09:30:00-05:00,24.309999465942383,24.34000015258789,24.280000686645508,24.280000686645508,0,0.0,0.0,0.0
2022-11-30 10:30:00-05:00,24.299999237060547,24.319000244140625,24.299999237060547,24.30500030517578,1103,0.0,0.0,0.0
2022-11-30 11:30:00-05:00,24.31999969482422,24.31999969482422,24.290000915527344,24.31999969482422,1057,0.0,0.0,0.0
2022-11-30 12:30:00-05:00,24.309999465942383,24.34000015258789,24.30500030517578,24.329999923706055,2000,0.0,0.0,0.0
2022-11-30 13:30:00-05:00,24.329999923706055,24.540000915527344,24.329999923706055,24.540000915527344,2736,0.0,0.0,0.0
2022-11-30 14:30:00-05:00,24.514999389648438,24.59000015258789,24.514999389648438,24.579999923706055,2950,0.0,0.0,0.0
2022-11-30 15:30:00-05:00,24.579999923706055,24.6299991607666,24.530099868774414,24.625499725341797,6731,0.0,0.0,0.0
2022-12-01 09:30:00-05:00,24.68000030517578,24.68000030517578,24.68000030517578,24.68000030517578,0,0.0,0.0,0.0
2022-12-01 10:30:00-05:00,24.610000610351562,24.610000610351562,24.610000610351562,24.610000610351562,200,0.0,0.0,0.0
2022-12-01 11:30:00-05:00,24.689899444580078,24.700000762939453,24.689899444580078,24.700000762939453,1041,0.0,0.0,0.0
2022-12-01 12:30:00-05:00,24.73900032043457,24.739999771118164,24.73900032043457,24.739999771118164,401,0.0,0.0,0.0
2022-12-01 13:30:00-05:00,24.709999084472656,24.739999771118164,24.709999084472656,24.739999771118164,3441,0.0,0.0,0.0
2022-12-01 15:30:00-05:00,24.739999771118164,24.777999877929688,24.739999771118164,24.777999877929688,244,0.0,0.0,0.0
2022-12-02 09:30:00-05:00,24.65999984741211,24.66950035095215,24.600000381469727,24.639999389648438,0,0.0,0.0,0.0
2022-12-02 10:30:00-05:00,24.600000381469727,24.649999618530273,24.600000381469727,24.649999618530273,1557,0.0,0.0,0.0
2022-12-02 11:30:00-05:00,24.704999923706055,24.704999923706055,24.704999923706055,24.704999923706055,157,0.0,0.0,0.0
2022-12-02 13:30:00-05:00,24.769100189208984,24.769100189208984,24.769100189208984,24.769100189208984,154,0.0,0.0,0.0
2022-12-02 14:30:00-05:00,24.860000610351562,24.879499435424805,24.829999923706055,24.879499435424805,1078,0.0,0.0,0.0
2022-12-05 09:30:00-05:00,24.698999404907227,24.700000762939453,24.68000030517578,24.68000030517578,0,0.0,0.0,0.0
2022-12-05 10:30:00-05:00,24.697500228881836,24.719999313354492,24.697500228881836,24.719999313354492,1127,0.0,0.0,0.0
2022-12-05 11:30:00-05:00,24.704999923706055,24.719999313354492,24.704999923706055,24.719999313354492,300,0.0,0.0,0.0
2022-12-05 12:30:00-05:00,24.700000762939453,24.709999084472656,24.700000762939453,24.709999084472656,300,0.0,0.0,0.0
2022-12-05 13:30:00-05:00,24.700000762939453,24.700000762939453,24.65999984741211,24.65999984741211,1409,0.0,0.0,0.0
2022-12-05 14:30:00-05:00,24.65999984741211,24.670000076293945,24.65999984741211,24.670000076293945,1235,0.0,0.0,0.0
2022-12-05 15:30:00-05:00,24.670000076293945,24.690000534057617,24.670000076293945,24.68000030517578,19126,0.0,0.0,0.0
2022-12-06 09:30:00-05:00,24.7189998626709,24.719999313354492,24.704999923706055,24.716999053955078,0,0.0,0.0,0.0
2022-12-06 11:30:00-05:00,24.721399307250977,24.721399307250977,24.721399307250977,24.721399307250977,150,0.0,0.0,0.0
2022-12-06 12:30:00-05:00,24.729999542236328,24.729999542236328,24.709999084472656,24.709999084472656,726,0.0,0.0,0.0
2022-12-06 13:30:00-05:00,24.719999313354492,24.719999313354492,24.719999313354492,24.719999313354492,503,0.0,0.0,0.0
2022-12-06 14:30:00-05:00,24.729999542236328,24.809200286865234,24.729999542236328,24.809200286865234,1059,0.0,0.0,0.0
2022-12-06 15:30:00-05:00,24.770000457763672,24.770000457763672,24.764999389648438,24.764999389648438,0,0.0,0.0,0.0
2022-12-07 09:30:00-05:00,24.889999389648438,24.950000762939453,24.8799991607666,24.895000457763672,4799,0.0,0.0,0.0
2022-12-07 10:30:00-05:00,24.909900665283203,24.920000076293945,24.860000610351562,24.874099731445312,8472,0.0,0.0,0.0
2022-12-07 11:30:00-05:00,24.885000228881836,24.899999618530273,24.8700008392334,24.8700008392334,2093,0.0,0.0,0.0
2022-12-07 13:30:00-05:00,24.934999465942383,24.934999465942383,24.920000076293945,24.920000076293945,289,0.0,0.0,0.0
2022-12-07 14:30:00-05:00,24.959999084472656,25.239999771118164,24.940000534057617,24.950000762939453,25909,0.0,0.0,0.0
2022-12-07 15:30:00-05:00,24.950000762939453,24.989999771118164,24.950000762939453,24.961999893188477,7887,0.0,0.0,0.0
2022-12-08 09:30:00-05:00,25.0,25.0,24.8799991607666,24.939899444580078,0,0.0,0.0,0.0
2022-12-08 10:30:00-05:00,24.950000762939453,24.950000762939453,24.935400009155273,24.935400009155273,800,0.0,0.0,0.0
2022-12-08 11:30:00-05:00,24.950000762939453,24.950000762939453,24.934999465942383,24.934999465942383,780,0.0,0.0,0.0
2022-12-08 12:30:00-05:00,24.959999084472656,24.959999084472656,24.934999465942383,24.934999465942383,1784,0.0,0.0,0.0
2022-12-08 13:30:00-05:00,24.950000762939453,24.950000762939453,24.90999984741211,24.91990089416504,2188,0.0,0.0,0.0
2022-12-08 14:30:00-05:00,24.920000076293945,24.920000076293945,24.920000076293945,24.920000076293945,521,0.0,0.0,0.0
2022-12-08 15:30:00-05:00,24.920000076293945,24.940000534057617,24.920000076293945,24.937999725341797,666,0.0,0.0,0.0
2022-12-09 09:30:00-05:00,24.809999465942383,25.08690071105957,24.809999465942383,25.08690071105957,19022,0.0,0.0,0.0
2022-12-09 10:30:00-05:00,24.81999969482422,24.84000015258789,24.81999969482422,24.84000015258789,1958,0.0,0.0,0.0
2022-12-09 11:30:00-05:00,24.85930061340332,24.85930061340332,24.85930061340332,24.85930061340332,893,0.0,0.0,0.0
2022-12-09 12:30:00-05:00,24.824100494384766,24.858999252319336,24.824100494384766,24.844999313354492,1005,0.0,0.0,0.0
2022-12-09 13:30:00-05:00,24.814599990844727,24.84000015258789,24.814599990844727,24.821699142456055,2408,0.0,0.0,0.0
2022-12-09 14:30:00-05:00,24.815000534057617,24.815000534057617,24.815000534057617,24.815000534057617,100,0.0,0.0,0.0
2022-12-09 15:30:00-05:00,24.84000015258789,24.84000015258789,24.790000915527344,24.790000915527344,1082,0.0,0.0,0.0
2022-12-12 10:30:00-05:00,24.84000015258789,24.84000015258789,24.809999465942383,24.809999465942383,1684,0.0,0.0,0.0
2022-12-12 11:30:00-05:00,24.80500030517578,24.812000274658203,24.80500030517578,24.809999465942383,1036,0.0,0.0,0.0
2022-12-12 12:30:00-05:00,24.80699920654297,24.80699920654297,24.799999237060547,24.799999237060547,5104,0.0,0.0,0.0
2022-12-12 13:30:00-05:00,24.759899139404297,24.759899139404297,24.722000122070312,24.722000122070312,1806,0.0,0.0,0.0
2022-12-12 14:30:00-05:00,24.770000457763672,24.770000457763672,24.7549991607666,24.770000457763672,1246,0.0,0.0,0.0
2022-12-12 15:30:00-05:00,24.770000457763672,24.780000686645508,24.735000610351562,24.735000610351562,2729,0.0,0.0,0.0
2022-12-13 09:30:00-05:00,25.110000610351562,25.1200008392334,25.110000610351562,25.1200008392334,0,0.0,0.0,0.0
2022-12-13 10:30:00-05:00,25.06999969482422,25.06999969482422,25.059999465942383,25.059999465942383,3200,0.0,0.0,0.0
2022-12-13 11:30:00-05:00,25.020000457763672,25.040000915527344,25.0,25.0,5700,0.0,0.0,0.0
2022-12-13 12:30:00-05:00,24.993999481201172,25.0,24.993999481201172,25.0,583,0.0,0.0,0.0
2022-12-13 13:30:00-05:00,24.979999542236328,24.998300552368164,24.979999542236328,24.998300552368164,3214,0.0,0.0,0.0
2022-12-13 14:30:00-05:00,24.985000610351562,24.985000610351562,24.969999313354492,24.969999313354492,259,0.0,0.0,0.0
2022-12-13 15:30:00-05:00,24.985000610351562,24.985000610351562,24.950000762939453,24.950000762939453,300,0.0,0.0,0.0
2022-12-14 09:30:00-05:00,24.989999771118164,25.260000228881836,24.989999771118164,25.020000457763672,263,0.0,0.0,0.0
2022-12-14 10:30:00-05:00,25.030000686645508,25.040000915527344,25.020000457763672,25.020000457763672,4342,0.0,0.0,0.0
2022-12-14 11:30:00-05:00,25.030000686645508,25.030000686645508,25.0,25.0,3153,0.0,0.0,0.0
2022-12-14 12:30:00-05:00,24.985000610351562,25.0,24.97410011291504,25.0,1814,0.0,0.0,0.0
2022-12-14 13:30:00-05:00,25.0,25.06999969482422,24.850000381469727,24.850000381469727,5149,0.0,0.0,0.0
2022-12-14 14:30:00-05:00,24.90999984741211,25.005399703979492,24.90999984741211,24.98259925842285,2783,0.0,0.0,0.0
2022-12-14 15:30:00-05:00,25.030000686645508,25.079999923706055,25.010000228881836,25.05500030517578,2251,0.0,0.0,0.0
2022-12-15 09:30:00-05:00,24.920000076293945,24.93000030517578,24.889999389648438,24.889999389648438,0,0.0,0.0,0.0
2022-12-15 10:30:00-05:00,24.889999389648438,24.950000762939453,24.889999389648438,24.950000762939453,4210,0.0,0.0,0.0
2022-12-15 11:30:00-05:00,24.940000534057617,24.940000534057617,24.920000076293945,24.93000030517578,2303,0.0,0.0,0.0
2022-12-15 12:30:00-05:00,24.93000030517578,24.96500015258789,24.93000030517578,24.96500015258789,3377,0.0,0.0,0.0
2022-12-15 13:30:00-05:00,24.96500015258789,24.96500015258789,24.959999084472656,24.959999084472656,348,0.0,0.0,0.0
2022-12-15 14:30:00-05:00,24.94499969482422,24.950000762939453,24.93000030517578,24.950000762939453,57778,0.0,0.0,0.0
2022-12-15 15:30:00-05:00,24.93000030517578,24.959999084472656,24.93000030517578,24.954999923706055,6347,0.0,0.0,0.0
2022-12-16 09:30:00-05:00,24.950000762939453,24.950000762939453,24.75,24.829999923706055,0,0.0,0.0,0.0
2022-12-16 10:30:00-05:00,24.84000015258789,24.860000610351562,24.834999084472656,24.850000381469727,3522,0.0,0.0,0.0
2022-12-16 11:30:00-05:00,24.850000381469727,24.8700008392334,24.850000381469727,24.8700008392334,1200,0.0,0.0,0.0
2022-12-16 12:30:00-05:00,24.8700008392334,24.889999389648438,24.8700008392334,24.889999389648438,1260,0.0,0.0,0.0
2022-12-16 13:30:00-05:00,24.889999389648438,24.889999389648438,24.889999389648438,24.889999389648438,1505,0.0,0.0,0.0
2022-12-16 14:30:00-05:00,24.850000381469727,24.889999389648438,24.850000381469727,24.8799991607666,3302,0.0,0.0,0.0
2022-12-16 15:30:00-05:00,24.889999389648438,24.889999389648438,24.8700008392334,24.8700008392334,2557,0.0,0.0,0.0
2022-12-19 09:30:00-05:00,24.739999771118164,24.739999771118164,24.68000030517578,24.68000030517578,0,0.0,0.0,0.0
2022-12-19 10:30:00-05:00,24.700000762939453,24.700000762939453,24.670000076293945,24.670000076293945,5890,0.0,0.0,0.0
2022-12-19 11:30:00-05:00,24.649999618530273,24.649999618530273,24.6299991607666,24.6299991607666,1400,0.0,0.0,0.0
2022-12-19 14:30:00-05:00,24.65850067138672,24.65850067138672,24.649999618530273,24.65850067138672,1809,0.0,0.0,0.0
2022-12-20 09:30:00-05:00,24.399999618530273,24.450000762939453,24.397300720214844,24.397300720214844,0,0.0,0.0,0.0
2022-12-20 10:30:00-05:00,24.43000030517578,24.469999313354492,24.40999984741211,24.459999084472656,6418,0.0,0.0,0.0
2022-12-20 11:30:00-05:00,24.434999465942383,24.450000762939453,24.434999465942383,24.443199157714844,900,0.0,0.0,0.0
2022-12-20 12:30:00-05:00,24.43000030517578,24.440000534057617,24.416500091552734,24.43000030517578,4445,0.0,0.0,0.0
2022-12-20 13:30:00-05:00,24.415000915527344,24.415000915527344,24.415000915527344,24.415000915527344,270,0.0,0.0,0.0
2022-12-20 14:30:00-05:00,24.45330047607422,24.45330047607422,24.45330047607422,24.45330047607422,100,0.0,0.0,0.0
2022-12-20 15:30:00-05:00,24.440000534057617,24.440000534057617,24.434999465942383,24.440000534057617,1195,0.0,0.0,0.0
2022-12-21 09:30:00-05:00,24.559999465942383,24.559999465942383,24.559999465942383,24.559999465942383,0,0.0,0.0,0.0
2022-12-21 11:30:00-05:00,24.475000381469727,24.489999771118164,24.475000381469727,24.475000381469727,3018,0.0,0.0,0.0
2022-12-21 13:30:00-05:00,24.510000228881836,24.510000228881836,24.510000228881836,24.510000228881836,250,0.0,0.0,0.0
2022-12-21 14:30:00-05:00,24.493499755859375,24.509000778198242,24.493499755859375,24.5049991607666,2649,0.0,0.0,0.0
2022-12-22 09:30:00-05:00,24.510000228881836,24.559999465942383,24.5,24.549999237060547,244758,0.0,0.0,0.0
2022-12-22 10:30:00-05:00,24.57990074157715,24.57990074157715,24.520099639892578,24.55500030517578,6478,0.0,0.0,0.0
2022-12-22 11:30:00-05:00,24.56999969482422,24.579999923706055,24.526500701904297,24.526500701904297,7606,0.0,0.0,0.0
2022-12-22 12:30:00-05:00,24.524099349975586,24.524099349975586,24.524099349975586,24.524099349975586,500,0.0,0.0,0.0
2022-12-22 13:30:00-05:00,24.53499984741211,24.579999923706055,24.53499984741211,24.540000915527344,9934,0.0,0.0,0.0
2022-12-22 14:30:00-05:00,24.53499984741211,24.56999969482422,24.510000228881836,24.549999237060547,8508,0.0,0.0,0.0
2022-12-22 15:30:00-05:00,24.549999237060547,24.559200286865234,24.53499984741211,24.53499984741211,926,0.0,0.0,0.0
2022-12-23 10:30:00-05:00,24.450000762939453,24.489999771118164,24.450000762939453,24.489999771118164,100,0.0,0.0,0.0
2022-12-23 11:30:00-05:00,24.5,24.520000457763672,24.469999313354492,24.469999313354492,5572,0.0,0.0,0.0
2022-12-23 12:30:00-05:00,24.470399856567383,24.470399856567383,24.470399856567383,24.470399856567383,4881,0.0,0.0,0.0
2022-12-23 13:30:00-05:00,24.489999771118164,24.489999771118164,24.489999771118164,24.489999771118164,1106,0.0,0.0,0.0
2022-12-23 14:30:00-05:00,24.489999771118164,24.510000228881836,24.489999771118164,24.510000228881836,560,0.0,0.0,0.0
2022-12-23 15:30:00-05:00,24.510000228881836,24.510000228881836,24.489999771118164,24.489999771118164,410,0.0,0.0,0.0
2022-12-27 09:30:00-05:00,24.3700008392334,24.3700008392334,24.3700008392334,24.3700008392334,0,0.0,0.0,0.0
2022-12-27 10:30:00-05:00,24.33989906311035,24.40999984741211,24.329999923706055,24.3799991607666,41226,0.0,0.0,0.0
2022-12-27 11:30:00-05:00,24.3799991607666,24.440000534057617,24.326000213623047,24.360000610351562,87505,0.0,0.0,0.0
2022-12-27 12:30:00-05:00,24.360000610351562,24.520000457763672,24.299999237060547,24.309999465942383,125540,0.0,0.0,0.0
2022-12-27 13:30:00-05:00,24.299999237060547,24.350000381469727,24.270000457763672,24.295000076293945,25482,0.0,0.0,0.0
2022-12-27 14:30:00-05:00,24.270000457763672,24.270000457763672,24.209999084472656,24.239999771118164,109290,0.0,0.0,0.0
2022-12-27 15:30:00-05:00,24.240100860595703,24.240100860595703,24.170000076293945,24.18000030517578,0,0.0,0.0,0.0
2022-12-28 09:30:00-05:00,24.229999542236328,24.299999237060547,24.229999542236328,24.298799514770508,3199,0.0,0.0,0.0
2022-12-28 10:30:00-05:00,24.190000534057617,24.219999313354492,24.190000534057617,24.219999313354492,2920,0.0,0.0,0.0
2022-12-28 11:30:00-05:00,24.190000534057617,24.190000534057617,24.190000534057617,24.190000534057617,2014,0.0,0.0,0.0
2022-12-28 12:30:00-05:00,24.19499969482422,24.209999084472656,24.19499969482422,24.200000762939453,904,0.0,0.0,0.0
2022-12-28 13:30:00-05:00,24.18000030517578,24.18000030517578,24.18000030517578,24.18000030517578,1100,0.0,0.0,0.0
2022-12-28 14:30:00-05:00,24.19099998474121,24.19099998474121,24.170000076293945,24.190000534057617,2425,0.0,0.0,0.0
2022-12-28 15:30:00-05:00,24.190000534057617,24.190000534057617,24.190000534057617,24.190000534057617,100,0.0,0.0,0.0
2022-12-29 10:30:00-05:00,24.218000411987305,24.25,24.218000411987305,24.25,0,0.0,0.0,0.0
2022-12-29 12:30:00-05:00,24.240100860595703,24.240100860595703,24.240100860595703,24.240100860595703,137,0.0,0.0,0.0
2022-12-29 13:30:00-05:00,24.280000686645508,24.299999237060547,24.280000686645508,24.299999237060547,733,0.0,0.0,0.0
2022-12-29 14:30:00-05:00,24.290000915527344,24.290000915527344,24.270000457763672,24.280000686645508,410,0.0,0.0,0.0
2022-12-30 09:30:00-05:00,24.25,24.25,24.2185001373291,24.2185001373291,0,0.0,0.0,0.0
2022-12-30 10:30:00-05:00,24.150400161743164,24.209999084472656,24.150400161743164,24.18000030517578,1383,0.0,0.0,0.0
2022-12-30 11:30:00-05:00,24.18000030517578,24.184999465942383,24.149999618530273,24.149999618530273,4123,0.0,0.0,0.0
2022-12-30 12:30:00-05:00,24.21500015258789,24.21500015258789,24.21500015258789,24.21500015258789,100,0.0,0.0,0.0
2022-12-30 13:30:00-05:00,24.18000030517578,24.18000030517578,24.142099380493164,24.142099380493164,1463,0.0,0.0,0.0
2022-12-30 14:30:00-05:00,24.184999465942383,24.190000534057617,24.170000076293945,24.170000076293945,4112,0.0,0.0,0.0
2022-12-30 15:30:00-05:00,24.18000030517578,24.200000762939453,24.174999237060547,24.200000762939453,10402,0.0,0.0,0.0
2023-01-03 09:30:00-05:00,24.5,24.700000762939453,24.3700008392334,24.3700008392334,0,0.0,0.0,0.0
2023-01-03 10:30:00-05:00,24.334999084472656,24.334999084472656,24.290000915527344,24.290000915527344,1256,0.0,0.0,0.0
2023-01-03 11:30:00-05:00,24.295000076293945,24.31800079345703,24.295000076293945,24.309999465942383,672,0.0,0.0,0.0
2023-01-03 13:30:00-05:00,24.34000015258789,24.34000015258789,24.334999084472656,24.34000015258789,3661,0.0,0.0,0.0
2023-01-03 14:30:00-05:00,24.309999465942383,24.309999465942383,24.309999465942383,24.309999465942383,1364,0.0,0.0,0.0
2023-01-04 09:30:00-05:00,24.530000686645508,24.530000686645508,24.46500015258789,24.48889923095703,0,0.0,0.0,0.0
2023-01-04 10:30:00-05:00,24.469999313354492,24.520000457763672,24.459999084472656,24.49810028076172,65786,0.0,0.0,0.0
2023-01-04 11:30:00-05:00,24.47209930419922,24.540000915527344,24.47209930419922,24.510000228881836,72767,0.0,0.0,0.0
2023-01-04 12:30:00-05:00,24.5,24.528099060058594,24.469999313354492,24.469999313354492,7912,0.0,0.0,0.0
2023-01-04 13:30:00-05:00,24.489999771118164,24.489999771118164,24.489999771118164,24.489999771118164,610,0.0,0.0,0.0
2023-01-04 15:30:00-05:00,24.4950008392334,24.510000228881836,24.4950008392334,24.5049991607666,2583,0.0,0.0,0.0
2023-01-05 09:30:00-05:00,24.40999984741211,24.40999984741211,24.360000610351562,24.389999389648438,0,0.0,0.0,0.0
2023-01-05 10:30:00-05:00,24.389999389648438,24.392200469970703,24.389999389648438,24.392200469970703,569,0.0,0.0,0.0
2023-01-05 11:30:00-05:00,24.434999465942383,24.434999465942383,24.434999465942383,24.434999465942383,340,0.0,0.0,0.0
2023-01-05 12:30:00-05:00,24.459999084472656,24.459999084472656,24.43000030517578,24.450000762939453,3053,0.0,0.0,0.0
2023-01-05 13:30:00-05:00,24.479999542236328,24.489999771118164,24.479999542236328,24.489999771118164,961,0.0,0.0,0.0
2023-01-05 14:30:00-05:00,24.46500015258789,24.475000381469727,24.46500015258789,24.475000381469727,759,0.0,0.0,0.0
2023-01-06 09:30:00-05:00,24.540000915527344,24.670000076293945,24.519899368286133,24.670000076293945,0,0.0,0.0,0.0
2023-01-06 10:30:00-05:00,24.719999313354492,24.7549991607666,24.719999313354492,24.7549991607666,1452,0.0,0.0,0.0
2023-01-06 11:30:00-05:00,24.739999771118164,24.7549991607666,24.739999771118164,24.7549991607666,3457,0.0,0.0,0.0
2023-01-06 12:30:00-05:00,24.75,24.75,24.75,24.75,294,0.0,0.0,0.0
2023-01-06 13:30:00-05:00,24.782899856567383,25.030000686645508,24.760000228881836,24.895000457763672,12677,0.0,0.0,0.0
2023-01-06 14:30:00-05:00,24.84000015258789,24.950000762939453,24.81999969482422,24.93000030517578,2295,0.0,0.0,0.0
2023-01-06 15:30:00-05:00,24.889999389648438,24.889999389648438,24.854999542236328,24.854999542236328,800,0.0,0.0,0.0
2023-01-09 09:30:00-05:00,24.799999237060547,24.860000610351562,24.799999237060547,24.860000610351562,0,0.0,0.0,0.0
2023-01-09 10:30:00-05:00,24.84000015258789,24.959999084472656,24.84000015258789,24.920000076293945,1836,0.0,0.0,0.0
2023-01-09 11:30:00-05:00,24.969999313354492,24.969999313354492,24.969999313354492,24.969999313354492,571,0.0,0.0,0.0
2023-01-09 13:30:00-05:00,24.950000762939453,24.969999313354492,24.950000762939453,24.9512996673584,3740,0.0,0.0,0.0
2023-01-09 14:30:00-05:00,24.959999084472656,24.969999313354492,24.959999084472656,24.969999313354492,915,0.0,0.0,0.0
2023-01-09 15:30:00-05:00,24.940000534057617,24.940000534057617,24.921600341796875,24.921600341796875,205,0.0,0.0,0.0
2023-01-10 09:30:00-05:00,24.84000015258789,24.850000381469727,24.799999237060547,24.799999237060547,0,0.0,0.0,0.0
2023-01-10 10:30:00-05:00,24.84000015258789,24.850000381469727,24.75,24.850000381469727,2243,0.0,0.0,0.0
2023-01-10 11:30:00-05:00,24.850000381469727,24.850000381469727,24.75,24.799100875854492,1778,0.0,0.0,0.0
2023-01-10 12:30:00-05:00,24.829999923706055,24.83989906311035,24.81719970703125,24.829999923706055,1661,0.0,0.0,0.0
2023-01-10 13:30:00-05:00,24.780000686645508,24.84000015258789,24.780000686645508,24.829999923706055,4697,0.0,0.0,0.0
2023-01-10 14:30:00-05:00,24.829999923706055,24.834999084472656,24.829999923706055,24.834999084472656,940,0.0,0.0,0.0
2023-01-11 09:30:00-05:00,25.6299991607666,25.6299991607666,24.920000076293945,25.020000457763672,0,0.0,0.0,0.0
2023-01-11 10:30:00-05:00,25.014999389648438,25.014999389648438,25.0049991607666,25.010000228881836,400,0.0,0.0,0.0
2023-01-11 11:30:00-05:00,25.0049991607666,25.049999237060547,25.0,25.014999389648438,3474,0.0,0.0,0.0
2023-01-11 12:30:00-05:00,25.014999389648438,25.014999389648438,25.010000228881836,25.014999389648438,854,0.0,0.0,0.0
2023-01-11 13:30:00-05:00,25.010000228881836,25.020000457763672,25.010000228881836,25.020000457763672,1449,0.0,0.0,0.0
2023-01-11 14:30:00-05:00,25.020000457763672,25.028499603271484,25.010000228881836,25.020000457763672,8626,0.0,0.0,0.0
2023-01-11 15:30:00-05:00,25.02899932861328,25.02899932861328,25.020000457763672,25.024999618530273,1005,0.0,0.0,0.0
2023-01-12 09:30:00-05:00,25.110000610351562,25.110000610351562,25.020000457763672,25.049999237060547,0,0.0,0.0,0.0
2023-01-12 10:30:00-05:00,25.040000915527344,25.110000610351562,25.02039909362793,25.09000015258789,3554,0.0,0.0,0.0
2023-01-12 11:30:00-05:00,25.070100784301758,25.070100784301758,25.070100784301758,25.070100784301758,238,0.0,0.0,0.0
2023-01-12 12:30:00-05:00,25.194000244140625,25.194000244140625,25.194000244140625,25.194000244140625,422,0.0,0.0,0.0
2023-01-12 13:30:00-05:00,25.219999313354492,25.260000228881836,25.200000762939453,25.25,1784,0.0,0.0,0.0
2023-01-12 14:30:00-05:00,25.200000762939453,25.225000381469727,25.200000762939453,25.225000381469727,2541,0.0,0.0,0.0
2023-01-12 15:30:00-05:00,25.25,25.280000686645508,25.25,25.27989959716797,1035,0.0,0.0,0.0
2023-01-13 09:30:00-05:00,25.229900360107422,25.229900360107422,25.219999313354492,25.224000930786133,0,0.0,0.0,0.0
2023-01-13 10:30:00-05:00,25.229999542236328,25.2549991607666,25.229999542236328,25.235000610351562,4278,0.0,0.0,0.0
2023-01-13 11:30:00-05:00,25.239999771118164,25.239999771118164,25.239999771118164,25.239999771118164,239,0.0,0.0,0.0
2023-01-13 12:30:00-05:00,25.24810028076172,25.24810028076172,25.209999084472656,25.209999084472656,6762,0.0,0.0,0.0
2023-01-13 13:30:00-05:00,25.1299991607666,25.170000076293945,25.1299991607666,25.170000076293945,427,0.0,0.0,0.0
2023-01-13 14:30:00-05:00,25.170000076293945,25.170000076293945,25.139999389648438,25.14889907836914,859,0.0,0.0,0.0
2023-01-17 09:30:00-05:00,25.110000610351562,25.1299991607666,25.079999923706055,25.1299991607666,0,0.0,0.0,0.0
2023-01-17 10:30:00-05:00,25.135000228881836,25.159900665283203,25.135000228881836,25.149999618530273,1344,0.0,0.0,0.0
2023-01-17 11:30:00-05:00,25.096099853515625,25.159500122070312,25.096099853515625,25.1200008392334,7514,0.0,0.0,0.0
2023-01-17 12:30:00-05:00,25.066099166870117,25.099000930786133,25.066099166870117,25.07699966430664,1026,0.0,0.0,0.0
2023-01-17 13:30:00-05:00,25.100000381469727,25.1200008392334,25.09000015258789,25.09000015258789,1856,0.0,0.0,0.0
2023-01-17 14:30:00-05:00,25.1200008392334,25.1200008392334,25.100000381469727,25.110000610351562,1376,0.0,0.0,0.0
2023-01-17 15:30:00-05:00,25.079999923706055,25.09429931640625,25.079999923706055,25.09429931640625,100,0.0,0.0,0.0
2023-01-18 09:30:00-05:00,25.40999984741211,25.469900131225586,25.40999984741211,25.428600311279297,0,0.0,0.0,0.0
2023-01-18 10:30:00-05:00,25.40999984741211,25.40999984741211,25.40999984741211,25.40999984741211,272,0.0,0.0,0.0
2023-01-18 11:30:00-05:00,25.331199645996094,25.334999084472656,25.299999237060547,25.299999237060547,962,0.0,0.0,0.0
2023-01-18 12:30:00-05:00,25.31999969482422,25.344999313354492,25.31999969482422,25.329999923706055,28078,0.0,0.0,0.0
2023-01-18 13:30:00-05:00,25.360000610351562,25.399999618530273,25.360000610351562,25.399999618530273,2023,0.0,0.0,0.0
2023-01-18 14:30:00-05:00,25.399999618530273,25.399999618530273,25.382099151611328,25.382099151611328,1362,0.0,0.0,0.0
2023-01-18 15:30:00-05:00,25.420000076293945,25.420000076293945,25.375,25.375,1003,0.0,0.0,0.0
2023-01-19 09:30:00-05:00,25.299999237060547,25.358200073242188,25.299999237060547,25.350000381469727,0,0.0,0.0,0.0
2023-01-19 10:30:00-05:00,25.34000015258789,25.34000015258789,25.329999923706055,25.329999923706055,2846,0.0,0.0,0.0
2023-01-19 12:30:00-05:00,25.28030014038086,25.28030014038086,25.28030014038086,25.28030014038086,199,0.0,0.0,0.0
2023-01-19 13:30:00-05:00,25.329999923706055,25.329999923706055,25.32900047302246,25.329999923706055,855,0.0,0.0,0.0
2023-01-19 14:30:00-05:00,25.334999084472656,25.334999084472656,25.309999465942383,25.309999465942383,1562,0.0,0.0,0.0
2023-01-19 15:30:00-05:00,25.329999923706055,25.329999923706055,25.319799423217773,25.324100494384766,1158,0.0,0.0,0.0
2023-01-20 09:30:00-05:00,25.239999771118164,25.239999771118164,25.239999771118164,25.239999771118164,0,0.0,0.0,0.0
2023-01-20 10:30:00-05:00,25.2273006439209,25.2273006439209,25.15999984741211,25.15999984741211,2464,0.0,0.0,0.0
2023-01-20 12:30:00-05:00,25.150100708007812,25.170000076293945,25.139999389648438,25.170000076293945,2904,0.0,0.0,0.0
2023-01-20 13:30:00-05:00,25.170000076293945,25.173999786376953,25.166000366210938,25.170000076293945,931,0.0,0.0,0.0
2023-01-20 14:30:00-05:00,25.15999984741211,25.200000762939453,25.15999984741211,25.200000762939453,2611,0.0,0.0,0.0
2023-01-20 15:30:00-05:00,25.174999237060547,25.200000762939453,25.149999618530273,25.149999618530273,816,0.0,0.0,0.0
2023-01-23 09:30:00-05:00,25.1200008392334,25.15999984741211,25.1200008392334,25.135000228881836,0,0.0,0.0,0.0
2023-01-23 10:30:00-05:00,25.149900436401367,25.15999984741211,25.14940071105957,25.149999618530273,13328,0.0,0.0,0.0
2023-01-23 12:30:00-05:00,25.13800048828125,25.13800048828125,25.135000228881836,25.135000228881836,474,0.0,0.0,0.0
2023-01-23 14:30:00-05:00,25.149999618530273,25.170000076293945,25.14620018005371,25.14620018005371,2549,0.0,0.0,0.0
2023-01-23 15:30:00-05:00,25.170000076293945,25.209999084472656,25.170000076293945,25.174100875854492,4230,0.0,0.0,0.0
2023-01-24 09:30:00-05:00,25.139999389648438,25.139999389648438,25.139999389648438,25.139999389648438,0,0.0,0.0,0.0
2023-01-24 10:30:00-05:00,25.231000900268555,25.231000900268555,25.231000900268555,25.231000900268555,126,0.0,0.0,0.0
2023-01-24 11:30:00-05:00,25.25,25.25,25.25,25.25,196,0.0,0.0,0.0
2023-01-24 12:30:00-05:00,25.229999542236328,25.239900588989258,25.229999542236328,25.239900588989258,386,0.0,0.0,0.0
2023-01-24 13:30:00-05:00,25.25,25.280000686645508,25.25,25.274599075317383,1808,0.0,0.0,0.0
2023-01-24 14:30:00-05:00,25.253000259399414,25.289899826049805,25.253000259399414,25.289499282836914,6266,0.0,0.0,0.0
2023-01-24 15:30:00-05:00,25.280000686645508,25.360000610351562,25.280000686645508,25.280500411987305,0,0.0,0.0,0.0
2023-01-25 09:30:00-05:00,25.270000457763672,25.299999237060547,25.261999130249023,25.299999237060547,698,0.0,0.0,0.0
2023-01-25 10:30:00-05:00,25.270299911499023,25.280000686645508,25.190000534057617,25.200000762939453,6301,0.0,0.0,0.0
2023-01-25 11:30:00-05:00,25.225000381469727,25.239999771118164,25.225000381469727,25.235000610351562,2860,0.0,0.0,0.0
2023-01-25 12:30:00-05:00,25.239999771118164,25.299999237060547,25.239999771118164,25.299999237060547,1625,0.0,0.0,0.0
2023-01-25 13:30:00-05:00,25.299999237060547,25.299999237060547,25.290000915527344,25.290000915527344,12698,0.0,0.0,0.0
2023-01-25 14:30:00-05:00,25.28499984741211,25.31290054321289,25.270000457763672,25.309999465942383,21648,0.0,0.0,0.0
2023-01-25 15:30:00-05:00,25.299999237060547,25.31999969482422,25.280000686645508,25.28499984741211,3658,0.0,0.0,0.0
2023-01-26 09:30:00-05:00,25.299999237060547,25.299999237060547,25.299999237060547,25.299999237060547,0,0.0,0.0,0.0
2023-01-26 10:30:00-05:00,25.2549991607666,25.260000228881836,25.190000534057617,25.192100524902344,3351,0.0,0.0,0.0
2023-01-26 11:30:00-05:00,25.219999313354492,25.270000457763672,25.200000762939453,25.219999313354492,7947,0.0,0.0,0.0
2023-01-26 12:30:00-05:00,25.260000228881836,25.31999969482422,25.260000228881836,25.309999465942383,2118,0.0,0.0,0.0
2023-01-26 13:30:00-05:00,25.309999465942383,25.309999465942383,25.309999465942383,25.309999465942383,1998,0.0,0.0,0.0
2023-01-26 14:30:00-05:00,25.25119972229004,25.29990005493164,25.25119972229004,25.274999618530273,29837,0.0,0.0,0.0
2023-01-26 15:30:00-05:00,25.280000686645508,25.280000686645508,25.256500244140625,25.264999389648438,2476,0.0,0.0,0.0
2023-01-27 09:30:00-05:00,25.18000030517578,25.18000030517578,25.16200065612793,25.16200065612793,0,0.0,0.0,0.0
2023-01-27 11:30:00-05:00,25.198999404907227,25.200000762939453,25.184499740600586,25.200000762939453,1249,0.0,0.0,0.0
2023-01-27 12:30:00-05:00,25.184099197387695,25.200000762939453,25.17930030822754,25.17930030822754,11416,0.0,0.0,0.0
2023-01-27 13:30:00-05:00,25.2096004486084,25.218599319458008,25.1781005859375,25.20400047302246,15411,0.0,0.0,0.0
2023-01-27 14:30:00-05:00,25.19499969482422,25.209999084472656,25.19409942626953,25.209999084472656,3300,0.0,0.0,0.0
2023-01-27 15:30:00-05:00,25.209999084472656,25.25,25.209999084472656,25.225000381469727,22844,0.0,0.0,0.0
2023-01-30 09:30:00-05:00,25.1200008392334,25.170000076293945,25.1200008392334,25.164899826049805,0,0.0,0.0,0.0
2023-01-30 10:30:00-05:00,25.149999618530273,25.170000076293945,25.1200008392334,25.1200008392334,3531,0.0,0.0,0.0
2023-01-30 11:30:00-05:00,25.1299991607666,25.139999389648438,25.1200008392334,25.125,3504,0.0,0.0,0.0
2023-01-30 12:30:00-05:00,25.139699935913086,25.139999389648438,25.1200008392334,25.1299991607666,2003,0.0,0.0,0.0
2023-01-30 13:30:00-05:00,25.139999389648438,25.149999618530273,25.1299991607666,25.139999389648438,38525,0.0,0.0,0.0
2023-01-30 14:30:00-05:00,25.15959930419922,25.270000457763672,25.12809944152832,25.145000457763672,36947,0.0,0.0,0.0
2023-01-30 15:30:00-05:00,25.142499923706055,25.165000915527344,25.10810089111328,25.110000610351562,49070,0.0,0.0,0.0
2023-01-31 09:30:00-05:00,25.21500015258789,25.219999313354492,25.162500381469727,25.170000076293945,0,0.0,0.0,0.0
2023-01-31 10:30:00-05:00,25.179899215698242,25.43000030517578,25.148099899291992,25.209999084472656,66209,0.0,0.0,0.0
2023-01-31 11:30:00-05:00,25.209999084472656,25.239999771118164,25.209999084472656,25.229999542236328,10197,0.0,0.0,0.0
2023-01-31 12:30:00-05:00,25.229999542236328,25.239900588989258,25.219999313354492,25.239299774169922,13364,0.0,0.0,0.0
2023-01-31 13:30:00-05:00,25.229999542236328,25.399999618530273,25.219999313354492,25.24839973449707,41679,0.0,0.0,0.0
2023-01-31 14:30:00-05:00,25.225000381469727,25.479999542236328,25.210100173950195,25.252500534057617,36317,0.0,0.0,0.0
2023-01-31 15:30:00-05:00,25.2549991607666,25.31999969482422,25.2549991607666,25.31999969482422,31843,0.0,0.0,0.0
2023-02-01 09:30:00-05:00,25.229999542236328,25.239999771118164,25.206499099731445,25.226600646972656,0,0.0,0.0,0.0
2023-02-01 10:30:00-05:00,25.229999542236328,25.447500228881836,25.200000762939453,25.209999084472656,32502,0.0,0.0,0.0
2023-02-01 11:30:00-05:00,25.219999313354492,25.229999542236328,25.206100463867188,25.219999313354492,8899,0.0,0.0,0.0
2023-02-01 12:30:00-05:00,25.229999542236328,25.25,25.229999542236328,25.239999771118164,4698,0.0,0.0,0.0
2023-02-01 13:30:00-05:00,25.2450008392334,25.25,25.209999084472656,25.239999771118164,4722,0.0,0.0,0.0
2023-02-01 14:30:00-05:00,25.229999542236328,25.479999542236328,25.229999542236328,25.479999542236328,66716,0.0,0.0,0.0
2023-02-01 15:30:00-05:00,25.450000762939453,25.649999618530273,25.440000534057617,25.479999542236328,11113,0.0,0.0,0.0
2023-02-02 09:30:00-05:00,25.560100555419922,25.560100555419922,25.450000762939453,25.487600326538086,0,0.0,0.0,0.0
2023-02-02 10:30:00-05:00,25.520000457763672,25.56999969482422,25.519899368286133,25.549999237060547,37820,0.0,0.0,0.0
2023-02-02 11:30:00-05:00,25.579999923706055,25.579999923706055,25.579999923706055,25.579999923706055,531,0.0,0.0,0.0
2023-02-02 12:30:00-05:00,25.56999969482422,25.579999923706055,25.549999237060547,25.549999237060547,52440,0.0,0.0,0.0
2023-02-02 13:30:00-05:00,25.549999237060547,25.549999237060547,25.520000457763672,25.540000915527344,451,0.0,0.0,0.0
2023-02-02 14:30:00-05:00,25.530000686645508,25.530000686645508,25.520000457763672,25.520000457763672,862,0.0,0.0,0.0
2023-02-02 15:30:00-05:00,25.510000228881836,25.540000915527344,25.459999084472656,25.459999084472656,20576,0.0,0.0,0.0
2023-02-03 09:30:00-05:00,25.225000381469727,25.239999771118164,25.19260025024414,25.19260025024414,0,0.0,0.0,0.0
2023-02-03 10:30:00-05:00,25.170000076293945,25.219999313354492,25.170000076293945,25.219999313354492,524,0.0,0.0,0.0
2023-02-03 11:30:00-05:00,25.206100463867188,25.235000610351562,25.206100463867188,25.235000610351562,793,0.0,0.0,0.0
2023-02-03 12:30:00-05:00,25.259899139404297,25.259899139404297,25.225200653076172,25.25,5924,0.0,0.0,0.0
2023-02-03 13:30:00-05:00,25.25,25.25,25.229999542236328,25.239999771118164,2801,0.0,0.0,0.0
2023-02-03 14:30:00-05:00,25.219999313354492,25.239999771118164,25.190000534057617,25.219999313354492,8088,0.0,0.0,0.0
2023-02-03 15:30:00-05:00,25.219999313354492,25.280000686645508,25.18000030517578,25.18000030517578,29848,0.0,0.0,0.0
2023-02-06 09:30:00-05:00,25.239999771118164,25.239999771118164,25.049999237060547,25.049999237060547,0,0.0,0.0,0.0
2023-02-06 10:30:00-05:00,25.040000915527344,25.100000381469727,25.040000915527344,25.049999237060547,30659,0.0,0.0,0.0
2023-02-06 11:30:00-05:00,25.049999237060547,25.059999465942383,25.030000686645508,25.030000686645508,15565,0.0,0.0,0.0
2023-02-06 12:30:00-05:00,25.030000686645508,25.049999237060547,25.030000686645508,25.030000686645508,2818,0.0,0.0,0.0
2023-02-06 13:30:00-05:00,25.030000686645508,25.065000534057617,25.028799057006836,25.059999465942383,4810,0.0,0.0,0.0
2023-02-06 14:30:00-05:00,25.059999465942383,25.06999969482422,25.030000686645508,25.06999969482422,3950,0.0,0.0,0.0
2023-02-06 15:30:00-05:00,25.030000686645508,25.06999969482422,24.989999771118164,24.989999771118164,9832,0.0,0.0,0.0
2023-02-07 09:30:00-05:00,25.149999618530273,25.149999618530273,24.950000762939453,24.959999084472656,0,0.0,0.0,0.0
2023-02-07 10:30:00-05:00,24.959999084472656,24.969999313354492,24.959999084472656,24.969999313354492,1651,0.0,0.0,0.0
2023-02-07 11:30:00-05:00,24.969999313354492,24.969999313354492,24.959999084472656,24.969999313354492,3864,0.0,0.0,0.0
2023-02-07 12:30:00-05:00,24.979999542236328,25.06999969482422,24.969999313354492,25.020000457763672,3057,0.0,0.0,0.0
2023-02-07 13:30:00-05:00,24.959999084472656,24.968599319458008,24.90999984741211,24.940000534057617,6828,0.0,0.0,0.0
2023-02-07 14:30:00-05:00,24.93000030517578,24.93000030517578,24.90530014038086,24.920000076293945,4748,0.0,0.0,0.0
2023-02-07 15:30:00-05:00,24.920000076293945,24.940000534057617,24.889999389648438,24.889999389648438,5086,0.0,0.0,0.0
2023-02-08 09:30:00-05:00,24.920000076293945,24.940000534057617,24.889999389648438,24.889999389648438,0,0.0,0.0,0.0
2023-02-08 10:30:00-05:00,24.889999389648438,24.90999984741211,24.889999389648438,24.889999389648438,6375,0.0,0.0,0.0
2023-02-08 11:30:00-05:00,24.90920066833496,24.909299850463867,24.88129997253418,24.899999618530273,2042,0.0,0.0,0.0
2023-02-08 12:30:00-05:00,24.920000076293945,24.929000854492188,24.920000076293945,24.920000076293945,2099,0.0,0.0,0.0
2023-02-08 13:30:00-05:00,24.950000762939453,24.950000762939453,24.950000762939453,24.950000762939453,103,0.0,0.0,0.0
2023-02-08 14:30:00-05:00,24.920499801635742,24.95989990234375,24.920000076293945,24.934999465942383,6140,0.0,0.0,0.0
2023-02-08 15:30:00-05:00,24.940000534057617,24.959999084472656,24.923999786376953,24.950000762939453,7802,0.0,0.0,0.0
2023-02-09 09:30:00-05:00,25.06999969482422,25.06999969482422,25.020000457763672,25.020000457763672,0,0.0,0.0,0.0
2023-02-09 10:30:00-05:00,25.0,25.0,24.985000610351562,24.985000610351562,708,0.0,0.0,0.0
2023-02-09 11:30:00-05:00,25.0,25.0,25.0,25.0,595,0.0,0.0,0.0
2023-02-09 12:30:00-05:00,24.989999771118164,24.989999771118164,24.940000534057617,24.940000534057617,2614,0.0,0.0,0.0
2023-02-09 13:30:00-05:00,24.899999618530273,24.899999618530273,24.832000732421875,24.832000732421875,2874,0.0,0.0,0.0
2023-02-09 14:30:00-05:00,24.84000015258789,24.848800659179688,24.800100326538086,24.825000762939453,8733,0.0,0.0,0.0
2023-02-09 15:30:00-05:00,24.84000015258789,24.850000381469727,24.806499481201172,24.81999969482422,12150,0.0,0.0,0.0
2023-02-10 09:30:00-05:00,24.959999084472656,24.959999084472656,24.740100860595703,24.7460994720459,0,0.0,0.0,0.0
2023-02-10 10:30:00-05:00,24.729999542236328,24.760000228881836,24.719999313354492,24.719999313354492,14203,0.0,0.0,0.0
2023-02-10 11:30:00-05:00,24.719999313354492,24.725000381469727,24.68000030517578,24.68000030517578,722,0.0,0.0,0.0
2023-02-10 12:30:00-05:00,24.690000534057617,24.690000534057617,24.690000534057617,24.690000534057617,434,0.0,0.0,0.0
2023-02-10 13:30:00-05:00,24.68000030517578,24.68000030517578,24.649999618530273,24.649999618530273,292,0.0,0.0,0.0
2023-02-10 14:30:00-05:00,24.699399948120117,24.699399948120117,24.699399948120117,24.699399948120117,1690,0.0,0.0,0.0
2023-02-10 15:30:00-05:00,24.65999984741211,24.700000762939453,24.639999389648438,24.645000457763672,13375,0.0,0.0,0.0
2023-02-13 09:30:00-05:00,24.649999618530273,24.700000762939453,24.6299991607666,24.700000762939453,0,0.0,0.0,0.0
2023-02-13 10:30:00-05:00,24.690000534057617,24.690000534057617,24.690000534057617,24.690000534057617,603,0.0,0.0,0.0
2023-02-13 11:30:00-05:00,24.68000030517578,24.68000030517578,24.665000915527344,24.665000915527344,998,0.0,0.0,0.0
2023-02-13 12:30:00-05:00,24.68000030517578,24.68000030517578,24.68000030517578,24.68000030517578,110,0.0,0.0,0.0
2023-02-13 13:30:00-05:00,24.688199996948242,24.700000762939453,24.65999984741211,24.690000534057617,8092,0.0,0.0,0.0
2023-02-13 14:30:00-05:00,24.690000534057617,24.690000534057617,24.690000534057617,24.690000534057617,319,0.0,0.0,0.0
2023-02-13 15:30:00-05:00,24.690000534057617,24.709999084472656,24.670000076293945,24.69300079345703,12798,0.0,0.0,0.0
2023-02-14 09:30:00-05:00,24.65999984741211,24.709999084472656,24.6564998626709,24.70319938659668,0,0.0,0.0,0.0
2023-02-14 10:30:00-05:00,24.649999618530273,24.65999984741211,24.610000610351562,24.610000610351562,2776,0.0,0.0,0.0
2023-02-14 11:30:00-05:00,24.540000915527344,24.59000015258789,24.540000915527344,24.575000762939453,286541,0.0,0.0,0.0
2023-02-14 12:30:00-05:00,24.59000015258789,24.639999389648438,24.59000015258789,24.639999389648438,728,0.0,0.0,0.0
2023-02-14 13:30:00-05:00,24.639999389648438,24.639999389648438,24.639999389648438,24.639999389648438,221,0.0,0.0,0.0
2023-02-14 14:30:00-05:00,24.614999771118164,24.639999389648438,24.614999771118164,24.62540054321289,5432,0.0,0.0,0.0
2023-02-14 15:30:00-05:00,24.6299991607666,24.643800735473633,24.6299991607666,24.643800735473633,7096,0.0,0.0,0.0
2023-02-15 09:30:00-05:00,24.56999969482422,24.56999969482422,24.56999969482422,24.56999969482422,0,0.0,0.0,0.0
2023-02-15 10:30:00-05:00,24.6200008392334,24.6200008392334,24.530000686645508,24.55500030517578,2140,0.0,0.0,0.0
2023-02-15 11:30:00-05:00,24.549999237060547,24.559999465942383,24.510499954223633,24.547000885009766,1273,0.0,0.0,0.0
2023-02-15 12:30:00-05:00,24.53499984741211,24.549999237060547,24.53499984741211,24.549999237060547,1130,0.0,0.0,0.0
2023-02-15 14:30:00-05:00,24.579999923706055,24.579999923706055,24.5221004486084,24.559999465942383,1494,0.0,0.0,0.0
2023-02-15 15:30:00-05:00,24.531700134277344,24.56999969482422,24.531700134277344,24.559999465942383,3218,0.0,0.0,0.0
2023-02-16 09:30:00-05:00,24.510000228881836,24.510000228881836,24.440000534057617,24.440000534057617,0,0.0,0.0,0.0
2023-02-16 10:30:00-05:00,24.430099487304688,24.489999771118164,24.430099487304688,24.450700759887695,2295,0.0,0.0,0.0
2023-02-16 12:30:00-05:00,24.4950008392334,24.5,24.479999542236328,24.479999542236328,885,0.0,0.0,0.0
2023-02-16 13:30:00-05:00,24.489999771118164,24.510000228881836,24.489999771118164,24.510000228881836,483,0.0,0.0,0.0
2023-02-16 14:30:00-05:00,24.450000762939453,24.450000762939453,24.450000762939453,24.450000762939453,120,0.0,0.0,0.0
2023-02-16 15:30:00-05:00,24.459999084472656,24.459999084472656,24.390100479125977,24.417800903320312,0,0.0,0.0,0.0
2023-02-17 09:30:00-05:00,24.350000381469727,24.440000534057617,24.329999923706055,24.420000076293945,5510,0.0,0.0,0.0
2023-02-17 10:30:00-05:00,24.420000076293945,24.450000762939453,24.420000076293945,24.420000076293945,5245,0.0,0.0,0.0
2023-02-17 11:30:00-05:00,24.420000076293945,24.459999084472656,24.3799991607666,24.459999084472656,7219,0.0,0.0,0.0
2023-02-17 12:30:00-05:00,24.459999084472656,24.459999084472656,24.44499969482422,24.459999084472656,3803,0.0,0.0,0.0
2023-02-17 13:30:00-05:00,24.459999084472656,24.459999084472656,24.438100814819336,24.459999084472656,25005,0.0,0.0,0.0
2023-02-17 14:30:00-05:00,24.459999084472656,24.489999771118164,24.459999084472656,24.479999542236328,6996,0.0,0.0,0.0
2023-02-17 15:30:00-05:00,24.479999542236328,24.479999542236328,24.456499099731445,24.470500946044922,7664,0.0,0.0,0.0
2023-02-21 09:30:00-05:00,24.290000915527344,24.290000915527344,24.209999084472656,24.21500015258789,0,0.0,0.0,0.0
2023-02-21 10:30:00-05:00,24.21809959411621,24.25,24.21809959411621,24.235000610351562,747,0.0,0.0,0.0
2023-02-21 11:30:00-05:00,24.229999542236328,24.239999771118164,24.225000381469727,24.239999771118164,1788,0.0,0.0,0.0
2023-02-21 12:30:00-05:00,24.219999313354492,24.230899810791016,24.209999084472656,24.209999084472656,1358,0.0,0.0,0.0
2023-02-21 13:30:00-05:00,24.16010093688965,24.200000762939453,24.16010093688965,24.200000762939453,1208,0.0,0.0,0.0
2023-02-21 14:30:00-05:00,24.18000030517578,24.21310043334961,24.15999984741211,24.21310043334961,1586,0.0,0.0,0.0
2023-02-21 15:30:00-05:00,24.209999084472656,24.209999084472656,24.170000076293945,24.200000762939453,12454,0.0,0.0,0.0
2023-02-22 09:30:00-05:00,24.239999771118164,24.280000686645508,24.239999771118164,24.239999771118164,0,0.0,0.0,0.0
2023-02-22 10:30:00-05:00,24.239999771118164,24.270000457763672,24.219999313354492,24.219999313354492,2587,0.0,0.0,0.0
2023-02-22 11:30:00-05:00,24.239999771118164,24.239999771118164,24.209999084472656,24.209999084472656,1345,0.0,0.0,0.0
2023-02-22 12:30:00-05:00,24.22249984741211,24.22249984741211,24.22249984741211,24.22249984741211,615,0.0,0.0,0.0
2023-02-22 13:30:00-05:00,24.260000228881836,24.270000457763672,24.2450008392334,24.25,3183,0.0,0.0,0.0
2023-02-22 14:30:00-05:00,24.239999771118164,24.260000228881836,24.219999313354492,24.219999313354492,1666,0.0,0.0,0.0
2023-02-22 15:30:00-05:00,24.209999084472656,24.209999084472656,24.204999923706055,24.204999923706055,4096,0.0,0.0,0.0
2023-02-23 09:30:00-05:00,24.280000686645508,24.280000686645508,24.280000686645508,24.280000686645508,0,0.0,0.0,0.0
2023-02-23 10:30:00-05:00,24.290000915527344,24.290000915527344,24.260000228881836,24.260000228881836,3182,0.0,0.0,0.0
2023-02-23 11:30:00-05:00,24.270000457763672,24.270000457763672,24.250099182128906,24.250099182128906,5852,0.0,0.0,0.0
2023-02-23 12:30:00-05:00,24.27899932861328,24.34749984741211,24.258100509643555,24.299999237060547,23796,0.0,0.0,0.0
2023-02-23 13:30:00-05:00,24.299999237060547,24.325000762939453,24.29330062866211,24.325000762939453,5912,0.0,0.0,0.0
2023-02-23 14:30:00-05:00,24.344999313354492,24.3700008392334,24.344999313354492,24.350000381469727,11254,0.0,0.0,0.0
2023-02-23 15:30:00-05:00,24.340099334716797,24.358400344848633,24.340099334716797,24.358400344848633,410,0.0,0.0,0.0
2023-02-24 09:30:00-05:00,24.200000762939453,24.219999313354492,24.200000762939453,24.219999313354492,0,0.0,0.0,0.0
2023-02-24 10:30:00-05:00,24.209999084472656,24.219900131225586,24.200000762939453,24.219900131225586,3328,0.0,0.0,0.0
2023-02-24 11:30:00-05:00,24.184999465942383,24.184999465942383,24.18000030517578,24.18000030517578,763,0.0,0.0,0.0
2023-02-24 12:30:00-05:00,24.190000534057617,24.190000534057617,24.181100845336914,24.184999465942383,2913,0.0,0.0,0.0
2023-02-24 13:30:00-05:00,24.200000762939453,24.219999313354492,24.200000762939453,24.219999313354492,3637,0.0,0.0,0.0
2023-02-24 14:30:00-05:00,24.219999313354492,24.239999771118164,24.213699340820312,24.229999542236328,3919,0.0,0.0,0.0
2023-02-27 09:30:00-05:00,24.399999618530273,24.399999618530273,24.257299423217773,24.290000915527344,0,0.0,0.0,0.0
2023-02-27 10:30:00-05:00,24.295000076293945,24.295000076293945,24.25,24.270000457763672,959,0.0,0.0,0.0
2023-02-27 11:30:00-05:00,24.226499557495117,24.290000915527344,24.226499557495117,24.278600692749023,29178,0.0,0.0,0.0
2023-02-27 12:30:00-05:00,24.247600555419922,24.25,24.247600555419922,24.25,1039,0.0,0.0,0.0
2023-02-27 13:30:00-05:00,24.270000457763672,24.270000457763672,24.250999450683594,24.260000228881836,3050,0.0,0.0,0.0
2023-02-27 14:30:00-05:00,24.260000228881836,24.270000457763672,24.260000228881836,24.270000457763672,480,0.0,0.0,0.0
2023-02-27 15:30:00-05:00,24.270000457763672,24.278400421142578,24.251300811767578,24.260000228881836,10403,0.0,0.0,0.0
2023-02-28 09:30:00-05:00,24.25,24.25,24.135000228881836,24.149999618530273,0,0.0,0.0,0.0
2023-02-28 11:30:00-05:00,24.209999084472656,24.209999084472656,24.200000762939453,24.200000762939453,1198,0.0,0.0,0.0
2023-02-28 12:30:00-05:00,24.209999084472656,24.229999542236328,24.204999923706055,24.229999542236328,7407,0.0,0.0,0.0
2023-02-28 13:30:00-05:00,24.219999313354492,24.219999313354492,24.219999313354492,24.219999313354492,544,0.0,0.0,0.0
2023-02-28 14:30:00-05:00,24.229000091552734,24.235000610351562,24.229000091552734,24.235000610351562,293,0.0,0.0,0.0
2023-02-28 15:30:00-05:00,24.25,24.280000686645508,24.229999542236328,24.229999542236328,3390,0.0,0.0,0.0
2023-03-01 09:30:00-05:00,24.110000610351562,24.110000610351562,24.00079917907715,24.002500534057617,0,0.0,0.0,0.0
2023-03-01 10:30:00-05:00,24.0,24.027700424194336,24.0,24.019899368286133,7748,0.0,0.0,0.0
2023-03-01 11:30:00-05:00,24.010000228881836,24.03499984741211,24.010000228881836,24.03499984741211,1200,0.0,0.0,0.0
2023-03-01 12:30:00-05:00,24.049999237060547,24.049999237060547,24.030000686645508,24.030000686645508,7136,0.0,0.0,0.0
2023-03-01 13:30:00-05:00,24.020000457763672,24.020000457763672,24.0,24.010000228881836,5827,0.0,0.0,0.0
2023-03-01 14:30:00-05:00,24.0,24.030000686645508,23.9950008392334,23.9950008392334,7058,0.0,0.0,0.0
2023-03-01 15:30:00-05:00,23.97010040283203,23.979999542236328,23.969999313354492,23.979999542236328,3796,0.0,0.0,0.0
2023-03-02 09:30:00-05:00,23.920000076293945,23.920000076293945,23.8700008392334,23.8700008392334,0,0.0,0.0,0.0
2023-03-02 10:30:00-05:00,23.90999984741211,23.90999984741211,23.899999618530273,23.90999984741211,1440,0.0,0.0,0.0
2023-03-02 11:30:00-05:00,23.889999389648438,23.90999984741211,23.889999389648438,23.90999984741211,8326,0.0,0.0,0.0
2023-03-02 13:30:00-05:00,23.90999984741211,23.950000762939453,23.90169906616211,23.950000762939453,5401,0.0,0.0,0.0
2023-03-02 14:30:00-05:00,23.920000076293945,23.920000076293945,23.90999984741211,23.90999984741211,555,0.0,0.0,0.0
2023-03-02 15:30:00-05:00,23.940000534057617,23.979999542236328,23.940000534057617,23.969999313354492,13253,0.0,0.0,0.0
2023-03-03 09:30:00-05:00,24.09000015258789,24.155000686645508,24.09000015258789,24.110000610351562,0,0.0,0.0,0.0
2023-03-03 10:30:00-05:00,24.1200008392334,24.1299991607666,24.09000015258789,24.09000015258789,2425,0.0,0.0,0.0
2023-03-03 11:30:00-05:00,24.114999771118164,24.19930076599121,24.114999771118164,24.19930076599121,7227,0.0,0.0,0.0
2023-03-03 13:30:00-05:00,24.200000762939453,24.209999084472656,24.17650032043457,24.209999084472656,8064,0.0,0.0,0.0
2023-03-03 14:30:00-05:00,24.19529914855957,24.19529914855957,24.190000534057617,24.190000534057617,4949,0.0,0.0,0.0
2023-03-03 15:30:00-05:00,24.25,24.270000457763672,24.235000610351562,24.235000610351562,8925,0.0,0.0,0.0
2023-03-06 09:30:00-05:00,24.25,24.25,24.239999771118164,24.239999771118164,0,0.0,0.0,0.0
2023-03-06 10:30:00-05:00,24.260000228881836,24.260000228881836,24.236099243164062,24.236099243164062,1041,0.0,0.0,0.0
2023-03-06 11:30:00-05:00,24.229999542236328,24.25,24.229999542236328,24.25,919,0.0,0.0,0.0
2023-03-06 12:30:00-05:00,24.24570083618164,24.25,24.24570083618164,24.25,1678,0.0,0.0,0.0
2023-03-06 13:30:00-05:00,24.25,24.25,24.140100479125977,24.18000030517578,10264,0.0,0.0,0.0
2023-03-06 14:30:00-05:00,24.200000762939453,24.200000762939453,24.184999465942383,24.200000762939453,2376,0.0,0.0,0.0
2023-03-06 15:30:00-05:00,24.200000762939453,24.209999084472656,24.190000534057617,24.200000762939453,3421,0.0,0.0,0.0
2023-03-07 09:30:00-05:00,24.209999084472656,24.225000381469727,24.049999237060547,24.049999237060547,0,0.0,0.0,0.0
2023-03-07 10:30:00-05:00,24.104999542236328,24.149999618530273,24.104999542236328,24.149999618530273,1847,0.0,0.0,0.0
2023-03-07 11:30:00-05:00,24.1299991607666,24.15999984741211,24.1299991607666,24.15999984741211,4326,0.0,0.0,0.0
2023-03-07 12:30:00-05:00,24.18000030517578,24.18000030517578,24.170000076293945,24.170000076293945,230,0.0,0.0,0.0
2023-03-07 13:30:00-05:00,24.15999984741211,24.15999984741211,24.15999984741211,24.15999984741211,5211,0.0,0.0,0.0
2023-03-07 14:30:00-05:00,24.1299991607666,24.135000228881836,24.125,24.125,2165,0.0,0.0,0.0
2023-03-07 15:30:00-05:00,24.139999389648438,24.145000457763672,24.124799728393555,24.124799728393555,1292,0.0,0.0,0.0
2023-03-08 09:30:00-05:00,24.209999084472656,24.209999084472656,24.149999618530273,24.170000076293945,0,0.0,0.0,0.0
2023-03-08 10:30:00-05:00,24.190000534057617,24.209999084472656,24.190000534057617,24.204999923706055,2346,0.0,0.0,0.0
2023-03-08 12:30:00-05:00,24.1200008392334,24.1200008392334,24.06999969482422,24.06999969482422,1230,0.0,0.0,0.0
2023-03-08 13:30:00-05:00,24.049999237060547,24.137500762939453,24.01129913330078,24.046499252319336,17157,0.0,0.0,0.0
2023-03-08 14:30:00-05:00,24.059999465942383,24.079700469970703,24.049999237060547,24.059999465942383,9296,0.0,0.0,0.0
2023-03-08 15:30:00-05:00,24.06999969482422,24.09000015258789,24.06999969482422,24.079999923706055,1442,0.0,0.0,0.0
2023-03-09 09:30:00-05:00,24.059999465942383,24.139999389648438,24.059999465942383,24.139999389648438,0,0.0,0.0,0.0
2023-03-09 10:30:00-05:00,24.122900009155273,24.1299991607666,24.06999969482422,24.06999969482422,11528,0.0,0.0,0.0
2023-03-09 11:30:00-05:00,24.079999923706055,24.09000015258789,24.072500228881836,24.09000015258789,2415,0.0,0.0,0.0
2023-03-09 12:30:00-05:00,24.110000610351562,24.110000610351562,24.100000381469727,24.100000381469727,720,0.0,0.0,0.0
2023-03-09 13:30:00-05:00,24.104999542236328,24.125,24.104999542236328,24.125,1374,0.0,0.0,0.0
2023-03-09 14:30:00-05:00,24.1299991607666,24.139999389648438,24.075000762939453,24.075000762939453,2530,0.0,0.0,0.0
2023-03-09 15:30:00-05:00,24.09000015258789,24.100000381469727,24.079999923706055,24.083099365234375,1487,0.0,0.0,0.0
2023-03-10 09:30:00-05:00,24.299999237060547,24.3799991607666,24.299999237060547,24.3799991607666,0,0.0,0.0,0.0
2023-03-10 10:30:00-05:00,24.43000030517578,24.489900588989258,24.389999389648438,24.389999389648438,15713,0.0,0.0,0.0
2023-03-10 11:30:00-05:00,24.378999710083008,24.3799991607666,24.31999969482422,24.31999969482422,2125,0.0,0.0,0.0
2023-03-10 12:30:00-05:00,24.334999084472656,24.354999542236328,24.299999237060547,24.354999542236328,963,0.0,0.0,0.0
2023-03-10 13:30:00-05:00,24.38800048828125,24.40999984741211,24.360000610351562,24.3700008392334,11418,0.0,0.0,0.0
2023-03-10 15:30:00-05:00,24.40999984741211,24.40999984741211,24.378599166870117,24.378599166870117,1048,0.0,0.0,0.0
2023-03-13 09:30:00-04:00,24.65999984741211,24.704999923706055,24.579999923706055,24.63990020751953,0,0.0,0.0,0.0
2023-03-13 10:30:00-04:00,24.6200008392334,24.75,24.6200008392334,24.726499557495117,2461,0.0,0.0,0.0
2023-03-13 11:30:00-04:00,24.739999771118164,24.739999771118164,24.613300323486328,24.68869972229004,3400,0.0,0.0,0.0
2023-03-13 12:30:00-04:00,24.6299991607666,24.639999389648438,24.540000915527344,24.59939956665039,22456,0.0,0.0,0.0
2023-03-13 13:30:00-04:00,24.610000610351562,24.639999389648438,24.56999969482422,24.575000762939453,2689,0.0,0.0,0.0
2023-03-13 14:30:00-04:00,24.6200008392334,24.6299991607666,24.47010040283203,24.47010040283203,3505,0.0,0.0,0.0
2023-03-13 15:30:00-04:00,24.530000686645508,24.549999237060547,24.530000686645508,24.530000686645508,351,0.0,0.0,0.0
2023-03-14 09:30:00-04:00,24.600000381469727,24.600000381469727,24.40999984741211,24.5,0,0.0,0.0,0.0
2023-03-14 10:30:00-04:00,24.530000686645508,24.600000381469727,24.5,24.57990074157715,3562,0.0,0.0,0.0
2023-03-14 11:30:00-04:00,24.510000228881836,24.510000228881836,24.510000228881836,24.510000228881836,533,0.0,0.0,0.0
2023-03-14 12:30:00-04:00,24.540000915527344,24.56999969482422,24.459999084472656,24.540000915527344,22111,0.0,0.0,0.0
2023-03-14 13:30:00-04:00,24.540000915527344,24.540000915527344,24.510000228881836,24.510000228881836,9773,0.0,0.0,0.0
2023-03-14 14:30:00-04:00,24.499000549316406,24.499000549316406,24.459999084472656,24.459999084472656,784,0.0,0.0,0.0
2023-03-14 15:30:00-04:00,24.469999313354492,24.479999542236328,24.43000030517578,24.43000030517578,4180,0.0,0.0,0.0
2023-03-15 09:30:00-04:00,24.479999542236328,24.760000228881836,24.479999542236328,24.75,0,0.0,0.0,0.0
2023-03-15 10:30:00-04:00,24.729999542236328,24.760000228881836,24.700000762939453,24.700000762939453,8959,0.0,0.0,0.0
2023-03-15 11:30:00-04:00,24.661800384521484,24.719999313354492,24.649999618530273,24.65999984741211,1621,0.0,0.0,0.0
2023-03-15 12:30:00-04:00,24.672100067138672,24.700000762939453,24.649999618530273,24.65999984741211,2986,0.0,0.0,0.0
2023-03-15 13:30:00-04:00,24.6200008392334,24.6200008392334,24.610000610351562,24.610000610351562,907,0.0,0.0,0.0
2023-03-15 14:30:00-04:00,24.56999969482422,24.665000915527344,24.549999237060547,24.665000915527344,2996,0.0,0.0,0.0
2023-03-15 15:30:00-04:00,24.674999237060547,24.689300537109375,24.674999237060547,24.689300537109375,367,0.0,0.0,0.0
2023-03-16 09:30:00-04:00,24.790000915527344,24.81999969482422,24.75,24.809999465942383,0,0.0,0.0,0.0
2023-03-16 10:30:00-04:00,24.81999969482422,24.81999969482422,24.700000762939453,24.729999542236328,4396,0.0,0.0,0.0
2023-03-16 12:30:00-04:00,24.59000015258789,24.68000030517578,24.520000457763672,24.579999923706055,9815,0.0,0.0,0.0
2023-03-16 13:30:00-04:00,24.576099395751953,24.60059928894043,24.576099395751953,24.59000015258789,3128,0.0,0.0,0.0
2023-03-16 14:30:00-04:00,24.587499618530273,24.709999084472656,24.587499618530273,24.665000915527344,8213,0.0,0.0,0.0
2023-03-16 15:30:00-04:00,24.63050079345703,24.679899215698242,24.600000381469727,24.600000381469727,844,0.0,0.0,0.0
2023-03-17 09:30:00-04:00,24.75,24.860000610351562,24.75,24.780000686645508,0,0.0,0.0,0.0
2023-03-17 10:30:00-04:00,24.790000915527344,24.809999465942383,24.780000686645508,24.780000686645508,4026,0.0,0.0,0.0
2023-03-17 11:30:00-04:00,24.819900512695312,24.819900512695312,24.790000915527344,24.790000915527344,1288,0.0,0.0,0.0
2023-03-17 12:30:00-04:00,24.780000686645508,24.799999237060547,24.770000457763672,24.799999237060547,909,0.0,0.0,0.0
2023-03-17 13:30:00-04:00,24.809999465942383,24.850000381469727,24.809999465942383,24.850000381469727,1796,0.0,0.0,0.0
2023-03-17 14:30:00-04:00,24.84000015258789,24.84000015258789,24.84000015258789,24.84000015258789,330,0.0,0.0,0.0
2023-03-17 15:30:00-04:00,24.790000915527344,24.790000915527344,24.790000915527344,24.790000915527344,388,0.0,0.0,0.0
2023-03-20 09:30:00-04:00,24.780000686645508,24.780000686645508,24.729999542236328,24.729999542236328,0,0.0,0.0,0.0
2023-03-20 10:30:00-04:00,24.780000686645508,24.989999771118164,24.780000686645508,24.809999465942383,8683,0.0,0.0,0.0
2023-03-20 11:30:00-04:00,24.760000228881836,24.760000228881836,24.739999771118164,24.739999771118164,648,0.0,0.0,0.0
2023-03-20 12:30:00-04:00,24.790000915527344,24.790000915527344,24.780000686645508,24.780000686645508,1410,0.0,0.0,0.0
2023-03-20 13:30:00-04:00,24.719999313354492,24.790000915527344,24.719999313354492,24.759899139404297,1935,0.0,0.0,0.0
2023-03-20 14:30:00-04:00,24.719999313354492,24.75,24.719999313354492,24.75,272,0.0,0.0,0.0
2023-03-20 15:30:00-04:00,24.719999313354492,24.75,24.709999084472656,24.709999084472656,628,0.0,0.0,0.0
2023-03-21 09:30:00-04:00,24.690000534057617,24.709999084472656,24.655000686645508,24.690000534057617,0,0.0,0.0,0.0
2023-03-21 10:30:00-04:00,24.749900817871094,24.77829933166504,24.690000534057617,24.77829933166504,1758,0.0,0.0,0.0
2023-03-21 11:30:00-04:00,24.770000457763672,24.770000457763672,24.760000228881836,24.760000228881836,515,0.0,0.0,0.0
2023-03-21 12:30:00-04:00,24.710899353027344,24.710899353027344,24.710899353027344,24.710899353027344,304,0.0,0.0,0.0
2023-03-21 14:30:00-04:00,24.7455997467041,24.7455997467041,24.7455997467041,24.7455997467041,430,0.0,0.0,0.0
2023-03-21 15:30:00-04:00,24.7450008392334,24.7450008392334,24.739999771118164,24.739999771118164,202,0.0,0.0,0.0
2023-03-22 09:30:00-04:00,24.739999771118164,24.739999771118164,24.709199905395508,24.719999313354492,0,0.0,0.0,0.0
2023-03-22 10:30:00-04:00,24.718799591064453,24.739999771118164,24.718799591064453,24.719999313354492,651,0.0,0.0,0.0
2023-03-22 13:30:00-04:00,24.790000915527344,24.899999618530273,24.790000915527344,24.899999618530273,722,0.0,0.0,0.0
2023-03-22 14:30:00-04:00,24.900100708007812,24.969999313354492,24.889999389648438,24.889999389648438,800,0.0,0.0,0.0
2023-03-22 15:30:00-04:00,24.940000534057617,24.940000534057617,24.889999389648438,24.93000030517578,18945,0.0,0.0,0.0
2023-03-23 09:30:00-04:00,24.899999618530273,24.969900131225586,24.899999618530273,24.969900131225586,0,0.0,0.0,0.0
2023-03-23 11:30:00-04:00,25.009700775146484,25.05900001525879,25.0,25.05900001525879,11177,0.0,0.0,0.0
2023-03-23 12:30:00-04:00,24.979999542236328,24.981000900268555,24.93000030517578,24.93000030517578,1347,0.0,0.0,0.0
2023-03-23 13:30:00-04:00,24.950000762939453,24.950000762939453,24.950000762939453,24.950000762939453,415,0.0,0.0,0.0
2023-03-23 14:30:00-04:00,24.950000762939453,25.0,24.950000762939453,25.0,7223,0.0,0.0,0.0
2023-03-23 15:30:00-04:00,25.040000915527344,25.040000915527344,25.010000228881836,25.010000228881836,323,0.0,0.0,0.0
2023-03-24 09:30:00-04:00,25.139999389648438,25.139999389648438,25.06999969482422,25.06999969482422,0,0.0,0.0,0.0
2023-03-24 10:30:00-04:00,25.079999923706055,25.079999923706055,25.079999923706055,25.079999923706055,336,0.0,0.0,0.0
2023-03-24 11:30:00-04:00,25.16900062561035,25.16900062561035,25.16900062561035,25.16900062561035,1101,0.0,0.0,0.0
2023-03-24 13:30:00-04:00,25.170000076293945,25.170000076293945,25.090099334716797,25.170000076293945,1065,0.0,0.0,0.0
2023-03-24 15:30:00-04:00,25.135000228881836,25.170000076293945,25.110000610351562,25.170000076293945,5818,0.0,0.0,0.0
2023-03-27 09:30:00-04:00,24.940000534057617,25.0,24.889999389648438,24.938899993896484,0,0.0,0.0,0.0
2023-03-27 13:30:00-04:00,24.829999923706055,24.8799991607666,24.829999923706055,24.8799991607666,1805,0.0,0.0,0.0
2023-03-27 14:30:00-04:00,24.8799991607666,24.8799991607666,24.86319923400879,24.8799991607666,2025,0.0,0.0,0.0
2023-03-27 15:30:00-04:00,24.90999984741211,24.90999984741211,24.8700008392334,24.889999389648438,1267,0.0,0.0,0.0
2023-03-28 09:30:00-04:00,24.850000381469727,24.850000381469727,24.80500030517578,24.81999969482422,0,0.0,0.0,0.0
2023-03-28 11:30:00-04:00,24.81399917602539,24.81399917602539,24.81399917602539,24.81399917602539,692,0.0,0.0,0.0
2023-03-28 13:30:00-04:00,24.8700008392334,24.8700008392334,24.8700008392334,24.8700008392334,197,0.0,0.0,0.0
2023-03-28 14:30:00-04:00,24.850000381469727,24.850000381469727,24.809999465942383,24.809999465942383,1358,0.0,0.0,0.0
2023-03-28 15:30:00-04:00,24.8700008392334,24.8799991607666,24.809999465942383,24.809999465942383,812,0.0,0.0,0.0
2023-03-29 09:30:00-04:00,24.809999465942383,24.860000610351562,24.79680061340332,24.850000381469727,2867,0.0,0.0,0.0
2023-03-29 10:30:00-04:00,24.8799991607666,24.889999389648438,24.85070037841797,24.85070037841797,7218,0.0,0.0,0.0
2023-03-29 11:30:00-04:00,24.850000381469727,24.860000610351562,24.850000381469727,24.850000381469727,4250,0.0,0.0,0.0
2023-03-29 12:30:00-04:00,24.860000610351562,24.860000610351562,24.850000381469727,24.850000381469727,337,0.0,0.0,0.0
2023-03-29 14:30:00-04:00,24.840099334716797,24.889999389648438,24.840099334716797,24.889999389648438,1890,0.0,0.0,0.0
2023-03-29 15:30:00-04:00,24.8617000579834,24.889999389648438,24.850000381469727,24.875,2127,0.0,0.0,0.0
2023-03-30 09:30:00-04:00,24.860000610351562,24.905000686645508,24.860000610351562,24.905000686645508,0,0.0,0.0,0.0
2023-03-30 10:30:00-04:00,24.905000686645508,24.90999984741211,24.905000686645508,24.90999984741211,729,0.0,0.0,0.0
2023-03-30 11:30:00-04:00,24.905000686645508,24.905000686645508,24.902099609375,24.905000686645508,2293,0.0,0.0,0.0
2023-03-30 12:30:00-04:00,24.899999618530273,24.899999618530273,24.850099563598633,24.8799991607666,1930,0.0,0.0,0.0
2023-03-30 13:30:00-04:00,24.899999618530273,24.90999984741211,24.889999389648438,24.899999618530273,2358,0.0,0.0,0.0
2023-03-30 14:30:00-04:00,24.872800827026367,24.90999984741211,24.872800827026367,24.90999984741211,5180,0.0,0.0,0.0
2023-03-30 15:30:00-04:00,24.93000030517578,24.940000534057617,24.8799991607666,24.93000030517578,6090,0.0,0.0,0.0
2023-03-31 09:30:00-04:00,24.979999542236328,24.979999542236328,24.920400619506836,24.940000534057617,0,0.0,0.0,0.0
2023-03-31 10:30:00-04:00,24.959999084472656,25.0,24.959999084472656,25.0,3322,0.0,0.0,0.0
2023-03-31 13:30:00-04:00,25.020000457763672,25.039199829101562,25.020000457763672,25.039199829101562,3276,0.0,0.0,0.0
2023-03-31 14:30:00-04:00,25.03499984741211,25.079999923706055,25.010000228881836,25.05500030517578,2875,0.0,0.0,0.0
2023-03-31 15:30:00-04:00,25.09000015258789,25.09000015258789,25.06999969482422,25.06999969482422,627,0.0,0.0,0.0
2023-04-03 09:30:00-04:00,24.959999084472656,25.110000610351562,24.959999084472656,25.100000381469727,0,0.0,0.0,0.0
2023-04-03 10:30:00-04:00,25.100200653076172,25.10810089111328,25.100200653076172,25.10810089111328,961,0.0,0.0,0.0
2023-04-03 11:30:00-04:00,25.1200008392334,25.1299991607666,25.1200008392334,25.1299991607666,1575,0.0,0.0,0.0
2023-04-03 12:30:00-04:00,25.100000381469727,25.100000381469727,25.100000381469727,25.100000381469727,252,0.0,0.0,0.0
2023-04-03 13:30:00-04:00,25.110000610351562,25.14900016784668,25.110000610351562,25.14900016784668,3004,0.0,0.0,0.0
2023-04-03 14:30:00-04:00,25.14900016784668,25.149999618530273,25.114999771118164,25.149999618530273,1286,0.0,0.0,0.0
2023-04-03 15:30:00-04:00,25.15999984741211,25.15999984741211,25.145000457763672,25.145000457763672,375,0.0,0.0,0.0
2023-04-04 09:30:00-04:00,25.020000457763672,25.18000030517578,25.020000457763672,25.16010093688965,0,0.0,0.0,0.0
2023-04-04 10:30:00-04:00,25.18000030517578,25.200000762939453,25.18000030517578,25.200000762939453,1212,0.0,0.0,0.0
2023-04-04 11:30:00-04:00,25.219999313354492,25.219999313354492,25.219999313354492,25.219999313354492,1040,0.0,0.0,0.0
2023-04-04 12:30:00-04:00,25.209999084472656,25.469999313354492,25.209999084472656,25.219999313354492,91862,0.0,0.0,0.0
2023-04-04 13:30:00-04:00,25.28499984741211,25.28499984741211,25.170000076293945,25.170000076293945,22905,0.0,0.0,0.0
2023-04-04 14:30:00-04:00,25.18000030517578,25.18000030517578,25.18000030517578,25.18000030517578,681,0.0,0.0,0.0
2023-04-04 15:30:00-04:00,25.190000534057617,25.329999923706055,25.190000534057617,25.329999923706055,37080,0.0,0.0,0.0
2023-04-05 09:30:00-04:00,25.260000228881836,25.290000915527344,25.260000228881836,25.290000915527344,0,0.0,0.0,0.0
2023-04-05 10:30:00-04:00,25.309999465942383,25.315000534057617,25.26110076904297,25.26110076904297,1670,0.0,0.0,0.0
2023-04-05 12:30:00-04:00,25.26020050048828,25.26020050048828,25.26020050048828,25.26020050048828,232,0.0,0.0,0.0
2023-04-05 13:30:00-04:00,25.2898006439209,25.30929946899414,25.2898006439209,25.30929946899414,3653,0.0,0.0,0.0
2023-04-05 14:30:00-04:00,25.309999465942383,25.309999465942383,25.309999465942383,25.309999465942383,456,0.0,0.0,0.0
2023-04-05 15:30:00-04:00,25.299999237060547,25.299999237060547,25.299999237060547,25.299999237060547,290,0.0,0.0,0.0
2023-04-06 10:30:00-04:00,25.299999237060547,25.309999465942383,25.299999237060547,25.299999237060547,437,0.0,0.0,0.0
2023-04-06 12:30:00-04:00,25.299999237060547,25.299999237060547,25.299999237060547,25.299999237060547,551,0.0,0.0,0.0
2023-04-06 14:30:00-04:00,25.274999618530273,25.274999618530273,25.274999618530273,25.274999618530273,341,0.0,0.0,0.0
2023-04-06 15:30:00-04:00,25.270000457763672,25.290000915527344,25.260000228881836,25.270000457763672,1678,0.0,0.0,0.0
2023-04-10 09:30:00-04:00,25.100000381469727,25.100000381469727,25.059999465942383,25.059999465942383,0,0.0,0.0,0.0
2023-04-10 10:30:00-04:00,25.055999755859375,25.059999465942383,25.055999755859375,25.059999465942383,756,0.0,0.0,0.0
2023-04-10 11:30:00-04:00,25.06999969482422,25.06999969482422,25.049999237060547,25.049999237060547,1186,0.0,0.0,0.0
2023-04-10 12:30:00-04:00,25.06999969482422,25.09000015258789,25.051300048828125,25.09000015258789,2870,0.0,0.0,0.0
2023-04-10 13:30:00-04:00,25.09000015258789,25.110000610351562,25.09000015258789,25.110000610351562,1536,0.0,0.0,0.0
2023-04-10 14:30:00-04:00,25.110000610351562,25.1299991607666,25.110000610351562,25.1299991607666,4475,0.0,0.0,0.0
2023-04-10 15:30:00-04:00,25.1299991607666,25.149999618530273,25.110000610351562,25.110000610351562,4082,0.0,0.0,0.0
2023-04-11 09:30:00-04:00,25.079700469970703,25.110000610351562,25.079700469970703,25.094999313354492,0,0.0,0.0,0.0
2023-04-11 10:30:00-04:00,25.100000381469727,25.108699798583984,25.09309959411621,25.09309959411621,4577,0.0,0.0,0.0
2023-04-11 11:30:00-04:00,25.070100784301758,25.108699798583984,25.070100784301758,25.108699798583984,1818,0.0,0.0,0.0
2023-04-11 12:30:00-04:00,25.100000381469727,25.110000610351562,25.079099655151367,25.09869956970215,3573,0.0,0.0,0.0
2023-04-11 13:30:00-04:00,25.094999313354492,25.110000610351562,25.094999313354492,25.110000610351562,368,0.0,0.0,0.0
2023-04-11 15:30:00-04:00,25.139999389648438,25.139999389648438,25.1299991607666,25.135400772094727,1064,0.0,0.0,0.0
2023-04-12 09:30:00-04:00,25.18000030517578,25.18000030517578,25.15999984741211,25.15999984741211,0,0.0,0.0,0.0
2023-04-12 10:30:00-04:00,25.110000610351562,25.1200008392334,25.09000015258789,25.110000610351562,919,0.0,0.0,0.0
2023-04-12 11:30:00-04:00,25.114999771118164,25.114999771118164,25.114999771118164,25.114999771118164,627,0.0,0.0,0.0
2023-04-12 12:30:00-04:00,25.110000610351562,25.110000610351562,25.062400817871094,25.062400817871094,364,0.0,0.0,0.0
2023-04-12 13:30:00-04:00,25.099899291992188,25.110000610351562,25.085399627685547,25.110000610351562,1039,0.0,0.0,0.0
2023-04-12 15:30:00-04:00,25.125,25.1299991607666,25.09000015258789,25.09000015258789,1023,0.0,0.0,0.0
2023-04-13 10:30:00-04:00,25.1299991607666,25.200000762939453,25.1200008392334,25.165000915527344,6071,0.0,0.0,0.0
2023-04-13 11:30:00-04:00,25.15999984741211,25.16990089416504,25.15999984741211,25.16990089416504,460,0.0,0.0,0.0
2023-04-13 12:30:00-04:00,25.137500762939453,25.18000030517578,25.137500762939453,25.18000030517578,300,0.0,0.0,0.0
2023-04-13 13:30:00-04:00,25.15999984741211,25.18000030517578,25.15999984741211,25.18000030517578,2607,0.0,0.0,0.0
2023-04-13 14:30:00-04:00,25.139999389648438,25.169599533081055,25.139699935913086,25.15999984741211,3233,0.0,0.0,0.0
2023-04-13 15:30:00-04:00,25.159000396728516,25.159000396728516,25.1299991607666,25.1299991607666,1286,0.0,0.0,0.0
2023-04-14 09:30:00-04:00,25.065000534057617,25.06999969482422,25.065000534057617,25.065000534057617,0,0.0,0.0,0.0
2023-04-14 10:30:00-04:00,25.059999465942383,25.059999465942383,25.01609992980957,25.01729965209961,3524,0.0,0.0,0.0
2023-04-14 11:30:00-04:00,25.03849983215332,25.03849983215332,25.011999130249023,25.011999130249023,8245,0.0,0.0,0.0
2023-04-14 13:30:00-04:00,25.040000915527344,25.049999237060547,25.024999618530273,25.040000915527344,2698,0.0,0.0,0.0
2023-04-14 14:30:00-04:00,25.049999237060547,25.059999465942383,25.042499542236328,25.045000076293945,1471,0.0,0.0,0.0
2023-04-17 09:30:00-04:00,24.989999771118164,24.989999771118164,24.979999542236328,24.979999542236328,0,0.0,0.0,0.0
2023-04-17 10:30:00-04:00,24.950000762939453,24.969999313354492,24.899999618530273,24.920000076293945,2336,0.0,0.0,0.0
2023-04-17 11:30:00-04:00,24.95989990234375,24.95989990234375,24.91010093688965,24.934999465942383,4696,0.0,0.0,0.0
2023-04-17 12:30:00-04:00,24.934999465942383,24.934999465942383,24.920000076293945,24.920000076293945,203,0.0,0.0,0.0
2023-04-17 13:30:00-04:00,24.920000076293945,24.920000076293945,24.918100357055664,24.920000076293945,422,0.0,0.0,0.0
2023-04-17 14:30:00-04:00,24.91010093688965,24.950000762939453,24.91010093688965,24.950000762939453,1011,0.0,0.0,0.0
2023-04-17 15:30:00-04:00,24.90999984741211,24.950000762939453,24.90999984741211,24.90999984741211,584,0.0,0.0,0.0
2023-04-18 09:30:00-04:00,24.940000534057617,24.989999771118164,24.891199111938477,24.969999313354492,0,0.0,0.0,0.0
2023-04-18 10:30:00-04:00,24.959999084472656,24.999900817871094,24.959999084472656,24.999900817871094,1245,0.0,0.0,0.0
2023-04-18 11:30:00-04:00,24.969999313354492,25.010000228881836,24.94969940185547,24.950000762939453,23647,0.0,0.0,0.0
2023-04-18 12:30:00-04:00,24.96500015258789,24.96500015258789,24.96500015258789,24.96500015258789,831,0.0,0.0,0.0
2023-04-18 13:30:00-04:00,24.979999542236328,24.979999542236328,24.940000534057617,24.940000534057617,681,0.0,0.0,0.0
2023-04-18 14:30:00-04:00,24.938100814819336,24.969999313354492,24.938100814819336,24.9414005279541,1102,0.0,0.0,0.0
2023-04-18 15:30:00-04:00,24.969999313354492,24.979999542236328,24.940000534057617,24.950000762939453,3303,0.0,0.0,0.0
2023-04-19 09:30:00-04:00,24.8700008392334,24.879600524902344,24.8700008392334,24.87929916381836,0,0.0,0.0,0.0
2023-04-19 10:30:00-04:00,24.8882999420166,24.8882999420166,24.850000381469727,24.852100372314453,4587,0.0,0.0,0.0
2023-04-19 11:30:00-04:00,24.854999542236328,24.859500885009766,24.850000381469727,24.850000381469727,1155,0.0,0.0,0.0
2023-04-19 12:30:00-04:00,24.850000381469727,24.859899520874023,24.850000381469727,24.850000381469727,8132,0.0,0.0,0.0
2023-04-19 13:30:00-04:00,24.8700008392334,24.8700008392334,24.84000015258789,24.860000610351562,1622,0.0,0.0,0.0
2023-04-19 14:30:00-04:00,24.850000381469727,24.860000610351562,24.850000381469727,24.860000610351562,524,0.0,0.0,0.0
2023-04-19 15:30:00-04:00,24.860000610351562,24.8799991607666,24.850000381469727,24.850000381469727,2650,0.0,0.0,0.0
2023-04-20 09:30:00-04:00,24.94499969482422,24.94499969482422,24.94499969482422,24.94499969482422,0,0.0,0.0,0.0
2023-04-20 10:30:00-04:00,24.930099487304688,24.969999313354492,24.930099487304688,24.969999313354492,1265,0.0,0.0,0.0
2023-04-20 11:30:00-04:00,24.93000030517578,24.950000762939453,24.93000030517578,24.950000762939453,737,0.0,0.0,0.0
2023-04-20 12:30:00-04:00,24.959999084472656,24.967500686645508,24.93000030517578,24.967500686645508,2023,0.0,0.0,0.0
2023-04-20 13:30:00-04:00,24.940000534057617,24.940000534057617,24.940000534057617,24.940000534057617,670,0.0,0.0,0.0
2023-04-20 14:30:00-04:00,24.950000762939453,24.950000762939453,24.90169906616211,24.950000762939453,2603,0.0,0.0,0.0
2023-04-20 15:30:00-04:00,24.940000534057617,24.950000762939453,24.899999618530273,24.899999618530273,3434,0.0,0.0,0.0
2023-04-21 09:30:00-04:00,25.0,25.020000457763672,24.860000610351562,24.860000610351562,0,0.0,0.0,0.0
2023-04-21 10:30:00-04:00,24.920000076293945,24.920000076293945,24.920000076293945,24.920000076293945,0,0.0,0.0,0.0
2023-04-21 12:30:00-04:00,24.940000534057617,25.020000457763672,24.93000030517578,24.949899673461914,41347,0.0,0.0,0.0
2023-04-21 13:30:00-04:00,24.940000534057617,24.940000534057617,24.940000534057617,24.940000534057617,2127,0.0,0.0,0.0
2023-04-21 14:30:00-04:00,24.940000534057617,24.940000534057617,24.930999755859375,24.93950080871582,0,0.0,0.0,0.0
2023-04-24 09:30:00-04:00,25.0,25.0,24.979999542236328,24.979999542236328,0,0.0,0.0,0.0
2023-04-24 10:30:00-04:00,24.969999313354492,24.969999313354492,24.969999313354492,24.969999313354492,0,0.0,0.0,0.0
2023-04-24 11:30:00-04:00,25.030000686645508,25.030000686645508,24.989999771118164,24.989999771118164,1490,0.0,0.0,0.0
2023-04-24 12:30:00-04:00,25.010000228881836,25.01930046081543,25.010000228881836,25.01930046081543,1273,0.0,0.0,0.0
2023-04-24 13:30:00-04:00,25.030000686645508,25.049999237060547,25.022300720214844,25.049999237060547,3768,0.0,0.0,0.0
2023-04-24 14:30:00-04:00,25.03569984436035,25.059999465942383,25.030000686645508,25.059999465942383,6629,0.0,0.0,0.0
2023-04-24 15:30:00-04:00,25.049999237060547,25.059999465942383,25.03499984741211,25.059999465942383,0,0.0,0.0,0.0
2023-04-25 09:30:00-04:00,25.139999389648438,25.139999389648438,25.139999389648438,25.139999389648438,612,0.0,0.0,0.0
2023-04-25 11:30:00-04:00,25.18000030517578,25.18000030517578,25.170000076293945,25.170000076293945,0,0.0,0.0,0.0
2023-04-25 12:30:00-04:00,25.18000030517578,25.219999313354492,25.15130043029785,25.16010093688965,4112,0.0,0.0,0.0
2023-04-25 13:30:00-04:00,25.209999084472656,25.280000686645508,25.186500549316406,25.186500549316406,9509,0.0,0.0,0.0
2023-04-25 14:30:00-04:00,25.219999313354492,25.219999313354492,25.189699172973633,25.189699172973633,0,0.0,0.0,0.0
2023-04-25 15:30:00-04:00,25.209999084472656,25.209999084472656,25.200000762939453,25.200000762939453,18512,0.0,0.0,0.0
2023-04-26 09:30:00-04:00,25.190000534057617,25.209999084472656,25.170000076293945,25.209999084472656,0,0.0,0.0,0.0
2023-04-26 10:30:00-04:00,25.190000534057617,25.199800491333008,25.149700164794922,25.149700164794922,17795,0.0,0.0,0.0
2023-04-26 11:30:00-04:00,25.139999389648438,25.139999389648438,25.1200008392334,25.1299991607666,27492,0.0,0.0,0.0
2023-04-26 12:30:00-04:00,25.079999923706055,25.094999313354492,25.06999969482422,25.094999313354492,4100,0.0,0.0,0.0
2023-04-26 13:30:00-04:00,25.06999969482422,25.06999969482422,25.06999969482422,25.06999969482422,2219,0.0,0.0,0.0
2023-04-26 14:30:00-04:00,25.109100341796875,25.109100341796875,25.084999084472656,25.084999084472656,571,0.0,0.0,0.0
2023-04-26 15:30:00-04:00,25.104999542236328,25.110000610351562,25.059999465942383,25.059999465942383,0,0.0,0.0,0.0
2023-04-27 09:30:00-04:00,25.0,25.0,25.0,25.0,0,0.0,0.0,0.0
2023-04-27 11:30:00-04:00,25.010000228881836,25.010000228881836,25.010000228881836,25.010000228881836,1005,0.0,0.0,0.0
2023-04-27 12:30:00-04:00,25.010000228881836,25.010000228881836,25.010000228881836,25.010000228881836,845,0.0,0.0,0.0
2023-04-27 13:30:00-04:00,24.989999771118164,25.0,24.963899612426758,24.969999313354492,1262,0.0,0.0,0.0
2023-04-27 14:30:00-04:00,24.989999771118164,24.989999771118164,24.979999542236328,24.979999542236328,858,0.0,0.0,0.0
2023-04-27 15:30:00-04:00,24.975000381469727,24.975000381469727,24.950000762939453,24.950000762939453,755,0.0,0.0,0.0
2023-04-28 09:30:00-04:00,25.079999923706055,25.1200008392334,25.079999923706055,25.09000015258789,0,0.0,0.0,0.0
2023-04-28 10:30:00-04:00,25.079999923706055,25.079999923706055,25.079999923706055,25.079999923706055,233,0.0,0.0,0.0
2023-04-28 11:30:00-04:00,25.114999771118164,25.1200008392334,25.114999771118164,25.1200008392334,1766,0.0,0.0,0.0
2023-04-28 14:30:00-04:00,25.110000610351562,25.1200008392334,25.110000610351562,25.1200008392334,3140,0.0,0.0,0.0
2023-04-28 15:30:00-04:00,25.1200008392334,25.1200008392334,25.110000610351562,25.110000610351562,212,0.0,0.0,0.0
2023-05-01 09:30:00-04:00,25.1200008392334,25.1200008392334,24.850099563598633,24.850099563598633,2986,0.0,0.0,0.0
2023-05-01 10:30:00-04:00,24.850000381469727,24.850000381469727,24.80970001220703,24.80970001220703,5829,0.0,0.0,0.0
2023-05-01 11:30:00-04:00,24.849899291992188,24.849899291992188,24.799999237060547,24.799999237060547,691,0.0,0.0,0.0
2023-05-01 12:30:00-04:00,24.804899215698242,24.829999923706055,24.804899215698242,24.829200744628906,2752,0.0,0.0,0.0
2023-05-01 13:30:00-04:00,24.80500030517578,24.80500030517578,24.799999237060547,24.799999237060547,1317,0.0,0.0,0.0
2023-05-01 15:30:00-04:00,24.739999771118164,24.739999771118164,24.68000030517578,24.715099334716797,0,0.0,0.0,0.0
2023-05-02 09:30:00-04:00,24.950000762939453,24.950000762939453,24.803699493408203,24.90999984741211,27501,0.0,0.0,0.0
2023-05-02 10:30:00-04:00,24.905000686645508,24.979900360107422,24.860000610351562,24.940000534057617,17982,0.0,0.0,0.0
2023-05-02 11:30:00-04:00,24.940000534057617,24.940000534057617,24.939899444580078,24.939899444580078,727,0.0,0.0,0.0
2023-05-02 12:30:00-04:00,24.95989990234375,24.95989990234375,24.936100006103516,24.936100006103516,0,0.0,0.0,0.0
2023-05-02 13:30:00-04:00,24.934999465942383,24.959999084472656,24.934999465942383,24.959999084472656,47784,0.0,0.0,0.0
2023-05-02 14:30:00-04:00,24.969999313354492,25.049999237060547,24.969999313354492,25.018999099731445,20005,0.0,0.0,0.0
2023-05-02 15:30:00-04:00,25.010000228881836,25.01959991455078,24.978099822998047,24.979999542236328,34341,0.0,0.0,0.0
2023-05-03 09:30:00-04:00,25.045000076293945,25.06999969482422,25.045000076293945,25.058700561523438,0,0.0,0.0,0.0
2023-05-03 10:30:00-04:00,25.05900001525879,25.079999923706055,25.05900001525879,25.079999923706055,3461,0.0,0.0,0.0
2023-05-03 11:30:00-04:00,25.06999969482422,25.06999969482422,25.06999969482422,25.06999969482422,338,0.0,0.0,0.0
2023-05-03 12:30:00-04:00,25.059999465942383,25.059999465942383,25.059999465942383,25.059999465942383,421,0.0,0.0,0.0
2023-05-03 13:30:00-04:00,25.059999465942383,25.059999465942383,25.03499984741211,25.03499984741211,5258,0.0,0.0,0.0
2023-05-03 14:30:00-04:00,25.020000457763672,25.0492000579834,25.020000457763672,25.0492000579834,538,0.0,0.0,0.0
2023-05-03 15:30:00-04:00,25.030000686645508,25.06999969482422,25.030000686645508,25.059999465942383,4302,0.0,0.0,0.0
2023-05-04 09:30:00-04:00,24.950000762939453,25.0585994720459,24.950000762939453,25.0585994720459,0,0.0,0.0,0.0
2023-05-04 10:30:00-04:00,25.06999969482422,25.079999923706055,25.06999969482422,25.06999969482422,12455,0.0,0.0,0.0
2023-05-04 11:30:00-04:00,25.079999923706055,25.09000015258789,25.066200256347656,25.084999084472656,1255,0.0,0.0,0.0
2023-05-04 12:30:00-04:00,25.09000015258789,25.098499298095703,25.049999237060547,25.049999237060547,4275,0.0,0.0,0.0
2023-05-04 13:30:00-04:00,25.030000686645508,25.039899826049805,25.020000457763672,25.030000686645508,1842,0.0,0.0,0.0
2023-05-04 14:30:00-04:00,25.040000915527344,25.040000915527344,25.020099639892578,25.024999618530273,7184,0.0,0.0,0.0
2023-05-04 15:30:00-04:00,25.024999618530273,25.030000686645508,25.020000457763672,25.020000457763672,3512,0.0,0.0,0.0
2023-05-05 09:30:00-04:00,24.950000762939453,24.979999542236328,24.920000076293945,24.920000076293945,0,0.0,0.0,0.0
2023-05-05 10:30:00-04:00,24.92799949645996,24.92799949645996,24.920000076293945,24.920000076293945,0,0.0,0.0,0.0
2023-05-05 11:30:00-04:00,24.8799991607666,24.889999389648438,24.8799991607666,24.889999389648438,4815,0.0,0.0,0.0
2023-05-05 12:30:00-04:00,24.889999389648438,24.889999389648438,24.889999389648438,24.889999389648438,1651,0.0,0.0,0.0
2023-05-05 13:30:00-04:00,24.90999984741211,24.90999984741211,24.90999984741211,24.90999984741211,266,0.0,0.0,0.0
2023-05-05 15:30:00-04:00,24.93000030517578,24.940000534057617,24.899999618530273,24.899999618530273,0,0.0,0.0,0.0
2023-05-08 09:30:00-04:00,24.790000915527344,24.809999465942383,24.784500122070312,24.809999465942383,1888,0.0,0.0,0.0
2023-05-08 10:30:00-04:00,24.770000457763672,24.780000686645508,24.770000457763672,24.780000686645508,657,0.0,0.0,0.0
2023-05-08 11:30:00-04:00,24.78499984741211,24.828800201416016,24.781700134277344,24.828800201416016,4752,0.0,0.0,0.0
2023-05-08 12:30:00-04:00,24.780099868774414,24.829299926757812,24.780099868774414,24.818099975585938,2712,0.0,0.0,0.0
2023-05-08 13:30:00-04:00,24.780000686645508,24.809999465942383,24.769699096679688,24.790000915527344,2346,0.0,0.0,0.0
2023-05-08 14:30:00-04:00,24.790000915527344,24.790000915527344,24.754899978637695,24.754899978637695,3047,0.0,0.0,0.0
2023-05-08 15:30:00-04:00,24.75,24.75,24.729999542236328,24.729999542236328,663,0.0,0.0,0.0
2023-05-09 09:30:00-04:00,24.770000457763672,24.825000762939453,24.770000457763672,24.80500030517578,0,0.0,0.0,0.0
2023-05-09 10:30:00-04:00,24.774999618530273,24.850000381469727,24.774999618530273,24.799999237060547,2933,0.0,0.0,0.0
2023-05-09 11:30:00-04:00,24.799999237060547,24.81999969482422,24.78499984741211,24.81999969482422,288208,0.0,0.0,0.0
2023-05-09 12:30:00-04:00,24.790000915527344,24.807100296020508,24.776899337768555,24.776899337768555,11558,0.0,0.0,0.0
2023-05-09 15:30:00-04:00,24.770000457763672,24.770000457763672,24.75,24.75,698,0.0,0.0,0.0
2023-05-10 09:30:00-04:00,24.719999313354492,24.93000030517578,24.719999313354492,24.889999389648438,0,0.0,0.0,0.0
2023-05-10 10:30:00-04:00,24.875,24.90999984741211,24.871599197387695,24.90999984741211,0,0.0,0.0,0.0
2023-05-10 11:30:00-04:00,24.90999984741211,24.90999984741211,24.90329933166504,24.90999984741211,0,0.0,0.0,0.0
2023-05-10 12:30:00-04:00,24.90999984741211,24.93000030517578,24.907699584960938,24.90999984741211,50720,0.0,0.0,0.0
2023-05-10 13:30:00-04:00,24.90999984741211,24.969999313354492,24.90999984741211,24.93000030517578,22521,0.0,0.0,0.0
2023-05-10 15:30:00-04:00,24.93000030517578,24.93000030517578,24.90999984741211,24.90999984741211,566,0.0,0.0,0.0
2023-05-11 09:30:00-04:00,25.059999465942383,25.082500457763672,25.0,25.01449966430664,0,0.0,0.0,0.0
2023-05-11 10:30:00-04:00,25.030000686645508,25.040000915527344,24.997499465942383,25.010000228881836,4979,0.0,0.0,0.0
2023-05-11 11:30:00-04:00,25.010000228881836,25.010000228881836,25.005699157714844,25.005699157714844,2061,0.0,0.0,0.0
2023-05-11 12:30:00-04:00,25.020000457763672,25.030000686645508,25.000099182128906,25.01569938659668,24480,0.0,0.0,0.0
2023-05-11 13:30:00-04:00,25.020000457763672,25.049100875854492,25.000099182128906,25.001300811767578,43216,0.0,0.0,0.0
2023-05-11 14:30:00-04:00,25.010000228881836,25.020000457763672,25.000099182128906,25.010000228881836,29337,0.0,0.0,0.0
2023-05-11 15:30:00-04:00,25.024999618530273,25.04949951171875,25.0,25.0,1865,0.0,0.0,0.0
2023-05-12 09:30:00-04:00,25.030000686645508,25.030000686645508,24.979999542236328,24.979999542236328,0,0.0,0.0,0.0
2023-05-12 10:30:00-04:00,24.90999984741211,24.93000030517578,24.889999389648438,24.889999389648438,1944,0.0,0.0,0.0
2023-05-12 11:30:00-04:00,24.938400268554688,24.938400268554688,24.8700008392334,24.895000457763672,1864,0.0,0.0,0.0
2023-05-12 12:30:00-04:00,24.90999984741211,24.940000534057617,24.88450050354004,24.899999618530273,5977,0.0,0.0,0.0
2023-05-12 13:30:00-04:00,24.895000457763672,24.90999984741211,24.889999389648438,24.889999389648438,8866,0.0,0.0,0.0
2023-05-12 14:30:00-04:00,24.870100021362305,24.918500900268555,24.809999465942383,24.820600509643555,52009,0.0,0.0,0.0
2023-05-12 15:30:00-04:00,24.82379913330078,24.8799991607666,24.82379913330078,24.84000015258789,2277,0.0,0.0,0.0
2023-05-15 09:30:00-04:00,24.84000015258789,24.84000015258789,24.729999542236328,24.729999542236328,0,0.0,0.0,0.0
2023-05-15 10:30:00-04:00,24.780000686645508,24.790000915527344,24.741300582885742,24.758100509643555,10219,0.0,0.0,0.0
2023-05-15 11:30:00-04:00,24.780000686645508,24.799999237060547,24.75,24.774999618530273,4158,0.0,0.0,0.0
2023-05-15 12:30:00-04:00,24.7992000579834,24.7992000579834,24.719999313354492,24.719999313354492,681,0.0,0.0,0.0
2023-05-15 13:30:00-04:00,24.790000915527344,24.790000915527344,24.760000228881836,24.770000457763672,10336,0.0,0.0,0.0
2023-05-15 14:30:00-04:00,24.757699966430664,24.799999237060547,24.75,24.790000915527344,4794,0.0,0.0,0.0
2023-05-15 15:30:00-04:00,24.762100219726562,24.79990005493164,24.7549991607666,24.7549991607666,3689,0.0,0.0,0.0
2023-05-16 09:30:00-04:00,24.700000762939453,24.700000762939453,24.670000076293945,24.670000076293945,0,0.0,0.0,0.0
2023-05-16 10:30:00-04:00,24.66010093688965,24.68000030517578,24.65999984741211,24.670000076293945,34294,0.0,0.0,0.0
2023-05-16 11:30:00-04:00,24.670000076293945,24.799999237060547,24.65489959716797,24.665000915527344,12959,0.0,0.0,0.0
2023-05-16 12:30:00-04:00,24.665000915527344,24.699899673461914,24.662099838256836,24.699899673461914,6235,0.0,0.0,0.0
2023-05-16 13:30:00-04:00,24.690000534057617,24.690000534057617,24.674999237060547,24.674999237060547,1813,0.0,0.0,0.0
2023-05-16 14:30:00-04:00,24.690000534057617,24.690000534057617,24.650100708007812,24.674999237060547,4819,0.0,0.0,0.0
2023-05-16 15:30:00-04:00,24.674999237060547,24.700000762939453,24.629899978637695,24.6299991607666,0,0.0,0.0,0.0
2023-05-17 09:30:00-04:00,24.68000030517578,24.68000030517578,24.670000076293945,24.670000076293945,2300,0.0,0.0,0.0
2023-05-17 10:30:00-04:00,24.674999237060547,24.700000762939453,24.649999618530273,24.670000076293945,1372,0.0,0.0,0.0
2023-05-17 11:30:00-04:00,24.649999618530273,24.65999984741211,24.649999618530273,24.649999618530273,1364,0.0,0.0,0.0
2023-05-17 12:30:00-04:00,24.639999389648438,24.649999618530273,24.6200008392334,24.635000228881836,3881,0.0,0.0,0.0
2023-05-17 13:30:00-04:00,24.624900817871094,24.649999618530273,24.6200008392334,24.639999389648438,8281,0.0,0.0,0.0
2023-05-17 14:30:00-04:00,24.635000228881836,24.64940071105957,24.625,24.625,3336,0.0,0.0,0.0
2023-05-17 15:30:00-04:00,24.639999389648438,24.649999618530273,24.615100860595703,24.615100860595703,0,0.0,0.0,0.0
2023-05-18 09:30:00-04:00,24.530000686645508,24.659900665283203,24.520000457763672,24.531700134277344,0,0.0,0.0,0.0
2023-05-18 10:30:00-04:00,24.51810073852539,24.540000915527344,24.51810073852539,24.540000915527344,3406,0.0,0.0,0.0
2023-05-18 11:30:00-04:00,24.530000686645508,24.559999465942383,24.530000686645508,24.559999465942383,777,0.0,0.0,0.0
2023-05-18 12:30:00-04:00,24.56999969482422,24.56999969482422,24.53499984741211,24.559999465942383,1550,0.0,0.0,0.0
2023-05-18 13:30:00-04:00,24.53499984741211,24.594999313354492,24.53499984741211,24.545000076293945,11696,0.0,0.0,0.0
2023-05-18 14:30:00-04:00,24.540000915527344,24.540000915527344,24.530000686645508,24.540000915527344,1106,0.0,0.0,0.0
2023-05-18 15:30:00-04:00,24.530000686645508,24.59000015258789,24.489999771118164,24.489999771118164,15186,0.0,0.0,0.0
2023-05-19 09:30:00-04:00,24.479999542236328,24.510000228881836,24.479999542236328,24.5,0,0.0,0.0,0.0
2023-05-19 10:30:00-04:00,24.489999771118164,24.530000686645508,24.469999313354492,24.530000686645508,5944,0.0,0.0,0.0
2023-05-19 11:30:00-04:00,24.559999465942383,24.56999969482422,24.52050018310547,24.526500701904297,36705,0.0,0.0,0.0
2023-05-19 12:30:00-04:00,24.549999237060547,24.549999237060547,24.50550079345703,24.540000915527344,10555,0.0,0.0,0.0
2023-05-19 13:30:00-04:00,24.540000915527344,24.549999237060547,24.5049991607666,24.5049991607666,21043,0.0,0.0,0.0
2023-05-19 14:30:00-04:00,24.520000457763672,24.520000457763672,24.479700088500977,24.509899139404297,28271,0.0,0.0,0.0
2023-05-19 15:30:00-04:00,24.5,24.5,24.479999542236328,24.479999542236328,0,0.0,0.0,0.0
2023-05-22 09:30:00-04:00,24.510000228881836,24.510000228881836,24.510000228881836,24.510000228881836,752,0.0,0.0,0.0
2023-05-22 10:30:00-04:00,24.47570037841797,24.489999771118164,24.47570037841797,24.489999771118164,711,0.0,0.0,0.0
2023-05-22 11:30:00-04:00,24.469999313354492,24.489999771118164,24.45490074157715,24.489999771118164,26164,0.0,0.0,0.0
2023-05-22 12:30:00-04:00,24.479999542236328,24.530000686645508,24.462099075317383,24.530000686645508,6168,0.0,0.0,0.0
2023-05-22 13:30:00-04:00,24.530000686645508,24.559999465942383,24.49650001525879,24.51810073852539,13752,0.0,0.0,0.0
2023-05-22 14:30:00-04:00,24.520000457763672,24.5393009185791,24.489700317382812,24.489700317382812,10138,0.0,0.0,0.0
2023-05-22 15:30:00-04:00,24.530000686645508,24.530000686645508,24.479999542236328,24.510000228881836,5729,0.0,0.0,0.0
2023-05-23 09:30:00-04:00,24.579999923706055,24.690000534057617,24.440000534057617,24.520000457763672,172161,0.0,0.0,0.0
2023-05-23 10:30:00-04:00,24.520000457763672,24.559999465942383,24.474899291992188,24.5,22297,0.0,0.0,0.0
2023-05-23 11:30:00-04:00,24.489999771118164,24.600000381469727,24.478099822998047,24.489999771118164,195662,0.0,0.0,0.0
2023-05-23 12:30:00-04:00,24.5,24.530000686645508,24.474899291992188,24.510000228881836,49800,0.0,0.0,0.0
2023-05-23 13:30:00-04:00,24.514999389648438,24.530000686645508,24.491300582885742,24.524999618530273,23821,0.0,0.0,0.0
2023-05-23 14:30:00-04:00,24.524999618530273,24.559999465942383,24.520000457763672,24.549999237060547,28226,0.0,0.0,0.0
2023-05-23 15:30:00-04:00,24.55500030517578,24.56999969482422,24.530000686645508,24.530000686645508,31452,0.0,0.0,0.0
2023-05-24 09:30:00-04:00,24.68000030517578,24.690000534057617,24.5,24.509899139404297,0,0.0,0.0,0.0
2023-05-24 10:30:00-04:00,24.510000228881836,24.510000228881836,24.48889923095703,24.5,6092,0.0,0.0,0.0
2023-05-24 11:30:00-04:00,24.5,24.5,24.450000762939453,24.450000762939453,30313,0.0,0.0,0.0
2023-05-24 13:30:00-04:00,24.479999542236328,24.482500076293945,24.479999542236328,24.479999542236328,1140,0.0,0.0,0.0
2023-05-24 14:30:00-04:00,24.5,24.5049991607666,24.459999084472656,24.459999084472656,5309,0.0,0.0,0.0
2023-05-24 15:30:00-04:00,24.459999084472656,24.469999313354492,24.459999084472656,24.469999313354492,22287,0.0,0.0,0.0
2023-05-25 09:30:00-04:00,24.420000076293945,24.440000534057617,24.40999984741211,24.440000534057617,0,0.0,0.0,0.0
2023-05-25 10:30:00-04:00,24.458999633789062,24.458999633789062,24.3700008392334,24.3700008392334,5169,0.0,0.0,0.0
2023-05-25 11:30:00-04:00,24.360000610351562,24.43000030517578,24.360000610351562,24.3700008392334,8099,0.0,0.0,0.0
2023-05-25 12:30:00-04:00,24.3700008392334,24.43000030517578,24.3700008392334,24.399999618530273,10463,0.0,0.0,0.0
2023-05-25 13:30:00-04:00,24.350099563598633,24.350099563598633,24.350099563598633,24.350099563598633,246,0.0,0.0,0.0
2023-05-25 14:30:00-04:00,24.389999389648438,24.399999618530273,24.350000381469727,24.3700008392334,11001,0.0,0.0,0.0
2023-05-25 15:30:00-04:00,24.3700008392334,24.3700008392334,24.346500396728516,24.360000610351562,1858,0.0,0.0,0.0
2023-05-26 09:30:00-04:00,24.3700008392334,24.389999389648438,24.329999923706055,24.389999389648438,0,0.0,0.0,0.0
2023-05-26 10:30:00-04:00,24.38409996032715,24.420000076293945,24.329999923706055,24.329999923706055,4603,0.0,0.0,0.0
2023-05-26 11:30:00-04:00,24.350000381469727,24.360000610351562,24.350000381469727,24.357999801635742,1883,0.0,0.0,0.0
2023-05-26 12:30:00-04:00,24.3700008392334,24.3700008392334,24.3700008392334,24.3700008392334,0,0.0,0.0,0.0
2023-05-26 13:30:00-04:00,24.40999984741211,24.420000076293945,24.395000457763672,24.41950035095215,11387,0.0,0.0,0.0
2023-05-26 14:30:00-04:00,24.40999984741211,24.40999984741211,24.40570068359375,24.40999984741211,2662,0.0,0.0,0.0
2023-05-26 15:30:00-04:00,24.399999618530273,24.416900634765625,24.399999618530273,24.416900634765625,500,0.0,0.0,0.0
2023-05-30 09:30:00-04:00,24.530000686645508,24.679899215698242,24.530000686645508,24.549999237060547,0,0.0,0.0,0.0
2023-05-30 10:30:00-04:00,24.549999237060547,24.568599700927734,24.54010009765625,24.568599700927734,3632,0.0,0.0,0.0
2023-05-30 11:30:00-04:00,24.56999969482422,24.56999969482422,24.550100326538086,24.559999465942383,4036,0.0,0.0,0.0
2023-05-30 12:30:00-04:00,24.55500030517578,24.586000442504883,24.55500030517578,24.579999923706055,800,0.0,0.0,0.0
2023-05-30 13:30:00-04:00,24.579999923706055,24.599000930786133,24.579999923706055,24.59000015258789,3400,0.0,0.0,0.0
2023-05-30 14:30:00-04:00,24.579999923706055,24.600000381469727,24.579999923706055,24.586999893188477,1692,0.0,0.0,0.0
2023-05-30 15:30:00-04:00,24.570100784301758,24.600000381469727,24.570100784301758,24.598499298095703,3244,0.0,0.0,0.0
2023-05-31 09:30:00-04:00,24.549999237060547,24.6299991607666,24.549999237060547,24.587600708007812,0,0.0,0.0,0.0
2023-05-31 10:30:00-04:00,24.604999542236328,24.6200008392334,24.590099334716797,24.590099334716797,4087,0.0,0.0,0.0
2023-05-31 11:30:00-04:00,24.610000610351562,24.610000610351562,24.610000610351562,24.610000610351562,1703,0.0,0.0,0.0
2023-05-31 13:30:00-04:00,24.649999618530273,24.649999618530273,24.649999618530273,24.649999618530273,118,0.0,0.0,0.0
2023-05-31 14:30:00-04:00,24.655000686645508,24.689699172973633,24.655000686645508,24.689699172973633,2314,0.0,0.0,0.0
2023-06-01 09:30:00-04:00,24.709999084472656,24.709999084472656,24.68000030517578,24.68000030517578,10168,0.0,0.0,0.0
2023-06-01 10:30:00-04:00,24.63010025024414,24.645000457763672,24.63010025024414,24.63010025024414,2109,0.0,0.0,0.0
2023-06-01 11:30:00-04:00,24.649999618530273,24.670000076293945,24.6299991607666,24.670000076293945,5044,0.0,0.0,0.0
2023-06-01 12:30:00-04:00,24.64900016784668,24.649999618530273,24.639999389648438,24.639999389648438,1857,0.0,0.0,0.0
2023-06-01 13:30:00-04:00,24.65999984741211,24.68000030517578,24.649999618530273,24.68000030517578,5092,0.0,0.0,0.0
2023-06-01 14:30:00-04:00,24.690000534057617,24.700000762939453,24.670000076293945,24.690000534057617,1427809,0.0,0.0,0.0
2023-06-01 15:30:00-04:00,24.649700164794922,24.690000534057617,24.649700164794922,24.674999237060547,0,0.0,0.0,0.0
2023-06-02 09:30:00-04:00,24.670000076293945,24.670000076293945,24.60409927368164,24.604999542236328,10538,0.0,0.0,0.0
2023-06-02 10:30:00-04:00,24.59000015258789,24.63920021057129,24.59000015258789,24.6200008392334,9214,0.0,0.0,0.0
2023-06-02 11:30:00-04:00,24.6299991607666,24.6299991607666,24.6200008392334,24.6200008392334,831,0.0,0.0,0.0
2023-06-02 12:30:00-04:00,24.6200008392334,24.6299991607666,24.614999771118164,24.614999771118164,1526,0.0,0.0,0.0
2023-06-02 13:30:00-04:00,24.6200008392334,24.6200008392334,24.610000610351562,24.6200008392334,6607,0.0,0.0,0.0
2023-06-02 14:30:00-04:00,24.628700256347656,24.628700256347656,24.61370086669922,24.6200008392334,5505,0.0,0.0,0.0
2023-06-02 15:30:00-04:00,24.59000015258789,24.6299991607666,24.559999465942383,24.56999969482422,6736,0.0,0.0,0.0
2023-06-05 09:30:00-04:00,24.59000015258789,24.6299991607666,24.010000228881836,24.600000381469727,0,0.0,0.0,0.0
2023-06-05 10:30:00-04:00,24.579999923706055,24.5841007232666,24.56410026550293,24.56410026550293,5361,0.0,0.0,0.0
2023-06-05 11:30:00-04:00,24.57900047302246,24.59000015258789,24.577999114990234,24.579999923706055,3469,0.0,0.0,0.0
2023-06-05 12:30:00-04:00,24.575000762939453,24.575000762939453,24.54010009765625,24.56999969482422,2466,0.0,0.0,0.0
2023-06-05 13:30:00-04:00,24.559999465942383,24.579999923706055,24.549999237060547,24.549999237060547,7274,0.0,0.0,0.0
2023-06-05 14:30:00-04:00,24.549999237060547,24.55500030517578,24.549999237060547,24.55500030517578,581,0.0,0.0,0.0
2023-06-05 15:30:00-04:00,24.56999969482422,24.579999923706055,24.540000915527344,24.540000915527344,0,0.0,0.0,0.0
2023-06-06 09:30:00-04:00,24.549999237060547,24.56999969482422,24.489999771118164,24.5,0,0.0,0.0,0.0
2023-06-06 10:30:00-04:00,24.489999771118164,24.510000228881836,24.489999771118164,24.510000228881836,2880,0.0,0.0,0.0
2023-06-06 11:30:00-04:00,24.530000686645508,24.530000686645508,24.520000457763672,24.523000717163086,3420,0.0,0.0,0.0
2023-06-06 12:30:00-04:00,24.530000686645508,24.530000686645508,24.510000228881836,24.527999877929688,1997,0.0,0.0,0.0
2023-06-06 13:30:00-04:00,24.520000457763672,24.559999465942383,24.510000228881836,24.559999465942383,2377,0.0,0.0,0.0
2023-06-06 15:30:00-04:00,24.540800094604492,24.56999969482422,24.540800094604492,24.56999969482422,2800,0.0,0.0,0.0
2023-06-07 09:30:00-04:00,24.56999969482422,24.579999923706055,24.5049991607666,24.5049991607666,0,0.0,0.0,0.0
2023-06-07 10:30:00-04:00,24.469999313354492,24.469999313354492,24.40999984741211,24.43000030517578,4845,0.0,0.0,0.0
2023-06-07 11:30:00-04:00,24.43000030517578,24.45989990234375,24.388099670410156,24.388099670410156,5389,0.0,0.0,0.0
2023-06-07 12:30:00-04:00,24.389999389648438,24.399999618530273,24.3799991607666,24.399999618530273,3167,0.0,0.0,0.0
2023-06-07 13:30:00-04:00,24.389999389648438,24.649999618530273,24.368999481201172,24.37700080871582,106782,0.0,0.0,0.0
2023-06-07 14:30:00-04:00,24.3799991607666,24.389999389648438,24.350099563598633,24.389999389648438,29297,0.0,0.0,0.0
2023-06-07 15:30:00-04:00,24.3799991607666,24.399999618530273,24.3700008392334,24.3799991607666,20766,0.0,0.0,0.0
2023-06-08 09:30:00-04:00,24.479999542236328,24.479999542236328,24.389999389648438,24.45050048828125,0,0.0,0.0,0.0
2023-06-08 10:30:00-04:00,24.459999084472656,24.469900131225586,24.44420051574707,24.44420051574707,6788,0.0,0.0,0.0
2023-06-08 11:30:00-04:00,24.4783992767334,24.489999771118164,24.457000732421875,24.489999771118164,2004,0.0,0.0,0.0
2023-06-08 12:30:00-04:00,24.489999771118164,24.489999771118164,24.489999771118164,24.489999771118164,278,0.0,0.0,0.0
2023-06-08 13:30:00-04:00,24.5,24.510000228881836,24.499900817871094,24.510000228881836,1093,0.0,0.0,0.0
2023-06-08 14:30:00-04:00,24.5,24.529800415039062,24.48550033569336,24.529800415039062,1443,0.0,0.0,0.0
2023-06-08 15:30:00-04:00,24.510000228881836,24.520000457763672,24.503999710083008,24.503999710083008,1899,0.0,0.0,0.0
2023-06-09 09:30:00-04:00,24.450000762939453,24.450000762939453,24.43000030517578,24.43000030517578,0,0.0,0.0,0.0
2023-06-09 10:30:00-04:00,24.454999923706055,24.459999084472656,24.441499710083008,24.450000762939453,7306,0.0,0.0,0.0
2023-06-09 11:30:00-04:00,24.438499450683594,24.450000762939453,24.438499450683594,24.450000762939453,1698,0.0,0.0,0.0
2023-06-09 12:30:00-04:00,24.44499969482422,24.450000762939453,24.44499969482422,24.450000762939453,353,0.0,0.0,0.0
2023-06-09 13:30:00-04:00,24.46500015258789,24.46500015258789,24.46500015258789,24.46500015258789,227,0.0,0.0,0.0
2023-06-09 14:30:00-04:00,24.469999313354492,24.479999542236328,24.469999313354492,24.469999313354492,9405,0.0,0.0,0.0
2023-06-09 15:30:00-04:00,24.469999313354492,24.469999313354492,24.420000076293945,24.420000076293945,4028,0.0,0.0,0.0
2023-06-12 09:30:00-04:00,24.510000228881836,24.510000228881836,24.420000076293945,24.420000076293945,0,0.0,0.0,0.0
2023-06-12 10:30:00-04:00,24.389999389648438,24.40999984741211,24.389999389648438,24.405000686645508,10073,0.0,0.0,0.0
2023-06-12 11:30:00-04:00,24.424999237060547,24.43000030517578,24.405000686645508,24.43000030517578,3362,0.0,0.0,0.0
2023-06-12 12:30:00-04:00,24.40999984741211,24.420000076293945,24.40999984741211,24.420000076293945,1938,0.0,0.0,0.0
2023-06-12 13:30:00-04:00,24.43000030517578,24.440000534057617,24.40999984741211,24.413999557495117,4213,0.0,0.0,0.0
2023-06-12 14:30:00-04:00,24.43000030517578,24.489999771118164,24.43000030517578,24.479999542236328,6039,0.0,0.0,0.0
2023-06-12 15:30:00-04:00,24.475000381469727,24.5,24.475000381469727,24.4950008392334,5732,0.0,0.0,0.0
2023-06-13 09:30:00-04:00,24.780000686645508,25.010000228881836,24.464500427246094,24.479999542236328,0,0.0,0.0,0.0
2023-06-13 10:30:00-04:00,24.489999771118164,24.489999771118164,24.450000762939453,24.450000762939453,4784,0.0,0.0,0.0
2023-06-13 11:30:00-04:00,24.469999313354492,24.479900360107422,24.433300018310547,24.479900360107422,4569,0.0,0.0,0.0
2023-06-13 12:30:00-04:00,24.434499740600586,24.469999313354492,24.434499740600586,24.44499969482422,3313,0.0,0.0,0.0
2023-06-13 13:30:00-04:00,24.44499969482422,24.44499969482422,24.420000076293945,24.440000534057617,7058,0.0,0.0,0.0
2023-06-13 14:30:00-04:00,24.3700008392334,24.3700008392334,24.343299865722656,24.350000381469727,201645,0.0,0.0,0.0
2023-06-13 15:30:00-04:00,24.3799991607666,24.3799991607666,24.3700008392334,24.3700008392334,41302,0.0,0.0,0.0
2023-06-14 09:30:00-04:00,24.510000228881836,24.6299991607666,24.209999084472656,24.489999771118164,0,0.0,0.0,0.0
2023-06-14 10:30:00-04:00,24.46500015258789,24.489999771118164,24.46500015258789,24.479999542236328,3658,0.0,0.0,0.0
2023-06-14 11:30:00-04:00,24.479999542236328,24.510000228881836,24.476999282836914,24.510000228881836,4730,0.0,0.0,0.0
2023-06-14 12:30:00-04:00,24.485000610351562,24.498699188232422,24.460100173950195,24.460100173950195,1614,0.0,0.0,0.0
2023-06-14 13:30:00-04:00,24.5,24.510000228881836,24.350000381469727,24.360000610351562,30274,0.0,0.0,0.0
2023-06-14 14:30:00-04:00,24.40999984741211,24.440000534057617,24.3799991607666,24.389999389648438,3549,0.0,0.0,0.0
2023-06-14 15:30:00-04:00,24.389999389648438,24.440000534057617,24.384700775146484,24.440000534057617,0,0.0,0.0,0.0
2023-06-15 09:30:00-04:00,24.610000610351562,24.625,24.52989959716797,24.559999465942383,19589,0.0,0.0,0.0
2023-06-15 10:30:00-04:00,24.579999923706055,24.579999923706055,24.549999237060547,24.549999237060547,1327,0.0,0.0,0.0
2023-06-15 11:30:00-04:00,24.559999465942383,24.569599151611328,24.549999237060547,24.565000534057617,980,0.0,0.0,0.0
2023-06-15 12:30:00-04:00,24.584999084472656,24.60650062561035,24.584999084472656,24.600000381469727,4087,0.0,0.0,0.0
2023-06-15 13:30:00-04:00,24.600000381469727,24.600000381469727,24.594100952148438,24.594100952148438,855,0.0,0.0,0.0
2023-06-15 14:30:00-04:00,24.600000381469727,24.639999389648438,24.596500396728516,24.614999771118164,10107,0.0,0.0,0.0
2023-06-16 09:30:00-04:00,24.530000686645508,24.614999771118164,24.520000457763672,24.520000457763672,0,0.0,0.0,0.0
2023-06-16 10:30:00-04:00,24.559999465942383,24.559999465942383,24.540000915527344,24.559999465942383,6103,0.0,0.0,0.0
2023-06-16 11:30:00-04:00,24.552099227905273,24.579999923706055,24.548099517822266,24.579999923706055,1177,0.0,0.0,0.0
2023-06-16 12:30:00-04:00,24.579999923706055,24.579999923706055,24.579999923706055,24.579999923706055,297,0.0,0.0,0.0
2023-06-16 13:30:00-04:00,24.579999923706055,24.59000015258789,24.565000534057617,24.579999923706055,11946,0.0,0.0,0.0
2023-06-16 14:30:00-04:00,24.579999923706055,24.59000015258789,24.579999923706055,24.58989906311035,5575,0.0,0.0,0.0
2023-06-16 15:30:00-04:00,24.59000015258789,24.59000015258789,24.569900512695312,24.569900512695312,200,0.0,0.0,0.0
2023-06-20 09:30:00-04:00,24.690000534057617,24.690000534057617,24.600000381469727,24.674999237060547,1600,0.0,0.0,0.0
2023-06-20 10:30:00-04:00,24.62969970703125,24.690000534057617,24.62969970703125,24.670000076293945,16872,0.0,0.0,0.0
2023-06-20 11:30:00-04:00,24.670000076293945,24.670000076293945,24.655000686645508,24.670000076293945,2789,0.0,0.0,0.0
2023-06-20 12:30:00-04:00,24.670000076293945,24.670000076293945,24.65999984741211,24.670000076293945,3664,0.0,0.0,0.0
2023-06-20 13:30:00-04:00,24.670000076293945,24.68000030517578,24.65999984741211,24.65999984741211,11649,0.0,0.0,0.0
2023-06-20 14:30:00-04:00,24.639999389648438,24.65999984741211,24.6200008392334,24.65169906616211,9229,0.0,0.0,0.0
2023-06-20 15:30:00-04:00,24.65999984741211,24.665000915527344,24.6200008392334,24.6200008392334,4291,0.0,0.0,0.0
2023-06-21 09:30:00-04:00,24.6299991607666,24.6299991607666,24.493099212646484,24.539899826049805,0,0.0,0.0,0.0
2023-06-21 10:30:00-04:00,24.489999771118164,24.549999237060547,24.489999771118164,24.549999237060547,1062,0.0,0.0,0.0
2023-06-21 11:30:00-04:00,24.530000686645508,24.540000915527344,24.520000457763672,24.540000915527344,2616,0.0,0.0,0.0
2023-06-21 12:30:00-04:00,24.531700134277344,24.59000015258789,24.531700134277344,24.59000015258789,2224,0.0,0.0,0.0
2023-06-21 13:30:00-04:00,24.600000381469727,24.600000381469727,24.59939956665039,24.600000381469727,10732,0.0,0.0,0.0
2023-06-21 14:30:00-04:00,24.649900436401367,24.649900436401367,24.614999771118164,24.63920021057129,4267,0.0,0.0,0.0
2023-06-21 15:30:00-04:00,24.6200008392334,24.649999618530273,24.6200008392334,24.648700714111328,2091,0.0,0.0,0.0
2023-06-22 09:30:00-04:00,24.649999618530273,24.649999618530273,24.559999465942383,24.559999465942383,0,0.0,0.0,0.0
2023-06-22 10:30:00-04:00,24.549999237060547,24.549999237060547,24.530000686645508,24.530000686645508,2163,0.0,0.0,0.0
2023-06-22 11:30:00-04:00,24.51689910888672,24.51689910888672,24.51689910888672,24.51689910888672,2073,0.0,0.0,0.0
2023-06-22 12:30:00-04:00,24.500099182128906,24.519800186157227,24.500099182128906,24.510000228881836,5371,0.0,0.0,0.0
2023-06-22 13:30:00-04:00,24.510000228881836,24.52899932861328,24.501699447631836,24.52899932861328,3790,0.0,0.0,0.0
2023-06-22 14:30:00-04:00,24.530000686645508,24.530000686645508,24.530000686645508,24.530000686645508,144,0.0,0.0,0.0
2023-06-22 15:30:00-04:00,24.529800415039062,24.529800415039062,24.503299713134766,24.520000457763672,633,0.0,0.0,0.0
2023-06-23 09:30:00-04:00,24.690000534057617,24.690000534057617,24.6200008392334,24.6200008392334,0,0.0,0.0,0.0
2023-06-23 10:30:00-04:00,24.610000610351562,24.610000610351562,24.579999923706055,24.579999923706055,3346,0.0,0.0,0.0
2023-06-23 11:30:00-04:00,24.579999923706055,24.58989906311035,24.54010009765625,24.548099517822266,1112,0.0,0.0,0.0
2023-06-23 12:30:00-04:00,24.58930015563965,24.58930015563965,24.549999237060547,24.549999237060547,1511,0.0,0.0,0.0
2023-06-23 13:30:00-04:00,24.579999923706055,24.579999923706055,24.540000915527344,24.549999237060547,12327,0.0,0.0,0.0
2023-06-23 14:30:00-04:00,24.556499481201172,24.556499481201172,24.556499481201172,24.556499481201172,183,0.0,0.0,0.0
2023-06-23 15:30:00-04:00,24.579999923706055,24.579999923706055,24.579999923706055,24.579999923706055,711,0.0,0.0,0.0
2023-06-26 09:30:00-04:00,24.780000686645508,24.780000686645508,24.601999282836914,24.614999771118164,0,0.0,0.0,0.0
2023-06-26 10:30:00-04:00,24.639999389648438,24.649999618530273,24.639999389648438,24.649999618530273,8981,0.0,0.0,0.0
2023-06-26 11:30:00-04:00,24.6200008392334,24.6200008392334,24.6200008392334,24.6200008392334,611,0.0,0.0,0.0
2023-06-26 12:30:00-04:00,24.615299224853516,24.639999389648438,24.61009979248047,24.61009979248047,1637,0.0,0.0,0.0
2023-06-26 13:30:00-04:00,24.649999618530273,24.65999984741211,24.649999618530273,24.659900665283203,514,0.0,0.0,0.0
2023-06-26 14:30:00-04:00,24.649900436401367,24.649900436401367,24.61009979248047,24.61009979248047,4608,0.0,0.0,0.0
2023-06-26 15:30:00-04:00,24.619699478149414,24.639999389648438,24.617300033569336,24.625,5553,0.0,0.0,0.0
2023-06-27 09:30:00-04:00,24.670000076293945,24.690000534057617,24.618499755859375,24.618499755859375,0,0.0,0.0,0.0
2023-06-27 12:30:00-04:00,24.608999252319336,24.610000610351562,24.584999084472656,24.584999084472656,3539,0.0,0.0,0.0
2023-06-27 13:30:00-04:00,24.600000381469727,24.600000381469727,24.600000381469727,24.600000381469727,493,0.0,0.0,0.0
2023-06-27 14:30:00-04:00,24.600000381469727,24.610000610351562,24.56999969482422,24.59000015258789,5784,0.0,0.0,0.0
2023-06-27 15:30:00-04:00,24.59000015258789,24.59000015258789,24.579999923706055,24.579999923706055,599,0.0,0.0,0.0
2023-06-28 09:30:00-04:00,24.600000381469727,24.628700256347656,24.59980010986328,24.6200008392334,0,0.0,0.0,0.0
2023-06-28 10:30:00-04:00,24.59000015258789,24.59000015258789,24.56999969482422,24.56999969482422,864,0.0,0.0,0.0
2023-06-28 11:30:00-04:00,24.610000610351562,24.649999618530273,24.610000610351562,24.649999618530273,2756,0.0,0.0,0.0
2023-06-28 12:30:00-04:00,24.610000610351562,24.669099807739258,24.610000610351562,24.669099807739258,2098,0.0,0.0,0.0
2023-06-28 13:30:00-04:00,24.655000686645508,24.68000030517578,24.655000686645508,24.66320037841797,1200,0.0,0.0,0.0
2023-06-28 14:30:00-04:00,24.688400268554688,24.690000534057617,24.65399932861328,24.670000076293945,4732,0.0,0.0,0.0
2023-06-28 15:30:00-04:00,24.662099838256836,24.670000076293945,24.655000686645508,24.655000686645508,1277,0.0,0.0,0.0
2023-06-29 09:30:00-04:00,24.56999969482422,24.56999969482422,24.459299087524414,24.459299087524414,0,0.0,0.0,0.0
2023-06-29 10:30:00-04:00,24.5,24.52869987487793,24.460100173950195,24.5049991607666,5355,0.0,0.0,0.0
2023-06-29 11:30:00-04:00,24.488100051879883,24.5,24.488100051879883,24.489999771118164,3899,0.0,0.0,0.0
2023-06-29 12:30:00-04:00,24.487300872802734,24.50979995727539,24.484899520874023,24.5,4458,0.0,0.0,0.0
2023-06-29 13:30:00-04:00,24.5,24.56999969482422,24.5,24.520000457763672,2682,0.0,0.0,0.0
2023-06-29 14:30:00-04:00,24.52989959716797,24.52989959716797,24.5049991607666,24.520000457763672,6993,0.0,0.0,0.0
2023-06-29 15:30:00-04:00,24.520000457763672,24.529499053955078,24.50349998474121,24.50349998474121,0,0.0,0.0,0.0
2023-06-30 09:30:00-04:00,24.549999237060547,24.59910011291504,24.520000457763672,24.598600387573242,10023,0.0,0.0,0.0
2023-06-30 10:30:00-04:00,24.584999084472656,24.628700256347656,24.56999969482422,24.628700256347656,7219,0.0,0.0,0.0
2023-06-30 11:30:00-04:00,24.610000610351562,24.684999465942383,24.596200942993164,24.607999801635742,6212,0.0,0.0,0.0
2023-06-30 12:30:00-04:00,24.649200439453125,24.649200439453125,24.649200439453125,24.649200439453125,204,0.0,0.0,0.0
2023-06-30 13:30:00-04:00,24.649999618530273,24.649999618530273,24.646099090576172,24.646099090576172,2100,0.0,0.0,0.0
2023-06-30 14:30:00-04:00,24.61359977722168,24.649999618530273,24.61359977722168,24.649999618530273,1163,0.0,0.0,0.0
2023-06-30 15:30:00-04:00,24.649999618530273,24.649999618530273,24.629199981689453,24.629199981689453,1166,0.0,0.0,0.0
2023-07-03 09:30:00-04:00,24.600000381469727,24.619600296020508,24.530000686645508,24.610000610351562,0,0.0,0.0,0.0
2023-07-03 10:30:00-04:00,24.594999313354492,24.610000610351562,24.579999923706055,24.599199295043945,2639,0.0,0.0,0.0
2023-07-03 11:30:00-04:00,24.562000274658203,24.562000274658203,24.549999237060547,24.549999237060547,1197,0.0,0.0,0.0
2023-07-03 12:30:00-04:00,24.548500061035156,24.548500061035156,24.548500061035156,24.548500061035156,200,0.0,0.0,0.0
2023-07-05 09:30:00-04:00,24.610000610351562,24.610000610351562,24.43910026550293,24.45800018310547,0,0.0,0.0,0.0
2023-07-05 10:30:00-04:00,24.459999084472656,24.469999313354492,24.390100479125977,24.420000076293945,12840,0.0,0.0,0.0
2023-07-05 11:30:00-04:00,24.390100479125977,24.43000030517578,24.390100479125977,24.420000076293945,4402,0.0,0.0,0.0
2023-07-05 12:30:00-04:00,24.417499542236328,24.43000030517578,24.3799991607666,24.3799991607666,7932,0.0,0.0,0.0
2023-07-05 13:30:00-04:00,24.3799991607666,24.3799991607666,24.352100372314453,24.368000030517578,4550,0.0,0.0,0.0
2023-07-05 14:30:00-04:00,24.3700008392334,24.3799991607666,24.360000610351562,24.360000610351562,2125,0.0,0.0,0.0
2023-07-05 15:30:00-04:00,24.3700008392334,24.3700008392334,24.3700008392334,24.3700008392334,317,0.0,0.0,0.0
2023-07-06 09:30:00-04:00,24.149999618530273,24.34000015258789,24.079999923706055,24.110000610351562,0,0.0,0.0,0.0
2023-07-06 10:30:00-04:00,24.100000381469727,24.110000610351562,24.058900833129883,24.059999465942383,9142,0.0,0.0,0.0
2023-07-06 11:30:00-04:00,24.06999969482422,24.079999923706055,24.05500030517578,24.059999465942383,13701,0.0,0.0,0.0
2023-07-06 12:30:00-04:00,24.05500030517578,24.100000381469727,24.05229949951172,24.084999084472656,23984,0.0,0.0,0.0
2023-07-06 13:30:00-04:00,24.110000610351562,24.110000610351562,24.08009910583496,24.100000381469727,2609,0.0,0.0,0.0
2023-07-06 14:30:00-04:00,24.1200008392334,24.128999710083008,24.110000610351562,24.128999710083008,768,0.0,0.0,0.0
2023-07-06 15:30:00-04:00,24.1299991607666,24.1299991607666,24.107099533081055,24.1299991607666,4116,0.0,0.0,0.0
2023-07-07 09:30:00-04:00,24.1200008392334,24.15999984741211,24.1200008392334,24.149999618530273,0,0.0,0.0,0.0
2023-07-07 10:30:00-04:00,24.15999984741211,24.17970085144043,24.149999618530273,24.15999984741211,4053,0.0,0.0,0.0
2023-07-07 11:30:00-04:00,24.15999984741211,24.170000076293945,24.15999984741211,24.170000076293945,629,0.0,0.0,0.0
2023-07-07 12:30:00-04:00,24.152099609375,24.155000686645508,24.152099609375,24.155000686645508,1859,0.0,0.0,0.0
2023-07-07 13:30:00-04:00,24.159000396728516,24.159000396728516,24.149999618530273,24.149999618530273,459,0.0,0.0,0.0
2023-07-07 15:30:00-04:00,24.139999389648438,24.139999389648438,24.09000015258789,24.09269905090332,1929,0.0,0.0,0.0
2023-07-10 09:30:00-04:00,24.049999237060547,24.299999237060547,24.049999237060547,24.15999984741211,0,0.0,0.0,0.0
2023-07-10 10:30:00-04:00,24.16950035095215,24.20989990234375,24.139999389648438,24.15999984741211,12448,0.0,0.0,0.0
2023-07-10 11:30:00-04:00,24.189899444580078,24.189899444580078,24.189899444580078,24.189899444580078,0,0.0,0.0,0.0
2023-07-10 12:30:00-04:00,24.174100875854492,24.200000762939453,24.174100875854492,24.200000762939453,25670,0.0,0.0,0.0
2023-07-10 13:30:00-04:00,24.23900032043457,24.23900032043457,24.219900131225586,24.219900131225586,3506,0.0,0.0,0.0
2023-07-10 14:30:00-04:00,24.229999542236328,24.229999542236328,24.22100067138672,24.228700637817383,2917,0.0,0.0,0.0
2023-07-10 15:30:00-04:00,24.229999542236328,24.239999771118164,24.22640037536621,24.22640037536621,715,0.0,0.0,0.0
2023-07-11 09:30:00-04:00,24.31999969482422,24.31999969482422,24.25,24.270000457763672,0,0.0,0.0,0.0
2023-07-11 10:30:00-04:00,24.299999237060547,24.299999237060547,24.25,24.290000915527344,2900,0.0,0.0,0.0
2023-07-11 11:30:00-04:00,24.2987003326416,24.30900001525879,24.250499725341797,24.30900001525879,1928,0.0,0.0,0.0
2023-07-11 12:30:00-04:00,24.290000915527344,24.290000915527344,24.290000915527344,24.290000915527344,281,0.0,0.0,0.0
2023-07-11 13:30:00-04:00,24.315000534057617,24.329999923706055,24.315000534057617,24.329999923706055,619,0.0,0.0,0.0
2023-07-11 14:30:00-04:00,24.329999923706055,24.329999923706055,24.309999465942383,24.309999465942383,596,0.0,0.0,0.0
2023-07-11 15:30:00-04:00,24.327999114990234,24.329999923706055,24.327999114990234,24.328100204467773,0,0.0,0.0,0.0
2023-07-12 09:30:00-04:00,24.559999465942383,24.559999465942383,24.459999084472656,24.469999313354492,4099,0.0,0.0,0.0
2023-07-12 10:30:00-04:00,24.54990005493164,24.549999237060547,24.510000228881836,24.548999786376953,8072,0.0,0.0,0.0
2023-07-12 11:30:00-04:00,24.540000915527344,24.559999465942383,24.540000915527344,24.559999465942383,7788,0.0,0.0,0.0
2023-07-12 12:30:00-04:00,24.559999465942383,24.559999465942383,24.545000076293945,24.549999237060547,2717,0.0,0.0,0.0
2023-07-12 13:30:00-04:00,24.545000076293945,24.559999465942383,24.545000076293945,24.559999465942383,1017,0.0,0.0,0.0
2023-07-12 14:30:00-04:00,24.540000915527344,24.549999237060547,24.53350067138672,24.549999237060547,1416,0.0,0.0,0.0
2023-07-12 15:30:00-04:00,24.545000076293945,24.56999969482422,24.545000076293945,24.56999969482422,0,0.0,0.0,0.0
2023-07-13 09:30:00-04:00,24.649999618530273,24.68000030517578,24.649999618530273,24.68000030517578,1082,0.0,0.0,0.0
2023-07-13 10:30:00-04:00,24.670000076293945,24.68000030517578,24.65999984741211,24.68000030517578,4130,0.0,0.0,0.0
2023-07-13 11:30:00-04:00,24.65999984741211,24.729999542236328,24.659000396728516,24.729999542236328,9245,0.0,0.0,0.0
2023-07-13 12:30:00-04:00,24.739999771118164,24.760000228881836,24.724899291992188,24.7273006439209,1858,0.0,0.0,0.0
2023-07-13 13:30:00-04:00,24.729999542236328,24.75,24.719999313354492,24.739999771118164,7731,0.0,0.0,0.0
2023-07-13 14:30:00-04:00,24.739999771118164,24.75,24.734899520874023,24.7450008392334,5220,0.0,0.0,0.0
2023-07-13 15:30:00-04:00,24.75,24.75,24.72920036315918,24.72920036315918,631,0.0,0.0,0.0
2023-07-14 09:30:00-04:00,24.700000762939453,24.700000762939453,24.65999984741211,24.65999984741211,0,0.0,0.0,0.0
2023-07-14 10:30:00-04:00,24.690000534057617,24.700000762939453,24.68000030517578,24.68000030517578,4271,0.0,0.0,0.0
2023-07-14 11:30:00-04:00,24.650299072265625,24.650299072265625,24.635000228881836,24.635000228881836,539,0.0,0.0,0.0
2023-07-14 12:30:00-04:00,24.611400604248047,24.611400604248047,24.611400604248047,24.611400604248047,1164,0.0,0.0,0.0
2023-07-14 13:30:00-04:00,24.6299991607666,24.6299991607666,24.6299991607666,24.6299991607666,200,0.0,0.0,0.0
2023-07-14 14:30:00-04:00,24.620100021362305,24.63990020751953,24.6200008392334,24.6200008392334,3055,0.0,0.0,0.0
2023-07-14 15:30:00-04:00,24.6200008392334,24.6200008392334,24.59000015258789,24.59000015258789,397,0.0,0.0,0.0
2023-07-17 09:30:00-04:00,24.729999542236328,24.729999542236328,24.579999923706055,24.59000015258789,3646,0.0,0.0,0.0
2023-07-17 10:30:00-04:00,24.59000015258789,24.600000381469727,24.579999923706055,24.579999923706055,2392,0.0,0.0,0.0
2023-07-17 11:30:00-04:00,24.570100784301758,24.600000381469727,24.570100784301758,24.600000381469727,611,0.0,0.0,0.0
2023-07-17 12:30:00-04:00,24.579099655151367,24.610000610351562,24.578899383544922,24.596599578857422,2006,0.0,0.0,0.0
2023-07-17 13:30:00-04:00,24.59000015258789,24.6299991607666,24.59000015258789,24.6299991607666,2122,0.0,0.0,0.0
2023-07-17 14:30:00-04:00,24.6200008392334,24.639999389648438,24.610000610351562,24.610000610351562,5017,0.0,0.0,0.0
2023-07-17 15:30:00-04:00,24.610000610351562,24.625,24.600000381469727,24.604999542236328,5026,0.0,0.0,0.0
2023-07-18 09:30:00-04:00,24.829999923706055,24.829999923706055,24.68000030517578,24.68000030517578,0,0.0,0.0,0.0
2023-07-18 10:30:00-04:00,24.700000762939453,24.729999542236328,24.690000534057617,24.709999084472656,8106,0.0,0.0,0.0
2023-07-18 11:30:00-04:00,24.718799591064453,24.718799591064453,24.693300247192383,24.700000762939453,1420,0.0,0.0,0.0
2023-07-18 12:30:00-04:00,24.700000762939453,24.704999923706055,24.68000030517578,24.690000534057617,2580,0.0,0.0,0.0
2023-07-18 13:30:00-04:00,24.690000534057617,24.700000762939453,24.690000534057617,24.690000534057617,7663,0.0,0.0,0.0
2023-07-18 14:30:00-04:00,24.69499969482422,24.700000762939453,24.649999618530273,24.670000076293945,7779,0.0,0.0,0.0
2023-07-18 15:30:00-04:00,24.670000076293945,24.68000030517578,24.649999618530273,24.649999618530273,5287,0.0,0.0,0.0
2023-07-19 09:30:00-04:00,24.75,24.8799991607666,24.700000762939453,24.709999084472656,0,0.0,0.0,0.0
2023-07-19 11:30:00-04:00,24.700000762939453,24.719999313354492,24.692100524902344,24.719999313354492,5509,0.0,0.0,0.0
2023-07-19 12:30:00-04:00,24.72949981689453,24.760000228881836,24.71489906311035,24.729999542236328,2314,0.0,0.0,0.0
2023-07-19 13:30:00-04:00,24.729999542236328,24.75,24.729999542236328,24.75,1752,0.0,0.0,0.0
2023-07-19 14:30:00-04:00,24.760000228881836,24.780000686645508,24.75,24.764999389648438,3630,0.0,0.0,0.0
2023-07-19 15:30:00-04:00,24.764999389648438,24.770000457763672,24.760000228881836,24.770000457763672,1508,0.0,0.0,0.0
2023-07-20 09:30:00-04:00,24.809999465942383,24.809999465942383,24.59000015258789,24.59000015258789,0,0.0,0.0,0.0
2023-07-20 10:30:00-04:00,24.59000015258789,24.610000610351562,24.56999969482422,24.584999084472656,7598,0.0,0.0,0.0
2023-07-20 11:30:00-04:00,24.584999084472656,24.59000015258789,24.576900482177734,24.579999923706055,6465,0.0,0.0,0.0
2023-07-20 12:30:00-04:00,24.579999923706055,24.579999923706055,24.540000915527344,24.549999237060547,11573,0.0,0.0,0.0
2023-07-20 13:30:00-04:00,24.56999969482422,24.600000381469727,24.549999237060547,24.59000015258789,9559,0.0,0.0,0.0
2023-07-20 14:30:00-04:00,24.59000015258789,24.59000015258789,24.579999923706055,24.59000015258789,4512,0.0,0.0,0.0
2023-07-20 15:30:00-04:00,24.609899520874023,24.6200008392334,24.600000381469727,24.600000381469727,0,0.0,0.0,0.0
2023-07-21 09:30:00-04:00,24.670000076293945,24.68000030517578,24.639999389648438,24.649999618530273,2008,0.0,0.0,0.0
2023-07-21 10:30:00-04:00,24.639999389648438,24.648099899291992,24.639999389648438,24.639999389648438,1442,0.0,0.0,0.0
2023-07-21 11:30:00-04:00,24.659900665283203,24.670000076293945,24.655000686645508,24.655000686645508,13827,0.0,0.0,0.0
2023-07-21 12:30:00-04:00,24.655000686645508,24.65999984741211,24.650100708007812,24.65999984741211,3031,0.0,0.0,0.0
2023-07-21 13:30:00-04:00,24.65999984741211,24.670000076293945,24.6560001373291,24.6560001373291,2795,0.0,0.0,0.0
2023-07-21 14:30:00-04:00,24.65999984741211,24.65999984741211,24.649999618530273,24.649999618530273,1046,0.0,0.0,0.0
2023-07-21 15:30:00-04:00,24.65999984741211,24.666099548339844,24.65999984741211,24.65999984741211,888,0.0,0.0,0.0
2023-07-24 09:30:00-04:00,24.829999923706055,24.829999923706055,24.68000030517578,24.700000762939453,0,0.0,0.0,0.0
2023-07-24 10:30:00-04:00,24.690000534057617,24.690000534057617,24.66010093688965,24.670000076293945,5221,0.0,0.0,0.0
2023-07-24 11:30:00-04:00,24.670000076293945,24.68000030517578,24.65999984741211,24.65999984741211,2922,0.0,0.0,0.0
2023-07-24 12:30:00-04:00,24.65999984741211,24.670000076293945,24.639999389648438,24.639999389648438,4195,0.0,0.0,0.0
2023-07-24 13:30:00-04:00,24.639999389648438,24.639999389648438,24.625,24.625,2365,0.0,0.0,0.0
2023-07-24 14:30:00-04:00,24.639999389648438,24.639999389648438,24.620100021362305,24.6299991607666,2828,0.0,0.0,0.0
2023-07-24 15:30:00-04:00,24.6299991607666,24.639999389648438,24.600000381469727,24.61669921875,4644,0.0,0.0,0.0
2023-07-25 09:30:00-04:00,24.68000030517578,24.68000030517578,24.5492000579834,24.59000015258789,0,0.0,0.0,0.0
2023-07-25 10:30:00-04:00,24.579999923706055,24.599899291992188,24.574899673461914,24.579999923706055,7455,0.0,0.0,0.0
2023-07-25 11:30:00-04:00,24.59939956665039,24.610000610351562,24.58009910583496,24.594999313354492,10719,0.0,0.0,0.0
2023-07-25 12:30:00-04:00,24.600000381469727,24.610000610351562,24.59000015258789,24.600000381469727,5911,0.0,0.0,0.0
2023-07-25 13:30:00-04:00,24.600000381469727,24.600000381469727,24.579999923706055,24.579999923706055,7093,0.0,0.0,0.0
2023-07-25 14:30:00-04:00,24.579999923706055,24.59000015258789,24.5580997467041,24.56999969482422,5335,0.0,0.0,0.0
2023-07-25 15:30:00-04:00,24.579999923706055,24.579999923706055,24.559999465942383,24.575000762939453,5826,0.0,0.0,0.0
2023-07-26 09:30:00-04:00,24.739999771118164,24.739999771118164,24.579999923706055,24.610000610351562,0,0.0,0.0,0.0
2023-07-26 10:30:00-04:00,24.610000610351562,24.6200008392334,24.549999237060547,24.610000610351562,19081,0.0,0.0,0.0
2023-07-26 11:30:00-04:00,24.618999481201172,24.6200008392334,24.598100662231445,24.6200008392334,0,0.0,0.0,0.0
2023-07-26 12:30:00-04:00,24.6112003326416,24.6200008392334,24.59000015258789,24.59000015258789,40517,0.0,0.0,0.0
2023-07-26 13:30:00-04:00,24.610000610351562,24.610000610351562,24.594999313354492,24.594999313354492,2465,0.0,0.0,0.0
2023-07-26 14:30:00-04:00,24.59000015258789,24.690000534057617,24.59000015258789,24.650100708007812,14407,0.0,0.0,0.0
2023-07-26 15:30:00-04:00,24.690000534057617,24.700000762939453,24.68000030517578,24.68000030517578,4168,0.0,0.0,0.0
2023-07-27 09:30:00-04:00,24.639999389648438,24.670000076293945,24.600000381469727,24.600000381469727,0,0.0,0.0,0.0
2023-07-27 10:30:00-04:00,24.579999923706055,24.579999923706055,24.549999237060547,24.559999465942383,3048,0.0,0.0,0.0
2023-07-27 11:30:00-04:00,24.55500030517578,24.579999923706055,24.55500030517578,24.575000762939453,4264,0.0,0.0,0.0
2023-07-27 12:30:00-04:00,24.575000762939453,24.57990074157715,24.510000228881836,24.510000228881836,4867,0.0,0.0,0.0
2023-07-27 13:30:00-04:00,24.510000228881836,24.519699096679688,24.450000762939453,24.450000762939453,10378,0.0,0.0,0.0
2023-07-27 14:30:00-04:00,24.440000534057617,24.449899673461914,24.40999984741211,24.42490005493164,10131,0.0,0.0,0.0
2023-07-27 15:30:00-04:00,24.42490005493164,24.450000762939453,24.42490005493164,24.450000762939453,0,0.0,0.0,0.0
2023-07-28 09:30:00-04:00,24.5,24.520000457763672,24.5,24.51099967956543,9863,0.0,0.0,0.0
2023-07-28 10:30:00-04:00,24.520000457763672,24.549999237060547,24.520000457763672,24.549999237060547,659,0.0,0.0,0.0
2023-07-28 11:30:00-04:00,24.549999237060547,24.549999237060547,24.536100387573242,24.540000915527344,4840,0.0,0.0,0.0
2023-07-28 12:30:00-04:00,24.54829978942871,24.548999786376953,24.520000457763672,24.520000457763672,1626,0.0,0.0,0.0
2023-07-28 13:30:00-04:00,24.530000686645508,24.540000915527344,24.520000457763672,24.539100646972656,1330,0.0,0.0,0.0
2023-07-28 14:30:00-04:00,24.538999557495117,24.545000076293945,24.520099639892578,24.545000076293945,2439,0.0,0.0,0.0
2023-07-28 15:30:00-04:00,24.548999786376953,24.549999237060547,24.538999557495117,24.540000915527344,3398,0.0,0.0,0.0
2023-07-31 09:30:00-04:00,24.56999969482422,24.610000610351562,24.530099868774414,24.599899291992188,0,0.0,0.0,0.0
2023-07-31 10:30:00-04:00,24.589000701904297,24.600000381469727,24.575000762939453,24.600000381469727,2318,0.0,0.0,0.0
2023-07-31 11:30:00-04:00,24.579999923706055,24.594999313354492,24.579999923706055,24.594999313354492,1465,0.0,0.0,0.0
2023-07-31 12:30:00-04:00,24.6299991607666,24.639999389648438,24.612699508666992,24.612699508666992,2183,0.0,0.0,0.0
2023-07-31 13:30:00-04:00,24.639999389648438,24.649999618530273,24.625,24.639999389648438,8331,0.0,0.0,0.0
2023-07-31 14:30:00-04:00,24.639999389648438,24.639999389648438,24.594999313354492,24.594999313354492,5948,0.0,0.0,0.0
2023-07-31 15:30:00-04:00,24.600000381469727,24.610000610351562,24.600000381469727,24.610000610351562,3747,0.0,0.0,0.0
2023-08-01 09:30:00-04:00,24.3799991607666,24.389999389648438,24.334999084472656,24.334999084472656,0,0.0,0.0,0.0
2023-08-01 10:30:00-04:00,24.334999084472656,24.350000381469727,24.32939910888672,24.32939910888672,5372,0.0,0.0,0.0
2023-08-01 11:30:00-04:00,24.31999969482422,24.329999923706055,24.299999237060547,24.328800201416016,13175,0.0,0.0,0.0
2023-08-01 12:30:00-04:00,24.315000534057617,24.328800201416016,24.309999465942383,24.309999465942383,7672,0.0,0.0,0.0
2023-08-01 13:30:00-04:00,24.309999465942383,24.329999923706055,24.30500030517578,24.31999969482422,5927,0.0,0.0,0.0
2023-08-01 14:30:00-04:00,24.329999923706055,24.329999923706055,24.309999465942383,24.309999465942383,7200,0.0,0.0,0.0
2023-08-01 15:30:00-04:00,24.309999465942383,24.31999969482422,24.295000076293945,24.309999465942383,12507,0.0,0.0,0.0
2023-08-02 09:30:00-04:00,24.290000915527344,24.290000915527344,24.18000030517578,24.18000030517578,0,0.0,0.0,0.0
2023-08-02 10:30:00-04:00,24.2012996673584,24.209999084472656,24.13010025024414,24.15999984741211,6034,0.0,0.0,0.0
2023-08-02 11:30:00-04:00,24.149999618530273,24.190000534057617,24.1299991607666,24.190000534057617,3640,0.0,0.0,0.0
2023-08-02 12:30:00-04:00,24.188800811767578,24.200000762939453,24.170000076293945,24.200000762939453,2401,0.0,0.0,0.0
2023-08-02 13:30:00-04:00,24.209999084472656,24.219999313354492,24.209999084472656,24.215700149536133,5900,0.0,0.0,0.0
2023-08-02 14:30:00-04:00,24.217199325561523,24.229999542236328,24.217199325561523,24.219999313354492,4405,0.0,0.0,0.0
2023-08-02 15:30:00-04:00,24.200000762939453,24.229999542236328,24.200000762939453,24.219999313354492,7525,0.0,0.0,0.0
2023-08-03 09:30:00-04:00,24.15999984741211,24.15999984741211,24.010000228881836,24.049999237060547,0,0.0,0.0,0.0
2023-08-03 10:30:00-04:00,24.049999237060547,24.059999465942383,24.01259994506836,24.049999237060547,13772,0.0,0.0,0.0
2023-08-03 11:30:00-04:00,24.049999237060547,24.059999465942383,24.030000686645508,24.040000915527344,3203,0.0,0.0,0.0
2023-08-03 12:30:00-04:00,24.045000076293945,24.059999465942383,24.045000076293945,24.049999237060547,883,0.0,0.0,0.0
2023-08-03 13:30:00-04:00,24.040000915527344,24.049999237060547,24.030000686645508,24.030000686645508,8922,0.0,0.0,0.0
2023-08-03 14:30:00-04:00,24.049999237060547,24.049999237060547,24.030099868774414,24.040000915527344,8094,0.0,0.0,0.0
2023-08-03 15:30:00-04:00,24.020099639892578,24.040000915527344,24.020099639892578,24.040000915527344,1118,0.0,0.0,0.0
2023-08-04 09:30:00-04:00,24.149999618530273,24.231199264526367,24.149999618530273,24.231199264526367,0,0.0,0.0,0.0
2023-08-04 10:30:00-04:00,24.229999542236328,24.239999771118164,24.209999084472656,24.209999084472656,1175,0.0,0.0,0.0
2023-08-04 11:30:00-04:00,24.25,24.25,24.25,24.25,1387,0.0,0.0,0.0
2023-08-04 12:30:00-04:00,24.290000915527344,24.290000915527344,24.290000915527344,24.290000915527344,1290,0.0,0.0,0.0
2023-08-04 14:30:00-04:00,24.254100799560547,24.280000686645508,24.254100799560547,24.280000686645508,1879,0.0,0.0,0.0
2023-08-04 15:30:00-04:00,24.299999237060547,24.299999237060547,24.280000686645508,24.280000686645508,2137,0.0,0.0,0.0
2023-08-07 09:30:00-04:00,24.31999969482422,24.399999618530273,24.209999084472656,24.260000228881836,914,0.0,0.0,0.0
2023-08-07 10:30:00-04:00,24.2549991607666,24.27899932861328,24.239999771118164,24.239999771118164,5805,0.0,0.0,0.0
2023-08-07 11:30:00-04:00,24.2450008392334,24.2450008392334,24.225000381469727,24.231000900268555,3622,0.0,0.0,0.0
2023-08-07 12:30:00-04:00,24.229999542236328,24.2450008392334,24.229999542236328,24.2450008392334,11249,0.0,0.0,0.0
2023-08-07 13:30:00-04:00,24.2450008392334,24.2450008392334,24.231700897216797,24.239999771118164,3862,0.0,0.0,0.0
2023-08-07 14:30:00-04:00,24.239900588989258,24.25,24.238300323486328,24.25,2824,0.0,0.0,0.0
2023-08-07 15:30:00-04:00,24.25,24.259899139404297,24.239999771118164,24.239999771118164,0,0.0,0.0,0.0
2023-08-08 09:30:00-04:00,24.3700008392334,24.40999984741211,24.309999465942383,24.354900360107422,15744,0.0,0.0,0.0
2023-08-08 10:30:00-04:00,24.3700008392334,24.378999710083008,24.299999237060547,24.333999633789062,15729,0.0,0.0,0.0
2023-08-08 11:30:00-04:00,24.329999923706055,24.329999923706055,24.329999923706055,24.329999923706055,1025,0.0,0.0,0.0
2023-08-08 12:30:00-04:00,24.329999923706055,24.329999923706055,24.280000686645508,24.299999237060547,18290,0.0,0.0,0.0
2023-08-08 13:30:00-04:00,24.329999923706055,24.349300384521484,24.325000762939453,24.338699340820312,4825,0.0,0.0,0.0
2023-08-08 14:30:00-04:00,24.31999969482422,24.34000015258789,24.31999969482422,24.334999084472656,519666,0.0,0.0,0.0
2023-08-08 15:30:00-04:00,24.334999084472656,24.34000015258789,24.325000762939453,24.329999923706055,4672,0.0,0.0,0.0
2023-08-09 09:30:00-04:00,24.440000534057617,24.440000534057617,24.34000015258789,24.350000381469727,0,0.0,0.0,0.0
2023-08-09 10:30:00-04:00,24.364999771118164,24.3799991607666,24.33009910583496,24.350000381469727,3567,0.0,0.0,0.0
2023-08-09 11:30:00-04:00,24.350000381469727,24.350000381469727,24.350000381469727,24.350000381469727,606,0.0,0.0,0.0
2023-08-09 12:30:00-04:00,24.379899978637695,24.379899978637695,24.360000610351562,24.3700008392334,1518,0.0,0.0,0.0
2023-08-09 13:30:00-04:00,24.33530044555664,24.340099334716797,24.33530044555664,24.340099334716797,648,0.0,0.0,0.0
2023-08-09 14:30:00-04:00,24.350000381469727,24.350000381469727,24.344999313354492,24.344999313354492,1268,0.0,0.0,0.0
2023-08-09 15:30:00-04:00,24.350000381469727,24.350000381469727,24.34000015258789,24.34000015258789,5015,0.0,0.0,0.0
2023-08-10 09:30:00-04:00,24.3700008392334,24.43000030517578,24.3700008392334,24.37809944152832,0,0.0,0.0,0.0
2023-08-10 10:30:00-04:00,24.375,24.399999618530273,24.340099334716797,24.340099334716797,3923,0.0,0.0,0.0
2023-08-10 11:30:00-04:00,24.344999313354492,24.350000381469727,24.34000015258789,24.34000015258789,9725,0.0,0.0,0.0
2023-08-10 12:30:00-04:00,24.344999313354492,24.360000610351562,24.295000076293945,24.295000076293945,7078,0.0,0.0,0.0
2023-08-10 13:30:00-04:00,24.280000686645508,24.280000686645508,24.190000534057617,24.198999404907227,12473,0.0,0.0,0.0
2023-08-10 14:30:00-04:00,24.204999923706055,24.219999313354492,24.19499969482422,24.209800720214844,14429,0.0,0.0,0.0
2023-08-10 15:30:00-04:00,24.199899673461914,24.199899673461914,24.170000076293945,24.170000076293945,3489,0.0,0.0,0.0
2023-08-11 09:30:00-04:00,24.09000015258789,24.219999313354492,24.09000015258789,24.139999389648438,0,0.0,0.0,0.0
2023-08-11 10:30:00-04:00,24.165000915527344,24.165000915527344,24.1299991607666,24.1299991607666,3823,0.0,0.0,0.0
2023-08-11 11:30:00-04:00,24.110000610351562,24.12579917907715,24.104900360107422,24.1200008392334,3350,0.0,0.0,0.0
2023-08-11 12:30:00-04:00,24.1200008392334,24.125,24.11400032043457,24.11400032043457,10355,0.0,0.0,0.0
2023-08-11 13:30:00-04:00,24.11400032043457,24.11989974975586,24.110000610351562,24.110000610351562,6144,0.0,0.0,0.0
2023-08-11 14:30:00-04:00,24.110000610351562,24.110000610351562,24.110000610351562,24.110000610351562,403,0.0,0.0,0.0
2023-08-11 15:30:00-04:00,24.104999542236328,24.104999542236328,24.09000015258789,24.09000015258789,780,0.0,0.0,0.0
2023-08-14 09:30:00-04:00,24.0,24.030000686645508,24.0,24.030000686645508,0,0.0,0.0,0.0
2023-08-14 10:30:00-04:00,24.049999237060547,24.09000015258789,24.049999237060547,24.09000015258789,672,0.0,0.0,0.0
2023-08-14 11:30:00-04:00,24.09000015258789,24.09000015258789,24.09000015258789,24.09000015258789,217,0.0,0.0,0.0
2023-08-14 12:30:00-04:00,24.1200008392334,24.1200008392334,24.09000015258789,24.09000015258789,742,0.0,0.0,0.0
2023-08-14 13:30:00-04:00,24.108999252319336,24.110000610351562,24.084999084472656,24.084999084472656,1343,0.0,0.0,0.0
2023-08-14 14:30:00-04:00,24.06999969482422,24.06999969482422,24.04159927368164,24.068500518798828,8187,0.0,0.0,0.0
2023-08-14 15:30:00-04:00,24.059999465942383,24.079999923706055,24.05900001525879,24.079999923706055,0,0.0,0.0,0.0
2023-08-15 09:30:00-04:00,24.065000534057617,24.06999969482422,24.033100128173828,24.033100128173828,818,0.0,0.0,0.0
2023-08-15 10:30:00-04:00,24.049999237060547,24.059999465942383,24.040000915527344,24.049999237060547,2524,0.0,0.0,0.0
2023-08-15 11:30:00-04:00,24.03499984741211,24.049999237060547,24.03499984741211,24.039899826049805,3340,0.0,0.0,0.0
2023-08-15 12:30:00-04:00,24.020000457763672,24.020000457763672,24.0,24.020000457763672,2861,0.0,0.0,0.0
2023-08-15 13:30:00-04:00,23.999900817871094,24.00079917907715,23.999900817871094,24.00079917907715,779,0.0,0.0,0.0
2023-08-15 14:30:00-04:00,23.99839973449707,23.99839973449707,23.974899291992188,23.977500915527344,1431,0.0,0.0,0.0
2023-08-15 15:30:00-04:00,23.99970054626465,24.0,23.979999542236328,23.979999542236328,0,0.0,0.0,0.0
2023-08-16 09:30:00-04:00,24.020000457763672,24.040000915527344,23.969999313354492,23.98940086364746,9911,0.0,0.0,0.0
2023-08-16 10:30:00-04:00,24.010000228881836,24.010000228881836,23.969999313354492,23.989999771118164,3570,0.0,0.0,0.0
2023-08-16 11:30:00-04:00,23.979000091552734,23.979000091552734,23.94499969482422,23.949399948120117,9366,0.0,0.0,0.0
2023-08-16 12:30:00-04:00,23.940000534057617,23.949899673461914,23.940000534057617,23.940000534057617,1694,0.0,0.0,0.0
2023-08-16 13:30:00-04:00,23.93000030517578,23.94499969482422,23.920000076293945,23.93000030517578,9296,0.0,0.0,0.0
2023-08-16 14:30:00-04:00,23.938100814819336,23.938100814819336,23.860000610351562,23.8700008392334,11857,0.0,0.0,0.0
2023-08-16 15:30:00-04:00,23.870100021362305,23.920000076293945,23.870100021362305,23.8799991607666,3945,0.0,0.0,0.0
2023-08-17 09:30:00-04:00,23.8799991607666,23.889999389648438,23.825000762939453,23.834999084472656,0,0.0,0.0,0.0
2023-08-17 10:30:00-04:00,23.84000015258789,23.84000015258789,23.805700302124023,23.81999969482422,23379,0.0,0.0,0.0
2023-08-17 11:30:00-04:00,23.809999465942383,23.82859992980957,23.792299270629883,23.81999969482422,4707,0.0,0.0,0.0
2023-08-17 12:30:00-04:00,23.809999465942383,23.81399917602539,23.79450035095215,23.809999465942383,8282,0.0,0.0,0.0
2023-08-17 13:30:00-04:00,23.800100326538086,23.800100326538086,23.790000915527344,23.799999237060547,7938,0.0,0.0,0.0
2023-08-17 14:30:00-04:00,23.795000076293945,23.815000534057617,23.795000076293945,23.815000534057617,1631,0.0,0.0,0.0
2023-08-17 15:30:00-04:00,23.820100784301758,23.844999313354492,23.820100784301758,23.84000015258789,5068,0.0,0.0,0.0
2023-08-18 09:30:00-04:00,23.850000381469727,23.899999618530273,23.834999084472656,23.895700454711914,0,0.0,0.0,0.0
2023-08-18 10:30:00-04:00,23.929000854492188,23.93000030517578,23.920000076293945,23.920000076293945,1592,0.0,0.0,0.0
2023-08-18 11:30:00-04:00,23.940000534057617,23.948999404907227,23.940000534057617,23.948999404907227,962,0.0,0.0,0.0
2023-08-18 12:30:00-04:00,23.950000762939453,23.950000762939453,23.920000076293945,23.920000076293945,5293,0.0,0.0,0.0
2023-08-18 13:30:00-04:00,23.924999237060547,23.93000030517578,23.924999237060547,23.924999237060547,5125,0.0,0.0,0.0
2023-08-18 14:30:00-04:00,23.924999237060547,23.93000030517578,23.92009925842285,23.924999237060547,4784,0.0,0.0,0.0
2023-08-18 15:30:00-04:00,23.920000076293945,23.934999465942383,23.920000076293945,23.93000030517578,7282,0.0,0.0,0.0
2023-08-21 09:30:00-04:00,23.81999969482422,23.90999984741211,23.740100860595703,23.740100860595703,0,0.0,0.0,0.0
2023-08-21 10:30:00-04:00,23.770000457763672,23.780000686645508,23.770000457763672,23.774999618530273,5011,0.0,0.0,0.0
2023-08-21 12:30:00-04:00,23.795000076293945,23.795000076293945,23.790000915527344,23.795000076293945,3605,0.0,0.0,0.0
2023-08-21 13:30:00-04:00,23.790000915527344,23.799999237060547,23.790000915527344,23.799999237060547,1659,0.0,0.0,0.0
2023-08-21 14:30:00-04:00,23.799999237060547,23.799999237060547,23.79010009765625,23.795000076293945,0,0.0,0.0,0.0
2023-08-21 15:30:00-04:00,23.809999465942383,23.809999465942383,23.780000686645508,23.780000686645508,12,0.0,0.0,0.0
2023-08-22 09:30:00-04:00,23.940000534057617,23.940000534057617,23.764999389648438,23.795000076293945,10606,0.0,0.0,0.0
2023-08-22 10:30:00-04:00,23.795000076293945,23.829500198364258,23.795000076293945,23.829500198364258,6844,0.0,0.0,0.0
2023-08-22 11:30:00-04:00,23.8125,23.850000381469727,23.8125,23.83970069885254,3551,0.0,0.0,0.0
2023-08-22 12:30:00-04:00,23.829999923706055,23.850000381469727,23.829999923706055,23.850000381469727,2043,0.0,0.0,0.0
2023-08-22 13:30:00-04:00,23.84000015258789,23.850000381469727,23.83329963684082,23.84000015258789,1428,0.0,0.0,0.0
2023-08-22 14:30:00-04:00,23.834999084472656,23.84000015258789,23.829999923706055,23.829999923706055,1562,0.0,0.0,0.0
2023-08-22 15:30:00-04:00,23.815000534057617,23.829999923706055,23.815000534057617,23.829999923706055,0,0.0,0.0,0.0
2023-08-23 09:30:00-04:00,23.979999542236328,24.030000686645508,23.899999618530273,24.030000686645508,3448,0.0,0.0,0.0
2023-08-23 10:30:00-04:00,24.040000915527344,24.040000915527344,24.030000686645508,24.030000686645508,26212,0.0,0.0,0.0
2023-08-23 11:30:00-04:00,24.040000915527344,24.049999237060547,24.03689956665039,24.049999237060547,4618,0.0,0.0,0.0
2023-08-23 12:30:00-04:00,24.049999237060547,24.104999542236328,24.03499984741211,24.104999542236328,32114,0.0,0.0,0.0
2023-08-23 13:30:00-04:00,24.100000381469727,24.109600067138672,24.079999923706055,24.079999923706055,4898,0.0,0.0,0.0
2023-08-23 14:30:00-04:00,24.06999969482422,24.100000381469727,24.06999969482422,24.094999313354492,1968,0.0,0.0,0.0
2023-08-23 15:30:00-04:00,24.110000610351562,24.1200008392334,24.110000610351562,24.110000610351562,4488,0.0,0.0,0.0
2023-08-24 09:30:00-04:00,24.149999618530273,24.149999618530273,24.059999465942383,24.059999465942383,0,0.0,0.0,0.0
2023-08-24 10:30:00-04:00,24.06999969482422,24.06999969482422,24.033300399780273,24.03499984741211,10291,0.0,0.0,0.0
2023-08-24 11:30:00-04:00,24.03499984741211,24.048999786376953,24.020000457763672,24.020000457763672,2373,0.0,0.0,0.0
2023-08-24 12:30:00-04:00,24.040000915527344,24.040000915527344,24.03499984741211,24.03499984741211,2497,0.0,0.0,0.0
2023-08-24 13:30:00-04:00,24.040000915527344,24.040000915527344,24.030000686645508,24.030000686645508,1938,0.0,0.0,0.0
2023-08-24 14:30:00-04:00,24.039400100708008,24.040000915527344,24.030000686645508,24.030000686645508,4981,0.0,0.0,0.0
2023-08-24 15:30:00-04:00,24.030000686645508,24.03499984741211,24.020000457763672,24.020000457763672,0,0.0,0.0,0.0
2023-08-25 09:30:00-04:00,24.040000915527344,24.1299991607666,24.024999618530273,24.024999618530273,4739,0.0,0.0,0.0
2023-08-25 10:30:00-04:00,24.0,24.0,23.959999084472656,23.999000549316406,3985,0.0,0.0,0.0
2023-08-25 11:30:00-04:00,24.030000686645508,24.030000686645508,24.010000228881836,24.010000228881836,1362,0.0,0.0,0.0
2023-08-25 12:30:00-04:00,24.010000228881836,24.039100646972656,24.006799697875977,24.039100646972656,3430,0.0,0.0,0.0
2023-08-25 13:30:00-04:00,24.020000457763672,24.038999557495117,24.020000457763672,24.025400161743164,2375,0.0,0.0,0.0
2023-08-25 14:30:00-04:00,24.040000915527344,24.040000915527344,24.03499984741211,24.03499984741211,4339,0.0,0.0,0.0
2023-08-25 15:30:00-04:00,24.03499984741211,24.03499984741211,24.030000686645508,24.030000686645508,1200,0.0,0.0,0.0
2023-08-28 09:30:00-04:00,24.1299991607666,24.329999923706055,24.059999465942383,24.079999923706055,0,0.0,0.0,0.0
2023-08-28 10:30:00-04:00,24.079999923706055,24.079999923706055,24.06999969482422,24.079999923706055,1537,0.0,0.0,0.0
2023-08-28 11:30:00-04:00,24.09000015258789,24.09000015258789,24.079999923706055,24.08989906311035,642,0.0,0.0,0.0
2023-08-28 12:30:00-04:00,24.110000610351562,24.110000610351562,24.059999465942383,24.059999465942383,2179,0.0,0.0,0.0
2023-08-28 13:30:00-04:00,24.100000381469727,24.110000610351562,24.100000381469727,24.104999542236328,1884,0.0,0.0,0.0
2023-08-28 14:30:00-04:00,24.104999542236328,24.1200008392334,24.06999969482422,24.11989974975586,15051,0.0,0.0,0.0
2023-08-28 15:30:00-04:00,24.114999771118164,24.114999771118164,24.110000610351562,24.110700607299805,0,0.0,0.0,0.0
2023-08-29 09:30:00-04:00,24.190000534057617,24.229999542236328,24.072500228881836,24.229999542236328,11968,0.0,0.0,0.0
2023-08-29 10:30:00-04:00,24.229999542236328,24.229999542236328,24.209999084472656,24.219999313354492,729,0.0,0.0,0.0
2023-08-29 11:30:00-04:00,24.219999313354492,24.2450008392334,24.219999313354492,24.2450008392334,970,0.0,0.0,0.0
2023-08-29 12:30:00-04:00,24.262100219726562,24.290000915527344,24.262100219726562,24.290000915527344,5309,0.0,0.0,0.0
2023-08-29 13:30:00-04:00,24.28499984741211,24.28499984741211,24.260000228881836,24.260000228881836,3432,0.0,0.0,0.0
2023-08-29 14:30:00-04:00,24.270000457763672,24.290000915527344,24.2549991607666,24.290000915527344,4265,0.0,0.0,0.0
2023-08-29 15:30:00-04:00,24.290000915527344,24.290000915527344,24.28499984741211,24.290000915527344,0,0.0,0.0,0.0
2023-08-30 09:30:00-04:00,24.350000381469727,24.350000381469727,24.29490089416504,24.29490089416504,2824,0.0,0.0,0.0
2023-08-30 10:30:00-04:00,24.309999465942383,24.31999969482422,24.309999465942383,24.31999969482422,2449,0.0,0.0,0.0
2023-08-30 11:30:00-04:00,24.29829978942871,24.29829978942871,24.29829978942871,24.29829978942871,2705,0.0,0.0,0.0
2023-08-30 12:30:00-04:00,24.280000686645508,24.28860092163086,24.27090072631836,24.27199935913086,5096,0.0,0.0,0.0
2023-08-30 13:30:00-04:00,24.28499984741211,24.299999237060547,24.270000457763672,24.280000686645508,720,0.0,0.0,0.0
2023-08-30 14:30:00-04:00,24.280000686645508,24.282800674438477,24.274999618530273,24.274999618530273,4331,0.0,0.0,0.0
2023-08-30 15:30:00-04:00,24.272899627685547,24.280000686645508,24.260000228881836,24.270000457763672,0,0.0,0.0,0.0
2023-08-31 09:30:00-04:00,24.32990074157715,24.350000381469727,24.32990074157715,24.350000381469727,8518,0.0,0.0,0.0
2023-08-31 10:30:00-04:00,24.34000015258789,24.350000381469727,24.31999969482422,24.349899291992188,5523,0.0,0.0,0.0
2023-08-31 11:30:00-04:00,24.329299926757812,24.350000381469727,24.325000762939453,24.350000381469727,37031,0.0,0.0,0.0
2023-08-31 12:30:00-04:00,24.32110023498535,24.32110023498535,24.32110023498535,24.32110023498535,309,0.0,0.0,0.0
2023-08-31 13:30:00-04:00,24.344999313354492,24.350000381469727,24.334999084472656,24.337200164794922,4406,0.0,0.0,0.0
2023-08-31 14:30:00-04:00,24.34000015258789,24.350000381469727,24.320100784301758,24.334999084472656,754,0.0,0.0,0.0
2023-08-31 15:30:00-04:00,24.34000015258789,24.354999542236328,24.290000915527344,24.309999465942383,6264,0.0,0.0,0.0
2023-09-01 09:30:00-04:00,24.25,24.25,24.100000381469727,24.1299991607666,0,0.0,0.0,0.0
2023-09-01 10:30:00-04:00,24.100000381469727,24.100000381469727,24.084999084472656,24.084999084472656,388,0.0,0.0,0.0
2023-09-01 11:30:00-04:00,24.07990074157715,24.07990074157715,24.049999237060547,24.069000244140625,9651,0.0,0.0,0.0
2023-09-01 12:30:00-04:00,24.088600158691406,24.10650062561035,24.056100845336914,24.10650062561035,12106,0.0,0.0,0.0
2023-09-01 13:30:00-04:00,24.11280059814453,24.11280059814453,24.065500259399414,24.065500259399414,363,0.0,0.0,0.0
2023-09-01 14:30:00-04:00,24.090900421142578,24.100000381469727,24.074199676513672,24.100000381469727,21087,0.0,0.0,0.0
2023-09-01 15:30:00-04:00,24.100000381469727,24.110000610351562,24.100000381469727,24.100000381469727,24633,0.0,0.0,0.0
2023-09-05 09:30:00-04:00,24.139999389648438,24.139999389648438,23.959999084472656,23.959999084472656,0,0.0,0.0,0.0
2023-09-05 10:30:00-04:00,23.979400634765625,23.979400634765625,23.93000030517578,23.950000762939453,11316,0.0,0.0,0.0
2023-09-05 11:30:00-04:00,23.93000030517578,23.95050048828125,23.93000030517578,23.950000762939453,8946,0.0,0.0,0.0
2023-09-05 12:30:00-04:00,23.959999084472656,23.959999084472656,23.93000030517578,23.950000762939453,5890,0.0,0.0,0.0
2023-09-05 13:30:00-04:00,23.93000030517578,23.940000534057617,23.924999237060547,23.939899444580078,4716,0.0,0.0,0.0
2023-09-05 14:30:00-04:00,23.93000030517578,23.93000030517578,23.93000030517578,23.93000030517578,203,0.0,0.0,0.0
2023-09-05 15:30:00-04:00,23.93000030517578,23.959999084472656,23.899999618530273,23.920000076293945,9546,0.0,0.0,0.0
2023-09-06 09:30:00-04:00,23.889999389648438,23.934999465942383,23.850000381469727,23.854999542236328,0,0.0,0.0,0.0
2023-09-06 10:30:00-04:00,23.857999801635742,23.860000610351562,23.834999084472656,23.84910011291504,14928,0.0,0.0,0.0
2023-09-06 11:30:00-04:00,23.859600067138672,23.859600067138672,23.84000015258789,23.84000015258789,2008,0.0,0.0,0.0
2023-09-06 12:30:00-04:00,23.844999313354492,23.844999313354492,23.84000015258789,23.843700408935547,3780,0.0,0.0,0.0
2023-09-06 13:30:00-04:00,23.844999313354492,23.84670066833496,23.841899871826172,23.84670066833496,2592,0.0,0.0,0.0
2023-09-06 14:30:00-04:00,23.8700008392334,23.879899978637695,23.860000610351562,23.8700008392334,3035,0.0,0.0,0.0
2023-09-06 15:30:00-04:00,23.850000381469727,23.8700008392334,23.850000381469727,23.8700008392334,35113,0.0,0.0,0.0
2023-09-07 09:30:00-04:00,23.8700008392334,23.90999984741211,23.8700008392334,23.90999984741211,4959,0.0,0.0,0.0
2023-09-07 10:30:00-04:00,23.912099838256836,23.912099838256836,23.895000457763672,23.895000457763672,3706,0.0,0.0,0.0
2023-09-07 11:30:00-04:00,23.920000076293945,23.93000030517578,23.920000076293945,23.929899215698242,1371,0.0,0.0,0.0
2023-09-07 12:30:00-04:00,23.910200119018555,23.93000030517578,23.910200119018555,23.929000854492188,1563,0.0,0.0,0.0
2023-09-07 13:30:00-04:00,23.93000030517578,23.93000030517578,23.920000076293945,23.922100067138672,84054,0.0,0.0,0.0
2023-09-07 14:30:00-04:00,23.93000030517578,23.950000762939453,23.93000030517578,23.940000534057617,3221,0.0,0.0,0.0
2023-09-07 15:30:00-04:00,23.950000762939453,23.950000762939453,23.94219970703125,23.950000762939453,3967,0.0,0.0,0.0
2023-09-08 09:30:00-04:00,24.040000915527344,24.040000915527344,24.0,24.040000915527344,0,0.0,0.0,0.0
2023-09-08 10:30:00-04:00,24.040000915527344,24.049999237060547,24.010000228881836,24.020000457763672,155099,0.0,0.0,0.0
2023-09-08 11:30:00-04:00,24.010000228881836,24.010000228881836,23.979999542236328,23.985000610351562,2986,0.0,0.0,0.0
2023-09-08 12:30:00-04:00,23.985000610351562,23.989999771118164,23.975000381469727,23.989999771118164,14131,0.0,0.0,0.0
2023-09-08 13:30:00-04:00,23.989999771118164,23.989999771118164,23.959999084472656,23.985700607299805,4575,0.0,0.0,0.0
2023-09-08 14:30:00-04:00,23.989999771118164,23.989999771118164,23.979999542236328,23.979999542236328,3322,0.0,0.0,0.0
2023-09-08 15:30:00-04:00,23.979999542236328,23.979999542236328,23.971399307250977,23.979999542236328,3552,0.0,0.0,0.0
2023-09-11 09:30:00-04:00,23.889999389648438,23.950000762939453,23.889999389648438,23.94499969482422,0,0.0,0.0,0.0
2023-09-11 10:30:00-04:00,23.940000534057617,23.940000534057617,23.89579963684082,23.905000686645508,3399,0.0,0.0,0.0
2023-09-11 11:30:00-04:00,23.905000686645508,23.909799575805664,23.905000686645508,23.909799575805664,2579,0.0,0.0,0.0
2023-09-11 12:30:00-04:00,23.920000076293945,23.920000076293945,23.90999984741211,23.920000076293945,1169,0.0,0.0,0.0
2023-09-11 13:30:00-04:00,23.920000076293945,23.940000534057617,23.920000076293945,23.940000534057617,3010,0.0,0.0,0.0
2023-09-11 14:30:00-04:00,23.93000030517578,23.950000762939453,23.93000030517578,23.950000762939453,1165,0.0,0.0,0.0
2023-09-11 15:30:00-04:00,23.935199737548828,23.959999084472656,23.93000030517578,23.934999465942383,0,0.0,0.0,0.0
2023-09-12 09:30:00-04:00,23.905000686645508,23.90999984741211,23.899999618530273,23.899999618530273,930,0.0,0.0,0.0
2023-09-12 10:30:00-04:00,23.90999984741211,23.920000076293945,23.897300720214844,23.915000915527344,20054,0.0,0.0,0.0
2023-09-12 11:30:00-04:00,23.915000915527344,23.940000534057617,23.90999984741211,23.934999465942383,13704,0.0,0.0,0.0
2023-09-12 12:30:00-04:00,23.934999465942383,23.950000762939453,23.90999984741211,23.90999984741211,13818,0.0,0.0,0.0
2023-09-12 13:30:00-04:00,23.90999984741211,23.920000076293945,23.905000686645508,23.915000915527344,2285,0.0,0.0,0.0
2023-09-12 14:30:00-04:00,23.93000030517578,23.94499969482422,23.920000076293945,23.94499969482422,18055,0.0,0.0,0.0
2023-09-12 15:30:00-04:00,23.94499969482422,23.94499969482422,23.93000030517578,23.940000534057617,7318,0.0,0.0,0.0
2023-09-13 09:30:00-04:00,23.920000076293945,23.950000762939453,23.915000915527344,23.920000076293945,0,0.0,0.0,0.0
2023-09-13 10:30:00-04:00,23.920000076293945,23.940000534057617,23.920000076293945,23.93000030517578,3049,0.0,0.0,0.0
2023-09-13 11:30:00-04:00,23.920000076293945,23.940000534057617,23.920000076293945,23.940000534057617,383,0.0,0.0,0.0
2023-09-13 12:30:00-04:00,23.969499588012695,23.979999542236328,23.964099884033203,23.979999542236328,2313,0.0,0.0,0.0
2023-09-13 13:30:00-04:00,23.969999313354492,23.979999542236328,23.969999313354492,23.975000381469727,2374,0.0,0.0,0.0
2023-09-13 14:30:00-04:00,23.969999313354492,23.969999313354492,23.9689998626709,23.969999313354492,1545,0.0,0.0,0.0
2023-09-13 15:30:00-04:00,23.966899871826172,23.979999542236328,23.959999084472656,23.979999542236328,5074,0.0,0.0,0.0
2023-09-14 09:30:00-04:00,24.020000457763672,24.15999984741211,23.94339942932129,23.96969985961914,0,0.0,0.0,0.0
2023-09-14 10:30:00-04:00,23.959999084472656,24.010000228881836,23.959999084472656,23.975000381469727,6510,0.0,0.0,0.0
2023-09-14 11:30:00-04:00,23.975000381469727,23.975000381469727,23.960100173950195,23.9689998626709,1725,0.0,0.0,0.0
2023-09-14 12:30:00-04:00,23.950000762939453,23.969999313354492,23.94569969177246,23.959999084472656,374898,0.0,0.0,0.0
2023-09-14 13:30:00-04:00,23.959999084472656,23.979999542236328,23.950000762939453,23.969999313354492,78532,0.0,0.0,0.0
2023-09-14 14:30:00-04:00,23.969999313354492,23.979999542236328,23.959999084472656,23.969999313354492,83350,0.0,0.0,0.0
2023-09-14 15:30:00-04:00,23.96500015258789,23.969900131225586,23.959999084472656,23.959999084472656,0,0.0,0.0,0.0
2023-09-15 09:30:00-04:00,23.920000076293945,23.920000076293945,23.889999389648438,23.889999389648438,1393,0.0,0.0,0.0
2023-09-15 10:30:00-04:00,23.889999389648438,23.899999618530273,23.889999389648438,23.890100479125977,3135,0.0,0.0,0.0
2023-09-15 11:30:00-04:00,23.889999389648438,23.889999389648438,23.860000610351562,23.885000228881836,52288,0.0,0.0,0.0
2023-09-15 12:30:00-04:00,23.8799991607666,23.90999984741211,23.8799991607666,23.905000686645508,108038,0.0,0.0,0.0
2023-09-15 13:30:00-04:00,23.90999984741211,23.920000076293945,23.90999984741211,23.920000076293945,52769,0.0,0.0,0.0
2023-09-15 14:30:00-04:00,23.899999618530273,23.920000076293945,23.899999618530273,23.90999984741211,8417,0.0,0.0,0.0
2023-09-15 15:30:00-04:00,23.90999984741211,23.90999984741211,23.905000686645508,23.905000686645508,3556,0.0,0.0,0.0
2023-09-18 09:30:00-04:00,23.850000381469727,23.920000076293945,23.850000381469727,23.8799991607666,0,0.0,0.0,0.0
2023-09-18 10:30:00-04:00,23.8799991607666,23.88610076904297,23.8700008392334,23.8700008392334,13113,0.0,0.0,0.0
2023-09-18 11:30:00-04:00,23.88990020751953,23.899999618530273,23.88990020751953,23.899999618530273,953,0.0,0.0,0.0
2023-09-18 12:30:00-04:00,23.90999984741211,23.920000076293945,23.90999984741211,23.920000076293945,508,0.0,0.0,0.0
2023-09-18 13:30:00-04:00,23.920000076293945,23.920000076293945,23.90169906616211,23.90999984741211,3328,0.0,0.0,0.0
2023-09-18 14:30:00-04:00,23.90999984741211,23.920000076293945,23.902700424194336,23.915000915527344,4181,0.0,0.0,0.0
2023-09-18 15:30:00-04:00,23.90999984741211,23.940000534057617,23.90999984741211,23.93000030517578,18040,0.0,0.0,0.0
2023-09-19 09:30:00-04:00,23.90999984741211,23.90999984741211,23.8700008392334,23.889999389648438,0,0.0,0.0,0.0
2023-09-19 10:30:00-04:00,23.875,23.89299964904785,23.875,23.89299964904785,1557,0.0,0.0,0.0
2023-09-19 11:30:00-04:00,23.8799991607666,23.8799991607666,23.8799991607666,23.8799991607666,408,0.0,0.0,0.0
2023-09-19 12:30:00-04:00,23.88990020751953,23.899999618530273,23.860000610351562,23.860000610351562,14836,0.0,0.0,0.0
2023-09-19 13:30:00-04:00,23.889999389648438,23.889999389648438,23.870899200439453,23.870899200439453,545,0.0,0.0,0.0
2023-09-19 14:30:00-04:00,23.8700008392334,23.8700008392334,23.844999313354492,23.844999313354492,1778,0.0,0.0,0.0
2023-09-19 15:30:00-04:00,23.860000610351562,23.860000610351562,23.82699966430664,23.850000381469727,4489,0.0,0.0,0.0
2023-09-20 09:30:00-04:00,23.950000762939453,23.950000762939453,23.920000076293945,23.920000076293945,0,0.0,0.0,0.0
2023-09-20 10:30:00-04:00,23.940000534057617,23.940000534057617,23.940000534057617,23.940000534057617,854,0.0,0.0,0.0
2023-09-20 11:30:00-04:00,23.930099487304688,23.940000534057617,23.930099487304688,23.938100814819336,3688,0.0,0.0,0.0
2023-09-20 12:30:00-04:00,23.950000762939453,23.950000762939453,23.94339942932129,23.94339942932129,2316,0.0,0.0,0.0
2023-09-20 13:30:00-04:00,23.950000762939453,23.95989990234375,23.8700008392334,23.8700008392334,3566,0.0,0.0,0.0
2023-09-20 14:30:00-04:00,23.929899215698242,23.93000030517578,23.88759994506836,23.909900665283203,8386,0.0,0.0,0.0
2023-09-20 15:30:00-04:00,23.90999984741211,23.90999984741211,23.860000610351562,23.860000610351562,11504,0.0,0.0,0.0
2023-09-21 09:30:00-04:00,23.81999969482422,23.81999969482422,23.649999618530273,23.662500381469727,0,0.0,0.0,0.0
2023-09-21 10:30:00-04:00,23.670000076293945,23.670000076293945,23.65999984741211,23.65999984741211,1082,0.0,0.0,0.0
2023-09-21 11:30:00-04:00,23.649999618530273,23.670000076293945,23.641700744628906,23.659500122070312,24181,0.0,0.0,0.0
2023-09-21 12:30:00-04:00,23.659000396728516,23.68000030517578,23.655000686645508,23.68000030517578,3195,0.0,0.0,0.0
2023-09-21 13:30:00-04:00,23.700000762939453,23.700000762939453,23.66390037536621,23.67569923400879,7926,0.0,0.0,0.0
2023-09-21 14:30:00-04:00,23.690000534057617,23.700000762939453,23.655000686645508,23.655000686645508,4211,0.0,0.0,0.0
2023-09-21 15:30:00-04:00,23.639999389648438,23.68000030517578,23.639999389648438,23.65999984741211,0,0.0,0.0,0.0
2023-09-22 09:30:00-04:00,23.69499969482422,23.759599685668945,23.69499969482422,23.759599685668945,5611,0.0,0.0,0.0
2023-09-22 10:30:00-04:00,23.7549991607666,23.780000686645508,23.7549991607666,23.759300231933594,8726,0.0,0.0,0.0
2023-09-22 11:30:00-04:00,23.77899932861328,23.780000686645508,23.760000228881836,23.760000228881836,3944,0.0,0.0,0.0
2023-09-22 12:30:00-04:00,23.790000915527344,23.790000915527344,23.780000686645508,23.78499984741211,522,0.0,0.0,0.0
2023-09-22 13:30:00-04:00,23.770000457763672,23.774999618530273,23.770000457763672,23.774999618530273,785,0.0,0.0,0.0
2023-09-22 14:30:00-04:00,23.770099639892578,23.770099639892578,23.7549991607666,23.764999389648438,7955,0.0,0.0,0.0
2023-09-22 15:30:00-04:00,23.764999389648438,23.799999237060547,23.764999389648438,23.780000686645508,18554,0.0,0.0,0.0
2023-09-25 09:30:00-04:00,23.65999984741211,23.674999237060547,23.640100479125977,23.649999618530273,0,0.0,0.0,0.0
2023-09-25 10:30:00-04:00,23.641000747680664,23.69499969482422,23.641000747680664,23.69499969482422,11833,0.0,0.0,0.0
2023-09-25 11:30:00-04:00,23.670000076293945,23.670000076293945,23.66010093688965,23.665000915527344,983,0.0,0.0,0.0
2023-09-25 12:30:00-04:00,23.66990089416504,23.674999237060547,23.66010093688965,23.660999298095703,3417,0.0,0.0,0.0
2023-09-25 13:30:00-04:00,23.65999984741211,23.65999984741211,23.649999618530273,23.649999618530273,7877,0.0,0.0,0.0
2023-09-25 14:30:00-04:00,23.64699935913086,23.649900436401367,23.610000610351562,23.614999771118164,10788,0.0,0.0,0.0
2023-09-25 15:30:00-04:00,23.614999771118164,23.6299991607666,23.600900650024414,23.6200008392334,52547,0.0,0.0,0.0
2023-09-26 09:30:00-04:00,23.670000076293945,23.672300338745117,23.6299991607666,23.639999389648438,0,0.0,0.0,0.0
2023-09-26 10:30:00-04:00,23.635000228881836,23.639999389648438,23.579999923706055,23.579999923706055,5669,0.0,0.0,0.0
2023-09-26 11:30:00-04:00,23.59000015258789,23.6200008392334,23.59000015258789,23.600000381469727,72066,0.0,0.0,0.0
2023-09-26 12:30:00-04:00,23.59000015258789,23.59000015258789,23.564300537109375,23.59000015258789,5384,0.0,0.0,0.0
2023-09-26 13:30:00-04:00,23.584999084472656,23.610000610351562,23.57990074157715,23.57990074157715,7260,0.0,0.0,0.0
2023-09-26 14:30:00-04:00,23.549999237060547,23.549999237060547,23.530000686645508,23.545000076293945,13781,0.0,0.0,0.0
2023-09-26 15:30:00-04:00,23.541000366210938,23.56999969482422,23.541000366210938,23.549999237060547,0,0.0,0.0,0.0
2023-09-27 09:30:00-04:00,23.679899215698242,23.679899215698242,23.559999465942383,23.559999465942383,1973,0.0,0.0,0.0
2023-09-27 10:30:00-04:00,23.549999237060547,23.56999969482422,23.520000457763672,23.520000457763672,3845,0.0,0.0,0.0
2023-09-27 11:30:00-04:00,23.510000228881836,23.510000228881836,23.45330047607422,23.458999633789062,7955,0.0,0.0,0.0
2023-09-27 12:30:00-04:00,23.459400177001953,23.46500015258789,23.395000457763672,23.395000457763672,4638,0.0,0.0,0.0
2023-09-27 13:30:00-04:00,23.38599967956543,23.38599967956543,23.364999771118164,23.3799991607666,2150,0.0,0.0,0.0
2023-09-27 14:30:00-04:00,23.420000076293945,23.43000030517578,23.389999389648438,23.417499542236328,32747,0.0,0.0,0.0
2023-09-27 15:30:00-04:00,23.420000076293945,23.43000030517578,23.399999618530273,23.43000030517578,16381,0.0,0.0,0.0
2023-09-28 09:30:00-04:00,23.395999908447266,23.395999908447266,23.309999465942383,23.350000381469727,10476,0.0,0.0,0.0
2023-09-28 10:30:00-04:00,23.33209991455078,23.389999389648438,23.33209991455078,23.389999389648438,7131,0.0,0.0,0.0
2023-09-28 11:30:00-04:00,23.450000762939453,23.450000762939453,23.422000885009766,23.440000534057617,1279,0.0,0.0,0.0
2023-09-28 12:30:00-04:00,23.43000030517578,23.43000030517578,23.422500610351562,23.424999237060547,1425,0.0,0.0,0.0
2023-09-28 13:30:00-04:00,23.420000076293945,23.420000076293945,23.400100708007812,23.400100708007812,1595,0.0,0.0,0.0
2023-09-28 14:30:00-04:00,23.434999465942383,23.469999313354492,23.434999465942383,23.469999313354492,6159,0.0,0.0,0.0
2023-09-28 15:30:00-04:00,23.464000701904297,23.479999542236328,23.459999084472656,23.469999313354492,7497,0.0,0.0,0.0
2023-09-29 09:30:00-04:00,23.549999237060547,23.639400482177734,23.549999237060547,23.580799102783203,0,0.0,0.0,0.0
2023-09-29 10:30:00-04:00,23.579999923706055,23.610000610351562,23.549999237060547,23.549999237060547,6177,0.0,0.0,0.0
2023-09-29 11:30:00-04:00,23.520599365234375,23.520599365234375,23.510000228881836,23.510000228881836,2016,0.0,0.0,0.0
2023-09-29 12:30:00-04:00,23.510000228881836,23.530000686645508,23.5,23.5,6229,0.0,0.0,0.0
2023-09-29 13:30:00-04:00,23.514999389648438,23.520000457763672,23.4950008392334,23.4950008392334,6044,0.0,0.0,0.0
2023-09-29 14:30:00-04:00,23.47010040283203,23.479999542236328,23.450000762939453,23.450000762939453,8523,0.0,0.0,0.0
2023-09-29 15:30:00-04:00,23.450000762939453,23.479999542236328,23.449899673461914,23.469999313354492,9223,0.0,0.0,0.0
2023-10-02 09:30:00-04:00,23.260000228881836,23.309999465942383,23.229999542236328,23.279399871826172,38455,0.0,0.0,0.0
2023-10-02 10:30:00-04:00,23.280000686645508,23.280000686645508,23.229999542236328,23.240100860595703,1499,0.0,0.0,0.0
2023-10-02 11:30:00-04:00,23.249000549316406,23.249000549316406,23.174999237060547,23.174999237060547,8984,0.0,0.0,0.0
2023-10-02 12:30:00-04:00,23.200000762939453,23.200000762939453,23.200000762939453,23.200000762939453,493,0.0,0.0,0.0
2023-10-02 13:30:00-04:00,23.200000762939453,23.219999313354492,23.19729995727539,23.21500015258789,41338,0.0,0.0,0.0
2023-10-02 14:30:00-04:00,23.209999084472656,23.209999084472656,23.200000762939453,23.200000762939453,178976,0.0,0.0,0.0
2023-10-02 15:30:00-04:00,23.200000762939453,23.200000762939453,23.170000076293945,23.170000076293945,13727,0.0,0.0,0.0
2023-10-03 09:30:00-04:00,23.18000030517578,23.18000030517578,23.024999618530273,23.024999618530273,0,0.0,0.0,0.0
2023-10-03 10:30:00-04:00,23.059999465942383,23.059999465942383,23.0,23.010000228881836,1781,0.0,0.0,0.0
2023-10-03 11:30:00-04:00,22.969999313354492,23.0,22.969999313354492,23.0,11983,0.0,0.0,0.0
2023-10-03 12:30:00-04:00,23.010900497436523,23.010900497436523,22.979999542236328,22.979999542236328,5524,0.0,0.0,0.0
2023-10-03 13:30:00-04:00,22.979999542236328,22.980100631713867,22.950000762939453,22.950000762939453,5390,0.0,0.0,0.0
2023-10-03 14:30:00-04:00,22.93899917602539,22.959999084472656,22.92009925842285,22.934999465942383,11227,0.0,0.0,0.0
2023-10-03 15:30:00-04:00,22.934999465942383,22.947999954223633,22.934999465942383,22.947999954223633,5752,0.0,0.0,0.0
2023-10-04 09:30:00-04:00,23.059999465942383,23.065000534057617,22.999900817871094,23.0,0,0.0,0.0,0.0
2023-10-04 10:30:00-04:00,22.989999771118164,23.059999465942383,22.989900588989258,23.059999465942383,14765,0.0,0.0,0.0
2023-10-04 11:30:00-04:00,23.03499984741211,23.079999923706055,23.03499984741211,23.079999923706055,13682,0.0,0.0,0.0
2023-10-04 12:30:00-04:00,23.09000015258789,23.110000610351562,23.09000015258789,23.094999313354492,6937,0.0,0.0,0.0
2023-10-04 13:30:00-04:00,23.09000015258789,23.09000015258789,23.059999465942383,23.059999465942383,12185,0.0,0.0,0.0
2023-10-04 14:30:00-04:00,23.079500198364258,23.100000381469727,23.06999969482422,23.099000930786133,32443,0.0,0.0,0.0
2023-10-04 15:30:00-04:00,23.100000381469727,23.135000228881836,23.100000381469727,23.135000228881836,11467,0.0,0.0,0.0
2023-10-05 09:30:00-04:00,23.190000534057617,23.190000534057617,23.114999771118164,23.1200008392334,0,0.0,0.0,0.0
2023-10-05 10:30:00-04:00,23.110000610351562,23.110000610351562,23.06999969482422,23.110000610351562,4086,0.0,0.0,0.0
2023-10-05 11:30:00-04:00,23.100000381469727,23.1299991607666,23.08009910583496,23.1299991607666,8748,0.0,0.0,0.0
2023-10-05 12:30:00-04:00,23.110000610351562,23.1200008392334,23.100000381469727,23.110000610351562,6941,0.0,0.0,0.0
2023-10-05 13:30:00-04:00,23.104999542236328,23.1200008392334,23.100000381469727,23.110000610351562,20489,0.0,0.0,0.0
2023-10-05 14:30:00-04:00,23.1200008392334,23.1200008392334,23.100000381469727,23.109899520874023,8944,0.0,0.0,0.0
2023-10-05 15:30:00-04:00,23.100000381469727,23.1299991607666,23.100000381469727,23.11319923400879,0,0.0,0.0,0.0
2023-10-06 09:30:00-04:00,23.049999237060547,23.049999237060547,22.88050079345703,22.94499969482422,7702,0.0,0.0,0.0
2023-10-06 10:30:00-04:00,22.959800720214844,22.979999542236328,22.950000762939453,22.979999542236328,3813,0.0,0.0,0.0
2023-10-06 11:30:00-04:00,23.030000686645508,23.09000015258789,23.030000686645508,23.09000015258789,2677,0.0,0.0,0.0
2023-10-06 12:30:00-04:00,23.022499084472656,23.06999969482422,23.022499084472656,23.045000076293945,1951,0.0,0.0,0.0
2023-10-06 13:30:00-04:00,23.065000534057617,23.065000534057617,23.031099319458008,23.049400329589844,2983,0.0,0.0,0.0
2023-10-06 14:30:00-04:00,23.0492000579834,23.049999237060547,23.04010009765625,23.049999237060547,4037,0.0,0.0,0.0
2023-10-06 15:30:00-04:00,23.049999237060547,23.049999237060547,23.030099868774414,23.03499984741211,2211,0.0,0.0,0.0
2023-10-09 09:30:00-04:00,23.15999984741211,23.290000915527344,23.100099563598633,23.200000762939453,0,0.0,0.0,0.0
2023-10-09 10:30:00-04:00,23.190000534057617,23.209999084472656,23.190000534057617,23.209999084472656,943,0.0,0.0,0.0
2023-10-09 11:30:00-04:00,23.19499969482422,23.219999313354492,23.19499969482422,23.20870018005371,4436,0.0,0.0,0.0
2023-10-09 12:30:00-04:00,23.20639991760254,23.219999313354492,23.188499450683594,23.219999313354492,3597,0.0,0.0,0.0
2023-10-09 13:30:00-04:00,23.22800064086914,23.280000686645508,23.227500915527344,23.270000457763672,7785,0.0,0.0,0.0
2023-10-09 14:30:00-04:00,23.279600143432617,23.29400062561035,23.267499923706055,23.28499984741211,2854,0.0,0.0,0.0
2023-10-09 15:30:00-04:00,23.273000717163086,23.299999237060547,23.219999313354492,23.280000686645508,7077,0.0,0.0,0.0
2023-10-10 09:30:00-04:00,23.329999923706055,23.329999923706055,23.170299530029297,23.259899139404297,5835,0.0,0.0,0.0
2023-10-10 10:30:00-04:00,23.259599685668945,23.309999465942383,23.259599685668945,23.279300689697266,3401,0.0,0.0,0.0
2023-10-10 11:30:00-04:00,23.315900802612305,23.350000381469727,23.290000915527344,23.33169937133789,3915,0.0,0.0,0.0
2023-10-10 12:30:00-04:00,23.360000610351562,23.3799991607666,23.31999969482422,23.31999969482422,3273,0.0,0.0,0.0
2023-10-10 13:30:00-04:00,23.31999969482422,23.329999923706055,23.29010009765625,23.325000762939453,15620,0.0,0.0,0.0
2023-10-10 14:30:00-04:00,23.315000534057617,23.318300247192383,23.250099182128906,23.250499725341797,6165,0.0,0.0,0.0
2023-10-10 15:30:00-04:00,23.29330062866211,23.309200286865234,23.258399963378906,23.299999237060547,9037,0.0,0.0,0.0
2023-10-11 09:30:00-04:00,23.3700008392334,23.40999984741211,23.3700008392334,23.370500564575195,9436,0.0,0.0,0.0
2023-10-11 10:30:00-04:00,23.411300659179688,23.420000076293945,23.360000610351562,23.419700622558594,6414,0.0,0.0,0.0
2023-10-11 11:30:00-04:00,23.390499114990234,23.45989990234375,23.390499114990234,23.400100708007812,10683,0.0,0.0,0.0
2023-10-11 12:30:00-04:00,23.384899139404297,23.41990089416504,23.3799991607666,23.3799991607666,7857,0.0,0.0,0.0
2023-10-11 13:30:00-04:00,23.375,23.428699493408203,23.340900421142578,23.3799991607666,9575,0.0,0.0,0.0
2023-10-11 14:30:00-04:00,23.40999984741211,23.40999984741211,23.391599655151367,23.391599655151367,796,0.0,0.0,0.0
2023-10-11 15:30:00-04:00,23.399999618530273,23.420000076293945,23.382400512695312,23.385000228881836,5961,0.0,0.0,0.0
2023-10-12 09:30:00-04:00,23.309999465942383,23.34000015258789,23.30500030517578,23.30500030517578,3744,0.0,0.0,0.0
2023-10-12 10:30:00-04:00,23.29560089111328,23.299999237060547,23.270000457763672,23.270000457763672,6813,0.0,0.0,0.0
2023-10-12 11:30:00-04:00,23.24489974975586,23.31999969482422,23.240299224853516,23.315000534057617,10522,0.0,0.0,0.0
2023-10-12 12:30:00-04:00,23.329999923706055,23.329999923706055,23.209999084472656,23.209999084472656,62874,0.0,0.0,0.0
2023-10-12 13:30:00-04:00,23.199899673461914,23.199899673461914,23.199899673461914,23.199899673461914,1026,0.0,0.0,0.0
2023-10-12 14:30:00-04:00,23.219999313354492,23.229999542236328,23.219999313354492,23.229999542236328,3433,0.0,0.0,0.0
2023-10-12 15:30:00-04:00,23.211000442504883,23.222000122070312,23.15999984741211,23.15999984741211,14815,0.0,0.0,0.0
2023-10-13 09:30:00-04:00,23.43000030517578,23.43000030517578,23.321300506591797,23.321300506591797,0,0.0,0.0,0.0
2023-10-13 10:30:00-04:00,23.329999923706055,23.350000381469727,23.31999969482422,23.31999969482422,12119,0.0,0.0,0.0
2023-10-13 11:30:00-04:00,23.315000534057617,23.315000534057617,23.315000534057617,23.315000534057617,1112,0.0,0.0,0.0
2023-10-13 12:30:00-04:00,23.330299377441406,23.330299377441406,23.315000534057617,23.329999923706055,965,0.0,0.0,0.0
2023-10-13 13:30:00-04:00,23.29330062866211,23.329999923706055,23.29330062866211,23.316600799560547,9698,0.0,0.0,0.0
2023-10-13 14:30:00-04:00,23.309999465942383,23.350000381469727,23.309999465942383,23.344999313354492,6624,0.0,0.0,0.0
2023-10-13 15:30:00-04:00,23.344999313354492,23.344999313354492,23.31999969482422,23.334999084472656,8166,0.0,0.0,0.0
2023-10-16 09:30:00-04:00,23.239999771118164,23.239999771118164,23.177600860595703,23.223100662231445,0,0.0,0.0,0.0
2023-10-16 10:30:00-04:00,23.200000762939453,23.219999313354492,23.200000762939453,23.219999313354492,1515,0.0,0.0,0.0
2023-10-16 11:30:00-04:00,23.239999771118164,23.239999771118164,23.200000762939453,23.21339988708496,2783,0.0,0.0,0.0
2023-10-16 12:30:00-04:00,23.204999923706055,23.219999313354492,23.204999923706055,23.209999084472656,4915,0.0,0.0,0.0
2023-10-16 13:30:00-04:00,23.191699981689453,23.209999084472656,23.191699981689453,23.204999923706055,8250,0.0,0.0,0.0
2023-10-16 14:30:00-04:00,23.21820068359375,23.21820068359375,23.191299438476562,23.200000762939453,4698,0.0,0.0,0.0
2023-10-16 15:30:00-04:00,23.200000762939453,23.219999313354492,23.190000534057617,23.190000534057617,4748,0.0,0.0,0.0
2023-10-17 09:30:00-04:00,23.040000915527344,23.040000915527344,22.970800399780273,22.985000610351562,0,0.0,0.0,0.0
2023-10-17 10:30:00-04:00,22.979999542236328,23.030000686645508,22.959999084472656,23.010000228881836,10915,0.0,0.0,0.0
2023-10-17 11:30:00-04:00,23.020000457763672,23.049999237060547,23.010000228881836,23.04010009765625,6320,0.0,0.0,0.0
2023-10-17 12:30:00-04:00,23.049800872802734,23.049999237060547,23.0,23.009899139404297,11183,0.0,0.0,0.0
2023-10-17 13:30:00-04:00,22.97249984741211,22.979900360107422,22.959999084472656,22.960500717163086,2205,0.0,0.0,0.0
2023-10-17 14:30:00-04:00,22.969900131225586,22.985000610351562,22.959999084472656,22.985000610351562,18249,0.0,0.0,0.0
2023-10-17 15:30:00-04:00,22.989999771118164,23.009899139404297,22.979999542236328,22.989999771118164,3218,0.0,0.0,0.0
2023-10-18 09:30:00-04:00,23.010000228881836,23.010000228881836,22.889999389648438,22.93000030517578,5348,0.0,0.0,0.0
2023-10-18 10:30:00-04:00,22.899999618530273,22.899999618530273,22.829999923706055,22.829999923706055,4979,0.0,0.0,0.0
2023-10-18 11:30:00-04:00,22.829999923706055,22.850000381469727,22.801599502563477,22.801599502563477,23191,0.0,0.0,0.0
2023-10-18 12:30:00-04:00,22.834999084472656,22.899999618530273,22.834999084472656,22.899999618530273,3609,0.0,0.0,0.0
2023-10-18 13:30:00-04:00,22.90999984741211,22.90999984741211,22.889999389648438,22.889999389648438,10333,0.0,0.0,0.0
2023-10-18 14:30:00-04:00,22.87969970703125,22.8799991607666,22.84000015258789,22.84000015258789,29312,0.0,0.0,0.0
2023-10-18 15:30:00-04:00,22.84000015258789,22.850000381469727,22.84000015258789,22.844999313354492,6413,0.0,0.0,0.0
2023-10-19 09:30:00-04:00,22.93000030517578,22.93000030517578,22.75,22.760000228881836,13321,0.0,0.0,0.0
2023-10-19 10:30:00-04:00,22.75,22.760000228881836,22.72010040283203,22.75309944152832,5002,0.0,0.0,0.0
2023-10-19 11:30:00-04:00,22.770000457763672,22.836200714111328,22.75,22.829999923706055,8761,0.0,0.0,0.0
2023-10-19 12:30:00-04:00,22.82990074157715,22.82990074157715,22.719999313354492,22.791799545288086,22643,0.0,0.0,0.0
2023-10-19 13:30:00-04:00,22.779699325561523,22.779699325561523,22.739999771118164,22.739999771118164,5056,0.0,0.0,0.0
2023-10-19 14:30:00-04:00,22.690000534057617,22.69879913330078,22.670000076293945,22.696500778198242,4127,0.0,0.0,0.0
2023-10-19 15:30:00-04:00,22.69499969482422,22.709999084472656,22.68899917602539,22.69540023803711,3852,0.0,0.0,0.0
2023-10-20 09:30:00-04:00,22.920000076293945,22.920000076293945,22.739999771118164,22.739999771118164,6986,0.0,0.0,0.0
2023-10-20 10:30:00-04:00,22.75,22.78499984741211,22.740100860595703,22.784099578857422,11899,0.0,0.0,0.0
2023-10-20 11:30:00-04:00,22.777599334716797,22.790000915527344,22.770000457763672,22.780000686645508,11238,0.0,0.0,0.0
2023-10-20 12:30:00-04:00,22.790000915527344,22.790000915527344,22.780000686645508,22.786300659179688,11900,0.0,0.0,0.0
2023-10-20 13:30:00-04:00,22.789100646972656,22.799999237060547,22.788999557495117,22.799999237060547,2941,0.0,0.0,0.0
2023-10-20 14:30:00-04:00,22.79010009765625,22.79010009765625,22.79010009765625,22.79010009765625,437,0.0,0.0,0.0
2023-10-20 15:30:00-04:00,22.790000915527344,22.799999237060547,22.770000457763672,22.780099868774414,15382,0.0,0.0,0.0
2023-10-23 09:30:00-04:00,22.729999542236328,22.84000015258789,22.729999542236328,22.84000015258789,28570,0.0,0.0,0.0
2023-10-23 10:30:00-04:00,22.850200653076172,22.895000457763672,22.809999465942383,22.895000457763672,145146,0.0,0.0,0.0
2023-10-23 11:30:00-04:00,22.905000686645508,22.924999237060547,22.899999618530273,22.90999984741211,2184,0.0,0.0,0.0
2023-10-23 12:30:00-04:00,22.90999984741211,22.950000762939453,22.90999984741211,22.950000762939453,3423,0.0,0.0,0.0
2023-10-23 13:30:00-04:00,22.959999084472656,22.96500015258789,22.94969940185547,22.960800170898438,174121,0.0,0.0,0.0
2023-10-23 14:30:00-04:00,22.959999084472656,22.969999313354492,22.93000030517578,22.940000534057617,7258,0.0,0.0,0.0
2023-10-23 15:30:00-04:00,22.93000030517578,22.950000762939453,22.920000076293945,22.950000762939453,60784,0.0,0.0,0.0
2023-10-24 09:30:00-04:00,22.950000762939453,22.959999084472656,22.940000534057617,22.959999084472656,0,0.0,0.0,0.0
2023-10-24 10:30:00-04:00,22.940000534057617,22.950000762939453,22.93000030517578,22.950000762939453,5032,0.0,0.0,0.0
2023-10-24 11:30:00-04:00,22.954999923706055,23.0,22.940000534057617,23.0,22295,0.0,0.0,0.0
2023-10-24 12:30:00-04:00,23.010000228881836,23.010000228881836,22.97010040283203,22.979999542236328,5891,0.0,0.0,0.0
2023-10-24 13:30:00-04:00,22.999900817871094,23.010000228881836,22.959999084472656,22.985000610351562,14137,0.0,0.0,0.0
2023-10-24 14:30:00-04:00,22.989999771118164,23.010000228881836,22.989999771118164,23.010000228881836,8427,0.0,0.0,0.0
2023-10-24 15:30:00-04:00,23.020000457763672,23.040000915527344,23.000099182128906,23.030000686645508,5960,0.0,0.0,0.0
2023-10-25 09:30:00-04:00,22.940000534057617,22.940000534057617,22.889999389648438,22.895000457763672,0,0.0,0.0,0.0
2023-10-25 10:30:00-04:00,22.895000457763672,22.899999618530273,22.874000549316406,22.88330078125,9151,0.0,0.0,0.0
2023-10-25 11:30:00-04:00,22.890100479125977,22.899999618530273,22.86009979248047,22.889999389648438,6792,0.0,0.0,0.0
2023-10-25 12:30:00-04:00,22.8799991607666,22.8799991607666,22.825000762939453,22.825000762939453,9419,0.0,0.0,0.0
2023-10-25 13:30:00-04:00,22.820100784301758,22.84000015258789,22.810100555419922,22.82939910888672,51635,0.0,0.0,0.0
2023-10-25 14:30:00-04:00,22.80970001220703,22.84000015258789,22.80500030517578,22.84000015258789,19590,0.0,0.0,0.0
2023-10-25 15:30:00-04:00,22.84000015258789,22.860000610351562,22.83169937133789,22.850000381469727,19068,0.0,0.0,0.0
2023-10-26 09:30:00-04:00,22.959999084472656,22.959999084472656,22.860000610351562,22.894800186157227,6505,0.0,0.0,0.0
2023-10-26 10:30:00-04:00,22.889999389648438,22.90999984741211,22.860000610351562,22.899999618530273,9696,0.0,0.0,0.0
2023-10-26 11:30:00-04:00,22.889999389648438,22.899999618530273,22.889999389648438,22.895000457763672,3755,0.0,0.0,0.0
2023-10-26 12:30:00-04:00,22.899900436401367,22.959999084472656,22.895000457763672,22.959999084472656,5142,0.0,0.0,0.0
2023-10-26 13:30:00-04:00,22.95009994506836,22.988300323486328,22.95009994506836,22.988300323486328,4491,0.0,0.0,0.0
2023-10-26 14:30:00-04:00,22.988300323486328,23.010000228881836,22.969999313354492,23.0,23461,0.0,0.0,0.0
2023-10-26 15:30:00-04:00,22.987899780273438,23.010000228881836,22.980100631713867,23.010000228881836,10334,0.0,0.0,0.0
2023-10-27 09:30:00-04:00,23.09000015258789,23.09000015258789,22.969999313354492,22.97010040283203,3485,0.0,0.0,0.0
2023-10-27 10:30:00-04:00,22.9596004486084,22.969999313354492,22.950199127197266,22.959999084472656,7650,0.0,0.0,0.0
2023-10-27 11:30:00-04:00,22.96500015258789,22.979999542236328,22.950000762939453,22.950000762939453,4997,0.0,0.0,0.0
2023-10-27 12:30:00-04:00,22.93000030517578,22.93000030517578,22.920000076293945,22.920000076293945,223,0.0,0.0,0.0
2023-10-27 13:30:00-04:00,22.920000076293945,22.979999542236328,22.920000076293945,22.954999923706055,18879,0.0,0.0,0.0
2023-10-27 14:30:00-04:00,22.954999923706055,22.969999313354492,22.95009994506836,22.969999313354492,9482,0.0,0.0,0.0
2023-10-27 15:30:00-04:00,22.9685001373291,22.969999313354492,22.947200775146484,22.947200775146484,4497,0.0,0.0,0.0
2023-10-30 09:30:00-04:00,22.979999542236328,22.979999542236328,22.860000610351562,22.863000869750977,0,0.0,0.0,0.0
2023-10-30 10:30:00-04:00,22.850000381469727,22.876100540161133,22.850000381469727,22.8700008392334,1872,0.0,0.0,0.0
2023-10-30 11:30:00-04:00,22.8799991607666,22.889999389648438,22.862899780273438,22.875,3531,0.0,0.0,0.0
2023-10-30 12:30:00-04:00,22.8700008392334,22.8700008392334,22.860000610351562,22.8700008392334,664,0.0,0.0,0.0
2023-10-30 13:30:00-04:00,22.860000610351562,22.899900436401367,22.860000610351562,22.889999389648438,2808,0.0,0.0,0.0
2023-10-30 14:30:00-04:00,22.899999618530273,22.93790054321289,22.889999389648438,22.920000076293945,4478,0.0,0.0,0.0
2023-10-30 15:30:00-04:00,22.901500701904297,22.93000030517578,22.889999389648438,22.889999389648438,12976,0.0,0.0,0.0
2023-10-31 09:30:00-04:00,22.90999984741211,22.975000381469727,22.90999984741211,22.91010093688965,0,0.0,0.0,0.0
2023-10-31 10:30:00-04:00,22.96500015258789,22.985000610351562,22.96500015258789,22.985000610351562,3613,0.0,0.0,0.0
2023-10-31 11:30:00-04:00,22.979999542236328,22.979999542236328,22.920000076293945,22.940000534057617,5124,0.0,0.0,0.0
2023-10-31 12:30:00-04:00,22.950000762939453,22.98979949951172,22.950000762939453,22.98979949951172,14649,0.0,0.0,0.0
2023-10-31 13:30:00-04:00,22.980899810791016,22.980899810791016,22.963300704956055,22.969999313354492,1176,0.0,0.0,0.0
2023-10-31 14:30:00-04:00,22.96500015258789,22.96500015258789,22.93000030517578,22.93000030517578,2185,0.0,0.0,0.0
2023-10-31 15:30:00-04:00,22.93000030517578,22.956499099731445,22.90999984741211,22.90999984741211,8614,0.0,0.0,0.0
2023-11-01 09:30:00-04:00,22.809999465942383,22.990100860595703,22.809999465942383,22.990100860595703,0,0.0,0.0,0.0
2023-11-01 10:30:00-04:00,23.0,23.0,22.989999771118164,22.996000289916992,3142,0.0,0.0,0.0
2023-11-01 11:30:00-04:00,22.9950008392334,22.9950008392334,22.96500015258789,22.96500015258789,9070,0.0,0.0,0.0
2023-11-01 12:30:00-04:00,22.959999084472656,22.969999313354492,22.940099716186523,22.96500015258789,21969,0.0,0.0,0.0
2023-11-01 13:30:00-04:00,22.96980094909668,22.969999313354492,22.959999084472656,22.969999313354492,8981,0.0,0.0,0.0
2023-11-01 14:30:00-04:00,23.010000228881836,23.030000686645508,22.96500015258789,23.030000686645508,6081,0.0,0.0,0.0
2023-11-01 15:30:00-04:00,23.04010009765625,23.100000381469727,23.04010009765625,23.049999237060547,18014,0.0,0.0,0.0
2023-11-02 09:30:00-04:00,23.25,23.280000686645508,23.230100631713867,23.269899368286133,20440,0.0,0.0,0.0
2023-11-02 10:30:00-04:00,23.270000457763672,23.309999465942383,23.24690055847168,23.24690055847168,104652,0.0,0.0,0.0
2023-11-02 11:30:00-04:00,23.274599075317383,23.280000686645508,23.209999084472656,23.209999084472656,6481,0.0,0.0,0.0
2023-11-02 12:30:00-04:00,23.229999542236328,23.257600784301758,23.200000762939453,23.229999542236328,7560,0.0,0.0,0.0
2023-11-02 13:30:00-04:00,23.259899139404297,23.270000457763672,23.229999542236328,23.25,4918,0.0,0.0,0.0
2023-11-02 14:30:00-04:00,23.25,23.280000686645508,23.25,23.280000686645508,13814,0.0,0.0,0.0
2023-11-02 15:30:00-04:00,23.280000686645508,23.299999237060547,23.25,23.290000915527344,29904,0.0,0.0,0.0
2023-11-03 09:30:00-04:00,23.549999237060547,23.58300018310547,23.530000686645508,23.530000686645508,0,0.0,0.0,0.0
2023-11-03 10:30:00-04:00,23.47559928894043,23.54990005493164,23.47559928894043,23.524999618530273,19014,0.0,0.0,0.0
2023-11-03 11:30:00-04:00,23.520000457763672,23.539400100708008,23.502899169921875,23.530000686645508,4640,0.0,0.0,0.0
2023-11-03 12:30:00-04:00,23.50429916381836,23.540000915527344,23.489999771118164,23.489999771118164,7702,0.0,0.0,0.0
2023-11-03 13:30:00-04:00,23.479999542236328,23.489999771118164,23.460500717163086,23.469999313354492,5722,0.0,0.0,0.0
2023-11-03 14:30:00-04:00,23.469999313354492,23.479999542236328,23.440000534057617,23.440000534057617,29557,0.0,0.0,0.0
2023-11-03 15:30:00-04:00,23.440000534057617,23.5,23.3799991607666,23.3799991607666,17806,0.0,0.0,0.0
2023-11-06 09:30:00-05:00,23.440000534057617,23.440000534057617,23.290000915527344,23.290000915527344,12514,0.0,0.0,0.0
2023-11-06 10:30:00-05:00,23.309999465942383,23.34000015258789,23.309999465942383,23.309999465942383,14982,0.0,0.0,0.0
2023-11-06 11:30:00-05:00,23.329999923706055,23.329999923706055,23.31290054321289,23.31290054321289,6544,0.0,0.0,0.0
2023-11-06 12:30:00-05:00,23.31999969482422,23.325000762939453,23.31209945678711,23.315000534057617,3066,0.0,0.0,0.0
2023-11-06 13:30:00-05:00,23.31999969482422,23.31999969482422,23.299699783325195,23.301700592041016,5089,0.0,0.0,0.0
2023-11-06 14:30:00-05:00,23.309900283813477,23.309999465942383,23.29680061340332,23.30500030517578,100595,0.0,0.0,0.0
2023-11-06 15:30:00-05:00,23.30500030517578,23.31999969482422,23.299999237060547,23.299999237060547,8038,0.0,0.0,0.0
2023-11-07 09:30:00-05:00,23.3700008392334,23.419700622558594,23.3700008392334,23.399999618530273,0,0.0,0.0,0.0
2023-11-07 10:30:00-05:00,23.40999984741211,23.440000534057617,23.40999984741211,23.434999465942383,7243,0.0,0.0,0.0
2023-11-07 11:30:00-05:00,23.434999465942383,23.440000534057617,23.40999984741211,23.410900115966797,1197576,0.0,0.0,0.0
2023-11-07 12:30:00-05:00,23.40999984741211,23.46500015258789,23.391700744628906,23.459699630737305,44284,0.0,0.0,0.0
2023-11-07 13:30:00-05:00,23.45989990234375,23.489999771118164,23.450000762939453,23.479999542236328,17620,0.0,0.0,0.0
2023-11-07 14:30:00-05:00,23.489599227905273,23.489599227905273,23.43160057067871,23.459999084472656,1173137,0.0,0.0,0.0
2023-11-07 15:30:00-05:00,23.46980094909668,23.479999542236328,23.455400466918945,23.475000381469727,29977,0.0,0.0,0.0
2023-11-08 09:30:00-05:00,23.440000534057617,23.59000015258789,23.440000534057617,23.459999084472656,0,0.0,0.0,0.0
2023-11-08 10:30:00-05:00,23.492399215698242,23.520000457763672,23.485000610351562,23.520000457763672,16579,0.0,0.0,0.0
2023-11-08 11:30:00-05:00,23.510000228881836,23.524999618530273,23.5,23.514999389648438,13337,0.0,0.0,0.0
2023-11-08 12:30:00-05:00,23.514999389648438,23.56999969482422,23.5,23.530899047851562,5397,0.0,0.0,0.0
2023-11-08 13:30:00-05:00,23.540000915527344,23.549999237060547,23.534900665283203,23.53499984741211,5829,0.0,0.0,0.0
2023-11-08 14:30:00-05:00,23.530000686645508,23.540000915527344,23.530000686645508,23.540000915527344,44215,0.0,0.0,0.0
2023-11-08 15:30:00-05:00,23.545000076293945,23.545000076293945,23.530000686645508,23.540000915527344,11287,0.0,0.0,0.0
2023-11-09 09:30:00-05:00,23.559999465942383,23.559999465942383,23.442800521850586,23.442800521850586,0,0.0,0.0,0.0
2023-11-09 10:30:00-05:00,23.440000534057617,23.459999084472656,23.40999984741211,23.459999084472656,5679,0.0,0.0,0.0
2023-11-09 11:30:00-05:00,23.454999923706055,23.56999969482422,23.454999923706055,23.46500015258789,14223,0.0,0.0,0.0
2023-11-09 12:30:00-05:00,23.46500015258789,23.469999313354492,23.335100173950195,23.420000076293945,11329,0.0,0.0,0.0
2023-11-09 13:30:00-05:00,23.450000762939453,23.450000762939453,23.360000610351562,23.375,12758,0.0,0.0,0.0
2023-11-09 14:30:00-05:00,23.3799991607666,23.389999389648438,23.34000015258789,23.360000610351562,30284,0.0,0.0,0.0
2023-11-09 15:30:00-05:00,23.3700008392334,23.3700008392334,23.299999237060547,23.299999237060547,23004,0.0,0.0,0.0
2023-11-10 09:30:00-05:00,23.459999084472656,23.459999084472656,23.386499404907227,23.40999984741211,11698,0.0,0.0,0.0
2023-11-10 10:30:00-05:00,23.40999984741211,23.440000534057617,23.40999984741211,23.42650032043457,9941,0.0,0.0,0.0
2023-11-10 11:30:00-05:00,23.42919921875,23.42919921875,23.40999984741211,23.420000076293945,6513,0.0,0.0,0.0
2023-11-10 12:30:00-05:00,23.419700622558594,23.420000076293945,23.38159942626953,23.389999389648438,16977,0.0,0.0,0.0
2023-11-10 13:30:00-05:00,23.409900665283203,23.43000030517578,23.399999618530273,23.405000686645508,10058,0.0,0.0,0.0
2023-11-10 14:30:00-05:00,23.420000076293945,23.420000076293945,23.390100479125977,23.420000076293945,5232,0.0,0.0,0.0
2023-11-10 15:30:00-05:00,23.43000030517578,23.450000762939453,23.420000076293945,23.440000534057617,17656,0.0,0.0,0.0
2023-11-13 09:30:00-05:00,23.34000015258789,23.610000610351562,23.309999465942383,23.360000610351562,0,0.0,0.0,0.0
2023-11-13 10:30:00-05:00,23.360000610351562,23.389999389648438,23.344900131225586,23.3799991607666,11250,0.0,0.0,0.0
2023-11-13 11:30:00-05:00,23.399999618530273,23.420000076293945,23.390899658203125,23.420000076293945,25584,0.0,0.0,0.0
2023-11-13 12:30:00-05:00,23.420000076293945,23.43000030517578,23.41990089416504,23.421199798583984,3020,0.0,0.0,0.0
2023-11-13 13:30:00-05:00,23.424999237060547,23.450000762939453,23.424999237060547,23.44499969482422,41856,0.0,0.0,0.0
2023-11-13 14:30:00-05:00,23.44499969482422,23.449899673461914,23.41629981994629,23.422500610351562,13157,0.0,0.0,0.0
2023-11-13 15:30:00-05:00,23.420000076293945,23.440000534057617,23.420000076293945,23.440000534057617,20066,0.0,0.0,0.0
2023-11-14 09:30:00-05:00,23.739999771118164,23.80500030517578,23.729999542236328,23.739999771118164,0,0.0,0.0,0.0
2023-11-14 10:30:00-05:00,23.760000228881836,23.80500030517578,23.759899139404297,23.799999237060547,9972,0.0,0.0,0.0
2023-11-14 11:30:00-05:00,23.80900001525879,23.81999969482422,23.795000076293945,23.795000076293945,15999,0.0,0.0,0.0
2023-11-14 12:30:00-05:00,23.795000076293945,23.829999923706055,23.762500762939453,23.780000686645508,16331,0.0,0.0,0.0
2023-11-14 13:30:00-05:00,23.780000686645508,23.790000915527344,23.746299743652344,23.768999099731445,8800,0.0,0.0,0.0
2023-11-14 14:30:00-05:00,23.768999099731445,23.809999465942383,23.768999099731445,23.80500030517578,17862,0.0,0.0,0.0
2023-11-14 15:30:00-05:00,23.800100326538086,23.81999969482422,23.800100326538086,23.80500030517578,17555,0.0,0.0,0.0
2023-11-15 09:30:00-05:00,23.84000015258789,23.84000015258789,23.66010093688965,23.66010093688965,7933,0.0,0.0,0.0
2023-11-15 10:30:00-05:00,23.709999084472656,23.709999084472656,23.6299991607666,23.689599990844727,13482,0.0,0.0,0.0
2023-11-15 11:30:00-05:00,23.690000534057617,23.690000534057617,23.670000076293945,23.670000076293945,15264,0.0,0.0,0.0
2023-11-15 12:30:00-05:00,23.65489959716797,23.689300537109375,23.65329933166504,23.65329933166504,3846,0.0,0.0,0.0
2023-11-15 13:30:00-05:00,23.65999984741211,23.68000030517578,23.650100708007812,23.650100708007812,56515,0.0,0.0,0.0
2023-11-15 14:30:00-05:00,23.689199447631836,23.76129913330078,23.656700134277344,23.67009925842285,25670,0.0,0.0,0.0
2023-11-15 15:30:00-05:00,23.739999771118164,23.75819969177246,23.670000076293945,23.709999084472656,8890,0.0,0.0,0.0
2023-11-16 09:30:00-05:00,23.950000762939453,23.950000762939453,23.790000915527344,23.82990074157715,13241,0.0,0.0,0.0
2023-11-16 10:30:00-05:00,23.82379913330078,23.836200714111328,23.790000915527344,23.790000915527344,5628,0.0,0.0,0.0
2023-11-16 11:30:00-05:00,23.790000915527344,23.809999465942383,23.770099639892578,23.809900283813477,21673,0.0,0.0,0.0
2023-11-16 12:30:00-05:00,23.829999923706055,23.84000015258789,23.809999465942383,23.83329963684082,13263,0.0,0.0,0.0
2023-11-16 13:30:00-05:00,23.850000381469727,23.850000381469727,23.829999923706055,23.83989906311035,12184,0.0,0.0,0.0
2023-11-16 14:30:00-05:00,23.83169937133789,23.860000610351562,23.83169937133789,23.850000381469727,31745,0.0,0.0,0.0
2023-11-16 15:30:00-05:00,23.84000015258789,23.8439998626709,23.809999465942383,23.81999969482422,17377,0.0,0.0,0.0
2023-11-17 09:30:00-05:00,23.950000762939453,23.950000762939453,23.847299575805664,23.860000610351562,0,0.0,0.0,0.0
2023-11-17 10:30:00-05:00,23.860000610351562,23.8799991607666,23.84000015258789,23.875,4447,0.0,0.0,0.0
2023-11-17 11:30:00-05:00,23.875,23.889999389648438,23.854999542236328,23.8799991607666,7937,0.0,0.0,0.0
2023-11-17 12:30:00-05:00,23.8799991607666,23.9158992767334,23.873300552368164,23.893800735473633,16791,0.0,0.0,0.0
2023-11-17 13:30:00-05:00,23.93000030517578,23.93000030517578,23.8799991607666,23.90999984741211,6021,0.0,0.0,0.0
2023-11-17 14:30:00-05:00,23.90999984741211,23.93000030517578,23.8799991607666,23.915000915527344,17667,0.0,0.0,0.0
2023-11-17 15:30:00-05:00,23.91990089416504,23.920000076293945,23.891000747680664,23.905000686645508,49122,0.0,0.0,0.0
2023-11-20 09:30:00-05:00,23.8799991607666,23.920000076293945,23.850000381469727,23.898799896240234,0,0.0,0.0,0.0
2023-11-20 10:30:00-05:00,23.850000381469727,23.890499114990234,23.84000015258789,23.866300582885742,8062,0.0,0.0,0.0
2023-11-20 11:30:00-05:00,23.8700008392334,23.899999618530273,23.860000610351562,23.899999618530273,3872,0.0,0.0,0.0
2023-11-20 12:30:00-05:00,23.889999389648438,23.979999542236328,23.8700008392334,23.97760009765625,5484,0.0,0.0,0.0
2023-11-20 13:30:00-05:00,23.959999084472656,23.979000091552734,23.9419002532959,23.966999053955078,88211,0.0,0.0,0.0
2023-11-20 14:30:00-05:00,23.959999084472656,23.985000610351562,23.950000762939453,23.985000610351562,3460,0.0,0.0,0.0
2023-11-20 15:30:00-05:00,23.979999542236328,23.989999771118164,23.950000762939453,23.950000762939453,7315,0.0,0.0,0.0
2023-11-21 09:30:00-05:00,23.980300903320312,23.989999771118164,23.950000762939453,23.979999542236328,9499,0.0,0.0,0.0
2023-11-21 10:30:00-05:00,24.0,24.009899139404297,23.959999084472656,24.0,14016,0.0,0.0,0.0
2023-11-21 11:30:00-05:00,23.999900817871094,24.0,23.95709991455078,23.959999084472656,18748,0.0,0.0,0.0
2023-11-21 12:30:00-05:00,23.959999084472656,23.989999771118164,23.93000030517578,23.93000030517578,7889,0.0,0.0,0.0
2023-11-21 13:30:00-05:00,23.920000076293945,23.979999542236328,23.90999984741211,23.979000091552734,271774,0.0,0.0,0.0
2023-11-21 14:30:00-05:00,23.96500015258789,24.0,23.950000762939453,23.969999313354492,20289,0.0,0.0,0.0
2023-11-21 15:30:00-05:00,23.969999313354492,24.0,23.959999084472656,24.0,11614,0.0,0.0,0.0
2023-11-22 09:30:00-05:00,23.950000762939453,24.079999923706055,23.950000762939453,24.009899139404297,0,0.0,0.0,0.0
2023-11-22 10:30:00-05:00,24.010000228881836,24.020000457763672,23.969999313354492,23.989999771118164,159791,0.0,0.0,0.0
2023-11-22 11:30:00-05:00,23.989999771118164,24.011600494384766,23.989999771118164,23.989999771118164,3559,0.0,0.0,0.0
2023-11-22 12:30:00-05:00,23.989999771118164,24.030000686645508,23.989999771118164,24.010000228881836,10572,0.0,0.0,0.0
2023-11-22 13:30:00-05:00,24.020000457763672,24.030000686645508,24.0,24.001399993896484,4797,0.0,0.0,0.0
2023-11-22 14:30:00-05:00,24.0,24.049999237060547,24.0,24.020000457763672,11634,0.0,0.0,0.0
2023-11-22 15:30:00-05:00,24.040000915527344,24.079999923706055,24.0,24.079999923706055,2500,0.0,0.0,0.0
2023-11-24 09:30:00-05:00,24.170000076293945,24.170000076293945,23.989999771118164,23.989999771118164,0,0.0,0.0,0.0
2023-11-24 10:30:00-05:00,23.989999771118164,23.998199462890625,23.989999771118164,23.995899200439453,5894,0.0,0.0,0.0
2023-11-24 11:30:00-05:00,23.989999771118164,23.9950008392334,23.989999771118164,23.9950008392334,6813,0.0,0.0,0.0
2023-11-27 09:30:00-05:00,24.170000076293945,24.170000076293945,24.000099182128906,24.01140022277832,5545,0.0,0.0,0.0
2023-11-27 10:30:00-05:00,24.040000915527344,24.049999237060547,24.0,24.020000457763672,6565,0.0,0.0,0.0
2023-11-27 11:30:00-05:00,24.037599563598633,24.059999465942383,24.020000457763672,24.040000915527344,7131,0.0,0.0,0.0
2023-11-27 12:30:00-05:00,24.040000915527344,24.100000381469727,24.030000686645508,24.089599609375,22241,0.0,0.0,0.0
2023-11-27 13:30:00-05:00,24.079999923706055,24.100000381469727,24.079999923706055,24.090900421142578,12973,0.0,0.0,0.0
2023-11-27 14:30:00-05:00,24.09000015258789,24.1200008392334,24.09000015258789,24.114999771118164,87748,0.0,0.0,0.0
2023-11-27 15:30:00-05:00,24.110000610351562,24.125,24.100000381469727,24.11989974975586,58825,0.0,0.0,0.0
2023-11-28 09:30:00-05:00,24.200000762939453,24.200000762939453,24.084999084472656,24.1200008392334,81277,0.0,0.0,0.0
2023-11-28 10:30:00-05:00,24.1200008392334,24.18000030517578,24.1200008392334,24.175199508666992,7927,0.0,0.0,0.0
2023-11-28 11:30:00-05:00,24.200000762939453,24.209999084472656,24.184799194335938,24.19849967956543,9165,0.0,0.0,0.0
2023-11-28 12:30:00-05:00,24.209999084472656,24.272199630737305,24.15999984741211,24.17770004272461,238645,0.0,0.0,0.0
2023-11-28 13:30:00-05:00,24.18000030517578,24.200000762939453,24.174999237060547,24.200000762939453,179520,0.0,0.0,0.0
2023-11-28 14:30:00-05:00,24.204999923706055,24.219999313354492,24.190000534057617,24.21969985961914,11944,0.0,0.0,0.0
2023-11-28 15:30:00-05:00,24.229999542236328,24.260000228881836,24.229999542236328,24.25,15094,0.0,0.0,0.0
2023-11-29 09:30:00-05:00,24.360000610351562,24.420000076293945,24.350000381469727,24.375,43351,0.0,0.0,0.0
2023-11-29 10:30:00-05:00,24.389999389648438,24.389999389648438,24.3700008392334,24.375,13217,0.0,0.0,0.0
2023-11-29 11:30:00-05:00,24.375,24.399999618530273,24.350000381469727,24.354999542236328,13620,0.0,0.0,0.0
2023-11-29 12:30:00-05:00,24.354999542236328,24.389999389648438,24.352399826049805,24.360000610351562,38204,0.0,0.0,0.0
2023-11-29 13:30:00-05:00,24.3799991607666,24.40999984741211,24.378999710083008,24.389999389648438,12593,0.0,0.0,0.0
2023-11-29 14:30:00-05:00,24.389999389648438,24.43000030517578,24.38010025024414,24.415000915527344,16863,0.0,0.0,0.0
2023-11-29 15:30:00-05:00,24.409900665283203,24.40999984741211,24.3700008392334,24.399999618530273,21625,0.0,0.0,0.0
2023-11-30 09:30:00-05:00,24.31999969482422,24.3700008392334,24.309999465942383,24.329999923706055,23095,0.0,0.0,0.0
2023-11-30 10:30:00-05:00,24.329999923706055,24.329999923706055,24.31999969482422,24.32900047302246,6963,0.0,0.0,0.0
2023-11-30 11:30:00-05:00,24.329999923706055,24.34000015258789,24.31999969482422,24.329999923706055,11211,0.0,0.0,0.0
2023-11-30 12:30:00-05:00,24.329999923706055,24.329999923706055,24.309999465942383,24.31999969482422,13879,0.0,0.0,0.0
2023-11-30 13:30:00-05:00,24.315000534057617,24.31999969482422,24.299999237060547,24.30500030517578,12611,0.0,0.0,0.0
2023-11-30 14:30:00-05:00,24.299999237060547,24.308300018310547,24.25,24.252500534057617,27780,0.0,0.0,0.0
2023-11-30 15:30:00-05:00,24.25149917602539,24.299999237060547,24.250099182128906,24.299999237060547,12290,0.0,0.0,0.0
2023-12-01 09:30:00-05:00,24.309999465942383,24.309999465942383,24.215999603271484,24.309999465942383,17039,0.0,0.0,0.0
2023-12-01 10:30:00-05:00,24.280000686645508,24.350000381469727,24.23900032043457,24.350000381469727,17791,0.0,0.0,0.0
2023-12-01 11:30:00-05:00,24.3617000579834,24.40999984741211,24.350000381469727,24.381500244140625,23099,0.0,0.0,0.0
2023-12-01 12:30:00-05:00,24.38990020751953,24.440000534057617,24.38290023803711,24.440000534057617,11454,0.0,0.0,0.0
2023-12-01 13:30:00-05:00,24.43000030517578,24.450000762939453,24.420000076293945,24.440000534057617,15021,0.0,0.0,0.0
2023-12-01 14:30:00-05:00,24.43000030517578,24.450000762939453,24.404300689697266,24.450000762939453,24518,0.0,0.0,0.0
2023-12-01 15:30:00-05:00,24.459999084472656,24.469999313354492,24.422500610351562,24.450000762939453,18982,0.0,0.0,0.0
2023-12-04 09:30:00-05:00,24.469999313354492,24.469999313354492,24.35930061340332,24.360000610351562,0,0.0,0.0,0.0
2023-12-04 10:30:00-05:00,24.3700008392334,24.395000457763672,24.325000762939453,24.39259910583496,7602,0.0,0.0,0.0
2023-12-04 11:30:00-05:00,24.393299102783203,24.39349937438965,24.389999389648438,24.39349937438965,1204,0.0,0.0,0.0
2023-12-04 12:30:00-05:00,24.34000015258789,24.40999984741211,24.299999237060547,24.299999237060547,28182,0.0,0.0,0.0
2023-12-04 13:30:00-05:00,24.299999237060547,24.299999237060547,24.29400062561035,24.299999237060547,25425,0.0,0.0,0.0
2023-12-04 14:30:00-05:00,24.29960060119629,24.31999969482422,24.290000915527344,24.31999969482422,14510,0.0,0.0,0.0
2023-12-04 15:30:00-05:00,24.315500259399414,24.360000610351562,24.309999465942383,24.350000381469727,17580,0.0,0.0,0.0
2023-12-05 09:30:00-05:00,24.43000030517578,24.5,24.422500610351562,24.460100173950195,0,0.0,0.0,0.0
2023-12-05 10:30:00-05:00,24.46500015258789,24.510000228881836,24.450000762939453,24.479999542236328,7195,0.0,0.0,0.0
2023-12-05 11:30:00-05:00,24.499000549316406,24.499500274658203,24.450000762939453,24.492300033569336,4923,0.0,0.0,0.0
2023-12-05 12:30:00-05:00,24.49340057373047,24.49340057373047,24.45009994506836,24.469999313354492,35453,0.0,0.0,0.0
2023-12-05 13:30:00-05:00,24.469999313354492,24.479999542236328,24.46500015258789,24.479999542236328,8289,0.0,0.0,0.0
2023-12-05 14:30:00-05:00,24.489999771118164,24.510000228881836,24.460100173950195,24.500900268554688,22554,0.0,0.0,0.0
2023-12-05 15:30:00-05:00,24.510000228881836,24.510000228881836,24.456600189208984,24.479999542236328,47649,0.0,0.0,0.0
2023-12-06 09:30:00-05:00,24.559999465942383,24.559999465942383,24.502500534057617,24.549999237060547,0,0.0,0.0,0.0
2023-12-06 10:30:00-05:00,24.557300567626953,24.58989906311035,24.549999237060547,24.55500030517578,7678,0.0,0.0,0.0
2023-12-06 11:30:00-05:00,24.550399780273438,24.579999923706055,24.549999237060547,24.565000534057617,24239,0.0,0.0,0.0
2023-12-06 12:30:00-05:00,24.56999969482422,24.579999923706055,24.559999465942383,24.559999465942383,30244,0.0,0.0,0.0
2023-12-06 13:30:00-05:00,24.559999465942383,24.59000015258789,24.550100326538086,24.559999465942383,77148,0.0,0.0,0.0
2023-12-06 14:30:00-05:00,24.56999969482422,24.56999969482422,24.549999237060547,24.558500289916992,26704,0.0,0.0,0.0
2023-12-06 15:30:00-05:00,24.55500030517578,24.568099975585938,24.549999237060547,24.549999237060547,52513,0.0,0.0,0.0
2023-12-07 09:30:00-05:00,24.579999923706055,24.770000457763672,24.420000076293945,24.510000228881836,0,0.0,0.0,0.0
2023-12-07 10:30:00-05:00,24.559999465942383,24.59000015258789,24.540000915527344,24.59000015258789,25223,0.0,0.0,0.0
2023-12-07 11:30:00-05:00,24.600000381469727,24.6200008392334,24.549999237060547,24.59980010986328,33662,0.0,0.0,0.0
2023-12-07 12:30:00-05:00,24.552799224853516,24.610000610351562,24.552799224853516,24.610000610351562,1572,0.0,0.0,0.0
2023-12-07 13:30:00-05:00,24.570600509643555,24.600000381469727,24.549999237060547,24.55270004272461,19569,0.0,0.0,0.0
2023-12-07 14:30:00-05:00,24.56999969482422,24.579999923706055,24.54170036315918,24.549999237060547,11109,0.0,0.0,0.0
2023-12-07 15:30:00-05:00,24.559999465942383,24.56999969482422,24.53569984436035,24.549999237060547,12708,0.0,0.0,0.0
2023-12-08 09:30:00-05:00,24.389999389648438,24.479999542236328,24.389999389648438,24.45989990234375,0,0.0,0.0,0.0
2023-12-08 10:30:00-05:00,24.44499969482422,24.44499969482422,24.381500244140625,24.429399490356445,4550,0.0,0.0,0.0
2023-12-08 11:30:00-05:00,24.420000076293945,24.420000076293945,24.370100021362305,24.40999984741211,13273,0.0,0.0,0.0
2023-12-08 12:30:00-05:00,24.420000076293945,24.440000534057617,24.415700912475586,24.434999465942383,75466,0.0,0.0,0.0
2023-12-08 13:30:00-05:00,24.434999465942383,24.440000534057617,24.430099487304688,24.440000534057617,34909,0.0,0.0,0.0
2023-12-08 14:30:00-05:00,24.440000534057617,24.440000534057617,24.400100708007812,24.43000030517578,9627,0.0,0.0,0.0
2023-12-08 15:30:00-05:00,24.406600952148438,24.450000762939453,24.399999618530273,24.440000534057617,4765,0.0,0.0,0.0
2023-12-11 09:30:00-05:00,24.40999984741211,24.40999984741211,24.34309959411621,24.3799991607666,0,0.0,0.0,0.0
2023-12-11 10:30:00-05:00,24.35650062561035,24.399999618530273,24.350000381469727,24.364999771118164,3152,0.0,0.0,0.0
2023-12-11 11:30:00-05:00,24.434999465942383,24.434999465942383,24.36989974975586,24.3700008392334,10757,0.0,0.0,0.0
2023-12-11 12:30:00-05:00,24.3700008392334,24.380800247192383,24.350000381469727,24.365699768066406,5646,0.0,0.0,0.0
2023-12-11 13:30:00-05:00,24.389999389648438,24.43000030517578,24.3700008392334,24.40489959716797,46162,0.0,0.0,0.0
2023-12-11 14:30:00-05:00,24.43000030517578,24.43000030517578,24.391000747680664,24.420000076293945,49608,0.0,0.0,0.0
2023-12-11 15:30:00-05:00,24.40999984741211,24.440000534057617,24.3799991607666,24.43000030517578,12302,0.0,0.0,0.0
2023-12-12 09:30:00-05:00,24.459999084472656,24.579500198364258,24.434999465942383,24.489500045776367,0,0.0,0.0,0.0
2023-12-12 10:30:00-05:00,24.479999542236328,24.5,24.456100463867188,24.460100173950195,12023,0.0,0.0,0.0
2023-12-12 11:30:00-05:00,24.469999313354492,24.509300231933594,24.458499908447266,24.489999771118164,62523,0.0,0.0,0.0
2023-12-12 12:30:00-05:00,24.489999771118164,24.540000915527344,24.489299774169922,24.530000686645508,21291,0.0,0.0,0.0
2023-12-12 13:30:00-05:00,24.540000915527344,24.549999237060547,24.520099639892578,24.549999237060547,4480,0.0,0.0,0.0
2023-12-12 14:30:00-05:00,24.559999465942383,24.579999923706055,24.530000686645508,24.56999969482422,59355,0.0,0.0,0.0
2023-12-12 15:30:00-05:00,24.56290054321289,24.600000381469727,24.559999465942383,24.584999084472656,18125,0.0,0.0,0.0
2023-12-13 09:30:00-05:00,24.690000534057617,24.690000534057617,24.59670066833496,24.600000381469727,0,0.0,0.0,0.0
2023-12-13 10:30:00-05:00,24.579999923706055,24.649999618530273,24.56999969482422,24.649900436401367,24892,0.0,0.0,0.0
2023-12-13 11:30:00-05:00,24.649999618530273,24.670000076293945,24.639699935913086,24.670000076293945,18947,0.0,0.0,0.0
2023-12-13 12:30:00-05:00,24.65999984741211,24.670000076293945,24.63010025024414,24.649700164794922,16891,0.0,0.0,0.0
2023-12-13 13:30:00-05:00,24.649499893188477,25.020000457763672,24.635000228881836,24.790000915527344,32178,0.0,0.0,0.0
2023-12-13 14:30:00-05:00,24.858999252319336,24.978200912475586,24.799999237060547,24.920000076293945,13882,0.0,0.0,0.0
2023-12-13 15:30:00-05:00,24.920000076293945,24.922399520874023,24.8799991607666,24.90999984741211,29914,0.0,0.0,0.0
2023-12-14 09:30:00-05:00,25.049999237060547,25.09000015258789,24.8700008392334,24.989999771118164,31940,0.0,0.0,0.0
2023-12-14 10:30:00-05:00,24.989999771118164,25.049999237060547,24.987499237060547,25.040000915527344,44731,0.0,0.0,0.0
2023-12-14 11:30:00-05:00,25.059999465942383,25.09000015258789,25.059999465942383,25.09000015258789,7204,0.0,0.0,0.0
2023-12-14 12:30:00-05:00,25.068099975585938,25.07990074157715,25.0049991607666,25.0049991607666,12887,0.0,0.0,0.0
2023-12-14 13:30:00-05:00,25.0049991607666,25.0049991607666,24.968599319458008,24.998300552368164,5901,0.0,0.0,0.0
2023-12-14 14:30:00-05:00,24.989999771118164,25.0,24.940000534057617,24.995899200439453,20310,0.0,0.0,0.0
2023-12-14 15:30:00-05:00,25.010000228881836,25.030000686645508,24.991600036621094,25.020000457763672,8840,0.0,0.0,0.0
2023-12-15 09:30:00-05:00,25.0,25.0,24.963199615478516,24.963199615478516,5242,0.0,0.0,0.0
2023-12-15 10:30:00-05:00,25.01930046081543,25.020000457763672,24.980899810791016,25.010000228881836,18047,0.0,0.0,0.0
2023-12-15 11:30:00-05:00,25.007999420166016,25.014999389648438,24.980899810791016,25.007999420166016,9827,0.0,0.0,0.0
2023-12-15 12:30:00-05:00,24.9950008392334,25.009899139404297,24.981300354003906,24.985000610351562,12314,0.0,0.0,0.0
2023-12-15 13:30:00-05:00,24.985000610351562,24.989999771118164,24.96500015258789,24.96500015258789,8877,0.0,0.0,0.0
2023-12-15 14:30:00-05:00,24.969999313354492,25.011899948120117,24.93000030517578,25.011899948120117,923229,0.0,0.0,0.0
2023-12-15 15:30:00-05:00,25.010000228881836,25.020000457763672,24.969999313354492,24.979999542236328,15723,0.0,0.0,0.0
2023-12-18 09:30:00-05:00,25.06999969482422,26.06999969482422,24.903400421142578,24.920000076293945,0,0.0,0.0,0.0
2023-12-18 10:30:00-05:00,24.934999465942383,24.969999313354492,24.8799991607666,24.95669937133789,36945,0.0,0.0,0.0
2023-12-18 11:30:00-05:00,24.959999084472656,24.989999771118164,24.93199920654297,24.979999542236328,36650,0.0,0.0,0.0
2023-12-18 12:30:00-05:00,24.979999542236328,24.989999771118164,24.969999313354492,24.969999313354492,3991,0.0,0.0,0.0
2023-12-18 13:30:00-05:00,24.92770004272461,24.983800888061523,24.920000076293945,24.969999313354492,4027,0.0,0.0,0.0
2023-12-18 14:30:00-05:00,24.979999542236328,24.989999771118164,24.940000534057617,24.940500259399414,24542,0.0,0.0,0.0
2023-12-18 15:30:00-05:00,24.986900329589844,24.989900588989258,24.94300079345703,24.979999542236328,9128,0.0,0.0,0.0
2023-12-19 09:30:00-05:00,24.950000762939453,25.100000381469727,24.950000762939453,25.010000228881836,0,0.0,0.0,0.0
2023-12-19 10:30:00-05:00,25.030000686645508,25.040000915527344,24.99049949645996,24.999900817871094,13673,0.0,0.0,0.0
2023-12-19 11:30:00-05:00,25.020000457763672,25.02989959716797,25.0,25.009300231933594,18807,0.0,0.0,0.0
2023-12-19 12:30:00-05:00,25.010000228881836,25.010000228881836,24.99489974975586,24.995800018310547,34069,0.0,0.0,0.0
2023-12-19 13:30:00-05:00,24.980300903320312,25.010000228881836,24.979999542236328,24.989999771118164,16248,0.0,0.0,0.0
2023-12-19 14:30:00-05:00,24.999900817871094,25.0,24.950000762939453,24.984399795532227,24950,0.0,0.0,0.0
2023-12-19 15:30:00-05:00,24.979999542236328,24.989999771118164,24.950000762939453,24.968399047851562,9433,0.0,0.0,0.0
2023-12-20 09:30:00-05:00,25.1200008392334,25.1200008392334,24.993900299072266,25.02910041809082,13545,0.0,0.0,0.0
2023-12-20 10:30:00-05:00,25.018400192260742,25.018400192260742,24.985000610351562,25.002500534057617,2820,0.0,0.0,0.0
2023-12-20 11:30:00-05:00,25.00950050354004,25.02400016784668,24.985000610351562,25.008100509643555,9784,0.0,0.0,0.0
2023-12-20 12:30:00-05:00,25.049400329589844,25.049999237060547,25.045000076293945,25.045000076293945,6504,0.0,0.0,0.0
2023-12-20 13:30:00-05:00,25.049999237060547,25.059999465942383,25.04990005493164,25.051000595092773,5033,0.0,0.0,0.0
2023-12-20 14:30:00-05:00,25.039400100708008,25.08989906311035,25.030000686645508,25.06730079650879,23724,0.0,0.0,0.0
2023-12-20 15:30:00-05:00,25.079599380493164,25.100000381469727,25.060100555419922,25.079999923706055,26908,0.0,0.0,0.0
2023-12-21 09:30:00-05:00,25.200000762939453,25.200000762939453,25.040000915527344,25.11549949645996,0,0.0,0.0,0.0
2023-12-21 10:30:00-05:00,25.115800857543945,25.115800857543945,25.095699310302734,25.10759925842285,10994,0.0,0.0,0.0
2023-12-21 11:30:00-05:00,25.1200008392334,25.129899978637695,25.05699920654297,25.098800659179688,0,0.0,0.0,0.0
2023-12-21 12:30:00-05:00,25.06999969482422,25.09000015258789,25.049999237060547,25.068500518798828,312317,0.0,0.0,0.0
2023-12-21 13:30:00-05:00,25.059999465942383,25.085500717163086,25.056800842285156,25.075899124145508,19917,0.0,0.0,0.0
2023-12-21 14:30:00-05:00,25.0841007232666,25.100000381469727,25.049999237060547,25.098100662231445,25403,0.0,0.0,0.0
2023-12-21 15:30:00-05:00,25.059999465942383,25.108999252319336,25.059999465942383,25.100000381469727,18104,0.0,0.0,0.0
2023-12-22 09:30:00-05:00,25.110000610351562,25.170000076293945,25.110000610351562,25.114599227905273,2873,0.0,0.0,0.0
2023-12-22 10:30:00-05:00,25.08009910583496,25.1299991607666,25.079999923706055,25.104999542236328,7328,0.0,0.0,0.0
2023-12-22 11:30:00-05:00,25.104999542236328,25.128400802612305,25.08009910583496,25.128400802612305,1162,0.0,0.0,0.0
2023-12-22 12:30:00-05:00,25.11280059814453,25.11280059814453,25.056400299072266,25.09000015258789,8423,0.0,0.0,0.0
2023-12-22 13:30:00-05:00,25.097299575805664,25.100000381469727,25.079999923706055,25.099899291992188,38881,0.0,0.0,0.0
2023-12-22 14:30:00-05:00,25.094999313354492,25.110000610351562,25.079999923706055,25.094999313354492,7956,0.0,0.0,0.0
2023-12-22 15:30:00-05:00,25.082199096679688,25.109699249267578,25.082199096679688,25.100000381469727,8429,0.0,0.0,0.0
2023-12-26 09:30:00-05:00,25.010000228881836,25.110000610351562,25.010000228881836,25.109100341796875,0,0.0,0.0,0.0
2023-12-26 10:30:00-05:00,25.10700035095215,25.109899520874023,25.075000762939453,25.109899520874023,2295,0.0,0.0,0.0
2023-12-26 11:30:00-05:00,25.08180046081543,25.110000610351562,25.079999923706055,25.08989906311035,6302,0.0,0.0,0.0
2023-12-26 12:30:00-05:00,25.110200881958008,25.1299991607666,25.094999313354492,25.1299991607666,11747,0.0,0.0,0.0
2023-12-26 13:30:00-05:00,25.123699188232422,25.139999389648438,25.1200008392334,25.13800048828125,11536,0.0,0.0,0.0
2023-12-26 14:30:00-05:00,25.1200008392334,25.170000076293945,25.1200008392334,25.149999618530273,40138,0.0,0.0,0.0
2023-12-26 15:30:00-05:00,25.139999389648438,25.15999984741211,25.139999389648438,25.149999618530273,16234,0.0,0.0,0.0
2023-12-27 09:30:00-05:00,25.209999084472656,25.280000686645508,25.200000762939453,25.270000457763672,30760,0.0,0.0,0.0
2023-12-27 10:30:00-05:00,25.2549991607666,25.280000686645508,25.229999542236328,25.229999542236328,9624,0.0,0.0,0.0
2023-12-27 11:30:00-05:00,25.260000228881836,25.309999465942383,25.229999542236328,25.30590057373047,28478,0.0,0.0,0.0
2023-12-27 12:30:00-05:00,25.295000076293945,25.329999923706055,25.280000686645508,25.329999923706055,15193,0.0,0.0,0.0
2023-12-27 13:30:00-05:00,25.3257999420166,25.350000381469727,25.320100784301758,25.3356990814209,9214,0.0,0.0,0.0
2023-12-27 14:30:00-05:00,25.34000015258789,25.350000381469727,25.31999969482422,25.344999313354492,9618,0.0,0.0,0.0
2023-12-27 15:30:00-05:00,25.34000015258789,25.36949920654297,25.31999969482422,25.350000381469727,14759,0.0,0.0,0.0
2023-12-28 09:30:00-05:00,25.31999969482422,25.31999969482422,25.258499145507812,25.27400016784668,0,0.0,0.0,0.0
2023-12-28 10:30:00-05:00,25.312400817871094,25.31999969482422,25.290000915527344,25.31399917602539,1692,0.0,0.0,0.0
2023-12-28 11:30:00-05:00,25.309999465942383,25.318099975585938,25.290000915527344,25.318099975585938,24904,0.0,0.0,0.0
2023-12-28 12:30:00-05:00,25.309999465942383,25.324600219726562,25.290000915527344,25.290000915527344,3637,0.0,0.0,0.0
2023-12-28 13:30:00-05:00,25.274999618530273,25.280000686645508,25.270000457763672,25.274999618530273,13616,0.0,0.0,0.0
2023-12-28 14:30:00-05:00,25.274999618530273,25.280099868774414,25.270000457763672,25.280000686645508,12918,0.0,0.0,0.0
2023-12-28 15:30:00-05:00,25.280000686645508,25.290000915527344,25.280000686645508,25.280000686645508,12962,0.0,0.0,0.0
2023-12-29 09:30:00-05:00,25.350000381469727,25.350000381469727,25.19849967956543,25.24920082092285,6430,0.0,0.0,0.0
2023-12-29 10:30:00-05:00,25.21489906311035,25.269500732421875,25.21489906311035,25.269500732421875,7979,0.0,0.0,0.0
2023-12-29 11:30:00-05:00,25.280000686645508,25.30970001220703,25.239999771118164,25.239999771118164,5068,0.0,0.0,0.0
2023-12-29 12:30:00-05:00,25.260000228881836,25.270000457763672,25.175100326538086,25.218000411987305,6386,0.0,0.0,0.0
2023-12-29 13:30:00-05:00,25.229799270629883,25.260000228881836,25.229799270629883,25.235000610351562,12415,0.0,0.0,0.0
2023-12-29 14:30:00-05:00,25.230899810791016,25.239999771118164,25.230100631713867,25.239999771118164,22921,0.0,0.0,0.0
2023-12-29 15:30:00-05:00,25.22949981689453,25.229999542236328,25.200000762939453,25.229900360107422,4294,0.0,0.0,0.0
2024-01-02 09:30:00-05:00,25.219999313354492,25.219999313354492,25.030000686645508,25.075000762939453,0,0.0,0.0,0.0
2024-01-02 10:30:00-05:00,25.060100555419922,25.09000015258789,25.053300857543945,25.06999969482422,10470,0.0,0.0,0.0
2024-01-02 11:30:00-05:00,25.100000381469727,25.100000381469727,25.050100326538086,25.079999923706055,4174,0.0,0.0,0.0
2024-01-02 12:30:00-05:00,25.079999923706055,25.079999923706055,25.049999237060547,25.065000534057617,326149,0.0,0.0,0.0
2024-01-02 13:30:00-05:00,25.065000534057617,25.079999923706055,25.040000915527344,25.059900283813477,11111,0.0,0.0,0.0
2024-01-02 14:30:00-05:00,25.06999969482422,25.079999923706055,25.040000915527344,25.040000915527344,26297,0.0,0.0,0.0
2024-01-02 15:30:00-05:00,25.049999237060547,25.06999969482422,25.040000915527344,25.040000915527344,17365,0.0,0.0,0.0
2024-01-03 09:30:00-05:00,24.979999542236328,24.989999771118164,24.885000228881836,24.946800231933594,15785,0.0,0.0,0.0
2024-01-03 10:30:00-05:00,24.920000076293945,24.959999084472656,24.8799991607666,24.959999084472656,129821,0.0,0.0,0.0
2024-01-03 11:30:00-05:00,24.959999084472656,24.969999313354492,24.940900802612305,24.969999313354492,15785,0.0,0.0,0.0
2024-01-03 12:30:00-05:00,24.979999542236328,25.010000228881836,24.975000381469727,25.00979995727539,60754,0.0,0.0,0.0
2024-01-03 13:30:00-05:00,25.019699096679688,25.06999969482422,24.990800857543945,25.026899337768555,52351,0.0,0.0,0.0
2024-01-03 14:30:00-05:00,25.079999923706055,25.139999389648438,25.040000915527344,25.059999465942383,119373,0.0,0.0,0.0
2024-01-03 15:30:00-05:00,25.059999465942383,25.069900512695312,25.049999237060547,25.05500030517578,91015,0.0,0.0,0.0
2024-01-04 09:30:00-05:00,25.049999237060547,25.049999237060547,24.8799991607666,24.920000076293945,8466,0.0,0.0,0.0
2024-01-04 10:30:00-05:00,24.915000915527344,24.950000762939453,24.889999389648438,24.924999237060547,11973,0.0,0.0,0.0
2024-01-04 11:30:00-05:00,24.909500122070312,24.94890022277832,24.899999618530273,24.90999984741211,4734,0.0,0.0,0.0
2024-01-04 12:30:00-05:00,24.890100479125977,24.899999618530273,24.856599807739258,24.899900436401367,135195,0.0,0.0,0.0
2024-01-04 13:30:00-05:00,24.90999984741211,24.920000076293945,24.889999389648438,24.905000686645508,29391,0.0,0.0,0.0
2024-01-04 14:30:00-05:00,24.91950035095215,24.939699172973633,24.889999389648438,24.920000076293945,19273,0.0,0.0,0.0
2024-01-04 15:30:00-05:00,24.93000030517578,24.969999313354492,24.889999389648438,24.920000076293945,31333,0.0,0.0,0.0
2024-01-05 09:30:00-05:00,24.860000610351562,25.079999923706055,24.798500061035156,24.979400634765625,0,0.0,0.0,0.0
2024-01-05 10:30:00-05:00,24.975799560546875,24.989999771118164,24.940200805664062,24.969999313354492,7802,0.0,0.0,0.0
2024-01-05 11:30:00-05:00,24.9414005279541,24.950000762939453,24.843399047851562,24.843399047851562,19046,0.0,0.0,0.0
2024-01-05 12:30:00-05:00,24.854999542236328,24.860000610351562,24.815900802612305,24.84000015258789,19084,0.0,0.0,0.0
2024-01-05 13:30:00-05:00,24.850000381469727,24.8799991607666,24.809999465942383,24.860000610351562,74286,0.0,0.0,0.0
2024-01-05 14:30:00-05:00,24.860000610351562,24.860000610351562,24.79490089416504,24.829999923706055,13885,0.0,0.0,0.0
2024-01-05 15:30:00-05:00,24.829999923706055,24.829999923706055,24.800100326538086,24.829999923706055,16377,0.0,0.0,0.0
2024-01-08 09:30:00-05:00,24.8799991607666,24.940000534057617,24.840900421142578,24.93000030517578,0,0.0,0.0,0.0
2024-01-08 10:30:00-05:00,24.940000534057617,24.979900360107422,24.899999618530273,24.969999313354492,25607,0.0,0.0,0.0
2024-01-08 11:30:00-05:00,24.930099487304688,24.975000381469727,24.930099487304688,24.94969940185547,10730,0.0,0.0,0.0
2024-01-08 12:30:00-05:00,24.94499969482422,24.979999542236328,24.9330997467041,24.950000762939453,25234,0.0,0.0,0.0
2024-01-08 13:30:00-05:00,24.950000762939453,24.959999084472656,24.920000076293945,24.931499481201172,14786,0.0,0.0,0.0
2024-01-08 14:30:00-05:00,24.943899154663086,24.959999084472656,24.934999465942383,24.94499969482422,12739,0.0,0.0,0.0
2024-01-08 15:30:00-05:00,24.950000762939453,24.95989990234375,24.93000030517578,24.93000030517578,48907,0.0,0.0,0.0
2024-01-09 09:30:00-05:00,24.940000534057617,24.969999313354492,24.870100021362305,24.94809913635254,0,0.0,0.0,0.0
2024-01-09 10:30:00-05:00,24.93899917602539,24.940000534057617,24.899999618530273,24.93000030517578,21516,0.0,0.0,0.0
2024-01-09 11:30:00-05:00,24.93000030517578,24.959999084472656,24.93000030517578,24.950000762939453,39905,0.0,0.0,0.0
2024-01-09 12:30:00-05:00,24.947399139404297,25.00860023498535,24.947399139404297,24.948999404907227,6770,0.0,0.0,0.0
2024-01-09 13:30:00-05:00,24.940000534057617,24.981800079345703,24.904699325561523,24.981800079345703,18666,0.0,0.0,0.0
2024-01-09 14:30:00-05:00,24.979999542236328,24.98940086364746,24.952899932861328,24.975200653076172,29892,0.0,0.0,0.0
2024-01-09 15:30:00-05:00,24.979999542236328,24.979999542236328,24.959999084472656,24.959999084472656,14611,0.0,0.0,0.0
2024-01-10 09:30:00-05:00,25.030000686645508,25.100000381469727,24.979999542236328,25.0,0,0.0,0.0,0.0
2024-01-10 10:30:00-05:00,25.010000228881836,25.010000228881836,24.979999542236328,24.979999542236328,4274,0.0,0.0,0.0
2024-01-10 11:30:00-05:00,24.969999313354492,24.979999542236328,24.951400756835938,24.969999313354492,25354,0.0,0.0,0.0
2024-01-10 12:30:00-05:00,24.97800064086914,25.0,24.959999084472656,24.96929931640625,22716,0.0,0.0,0.0
2024-01-10 13:30:00-05:00,24.959999084472656,24.959999084472656,24.918899536132812,24.918899536132812,89055,0.0,0.0,0.0
2024-01-10 14:30:00-05:00,24.949800491333008,24.950000762939453,24.90999984741211,24.92569923400879,6093,0.0,0.0,0.0
2024-01-10 15:30:00-05:00,24.920000076293945,24.93000030517578,24.889999389648438,24.920000076293945,28812,0.0,0.0,0.0
2024-01-11 09:30:00-05:00,25.010000228881836,25.110000610351562,24.916400909423828,24.947399139404297,0,0.0,0.0,0.0
2024-01-11 10:30:00-05:00,24.923200607299805,24.962900161743164,24.89430046081543,24.89430046081543,5151,0.0,0.0,0.0
2024-01-11 11:30:00-05:00,24.920000076293945,24.950000762939453,24.889999389648438,24.93000030517578,23154,0.0,0.0,0.0
2024-01-11 12:30:00-05:00,24.924999237060547,24.969999313354492,24.892200469970703,24.95170021057129,3628,0.0,0.0,0.0
2024-01-11 13:30:00-05:00,24.959999084472656,25.045000076293945,24.954999923706055,25.040000915527344,14385,0.0,0.0,0.0
2024-01-11 14:30:00-05:00,25.046100616455078,25.089000701904297,25.033300399780273,25.06999969482422,129039,0.0,0.0,0.0
2024-01-11 15:30:00-05:00,25.065000534057617,25.079999923706055,25.040000915527344,25.040000915527344,8833,0.0,0.0,0.0
2024-01-12 09:30:00-05:00,25.06999969482422,25.227500915527344,25.06999969482422,25.189800262451172,0,0.0,0.0,0.0
2024-01-12 10:30:00-05:00,25.18000030517578,25.189899444580078,25.090099334716797,25.090099334716797,11998,0.0,0.0,0.0
2024-01-12 11:30:00-05:00,25.110000610351562,25.16900062561035,25.08989906311035,25.1299991607666,41599,0.0,0.0,0.0
2024-01-12 12:30:00-05:00,25.110000610351562,25.11989974975586,25.06999969482422,25.06999969482422,8208,0.0,0.0,0.0
2024-01-12 13:30:00-05:00,25.06999969482422,25.110000610351562,25.044599533081055,25.084999084472656,9652,0.0,0.0,0.0
2024-01-12 14:30:00-05:00,25.100000381469727,25.1200008392334,25.070199966430664,25.1200008392334,28616,0.0,0.0,0.0
2024-01-12 15:30:00-05:00,25.090499877929688,25.116199493408203,25.09000015258789,25.100000381469727,29755,0.0,0.0,0.0
2024-01-16 09:30:00-05:00,25.079999923706055,25.079999923706055,24.940000534057617,25.014999389648438,0,0.0,0.0,0.0
2024-01-16 10:30:00-05:00,25.030000686645508,25.030000686645508,24.93000030517578,24.973499298095703,35210,0.0,0.0,0.0
2024-01-16 11:30:00-05:00,24.945600509643555,24.950000762939453,24.899999618530273,24.899999618530273,7155,0.0,0.0,0.0
2024-01-16 12:30:00-05:00,24.8799991607666,24.889799118041992,24.860000610351562,24.8799991607666,9419,0.0,0.0,0.0
2024-01-16 13:30:00-05:00,24.87220001220703,24.89349937438965,24.850000381469727,24.850099563598633,22910,0.0,0.0,0.0
2024-01-16 14:30:00-05:00,24.899200439453125,24.899999618530273,24.850000381469727,24.8799991607666,59455,0.0,0.0,0.0
2024-01-16 15:30:00-05:00,24.86240005493164,24.899999618530273,24.860000610351562,24.899999618530273,10012,0.0,0.0,0.0
2024-01-17 09:30:00-05:00,24.860000610351562,24.860000610351562,24.780000686645508,24.790000915527344,0,0.0,0.0,0.0
2024-01-17 10:30:00-05:00,24.790000915527344,24.84000015258789,24.75,24.828899383544922,12410,0.0,0.0,0.0
2024-01-17 11:30:00-05:00,24.825000762939453,24.829999923706055,24.81999969482422,24.81999969482422,1878,0.0,0.0,0.0
2024-01-17 12:30:00-05:00,24.829999923706055,24.859800338745117,24.799999237060547,24.834800720214844,2237,0.0,0.0,0.0
2024-01-17 13:30:00-05:00,24.810100555419922,24.834999084472656,24.780000686645508,24.824100494384766,2667,0.0,0.0,0.0
2024-01-17 14:30:00-05:00,24.829999923706055,24.850000381469727,24.815000534057617,24.850000381469727,20755,0.0,0.0,0.0
2024-01-17 15:30:00-05:00,24.850000381469727,24.852500915527344,24.829999923706055,24.84000015258789,20904,0.0,0.0,0.0
2024-01-18 09:30:00-05:00,24.889999389648438,24.889999389648438,24.81060028076172,24.860000610351562,0,0.0,0.0,0.0
2024-01-18 10:30:00-05:00,24.860000610351562,24.860000610351562,24.81049919128418,24.81999969482422,13907,0.0,0.0,0.0
2024-01-18 11:30:00-05:00,24.84000015258789,24.84000015258789,24.791500091552734,24.7992000579834,12724,0.0,0.0,0.0
2024-01-18 12:30:00-05:00,24.799999237060547,24.81999969482422,24.77739906311035,24.81999969482422,10450,0.0,0.0,0.0
2024-01-18 13:30:00-05:00,24.81999969482422,24.829999923706055,24.799999237060547,24.81999969482422,7497,0.0,0.0,0.0
2024-01-18 14:30:00-05:00,24.829999923706055,24.829999923706055,24.770299911499023,24.809999465942383,18470,0.0,0.0,0.0
2024-01-18 15:30:00-05:00,24.809999465942383,24.809999465942383,24.780000686645508,24.799999237060547,64634,0.0,0.0,0.0
2024-01-19 09:30:00-05:00,24.809999465942383,24.849599838256836,24.709999084472656,24.739999771118164,0,0.0,0.0,0.0
2024-01-19 10:30:00-05:00,24.729999542236328,24.780000686645508,24.700000762939453,24.763099670410156,15279,0.0,0.0,0.0
2024-01-19 11:30:00-05:00,24.770000457763672,24.780000686645508,24.729999542236328,24.780000686645508,4746,0.0,0.0,0.0
2024-01-19 12:30:00-05:00,24.780000686645508,24.790000915527344,24.740100860595703,24.790000915527344,6064,0.0,0.0,0.0
2024-01-19 13:30:00-05:00,24.790000915527344,24.790000915527344,24.760000228881836,24.790000915527344,13675,0.0,0.0,0.0
2024-01-19 14:30:00-05:00,24.790000915527344,24.809999465942383,24.780099868774414,24.799999237060547,13964,0.0,0.0,0.0
2024-01-19 15:30:00-05:00,24.795000076293945,24.81999969482422,24.790000915527344,24.81999969482422,8339,0.0,0.0,0.0
2024-01-22 09:30:00-05:00,24.940000534057617,24.940000534057617,24.861900329589844,24.90999984741211,0,0.0,0.0,0.0
2024-01-22 10:30:00-05:00,24.895000457763672,24.895000457763672,24.872100830078125,24.872100830078125,4228,0.0,0.0,0.0
2024-01-22 11:30:00-05:00,24.883100509643555,24.899999618530273,24.86009979248047,24.889999389648438,6436,0.0,0.0,0.0
2024-01-22 12:30:00-05:00,24.889999389648438,24.898500442504883,24.8700008392334,24.8700008392334,4455,0.0,0.0,0.0
2024-01-22 13:30:00-05:00,24.8700008392334,24.87980079650879,24.860000610351562,24.864999771118164,12655,0.0,0.0,0.0
2024-01-22 14:30:00-05:00,24.8700008392334,24.8799991607666,24.86009979248047,24.8700008392334,22925,0.0,0.0,0.0
2024-01-22 15:30:00-05:00,24.8700008392334,24.8700008392334,24.861099243164062,24.8700008392334,7387,0.0,0.0,0.0
2024-01-23 09:30:00-05:00,24.8700008392334,24.8700008392334,24.774799346923828,24.81999969482422,0,0.0,0.0,0.0
2024-01-23 10:30:00-05:00,24.809999465942383,24.819700241088867,24.770099639892578,24.790000915527344,36166,0.0,0.0,0.0
2024-01-23 11:30:00-05:00,24.78499984741211,24.799999237060547,24.773300170898438,24.773300170898438,7198,0.0,0.0,0.0
2024-01-23 12:30:00-05:00,24.790000915527344,24.799999237060547,24.779300689697266,24.78499984741211,19403,0.0,0.0,0.0
2024-01-23 13:30:00-05:00,24.780000686645508,24.780000686645508,24.770099639892578,24.775699615478516,5251,0.0,0.0,0.0
2024-01-23 14:30:00-05:00,24.790000915527344,24.809999465942383,24.780000686645508,24.792600631713867,4876,0.0,0.0,0.0
2024-01-23 15:30:00-05:00,24.770099639892578,24.809999465942383,24.770099639892578,24.809999465942383,6378,0.0,0.0,0.0
2024-01-24 09:30:00-05:00,24.860000610351562,24.899999618530273,24.815000534057617,24.84000015258789,0,0.0,0.0,0.0
2024-01-24 10:30:00-05:00,24.84000015258789,24.841999053955078,24.798099517822266,24.829999923706055,22771,0.0,0.0,0.0
2024-01-24 11:30:00-05:00,24.809999465942383,24.850000381469727,24.790300369262695,24.8341007232666,12357,0.0,0.0,0.0
2024-01-24 12:30:00-05:00,24.850000381469727,24.860000610351562,24.790000915527344,24.790000915527344,15585,0.0,0.0,0.0
2024-01-24 13:30:00-05:00,24.773799896240234,24.799999237060547,24.75,24.752500534057617,20731,0.0,0.0,0.0
2024-01-24 14:30:00-05:00,24.760000228881836,24.780000686645508,24.75,24.760000228881836,49209,0.0,0.0,0.0
2024-01-24 15:30:00-05:00,24.760000228881836,24.77989959716797,24.751300811767578,24.760000228881836,12832,0.0,0.0,0.0
2024-01-25 09:30:00-05:00,24.8700008392334,24.889999389648438,24.81999969482422,24.860000610351562,0,0.0,0.0,0.0
2024-01-25 10:30:00-05:00,24.86009979248047,24.889999389648438,24.86009979248047,24.8700008392334,9762,0.0,0.0,0.0
2024-01-25 11:30:00-05:00,24.8700008392334,24.8700008392334,24.833999633789062,24.841699600219727,21450,0.0,0.0,0.0
2024-01-25 12:30:00-05:00,24.850000381469727,24.8700008392334,24.829999923706055,24.8700008392334,7489,0.0,0.0,0.0
2024-01-25 13:30:00-05:00,24.8700008392334,24.8799991607666,24.849700927734375,24.8700008392334,18229,0.0,0.0,0.0
2024-01-25 14:30:00-05:00,24.88800048828125,24.889999389648438,24.850099563598633,24.888200759887695,4892,0.0,0.0,0.0
2024-01-25 15:30:00-05:00,24.864999771118164,24.889999389648438,24.864999771118164,24.8799991607666,3121,0.0,0.0,0.0
2024-01-26 09:30:00-05:00,24.860000610351562,24.8799991607666,24.812599182128906,24.825000762939453,3676,0.0,0.0,0.0
2024-01-26 10:30:00-05:00,24.8700008392334,24.889999389648438,24.81999969482422,24.88990020751953,2231,0.0,0.0,0.0
2024-01-26 11:30:00-05:00,24.889999389648438,24.889999389648438,24.855199813842773,24.872600555419922,18452,0.0,0.0,0.0
2024-01-26 12:30:00-05:00,24.8799991607666,24.8799991607666,24.870399475097656,24.875,39604,0.0,0.0,0.0
2024-01-26 13:30:00-05:00,24.875,24.875,24.81170082092285,24.83099937438965,8932,0.0,0.0,0.0
2024-01-26 14:30:00-05:00,24.829999923706055,24.860000610351562,24.809999465942383,24.860000610351562,13956,0.0,0.0,0.0
2024-01-26 15:30:00-05:00,24.854999542236328,24.860000610351562,24.829999923706055,24.84000015258789,4077,0.0,0.0,0.0
2024-01-29 09:30:00-05:00,24.940000534057617,24.950000762939453,24.889999389648438,24.899999618530273,0,0.0,0.0,0.0
2024-01-29 10:30:00-05:00,24.90999984741211,24.920000076293945,24.892900466918945,24.90999984741211,4132,0.0,0.0,0.0
2024-01-29 11:30:00-05:00,24.920000076293945,24.920000076293945,24.890100479125977,24.905000686645508,6078,0.0,0.0,0.0
2024-01-29 12:30:00-05:00,24.905000686645508,24.940000534057617,24.902999877929688,24.924999237060547,14550,0.0,0.0,0.0
2024-01-29 13:30:00-05:00,24.924999237060547,24.939300537109375,24.910400390625,24.915000915527344,3320,0.0,0.0,0.0
2024-01-29 14:30:00-05:00,24.915000915527344,24.967300415039062,24.90999984741211,24.959999084472656,12209,0.0,0.0,0.0
2024-01-29 15:30:00-05:00,24.959999084472656,24.96780014038086,24.93000030517578,24.93000030517578,2360,0.0,0.0,0.0
2024-01-30 09:30:00-05:00,25.079999923706055,25.079999923706055,24.900100708007812,24.92490005493164,6008,0.0,0.0,0.0
2024-01-30 10:30:00-05:00,24.900100708007812,24.92970085144043,24.900100708007812,24.921499252319336,3276,0.0,0.0,0.0
2024-01-30 11:30:00-05:00,24.924999237060547,24.969999313354492,24.924999237060547,24.959999084472656,12675,0.0,0.0,0.0
2024-01-30 12:30:00-05:00,24.950000762939453,24.950000762939453,24.92009925842285,24.940000534057617,0,0.0,0.0,0.0
2024-01-30 13:30:00-05:00,24.920000076293945,24.959999084472656,24.920000076293945,24.959999084472656,180655,0.0,0.0,0.0
2024-01-30 14:30:00-05:00,24.959999084472656,24.979999542236328,24.938600540161133,24.97949981689453,6610,0.0,0.0,0.0
2024-01-30 15:30:00-05:00,24.954299926757812,25.0,24.950000762939453,25.0,17386,0.0,0.0,0.0
2024-01-31 09:30:00-05:00,25.079999923706055,25.139999389648438,25.079999923706055,25.114999771118164,0,0.0,0.0,0.0
2024-01-31 10:30:00-05:00,25.110000610351562,25.1299991607666,25.104999542236328,25.104999542236328,11065,0.0,0.0,0.0
2024-01-31 11:30:00-05:00,25.104999542236328,25.110000610351562,25.10449981689453,25.10449981689453,10034,0.0,0.0,0.0
2024-01-31 12:30:00-05:00,25.104999542236328,25.1200008392334,25.104999542236328,25.114999771118164,18037,0.0,0.0,0.0
2024-01-31 13:30:00-05:00,25.1200008392334,25.1299991607666,25.030000686645508,25.04010009765625,8492,0.0,0.0,0.0
2024-01-31 14:30:00-05:00,25.09000015258789,25.209400177001953,25.06999969482422,25.1299991607666,56756,0.0,0.0,0.0
2024-01-31 15:30:00-05:00,25.1200008392334,25.18000030517578,25.054500579833984,25.079999923706055,12143,0.0,0.0,0.0
2024-02-01 09:30:00-05:00,25.059999465942383,25.139999389648438,25.059999465942383,25.104999542236328,0,0.0,0.0,0.0
2024-02-01 10:30:00-05:00,25.1299991607666,25.209999084472656,25.100000381469727,25.15999984741211,6864,0.0,0.0,0.0
2024-02-01 11:30:00-05:00,25.135700225830078,25.18000030517578,25.135700225830078,25.15999984741211,49190,0.0,0.0,0.0
2024-02-01 12:30:00-05:00,25.110300064086914,25.158700942993164,25.110000610351562,25.128999710083008,8310,0.0,0.0,0.0
2024-02-01 13:30:00-05:00,25.1299991607666,25.170000076293945,25.121000289916992,25.163999557495117,19078,0.0,0.0,0.0
2024-02-01 14:30:00-05:00,25.170000076293945,25.190000534057617,25.131399154663086,25.190000534057617,12543,0.0,0.0,0.0
2024-02-01 15:30:00-05:00,25.190000534057617,25.200000762939453,25.140100479125977,25.170000076293945,18147,0.0,0.0,0.0
2024-02-02 09:30:00-05:00,24.920000076293945,25.020000457763672,24.91710090637207,24.91710090637207,0,0.0,0.0,0.0
2024-02-02 10:30:00-05:00,24.90999984741211,24.90999984741211,24.895000457763672,24.899999618530273,24145,0.0,0.0,0.0
2024-02-02 11:30:00-05:00,24.895000457763672,24.899999618530273,24.895000457763672,24.895200729370117,13200,0.0,0.0,0.0
2024-02-02 12:30:00-05:00,24.895000457763672,24.90999984741211,24.889999389648438,24.895000457763672,41572,0.0,0.0,0.0
2024-02-02 13:30:00-05:00,24.895000457763672,24.93000030517578,24.8927001953125,24.93000030517578,31234,0.0,0.0,0.0
2024-02-02 14:30:00-05:00,24.892099380493164,24.950000762939453,24.892099380493164,24.940000534057617,253231,0.0,0.0,0.0
2024-02-02 15:30:00-05:00,24.950000762939453,24.954999923706055,24.903600692749023,24.954999923706055,6909,0.0,0.0,0.0
2024-02-05 09:30:00-05:00,24.93000030517578,24.93000030517578,24.709999084472656,24.719999313354492,0,0.0,0.0,0.0
2024-02-05 10:30:00-05:00,24.719999313354492,24.719999313354492,24.690000534057617,24.690000534057617,52771,0.0,0.0,0.0
2024-02-05 11:30:00-05:00,24.699899673461914,24.719999313354492,24.680099487304688,24.719999313354492,147096,0.0,0.0,0.0
2024-02-05 12:30:00-05:00,24.748600006103516,24.75,24.690500259399414,24.739999771118164,56748,0.0,0.0,0.0
2024-02-05 13:30:00-05:00,24.71809959411621,24.729999542236328,24.693199157714844,24.729999542236328,16035,0.0,0.0,0.0
2024-02-05 14:30:00-05:00,24.72960090637207,24.739999771118164,24.694700241088867,24.725000381469727,24659,0.0,0.0,0.0
2024-02-05 15:30:00-05:00,24.725000381469727,24.729999542236328,24.724000930786133,24.729999542236328,9640,0.0,0.0,0.0
2024-02-06 09:30:00-05:00,24.75,24.809600830078125,24.670000076293945,24.809600830078125,0,0.0,0.0,0.0
2024-02-06 10:30:00-05:00,24.809999465942383,24.829999923706055,24.799999237060547,24.829999923706055,7200,0.0,0.0,0.0
2024-02-06 11:30:00-05:00,24.823699951171875,24.850000381469727,24.804000854492188,24.8085994720459,21786,0.0,0.0,0.0
2024-02-06 12:30:00-05:00,24.834999084472656,24.872400283813477,24.820999145507812,24.85540008544922,15291,0.0,0.0,0.0
2024-02-06 13:30:00-05:00,24.832300186157227,24.8700008392334,24.81999969482422,24.861299514770508,14513,0.0,0.0,0.0
2024-02-06 14:30:00-05:00,24.860000610351562,24.860000610351562,24.820100784301758,24.850000381469727,24292,0.0,0.0,0.0
2024-02-06 15:30:00-05:00,24.834999084472656,24.850000381469727,24.826099395751953,24.850000381469727,5228,0.0,0.0,0.0
2024-02-07 09:30:00-05:00,24.860000610351562,24.860000610351562,24.799999237060547,24.834999084472656,0,0.0,0.0,0.0
2024-02-07 10:30:00-05:00,24.834999084472656,24.850000381469727,24.800100326538086,24.81329917907715,24812,0.0,0.0,0.0
2024-02-07 11:30:00-05:00,24.809999465942383,24.81999969482422,24.760000228881836,24.790000915527344,43639,0.0,0.0,0.0
2024-02-07 12:30:00-05:00,24.778200149536133,24.950000762939453,24.77680015563965,24.829999923706055,24017,0.0,0.0,0.0
2024-02-07 13:30:00-05:00,24.80500030517578,24.828800201416016,24.802499771118164,24.81999969482422,17495,0.0,0.0,0.0
2024-02-07 14:30:00-05:00,24.809999465942383,24.84000015258789,24.801599502563477,24.84000015258789,44394,0.0,0.0,0.0
2024-02-07 15:30:00-05:00,24.84000015258789,24.84000015258789,24.81999969482422,24.81999969482422,90559,0.0,0.0,0.0
2024-02-08 09:30:00-05:00,24.860000610351562,24.8700008392334,24.700000762939453,24.750499725341797,13228,0.0,0.0,0.0
2024-02-08 10:30:00-05:00,24.759899139404297,24.759899139404297,24.75,24.7549991607666,14250,0.0,0.0,0.0
2024-02-08 11:30:00-05:00,24.75830078125,24.760000228881836,24.719999313354492,24.719999313354492,28424,0.0,0.0,0.0
2024-02-08 12:30:00-05:00,24.719999313354492,24.782400131225586,24.719999313354492,24.7549991607666,6611,0.0,0.0,0.0
2024-02-08 13:30:00-05:00,24.75,24.751800537109375,24.74209976196289,24.749799728393555,43161,0.0,0.0,0.0
2024-02-08 14:30:00-05:00,24.75,24.75,24.719999313354492,24.725000381469727,12117,0.0,0.0,0.0
2024-02-08 15:30:00-05:00,24.725000381469727,24.729999542236328,24.68000030517578,24.706600189208984,11685,0.0,0.0,0.0
2024-02-09 09:30:00-05:00,24.770000457763672,24.770000457763672,24.649999618530273,24.66939926147461,9968,0.0,0.0,0.0
2024-02-09 10:30:00-05:00,24.700000762939453,24.70989990234375,24.664100646972656,24.664100646972656,9373,0.0,0.0,0.0
2024-02-09 11:30:00-05:00,24.670000076293945,24.68000030517578,24.664400100708008,24.670000076293945,6693,0.0,0.0,0.0
2024-02-09 12:30:00-05:00,24.670000076293945,24.690000534057617,24.670000076293945,24.690000534057617,6417,0.0,0.0,0.0
2024-02-09 13:30:00-05:00,24.690000534057617,24.690000534057617,24.66010093688965,24.66029930114746,7096,0.0,0.0,0.0
2024-02-09 14:30:00-05:00,24.674999237060547,24.689899444580078,24.65999984741211,24.68000030517578,19621,0.0,0.0,0.0
2024-02-09 15:30:00-05:00,24.66900062561035,24.690000534057617,24.66010093688965,24.690000534057617,7434,0.0,0.0,0.0
2024-02-12 09:30:00-05:00,24.770000457763672,24.850000381469727,24.6299991607666,24.65999984741211,0,0.0,0.0,0.0
2024-02-12 10:30:00-05:00,24.662900924682617,24.68000030517578,24.65999984741211,24.670000076293945,15062,0.0,0.0,0.0
2024-02-12 11:30:00-05:00,24.68000030517578,24.709999084472656,24.671499252319336,24.709999084472656,5470,0.0,0.0,0.0
2024-02-12 12:30:00-05:00,24.700000762939453,24.729999542236328,24.69659996032715,24.697099685668945,11450,0.0,0.0,0.0
2024-02-12 13:30:00-05:00,24.700000762939453,24.737499237060547,24.68000030517578,24.709800720214844,78207,0.0,0.0,0.0
2024-02-12 14:30:00-05:00,24.704999923706055,24.719900131225586,24.69610023498535,24.71980094909668,37187,0.0,0.0,0.0
2024-02-12 15:30:00-05:00,24.69610023498535,24.719999313354492,24.690000534057617,24.709999084472656,6449,0.0,0.0,0.0
2024-02-13 09:30:00-05:00,24.530000686645508,24.6299991607666,24.521499633789062,24.52989959716797,0,0.0,0.0,0.0
2024-02-13 10:30:00-05:00,24.530000686645508,24.549999237060547,24.520000457763672,24.54840087890625,4959,0.0,0.0,0.0
2024-02-13 11:30:00-05:00,24.540000915527344,24.559999465942383,24.51449966430664,24.540000915527344,10092,0.0,0.0,0.0
2024-02-13 12:30:00-05:00,24.540000915527344,24.549999237060547,24.540000915527344,24.549999237060547,7478,0.0,0.0,0.0
2024-02-13 13:30:00-05:00,24.545000076293945,24.549999237060547,24.46660041809082,24.5,18204,0.0,0.0,0.0
2024-02-13 14:30:00-05:00,24.489999771118164,24.489999771118164,24.469999313354492,24.475000381469727,18087,0.0,0.0,0.0
2024-02-13 15:30:00-05:00,24.475000381469727,24.510000228881836,24.475000381469727,24.489999771118164,26790,0.0,0.0,0.0
2024-02-14 09:30:00-05:00,24.540000915527344,24.56999969482422,24.512500762939453,24.530000686645508,0,0.0,0.0,0.0
2024-02-14 10:30:00-05:00,24.549999237060547,24.63330078125,24.518400192260742,24.579999923706055,1808,0.0,0.0,0.0
2024-02-14 11:30:00-05:00,24.56999969482422,24.59000015258789,24.55500030517578,24.59000015258789,9019,0.0,0.0,0.0
2024-02-14 12:30:00-05:00,24.600000381469727,24.60070037841797,24.581199645996094,24.594999313354492,2279,0.0,0.0,0.0
2024-02-14 13:30:00-05:00,24.594999313354492,24.609600067138672,24.579999923706055,24.600000381469727,16165,0.0,0.0,0.0
2024-02-14 14:30:00-05:00,24.600000381469727,24.609899520874023,24.579999923706055,24.600000381469727,13094,0.0,0.0,0.0
2024-02-14 15:30:00-05:00,24.600000381469727,24.649999618530273,24.595699310302734,24.600000381469727,12728,0.0,0.0,0.0
2024-02-15 09:30:00-05:00,24.709999084472656,24.74690055847168,24.670000076293945,24.68000030517578,0,0.0,0.0,0.0
2024-02-15 10:30:00-05:00,24.679899215698242,24.679899215698242,24.625600814819336,24.625600814819336,6663,0.0,0.0,0.0
2024-02-15 11:30:00-05:00,24.6299991607666,24.649999618530273,24.601499557495117,24.649999618530273,5766,0.0,0.0,0.0
2024-02-15 12:30:00-05:00,24.66990089416504,24.66990089416504,24.61009979248047,24.649999618530273,17056,0.0,0.0,0.0
2024-02-15 13:30:00-05:00,24.65999984741211,24.700000762939453,24.649999618530273,24.68000030517578,13581,0.0,0.0,0.0
2024-02-15 14:30:00-05:00,24.674999237060547,24.68000030517578,24.664100646972656,24.665000915527344,47699,0.0,0.0,0.0
2024-02-15 15:30:00-05:00,24.665000915527344,24.670000076293945,24.6200008392334,24.6200008392334,32289,0.0,0.0,0.0
2024-02-16 09:30:00-05:00,24.540000915527344,24.599700927734375,24.536100387573242,24.59000015258789,0,0.0,0.0,0.0
2024-02-16 10:30:00-05:00,24.59000015258789,24.599599838256836,24.579999923706055,24.59000015258789,7335,0.0,0.0,0.0
2024-02-16 11:30:00-05:00,24.579999923706055,24.59000015258789,24.550500869750977,24.55660057067871,15583,0.0,0.0,0.0
2024-02-16 12:30:00-05:00,24.55500030517578,24.579999923706055,24.540000915527344,24.540000915527344,28364,0.0,0.0,0.0
2024-02-16 13:30:00-05:00,24.540000915527344,24.579999923706055,24.540000915527344,24.540000915527344,25037,0.0,0.0,0.0
2024-02-16 14:30:00-05:00,24.55500030517578,24.56999969482422,24.54010009765625,24.55069923400879,36503,0.0,0.0,0.0
2024-02-16 15:30:00-05:00,24.553199768066406,24.568500518798828,24.553199768066406,24.565000534057617,4841,0.0,0.0,0.0
2024-02-20 09:30:00-05:00,24.639999389648438,24.639999389648438,24.58489990234375,24.58489990234375,0,0.0,0.0,0.0
2024-02-20 10:30:00-05:00,24.635000228881836,24.648000717163086,24.600000381469727,24.639999389648438,9110,0.0,0.0,0.0
2024-02-20 11:30:00-05:00,24.6299991607666,24.639999389648438,24.621000289916992,24.6299991607666,18359,0.0,0.0,0.0
2024-02-20 12:30:00-05:00,24.6299991607666,24.649900436401367,24.614299774169922,24.6299991607666,7583,0.0,0.0,0.0
2024-02-20 13:30:00-05:00,24.6299991607666,24.639999389648438,24.604900360107422,24.6299991607666,24565,0.0,0.0,0.0
2024-02-20 14:30:00-05:00,24.6299991607666,24.639999389648438,24.610000610351562,24.6200008392334,11111,0.0,0.0,0.0
2024-02-20 15:30:00-05:00,24.6200008392334,24.6200008392334,24.610000610351562,24.6200008392334,14743,0.0,0.0,0.0
2024-02-21 09:30:00-05:00,24.690000534057617,24.690000534057617,24.610000610351562,24.63949966430664,0,0.0,0.0,0.0
2024-02-21 10:30:00-05:00,24.610000610351562,24.6200008392334,24.59000015258789,24.600000381469727,13722,0.0,0.0,0.0
2024-02-21 11:30:00-05:00,24.600000381469727,24.600000381469727,24.59040069580078,24.600000381469727,6955,0.0,0.0,0.0
2024-02-21 12:30:00-05:00,24.59779930114746,24.600000381469727,24.530000686645508,24.579999923706055,9966,0.0,0.0,0.0
2024-02-21 13:30:00-05:00,24.579999923706055,24.579999923706055,24.532499313354492,24.56999969482422,60732,0.0,0.0,0.0
2024-02-21 14:30:00-05:00,24.539100646972656,24.56999969482422,24.539100646972656,24.56999969482422,18938,0.0,0.0,0.0
2024-02-21 15:30:00-05:00,24.56999969482422,24.579999923706055,24.540000915527344,24.559999465942383,14075,0.0,0.0,0.0
2024-02-22 09:30:00-05:00,24.709999084472656,24.709999084472656,24.565000534057617,24.56999969482422,0,0.0,0.0,0.0
2024-02-22 10:30:00-05:00,24.579999923706055,24.600000381469727,24.553300857543945,24.56999969482422,1475,0.0,0.0,0.0
2024-02-22 11:30:00-05:00,24.56999969482422,24.579999923706055,24.550100326538086,24.550100326538086,9795,0.0,0.0,0.0
2024-02-22 12:30:00-05:00,24.559999465942383,24.56999969482422,24.55500030517578,24.56999969482422,5681,0.0,0.0,0.0
2024-02-22 13:30:00-05:00,24.579999923706055,24.589599609375,24.554100036621094,24.579999923706055,10294,0.0,0.0,0.0
2024-02-22 14:30:00-05:00,24.59000015258789,24.59000015258789,24.551799774169922,24.579999923706055,18172,0.0,0.0,0.0
2024-02-22 15:30:00-05:00,24.579999923706055,24.579999923706055,24.550100326538086,24.579999923706055,8536,0.0,0.0,0.0
2024-02-23 09:30:00-05:00,24.59000015258789,24.600000381469727,24.579999923706055,24.59000015258789,28508,0.0,0.0,0.0
2024-02-23 10:30:00-05:00,24.600000381469727,24.632400512695312,24.58009910583496,24.632400512695312,6258,0.0,0.0,0.0
2024-02-23 11:30:00-05:00,24.639999389648438,24.66200065612793,24.627599716186523,24.6299991607666,12368,0.0,0.0,0.0
2024-02-23 12:30:00-05:00,24.649999618530273,24.65999984741211,24.649999618530273,24.65999984741211,2909,0.0,0.0,0.0
2024-02-23 13:30:00-05:00,24.65999984741211,24.670000076293945,24.639999389648438,24.669300079345703,12665,0.0,0.0,0.0
2024-02-23 14:30:00-05:00,24.65999984741211,24.65999984741211,24.6299991607666,24.639699935913086,5305,0.0,0.0,0.0
2024-02-23 15:30:00-05:00,24.639999389648438,24.639999389648438,24.6299991607666,24.639999389648438,19285,0.0,0.0,0.0
2024-02-26 09:30:00-05:00,24.649999618530273,24.684999465942383,24.579999923706055,24.579999923706055,0,0.0,0.0,0.0
2024-02-26 10:30:00-05:00,24.584999084472656,24.59000015258789,24.584999084472656,24.584999084472656,1889,0.0,0.0,0.0
2024-02-26 11:30:00-05:00,24.595699310302734,24.595699310302734,24.54010009765625,24.549999237060547,5385,0.0,0.0,0.0
2024-02-26 12:30:00-05:00,24.559999465942383,24.559999465942383,24.540000915527344,24.545000076293945,8632,0.0,0.0,0.0
2024-02-26 13:30:00-05:00,24.545000076293945,24.559999465942383,24.544099807739258,24.549999237060547,3448,0.0,0.0,0.0
2024-02-26 14:30:00-05:00,24.54210090637207,24.559999465942383,24.54210090637207,24.559999465942383,3531,0.0,0.0,0.0
2024-02-26 15:30:00-05:00,24.559999465942383,24.579999923706055,24.559999465942383,24.56999969482422,7490,0.0,0.0,0.0
2024-02-27 09:30:00-05:00,24.540000915527344,24.649999618530273,24.540000915527344,24.59000015258789,3645,0.0,0.0,0.0
2024-02-27 10:30:00-05:00,24.579999923706055,24.579999923706055,24.559999465942383,24.579500198364258,3730,0.0,0.0,0.0
2024-02-27 11:30:00-05:00,24.55139923095703,24.579999923706055,24.542299270629883,24.56999969482422,5954,0.0,0.0,0.0
2024-02-27 12:30:00-05:00,24.55500030517578,24.579999923706055,24.54010009765625,24.579999923706055,4134,0.0,0.0,0.0
2024-02-27 13:30:00-05:00,24.559999465942383,24.579999923706055,24.540000915527344,24.54990005493164,9989,0.0,0.0,0.0
2024-02-27 14:30:00-05:00,24.549999237060547,24.549999237060547,24.540000915527344,24.545000076293945,8323,0.0,0.0,0.0
2024-02-27 15:30:00-05:00,24.54990005493164,24.549999237060547,24.520000457763672,24.549999237060547,7263,0.0,0.0,0.0
2024-02-28 09:30:00-05:00,24.510000228881836,24.610000610351562,24.510000228881836,24.59000015258789,0,0.0,0.0,0.0
2024-02-28 10:30:00-05:00,24.6200008392334,24.670000076293945,24.560100555419922,24.649999618530273,37079,0.0,0.0,0.0
2024-02-28 11:30:00-05:00,24.649999618530273,24.670000076293945,24.559999465942383,24.649999618530273,7750,0.0,0.0,0.0
2024-02-28 12:30:00-05:00,24.639999389648438,24.648399353027344,24.570100784301758,24.614999771118164,3246,0.0,0.0,0.0
2024-02-28 13:30:00-05:00,24.614999771118164,24.614999771118164,24.550600051879883,24.55500030517578,21191,0.0,0.0,0.0
2024-02-28 14:30:00-05:00,24.559999465942383,24.559999465942383,24.551300048828125,24.559999465942383,21456,0.0,0.0,0.0
2024-02-28 15:30:00-05:00,24.559999465942383,24.559999465942383,24.550800323486328,24.559999465942383,16465,0.0,0.0,0.0
2024-02-29 09:30:00-05:00,24.75,24.75,24.589000701904297,24.638200759887695,16170,0.0,0.0,0.0
2024-02-29 10:30:00-05:00,24.639999389648438,24.649999618530273,24.610000610351562,24.6200008392334,7202,0.0,0.0,0.0
2024-02-29 11:30:00-05:00,24.612199783325195,24.639999389648438,24.594999313354492,24.594999313354492,16409,0.0,0.0,0.0
2024-02-29 12:30:00-05:00,24.59000015258789,24.600000381469727,24.56999969482422,24.579999923706055,32355,0.0,0.0,0.0
2024-02-29 13:30:00-05:00,24.59000015258789,24.600000381469727,24.570100784301758,24.600000381469727,4220,0.0,0.0,0.0
2024-02-29 14:30:00-05:00,24.584999084472656,24.59000015258789,24.549999237060547,24.579999923706055,13043,0.0,0.0,0.0
2024-02-29 15:30:00-05:00,24.57990074157715,24.600000381469727,24.549999237060547,24.59000015258789,9818,0.0,0.0,0.0
2024-03-01 09:30:00-05:00,24.510000228881836,24.565000534057617,24.399999618530273,24.540000915527344,0,0.0,0.0,0.0
2024-03-01 10:30:00-05:00,24.540000915527344,24.579999923706055,24.52899932861328,24.549999237060547,6728,0.0,0.0,0.0
2024-03-01 11:30:00-05:00,24.53499984741211,24.56999969482422,24.520099639892578,24.56999969482422,7296,0.0,0.0,0.0
2024-03-01 12:30:00-05:00,24.559999465942383,24.59000015258789,24.559999465942383,24.59000015258789,6572,0.0,0.0,0.0
2024-03-01 13:30:00-05:00,24.5841007232666,24.610000610351562,24.5841007232666,24.610000610351562,2507,0.0,0.0,0.0
2024-03-01 14:30:00-05:00,24.612499237060547,24.6299991607666,24.612499237060547,24.625,12031,0.0,0.0,0.0
2024-03-01 15:30:00-05:00,24.625,24.6299991607666,24.6200008392334,24.6200008392334,17598,0.0,0.0,0.0
2024-03-04 09:30:00-05:00,24.68000030517578,24.68000030517578,24.51580047607422,24.579999923706055,0,0.0,0.0,0.0
2024-03-04 10:30:00-05:00,24.570100784301758,24.57990074157715,24.56999969482422,24.56999969482422,12487,0.0,0.0,0.0
2024-03-04 11:30:00-05:00,24.579999923706055,24.59000015258789,24.571300506591797,24.59000015258789,20775,0.0,0.0,0.0
2024-03-04 12:30:00-05:00,24.573299407958984,24.589799880981445,24.570100784301758,24.579999923706055,1510,0.0,0.0,0.0
2024-03-04 13:30:00-05:00,24.579999923706055,24.579999923706055,24.570100784301758,24.579999923706055,5816,0.0,0.0,0.0
2024-03-04 14:30:00-05:00,24.570100784301758,24.59000015258789,24.570100784301758,24.579999923706055,9454,0.0,0.0,0.0
2024-03-04 15:30:00-05:00,24.579999923706055,24.610000610351562,24.579999923706055,24.600000381469727,27393,0.0,0.0,0.0
2024-03-05 09:30:00-05:00,24.68000030517578,24.799999237060547,24.6299991607666,24.674999237060547,0,0.0,0.0,0.0
2024-03-05 10:30:00-05:00,24.66790008544922,24.690000534057617,24.65999984741211,24.690000534057617,5523,0.0,0.0,0.0
2024-03-05 11:30:00-05:00,24.68000030517578,24.68000030517578,24.646400451660156,24.68000030517578,17842,0.0,0.0,0.0
2024-03-05 12:30:00-05:00,24.670000076293945,24.670000076293945,24.650100708007812,24.65519905090332,9074,0.0,0.0,0.0
2024-03-05 13:30:00-05:00,24.65999984741211,24.690000534057617,24.649999618530273,24.690000534057617,21174,0.0,0.0,0.0
2024-03-05 14:30:00-05:00,24.68000030517578,24.690000534057617,24.649999618530273,24.663700103759766,23902,0.0,0.0,0.0
2024-03-05 15:30:00-05:00,24.661699295043945,24.690000534057617,24.661699295043945,24.690000534057617,32489,0.0,0.0,0.0
2024-03-06 09:30:00-05:00,24.68000030517578,24.864999771118164,24.68000030517578,24.75,0,0.0,0.0,0.0
2024-03-06 10:30:00-05:00,24.729999542236328,24.760000228881836,24.709999084472656,24.75,39963,0.0,0.0,0.0
2024-03-06 11:30:00-05:00,24.749000549316406,24.799999237060547,24.749000549316406,24.754899978637695,7967,0.0,0.0,0.0
2024-03-06 12:30:00-05:00,24.780000686645508,24.780000686645508,24.760000228881836,24.780000686645508,18680,0.0,0.0,0.0
2024-03-06 13:30:00-05:00,24.770000457763672,24.780000686645508,24.760000228881836,24.760000228881836,15120,0.0,0.0,0.0
2024-03-06 14:30:00-05:00,24.75,24.75,24.739999771118164,24.7450008392334,19904,0.0,0.0,0.0
2024-03-06 15:30:00-05:00,24.739999771118164,24.7450008392334,24.717300415039062,24.729999542236328,4856,0.0,0.0,0.0
2024-03-07 09:30:00-05:00,24.84000015258789,24.84000015258789,24.760000228881836,24.770000457763672,0,0.0,0.0,0.0
2024-03-07 10:30:00-05:00,24.780000686645508,24.780000686645508,24.760000228881836,24.780000686645508,6298,0.0,0.0,0.0
2024-03-07 11:30:00-05:00,24.770000457763672,24.780000686645508,24.760000228881836,24.764999389648438,5524,0.0,0.0,0.0
2024-03-07 12:30:00-05:00,24.760000228881836,24.764999389648438,24.760000228881836,24.760000228881836,25402,0.0,0.0,0.0
2024-03-07 13:30:00-05:00,24.770000457763672,24.770000457763672,24.760000228881836,24.770000457763672,4827,0.0,0.0,0.0
2024-03-07 14:30:00-05:00,24.780000686645508,24.799999237060547,24.760099411010742,24.778200149536133,13749,0.0,0.0,0.0
2024-03-07 15:30:00-05:00,24.799999237060547,24.799999237060547,24.76110076904297,24.799999237060547,10160,0.0,0.0,0.0
2024-03-08 09:30:00-05:00,24.780000686645508,24.86910057067871,24.780000686645508,24.849899291992188,0,0.0,0.0,0.0
2024-03-08 10:30:00-05:00,24.850000381469727,24.850000381469727,24.829999923706055,24.843799591064453,4089,0.0,0.0,0.0
2024-03-08 11:30:00-05:00,24.825000762939453,24.84000015258789,24.809999465942383,24.84000015258789,3305,0.0,0.0,0.0
2024-03-08 12:30:00-05:00,24.849899291992188,24.849899291992188,24.81279945373535,24.825000762939453,18649,0.0,0.0,0.0
2024-03-08 13:30:00-05:00,24.829999923706055,24.84000015258789,24.81999969482422,24.829999923706055,9279,0.0,0.0,0.0
2024-03-08 14:30:00-05:00,24.822500228881836,24.850000381469727,24.822500228881836,24.840099334716797,60468,0.0,0.0,0.0
2024-03-08 15:30:00-05:00,24.850000381469727,24.850000381469727,24.841699600219727,24.844999313354492,3852,0.0,0.0,0.0
2024-03-11 09:30:00-04:00,24.8700008392334,24.8700008392334,24.790000915527344,24.854999542236328,0,0.0,0.0,0.0
2024-03-11 10:30:00-04:00,24.854999542236328,24.859899520874023,24.790000915527344,24.82990074157715,14173,0.0,0.0,0.0
2024-03-11 11:30:00-04:00,24.829999923706055,24.829999923706055,24.799299240112305,24.809999465942383,9036,0.0,0.0,0.0
2024-03-11 12:30:00-04:00,24.829999923706055,24.90999984741211,24.80699920654297,24.829999923706055,40354,0.0,0.0,0.0
2024-03-11 13:30:00-04:00,24.829999923706055,24.850000381469727,24.806499481201172,24.806499481201172,10986,0.0,0.0,0.0
2024-03-11 14:30:00-04:00,24.81999969482422,24.84000015258789,24.804399490356445,24.84000015258789,42563,0.0,0.0,0.0
2024-03-11 15:30:00-04:00,24.84000015258789,24.84000015258789,24.820100784301758,24.84000015258789,19694,0.0,0.0,0.0
2024-03-12 09:30:00-04:00,24.84000015258789,24.84000015258789,24.750099182128906,24.809900283813477,0,0.0,0.0,0.0
2024-03-12 10:30:00-04:00,24.757200241088867,24.809999465942383,24.757200241088867,24.782100677490234,13693,0.0,0.0,0.0
2024-03-12 11:30:00-04:00,24.770000457763672,24.780000686645508,24.75,24.780000686645508,12773,0.0,0.0,0.0
2024-03-12 12:30:00-04:00,24.780000686645508,24.860000610351562,24.770000457763672,24.770000457763672,6411,0.0,0.0,0.0
2024-03-12 13:30:00-04:00,24.780000686645508,24.790000915527344,24.770000457763672,24.78499984741211,3598,0.0,0.0,0.0
2024-03-12 14:30:00-04:00,24.790000915527344,24.790000915527344,24.770000457763672,24.78499984741211,7897,0.0,0.0,0.0
2024-03-12 15:30:00-04:00,24.790000915527344,24.790000915527344,24.780000686645508,24.780000686645508,5126,0.0,0.0,0.0
2024-03-13 09:30:00-04:00,24.739999771118164,24.760000228881836,24.719999313354492,24.759899139404297,0,0.0,0.0,0.0
2024-03-13 10:30:00-04:00,24.760000228881836,24.770000457763672,24.750099182128906,24.760000228881836,12287,0.0,0.0,0.0
2024-03-13 11:30:00-04:00,24.7549991607666,24.75979995727539,24.75,24.75,16223,0.0,0.0,0.0
2024-03-13 12:30:00-04:00,24.7549991607666,24.850000381469727,24.75,24.76959991455078,8859,0.0,0.0,0.0
2024-03-13 13:30:00-04:00,24.770000457763672,24.780000686645508,24.760000228881836,24.764999389648438,16077,0.0,0.0,0.0
2024-03-13 14:30:00-04:00,24.760000228881836,24.76729965209961,24.760000228881836,24.764999389648438,5186,0.0,0.0,0.0
2024-03-13 15:30:00-04:00,24.764999389648438,24.769899368286133,24.760000228881836,24.760000228881836,15027,0.0,0.0,0.0
2024-03-14 09:30:00-04:00,24.75,24.774999618530273,24.590099334716797,24.590099334716797,13821,0.0,0.0,0.0
2024-03-14 10:30:00-04:00,24.610000610351562,24.610000610351562,24.59000015258789,24.599899291992188,15640,0.0,0.0,0.0
2024-03-14 11:30:00-04:00,24.594999313354492,24.604799270629883,24.591699600219727,24.604799270629883,10393,0.0,0.0,0.0
2024-03-14 12:30:00-04:00,24.594100952148438,24.610000610351562,24.59000015258789,24.59000015258789,3244,0.0,0.0,0.0
2024-03-14 13:30:00-04:00,24.594999313354492,24.600000381469727,24.594999313354492,24.594999313354492,7922,0.0,0.0,0.0
2024-03-14 14:30:00-04:00,24.594999313354492,24.600000381469727,24.59149932861328,24.594999313354492,10262,0.0,0.0,0.0
2024-03-14 15:30:00-04:00,24.59000015258789,24.600000381469727,24.59000015258789,24.590099334716797,6661,0.0,0.0,0.0
2024-03-15 09:30:00-04:00,24.670000076293945,24.719999313354492,24.565000534057617,24.579999923706055,19935,0.0,0.0,0.0
2024-03-15 10:30:00-04:00,24.579999923706055,24.59000015258789,24.56999969482422,24.575000762939453,26757,0.0,0.0,0.0
2024-03-15 11:30:00-04:00,24.579999923706055,24.600000381469727,24.559999465942383,24.567800521850586,7926,0.0,0.0,0.0
2024-03-15 12:30:00-04:00,24.600000381469727,24.600000381469727,24.559999465942383,24.59000015258789,7372,0.0,0.0,0.0
2024-03-15 13:30:00-04:00,24.56599998474121,24.591699600219727,24.559999465942383,24.573699951171875,25207,0.0,0.0,0.0
2024-03-15 14:30:00-04:00,24.600000381469727,24.610000610351562,24.58099937438965,24.610000610351562,5809,0.0,0.0,0.0
2024-03-15 15:30:00-04:00,24.599599838256836,24.599599838256836,24.56999969482422,24.59000015258789,4080,0.0,0.0,0.0
2024-03-18 09:30:00-04:00,24.65999984741211,24.69499969482422,24.56089973449707,24.600000381469727,0,0.0,0.0,0.0
2024-03-18 10:30:00-04:00,24.59000015258789,24.59000015258789,24.559999465942383,24.579700469970703,8866,0.0,0.0,0.0
2024-03-18 11:30:00-04:00,24.579999923706055,24.579999923706055,24.559999465942383,24.565000534057617,8377,0.0,0.0,0.0
2024-03-18 12:30:00-04:00,24.565000534057617,24.575000762939453,24.565000534057617,24.575000762939453,4865,0.0,0.0,0.0
2024-03-18 13:30:00-04:00,24.575000762939453,24.579999923706055,24.572099685668945,24.575000762939453,7140,0.0,0.0,0.0
2024-03-18 14:30:00-04:00,24.575000762939453,24.579999923706055,24.57040023803711,24.575000762939453,13067,0.0,0.0,0.0
2024-03-18 15:30:00-04:00,24.575000762939453,24.579999923706055,24.56999969482422,24.575000762939453,30755,0.0,0.0,0.0
2024-03-19 09:30:00-04:00,24.579999923706055,24.610000610351562,24.564899444580078,24.610000610351562,0,0.0,0.0,0.0
2024-03-19 10:30:00-04:00,24.600000381469727,24.6299991607666,24.596099853515625,24.6200008392334,15962,0.0,0.0,0.0
2024-03-19 11:30:00-04:00,24.6200008392334,24.62980079650879,24.61009979248047,24.6200008392334,9340,0.0,0.0,0.0
2024-03-19 12:30:00-04:00,24.6200008392334,24.760000228881836,24.6117000579834,24.638999938964844,5634,0.0,0.0,0.0
2024-03-19 13:30:00-04:00,24.625,24.649999618530273,24.616600036621094,24.625,8535,0.0,0.0,0.0
2024-03-19 14:30:00-04:00,24.639999389648438,24.649999618530273,24.620100021362305,24.642000198364258,279437,0.0,0.0,0.0
2024-03-19 15:30:00-04:00,24.649999618530273,24.649999618530273,24.6200008392334,24.635000228881836,9843,0.0,0.0,0.0
2024-03-20 09:30:00-04:00,24.579999923706055,24.6299991607666,24.579999923706055,24.6299991607666,0,0.0,0.0,0.0
2024-03-20 10:30:00-04:00,24.621299743652344,24.639999389648438,24.614999771118164,24.6299991607666,8751,0.0,0.0,0.0
2024-03-20 11:30:00-04:00,24.620899200439453,24.639999389648438,24.620899200439453,24.636499404907227,2298,0.0,0.0,0.0
2024-03-20 12:30:00-04:00,24.639999389648438,24.639999389648438,24.62019920349121,24.625,6817,0.0,0.0,0.0
2024-03-20 13:30:00-04:00,24.62969970703125,24.729999542236328,24.590099334716797,24.610000610351562,6759,0.0,0.0,0.0
2024-03-20 14:30:00-04:00,24.600000381469727,24.69499969482422,24.592899322509766,24.651100158691406,17928,0.0,0.0,0.0
2024-03-20 15:30:00-04:00,24.649999618530273,24.68000030517578,24.649999618530273,24.65999984741211,10336,0.0,0.0,0.0
2024-03-21 09:30:00-04:00,24.799999237060547,24.799999237060547,24.68000030517578,24.71820068359375,0,0.0,0.0,0.0
2024-03-21 10:30:00-04:00,24.709999084472656,24.71929931640625,24.6830997467041,24.699499130249023,12467,0.0,0.0,0.0
2024-03-21 11:30:00-04:00,24.700000762939453,24.709999084472656,24.690000534057617,24.704999923706055,62557,0.0,0.0,0.0
2024-03-21 12:30:00-04:00,24.694299697875977,24.7283992767334,24.690099716186523,24.704999923706055,12589,0.0,0.0,0.0
2024-03-21 13:30:00-04:00,24.719900131225586,24.719999313354492,24.690000534057617,24.704999923706055,23713,0.0,0.0,0.0
2024-03-21 14:30:00-04:00,24.704999923706055,24.709999084472656,24.700000762939453,24.704999923706055,10593,0.0,0.0,0.0
2024-03-21 15:30:00-04:00,24.704999923706055,24.709999084472656,24.690000534057617,24.690000534057617,16346,0.0,0.0,0.0
2024-03-22 09:30:00-04:00,24.760000228881836,24.799999237060547,24.760000228881836,24.799999237060547,0,0.0,0.0,0.0
2024-03-22 10:30:00-04:00,24.790000915527344,24.799999237060547,24.764299392700195,24.782899856567383,45608,0.0,0.0,0.0
2024-03-22 11:30:00-04:00,24.799999237060547,24.799999237060547,24.773700714111328,24.773700714111328,11156,0.0,0.0,0.0
2024-03-22 12:30:00-04:00,24.799999237060547,24.809999465942383,24.784099578857422,24.799999237060547,63721,0.0,0.0,0.0
2024-03-22 13:30:00-04:00,24.799999237060547,24.799999237060547,24.790000915527344,24.799999237060547,15352,0.0,0.0,0.0
2024-03-22 14:30:00-04:00,24.799999237060547,24.799999237060547,24.790000915527344,24.790000915527344,7527,0.0,0.0,0.0
2024-03-22 15:30:00-04:00,24.790000915527344,24.799999237060547,24.780000686645508,24.780000686645508,11865,0.0,0.0,0.0
2024-03-25 09:30:00-04:00,24.829999923706055,24.829999923706055,24.735000610351562,24.735000610351562,0,0.0,0.0,0.0
2024-03-25 10:30:00-04:00,24.739999771118164,24.739999771118164,24.72010040283203,24.723499298095703,1313,0.0,0.0,0.0
2024-03-25 11:30:00-04:00,24.72010040283203,24.739999771118164,24.72010040283203,24.739999771118164,17397,0.0,0.0,0.0
2024-03-25 12:30:00-04:00,24.739999771118164,24.850000381469727,24.729999542236328,24.7450008392334,16740,0.0,0.0,0.0
2024-03-25 13:30:00-04:00,24.75,24.75,24.71500015258789,24.71500015258789,31512,0.0,0.0,0.0
2024-03-25 14:30:00-04:00,24.70490074157715,24.729999542236328,24.700000762939453,24.729999542236328,27897,0.0,0.0,0.0
2024-03-25 15:30:00-04:00,24.709999084472656,24.729999542236328,24.709999084472656,24.71500015258789,16086,0.0,0.0,0.0
2024-03-26 09:30:00-04:00,24.65999984741211,24.719999313354492,24.65999984741211,24.681699752807617,0,0.0,0.0,0.0
2024-03-26 10:30:00-04:00,24.689899444580078,24.700000762939453,24.68000030517578,24.700000762939453,7460,0.0,0.0,0.0
2024-03-26 11:30:00-04:00,24.709999084472656,24.709999084472656,24.68000030517578,24.694700241088867,13922,0.0,0.0,0.0
2024-03-26 12:30:00-04:00,24.687999725341797,24.749900817871094,24.683300018310547,24.739999771118164,3186,0.0,0.0,0.0
2024-03-26 13:30:00-04:00,24.70490074157715,24.729999542236328,24.700199127197266,24.709999084472656,75216,0.0,0.0,0.0
2024-03-26 14:30:00-04:00,24.719999313354492,24.729999542236328,24.700000762939453,24.71500015258789,20935,0.0,0.0,0.0
2024-03-26 15:30:00-04:00,24.729999542236328,24.729999542236328,24.700000762939453,24.71500015258789,74499,0.0,0.0,0.0
2024-03-27 09:30:00-04:00,24.790000915527344,24.790000915527344,24.709999084472656,24.743900299072266,0,0.0,0.0,0.0
2024-03-27 10:30:00-04:00,24.749799728393555,24.790000915527344,24.729999542236328,24.780000686645508,5573,0.0,0.0,0.0
2024-03-27 11:30:00-04:00,24.799999237060547,24.80069923400879,24.781700134277344,24.781700134277344,6730,0.0,0.0,0.0
2024-03-27 12:30:00-04:00,24.799999237060547,24.809999465942383,24.781400680541992,24.7992000579834,7126,0.0,0.0,0.0
2024-03-27 13:30:00-04:00,24.799999237060547,24.809999465942383,24.776500701904297,24.80500030517578,8573,0.0,0.0,0.0
2024-03-27 14:30:00-04:00,24.809999465942383,24.81999969482422,24.784700393676758,24.795000076293945,4523,0.0,0.0,0.0
2024-03-27 15:30:00-04:00,24.81999969482422,24.84000015258789,24.799999237060547,24.834999084472656,10728,0.0,0.0,0.0
2024-03-28 09:30:00-04:00,24.770000457763672,24.858800888061523,24.770000457763672,24.84000015258789,0,0.0,0.0,0.0
2024-03-28 10:30:00-04:00,24.84000015258789,24.860000610351562,24.84000015258789,24.850000381469727,15530,0.0,0.0,0.0
2024-03-28 11:30:00-04:00,24.860000610351562,24.8700008392334,24.84000015258789,24.854999542236328,9963,0.0,0.0,0.0
2024-03-28 12:30:00-04:00,24.844900131225586,24.844900131225586,24.799999237060547,24.82990074157715,8627,0.0,0.0,0.0
2024-03-28 13:30:00-04:00,24.82990074157715,24.84000015258789,24.799999237060547,24.799999237060547,6287,0.0,0.0,0.0
2024-03-28 14:30:00-04:00,24.81999969482422,24.84000015258789,24.799999237060547,24.81999969482422,13746,0.0,0.0,0.0
2024-03-28 15:30:00-04:00,24.850000381469727,24.850000381469727,24.809999465942383,24.84000015258789,4833,0.0,0.0,0.0
2024-04-01 09:30:00-04:00,24.639999389648438,24.65999984741211,24.530000686645508,24.530000686645508,0,0.0,0.0,0.0
2024-04-01 10:30:00-04:00,24.530000686645508,24.559900283813477,24.520000457763672,24.530000686645508,62692,0.0,0.0,0.0
2024-04-01 11:30:00-04:00,24.540000915527344,24.540000915527344,24.51490020751953,24.51490020751953,10425,0.0,0.0,0.0
2024-04-01 12:30:00-04:00,24.540000915527344,24.549999237060547,24.510000228881836,24.510000228881836,6532,0.0,0.0,0.0
2024-04-01 13:30:00-04:00,24.549999237060547,24.549999237060547,24.520000457763672,24.520000457763672,3135,0.0,0.0,0.0
2024-04-01 14:30:00-04:00,24.530000686645508,24.549999237060547,24.510000228881836,24.520000457763672,57087,0.0,0.0,0.0
2024-04-01 15:30:00-04:00,24.530000686645508,24.540000915527344,24.510000228881836,24.520000457763672,17242,0.0,0.0,0.0
2024-04-02 09:30:00-04:00,24.600000381469727,24.600000381469727,24.399999618530273,24.440000534057617,0,0.0,0.0,0.0
2024-04-02 10:30:00-04:00,24.440000534057617,24.48979949951172,24.440000534057617,24.469999313354492,2305,0.0,0.0,0.0
2024-04-02 11:30:00-04:00,24.470199584960938,24.489900588989258,24.469999313354492,24.489500045776367,11381,0.0,0.0,0.0
2024-04-02 12:30:00-04:00,24.479999542236328,24.5,24.469999313354492,24.489900588989258,4034,0.0,0.0,0.0
2024-04-02 13:30:00-04:00,24.489999771118164,24.5,24.459999084472656,24.499900817871094,32547,0.0,0.0,0.0
2024-04-02 14:30:00-04:00,24.479999542236328,24.5,24.479999542236328,24.489999771118164,23420,0.0,0.0,0.0
2024-04-02 15:30:00-04:00,24.491899490356445,24.510000228881836,24.489999771118164,24.5,6808,0.0,0.0,0.0
2024-04-03 09:30:00-04:00,24.299999237060547,24.584999084472656,24.299999237060547,24.43000030517578,0,0.0,0.0,0.0
2024-04-03 10:30:00-04:00,24.469999313354492,24.485000610351562,24.43000030517578,24.485000610351562,4033,0.0,0.0,0.0
2024-04-03 11:30:00-04:00,24.489700317382812,24.520000457763672,24.469999313354492,24.520000457763672,11917,0.0,0.0,0.0
2024-04-03 12:30:00-04:00,24.549999237060547,24.549999237060547,24.507099151611328,24.520000457763672,3866,0.0,0.0,0.0
2024-04-03 13:30:00-04:00,24.512500762939453,24.540000915527344,24.510000228881836,24.510000228881836,10825,0.0,0.0,0.0
2024-04-03 14:30:00-04:00,24.530000686645508,24.540000915527344,24.510000228881836,24.5393009185791,31842,0.0,0.0,0.0
2024-04-03 15:30:00-04:00,24.520000457763672,24.530000686645508,24.510000228881836,24.530000686645508,2735,0.0,0.0,0.0
2024-04-04 09:30:00-04:00,24.579999923706055,24.589799880981445,24.559999465942383,24.559999465942383,14838,0.0,0.0,0.0
2024-04-04 10:30:00-04:00,24.559999465942383,24.56999969482422,24.549999237060547,24.56999969482422,33139,0.0,0.0,0.0
2024-04-04 11:30:00-04:00,24.549999237060547,24.559999465942383,24.540000915527344,24.549999237060547,26295,0.0,0.0,0.0
2024-04-04 12:30:00-04:00,24.54010009765625,24.555999755859375,24.510000228881836,24.530000686645508,5939,0.0,0.0,0.0
2024-04-04 13:30:00-04:00,24.520000457763672,24.548599243164062,24.510000228881836,24.520000457763672,0,0.0,0.0,0.0
2024-04-04 14:30:00-04:00,24.520000457763672,24.569000244140625,24.510000228881836,24.540000915527344,98704,0.0,0.0,0.0
2024-04-04 15:30:00-04:00,24.559999465942383,24.559999465942383,24.540000915527344,24.559999465942383,12675,0.0,0.0,0.0
2024-04-05 09:30:00-04:00,24.5,24.520000457763672,24.440000534057617,24.520000457763672,9504,0.0,0.0,0.0
2024-04-05 10:30:00-04:00,24.520000457763672,24.520000457763672,24.479999542236328,24.483299255371094,10997,0.0,0.0,0.0
2024-04-05 11:30:00-04:00,24.5,24.520000457763672,24.49329948425293,24.519899368286133,18412,0.0,0.0,0.0
2024-04-05 12:30:00-04:00,24.510000228881836,24.519100189208984,24.510000228881836,24.513500213623047,3134,0.0,0.0,0.0
2024-04-05 13:30:00-04:00,24.5049991607666,24.5049991607666,24.50040054321289,24.50040054321289,5674,0.0,0.0,0.0
2024-04-05 14:30:00-04:00,24.5049991607666,24.5049991607666,24.475000381469727,24.485000610351562,8865,0.0,0.0,0.0
2024-04-05 15:30:00-04:00,24.475000381469727,24.489999771118164,24.459999084472656,24.479999542236328,41320,0.0,0.0,0.0
2024-04-08 09:30:00-04:00,24.469999313354492,24.469999313354492,24.43000030517578,24.45199966430664,0,0.0,0.0,0.0
2024-04-08 10:30:00-04:00,24.45009994506836,24.469999313354492,24.440000534057617,24.450000762939453,13611,0.0,0.0,0.0
2024-04-08 11:30:00-04:00,24.450000762939453,24.459999084472656,24.4325008392334,24.434999465942383,6331,0.0,0.0,0.0
2024-04-08 12:30:00-04:00,24.459999084472656,24.459999084472656,24.4552001953125,24.455299377441406,575,0.0,0.0,0.0
2024-04-08 13:30:00-04:00,24.459999084472656,24.479999542236328,24.458999633789062,24.479999542236328,7238,0.0,0.0,0.0
2024-04-08 14:30:00-04:00,24.479999542236328,24.479999542236328,24.459999084472656,24.469999313354492,14972,0.0,0.0,0.0
2024-04-08 15:30:00-04:00,24.479900360107422,24.479900360107422,24.44499969482422,24.44499969482422,6926,0.0,0.0,0.0
2024-04-09 09:30:00-04:00,24.56999969482422,24.56999969482422,24.51219940185547,24.530799865722656,0,0.0,0.0,0.0
2024-04-09 10:30:00-04:00,24.530000686645508,24.549999237060547,24.520000457763672,24.549999237060547,3960,0.0,0.0,0.0
2024-04-09 11:30:00-04:00,24.540000915527344,24.559999465942383,24.530000686645508,24.545000076293945,14655,0.0,0.0,0.0
2024-04-09 12:30:00-04:00,24.549999237060547,24.559999465942383,24.530000686645508,24.530000686645508,3837,0.0,0.0,0.0
2024-04-09 13:30:00-04:00,24.559999465942383,24.559999465942383,24.539899826049805,24.54990005493164,22889,0.0,0.0,0.0
2024-04-09 14:30:00-04:00,24.549999237060547,24.559999465942383,24.530099868774414,24.545700073242188,5861,0.0,0.0,0.0
2024-04-09 15:30:00-04:00,24.545000076293945,24.559999465942383,24.545000076293945,24.559999465942383,5010,0.0,0.0,0.0
2024-04-10 09:30:00-04:00,24.31999969482422,24.40999984741211,24.299999237060547,24.329999923706055,0,0.0,0.0,0.0
2024-04-10 10:30:00-04:00,24.329999923706055,24.360000610351562,24.319400787353516,24.34000015258789,1955,0.0,0.0,0.0
2024-04-10 11:30:00-04:00,24.341999053955078,24.341999053955078,24.309999465942383,24.325000762939453,1781,0.0,0.0,0.0
2024-04-10 12:30:00-04:00,24.328500747680664,24.328500747680664,24.212299346923828,24.239999771118164,38665,0.0,0.0,0.0
2024-04-10 13:30:00-04:00,24.25,24.284299850463867,24.239999771118164,24.239999771118164,11389,0.0,0.0,0.0
2024-04-10 14:30:00-04:00,24.229999542236328,24.260000228881836,24.209999084472656,24.2549991607666,21131,0.0,0.0,0.0
2024-04-10 15:30:00-04:00,24.2549991607666,24.260000228881836,24.229999542236328,24.229999542236328,13461,0.0,0.0,0.0
2024-04-11 09:30:00-04:00,24.360000610351562,24.360000610351562,24.18000030517578,24.204999923706055,0,0.0,0.0,0.0
2024-04-11 10:30:00-04:00,24.204999923706055,24.229999542236328,24.190000534057617,24.190000534057617,8129,0.0,0.0,0.0
2024-04-11 11:30:00-04:00,24.19499969482422,24.229999542236328,24.1924991607666,24.200000762939453,4438,0.0,0.0,0.0
2024-04-11 12:30:00-04:00,24.190000534057617,24.235000610351562,24.190000534057617,24.219999313354492,7413,0.0,0.0,0.0
2024-04-11 13:30:00-04:00,24.229999542236328,24.270000457763672,24.229999542236328,24.236000061035156,11922,0.0,0.0,0.0
2024-04-11 14:30:00-04:00,24.249799728393555,24.249799728393555,24.20159912109375,24.229999542236328,13265,0.0,0.0,0.0
2024-04-11 15:30:00-04:00,24.229900360107422,24.239999771118164,24.205699920654297,24.229999542236328,8189,0.0,0.0,0.0
2024-04-12 09:30:00-04:00,24.260000228881836,24.309999465942383,24.260000228881836,24.299999237060547,10475,0.0,0.0,0.0
2024-04-12 10:30:00-04:00,24.30500030517578,24.30500030517578,24.270299911499023,24.279800415039062,7500,0.0,0.0,0.0
2024-04-12 11:30:00-04:00,24.270000457763672,24.280000686645508,24.260099411010742,24.280000686645508,6766,0.0,0.0,0.0
2024-04-12 12:30:00-04:00,24.270000457763672,24.29010009765625,24.26759910583496,24.29010009765625,3326,0.0,0.0,0.0
2024-04-12 13:30:00-04:00,24.299999237060547,24.319000244140625,24.299999237060547,24.300100326538086,6491,0.0,0.0,0.0
2024-04-12 14:30:00-04:00,24.309900283813477,24.309900283813477,24.281700134277344,24.290000915527344,15894,0.0,0.0,0.0
2024-04-12 15:30:00-04:00,24.28499984741211,24.290000915527344,24.264999389648438,24.264999389648438,1959,0.0,0.0,0.0
2024-04-15 09:30:00-04:00,24.079999923706055,24.146299362182617,24.049999237060547,24.06329917907715,0,0.0,0.0,0.0
2024-04-15 10:30:00-04:00,24.065000534057617,24.100000381469727,24.065000534057617,24.084999084472656,7582,0.0,0.0,0.0
2024-04-15 11:30:00-04:00,24.071500778198242,24.100000381469727,24.06209945678711,24.074100494384766,4326,0.0,0.0,0.0
2024-04-15 12:30:00-04:00,24.079999923706055,24.084999084472656,24.06999969482422,24.075000762939453,2524,0.0,0.0,0.0
2024-04-15 13:30:00-04:00,24.075000762939453,24.08989906311035,24.049999237060547,24.06999969482422,6916,0.0,0.0,0.0
2024-04-15 14:30:00-04:00,24.06999969482422,24.08180046081543,24.040000915527344,24.040000915527344,8575,0.0,0.0,0.0
2024-04-15 15:30:00-04:00,24.079999923706055,24.079999923706055,24.05500030517578,24.065000534057617,9127,0.0,0.0,0.0
2024-04-16 09:30:00-04:00,23.969999313354492,23.989999771118164,23.940000534057617,23.97800064086914,13056,0.0,0.0,0.0
2024-04-16 10:30:00-04:00,23.95009994506836,24.010000228881836,23.95009994506836,23.989999771118164,12449,0.0,0.0,0.0
2024-04-16 11:30:00-04:00,23.979999542236328,24.0,23.975000381469727,23.996000289916992,6807,0.0,0.0,0.0
2024-04-16 12:30:00-04:00,23.989999771118164,23.989999771118164,23.95989990234375,23.95989990234375,13309,0.0,0.0,0.0
2024-04-16 13:30:00-04:00,23.940000534057617,23.99370002746582,23.940000534057617,23.97330093383789,12695,0.0,0.0,0.0
2024-04-16 14:30:00-04:00,23.989999771118164,24.0,23.969999313354492,23.9960994720459,28580,0.0,0.0,0.0
2024-04-16 15:30:00-04:00,23.9950008392334,24.0,23.979999542236328,23.989999771118164,7235,0.0,0.0,0.0
2024-04-17 09:30:00-04:00,24.100000381469727,24.100000381469727,24.046100616455078,24.079999923706055,0,0.0,0.0,0.0
2024-04-17 10:30:00-04:00,24.079999923706055,24.100000381469727,24.06089973449707,24.06999969482422,5701,0.0,0.0,0.0
2024-04-17 11:30:00-04:00,24.06999969482422,24.100000381469727,24.065000534057617,24.09000015258789,12691,0.0,0.0,0.0
2024-04-17 12:30:00-04:00,24.09000015258789,24.1299991607666,24.08009910583496,24.108200073242188,4557,0.0,0.0,0.0
2024-04-17 13:30:00-04:00,24.104999542236328,24.149999618530273,24.104999542236328,24.1299991607666,12106,0.0,0.0,0.0
2024-04-17 14:30:00-04:00,24.1299991607666,24.13960075378418,24.110000610351562,24.114999771118164,13274,0.0,0.0,0.0
2024-04-17 15:30:00-04:00,24.110000610351562,24.1200008392334,24.09000015258789,24.1200008392334,6780,0.0,0.0,0.0
2024-04-18 09:30:00-04:00,24.1200008392334,24.1200008392334,24.053300857543945,24.079999923706055,24376,0.0,0.0,0.0
2024-04-18 10:30:00-04:00,24.079999923706055,24.09000015258789,24.065200805664062,24.06999969482422,9232,0.0,0.0,0.0
2024-04-18 11:30:00-04:00,24.05620002746582,24.06999969482422,24.050100326538086,24.06999969482422,6912,0.0,0.0,0.0
2024-04-18 12:30:00-04:00,24.069700241088867,24.069700241088867,24.031400680541992,24.031400680541992,9677,0.0,0.0,0.0
2024-04-18 13:30:00-04:00,24.045000076293945,24.04990005493164,24.030000686645508,24.040000915527344,14009,0.0,0.0,0.0
2024-04-18 14:30:00-04:00,24.040300369262695,24.05500030517578,24.03499984741211,24.049999237060547,15965,0.0,0.0,0.0
2024-04-18 15:30:00-04:00,24.05190086364746,24.069900512695312,24.050100326538086,24.059999465942383,7398,0.0,0.0,0.0
2024-04-19 09:30:00-04:00,24.1299991607666,24.1299991607666,24.07900047302246,24.079999923706055,0,0.0,0.0,0.0
2024-04-19 10:30:00-04:00,24.09000015258789,24.110000610351562,24.075000762939453,24.110000610351562,17378,0.0,0.0,0.0
2024-04-19 11:30:00-04:00,24.109899520874023,24.1200008392334,24.084999084472656,24.084999084472656,20705,0.0,0.0,0.0
2024-04-19 12:30:00-04:00,24.100000381469727,24.100000381469727,24.0762996673584,24.0762996673584,25670,0.0,0.0,0.0
2024-04-19 13:30:00-04:00,24.079999923706055,24.100000381469727,24.075000762939453,24.100000381469727,3765,0.0,0.0,0.0
2024-04-19 14:30:00-04:00,24.094999313354492,24.100000381469727,24.088499069213867,24.088499069213867,5537,0.0,0.0,0.0
2024-04-19 15:30:00-04:00,24.09000015258789,24.09000015258789,24.079999923706055,24.079999923706055,5824,0.0,0.0,0.0
2024-04-22 09:30:00-04:00,24.079999923706055,24.09000015258789,24.070100784301758,24.07069969177246,0,0.0,0.0,0.0
2024-04-22 10:30:00-04:00,24.073699951171875,24.1200008392334,24.073699951171875,24.110000610351562,5819,0.0,0.0,0.0
2024-04-22 11:30:00-04:00,24.110000610351562,24.1299991607666,24.110000610351562,24.1200008392334,1268432,0.0,0.0,0.0
2024-04-22 12:30:00-04:00,24.125,24.1299991607666,24.1200008392334,24.1299991607666,13624,0.0,0.0,0.0
2024-04-22 13:30:00-04:00,24.125,24.1299991607666,24.114999771118164,24.1200008392334,18811,0.0,0.0,0.0
2024-04-22 14:30:00-04:00,24.114999771118164,24.139999389648438,24.11009979248047,24.139999389648438,41355,0.0,0.0,0.0
2024-04-22 15:30:00-04:00,24.139999389648438,24.139999389648438,24.13010025024414,24.135000228881836,9098,0.0,0.0,0.0
2024-04-23 09:30:00-04:00,24.1299991607666,24.229999542236328,24.09000015258789,24.225000381469727,0,0.0,0.0,0.0
2024-04-23 10:30:00-04:00,24.219999313354492,24.229999542236328,24.209999084472656,24.209999084472656,9602,0.0,0.0,0.0
2024-04-23 11:30:00-04:00,24.2101993560791,24.225000381469727,24.204999923706055,24.225000381469727,6669,0.0,0.0,0.0
2024-04-23 12:30:00-04:00,24.219999313354492,24.25,24.21500015258789,24.21500015258789,7067,0.0,0.0,0.0
2024-04-23 13:30:00-04:00,24.209999084472656,24.219999313354492,24.202899932861328,24.209999084472656,4165,0.0,0.0,0.0
2024-04-23 14:30:00-04:00,24.209999084472656,24.209999084472656,24.184999465942383,24.184999465942383,18742,0.0,0.0,0.0
2024-04-23 15:30:00-04:00,24.184999465942383,24.184999465942383,24.170000076293945,24.18000030517578,20419,0.0,0.0,0.0
2024-04-24 09:30:00-04:00,24.18000030517578,24.18000030517578,24.06999969482422,24.079999923706055,0,0.0,0.0,0.0
2024-04-24 10:30:00-04:00,24.059999465942383,24.09000015258789,24.040000915527344,24.075000762939453,13423,0.0,0.0,0.0
2024-04-24 11:30:00-04:00,24.09000015258789,24.09000015258789,24.075000762939453,24.09000015258789,3779,0.0,0.0,0.0
2024-04-24 12:30:00-04:00,24.09000015258789,24.104999542236328,24.09000015258789,24.094999313354492,2781,0.0,0.0,0.0
2024-04-24 13:30:00-04:00,24.09000015258789,24.09000015258789,24.07349967956543,24.09000015258789,6092,0.0,0.0,0.0
2024-04-24 14:30:00-04:00,24.079999923706055,24.100000381469727,24.073299407958984,24.100000381469727,5863,0.0,0.0,0.0
2024-04-24 15:30:00-04:00,24.09950065612793,24.110000610351562,24.074800491333008,24.110000610351562,5829,0.0,0.0,0.0
2024-04-25 09:30:00-04:00,24.030000686645508,24.030000686645508,23.93000030517578,23.979999542236328,0,0.0,0.0,0.0
2024-04-25 10:30:00-04:00,23.979999542236328,24.0,23.969999313354492,23.989999771118164,11440,0.0,0.0,0.0
2024-04-25 11:30:00-04:00,24.0049991607666,24.020000457763672,24.0,24.014999389648438,6533,0.0,0.0,0.0
2024-04-25 12:30:00-04:00,24.020000457763672,24.040000915527344,24.020000457763672,24.030000686645508,22481,0.0,0.0,0.0
2024-04-25 13:30:00-04:00,24.030000686645508,24.040000915527344,24.020000457763672,24.030000686645508,5414,0.0,0.0,0.0
2024-04-25 14:30:00-04:00,24.020000457763672,24.045000076293945,24.020000457763672,24.045000076293945,11015,0.0,0.0,0.0
2024-04-25 15:30:00-04:00,24.049999237060547,24.049999237060547,24.030000686645508,24.030000686645508,6642,0.0,0.0,0.0
2024-04-26 09:30:00-04:00,24.100000381469727,24.139999389648438,24.100000381469727,24.1200008392334,0,0.0,0.0,0.0
2024-04-26 10:30:00-04:00,24.1299991607666,24.1299991607666,24.100000381469727,24.104999542236328,5429,0.0,0.0,0.0
2024-04-26 11:30:00-04:00,24.11949920654297,24.11989974975586,24.09000015258789,24.100000381469727,4783,0.0,0.0,0.0
2024-04-26 12:30:00-04:00,24.11079978942871,24.1200008392334,24.09000015258789,24.100000381469727,3753,0.0,0.0,0.0
2024-04-26 13:30:00-04:00,24.108999252319336,24.110000610351562,24.09000015258789,24.093299865722656,3796,0.0,0.0,0.0
2024-04-26 14:30:00-04:00,24.10569953918457,24.110000610351562,24.09000015258789,24.09000015258789,6790,0.0,0.0,0.0
2024-04-26 15:30:00-04:00,24.090099334716797,24.110000610351562,24.090099334716797,24.100000381469727,5383,0.0,0.0,0.0
2024-04-29 09:30:00-04:00,24.170000076293945,24.200000762939453,24.136600494384766,24.175500869750977,167272,0.0,0.0,0.0
2024-04-29 10:30:00-04:00,24.18000030517578,24.219999313354492,24.170000076293945,24.204999923706055,26467,0.0,0.0,0.0
2024-04-29 11:30:00-04:00,24.190000534057617,24.20599937438965,24.18000030517578,24.190000534057617,5904,0.0,0.0,0.0
2024-04-29 12:30:00-04:00,24.190000534057617,24.209999084472656,24.190000534057617,24.19099998474121,5586,0.0,0.0,0.0
2024-04-29 13:30:00-04:00,24.19099998474121,24.209999084472656,24.190000534057617,24.19099998474121,14539,0.0,0.0,0.0
2024-04-29 14:30:00-04:00,24.190000534057617,24.219999313354492,24.174999237060547,24.18000030517578,32562,0.0,0.0,0.0
2024-04-29 15:30:00-04:00,24.18000030517578,24.190000534057617,24.172700881958008,24.18000030517578,9882,0.0,0.0,0.0
2024-04-30 09:30:00-04:00,24.139999389648438,24.15999984741211,24.10759925842285,24.139999389648438,0,0.0,0.0,0.0
2024-04-30 10:30:00-04:00,24.139999389648438,24.149999618530273,24.1200008392334,24.125,11251,0.0,0.0,0.0
2024-04-30 11:30:00-04:00,24.139999389648438,24.149999618530273,24.120100021362305,24.139999389648438,26922,0.0,0.0,0.0
2024-04-30 12:30:00-04:00,24.1200008392334,24.129899978637695,24.100000381469727,24.129600524902344,4037,0.0,0.0,0.0
2024-04-30 13:30:00-04:00,24.1299991607666,24.1299991607666,24.100099563598633,24.100099563598633,7548,0.0,0.0,0.0
2024-04-30 14:30:00-04:00,24.114999771118164,24.114999771118164,24.070100784301758,24.070100784301758,7189,0.0,0.0,0.0
2024-04-30 15:30:00-04:00,24.092300415039062,24.100000381469727,24.06999969482422,24.09000015258789,8055,0.0,0.0,0.0
2024-05-01 09:30:00-04:00,24.1200008392334,24.1200008392334,24.010000228881836,24.049999237060547,288755,0.0,0.0,0.0
2024-05-01 10:30:00-04:00,24.049999237060547,24.049999237060547,24.020000457763672,24.030000686645508,9851,0.0,0.0,0.0
2024-05-01 11:30:00-04:00,24.030000686645508,24.049999237060547,24.020000457763672,24.02090072631836,21905,0.0,0.0,0.0
2024-05-01 12:30:00-04:00,24.02090072631836,24.03420066833496,24.020000457763672,24.030000686645508,7509,0.0,0.0,0.0
2024-05-01 13:30:00-04:00,24.030000686645508,24.06999969482422,24.020000457763672,24.065500259399414,20678,0.0,0.0,0.0
2024-05-01 14:30:00-04:00,24.059999465942383,24.16469955444336,24.05500030517578,24.09000015258789,29137,0.0,0.0,0.0
2024-05-01 15:30:00-04:00,24.1299991607666,24.1299991607666,24.08009910583496,24.09000015258789,4665,0.0,0.0,0.0
2024-05-02 09:30:00-04:00,24.190000534057617,24.190000534057617,24.06999969482422,24.079999923706055,354260,0.0,0.0,0.0
2024-05-02 10:30:00-04:00,24.100000381469727,24.145000457763672,24.090999603271484,24.141000747680664,19379,0.0,0.0,0.0
2024-05-02 11:30:00-04:00,24.139999389648438,24.179899215698242,24.1299991607666,24.174999237060547,14959,0.0,0.0,0.0
2024-05-02 12:30:00-04:00,24.170000076293945,24.190000534057617,24.170000076293945,24.184999465942383,27077,0.0,0.0,0.0
2024-05-02 13:30:00-04:00,24.19499969482422,24.209999084472656,24.18000030517578,24.204999923706055,40236,0.0,0.0,0.0
2024-05-02 14:30:00-04:00,24.209999084472656,24.229999542236328,24.200000762939453,24.200000762939453,23900,0.0,0.0,0.0
2024-05-02 15:30:00-04:00,24.21500015258789,24.21980094909668,24.20210075378418,24.21500015258789,12626,0.0,0.0,0.0
2024-05-03 09:30:00-04:00,24.440000534057617,24.440000534057617,24.299999237060547,24.299999237060547,0,0.0,0.0,0.0
2024-05-03 10:30:00-04:00,24.302200317382812,24.319799423217773,24.280000686645508,24.31089973449707,14800,0.0,0.0,0.0
2024-05-03 11:30:00-04:00,24.31999969482422,24.354999542236328,24.31999969482422,24.34000015258789,9275,0.0,0.0,0.0
2024-05-03 12:30:00-04:00,24.34000015258789,24.344999313354492,24.329999923706055,24.34000015258789,31808,0.0,0.0,0.0
2024-05-03 13:30:00-04:00,24.34000015258789,24.3799991607666,24.334999084472656,24.354999542236328,29114,0.0,0.0,0.0
2024-05-03 14:30:00-04:00,24.350000381469727,24.375,24.34000015258789,24.367300033569336,14151,0.0,0.0,0.0
2024-05-03 15:30:00-04:00,24.3700008392334,24.3799991607666,24.35849952697754,24.3799991607666,15424,0.0,0.0,0.0
2024-05-06 09:30:00-04:00,24.459999084472656,24.459999084472656,24.352399826049805,24.390100479125977,0,0.0,0.0,0.0
2024-05-06 10:30:00-04:00,24.399999618530273,24.405000686645508,24.37070083618164,24.37070083618164,9062,0.0,0.0,0.0
2024-05-06 11:30:00-04:00,24.37820053100586,24.389999389648438,24.375,24.385000228881836,8557,0.0,0.0,0.0
2024-05-06 12:30:00-04:00,24.385000228881836,24.389999389648438,24.37310028076172,24.385000228881836,76685,0.0,0.0,0.0
2024-05-06 13:30:00-04:00,24.389999389648438,24.40999984741211,24.389999389648438,24.405000686645508,4622,0.0,0.0,0.0
2024-05-06 14:30:00-04:00,24.405000686645508,24.407800674438477,24.389999389648438,24.399900436401367,12118,0.0,0.0,0.0
2024-05-06 15:30:00-04:00,24.395000457763672,24.40999984741211,24.390100479125977,24.409700393676758,8642,0.0,0.0,0.0
2024-05-07 09:30:00-04:00,24.520000457763672,24.520000457763672,24.450000762939453,24.469999313354492,0,0.0,0.0,0.0
2024-05-07 10:30:00-04:00,24.462099075317383,24.479999542236328,24.462099075317383,24.479999542236328,18477,0.0,0.0,0.0
2024-05-07 11:30:00-04:00,24.475000381469727,24.489999771118164,24.469999313354492,24.478200912475586,15126,0.0,0.0,0.0
2024-05-07 12:30:00-04:00,24.475000381469727,24.479999542236328,24.45989990234375,24.459999084472656,11937,0.0,0.0,0.0
2024-05-07 13:30:00-04:00,24.469999313354492,24.469999313354492,24.431800842285156,24.431800842285156,5564,0.0,0.0,0.0
2024-05-07 14:30:00-04:00,24.43000030517578,24.43000030517578,24.40999984741211,24.415000915527344,22848,0.0,0.0,0.0
2024-05-07 15:30:00-04:00,24.41990089416504,24.429899215698242,24.400100708007812,24.424999237060547,11950,0.0,0.0,0.0
2024-05-08 09:30:00-04:00,24.399999618530273,24.399999618530273,24.360000610351562,24.3799991607666,0,0.0,0.0,0.0
2024-05-08 10:30:00-04:00,24.3799991607666,24.385000228881836,24.360000610351562,24.3700008392334,13660,0.0,0.0,0.0
2024-05-08 11:30:00-04:00,24.3700008392334,24.389999389648438,24.3700008392334,24.375,20697,0.0,0.0,0.0
2024-05-08 12:30:00-04:00,24.375,24.389999389648438,24.364999771118164,24.364999771118164,4721,0.0,0.0,0.0
2024-05-08 13:30:00-04:00,24.364999771118164,24.3799991607666,24.364999771118164,24.3700008392334,11884,0.0,0.0,0.0
2024-05-08 14:30:00-04:00,24.3700008392334,24.3700008392334,24.35059928894043,24.364999771118164,10070,0.0,0.0,0.0
2024-05-08 15:30:00-04:00,24.364999771118164,24.3700008392334,24.360000610351562,24.364999771118164,18952,0.0,0.0,0.0
2024-05-09 09:30:00-04:00,24.3799991607666,24.3799991607666,24.320100784301758,24.33989906311035,129326,0.0,0.0,0.0
2024-05-09 10:30:00-04:00,24.350000381469727,24.3700008392334,24.349899291992188,24.360000610351562,9481,0.0,0.0,0.0
2024-05-09 11:30:00-04:00,24.351499557495117,24.356399536132812,24.343900680541992,24.350000381469727,3324,0.0,0.0,0.0
2024-05-09 12:30:00-04:00,24.350000381469727,24.3700008392334,24.349700927734375,24.3700008392334,8444,0.0,0.0,0.0
2024-05-09 13:30:00-04:00,24.388099670410156,24.395000457763672,24.3799991607666,24.389999389648438,13226,0.0,0.0,0.0
2024-05-09 14:30:00-04:00,24.395000457763672,24.408100128173828,24.390100479125977,24.396299362182617,10120,0.0,0.0,0.0
2024-05-09 15:30:00-04:00,24.395000457763672,24.399999618530273,24.3799991607666,24.389999389648438,11718,0.0,0.0,0.0
2024-05-10 09:30:00-04:00,24.329999923706055,24.360000610351562,24.310100555419922,24.31999969482422,0,0.0,0.0,0.0
2024-05-10 10:30:00-04:00,24.315000534057617,24.321500778198242,24.309999465942383,24.31999969482422,7121,0.0,0.0,0.0
2024-05-10 11:30:00-04:00,24.317899703979492,24.320100784301758,24.30620002746582,24.30620002746582,13517,0.0,0.0,0.0
2024-05-10 12:30:00-04:00,24.309900283813477,24.309999465942383,24.300100326538086,24.309999465942383,89785,0.0,0.0,0.0
2024-05-10 13:30:00-04:00,24.319900512695312,24.34000015258789,24.30500030517578,24.309999465942383,124046,0.0,0.0,0.0
2024-05-10 14:30:00-04:00,24.309999465942383,24.31730079650879,24.300100326538086,24.30500030517578,12347,0.0,0.0,0.0
2024-05-10 15:30:00-04:00,24.307300567626953,24.31999969482422,24.304000854492188,24.31999969482422,10728,0.0,0.0,0.0
2024-05-13 09:30:00-04:00,24.3700008392334,24.399999618530273,24.3700008392334,24.399999618530273,0,0.0,0.0,0.0
2024-05-13 10:30:00-04:00,24.389999389648438,24.399999618530273,24.35110092163086,24.360000610351562,20321,0.0,0.0,0.0
2024-05-13 11:30:00-04:00,24.360000610351562,24.3700008392334,24.350000381469727,24.3700008392334,8200,0.0,0.0,0.0
2024-05-13 12:30:00-04:00,24.3700008392334,24.3700008392334,24.360599517822266,24.3700008392334,3532,0.0,0.0,0.0
2024-05-13 13:30:00-04:00,24.3700008392334,24.3700008392334,24.361499786376953,24.3700008392334,6786,0.0,0.0,0.0
2024-05-13 14:30:00-04:00,24.364999771118164,24.3700008392334,24.350099563598633,24.354999542236328,12558,0.0,0.0,0.0
2024-05-13 15:30:00-04:00,24.354999542236328,24.360000610351562,24.344999313354492,24.350000381469727,15746,0.0,0.0,0.0
2024-05-14 09:30:00-04:00,24.420000076293945,24.420000076293945,24.3700008392334,24.385000228881836,12539,0.0,0.0,0.0
2024-05-14 10:30:00-04:00,24.393800735473633,24.40999984741211,24.388500213623047,24.389999389648438,9668,0.0,0.0,0.0
2024-05-14 11:30:00-04:00,24.3799991607666,24.385000228881836,24.371599197387695,24.385000228881836,0,0.0,0.0,0.0
2024-05-14 12:30:00-04:00,24.389999389648438,24.40999984741211,24.389999389648438,24.399900436401367,41890,0.0,0.0,0.0
2024-05-14 13:30:00-04:00,24.399999618530273,24.420000076293945,24.390100479125977,24.420000076293945,2353,0.0,0.0,0.0
2024-05-14 14:30:00-04:00,24.4197998046875,24.43000030517578,24.402099609375,24.41010093688965,21785,0.0,0.0,0.0
2024-05-14 15:30:00-04:00,24.40999984741211,24.40999984741211,24.401500701904297,24.405000686645508,7198,0.0,0.0,0.0
2024-05-15 09:30:00-04:00,24.549999237060547,24.56999969482422,24.51110076904297,24.530000686645508,16369,0.0,0.0,0.0
2024-05-15 10:30:00-04:00,24.5408992767334,24.56999969482422,24.5408992767334,24.565000534057617,5724,0.0,0.0,0.0
2024-05-15 11:30:00-04:00,24.565000534057617,24.56999969482422,24.552499771118164,24.56999969482422,6177,0.0,0.0,0.0
2024-05-15 12:30:00-04:00,24.576200485229492,24.600000381469727,24.576200485229492,24.594999313354492,12031,0.0,0.0,0.0
2024-05-15 13:30:00-04:00,24.5939998626709,24.600000381469727,24.580400466918945,24.584999084472656,7867,0.0,0.0,0.0
2024-05-15 14:30:00-04:00,24.588199615478516,24.59000015258789,24.569900512695312,24.56999969482422,11694,0.0,0.0,0.0
2024-05-15 15:30:00-04:00,24.56999969482422,24.584999084472656,24.566299438476562,24.584999084472656,13687,0.0,0.0,0.0
2024-05-16 09:30:00-04:00,24.6299991607666,24.6299991607666,24.549999237060547,24.59000015258789,0,0.0,0.0,0.0
2024-05-16 10:30:00-04:00,24.59000015258789,24.600000381469727,24.579700469970703,24.585800170898438,7743,0.0,0.0,0.0
2024-05-16 11:30:00-04:00,24.59000015258789,24.59000015258789,24.561100006103516,24.565000534057617,12735,0.0,0.0,0.0
2024-05-16 12:30:00-04:00,24.56999969482422,24.56999969482422,24.56100082397461,24.569900512695312,4487,0.0,0.0,0.0
2024-05-16 13:30:00-04:00,24.56730079650879,24.56999969482422,24.55500030517578,24.55500030517578,14551,0.0,0.0,0.0
2024-05-16 14:30:00-04:00,24.55500030517578,24.565000534057617,24.549999237060547,24.55900001525879,8207,0.0,0.0,0.0
2024-05-16 15:30:00-04:00,24.559999465942383,24.569900512695312,24.55109977722168,24.55500030517578,11561,0.0,0.0,0.0
2024-05-17 09:30:00-04:00,24.559999465942383,24.559999465942383,24.510000228881836,24.53499984741211,0,0.0,0.0,0.0
2024-05-17 10:30:00-04:00,24.53499984741211,24.55500030517578,24.530000686645508,24.530000686645508,8033,0.0,0.0,0.0
2024-05-17 11:30:00-04:00,24.524999618530273,24.530000686645508,24.52090072631836,24.524999618530273,11247,0.0,0.0,0.0
2024-05-17 12:30:00-04:00,24.524999618530273,24.530000686645508,24.520000457763672,24.520000457763672,12124,0.0,0.0,0.0
2024-05-17 13:30:00-04:00,24.518299102783203,24.524999618530273,24.514999389648438,24.524999618530273,9799,0.0,0.0,0.0
2024-05-17 14:30:00-04:00,24.520000457763672,24.524999618530273,24.510000228881836,24.514999389648438,20571,0.0,0.0,0.0
2024-05-17 15:30:00-04:00,24.514999389648438,24.520000457763672,24.514999389648438,24.520000457763672,7423,0.0,0.0,0.0
2024-05-20 09:30:00-04:00,24.3799991607666,24.5,24.3799991607666,24.489999771118164,0,0.0,0.0,0.0
2024-05-20 10:30:00-04:00,24.489999771118164,24.5,24.489999771118164,24.489999771118164,12589,0.0,0.0,0.0
2024-05-20 11:30:00-04:00,24.489999771118164,24.49839973449707,24.489999771118164,24.489999771118164,3433,0.0,0.0,0.0
2024-05-20 12:30:00-04:00,24.498199462890625,24.5,24.489999771118164,24.4950008392334,8345,0.0,0.0,0.0
2024-05-20 13:30:00-04:00,24.5,24.530000686645508,24.5,24.5049991607666,34656,0.0,0.0,0.0
2024-05-20 14:30:00-04:00,24.5049991607666,24.508100509643555,24.5,24.5,8416,0.0,0.0,0.0
2024-05-20 15:30:00-04:00,24.5049991607666,24.5049991607666,24.489999771118164,24.489999771118164,5086,0.0,0.0,0.0
2024-05-21 09:30:00-04:00,24.600000381469727,24.600000381469727,24.530000686645508,24.530000686645508,0,0.0,0.0,0.0
2024-05-21 10:30:00-04:00,24.530000686645508,24.53499984741211,24.514999389648438,24.530000686645508,19787,0.0,0.0,0.0
2024-05-21 11:30:00-04:00,24.530000686645508,24.540000915527344,24.520099639892578,24.53499984741211,19841,0.0,0.0,0.0
2024-05-21 12:30:00-04:00,24.530000686645508,24.540000915527344,24.530000686645508,24.530000686645508,5448,0.0,0.0,0.0
2024-05-21 13:30:00-04:00,24.530000686645508,24.540000915527344,24.530000686645508,24.530000686645508,8819,0.0,0.0,0.0
2024-05-21 14:30:00-04:00,24.530000686645508,24.53499984741211,24.510000228881836,24.524999618530273,16313,0.0,0.0,0.0
2024-05-21 15:30:00-04:00,24.524999618530273,24.53499984741211,24.524999618530273,24.530000686645508,6522,0.0,0.0,0.0
2024-05-22 09:30:00-04:00,24.450000762939453,24.4950008392334,24.450000762939453,24.4950008392334,0,0.0,0.0,0.0
2024-05-22 10:30:00-04:00,24.490100860595703,24.525400161743164,24.489999771118164,24.5049991607666,3352,0.0,0.0,0.0
2024-05-22 11:30:00-04:00,24.514999389648438,24.520000457763672,24.501100540161133,24.518299102783203,12869,0.0,0.0,0.0
2024-05-22 12:30:00-04:00,24.510000228881836,24.518299102783203,24.510000228881836,24.510000228881836,5200,0.0,0.0,0.0
2024-05-22 13:30:00-04:00,24.510000228881836,24.510000228881836,24.479999542236328,24.485000610351562,7606,0.0,0.0,0.0
2024-05-22 14:30:00-04:00,24.489999771118164,24.489999771118164,24.47100067138672,24.489999771118164,8259,0.0,0.0,0.0
2024-05-22 15:30:00-04:00,24.4822998046875,24.5,24.48110008239746,24.489999771118164,0,0.0,0.0,0.0
2024-05-23 09:30:00-04:00,24.549999237060547,24.549999237060547,24.389999389648438,24.389999389648438,9752,0.0,0.0,0.0
2024-05-23 10:30:00-04:00,24.399999618530273,24.400100708007812,24.381999969482422,24.381999969482422,5667,0.0,0.0,0.0
2024-05-23 11:30:00-04:00,24.399999618530273,24.420000076293945,24.396299362182617,24.420000076293945,10320,0.0,0.0,0.0
2024-05-23 12:30:00-04:00,24.415000915527344,24.429800033569336,24.405000686645508,24.420000076293945,11226,0.0,0.0,0.0
2024-05-23 13:30:00-04:00,24.42169952392578,24.43000030517578,24.40999984741211,24.424999237060547,6274,0.0,0.0,0.0
2024-05-23 14:30:00-04:00,24.424999237060547,24.424999237060547,24.40999984741211,24.411699295043945,39403,0.0,0.0,0.0
2024-05-23 15:30:00-04:00,24.415000915527344,24.41990089416504,24.40999984741211,24.40999984741211,11290,0.0,0.0,0.0
2024-05-24 09:30:00-04:00,24.360000610351562,24.440000534057617,24.360000610351562,24.434999465942383,0,0.0,0.0,0.0
2024-05-24 10:30:00-04:00,24.43000030517578,24.454999923706055,24.4237003326416,24.45009994506836,7919,0.0,0.0,0.0
2024-05-24 11:30:00-04:00,24.450000762939453,24.450000762939453,24.434999465942383,24.44499969482422,5244,0.0,0.0,0.0
2024-05-24 12:30:00-04:00,24.440000534057617,24.459999084472656,24.440000534057617,24.454999923706055,6132,0.0,0.0,0.0
2024-05-24 13:30:00-04:00,24.454999923706055,24.469900131225586,24.45009994506836,24.469900131225586,4321,0.0,0.0,0.0
2024-05-24 14:30:00-04:00,24.469999313354492,24.469999313354492,24.450000762939453,24.45330047607422,1685,0.0,0.0,0.0
2024-05-24 15:30:00-04:00,24.469999313354492,24.469999313354492,24.45989990234375,24.459999084472656,2655,0.0,0.0,0.0
2024-05-28 09:30:00-04:00,24.469999313354492,24.479999542236328,24.424999237060547,24.42569923400879,0,0.0,0.0,0.0
2024-05-28 10:30:00-04:00,24.415000915527344,24.43000030517578,24.415000915527344,24.424999237060547,16461,0.0,0.0,0.0
2024-05-28 11:30:00-04:00,24.420000076293945,24.420000076293945,24.400100708007812,24.400999069213867,13587,0.0,0.0,0.0
2024-05-28 12:30:00-04:00,24.405000686645508,24.405000686645508,24.3700008392334,24.3700008392334,7662,0.0,0.0,0.0
2024-05-28 13:30:00-04:00,24.364999771118164,24.3700008392334,24.350000381469727,24.350000381469727,9590,0.0,0.0,0.0
2024-05-28 14:30:00-04:00,24.350000381469727,24.350000381469727,24.34000015258789,24.347999572753906,23993,0.0,0.0,0.0
2024-05-28 15:30:00-04:00,24.344999313354492,24.350000381469727,24.34000015258789,24.34000015258789,8630,0.0,0.0,0.0
2024-05-29 09:30:00-04:00,24.360000610351562,24.360000610351562,24.2450008392334,24.25,0,0.0,0.0,0.0
2024-05-29 10:30:00-04:00,24.260000228881836,24.260000228881836,24.219999313354492,24.239999771118164,13862,0.0,0.0,0.0
2024-05-29 11:30:00-04:00,24.23390007019043,24.239999771118164,24.22130012512207,24.22920036315918,8276,0.0,0.0,0.0
2024-05-29 12:30:00-04:00,24.225000381469727,24.229999542236328,24.219999313354492,24.229999542236328,5143,0.0,0.0,0.0
2024-05-29 13:30:00-04:00,24.229999542236328,24.239999771118164,24.221900939941406,24.235000610351562,15508,0.0,0.0,0.0
2024-05-29 14:30:00-04:00,24.235000610351562,24.239999771118164,24.219999313354492,24.229999542236328,17414,0.0,0.0,0.0
2024-05-29 15:30:00-04:00,24.239999771118164,24.25,24.229999542236328,24.230100631713867,11863,0.0,0.0,0.0
2024-05-30 09:30:00-04:00,24.350000381469727,24.350000381469727,24.31800079345703,24.34000015258789,0,0.0,0.0,0.0
2024-05-30 10:30:00-04:00,24.33099937438965,24.354999542236328,24.33099937438965,24.354999542236328,6280,0.0,0.0,0.0
2024-05-30 11:30:00-04:00,24.350000381469727,24.364999771118164,24.350000381469727,24.360000610351562,4909,0.0,0.0,0.0
2024-05-30 12:30:00-04:00,24.36680030822754,24.369300842285156,24.360000610351562,24.360300064086914,3871,0.0,0.0,0.0
2024-05-30 13:30:00-04:00,24.367300033569336,24.3700008392334,24.350000381469727,24.354999542236328,11762,0.0,0.0,0.0
2024-05-30 14:30:00-04:00,24.354999542236328,24.354999542236328,24.340099334716797,24.350000381469727,22928,0.0,0.0,0.0
2024-05-30 15:30:00-04:00,24.354999542236328,24.364999771118164,24.350400924682617,24.364999771118164,10362,0.0,0.0,0.0
2024-05-31 09:30:00-04:00,24.459999084472656,24.469999313354492,24.450000762939453,24.469999313354492,0,0.0,0.0,0.0
2024-05-31 10:30:00-04:00,24.4689998626709,24.474199295043945,24.450000762939453,24.454999923706055,5445,0.0,0.0,0.0
2024-05-31 11:30:00-04:00,24.434999465942383,24.434999465942383,24.420000076293945,24.43000030517578,5121,0.0,0.0,0.0
2024-05-31 12:30:00-04:00,24.424999237060547,24.434999465942383,24.420000076293945,24.43000030517578,14672,0.0,0.0,0.0
2024-05-31 13:30:00-04:00,24.43000030517578,24.44499969482422,24.42009925842285,24.44499969482422,20083,0.0,0.0,0.0
2024-05-31 14:30:00-04:00,24.44499969482422,24.450000762939453,24.434999465942383,24.447900772094727,22274,0.0,0.0,0.0
2024-05-31 15:30:00-04:00,24.44499969482422,24.469999313354492,24.441200256347656,24.469999313354492,2695,0.0,0.0,0.0
2024-06-03 09:30:00-04:00,24.459999084472656,24.489999771118164,24.420000076293945,24.489999771118164,0,0.0,0.0,0.0
2024-06-03 10:30:00-04:00,24.469999313354492,24.489999771118164,24.459999084472656,24.489999771118164,1735,0.0,0.0,0.0
2024-06-03 11:30:00-04:00,24.489999771118164,24.489999771118164,24.470500946044922,24.479799270629883,5430,0.0,0.0,0.0
2024-06-03 12:30:00-04:00,24.479999542236328,24.5,24.479999542236328,24.489999771118164,4000,0.0,0.0,0.0
2024-06-03 13:30:00-04:00,24.489999771118164,24.5,24.485000610351562,24.5,9234,0.0,0.0,0.0
2024-06-03 14:30:00-04:00,24.5,24.5,24.489999771118164,24.49650001525879,19894,0.0,0.0,0.0
2024-06-03 15:30:00-04:00,24.4950008392334,24.5,24.479999542236328,24.5,0,0.0,0.0,0.0
2024-06-04 09:30:00-04:00,24.540000915527344,24.59469985961914,24.530099868774414,24.546899795532227,11571,0.0,0.0,0.0
2024-06-04 10:30:00-04:00,24.549999237060547,24.559999465942383,24.54129981994629,24.549999237060547,5202,0.0,0.0,0.0
2024-06-04 11:30:00-04:00,24.540000915527344,24.575000762939453,24.540000915527344,24.575000762939453,7622,0.0,0.0,0.0
2024-06-04 12:30:00-04:00,24.57040023803711,24.600000381469727,24.57040023803711,24.594999313354492,14552,0.0,0.0,0.0
2024-06-04 13:30:00-04:00,24.594999313354492,24.610000610351562,24.58989906311035,24.59000015258789,7436,0.0,0.0,0.0
2024-06-04 14:30:00-04:00,24.575000762939453,24.579999923706055,24.559999465942383,24.579999923706055,29178,0.0,0.0,0.0
2024-06-04 15:30:00-04:00,24.584999084472656,24.59000015258789,24.579999923706055,24.59000015258789,5673,0.0,0.0,0.0
2024-06-05 09:30:00-04:00,24.639999389648438,24.639999389648438,24.54170036315918,24.545000076293945,0,0.0,0.0,0.0
2024-06-05 10:30:00-04:00,24.600000381469727,24.639999389648438,24.579999923706055,24.639999389648438,6508,0.0,0.0,0.0
2024-06-05 11:30:00-04:00,24.635000228881836,24.65999984741211,24.624900817871094,24.631000518798828,17326,0.0,0.0,0.0
2024-06-05 12:30:00-04:00,24.639999389648438,24.649900436401367,24.627399444580078,24.627399444580078,7459,0.0,0.0,0.0
2024-06-05 13:30:00-04:00,24.625,24.639999389648438,24.625,24.63629913330078,30981,0.0,0.0,0.0
2024-06-05 14:30:00-04:00,24.639999389648438,24.65999984741211,24.631099700927734,24.655000686645508,10845,0.0,0.0,0.0
2024-06-05 15:30:00-04:00,24.65999984741211,24.670000076293945,24.649999618530273,24.670000076293945,8962,0.0,0.0,0.0
2024-06-06 09:30:00-04:00,24.670000076293945,24.670000076293945,24.6200008392334,24.6299991607666,0,0.0,0.0,0.0
2024-06-06 10:30:00-04:00,24.639999389648438,24.649999618530273,24.6299991607666,24.649999618530273,15724,0.0,0.0,0.0
2024-06-06 11:30:00-04:00,24.648300170898438,24.649999618530273,24.6299991607666,24.639699935913086,7385,0.0,0.0,0.0
2024-06-06 12:30:00-04:00,24.63010025024414,24.639999389648438,24.6299991607666,24.639999389648438,9123,0.0,0.0,0.0
2024-06-06 13:30:00-04:00,24.65999984741211,24.65999984741211,24.6427001953125,24.649999618530273,11971,0.0,0.0,0.0
2024-06-06 14:30:00-04:00,24.655000686645508,24.670000076293945,24.649999618530273,24.670000076293945,13984,0.0,0.0,0.0
2024-06-06 15:30:00-04:00,24.65999984741211,24.670000076293945,24.650100708007812,24.655000686645508,17255,0.0,0.0,0.0
2024-06-07 09:30:00-04:00,24.559999465942383,24.559999465942383,24.43090057373047,24.479999542236328,31448,0.0,0.0,0.0
2024-06-07 10:30:00-04:00,24.489700317382812,24.509899139404297,24.479999542236328,24.5,14164,0.0,0.0,0.0
2024-06-07 11:30:00-04:00,24.491899490356445,24.5,24.485000610351562,24.489999771118164,10833,0.0,0.0,0.0
2024-06-07 12:30:00-04:00,24.489999771118164,24.489999771118164,24.479999542236328,24.485200881958008,9792,0.0,0.0,0.0
2024-06-07 13:30:00-04:00,24.485000610351562,24.485000610351562,24.463699340820312,24.479999542236328,13190,0.0,0.0,0.0
2024-06-07 14:30:00-04:00,24.479999542236328,24.479999542236328,24.470500946044922,24.479799270629883,4156,0.0,0.0,0.0
2024-06-07 15:30:00-04:00,24.459999084472656,24.479999542236328,24.450000762939453,24.469999313354492,18172,0.0,0.0,0.0
2024-06-10 09:30:00-04:00,24.5,24.5,24.389999389648438,24.420000076293945,0,0.0,0.0,0.0
2024-06-10 10:30:00-04:00,24.40999984741211,24.40999984741211,24.399999618530273,24.40999984741211,17428,0.0,0.0,0.0
2024-06-10 11:30:00-04:00,24.410999298095703,24.420000076293945,24.40999984741211,24.40999984741211,21468,0.0,0.0,0.0
2024-06-10 12:30:00-04:00,24.415000915527344,24.415000915527344,24.390100479125977,24.391000747680664,7391,0.0,0.0,0.0
2024-06-10 13:30:00-04:00,24.391000747680664,24.40999984741211,24.391000747680664,24.405000686645508,11485,0.0,0.0,0.0
2024-06-10 14:30:00-04:00,24.402700424194336,24.420000076293945,24.402700424194336,24.40999984741211,7577,0.0,0.0,0.0
2024-06-10 15:30:00-04:00,24.415000915527344,24.420000076293945,24.40999984741211,24.410999298095703,9869,0.0,0.0,0.0
2024-06-11 09:30:00-04:00,24.41189956665039,24.440000534057617,24.40999984741211,24.434999465942383,4843,0.0,0.0,0.0
2024-06-11 10:30:00-04:00,24.43000030517578,24.434999465942383,24.420000076293945,24.42460060119629,18708,0.0,0.0,0.0
2024-06-11 11:30:00-04:00,24.42009925842285,24.43000030517578,24.42009925842285,24.424999237060547,3683,0.0,0.0,0.0
2024-06-11 12:30:00-04:00,24.424999237060547,24.469999313354492,24.413000106811523,24.469900131225586,4270,0.0,0.0,0.0
2024-06-11 13:30:00-04:00,24.46500015258789,24.4950008392334,24.46500015258789,24.4950008392334,36414,0.0,0.0,0.0
2024-06-11 14:30:00-04:00,24.5,24.510000228881836,24.490999221801758,24.510000228881836,13925,0.0,0.0,0.0
2024-06-11 15:30:00-04:00,24.519899368286133,24.519899368286133,24.5,24.510000228881836,4688,0.0,0.0,0.0
2024-06-12 09:30:00-04:00,24.670000076293945,24.739999771118164,24.670000076293945,24.739900588989258,0,0.0,0.0,0.0
2024-06-12 10:30:00-04:00,24.739999771118164,24.7549991607666,24.73200035095215,24.735000610351562,9560,0.0,0.0,0.0
2024-06-12 11:30:00-04:00,24.729999542236328,24.7549991607666,24.719999313354492,24.7450008392334,7863,0.0,0.0,0.0
2024-06-12 12:30:00-04:00,24.7450008392334,24.770000457763672,24.739999771118164,24.75,9017,0.0,0.0,0.0
2024-06-12 13:30:00-04:00,24.739999771118164,24.7450008392334,24.680999755859375,24.725000381469727,5349,0.0,0.0,0.0
2024-06-12 14:30:00-04:00,24.729999542236328,24.729999542236328,24.65999984741211,24.65999984741211,13911,0.0,0.0,0.0
2024-06-12 15:30:00-04:00,24.639999389648438,24.648399353027344,24.625,24.6299991607666,9270,0.0,0.0,0.0
2024-06-13 09:30:00-04:00,24.700000762939453,24.739999771118164,24.690000534057617,24.690000534057617,0,0.0,0.0,0.0
2024-06-13 10:30:00-04:00,24.68000030517578,24.709999084472656,24.674999237060547,24.709999084472656,7889,0.0,0.0,0.0
2024-06-13 11:30:00-04:00,24.71500015258789,24.7450008392334,24.71500015258789,24.73900032043457,7203,0.0,0.0,0.0
2024-06-13 12:30:00-04:00,24.729999542236328,24.780000686645508,24.719999313354492,24.760000228881836,13601,0.0,0.0,0.0
2024-06-13 13:30:00-04:00,24.75,24.760000228881836,24.725000381469727,24.735000610351562,12124,0.0,0.0,0.0
2024-06-13 14:30:00-04:00,24.735000610351562,24.75,24.729999542236328,24.7450008392334,15718,0.0,0.0,0.0
2024-06-13 15:30:00-04:00,24.739999771118164,24.75,24.739999771118164,24.7450008392334,15326,0.0,0.0,0.0
2024-06-14 09:30:00-04:00,24.770000457763672,24.770000457763672,24.719999313354492,24.7450008392334,0,0.0,0.0,0.0
2024-06-14 10:30:00-04:00,24.7450008392334,24.75,24.731800079345703,24.739900588989258,70544,0.0,0.0,0.0
2024-06-14 11:30:00-04:00,24.739999771118164,24.75,24.729999542236328,24.739999771118164,9953,0.0,0.0,0.0
2024-06-14 12:30:00-04:00,24.729999542236328,24.739999771118164,24.729999542236328,24.735000610351562,7876,0.0,0.0,0.0
2024-06-14 13:30:00-04:00,24.739999771118164,24.7450008392334,24.739900588989258,24.739999771118164,6823,0.0,0.0,0.0
2024-06-14 14:30:00-04:00,24.742700576782227,24.760000228881836,24.742700576782227,24.760000228881836,23193,0.0,0.0,0.0
2024-06-14 15:30:00-04:00,24.760000228881836,24.760000228881836,24.750099182128906,24.760000228881836,3340,0.0,0.0,0.0
2024-06-17 09:30:00-04:00,24.739999771118164,24.739999771118164,24.625,24.63010025024414,0,0.0,0.0,0.0
2024-06-17 10:30:00-04:00,24.635000228881836,24.649999618530273,24.6299991607666,24.649999618530273,13157,0.0,0.0,0.0
2024-06-17 11:30:00-04:00,24.649999618530273,24.65999984741211,24.6299991607666,24.655000686645508,9339,0.0,0.0,0.0
2024-06-17 12:30:00-04:00,24.659900665283203,24.668100357055664,24.659900665283203,24.65999984741211,3835,0.0,0.0,0.0
2024-06-17 13:30:00-04:00,24.66010093688965,24.68000030517578,24.66010093688965,24.674999237060547,18680,0.0,0.0,0.0
2024-06-17 14:30:00-04:00,24.674999237060547,24.674999237060547,24.65399932861328,24.65399932861328,16442,0.0,0.0,0.0
2024-06-17 15:30:00-04:00,24.65999984741211,24.670000076293945,24.655000686645508,24.665000915527344,10625,0.0,0.0,0.0
2024-06-18 09:30:00-04:00,24.760000228881836,24.760000228881836,24.701000213623047,24.719999313354492,0,0.0,0.0,0.0
2024-06-18 10:30:00-04:00,24.719999313354492,24.739999771118164,24.71500015258789,24.729999542236328,22719,0.0,0.0,0.0
2024-06-18 11:30:00-04:00,24.729999542236328,24.760000228881836,24.729999542236328,24.7549991607666,8426,0.0,0.0,0.0
2024-06-18 12:30:00-04:00,24.7549991607666,24.809999465942383,24.75,24.75,21842,0.0,0.0,0.0
2024-06-18 13:30:00-04:00,24.75,24.760000228881836,24.739999771118164,24.739999771118164,17785,0.0,0.0,0.0
2024-06-18 14:30:00-04:00,24.7450008392334,24.764999389648438,24.739999771118164,24.76099967956543,15396,0.0,0.0,0.0
2024-06-18 15:30:00-04:00,24.760499954223633,24.770000457763672,24.760000228881836,24.764999389648438,15766,0.0,0.0,0.0
2024-06-20 09:30:00-04:00,24.649999618530273,24.674999237060547,24.639999389648438,24.670000076293945,0,0.0,0.0,0.0
2024-06-20 10:30:00-04:00,24.65999984741211,24.670000076293945,24.645000457763672,24.670000076293945,15790,0.0,0.0,0.0
2024-06-20 11:30:00-04:00,24.670000076293945,24.68000030517578,24.660999298095703,24.68000030517578,6702,0.0,0.0,0.0
2024-06-20 12:30:00-04:00,24.68000030517578,24.690000534057617,24.670000076293945,24.680999755859375,14797,0.0,0.0,0.0
2024-06-20 13:30:00-04:00,24.684999465942383,24.700000762939453,24.68000030517578,24.700000762939453,11884,0.0,0.0,0.0
2024-06-20 14:30:00-04:00,24.70989990234375,24.70989990234375,24.690000534057617,24.69499969482422,13570,0.0,0.0,0.0
2024-06-20 15:30:00-04:00,24.69499969482422,24.700000762939453,24.690000534057617,24.69499969482422,9904,0.0,0.0,0.0
2024-06-21 09:30:00-04:00,24.75,24.75,24.67009925842285,24.679899215698242,0,0.0,0.0,0.0
2024-06-21 10:30:00-04:00,24.66010093688965,24.670000076293945,24.649999618530273,24.665000915527344,4011,0.0,0.0,0.0
2024-06-21 11:30:00-04:00,24.670000076293945,24.68000030517578,24.661399841308594,24.670000076293945,36932,0.0,0.0,0.0
2024-06-21 12:30:00-04:00,24.674999237060547,24.68000030517578,24.670000076293945,24.670000076293945,47536,0.0,0.0,0.0
2024-06-21 13:30:00-04:00,24.68000030517578,24.700000762939453,24.68000030517578,24.695199966430664,16464,0.0,0.0,0.0
2024-06-21 14:30:00-04:00,24.700000762939453,24.709999084472656,24.699899673461914,24.709999084472656,11836,0.0,0.0,0.0
2024-06-21 15:30:00-04:00,24.704999923706055,24.709999084472656,24.700000762939453,24.704999923706055,23623,0.0,0.0,0.0
2024-06-24 09:30:00-04:00,24.739999771118164,24.7450008392334,24.709999084472656,24.72100067138672,0,0.0,0.0,0.0
2024-06-24 10:30:00-04:00,24.732999801635742,24.739900588989258,24.709999084472656,24.7185001373291,15027,0.0,0.0,0.0
2024-06-24 11:30:00-04:00,24.719999313354492,24.726600646972656,24.700000762939453,24.709999084472656,346674,0.0,0.0,0.0
2024-06-24 12:30:00-04:00,24.709999084472656,24.72100067138672,24.709999084472656,24.711000442504883,9722,0.0,0.0,0.0
2024-06-24 13:30:00-04:00,24.712900161743164,24.732500076293945,24.711000442504883,24.732500076293945,20837,0.0,0.0,0.0
2024-06-24 14:30:00-04:00,24.725000381469727,24.739900588989258,24.719999313354492,24.725000381469727,19462,0.0,0.0,0.0
2024-06-24 15:30:00-04:00,24.7273006439209,24.729999542236328,24.71500015258789,24.719999313354492,15223,0.0,0.0,0.0
2024-06-25 09:30:00-04:00,24.65999984741211,24.728599548339844,24.65999984741211,24.719999313354492,0,0.0,0.0,0.0
2024-06-25 10:30:00-04:00,24.729999542236328,24.729999542236328,24.709999084472656,24.709999084472656,33576,0.0,0.0,0.0
2024-06-25 11:30:00-04:00,24.718900680541992,24.718900680541992,24.69499969482422,24.69499969482422,12790,0.0,0.0,0.0
2024-06-25 12:30:00-04:00,24.69499969482422,24.698200225830078,24.674999237060547,24.690000534057617,5371,0.0,0.0,0.0
2024-06-25 13:30:00-04:00,24.690000534057617,24.719900131225586,24.690000534057617,24.71500015258789,22397,0.0,0.0,0.0
2024-06-25 14:30:00-04:00,24.71500015258789,24.719999313354492,24.700000762939453,24.71500015258789,10696,0.0,0.0,0.0
2024-06-25 15:30:00-04:00,24.719999313354492,24.725000381469727,24.719900131225586,24.725000381469727,4040,0.0,0.0,0.0
2024-06-26 09:30:00-04:00,24.639999389648438,24.639999389648438,24.579999923706055,24.579999923706055,0,0.0,0.0,0.0
2024-06-26 10:30:00-04:00,24.579999923706055,24.59000015258789,24.56999969482422,24.584999084472656,13501,0.0,0.0,0.0
2024-06-26 11:30:00-04:00,24.579999923706055,24.604999542236328,24.579999923706055,24.600000381469727,7520,0.0,0.0,0.0
2024-06-26 12:30:00-04:00,24.604999542236328,24.6200008392334,24.600000381469727,24.610000610351562,8057,0.0,0.0,0.0
2024-06-26 13:30:00-04:00,24.610000610351562,24.610000610351562,24.59000015258789,24.59000015258789,4913,0.0,0.0,0.0
2024-06-26 14:30:00-04:00,24.59000015258789,24.609899520874023,24.59000015258789,24.600000381469727,12357,0.0,0.0,0.0
2024-06-26 15:30:00-04:00,24.600900650024414,24.604999542236328,24.600000381469727,24.604999542236328,15118,0.0,0.0,0.0
2024-06-27 09:30:00-04:00,24.65999984741211,24.670000076293945,24.649999618530273,24.65999984741211,0,0.0,0.0,0.0
2024-06-27 10:30:00-04:00,24.65999984741211,24.670000076293945,24.639999389648438,24.639999389648438,33310,0.0,0.0,0.0
2024-06-27 11:30:00-04:00,24.645000457763672,24.658199310302734,24.639999389648438,24.639999389648438,10247,0.0,0.0,0.0
2024-06-27 12:30:00-04:00,24.639999389648438,24.670000076293945,24.639999389648438,24.65999984741211,45533,0.0,0.0,0.0
2024-06-27 13:30:00-04:00,24.65999984741211,24.670000076293945,24.649999618530273,24.659900665283203,19300,0.0,0.0,0.0
2024-06-27 14:30:00-04:00,24.655000686645508,24.6697998046875,24.639999389648438,24.649999618530273,30025,0.0,0.0,0.0
2024-06-27 15:30:00-04:00,24.649999618530273,24.655000686645508,24.639999389648438,24.639999389648438,25540,0.0,0.0,0.0
2024-06-28 09:30:00-04:00,24.700000762939453,24.71500015258789,24.670000076293945,24.670000076293945,0,0.0,0.0,0.0
2024-06-28 10:30:00-04:00,24.68000030517578,24.684999465942383,24.599899291992188,24.614999771118164,15540,0.0,0.0,0.0
2024-06-28 11:30:00-04:00,24.6200008392334,24.625,24.575000762939453,24.575000762939453,11198,0.0,0.0,0.0
2024-06-28 12:30:00-04:00,24.56999969482422,24.579999923706055,24.559999465942383,24.579999923706055,3281,0.0,0.0,0.0
2024-06-28 13:30:00-04:00,24.584999084472656,24.604999542236328,24.56999969482422,24.600000381469727,14172,0.0,0.0,0.0
2024-06-28 14:30:00-04:00,24.604999542236328,24.604999542236328,24.559999465942383,24.575000762939453,14723,0.0,0.0,0.0
2024-06-28 15:30:00-04:00,24.56999969482422,24.5762996673584,24.53499984741211,24.53499984741211,12262,0.0,0.0,0.0
2024-07-01 09:30:00-04:00,24.399999618530273,24.440000534057617,24.340999603271484,24.340999603271484,0,0.0,0.0,0.0
2024-07-01 10:30:00-04:00,24.3700008392334,24.379899978637695,24.31100082397461,24.31999969482422,7406,0.0,0.0,0.0
2024-07-01 11:30:00-04:00,24.329999923706055,24.34000015258789,24.301000595092773,24.32979965209961,6879,0.0,0.0,0.0
2024-07-01 12:30:00-04:00,24.31100082397461,24.34000015258789,24.309999465942383,24.34000015258789,4987,0.0,0.0,0.0
2024-07-01 13:30:00-04:00,24.34000015258789,24.34000015258789,24.309999465942383,24.309999465942383,6836,0.0,0.0,0.0
2024-07-01 14:30:00-04:00,24.329999923706055,24.34000015258789,24.309999465942383,24.309999465942383,34876,0.0,0.0,0.0
2024-07-01 15:30:00-04:00,24.31999969482422,24.329999923706055,24.309999465942383,24.309999465942383,8441,0.0,0.0,0.0
2024-07-02 09:30:00-04:00,24.479999542236328,24.514999389648438,24.37350082397461,24.389999389648438,0,0.0,0.0,0.0
2024-07-02 10:30:00-04:00,24.398099899291992,24.420000076293945,24.3799991607666,24.389999389648438,20439,0.0,0.0,0.0
2024-07-02 11:30:00-04:00,24.391000747680664,24.409799575805664,24.389999389648438,24.399999618530273,18459,0.0,0.0,0.0
2024-07-02 12:30:00-04:00,24.389999389648438,24.409900665283203,24.389999389648438,24.389999389648438,21578,0.0,0.0,0.0
2024-07-02 13:30:00-04:00,24.389999389648438,24.40999984741211,24.3799991607666,24.40999984741211,17461,0.0,0.0,0.0
2024-07-02 14:30:00-04:00,24.40999984741211,24.43000030517578,24.3799991607666,24.43000030517578,171930,0.0,0.0,0.0
2024-07-02 15:30:00-04:00,24.43000030517578,24.440000534057617,24.420000076293945,24.440000534057617,13589,0.0,0.0,0.0
2024-07-03 09:30:00-04:00,24.520000457763672,24.579700469970703,24.479999542236328,24.559999465942383,0,0.0,0.0,0.0
2024-07-03 10:30:00-04:00,24.55500030517578,24.584999084472656,24.549999237060547,24.575000762939453,16191,0.0,0.0,0.0
2024-07-03 11:30:00-04:00,24.575000762939453,24.575000762939453,24.551700592041016,24.55500030517578,9771,0.0,0.0,0.0
2024-07-03 12:30:00-04:00,24.559999465942383,24.579999923706055,24.553300857543945,24.579999923706055,3991,0.0,0.0,0.0
2024-07-05 09:30:00-04:00,24.670000076293945,24.670000076293945,24.631000518798828,24.649999618530273,0,0.0,0.0,0.0
2024-07-05 10:30:00-04:00,24.640100479125977,24.700000762939453,24.640100479125977,24.700000762939453,6331,0.0,0.0,0.0
2024-07-05 11:30:00-04:00,24.709999084472656,24.709999084472656,24.690000534057617,24.690000534057617,3070,0.0,0.0,0.0
2024-07-05 12:30:00-04:00,24.700000762939453,24.700000762939453,24.690000534057617,24.69499969482422,1729,0.0,0.0,0.0
2024-07-05 13:30:00-04:00,24.696300506591797,24.700000762939453,24.690000534057617,24.69499969482422,1583,0.0,0.0,0.0
2024-07-05 14:30:00-04:00,24.700000762939453,24.704999923706055,24.690000534057617,24.704999923706055,7159,0.0,0.0,0.0
2024-07-05 15:30:00-04:00,24.704999923706055,24.71500015258789,24.704999923706055,24.70989990234375,7173,0.0,0.0,0.0
2024-07-08 09:30:00-04:00,24.729999542236328,24.739999771118164,24.690000534057617,24.709999084472656,0,0.0,0.0,0.0
2024-07-08 10:30:00-04:00,24.711700439453125,24.719999313354492,24.70210075378418,24.70989990234375,6779,0.0,0.0,0.0
2024-07-08 11:30:00-04:00,24.704999923706055,24.725099563598633,24.700000762939453,24.725099563598633,6191,0.0,0.0,0.0
2024-07-08 12:30:00-04:00,24.71500015258789,24.735200881958008,24.709999084472656,24.735200881958008,5530,0.0,0.0,0.0
2024-07-08 13:30:00-04:00,24.739999771118164,24.739999771118164,24.719999313354492,24.725000381469727,19767,0.0,0.0,0.0
2024-07-08 14:30:00-04:00,24.725000381469727,24.735000610351562,24.719999313354492,24.725000381469727,15439,0.0,0.0,0.0
2024-07-08 15:30:00-04:00,24.725000381469727,24.729999542236328,24.709999084472656,24.719900131225586,0,0.0,0.0,0.0
2024-07-09 09:30:00-04:00,24.729999542236328,24.729999542236328,24.645700454711914,24.645700454711914,10226,0.0,0.0,0.0
2024-07-09 10:30:00-04:00,24.670000076293945,24.68000030517578,24.621000289916992,24.6299991607666,17845,0.0,0.0,0.0
2024-07-09 11:30:00-04:00,24.639999389648438,24.65999984741211,24.63010025024414,24.655000686645508,28758,0.0,0.0,0.0
2024-07-09 12:30:00-04:00,24.65180015563965,24.670000076293945,24.649999618530273,24.65999984741211,82642,0.0,0.0,0.0
2024-07-09 13:30:00-04:00,24.65999984741211,24.689899444580078,24.656999588012695,24.670000076293945,12303,0.0,0.0,0.0
2024-07-09 14:30:00-04:00,24.68000030517578,24.690000534057617,24.65999984741211,24.675399780273438,7651,0.0,0.0,0.0
2024-07-09 15:30:00-04:00,24.690000534057617,24.690000534057617,24.658000946044922,24.690000534057617,13221,0.0,0.0,0.0
2024-07-10 09:30:00-04:00,24.670000076293945,24.700000762939453,24.670000076293945,24.700000762939453,0,0.0,0.0,0.0
2024-07-10 10:30:00-04:00,24.690000534057617,24.690000534057617,24.66010093688965,24.66010093688965,9201,0.0,0.0,0.0
2024-07-10 11:30:00-04:00,24.68000030517578,24.704099655151367,24.67009925842285,24.704099655151367,6287,0.0,0.0,0.0
2024-07-10 12:30:00-04:00,24.70949935913086,24.724300384521484,24.690099716186523,24.708999633789062,9855,0.0,0.0,0.0
2024-07-10 13:30:00-04:00,24.700000762939453,24.700000762939453,24.690000534057617,24.69499969482422,52302,0.0,0.0,0.0
2024-07-10 14:30:00-04:00,24.700000762939453,24.719999313354492,24.700000762939453,24.700000762939453,17337,0.0,0.0,0.0
2024-07-10 15:30:00-04:00,24.704999923706055,24.719999313354492,24.702899932861328,24.719499588012695,3070,0.0,0.0,0.0
2024-07-11 09:30:00-04:00,24.84000015258789,24.8799991607666,24.84000015258789,24.8700008392334,0,0.0,0.0,0.0
2024-07-11 10:30:00-04:00,24.864999771118164,24.875,24.84980010986328,24.864999771118164,10316,0.0,0.0,0.0
2024-07-11 11:30:00-04:00,24.8700008392334,24.87619972229004,24.86009979248047,24.865999221801758,2794,0.0,0.0,0.0
2024-07-11 12:30:00-04:00,24.86009979248047,24.875,24.83989906311035,24.844999313354492,13179,0.0,0.0,0.0
2024-07-11 13:30:00-04:00,24.850000381469727,24.850000381469727,24.822099685668945,24.83989906311035,20652,0.0,0.0,0.0
2024-07-11 14:30:00-04:00,24.83009910583496,24.859699249267578,24.83009910583496,24.854999542236328,11792,0.0,0.0,0.0
2024-07-11 15:30:00-04:00,24.850000381469727,24.857200622558594,24.831499099731445,24.841699600219727,0,0.0,0.0,0.0
2024-07-12 09:30:00-04:00,24.84000015258789,24.899999618530273,24.84000015258789,24.8700008392334,35120,0.0,0.0,0.0
2024-07-12 10:30:00-04:00,24.8700008392334,24.888200759887695,24.8700008392334,24.8799991607666,12954,0.0,0.0,0.0
2024-07-12 11:30:00-04:00,24.87980079650879,24.887500762939453,24.872100830078125,24.88010025024414,12518,0.0,0.0,0.0
2024-07-12 12:30:00-04:00,24.887500762939453,24.895000457763672,24.8799991607666,24.895000457763672,7712,0.0,0.0,0.0
2024-07-12 13:30:00-04:00,24.905000686645508,24.90999984741211,24.900100708007812,24.905000686645508,14836,0.0,0.0,0.0
2024-07-12 14:30:00-04:00,24.905000686645508,24.915000915527344,24.899999618530273,24.915000915527344,10790,0.0,0.0,0.0
2024-07-12 15:30:00-04:00,24.91010093688965,24.924299240112305,24.91010093688965,24.924299240112305,2040,0.0,0.0,0.0
2024-07-15 09:30:00-04:00,24.920000076293945,24.920000076293945,24.84000015258789,24.849000930786133,0,0.0,0.0,0.0
2024-07-15 10:30:00-04:00,24.850000381469727,24.8799991607666,24.850000381469727,24.875,15766,0.0,0.0,0.0
2024-07-15 11:30:00-04:00,24.875,24.889999389648438,24.870100021362305,24.889999389648438,59969,0.0,0.0,0.0
2024-07-15 12:30:00-04:00,24.88800048828125,24.899999618530273,24.83289909362793,24.849199295043945,46293,0.0,0.0,0.0
2024-07-15 13:30:00-04:00,24.84000015258789,24.860000610351562,24.83009910583496,24.854999542236328,13623,0.0,0.0,0.0
2024-07-15 14:30:00-04:00,24.860000610351562,24.860000610351562,24.83009910583496,24.84000015258789,19770,0.0,0.0,0.0
2024-07-15 15:30:00-04:00,24.834999084472656,24.844999313354492,24.829999923706055,24.829999923706055,5021,0.0,0.0,0.0
2024-07-16 09:30:00-04:00,24.93000030517578,24.93000030517578,24.850000381469727,24.86009979248047,0,0.0,0.0,0.0
2024-07-16 10:30:00-04:00,24.8700008392334,24.899999618530273,24.8700008392334,24.899999618530273,10615,0.0,0.0,0.0
2024-07-16 11:30:00-04:00,24.899999618530273,24.90999984741211,24.890100479125977,24.90999984741211,8159,0.0,0.0,0.0
2024-07-16 12:30:00-04:00,24.904499053955078,24.90999984741211,24.904499053955078,24.90999984741211,4558,0.0,0.0,0.0
2024-07-16 13:30:00-04:00,24.90999984741211,24.93000030517578,24.905000686645508,24.924999237060547,23709,0.0,0.0,0.0
2024-07-16 14:30:00-04:00,24.924999237060547,24.940000534057617,24.920000076293945,24.934999465942383,0,0.0,0.0,0.0
2024-07-16 15:30:00-04:00,24.934999465942383,24.940000534057617,24.93000030517578,24.93000030517578,127466,0.0,0.0,0.0
2024-07-17 09:30:00-04:00,24.81999969482422,24.899999618530273,24.81999969482422,24.860700607299805,0,0.0,0.0,0.0
2024-07-17 10:30:00-04:00,24.8700008392334,24.901100158691406,24.8700008392334,24.900299072265625,6512,0.0,0.0,0.0
2024-07-17 11:30:00-04:00,24.90999984741211,24.93000030517578,24.90999984741211,24.924999237060547,5507,0.0,0.0,0.0
2024-07-17 12:30:00-04:00,24.920000076293945,24.931900024414062,24.920000076293945,24.93000030517578,4840,0.0,0.0,0.0
2024-07-17 13:30:00-04:00,24.934999465942383,24.950000762939453,24.930099487304688,24.949899673461914,4884,0.0,0.0,0.0
2024-07-17 14:30:00-04:00,24.959999084472656,24.959999084472656,24.940799713134766,24.94499969482422,23571,0.0,0.0,0.0
2024-07-17 15:30:00-04:00,24.941099166870117,24.950000762939453,24.94099998474121,24.94499969482422,8109,0.0,0.0,0.0
2024-07-18 09:30:00-04:00,24.920000076293945,24.920000076293945,24.8799991607666,24.920000076293945,0,0.0,0.0,0.0
2024-07-18 10:30:00-04:00,24.915000915527344,24.93000030517578,24.90999984741211,24.928199768066406,13772,0.0,0.0,0.0
2024-07-18 11:30:00-04:00,24.920000076293945,24.920000076293945,24.889999389648438,24.889999389648438,4511,0.0,0.0,0.0
2024-07-18 12:30:00-04:00,24.8966007232666,24.899999618530273,24.883899688720703,24.883899688720703,7462,0.0,0.0,0.0
2024-07-18 13:30:00-04:00,24.889999389648438,24.899999618530273,24.889999389648438,24.89150047302246,5073,0.0,0.0,0.0
2024-07-18 14:30:00-04:00,24.895000457763672,24.899799346923828,24.871299743652344,24.875,15411,0.0,0.0,0.0
2024-07-18 15:30:00-04:00,24.8700008392334,24.87980079650879,24.854999542236328,24.85569953918457,7577,0.0,0.0,0.0
2024-07-19 09:30:00-04:00,24.889999389648438,24.889999389648438,24.809799194335938,24.809799194335938,0,0.0,0.0,0.0
2024-07-19 10:30:00-04:00,24.809999465942383,24.825000762939453,24.809999465942383,24.825000762939453,1356,0.0,0.0,0.0
2024-07-19 11:30:00-04:00,24.815000534057617,24.819900512695312,24.80500030517578,24.815000534057617,4599,0.0,0.0,0.0
2024-07-19 12:30:00-04:00,24.815000534057617,24.815000534057617,24.800899505615234,24.815000534057617,2624,0.0,0.0,0.0
2024-07-19 13:30:00-04:00,24.815000534057617,24.81999969482422,24.799999237060547,24.799999237060547,36383,0.0,0.0,0.0
2024-07-19 14:30:00-04:00,24.795000076293945,24.795000076293945,24.78350067138672,24.78350067138672,6330,0.0,0.0,0.0
2024-07-19 15:30:00-04:00,24.78499984741211,24.799999237060547,24.78499984741211,24.795000076293945,7078,0.0,0.0,0.0
2024-07-22 09:30:00-04:00,24.850000381469727,24.860000610351562,24.84000015258789,24.850000381469727,0,0.0,0.0,0.0
2024-07-22 10:30:00-04:00,24.850099563598633,24.860000610351562,24.809999465942383,24.81999969482422,18506,0.0,0.0,0.0
2024-07-22 11:30:00-04:00,24.800100326538086,24.809999465942383,24.77090072631836,24.780000686645508,14008,0.0,0.0,0.0
2024-07-22 12:30:00-04:00,24.770000457763672,24.790000915527344,24.770000457763672,24.790000915527344,15224,0.0,0.0,0.0
2024-07-22 13:30:00-04:00,24.790000915527344,24.809999465942383,24.789899826049805,24.80500030517578,36856,0.0,0.0,0.0
2024-07-22 14:30:00-04:00,24.799999237060547,24.809999465942383,24.79010009765625,24.795000076293945,12433,0.0,0.0,0.0
2024-07-22 15:30:00-04:00,24.80500030517578,24.80500030517578,24.799999237060547,24.799999237060547,1532,0.0,0.0,0.0
2024-07-23 09:30:00-04:00,24.950000762939453,24.950000762939453,24.781700134277344,24.860000610351562,345432,0.0,0.0,0.0
2024-07-23 10:30:00-04:00,24.84000015258789,24.849899291992188,24.831499099731445,24.83989906311035,124249,0.0,0.0,0.0
2024-07-23 11:30:00-04:00,24.834999084472656,24.850000381469727,24.831300735473633,24.844999313354492,24019,0.0,0.0,0.0
2024-07-23 12:30:00-04:00,24.844999313354492,24.844999313354492,24.829999923706055,24.84000015258789,8970,0.0,0.0,0.0
2024-07-23 13:30:00-04:00,24.834999084472656,24.834999084472656,24.799999237060547,24.811899185180664,23372,0.0,0.0,0.0
2024-07-23 14:30:00-04:00,24.809999465942383,24.81999969482422,24.799999237060547,24.81999969482422,17053,0.0,0.0,0.0
2024-07-23 15:30:00-04:00,24.809999465942383,24.81999969482422,24.799999237060547,24.799999237060547,58736,0.0,0.0,0.0
2024-07-24 09:30:00-04:00,24.829999923706055,24.84000015258789,24.7814998626709,24.81999969482422,0,0.0,0.0,0.0
2024-07-24 10:30:00-04:00,24.81999969482422,24.84000015258789,24.80109977722168,24.81999969482422,7182,0.0,0.0,0.0
2024-07-24 11:30:00-04:00,24.81999969482422,24.825000762939453,24.790000915527344,24.790000915527344,10072,0.0,0.0,0.0
2024-07-24 12:30:00-04:00,24.799999237060547,24.799999237060547,24.770000457763672,24.770000457763672,9039,0.0,0.0,0.0
2024-07-24 13:30:00-04:00,24.770000457763672,24.780000686645508,24.71500015258789,24.725000381469727,46346,0.0,0.0,0.0
2024-07-24 14:30:00-04:00,24.725000381469727,24.739999771118164,24.709999084472656,24.729999542236328,11572,0.0,0.0,0.0
2024-07-24 15:30:00-04:00,24.729999542236328,24.739999771118164,24.709999084472656,24.709999084472656,7966,0.0,0.0,0.0
2024-07-25 09:30:00-04:00,24.799999237060547,24.809999465942383,24.739999771118164,24.799999237060547,0,0.0,0.0,0.0
2024-07-25 10:30:00-04:00,24.799999237060547,24.809999465942383,24.790000915527344,24.799999237060547,11454,0.0,0.0,0.0
2024-07-25 11:30:00-04:00,24.809999465942383,24.809999465942383,24.781299591064453,24.790800094604492,14646,0.0,0.0,0.0
2024-07-25 12:30:00-04:00,24.790000915527344,24.799999237060547,24.780000686645508,24.780000686645508,12358,0.0,0.0,0.0
2024-07-25 13:30:00-04:00,24.770000457763672,24.770000457763672,24.760000228881836,24.770000457763672,8971,0.0,0.0,0.0
2024-07-25 14:30:00-04:00,24.770000457763672,24.770000457763672,24.7549991607666,24.760000228881836,9562,0.0,0.0,0.0
2024-07-25 15:30:00-04:00,24.760000228881836,24.764999389648438,24.760000228881836,24.764999389648438,9028,0.0,0.0,0.0
2024-07-26 09:30:00-04:00,24.899999618530273,24.899999618530273,24.854999542236328,24.864999771118164,8697,0.0,0.0,0.0
2024-07-26 10:30:00-04:00,24.860000610351562,24.8799991607666,24.84000015258789,24.844999313354492,37011,0.0,0.0,0.0
2024-07-26 11:30:00-04:00,24.860000610351562,24.8700008392334,24.860000610351562,24.864999771118164,8259,0.0,0.0,0.0
2024-07-26 12:30:00-04:00,24.8700008392334,24.8700008392334,24.861600875854492,24.8700008392334,2938,0.0,0.0,0.0
2024-07-26 13:30:00-04:00,24.8700008392334,24.8799991607666,24.86989974975586,24.8799991607666,8950,0.0,0.0,0.0
2024-07-26 14:30:00-04:00,24.871299743652344,24.895000457763672,24.871299743652344,24.889999389648438,11869,0.0,0.0,0.0
2024-07-26 15:30:00-04:00,24.895000457763672,24.899999618530273,24.875,24.875,3984,0.0,0.0,0.0
2024-07-29 09:30:00-04:00,24.93000030517578,24.93000030517578,24.8799991607666,24.895000457763672,0,0.0,0.0,0.0
2024-07-29 10:30:00-04:00,24.889999389648438,24.895000457763672,24.8700008392334,24.889999389648438,5334,0.0,0.0,0.0
2024-07-29 11:30:00-04:00,24.905000686645508,24.90999984741211,24.895000457763672,24.899999618530273,16429,0.0,0.0,0.0
2024-07-29 12:30:00-04:00,24.905000686645508,24.927799224853516,24.90089988708496,24.91990089416504,35904,0.0,0.0,0.0
2024-07-29 13:30:00-04:00,24.915000915527344,24.915000915527344,24.899999618530273,24.909900665283203,6942,0.0,0.0,0.0
2024-07-29 14:30:00-04:00,24.90130043029785,24.934999465942383,24.90130043029785,24.934999465942383,0,0.0,0.0,0.0
2024-07-29 15:30:00-04:00,24.934999465942383,24.934999465942383,24.921300888061523,24.93000030517578,139798,0.0,0.0,0.0
2024-07-30 09:30:00-04:00,25.0,25.0,24.893999099731445,24.909900665283203,0,0.0,0.0,0.0
2024-07-30 10:30:00-04:00,24.899999618530273,24.920000076293945,24.890300750732422,24.90089988708496,8933,0.0,0.0,0.0
2024-07-30 11:30:00-04:00,24.90999984741211,24.911300659179688,24.899999618530273,24.90999984741211,11331,0.0,0.0,0.0
2024-07-30 12:30:00-04:00,24.90999984741211,24.94499969482422,24.900100708007812,24.93000030517578,23164,0.0,0.0,0.0
2024-07-30 13:30:00-04:00,24.93000030517578,24.940000534057617,24.91189956665039,24.940000534057617,37579,0.0,0.0,0.0
2024-07-30 14:30:00-04:00,24.94499969482422,24.950000762939453,24.93000030517578,24.94499969482422,44945,0.0,0.0,0.0
2024-07-30 15:30:00-04:00,24.94499969482422,24.950000762939453,24.934999465942383,24.934999465942383,30757,0.0,0.0,0.0
2024-07-31 09:30:00-04:00,24.940000534057617,25.031999588012695,24.940000534057617,25.030000686645508,0,0.0,0.0,0.0
2024-07-31 10:30:00-04:00,25.038000106811523,25.038000106811523,25.0049991607666,25.020000457763672,5901,0.0,0.0,0.0
2024-07-31 11:30:00-04:00,25.012800216674805,25.023500442504883,25.01129913330078,25.012800216674805,7010,0.0,0.0,0.0
2024-07-31 12:30:00-04:00,25.010700225830078,25.028499603271484,25.0049991607666,25.0049991607666,13205,0.0,0.0,0.0
2024-07-31 13:30:00-04:00,25.0049991607666,25.0049991607666,24.979999542236328,25.0,8373,0.0,0.0,0.0
2024-07-31 14:30:00-04:00,25.000099182128906,25.059999465942383,25.0,25.05500030517578,6865,0.0,0.0,0.0
2024-07-31 15:30:00-04:00,25.059999465942383,25.09000015258789,25.055200576782227,25.09000015258789,11847,0.0,0.0,0.0
2024-08-01 09:30:00-04:00,25.059999465942383,25.09000015258789,25.031999588012695,25.09000015258789,0,0.0,0.0,0.0
2024-08-01 10:30:00-04:00,25.084999084472656,25.100000381469727,25.040000915527344,25.040000915527344,5645,0.0,0.0,0.0
2024-08-01 11:30:00-04:00,25.040599822998047,25.071300506591797,25.040000915527344,25.071300506591797,7249,0.0,0.0,0.0
2024-08-01 12:30:00-04:00,25.075000762939453,25.07990074157715,25.04010009765625,25.04210090637207,19372,0.0,0.0,0.0
2024-08-01 13:30:00-04:00,25.04990005493164,25.065000534057617,25.04170036315918,25.049999237060547,12489,0.0,0.0,0.0
2024-08-01 14:30:00-04:00,25.049999237060547,25.065000534057617,25.04010009765625,25.065000534057617,18055,0.0,0.0,0.0
2024-08-01 15:30:00-04:00,25.06999969482422,25.075000762939453,25.040000915527344,25.05500030517578,40493,0.0,0.0,0.0
2024-08-02 09:30:00-04:00,25.200000762939453,25.229999542236328,25.18000030517578,25.209999084472656,7686,0.0,0.0,0.0
2024-08-02 10:30:00-04:00,25.20989990234375,25.219999313354492,25.204999923706055,25.209999084472656,3335,0.0,0.0,0.0
2024-08-02 11:30:00-04:00,25.22010040283203,25.229900360107422,25.19499969482422,25.225000381469727,20555,0.0,0.0,0.0
2024-08-02 12:30:00-04:00,25.21500015258789,25.235000610351562,25.21500015258789,25.231800079345703,15487,0.0,0.0,0.0
2024-08-02 13:30:00-04:00,25.239999771118164,25.25,25.229999542236328,25.25,8606,0.0,0.0,0.0
2024-08-02 14:30:00-04:00,25.259899139404297,25.274999618530273,25.25,25.260099411010742,53010,0.0,0.0,0.0
2024-08-02 15:30:00-04:00,25.269800186157227,25.290000915527344,25.263700485229492,25.289899826049805,16323,0.0,0.0,0.0
2024-08-05 09:30:00-04:00,25.299999237060547,25.5,25.219999313354492,25.239999771118164,0,0.0,0.0,0.0
2024-08-05 10:30:00-04:00,25.219999313354492,25.25,25.170000076293945,25.200000762939453,6682,0.0,0.0,0.0
2024-08-05 11:30:00-04:00,25.18400001525879,25.209999084472656,25.170000076293945,25.174999237060547,6662,0.0,0.0,0.0
2024-08-05 12:30:00-04:00,25.190000534057617,25.239999771118164,25.189899444580078,25.235000610351562,78131,0.0,0.0,0.0
2024-08-05 13:30:00-04:00,25.237899780273438,25.25200080871582,25.216699600219727,25.239999771118164,30762,0.0,0.0,0.0
2024-08-05 14:30:00-04:00,25.235000610351562,25.270000457763672,25.21500015258789,25.238300323486328,16841,0.0,0.0,0.0
2024-08-05 15:30:00-04:00,25.25,25.264999389648438,25.209999084472656,25.209999084472656,5823,0.0,0.0,0.0
2024-08-06 09:30:00-04:00,25.239999771118164,25.239999771118164,25.167800903320312,25.18000030517578,0,0.0,0.0,0.0
2024-08-06 10:30:00-04:00,25.190000534057617,25.190000534057617,25.15999984741211,25.16990089416504,15590,0.0,0.0,0.0
2024-08-06 11:30:00-04:00,25.15999984741211,25.170000076293945,25.145000457763672,25.15999984741211,16377,0.0,0.0,0.0
2024-08-06 12:30:00-04:00,25.15999984741211,25.170000076293945,25.13010025024414,25.139999389648438,10624,0.0,0.0,0.0
2024-08-06 13:30:00-04:00,25.149999618530273,25.15999984741211,25.110000610351562,25.159900665283203,13444,0.0,0.0,0.0
2024-08-06 14:30:00-04:00,25.15999984741211,25.170000076293945,25.1200008392334,25.1299991607666,11122,0.0,0.0,0.0
2024-08-06 15:30:00-04:00,25.139999389648438,25.145000457763672,25.110000610351562,25.110000610351562,10909,0.0,0.0,0.0
2024-08-07 09:30:00-04:00,25.139999389648438,25.20989990234375,25.09000015258789,25.104999542236328,0,0.0,0.0,0.0
2024-08-07 10:30:00-04:00,25.104999542236328,25.110000610351562,25.079700469970703,25.09000015258789,4596,0.0,0.0,0.0
2024-08-07 11:30:00-04:00,25.08180046081543,25.091299057006836,25.074499130249023,25.084999084472656,10806,0.0,0.0,0.0
2024-08-07 12:30:00-04:00,25.09000015258789,25.09000015258789,25.040000915527344,25.04360008239746,7692,0.0,0.0,0.0
2024-08-07 13:30:00-04:00,25.040000915527344,25.049999237060547,25.020099639892578,25.030000686645508,5067,0.0,0.0,0.0
2024-08-07 14:30:00-04:00,24.989999771118164,25.030000686645508,24.989999771118164,25.024999618530273,13344,0.0,0.0,0.0
2024-08-07 15:30:00-04:00,25.03499984741211,25.03499984741211,25.020000457763672,25.020000457763672,13681,0.0,0.0,0.0
2024-08-08 09:30:00-04:00,24.989999771118164,25.000099182128906,24.950000762939453,24.993000030517578,50569,0.0,0.0,0.0
2024-08-08 10:30:00-04:00,24.975500106811523,25.020000457763672,24.975500106811523,25.015199661254883,12931,0.0,0.0,0.0
2024-08-08 11:30:00-04:00,25.014999389648438,25.020000457763672,25.010000228881836,25.010000228881836,4407,0.0,0.0,0.0
2024-08-08 12:30:00-04:00,24.990100860595703,25.010000228881836,24.989999771118164,24.99970054626465,12464,0.0,0.0,0.0
2024-08-08 13:30:00-04:00,24.989999771118164,25.01689910888672,24.981300354003906,25.014999389648438,32124,0.0,0.0,0.0
2024-08-08 14:30:00-04:00,25.020000457763672,25.02630043029785,25.01129913330078,25.024999618530273,9591,0.0,0.0,0.0
2024-08-08 15:30:00-04:00,25.020000457763672,25.025999069213867,25.010000228881836,25.020000457763672,7041,0.0,0.0,0.0
2024-08-09 09:30:00-04:00,25.1299991607666,25.1299991607666,25.090099334716797,25.11989974975586,6239,0.0,0.0,0.0
2024-08-09 10:30:00-04:00,25.1200008392334,25.1299991607666,25.110000610351562,25.120500564575195,45172,0.0,0.0,0.0
2024-08-09 11:30:00-04:00,25.1299991607666,25.1299991607666,25.11009979248047,25.1210994720459,8158,0.0,0.0,0.0
2024-08-09 12:30:00-04:00,25.125,25.1299991607666,25.117000579833984,25.126300811767578,10666,0.0,0.0,0.0
2024-08-09 13:30:00-04:00,25.1200008392334,25.1299991607666,25.110000610351562,25.110000610351562,8340,0.0,0.0,0.0
2024-08-09 14:30:00-04:00,25.1200008392334,25.1299991607666,25.114999771118164,25.114999771118164,4718,0.0,0.0,0.0
2024-08-09 15:30:00-04:00,25.1200008392334,25.1299991607666,25.111299514770508,25.125,10860,0.0,0.0,0.0
2024-08-12 09:30:00-04:00,25.15999984741211,25.15999984741211,25.08009910583496,25.1200008392334,0,0.0,0.0,0.0
2024-08-12 10:30:00-04:00,25.117300033569336,25.1299991607666,25.100000381469727,25.1299991607666,12075,0.0,0.0,0.0
2024-08-12 11:30:00-04:00,25.1299991607666,25.170000076293945,25.1299991607666,25.170000076293945,12714,0.0,0.0,0.0
2024-08-12 12:30:00-04:00,25.170000076293945,25.170000076293945,25.140100479125977,25.15999984741211,2607,0.0,0.0,0.0
2024-08-12 13:30:00-04:00,25.174999237060547,25.189899444580078,25.165000915527344,25.170000076293945,4330,0.0,0.0,0.0
2024-08-12 14:30:00-04:00,25.16990089416504,25.170000076293945,25.149999618530273,25.16900062561035,15410,0.0,0.0,0.0
2024-08-12 15:30:00-04:00,25.170000076293945,25.170000076293945,25.140100479125977,25.168100357055664,7479,0.0,0.0,0.0
2024-08-13 09:30:00-04:00,25.190000534057617,25.252500534057617,25.190000534057617,25.229999542236328,0,0.0,0.0,0.0
2024-08-13 10:30:00-04:00,25.223499298095703,25.25,25.209999084472656,25.25,34836,0.0,0.0,0.0
2024-08-13 11:30:00-04:00,25.239999771118164,25.259899139404297,25.235000610351562,25.240999221801758,11273,0.0,0.0,0.0
2024-08-13 12:30:00-04:00,25.246299743652344,25.281299591064453,25.246299743652344,25.280000686645508,21483,0.0,0.0,0.0
2024-08-13 13:30:00-04:00,25.280000686645508,25.290000915527344,25.264999389648438,25.281299591064453,10086,0.0,0.0,0.0
2024-08-13 14:30:00-04:00,25.288799285888672,25.31909942626953,25.280000686645508,25.309999465942383,15492,0.0,0.0,0.0
2024-08-13 15:30:00-04:00,25.309900283813477,25.310100555419922,25.280000686645508,25.299999237060547,13745,0.0,0.0,0.0
2024-08-14 09:30:00-04:00,25.440000534057617,25.440000534057617,25.315000534057617,25.36009979248047,0,0.0,0.0,0.0
2024-08-14 10:30:00-04:00,25.366300582885742,25.378700256347656,25.35849952697754,25.3700008392334,15715,0.0,0.0,0.0
2024-08-14 11:30:00-04:00,25.36009979248047,25.3799991607666,25.36009979248047,25.375,3960,0.0,0.0,0.0
2024-08-14 12:30:00-04:00,25.376800537109375,25.3799991607666,25.364999771118164,25.3700008392334,3312,0.0,0.0,0.0
2024-08-14 13:30:00-04:00,25.364999771118164,25.3700008392334,25.360000610351562,25.364999771118164,8627,0.0,0.0,0.0
2024-08-14 14:30:00-04:00,25.364999771118164,25.3799991607666,25.36009979248047,25.364999771118164,17358,0.0,0.0,0.0
2024-08-14 15:30:00-04:00,25.364999771118164,25.3700008392334,25.360000610351562,25.364999771118164,0,0.0,0.0,0.0
2024-08-15 09:30:00-04:00,25.219999313354492,25.270000457763672,25.213699340820312,25.256900787353516,220191,0.0,0.0,0.0
2024-08-15 10:30:00-04:00,25.260000228881836,25.26580047607422,25.239999771118164,25.239999771118164,213556,0.0,0.0,0.0
2024-08-15 11:30:00-04:00,25.25,25.25,25.229999542236328,25.2450008392334,277450,0.0,0.0,0.0
2024-08-15 12:30:00-04:00,25.248899459838867,25.248899459838867,25.229999542236328,25.241300582885742,17870,0.0,0.0,0.0
2024-08-15 13:30:00-04:00,25.25,25.260000228881836,25.239999771118164,25.2549991607666,19119,0.0,0.0,0.0
2024-08-15 14:30:00-04:00,25.2549991607666,25.290000915527344,25.2549991607666,25.260000228881836,100247,0.0,0.0,0.0
2024-08-15 15:30:00-04:00,25.260000228881836,25.270000457763672,25.25,25.25,27050,0.0,0.0,0.0
2024-08-16 09:30:00-04:00,25.360000610351562,25.360000610351562,25.280000686645508,25.290000915527344,0,0.0,0.0,0.0
2024-08-16 10:30:00-04:00,25.290000915527344,25.309999465942383,25.274099349975586,25.276500701904297,9456,0.0,0.0,0.0
2024-08-16 11:30:00-04:00,25.276500701904297,25.299999237060547,25.270000457763672,25.295000076293945,8801,0.0,0.0,0.0
2024-08-16 12:30:00-04:00,25.295000076293945,25.329999923706055,25.295000076293945,25.329999923706055,8364,0.0,0.0,0.0
2024-08-16 13:30:00-04:00,25.33919906616211,25.33919906616211,25.31999969482422,25.32029914855957,3497,0.0,0.0,0.0
2024-08-16 14:30:00-04:00,25.325000762939453,25.329999923706055,25.315000534057617,25.31999969482422,9363,0.0,0.0,0.0
2024-08-16 15:30:00-04:00,25.325000762939453,25.329999923706055,25.31999969482422,25.329999923706055,5460,0.0,0.0,0.0
2024-08-19 09:30:00-04:00,25.31999969482422,25.3799991607666,25.31999969482422,25.350000381469727,0,0.0,0.0,0.0
2024-08-19 10:30:00-04:00,25.360000610351562,25.376699447631836,25.350000381469727,25.350099563598633,5391,0.0,0.0,0.0
2024-08-19 11:30:00-04:00,25.36989974975586,25.389999389648438,25.350000381469727,25.389999389648438,5061,0.0,0.0,0.0
2024-08-19 12:30:00-04:00,25.3799991607666,25.396299362182617,25.3799991607666,25.389999389648438,4522,0.0,0.0,0.0
2024-08-19 13:30:00-04:00,25.389999389648438,25.389999389648438,25.3799991607666,25.38010025024414,9090,0.0,0.0,0.0
2024-08-19 14:30:00-04:00,25.389999389648438,25.389999389648438,25.3700008392334,25.389999389648438,12108,0.0,0.0,0.0
2024-08-19 15:30:00-04:00,25.385000228881836,25.389699935913086,25.3700008392334,25.3700008392334,21883,0.0,0.0,0.0
2024-08-20 09:30:00-04:00,25.399999618530273,25.429100036621094,25.38800048828125,25.40999984741211,0,0.0,0.0,0.0
2024-08-20 10:30:00-04:00,25.40999984741211,25.420000076293945,25.389999389648438,25.408000946044922,22180,0.0,0.0,0.0
2024-08-20 11:30:00-04:00,25.40999984741211,25.43000030517578,25.399999618530273,25.424999237060547,14188,0.0,0.0,0.0
2024-08-20 12:30:00-04:00,25.424999237060547,25.43000030517578,25.399999618530273,25.420000076293945,10737,0.0,0.0,0.0
2024-08-20 13:30:00-04:00,25.40999984741211,25.420000076293945,25.399999618530273,25.40999984741211,9913,0.0,0.0,0.0
2024-08-20 14:30:00-04:00,25.40999984741211,25.424999237060547,25.399999618530273,25.424999237060547,37986,0.0,0.0,0.0
2024-08-20 15:30:00-04:00,25.43000030517578,25.440000534057617,25.420000076293945,25.440000534057617,18327,0.0,0.0,0.0
2024-08-21 09:30:00-04:00,25.510000228881836,25.510000228881836,25.459999084472656,25.469999313354492,10812,0.0,0.0,0.0
2024-08-21 10:30:00-04:00,25.459999084472656,25.489999771118164,25.434999465942383,25.479999542236328,26536,0.0,0.0,0.0
2024-08-21 11:30:00-04:00,25.469999313354492,25.510000228881836,25.469999313354492,25.5,15409,0.0,0.0,0.0
2024-08-21 12:30:00-04:00,25.4950008392334,25.5,25.485000610351562,25.5,14271,0.0,0.0,0.0
2024-08-21 13:30:00-04:00,25.500499725341797,25.530000686645508,25.4950008392334,25.530000686645508,21079,0.0,0.0,0.0
2024-08-21 14:30:00-04:00,25.520000457763672,25.520000457763672,25.479999542236328,25.4950008392334,12028,0.0,0.0,0.0
2024-08-21 15:30:00-04:00,25.5,25.510000228881836,25.485000610351562,25.489999771118164,14411,0.0,0.0,0.0
2024-08-22 09:30:00-04:00,25.510000228881836,25.510000228881836,25.3976993560791,25.399999618530273,0,0.0,0.0,0.0
2024-08-22 10:30:00-04:00,25.409000396728516,25.415000915527344,25.389999389648438,25.405000686645508,24507,0.0,0.0,0.0
2024-08-22 11:30:00-04:00,25.402700424194336,25.43000030517578,25.385000228881836,25.385000228881836,7900,0.0,0.0,0.0
2024-08-22 12:30:00-04:00,25.3799991607666,25.389999389648438,25.360000610351562,25.3799991607666,8294,0.0,0.0,0.0
2024-08-22 13:30:00-04:00,25.3799991607666,25.40999984741211,25.379899978637695,25.399999618530273,18618,0.0,0.0,0.0
2024-08-22 14:30:00-04:00,25.399999618530273,25.420000076293945,25.399999618530273,25.40130043029785,9977,0.0,0.0,0.0
2024-08-22 15:30:00-04:00,25.405000686645508,25.428699493408203,25.399999618530273,25.40999984741211,37163,0.0,0.0,0.0
2024-08-23 09:30:00-04:00,25.459999084472656,25.549999237060547,25.454999923706055,25.520000457763672,0,0.0,0.0,0.0
2024-08-23 10:30:00-04:00,25.510000228881836,25.540000915527344,25.5,25.540000915527344,17526,0.0,0.0,0.0
2024-08-23 11:30:00-04:00,25.520000457763672,25.520000457763672,25.509899139404297,25.509899139404297,5489,0.0,0.0,0.0
2024-08-23 12:30:00-04:00,25.49489974975586,25.520000457763672,25.489999771118164,25.510000228881836,14223,0.0,0.0,0.0
2024-08-23 13:30:00-04:00,25.520000457763672,25.547399520874023,25.520000457763672,25.530000686645508,31048,0.0,0.0,0.0
2024-08-23 14:30:00-04:00,25.53499984741211,25.55500030517578,25.530000686645508,25.54010009765625,13101,0.0,0.0,0.0
2024-08-23 15:30:00-04:00,25.548999786376953,25.548999786376953,25.530000686645508,25.545000076293945,36827,0.0,0.0,0.0
2024-08-26 09:30:00-04:00,25.6200008392334,25.6200008392334,25.520000457763672,25.55500030517578,0,0.0,0.0,0.0
2024-08-26 10:30:00-04:00,25.55500030517578,25.56999969482422,25.530000686645508,25.530000686645508,21206,0.0,0.0,0.0
2024-08-26 11:30:00-04:00,25.521299362182617,25.533000946044922,25.510000228881836,25.524999618530273,14888,0.0,0.0,0.0
2024-08-26 12:30:00-04:00,25.524999618530273,25.538299560546875,25.514999389648438,25.528799057006836,5703,0.0,0.0,0.0
2024-08-26 13:30:00-04:00,25.5216007232666,25.540000915527344,25.520000457763672,25.53339958190918,10074,0.0,0.0,0.0
2024-08-26 14:30:00-04:00,25.539899826049805,25.540000915527344,25.520000457763672,25.53499984741211,13728,0.0,0.0,0.0
2024-08-26 15:30:00-04:00,25.530000686645508,25.540000915527344,25.520000457763672,25.520000457763672,7468,0.0,0.0,0.0
2024-08-27 09:30:00-04:00,25.479999542236328,25.479999542236328,25.43000030517578,25.450000762939453,51459,0.0,0.0,0.0
2024-08-27 10:30:00-04:00,25.469999313354492,25.5,25.469999313354492,25.490100860595703,19970,0.0,0.0,0.0
2024-08-27 11:30:00-04:00,25.489999771118164,25.498600006103516,25.476299285888672,25.485200881958008,13105,0.0,0.0,0.0
2024-08-27 12:30:00-04:00,25.48590087890625,25.498300552368164,25.479999542236328,25.489999771118164,5763,0.0,0.0,0.0
2024-08-27 13:30:00-04:00,25.494699478149414,25.509899139404297,25.479999542236328,25.509899139404297,9002,0.0,0.0,0.0
2024-08-27 14:30:00-04:00,25.514999389648438,25.520000457763672,25.4950008392334,25.4950008392334,14000,0.0,0.0,0.0
2024-08-27 15:30:00-04:00,25.5,25.510000228881836,25.5,25.5049991607666,4262,0.0,0.0,0.0
2024-08-28 09:30:00-04:00,25.5,25.520000457763672,25.479999542236328,25.50979995727539,0,0.0,0.0,0.0
2024-08-28 10:30:00-04:00,25.5,25.514999389648438,25.489999771118164,25.5049991607666,5585,0.0,0.0,0.0
2024-08-28 11:30:00-04:00,25.514999389648438,25.514999389648438,25.489999771118164,25.489999771118164,7637,0.0,0.0,0.0
2024-08-28 12:30:00-04:00,25.4950008392334,25.4950008392334,25.469999313354492,25.485000610351562,18859,0.0,0.0,0.0
2024-08-28 13:30:00-04:00,25.485000610351562,25.485000610351562,25.46500015258789,25.46500015258789,10334,0.0,0.0,0.0
2024-08-28 14:30:00-04:00,25.468000411987305,25.478700637817383,25.459999084472656,25.475000381469727,9324,0.0,0.0,0.0
2024-08-28 15:30:00-04:00,25.469999313354492,25.479999542236328,25.460100173950195,25.479999542236328,15244,0.0,0.0,0.0
2024-08-29 09:30:00-04:00,25.479999542236328,25.479999542236328,25.420000076293945,25.44499969482422,33632,0.0,0.0,0.0
2024-08-29 10:30:00-04:00,25.440000534057617,25.440000534057617,25.420000076293945,25.43000030517578,11242,0.0,0.0,0.0
2024-08-29 11:30:00-04:00,25.434999465942383,25.459999084472656,25.434999465942383,25.456300735473633,149721,0.0,0.0,0.0
2024-08-29 12:30:00-04:00,25.450000762939453,25.459999084472656,25.44499969482422,25.450000762939453,5270,0.0,0.0,0.0
2024-08-29 13:30:00-04:00,25.450000762939453,25.469999313354492,25.450000762939453,25.461299896240234,26004,0.0,0.0,0.0
2024-08-29 14:30:00-04:00,25.469900131225586,25.469900131225586,25.450000762939453,25.454999923706055,14874,0.0,0.0,0.0
2024-08-29 15:30:00-04:00,25.450000762939453,25.459999084472656,25.440000534057617,25.450000762939453,10367,0.0,0.0,0.0
2024-08-30 09:30:00-04:00,25.43000030517578,25.488000869750977,25.43000030517578,25.459999084472656,0,0.0,0.0,0.0
2024-08-30 10:30:00-04:00,25.450000762939453,25.469999313354492,25.450000762939453,25.469999313354492,16110,0.0,0.0,0.0
2024-08-30 11:30:00-04:00,25.468700408935547,25.468700408935547,25.409900665283203,25.415000915527344,24992,0.0,0.0,0.0
2024-08-30 12:30:00-04:00,25.40999984741211,25.40999984741211,25.389999389648438,25.399999618530273,6450,0.0,0.0,0.0
2024-08-30 13:30:00-04:00,25.399999618530273,25.420000076293945,25.399999618530273,25.420000076293945,24409,0.0,0.0,0.0
2024-08-30 14:30:00-04:00,25.420000076293945,25.420000076293945,25.399999618530273,25.399999618530273,15361,0.0,0.0,0.0
2024-08-30 15:30:00-04:00,25.405000686645508,25.420000076293945,25.389999389648438,25.420000076293945,8343,0.0,0.0,0.0
2024-09-03 09:30:00-04:00,25.43000030517578,25.43000030517578,25.360000610351562,25.3700008392334,0,0.0,0.0,0.0
2024-09-03 10:30:00-04:00,25.375,25.38599967956543,25.344999313354492,25.349899291992188,33412,0.0,0.0,0.0
2024-09-03 11:30:00-04:00,25.344999313354492,25.354999542236328,25.329999923706055,25.350000381469727,15015,0.0,0.0,0.0
2024-09-03 12:30:00-04:00,25.350000381469727,25.350000381469727,25.31999969482422,25.34000015258789,34001,0.0,0.0,0.0
2024-09-03 13:30:00-04:00,25.34000015258789,25.344999313354492,25.329999923706055,25.329999923706055,19098,0.0,0.0,0.0
2024-09-03 14:30:00-04:00,25.329999923706055,25.35700035095215,25.31999969482422,25.34869956970215,17128,0.0,0.0,0.0
2024-09-03 15:30:00-04:00,25.34000015258789,25.3700008392334,25.329999923706055,25.360000610351562,20993,0.0,0.0,0.0
2024-09-04 09:30:00-04:00,25.420000076293945,25.479999542236328,25.399999618530273,25.459999084472656,0,0.0,0.0,0.0
2024-09-04 10:30:00-04:00,25.450000762939453,25.46500015258789,25.440000534057617,25.449899673461914,11967,0.0,0.0,0.0
2024-09-04 11:30:00-04:00,25.440000534057617,25.454999923706055,25.43000030517578,25.450000762939453,9019,0.0,0.0,0.0
2024-09-04 12:30:00-04:00,25.457500457763672,25.46500015258789,25.450000762939453,25.450000762939453,9383,0.0,0.0,0.0
2024-09-04 13:30:00-04:00,25.459999084472656,25.489999771118164,25.459999084472656,25.479999542236328,11428,0.0,0.0,0.0
2024-09-04 14:30:00-04:00,25.479999542236328,25.489999771118164,25.450000762939453,25.485200881958008,22591,0.0,0.0,0.0
2024-09-04 15:30:00-04:00,25.480100631713867,25.4950008392334,25.479999542236328,25.479999542236328,16579,0.0,0.0,0.0
2024-09-05 09:30:00-04:00,25.59000015258789,25.59000015258789,25.5049991607666,25.510000228881836,0,0.0,0.0,0.0
2024-09-05 10:30:00-04:00,25.515600204467773,25.515600204467773,25.469999313354492,25.485000610351562,26566,0.0,0.0,0.0
2024-09-05 11:30:00-04:00,25.485000610351562,25.510000228881836,25.485000610351562,25.50779914855957,53402,0.0,0.0,0.0
2024-09-05 12:30:00-04:00,25.506500244140625,25.540000915527344,25.5049991607666,25.530000686645508,15606,0.0,0.0,0.0
2024-09-05 13:30:00-04:00,25.530000686645508,25.575000762939453,25.530000686645508,25.56999969482422,21526,0.0,0.0,0.0
2024-09-05 14:30:00-04:00,25.559999465942383,25.56999969482422,25.545000076293945,25.565000534057617,10902,0.0,0.0,0.0
2024-09-05 15:30:00-04:00,25.565000534057617,25.59000015258789,25.56450080871582,25.584999084472656,17543,0.0,0.0,0.0
2024-09-06 09:30:00-04:00,25.610000610351562,25.625,25.520000457763672,25.614700317382812,0,0.0,0.0,0.0
2024-09-06 10:30:00-04:00,25.610000610351562,25.68000030517578,25.610000610351562,25.648399353027344,62353,0.0,0.0,0.0
2024-09-06 11:30:00-04:00,25.639999389648438,25.639999389648438,25.56999969482422,25.575000762939453,31430,0.0,0.0,0.0
2024-09-06 12:30:00-04:00,25.56999969482422,25.579999923706055,25.540000915527344,25.579999923706055,20594,0.0,0.0,0.0
2024-09-06 13:30:00-04:00,25.579999923706055,25.599000930786133,25.559999465942383,25.56999969482422,11749,0.0,0.0,0.0
2024-09-06 14:30:00-04:00,25.56999969482422,25.58989906311035,25.559999465942383,25.565000534057617,29516,0.0,0.0,0.0
2024-09-06 15:30:00-04:00,25.565000534057617,25.579999923706055,25.559999465942383,25.575000762939453,12890,0.0,0.0,0.0
2024-09-09 09:30:00-04:00,25.59000015258789,25.59000015258789,25.549999237060547,25.579999923706055,0,0.0,0.0,0.0
2024-09-09 10:30:00-04:00,25.579999923706055,25.600000381469727,25.575000762939453,25.584999084472656,14625,0.0,0.0,0.0
2024-09-09 11:30:00-04:00,25.584999084472656,25.608699798583984,25.579999923706055,25.60449981689453,13204,0.0,0.0,0.0
2024-09-09 12:30:00-04:00,25.604999542236328,25.625,25.600000381469727,25.6200008392334,7441,0.0,0.0,0.0
2024-09-09 13:30:00-04:00,25.625,25.625,25.595699310302734,25.6200008392334,24277,0.0,0.0,0.0
2024-09-09 14:30:00-04:00,25.610000610351562,25.638700485229492,25.600000381469727,25.6200008392334,13997,0.0,0.0,0.0
2024-09-09 15:30:00-04:00,25.6200008392334,25.6299991607666,25.610000610351562,25.610000610351562,9276,0.0,0.0,0.0
2024-09-10 09:30:00-04:00,25.670000076293945,25.670000076293945,25.610000610351562,25.635000228881836,0,0.0,0.0,0.0
2024-09-10 10:30:00-04:00,25.6299991607666,25.647899627685547,25.622699737548828,25.647899627685547,7765,0.0,0.0,0.0
2024-09-10 11:30:00-04:00,25.649999618530273,25.670000076293945,25.649999618530273,25.649999618530273,7743,0.0,0.0,0.0
2024-09-10 12:30:00-04:00,25.649999618530273,25.655000686645508,25.625699996948242,25.639999389648438,15068,0.0,0.0,0.0
2024-09-10 13:30:00-04:00,25.649999618530273,25.679899215698242,25.649999618530273,25.670000076293945,14233,0.0,0.0,0.0
2024-09-10 14:30:00-04:00,25.670000076293945,25.68000030517578,25.65999984741211,25.674999237060547,20679,0.0,0.0,0.0
2024-09-10 15:30:00-04:00,25.670000076293945,25.68600082397461,25.670000076293945,25.68000030517578,6532,0.0,0.0,0.0
2024-09-11 09:30:00-04:00,25.700000762939453,25.704999923706055,25.625699996948242,25.689800262451172,0,0.0,0.0,0.0
2024-09-11 10:30:00-04:00,25.700000762939453,25.71500015258789,25.674999237060547,25.680099487304688,12908,0.0,0.0,0.0
2024-09-11 11:30:00-04:00,25.684999465942383,25.690000534057617,25.645000457763672,25.645000457763672,16409,0.0,0.0,0.0
2024-09-11 12:30:00-04:00,25.645000457763672,25.670000076293945,25.639999389648438,25.645000457763672,18255,0.0,0.0,0.0
2024-09-11 13:30:00-04:00,25.64349937438965,25.65999984741211,25.639999389648438,25.65999984741211,15164,0.0,0.0,0.0
2024-09-11 14:30:00-04:00,25.65999984741211,25.690000534057617,25.656299591064453,25.690000534057617,20048,0.0,0.0,0.0
2024-09-11 15:30:00-04:00,25.684999465942383,25.69499969482422,25.670000076293945,25.690000534057617,6097,0.0,0.0,0.0
2024-09-12 09:30:00-04:00,25.700000762939453,25.700000762939453,25.639999389648438,25.645000457763672,27483,0.0,0.0,0.0
2024-09-12 10:30:00-04:00,25.645000457763672,25.649999618530273,25.625,25.639999389648438,13779,0.0,0.0,0.0
2024-09-12 11:30:00-04:00,25.645000457763672,25.655000686645508,25.6299991607666,25.6299991607666,12719,0.0,0.0,0.0
2024-09-12 12:30:00-04:00,25.625,25.649999618530273,25.6200008392334,25.639999389648438,4860,0.0,0.0,0.0
2024-09-12 13:30:00-04:00,25.649999618530273,25.678600311279297,25.649999618530273,25.670000076293945,22515,0.0,0.0,0.0
2024-09-12 14:30:00-04:00,25.670000076293945,25.690000534057617,25.665000915527344,25.670000076293945,7900,0.0,0.0,0.0
2024-09-12 15:30:00-04:00,25.674999237060547,25.68600082397461,25.674999237060547,25.68000030517578,9650,0.0,0.0,0.0
2024-09-13 09:30:00-04:00,25.780000686645508,25.780000686645508,25.72249984741211,25.729999542236328,0,0.0,0.0,0.0
2024-09-13 10:30:00-04:00,25.735000610351562,25.739999771118164,25.729999542236328,25.739999771118164,5993,0.0,0.0,0.0
2024-09-13 11:30:00-04:00,25.75,25.760000228881836,25.739999771118164,25.760000228881836,6860,0.0,0.0,0.0
2024-09-13 12:30:00-04:00,25.764999389648438,25.774999618530273,25.760000228881836,25.760000228881836,3660,0.0,0.0,0.0
2024-09-13 13:30:00-04:00,25.760000228881836,25.77869987487793,25.760000228881836,25.760000228881836,5949,0.0,0.0,0.0
2024-09-13 14:30:00-04:00,25.770000457763672,25.770000457763672,25.75,25.760000228881836,18702,0.0,0.0,0.0
2024-09-13 15:30:00-04:00,25.75,25.760000228881836,25.739999771118164,25.739999771118164,16943,0.0,0.0,0.0
2024-09-16 09:30:00-04:00,25.760000228881836,25.780000686645508,25.729999542236328,25.780000686645508,0,0.0,0.0,0.0
2024-09-16 10:30:00-04:00,25.774999618530273,25.80500030517578,25.770000457763672,25.80500030517578,11334,0.0,0.0,0.0
2024-09-16 11:30:00-04:00,25.799999237060547,25.809999465942383,25.790000915527344,25.799999237060547,7948,0.0,0.0,0.0
2024-09-16 12:30:00-04:00,25.809999465942383,25.81999969482422,25.799999237060547,25.809999465942383,8959,0.0,0.0,0.0
2024-09-16 13:30:00-04:00,25.809999465942383,25.829999923706055,25.799999237060547,25.799999237060547,12748,0.0,0.0,0.0
2024-09-16 14:30:00-04:00,25.809999465942383,25.825000762939453,25.809999465942383,25.81999969482422,12295,0.0,0.0,0.0
2024-09-16 15:30:00-04:00,25.819799423217773,25.829999923706055,25.809999465942383,25.81999969482422,9102,0.0,0.0,0.0
2024-09-17 09:30:00-04:00,25.8700008392334,25.8700008392334,25.770000457763672,25.790000915527344,18628,0.0,0.0,0.0
2024-09-17 10:30:00-04:00,25.79990005493164,25.809999465942383,25.790000915527344,25.791099548339844,19358,0.0,0.0,0.0
2024-09-17 11:30:00-04:00,25.799999237060547,25.80500030517578,25.780000686645508,25.780000686645508,13774,0.0,0.0,0.0
2024-09-17 12:30:00-04:00,25.78638458251953,25.798999786376953,25.770099639892578,25.798999786376953,12684,0.0,0.0,0.0
2024-09-17 13:30:00-04:00,25.790000915527344,25.809999465942383,25.780000686645508,25.809799194335938,19894,0.0,0.0,0.0
2024-09-17 14:30:00-04:00,25.809999465942383,25.815000534057617,25.790000915527344,25.80500030517578,20503,0.0,0.0,0.0
2024-09-17 15:30:00-04:00,25.808700561523438,25.809900283813477,25.799999237060547,25.799999237060547,11346,0.0,0.0,0.0
2024-09-18 09:30:00-04:00,25.799999237060547,25.84000015258789,25.739999771118164,25.739999771118164,16843,0.0,0.0,0.0
2024-09-18 10:30:00-04:00,25.739999771118164,25.7549991607666,25.738800048828125,25.7549991607666,4043,0.0,0.0,0.0
2024-09-18 11:30:00-04:00,25.760000228881836,25.764999389648438,25.7549991607666,25.760000228881836,9614,0.0,0.0,0.0
2024-09-18 12:30:00-04:00,25.761199951171875,25.790000915527344,25.760000228881836,25.780000686645508,12811,0.0,0.0,0.0
2024-09-18 13:30:00-04:00,25.795000076293945,25.889999389648438,25.75,25.84000015258789,32276,0.0,0.0,0.0
2024-09-18 14:30:00-04:00,25.829999923706055,25.8799991607666,25.739999771118164,25.780000686645508,10694,0.0,0.0,0.0
2024-09-18 15:30:00-04:00,25.774999618530273,25.780000686645508,25.739900588989258,25.739999771118164,18972,0.0,0.0,0.0
2024-09-19 09:30:00-04:00,25.760000228881836,25.760000228881836,25.707799911499023,25.739999771118164,7014,0.0,0.0,0.0
2024-09-19 10:30:00-04:00,25.75,25.77899932861328,25.75,25.760000228881836,6292,0.0,0.0,0.0
2024-09-19 11:30:00-04:00,25.769899368286133,25.769899368286133,25.739999771118164,25.75,20362,0.0,0.0,0.0
2024-09-19 12:30:00-04:00,25.760000228881836,25.760000228881836,25.72010040283203,25.739999771118164,4495,0.0,0.0,0.0
2024-09-19 13:30:00-04:00,25.739900588989258,25.74880027770996,25.735000610351562,25.7450008392334,38275,0.0,0.0,0.0
2024-09-19 14:30:00-04:00,25.739999771118164,25.75672149658203,25.738000869750977,25.739999771118164,31379,0.0,0.0,0.0
2024-09-19 15:30:00-04:00,25.739999771118164,25.760000228881836,25.739999771118164,25.760000228881836,7781,0.0,0.0,0.0
2024-09-20 09:30:00-04:00,25.760000228881836,25.760000228881836,25.690000534057617,25.69260025024414,21156,0.0,0.0,0.0
2024-09-20 10:30:00-04:00,25.690000534057617,25.699899673461914,25.689899444580078,25.690000534057617,6611,0.0,0.0,0.0
2024-09-20 11:30:00-04:00,25.690000534057617,25.760000228881836,25.689899444580078,25.760000228881836,17139,0.0,0.0,0.0
2024-09-20 12:30:00-04:00,25.760000228881836,25.780000686645508,25.7549991607666,25.774999618530273,11606,0.0,0.0,0.0
2024-09-20 13:30:00-04:00,25.77989959716797,25.77989959716797,25.739999771118164,25.764999389648438,43436,0.0,0.0,0.0
2024-09-20 14:30:00-04:00,25.760000228881836,25.770000457763672,25.760000228881836,25.770000457763672,31207,0.0,0.0,0.0
2024-09-20 15:30:00-04:00,25.770000457763672,25.77829933166504,25.7549991607666,25.760000228881836,7654,0.0,0.0,0.0
2024-09-23 09:30:00-04:00,25.709999084472656,25.729999542236328,25.670000076293945,25.684999465942383,22452,0.0,0.0,0.0
2024-09-23 10:30:00-04:00,25.684999465942383,25.704999923706055,25.68000030517578,25.700000762939453,23659,0.0,0.0,0.0
2024-09-23 11:30:00-04:00,25.690000534057617,25.75,25.690000534057617,25.75,18438,0.0,0.0,0.0
2024-09-23 12:30:00-04:00,25.741300582885742,25.770000457763672,25.741300582885742,25.764999389648438,43352,0.0,0.0,0.0
2024-09-23 13:30:00-04:00,25.760000228881836,25.770000457763672,25.739999771118164,25.7450008392334,44066,0.0,0.0,0.0
2024-09-23 14:30:00-04:00,25.7450008392334,25.799999237060547,25.739999771118164,25.760000228881836,341028,0.0,0.0,0.0
2024-09-23 15:30:00-04:00,25.7549991607666,25.760000228881836,25.739999771118164,25.739999771118164,27878,0.0,0.0,0.0
2024-09-24 09:30:00-04:00,25.700000762939453,25.75,25.649999618530273,25.75,0,0.0,0.0,0.0
2024-09-24 10:30:00-04:00,25.739999771118164,25.770000457763672,25.739999771118164,25.758499145507812,26429,0.0,0.0,0.0
2024-09-24 11:30:00-04:00,25.760000228881836,25.760099411010742,25.739999771118164,25.760000228881836,10509,0.0,0.0,0.0
2024-09-24 12:30:00-04:00,25.760000228881836,25.760000228881836,25.7450008392334,25.760000228881836,4494,0.0,0.0,0.0
2024-09-24 13:30:00-04:00,25.7549991607666,25.790000915527344,25.75,25.790000915527344,43271,0.0,0.0,0.0
2024-09-24 14:30:00-04:00,25.790000915527344,25.790000915527344,25.770000457763672,25.78499984741211,24487,0.0,0.0,0.0
2024-09-24 15:30:00-04:00,25.780000686645508,25.790000915527344,25.780000686645508,25.78499984741211,10266,0.0,0.0,0.0
2024-09-25 09:30:00-04:00,25.75,25.75,25.670000076293945,25.670000076293945,0,0.0,0.0,0.0
2024-09-25 10:30:00-04:00,25.704999923706055,25.709999084472656,25.690000534057617,25.690000534057617,22886,0.0,0.0,0.0
2024-09-25 11:30:00-04:00,25.690000534057617,25.709999084472656,25.690000534057617,25.709299087524414,16832,0.0,0.0,0.0
2024-09-25 12:30:00-04:00,25.70009994506836,25.709999084472656,25.690000534057617,25.690000534057617,5319,0.0,0.0,0.0
2024-09-25 13:30:00-04:00,25.690000534057617,25.708799362182617,25.690000534057617,25.696300506591797,12713,0.0,0.0,0.0
2024-09-25 14:30:00-04:00,25.702999114990234,25.702999114990234,25.690000534057617,25.690000534057617,10248,0.0,0.0,0.0
2024-09-25 15:30:00-04:00,25.690000534057617,25.690000534057617,25.68000030517578,25.684999465942383,14968,0.0,0.0,0.0
2024-09-26 09:30:00-04:00,25.709999084472656,25.7539005279541,25.654499053955078,25.65999984741211,28707,0.0,0.0,0.0
2024-09-26 10:30:00-04:00,25.6299991607666,25.670000076293945,25.6299991607666,25.649999618530273,8790,0.0,0.0,0.0
2024-09-26 11:30:00-04:00,25.645000457763672,25.659500122070312,25.6299991607666,25.639999389648438,14615,0.0,0.0,0.0
2024-09-26 12:30:00-04:00,25.648700714111328,25.670000076293945,25.6299991607666,25.65999984741211,27685,0.0,0.0,0.0
2024-09-26 13:30:00-04:00,25.655000686645508,25.679800033569336,25.655000686645508,25.67690086364746,33071,0.0,0.0,0.0
2024-09-26 14:30:00-04:00,25.674999237060547,25.68709945678711,25.670000076293945,25.684999465942383,27392,0.0,0.0,0.0
2024-09-26 15:30:00-04:00,25.689899444580078,25.689899444580078,25.67009925842285,25.674999237060547,21775,0.0,0.0,0.0
2024-09-27 09:30:00-04:00,25.690000534057617,25.739999771118164,25.690000534057617,25.729999542236328,180809,0.0,0.0,0.0
2024-09-27 10:30:00-04:00,25.710100173950195,25.737699508666992,25.710100173950195,25.73040008544922,6642,0.0,0.0,0.0
2024-09-27 11:30:00-04:00,25.729999542236328,25.760000228881836,25.729999542236328,25.7549991607666,11121,0.0,0.0,0.0
2024-09-27 12:30:00-04:00,25.7549991607666,25.768699645996094,25.7549991607666,25.764999389648438,20733,0.0,0.0,0.0
2024-09-27 13:30:00-04:00,25.764999389648438,25.769899368286133,25.760000228881836,25.760000228881836,6175,0.0,0.0,0.0
2024-09-27 14:30:00-04:00,25.764999389648438,25.770000457763672,25.74810028076172,25.760000228881836,14991,0.0,0.0,0.0
2024-09-27 15:30:00-04:00,25.758499145507812,25.760000228881836,25.741300582885742,25.760000228881836,16025,0.0,0.0,0.0
2024-09-30 09:30:00-04:00,25.729999542236328,25.760000228881836,25.725000381469727,25.739999771118164,0,0.0,0.0,0.0
2024-09-30 10:30:00-04:00,25.75,25.760000228881836,25.725000381469727,25.729999542236328,12991,0.0,0.0,0.0
2024-09-30 11:30:00-04:00,25.719999313354492,25.729999542236328,25.704999923706055,25.719999313354492,27598,0.0,0.0,0.0
2024-09-30 12:30:00-04:00,25.739999771118164,25.746000289916992,25.738000869750977,25.741600036621094,2686,0.0,0.0,0.0
2024-09-30 13:30:00-04:00,25.75040054321289,25.75040054321289,25.689899444580078,25.689899444580078,13077,0.0,0.0,0.0
2024-09-30 14:30:00-04:00,25.708499908447266,25.719999313354492,25.69529914855957,25.700000762939453,10077,0.0,0.0,0.0
2024-09-30 15:30:00-04:00,25.69499969482422,25.719999313354492,25.690000534057617,25.719999313354492,13432,0.0,0.0,0.0
2024-10-01 09:30:00-04:00,25.6299991607666,25.760000228881836,25.6299991607666,25.700000762939453,0,0.0,0.0,0.0
2024-10-01 10:30:00-04:00,25.71780014038086,25.71780014038086,25.688800811767578,25.690000534057617,7655,0.0,0.0,0.0
2024-10-01 11:30:00-04:00,25.69499969482422,25.73349952697754,25.69070053100586,25.73349952697754,14935,0.0,0.0,0.0
2024-10-01 12:30:00-04:00,25.739999771118164,25.748300552368164,25.709999084472656,25.709999084472656,10154,0.0,0.0,0.0
2024-10-01 13:30:00-04:00,25.690000534057617,25.690000534057617,25.67009925842285,25.68000030517578,8941,0.0,0.0,0.0
2024-10-01 14:30:00-04:00,25.68000030517578,25.70870018005371,25.68000030517578,25.70870018005371,11005,0.0,0.0,0.0
2024-10-01 15:30:00-04:00,25.708099365234375,25.719999313354492,25.690000534057617,25.71500015258789,19508,0.0,0.0,0.0
2024-10-02 09:30:00-04:00,25.639999389648438,25.639999389648438,25.574100494384766,25.618999481201172,0,0.0,0.0,0.0
2024-10-02 10:30:00-04:00,25.610000610351562,25.639999389648438,25.600099563598633,25.635000228881836,22505,0.0,0.0,0.0
2024-10-02 11:30:00-04:00,25.63800048828125,25.665000915527344,25.63800048828125,25.655000686645508,6214,0.0,0.0,0.0
2024-10-02 12:30:00-04:00,25.649999618530273,25.649999618530273,25.63249969482422,25.64900016784668,21865,0.0,0.0,0.0
2024-10-02 13:30:00-04:00,25.65999984741211,25.679899215698242,25.65999984741211,25.670000076293945,6608,0.0,0.0,0.0
2024-10-02 14:30:00-04:00,25.674999237060547,25.679899215698242,25.665000915527344,25.679100036621094,14105,0.0,0.0,0.0
2024-10-02 15:30:00-04:00,25.674999237060547,25.678199768066406,25.670000076293945,25.670000076293945,2852,0.0,0.0,0.0
2024-10-03 09:30:00-04:00,25.600000381469727,25.6200008392334,25.56999969482422,25.579999923706055,0,0.0,0.0,0.0
2024-10-03 10:30:00-04:00,25.579999923706055,25.61870002746582,25.571500778198242,25.609800338745117,10091,0.0,0.0,0.0
2024-10-03 11:30:00-04:00,25.610000610351562,25.610000610351562,25.590499877929688,25.59819984436035,5000,0.0,0.0,0.0
2024-10-03 12:30:00-04:00,25.592500686645508,25.592500686645508,25.571800231933594,25.575000762939453,9517,0.0,0.0,0.0
2024-10-03 13:30:00-04:00,25.579999923706055,25.59000015258789,25.573400497436523,25.584999084472656,6848,0.0,0.0,0.0
2024-10-03 14:30:00-04:00,25.58989906311035,25.58989906311035,25.561199188232422,25.565000534057617,24761,0.0,0.0,0.0
2024-10-03 15:30:00-04:00,25.565000534057617,25.56999969482422,25.55500030517578,25.55500030517578,0,0.0,0.0,0.0
2024-10-04 09:30:00-04:00,25.469999313354492,25.469999313354492,25.409799575805664,25.40999984741211,19061,0.0,0.0,0.0
2024-10-04 10:30:00-04:00,25.409099578857422,25.428800582885742,25.389999389648438,25.399999618530273,5955,0.0,0.0,0.0
2024-10-04 11:30:00-04:00,25.399999618530273,25.427799224853516,25.38129997253418,25.389999389648438,12956,0.0,0.0,0.0
2024-10-04 12:30:00-04:00,25.399900436401367,25.399900436401367,25.390100479125977,25.398000717163086,2986,0.0,0.0,0.0
2024-10-04 13:30:00-04:00,25.395000457763672,25.409900665283203,25.389999389648438,25.395299911499023,6638,0.0,0.0,0.0
2024-10-04 14:30:00-04:00,25.399999618530273,25.405000686645508,25.385000228881836,25.395000457763672,16876,0.0,0.0,0.0
2024-10-04 15:30:00-04:00,25.39900016784668,25.40999984741211,25.395000457763672,25.399999618530273,10375,0.0,0.0,0.0
2024-10-07 09:30:00-04:00,25.34000015258789,25.360000610351562,25.325000762939453,25.334999084472656,0,0.0,0.0,0.0
2024-10-07 10:30:00-04:00,25.329999923706055,25.350000381469727,25.321300506591797,25.350000381469727,13381,0.0,0.0,0.0
2024-10-07 11:30:00-04:00,25.344999313354492,25.344999313354492,25.31999969482422,25.31999969482422,309015,0.0,0.0,0.0
2024-10-07 12:30:00-04:00,25.320899963378906,25.344999313354492,25.31999969482422,25.34000015258789,66902,0.0,0.0,0.0
2024-10-07 13:30:00-04:00,25.349899291992188,25.349899291992188,25.322500228881836,25.334999084472656,17710,0.0,0.0,0.0
2024-10-07 14:30:00-04:00,25.329999923706055,25.339000701904297,25.30500030517578,25.316600799560547,0,0.0,0.0,0.0
2024-10-07 15:30:00-04:00,25.315000534057617,25.31800079345703,25.301799774169922,25.30500030517578,0,0.0,0.0,0.0
2024-10-08 09:30:00-04:00,25.299999237060547,25.299999237060547,25.190000534057617,25.290000915527344,13524,0.0,0.0,0.0
2024-10-08 10:30:00-04:00,25.290000915527344,25.30500030517578,25.280000686645508,25.30500030517578,28972,0.0,0.0,0.0
2024-10-08 11:30:00-04:00,25.30500030517578,25.30970001220703,25.299999237060547,25.299999237060547,19028,0.0,0.0,0.0
2024-10-08 12:30:00-04:00,25.301000595092773,25.309999465942383,25.299999237060547,25.30500030517578,25242,0.0,0.0,0.0
2024-10-08 13:30:00-04:00,25.30500030517578,25.31999969482422,25.299999237060547,25.315000534057617,24773,0.0,0.0,0.0
2024-10-08 14:30:00-04:00,25.315000534057617,25.31999969482422,25.309999465942383,25.315000534057617,47766,0.0,0.0,0.0
2024-10-08 15:30:00-04:00,25.315000534057617,25.350000381469727,25.315000534057617,25.34000015258789,31531,0.0,0.0,0.0
2024-10-09 09:30:00-04:00,25.309999465942383,25.315000534057617,25.299999237060547,25.30150032043457,0,0.0,0.0,0.0
2024-10-09 10:30:00-04:00,25.30739974975586,25.31999969482422,25.299999237060547,25.311199188232422,9087,0.0,0.0,0.0
2024-10-09 11:30:00-04:00,25.315000534057617,25.319900512695312,25.300800323486328,25.300800323486328,8441,0.0,0.0,0.0
2024-10-09 12:30:00-04:00,25.30150032043457,25.309900283813477,25.280000686645508,25.280000686645508,20286,0.0,0.0,0.0
2024-10-09 13:30:00-04:00,25.28499984741211,25.295000076293945,25.270000457763672,25.290000915527344,11878,0.0,0.0,0.0
2024-10-09 14:30:00-04:00,25.292699813842773,25.299999237060547,25.290000915527344,25.295000076293945,40453,0.0,0.0,0.0
2024-10-09 15:30:00-04:00,25.290000915527344,25.299999237060547,25.280000686645508,25.295000076293945,13231,0.0,0.0,0.0
2024-10-10 09:30:00-04:00,25.309999465942383,25.309999465942383,25.264999389648438,25.280000686645508,0,0.0,0.0,0.0
2024-10-10 10:30:00-04:00,25.264999389648438,25.28499984741211,25.25,25.280000686645508,11966,0.0,0.0,0.0
2024-10-10 11:30:00-04:00,25.28499984741211,25.299999237060547,25.27989959716797,25.299999237060547,7161,0.0,0.0,0.0
2024-10-10 12:30:00-04:00,25.299999237060547,25.299999237060547,25.225000381469727,25.225000381469727,9806,0.0,0.0,0.0
2024-10-10 13:30:00-04:00,25.247058868408203,25.280000686645508,25.247058868408203,25.274999618530273,49696,0.0,0.0,0.0
2024-10-10 14:30:00-04:00,25.274999618530273,25.28499984741211,25.270000457763672,25.274999618530273,66484,0.0,0.0,0.0
2024-10-10 15:30:00-04:00,25.274999618530273,25.299999237060547,25.274999618530273,25.295000076293945,11501,0.0,0.0,0.0
2024-10-11 09:30:00-04:00,25.209999084472656,25.290000915527344,25.209999084472656,25.280899047851562,0,0.0,0.0,0.0
2024-10-11 10:30:00-04:00,25.290000915527344,25.316200256347656,25.290000915527344,25.316200256347656,1717,0.0,0.0,0.0
2024-10-11 11:30:00-04:00,25.33009910583496,25.33009910583496,25.31999969482422,25.329999923706055,5983,0.0,0.0,0.0
2024-10-11 12:30:00-04:00,25.334999084472656,25.339000701904297,25.329999923706055,25.329999923706055,3789,0.0,0.0,0.0
2024-10-11 13:30:00-04:00,25.329999923706055,25.329999923706055,25.315000534057617,25.329999923706055,2116,0.0,0.0,0.0
2024-10-11 14:30:00-04:00,25.329999923706055,25.334999084472656,25.315000534057617,25.315000534057617,11316,0.0,0.0,0.0
2024-10-11 15:30:00-04:00,25.318599700927734,25.319000244140625,25.30500030517578,25.30500030517578,19914,0.0,0.0,0.0
2024-10-14 09:30:00-04:00,25.25,25.25,25.229999542236328,25.2450008392334,0,0.0,0.0,0.0
2024-10-14 10:30:00-04:00,25.2450008392334,25.260000228881836,25.233753204345703,25.25,22222,0.0,0.0,0.0
2024-10-14 11:30:00-04:00,25.2549991607666,25.260000228881836,25.250900268554688,25.260000228881836,7842,0.0,0.0,0.0
2024-10-14 12:30:00-04:00,25.2549991607666,25.280000686645508,25.2549991607666,25.2549991607666,11113,0.0,0.0,0.0
2024-10-14 13:30:00-04:00,25.2549991607666,25.260000228881836,25.25,25.250900268554688,5038,0.0,0.0,0.0
2024-10-14 14:30:00-04:00,25.268999099731445,25.290000915527344,25.2549991607666,25.290000915527344,12774,0.0,0.0,0.0
2024-10-14 15:30:00-04:00,25.290000915527344,25.299999237060547,25.290000915527344,25.295000076293945,2491,0.0,0.0,0.0
2024-10-15 09:30:00-04:00,25.329999923706055,25.399900436401367,25.329999923706055,25.375,0,0.0,0.0,0.0
2024-10-15 10:30:00-04:00,25.374099731445312,25.388599395751953,25.360000610351562,25.364999771118164,15852,0.0,0.0,0.0
2024-10-15 11:30:00-04:00,25.364999771118164,25.389999389648438,25.364999771118164,25.385000228881836,6754,0.0,0.0,0.0
2024-10-15 12:30:00-04:00,25.3799991607666,25.389999389648438,25.375,25.389999389648438,9864,0.0,0.0,0.0
2024-10-15 13:30:00-04:00,25.385000228881836,25.395000457763672,25.3799991607666,25.395000457763672,7002,0.0,0.0,0.0
2024-10-15 14:30:00-04:00,25.399999618530273,25.415000915527344,25.389999389648438,25.415000915527344,25286,0.0,0.0,0.0
2024-10-15 15:30:00-04:00,25.41860008239746,25.41860008239746,25.395000457763672,25.395000457763672,8539,0.0,0.0,0.0
2024-10-16 09:30:00-04:00,25.420000076293945,25.43000030517578,25.417499542236328,25.420700073242188,0,0.0,0.0,0.0
2024-10-16 10:30:00-04:00,25.428699493408203,25.454999923706055,25.420000076293945,25.454999923706055,5685,0.0,0.0,0.0
2024-10-16 11:30:00-04:00,25.454999923706055,25.454999923706055,25.43869972229004,25.440000534057617,22654,0.0,0.0,0.0
2024-10-16 12:30:00-04:00,25.448699951171875,25.448999404907227,25.440000534057617,25.44499969482422,2975,0.0,0.0,0.0
2024-10-16 13:30:00-04:00,25.440000534057617,25.44969940185547,25.43120002746582,25.44070053100586,6603,0.0,0.0,0.0
2024-10-16 14:30:00-04:00,25.44499969482422,25.450000762939453,25.43899917602539,25.440000534057617,11194,0.0,0.0,0.0
2024-10-16 15:30:00-04:00,25.44070053100586,25.44499969482422,25.43120002746582,25.44499969482422,0,0.0,0.0,0.0
2024-10-17 09:30:00-04:00,25.3700008392334,25.3799991607666,25.338499069213867,25.338499069213867,7129,0.0,0.0,0.0
2024-10-17 10:30:00-04:00,25.334999084472656,25.344999313354492,25.31999969482422,25.33880043029785,16441,0.0,0.0,0.0
2024-10-17 11:30:00-04:00,25.34000015258789,25.349199295043945,25.31999969482422,25.31999969482422,9359,0.0,0.0,0.0
2024-10-17 12:30:00-04:00,25.32990074157715,25.329999923706055,25.320100784301758,25.326332092285156,3223,0.0,0.0,0.0
2024-10-17 13:30:00-04:00,25.325000762939453,25.325000762939453,25.309999465942383,25.315000534057617,11186,0.0,0.0,0.0
2024-10-17 14:30:00-04:00,25.31599998474121,25.328399658203125,25.310100555419922,25.325000762939453,375503,0.0,0.0,0.0
2024-10-17 15:30:00-04:00,25.325000762939453,25.329999923706055,25.315000534057617,25.329999923706055,34394,0.0,0.0,0.0
2024-10-18 09:30:00-04:00,25.360000610351562,25.3799991607666,25.34000015258789,25.344999313354492,0,0.0,0.0,0.0
2024-10-18 10:30:00-04:00,25.344999313354492,25.346599578857422,25.329999923706055,25.334999084472656,7804,0.0,0.0,0.0
2024-10-18 11:30:00-04:00,25.34000015258789,25.34000015258789,25.334999084472656,25.33839988708496,4648,0.0,0.0,0.0
2024-10-18 12:30:00-04:00,25.33880043029785,25.34600067138672,25.334999084472656,25.334999084472656,12920,0.0,0.0,0.0
2024-10-18 13:30:00-04:00,25.334999084472656,25.34000015258789,25.31999969482422,25.33009910583496,15169,0.0,0.0,0.0
2024-10-18 14:30:00-04:00,25.329999923706055,25.338199615478516,25.31999969482422,25.321699142456055,15440,0.0,0.0,0.0
2024-10-18 15:30:00-04:00,25.325000762939453,25.32830047607422,25.310100555419922,25.315000534057617,4560,0.0,0.0,0.0
2024-10-21 09:30:00-04:00,25.239999771118164,25.239999771118164,25.18400001525879,25.18400001525879,0,0.0,0.0,0.0
2024-10-21 10:30:00-04:00,25.18000030517578,25.18000030517578,25.139999389648438,25.139999389648438,12688,0.0,0.0,0.0
2024-10-21 11:30:00-04:00,25.138900756835938,25.149900436401367,25.1299991607666,25.1299991607666,9047,0.0,0.0,0.0
2024-10-21 12:30:00-04:00,25.137100219726562,25.13949966430664,25.12980079650879,25.13170051574707,15719,0.0,0.0,0.0
2024-10-21 13:30:00-04:00,25.135000228881836,25.149900436401367,25.135000228881836,25.138999938964844,10473,0.0,0.0,0.0
2024-10-21 14:30:00-04:00,25.130699157714844,25.139999389648438,25.125,25.135000228881836,183794,0.0,0.0,0.0
2024-10-21 15:30:00-04:00,25.135000228881836,25.135000228881836,25.114999771118164,25.114999771118164,10766,0.0,0.0,0.0
2024-10-22 09:30:00-04:00,25.149999618530273,25.16119956970215,25.100000381469727,25.100000381469727,11001,0.0,0.0,0.0
2024-10-22 10:30:00-04:00,25.09000015258789,25.107900619506836,25.09000015258789,25.09000015258789,20405,0.0,0.0,0.0
2024-10-22 11:30:00-04:00,25.09000015258789,25.09000015258789,25.070100784301758,25.09000015258789,17534,0.0,0.0,0.0
2024-10-22 12:30:00-04:00,25.08880043029785,25.100000381469727,25.080699920654297,25.089000701904297,11544,0.0,0.0,0.0
2024-10-22 13:30:00-04:00,25.08289909362793,25.127899169921875,25.08289909362793,25.114999771118164,16926,0.0,0.0,0.0
2024-10-22 14:30:00-04:00,25.110000610351562,25.110000610351562,25.090499877929688,25.109800338745117,21649,0.0,0.0,0.0
2024-10-22 15:30:00-04:00,25.110000610351562,25.1200008392334,25.110000610351562,25.114999771118164,4148,0.0,0.0,0.0
2024-10-23 09:30:00-04:00,25.06999969482422,25.06999969482422,25.020000457763672,25.03499984741211,0,0.0,0.0,0.0
2024-10-23 10:30:00-04:00,25.02899932861328,25.049999237060547,25.024999618530273,25.049999237060547,12679,0.0,0.0,0.0
2024-10-23 11:30:00-04:00,25.059999465942383,25.084999084472656,25.059999465942383,25.065000534057617,18198,0.0,0.0,0.0
2024-10-23 12:30:00-04:00,25.059999465942383,25.06999969482422,25.040000915527344,25.040000915527344,4523,0.0,0.0,0.0
2024-10-23 13:30:00-04:00,25.03499984741211,25.03499984741211,25.014999389648438,25.030000686645508,7317,0.0,0.0,0.0
2024-10-23 14:30:00-04:00,25.03619956970215,25.048799514770508,25.020700454711914,25.048799514770508,13509,0.0,0.0,0.0
2024-10-23 15:30:00-04:00,25.048900604248047,25.049999237060547,25.04400062561035,25.045000076293945,15484,0.0,0.0,0.0
2024-10-24 09:30:00-04:00,25.079999923706055,25.079999923706055,25.059999465942383,25.06999969482422,6685,0.0,0.0,0.0
2024-10-24 10:30:00-04:00,25.075000762939453,25.1200008392334,25.075000762939453,25.117599487304688,14474,0.0,0.0,0.0
2024-10-24 11:30:00-04:00,25.11989974975586,25.1200008392334,25.110000610351562,25.114999771118164,14627,0.0,0.0,0.0
2024-10-24 12:30:00-04:00,25.1200008392334,25.1299991607666,25.11009979248047,25.1299991607666,15388,0.0,0.0,0.0
2024-10-24 13:30:00-04:00,25.139999389648438,25.139999389648438,25.120100021362305,25.125,9027,0.0,0.0,0.0
2024-10-24 14:30:00-04:00,25.1299991607666,25.1299991607666,25.104999542236328,25.110000610351562,19987,0.0,0.0,0.0
2024-10-24 15:30:00-04:00,25.104999542236328,25.110000610351562,25.100000381469727,25.100000381469727,19560,0.0,0.0,0.0
2024-10-25 09:30:00-04:00,25.139999389648438,25.15999984741211,25.139999389648438,25.140100479125977,0,0.0,0.0,0.0
2024-10-25 10:30:00-04:00,25.118000030517578,25.1299991607666,25.110700607299805,25.1299991607666,7228,0.0,0.0,0.0
2024-10-25 11:30:00-04:00,25.11079978942871,25.1200008392334,25.10099983215332,25.110000610351562,8856,0.0,0.0,0.0
2024-10-25 12:30:00-04:00,25.104000091552734,25.11989974975586,25.099000930786133,25.110000610351562,44609,0.0,0.0,0.0
2024-10-25 13:30:00-04:00,25.10650062561035,25.10650062561035,25.090900421142578,25.094999313354492,2579,0.0,0.0,0.0
2024-10-25 14:30:00-04:00,25.090099334716797,25.099700927734375,25.05500030517578,25.05500030517578,60681,0.0,0.0,0.0
2024-10-25 15:30:00-04:00,25.054000854492188,25.065000534057617,25.053499221801758,25.05500030517578,8632,0.0,0.0,0.0
2024-10-28 09:30:00-04:00,25.040000915527344,25.079999923706055,25.040000915527344,25.063800811767578,26380,0.0,0.0,0.0
2024-10-28 10:30:00-04:00,25.069799423217773,25.07990074157715,25.047096252441406,25.0492000579834,29311,0.0,0.0,0.0
2024-10-28 11:30:00-04:00,25.044099807739258,25.045000076293945,25.010000228881836,25.020000457763672,20125,0.0,0.0,0.0
2024-10-28 12:30:00-04:00,25.020000457763672,25.020000457763672,25.0,25.0,7434,0.0,0.0,0.0
2024-10-28 13:30:00-04:00,25.000699996948242,25.020000457763672,25.000699996948242,25.019899368286133,12793,0.0,0.0,0.0
2024-10-28 14:30:00-04:00,25.020000457763672,25.04840087890625,25.014999389648438,25.03499984741211,12942,0.0,0.0,0.0
2024-10-28 15:30:00-04:00,25.03499984741211,25.040000915527344,25.020000457763672,25.020000457763672,0,0.0,0.0,0.0
2024-10-29 09:30:00-04:00,25.0,25.0,24.920000076293945,24.985000610351562,20348,0.0,0.0,0.0
2024-10-29 10:30:00-04:00,24.989999771118164,24.989999771118164,24.959999084472656,24.959999084472656,8058,0.0,0.0,0.0
2024-10-29 11:30:00-04:00,24.958799362182617,24.968299865722656,24.958799362182617,24.960100173950195,5197,0.0,0.0,0.0
2024-10-29 12:30:00-04:00,24.96670150756836,25.00819969177246,24.940099716186523,25.000999450683594,9274,0.0,0.0,0.0
2024-10-29 13:30:00-04:00,25.0049991607666,25.024999618530273,24.989999771118164,25.024999618530273,1937,0.0,0.0,0.0
2024-10-29 14:30:00-04:00,25.030000686645508,25.049999237060547,25.02079963684082,25.030099868774414,22934,0.0,0.0,0.0
2024-10-29 15:30:00-04:00,25.03499984741211,25.059999465942383,25.03499984741211,25.05500030517578,15615,0.0,0.0,0.0
2024-10-30 09:30:00-04:00,25.079999923706055,25.1299991607666,25.079999923706055,25.08989906311035,0,0.0,0.0,0.0
2024-10-30 10:30:00-04:00,25.08989906311035,25.08989906311035,25.024999618530273,25.030000686645508,6407,0.0,0.0,0.0
2024-10-30 11:30:00-04:00,25.040000915527344,25.06999969482422,25.040000915527344,25.06999969482422,14886,0.0,0.0,0.0
2024-10-30 12:30:00-04:00,25.06999969482422,25.088899612426758,25.049999237060547,25.049999237060547,10651,0.0,0.0,0.0
2024-10-30 13:30:00-04:00,25.049999237060547,25.059999465942383,25.04520034790039,25.059999465942383,14804,0.0,0.0,0.0
2024-10-30 14:30:00-04:00,25.05500030517578,25.059999465942383,25.001800537109375,25.014999389648438,24710,0.0,0.0,0.0
2024-10-30 15:30:00-04:00,25.010000228881836,25.024999618530273,25.010000228881836,25.020000457763672,4988,0.0,0.0,0.0
2024-10-31 09:30:00-04:00,25.0,25.010000228881836,24.920000076293945,24.949199676513672,40584,0.0,0.0,0.0
2024-10-31 10:30:00-04:00,24.940000534057617,24.941600799560547,24.920000076293945,24.941600799560547,5703,0.0,0.0,0.0
2024-10-31 11:30:00-04:00,24.941699981689453,24.9950008392334,24.934099197387695,24.985000610351562,23468,0.0,0.0,0.0
2024-10-31 12:30:00-04:00,24.989999771118164,25.0,24.975000381469727,25.0,31890,0.0,0.0,0.0
2024-10-31 13:30:00-04:00,25.010000228881836,25.020000457763672,24.988500595092773,24.989999771118164,51473,0.0,0.0,0.0
2024-10-31 14:30:00-04:00,24.990100860595703,24.990100860595703,24.969999313354492,24.979999542236328,26576,0.0,0.0,0.0
2024-10-31 15:30:00-04:00,24.989999771118164,24.989999771118164,24.959999084472656,24.96500015258789,0,0.0,0.0,0.0
2024-11-01 09:30:00-04:00,24.920000076293945,24.940000534057617,24.862499237060547,24.885000228881836,15306,0.0,0.0,0.0
2024-11-01 10:30:00-04:00,24.885000228881836,24.885000228881836,24.80500030517578,24.825000762939453,18758,0.0,0.0,0.0
2024-11-01 11:30:00-04:00,24.829999923706055,24.829999923706055,24.790000915527344,24.813100814819336,5631,0.0,0.0,0.0
2024-11-01 12:30:00-04:00,24.809999465942383,24.818899154663086,24.80120086669922,24.80500030517578,7959,0.0,0.0,0.0
2024-11-01 13:30:00-04:00,24.80500030517578,24.80500030517578,24.774999618530273,24.780099868774414,24953,0.0,0.0,0.0
2024-11-01 14:30:00-04:00,24.78499984741211,24.789899826049805,24.770099639892578,24.77989959716797,46492,0.0,0.0,0.0
2024-11-01 15:30:00-04:00,24.774999618530273,24.780000686645508,24.75,24.75,63026,0.0,0.0,0.0
