Datetime,Open,High,Low,Close,Volume,Dividends,Stock Splits
2022-11-03 09:30:00-04:00,1.0700000524520874,1.0700000524520874,1.0099999904632568,1.0149999856948853,30219,0.0,0.0
2022-11-03 10:30:00-04:00,1.0198999643325806,1.0391000509262085,1.0198999643325806,1.0379999876022339,2390,0.0,0.0
2022-11-03 11:30:00-04:00,1.0299999713897705,1.0499999523162842,1.0199999809265137,1.0399999618530273,30110,0.0,0.0
2022-11-03 12:30:00-04:00,1.038699984550476,1.0499999523162842,1.0299999713897705,1.0299999713897705,9776,0.0,0.0
2022-11-03 13:30:00-04:00,1.0299999713897705,1.0299999713897705,1.0,1.0299999713897705,21037,0.0,0.0
2022-11-03 14:30:00-04:00,1.0358999967575073,1.0358999967575073,1.0125999450683594,1.0125999450683594,10796,0.0,0.0
2022-11-03 15:30:00-04:00,1.026900053024292,1.0399999618530273,1.0199999809265137,1.0399999618530273,17904,0.0,0.0
2022-11-04 09:30:00-04:00,1.0700000524520874,1.0943000316619873,1.0499999523162842,1.0499999523162842,60191,0.0,0.0
2022-11-04 10:30:00-04:00,1.059999942779541,1.0700000524520874,1.0505000352859497,1.0700000524520874,17705,0.0,0.0
2022-11-04 11:30:00-04:00,1.0604000091552734,1.0800000429153442,1.059999942779541,1.0800000429153442,13592,0.0,0.0
2022-11-04 12:30:00-04:00,1.0750000476837158,1.0800000429153442,1.0706000328063965,1.0750000476837158,3805,0.0,0.0
2022-11-04 13:30:00-04:00,1.0750000476837158,1.1098999977111816,1.0700000524520874,1.1049000024795532,25375,0.0,0.0
2022-11-04 14:30:00-04:00,1.0916999578475952,1.1200000047683716,1.0916999578475952,1.1200000047683716,22310,0.0,0.0
2022-11-04 15:30:00-04:00,1.1150000095367432,1.1200000047683716,1.1100000143051147,1.1200000047683716,14294,0.0,0.0
2022-11-07 09:30:00-05:00,1.1200000047683716,1.1699999570846558,1.1200000047683716,1.166200041770935,90354,0.0,0.0
2022-11-07 10:30:00-05:00,1.1500999927520752,1.1699999570846558,1.1500999927520752,1.1699999570846558,51891,0.0,0.0
2022-11-07 11:30:00-05:00,1.1799999475479126,1.190000057220459,1.1699999570846558,1.1890000104904175,13937,0.0,0.0
2022-11-07 12:30:00-05:00,1.190000057220459,1.2000000476837158,1.1799999475479126,1.190000057220459,27236,0.0,0.0
2022-11-07 13:30:00-05:00,1.1900999546051025,1.2000000476837158,1.190000057220459,1.1950000524520874,6695,0.0,0.0
2022-11-07 14:30:00-05:00,1.1950000524520874,1.2400000095367432,1.1950000524520874,1.218000054359436,79232,0.0,0.0
2022-11-07 15:30:00-05:00,1.2000000476837158,1.2200000286102295,1.2000000476837158,1.2000000476837158,28054,0.0,0.0
2022-11-08 09:30:00-05:00,1.2699999809265137,1.2799999713897705,1.2100000381469727,1.2300000190734863,75102,0.0,0.0
2022-11-08 10:30:00-05:00,1.2289999723434448,1.25,1.2230000495910645,1.25,13782,0.0,0.0
2022-11-08 11:30:00-05:00,1.25,1.25,1.2300000190734863,1.2352999448776245,22234,0.0,0.0
2022-11-08 12:30:00-05:00,1.2400000095367432,1.2697999477386475,1.2383999824523926,1.2400000095367432,43025,0.0,0.0
2022-11-08 13:30:00-05:00,1.2350000143051147,1.2400000095367432,1.2000000476837158,1.2000000476837158,48275,0.0,0.0
2022-11-08 14:30:00-05:00,1.2000999450683594,1.2050000429153442,1.1799999475479126,1.1799999475479126,9985,0.0,0.0
2022-11-08 15:30:00-05:00,1.190000057220459,1.2200000286102295,1.1799999475479126,1.1916999816894531,24102,0.0,0.0
2022-11-09 09:30:00-05:00,1.2000000476837158,1.2000000476837158,1.0700000524520874,1.1100000143051147,148754,0.0,0.0
2022-11-09 10:30:00-05:00,1.1050000190734863,1.1100000143051147,1.0399999618530273,1.0700000524520874,73869,0.0,0.0
2022-11-09 11:30:00-05:00,1.0789999961853027,1.0800000429153442,1.0499000549316406,1.0509999990463257,45869,0.0,0.0
2022-11-09 12:30:00-05:00,1.0549999475479126,1.100000023841858,1.0549999475479126,1.090000033378601,9895,0.0,0.0
2022-11-09 13:30:00-05:00,1.100000023841858,1.1100000143051147,1.100000023841858,1.1100000143051147,1987,0.0,0.0
2022-11-09 14:30:00-05:00,1.1100000143051147,1.1200000047683716,1.1080000400543213,1.1200000047683716,5249,0.0,0.0
2022-11-09 15:30:00-05:00,1.1200000047683716,1.1200000047683716,1.1050000190734863,1.1100000143051147,2941,0.0,0.0
2022-11-10 09:30:00-05:00,1.1100000143051147,1.1200000047683716,1.0800000429153442,1.090000033378601,35449,0.0,0.0
2022-11-10 10:30:00-05:00,1.0983999967575073,1.1100000143051147,1.0983999967575073,1.1050000190734863,13855,0.0,0.0
2022-11-10 11:30:00-05:00,1.1008000373840332,1.1100000143051147,1.100000023841858,1.100100040435791,3711,0.0,0.0
2022-11-10 12:30:00-05:00,1.100000023841858,1.1098999977111816,1.100000023841858,1.100000023841858,2428,0.0,0.0
2022-11-10 13:30:00-05:00,1.1050000190734863,1.1100000143051147,1.100000023841858,1.1100000143051147,10452,0.0,0.0
2022-11-10 14:30:00-05:00,1.1100000143051147,1.1100000143051147,1.100000023841858,1.1080000400543213,11174,0.0,0.0
2022-11-10 15:30:00-05:00,1.1100000143051147,1.1399999856948853,1.1100000143051147,1.1399999856948853,10110,0.0,0.0
2022-11-11 09:30:00-05:00,1.149999976158142,1.1749999523162842,1.1399999856948853,1.1649999618530273,23237,0.0,0.0
2022-11-11 10:30:00-05:00,1.159999966621399,1.1601999998092651,1.1299999952316284,1.1299999952316284,18962,0.0,0.0
2022-11-11 11:30:00-05:00,1.1308000087738037,1.1365000009536743,1.1299999952316284,1.1299999952316284,3107,0.0,0.0
2022-11-11 12:30:00-05:00,1.139299988746643,1.1399999856948853,1.1333999633789062,1.1333999633789062,5112,0.0,0.0
2022-11-11 13:30:00-05:00,1.1349999904632568,1.1399999856948853,1.1299999952316284,1.1399999856948853,1756,0.0,0.0
2022-11-11 14:30:00-05:00,1.1349999904632568,1.1399999856948853,1.1349999904632568,1.1399999856948853,723,0.0,0.0
2022-11-11 15:30:00-05:00,1.1399999856948853,1.149999976158142,1.1349999904632568,1.149999976158142,3857,0.0,0.0
2022-11-14 09:30:00-05:00,1.1100000143051147,1.1299999952316284,1.0800000429153442,1.1200000047683716,42784,0.0,0.0
2022-11-14 10:30:00-05:00,1.1009999513626099,1.1200000047683716,1.090000033378601,1.090000033378601,13085,0.0,0.0
2022-11-14 11:30:00-05:00,1.090000033378601,1.0950000286102295,1.0801000595092773,1.0801000595092773,4367,0.0,0.0
2022-11-14 12:30:00-05:00,1.0850000381469727,1.0850000381469727,1.0800000429153442,1.0800000429153442,8371,0.0,0.0
2022-11-14 13:30:00-05:00,1.0800000429153442,1.1100000143051147,1.0750000476837158,1.1050000190734863,49738,0.0,0.0
2022-11-14 14:30:00-05:00,1.100100040435791,1.1050000190734863,1.0800000429153442,1.090000033378601,15192,0.0,0.0
2022-11-14 15:30:00-05:00,1.0800000429153442,1.090000033378601,1.0499999523162842,1.0800000429153442,28519,0.0,0.0
2022-11-15 09:30:00-05:00,1.059999942779541,1.0808000564575195,1.0499999523162842,1.0700000524520874,15015,0.0,0.0
2022-11-15 10:30:00-05:00,1.0799000263214111,1.0799000263214111,1.0709999799728394,1.0709999799728394,3344,0.0,0.0
2022-11-15 11:30:00-05:00,1.0700000524520874,1.0799000263214111,1.0700000524520874,1.0799000263214111,16268,0.0,0.0
2022-11-15 12:30:00-05:00,1.0764000415802002,1.0764000415802002,1.0700000524520874,1.0700000524520874,14019,0.0,0.0
2022-11-15 13:30:00-05:00,1.0700000524520874,1.0700000524520874,1.0299999713897705,1.0549999475479126,33861,0.0,0.0
2022-11-15 14:30:00-05:00,1.0599000453948975,1.0800000429153442,1.0521999597549438,1.070099949836731,102686,0.0,0.0
2022-11-15 15:30:00-05:00,1.065000057220459,1.0700000524520874,1.059999942779541,1.059999942779541,20726,0.0,0.0
2022-11-16 09:30:00-05:00,1.059999942779541,1.0779000520706177,1.0499999523162842,1.0779000520706177,3848,0.0,0.0
2022-11-16 10:30:00-05:00,1.065000057220459,1.0677000284194946,1.0499999523162842,1.0499999523162842,26380,0.0,0.0
2022-11-16 11:30:00-05:00,1.059999942779541,1.059999942779541,1.0499999523162842,1.0499999523162842,1620,0.0,0.0
2022-11-16 12:30:00-05:00,1.0499999523162842,1.0520000457763672,1.0499999523162842,1.0499999523162842,1326,0.0,0.0
2022-11-16 13:30:00-05:00,1.0499999523162842,1.0700000524520874,1.0499999523162842,1.059999942779541,2394,0.0,0.0
2022-11-16 14:30:00-05:00,1.059999942779541,1.0784000158309937,1.059999942779541,1.0784000158309937,3092,0.0,0.0
2022-11-16 15:30:00-05:00,1.0800000429153442,1.0800000429153442,1.0700000524520874,1.0700000524520874,5972,0.0,0.0
2022-11-17 09:30:00-05:00,1.0499999523162842,1.058500051498413,1.0399999618530273,1.047700047492981,34496,0.0,0.0
2022-11-17 10:30:00-05:00,1.0499999523162842,1.0499999523162842,1.0399999618530273,1.0449999570846558,2341,0.0,0.0
2022-11-17 11:30:00-05:00,1.0399999618530273,1.0499999523162842,1.0299999713897705,1.0499999523162842,9064,0.0,0.0
2022-11-17 12:30:00-05:00,1.0499999523162842,1.0499999523162842,1.0399999618530273,1.0399999618530273,2501,0.0,0.0
2022-11-17 13:30:00-05:00,1.0399999618530273,1.0399999618530273,1.0299999713897705,1.0399999618530273,5960,0.0,0.0
2022-11-17 14:30:00-05:00,1.0399999618530273,1.0499999523162842,1.0399999618530273,1.0499999523162842,206,0.0,0.0
2022-11-17 15:30:00-05:00,1.0499999523162842,1.0499999523162842,1.0399999618530273,1.0399999618530273,0,0.0,0.0
2022-11-18 09:30:00-05:00,1.0199999809265137,1.0384999513626099,1.0199999809265137,1.0299999713897705,15975,0.0,0.0
2022-11-18 10:30:00-05:00,1.035599946975708,1.0388000011444092,1.0299999713897705,1.0313999652862549,2196,0.0,0.0
2022-11-18 11:30:00-05:00,1.0312999486923218,1.0399999618530273,1.0299999713897705,1.0399999618530273,712,0.0,0.0
2022-11-18 12:30:00-05:00,1.031599998474121,1.031599998474121,1.031599998474121,1.031599998474121,228,0.0,0.0
2022-11-18 13:30:00-05:00,1.0299999713897705,1.0396000146865845,1.0299999713897705,1.0299999713897705,2843,0.0,0.0
2022-11-18 14:30:00-05:00,1.034999966621399,1.0499999523162842,1.0299999713897705,1.0399999618530273,7944,0.0,0.0
2022-11-18 15:30:00-05:00,1.0399999618530273,1.0499999523162842,1.0399999618530273,1.0499999523162842,1447,0.0,0.0
2022-11-21 09:30:00-05:00,1.0399999618530273,1.0499999523162842,1.0299999713897705,1.0299999713897705,2833,0.0,0.0
2022-11-21 10:30:00-05:00,1.034999966621399,1.0399999618530273,1.0299999713897705,1.0399999618530273,6858,0.0,0.0
2022-11-21 11:30:00-05:00,1.0299999713897705,1.0399999618530273,1.0299999713897705,1.0299999713897705,12782,0.0,0.0
2022-11-21 12:30:00-05:00,1.0199999809265137,1.0399999618530273,1.0199999809265137,1.0399999618530273,10205,0.0,0.0
2022-11-21 13:30:00-05:00,1.0299999713897705,1.0399999618530273,1.0299999713897705,1.0399999618530273,13720,0.0,0.0
2022-11-21 14:30:00-05:00,1.0391000509262085,1.0399999618530273,1.0299999713897705,1.034999966621399,4287,0.0,0.0
2022-11-21 15:30:00-05:00,1.0299999713897705,1.0399999618530273,1.0299999713897705,1.0299999713897705,5931,0.0,0.0
2022-11-22 09:30:00-05:00,1.0227999687194824,1.0300999879837036,1.0199999809265137,1.0199999809265137,4869,0.0,0.0
2022-11-22 10:30:00-05:00,1.0199999809265137,1.0299999713897705,1.0,1.0199999809265137,32476,0.0,0.0
2022-11-22 11:30:00-05:00,1.0199999809265137,1.0199999809265137,1.0199999809265137,1.0199999809265137,881,0.0,0.0
2022-11-22 12:30:00-05:00,1.0299999713897705,1.0399999618530273,1.0199999809265137,1.0199999809265137,2458,0.0,0.0
2022-11-22 13:30:00-05:00,1.0399999618530273,1.0499999523162842,1.0299999713897705,1.0399999618530273,1153,0.0,0.0
2022-11-22 14:30:00-05:00,1.0399999618530273,1.0449999570846558,1.0299999713897705,1.0319000482559204,8721,0.0,0.0
2022-11-22 15:30:00-05:00,1.0399999618530273,1.0399999618530273,1.0299999713897705,1.0399999618530273,1901,0.0,0.0
2022-11-23 09:30:00-05:00,1.0498000383377075,1.0499999523162842,1.0226999521255493,1.0499000549316406,0,0.0,0.0
2022-11-23 10:30:00-05:00,1.0299999713897705,1.0399999618530273,1.0299999713897705,1.0399999618530273,603,0.0,0.0
2022-11-23 11:30:00-05:00,1.0299999713897705,1.0399999618530273,1.0299999713897705,1.0399999618530273,6989,0.0,0.0
2022-11-23 12:30:00-05:00,1.0499000549316406,1.0499000549316406,1.0299999713897705,1.0299999713897705,5321,0.0,0.0
2022-11-23 13:30:00-05:00,1.0399999618530273,1.0399999618530273,1.0399999618530273,1.0399999618530273,1202,0.0,0.0
2022-11-23 14:30:00-05:00,1.0399999618530273,1.0399999618530273,1.0299999713897705,1.0299999713897705,1298,0.0,0.0
2022-11-23 15:30:00-05:00,1.0399999618530273,1.044600009918213,1.0299999713897705,1.044600009918213,818,0.0,0.0
2022-11-25 09:30:00-05:00,1.0299999713897705,1.0700000524520874,1.0299999713897705,1.059999942779541,18694,0.0,0.0
2022-11-25 10:30:00-05:00,1.0700000524520874,1.0887000560760498,1.0700000524520874,1.0800000429153442,32750,0.0,0.0
2022-11-25 11:30:00-05:00,1.0700000524520874,1.0750000476837158,1.0700000524520874,1.0700000524520874,9478,0.0,0.0
2022-11-25 12:30:00-05:00,1.0700000524520874,1.0700000524520874,1.0700000524520874,1.0700000524520874,0,0.0,0.0
2022-11-28 09:30:00-05:00,1.0800000429153442,1.0800000429153442,1.0299999713897705,1.0299999713897705,33264,0.0,0.0
2022-11-28 10:30:00-05:00,1.0499999523162842,1.0700000524520874,1.0299999713897705,1.0549999475479126,16281,0.0,0.0
2022-11-28 11:30:00-05:00,1.059999942779541,1.059999942779541,1.0499999523162842,1.0549999475479126,3125,0.0,0.0
2022-11-28 12:30:00-05:00,1.059999942779541,1.0700000524520874,1.0499999523162842,1.0700000524520874,3822,0.0,0.0
2022-11-28 13:30:00-05:00,1.0700000524520874,1.0700000524520874,1.0399999618530273,1.059999942779541,7448,0.0,0.0
2022-11-28 14:30:00-05:00,1.0399999618530273,1.0499999523162842,1.0399999618530273,1.0499999523162842,1716,0.0,0.0
2022-11-28 15:30:00-05:00,1.0399999618530273,1.059999942779541,1.0399999618530273,1.0499999523162842,0,0.0,0.0
2022-11-29 09:30:00-05:00,1.0399999618530273,1.0499999523162842,1.0399999618530273,1.0499999523162842,426,0.0,0.0
2022-11-29 10:30:00-05:00,1.0499999523162842,1.0592999458312988,1.0499999523162842,1.0499999523162842,457,0.0,0.0
2022-11-29 11:30:00-05:00,1.059999942779541,1.059999942779541,1.0499999523162842,1.0499999523162842,846,0.0,0.0
2022-11-29 12:30:00-05:00,1.059999942779541,1.059999942779541,1.0499999523162842,1.058500051498413,3397,0.0,0.0
2022-11-29 13:30:00-05:00,1.0549999475479126,1.0549999475479126,1.0499999523162842,1.0499999523162842,2214,0.0,0.0
2022-11-29 14:30:00-05:00,1.0499999523162842,1.059999942779541,1.0499999523162842,1.0549999475479126,1641,0.0,0.0
2022-11-29 15:30:00-05:00,1.0499999523162842,1.0499999523162842,1.0399999618530273,1.0499000549316406,4706,0.0,0.0
2022-11-30 09:30:00-05:00,1.0399999618530273,1.0627000331878662,1.0399999618530273,1.0399999618530273,3157,0.0,0.0
2022-11-30 10:30:00-05:00,1.059999942779541,1.059999942779541,1.0499999523162842,1.0499999523162842,2995,0.0,0.0
2022-11-30 11:30:00-05:00,1.0484000444412231,1.0499999523162842,1.047700047492981,1.0499999523162842,2085,0.0,0.0
2022-11-30 12:30:00-05:00,1.0449999570846558,1.0499999523162842,1.0449999570846558,1.0499999523162842,3188,0.0,0.0
2022-11-30 13:30:00-05:00,1.0499999523162842,1.059999942779541,1.0449999570846558,1.059999942779541,10906,0.0,0.0
2022-11-30 14:30:00-05:00,1.059999942779541,1.059999942779541,1.059999942779541,1.059999942779541,1164,0.0,0.0
2022-11-30 15:30:00-05:00,1.0700000524520874,1.0980000495910645,1.059999942779541,1.0980000495910645,42002,0.0,0.0
2022-12-01 09:30:00-05:00,1.100000023841858,1.1098999977111816,1.0772000551223755,1.100000023841858,13337,0.0,0.0
2022-12-01 10:30:00-05:00,1.100000023841858,1.100000023841858,1.0800000429153442,1.0800000429153442,14209,0.0,0.0
2022-12-01 11:30:00-05:00,1.100000023841858,1.100000023841858,1.0800000429153442,1.090000033378601,1996,0.0,0.0
2022-12-01 12:30:00-05:00,1.0901000499725342,1.0901000499725342,1.0800000429153442,1.0850000381469727,6550,0.0,0.0
2022-12-01 13:30:00-05:00,1.100000023841858,1.1050000190734863,1.0906000137329102,1.100000023841858,7099,0.0,0.0
2022-12-01 14:30:00-05:00,1.100000023841858,1.1050000190734863,1.090000033378601,1.100000023841858,49396,0.0,0.0
2022-12-01 15:30:00-05:00,1.100000023841858,1.1299999952316284,1.090000033378601,1.1101000308990479,14146,0.0,0.0
2022-12-02 09:30:00-05:00,1.1100000143051147,1.144700050354004,1.100000023841858,1.100000023841858,8581,0.0,0.0
2022-12-02 10:30:00-05:00,1.1100000143051147,1.1100000143051147,1.100000023841858,1.100000023841858,652,0.0,0.0
2022-12-02 11:30:00-05:00,1.1100000143051147,1.1299999952316284,1.1100000143051147,1.1299999952316284,2765,0.0,0.0
2022-12-02 12:30:00-05:00,1.1299999952316284,1.1299999952316284,1.121000051498413,1.1299999952316284,4594,0.0,0.0
2022-12-02 13:30:00-05:00,1.1399999856948853,1.149999976158142,1.1299999952316284,1.1449999809265137,13173,0.0,0.0
2022-12-02 14:30:00-05:00,1.1461000442504883,1.1598999500274658,1.1399999856948853,1.1598999500274658,12585,0.0,0.0
2022-12-02 15:30:00-05:00,1.1449999809265137,1.159999966621399,1.1299999952316284,1.1449999809265137,9129,0.0,0.0
2022-12-05 09:30:00-05:00,1.149999976158142,1.1757999658584595,1.149999976158142,1.1699999570846558,21646,0.0,0.0
2022-12-05 10:30:00-05:00,1.159999966621399,1.184999942779541,1.149999976158142,1.184999942779541,1227,0.0,0.0
2022-12-05 11:30:00-05:00,1.159999966621399,1.1794999837875366,1.159999966621399,1.159999966621399,3780,0.0,0.0
2022-12-05 12:30:00-05:00,1.159999966621399,1.1699999570846558,1.159999966621399,1.1699999570846558,3416,0.0,0.0
2022-12-05 13:30:00-05:00,1.1699999570846558,1.1699999570846558,1.1649999618530273,1.1699999570846558,2355,0.0,0.0
2022-12-05 14:30:00-05:00,1.1649999618530273,1.1649999618530273,1.1649999618530273,1.1649999618530273,260,0.0,0.0
2022-12-05 15:30:00-05:00,1.1649999618530273,1.1699999570846558,1.159999966621399,1.1699999570846558,3562,0.0,0.0
2022-12-06 09:30:00-05:00,1.1684999465942383,1.1684999465942383,1.149999976158142,1.159999966621399,6447,0.0,0.0
2022-12-06 10:30:00-05:00,1.159999966621399,1.1640000343322754,1.1500999927520752,1.159999966621399,16054,0.0,0.0
2022-12-06 11:30:00-05:00,1.159999966621399,1.159999966621399,1.149999976158142,1.159999966621399,11372,0.0,0.0
2022-12-06 12:30:00-05:00,1.159999966621399,1.159999966621399,1.159999966621399,1.159999966621399,1872,0.0,0.0
2022-12-06 13:30:00-05:00,1.159999966621399,1.1699999570846558,1.159999966621399,1.1699999570846558,4875,0.0,0.0
2022-12-06 14:30:00-05:00,1.1699999570846558,1.1699999570846558,1.159999966621399,1.159999966621399,5935,0.0,0.0
2022-12-06 15:30:00-05:00,1.159999966621399,1.159999966621399,1.159999966621399,1.159999966621399,0,0.0,0.0
2022-12-07 09:30:00-05:00,1.1683000326156616,1.1683000326156616,1.159999966621399,1.159999966621399,2735,0.0,0.0
2022-12-07 10:30:00-05:00,1.1698999404907227,1.1698999404907227,1.1698999404907227,1.1698999404907227,5300,0.0,0.0
2022-12-07 11:30:00-05:00,1.1598999500274658,1.159999966621399,1.1598999500274658,1.159999966621399,1395,0.0,0.0
2022-12-07 12:30:00-05:00,1.1523000001907349,1.1523000001907349,1.1523000001907349,1.1523000001907349,148,0.0,0.0
2022-12-07 13:30:00-05:00,1.159999966621399,1.159999966621399,1.156599998474121,1.159999966621399,3493,0.0,0.0
2022-12-07 14:30:00-05:00,1.159999966621399,1.159999966621399,1.159999966621399,1.159999966621399,334,0.0,0.0
2022-12-07 15:30:00-05:00,1.159999966621399,1.1608999967575073,1.159999966621399,1.159999966621399,0,0.0,0.0
2022-12-08 09:30:00-05:00,1.149999976158142,1.159999966621399,1.149999976158142,1.159999966621399,10699,0.0,0.0
2022-12-08 10:30:00-05:00,1.159999966621399,1.159999966621399,1.1500999927520752,1.159999966621399,17462,0.0,0.0
2022-12-08 11:30:00-05:00,1.1549999713897705,1.1549999713897705,1.1399999856948853,1.1449999809265137,2444,0.0,0.0
2022-12-08 12:30:00-05:00,1.149999976158142,1.159999966621399,1.149999976158142,1.159999966621399,6320,0.0,0.0
2022-12-08 14:30:00-05:00,1.159999966621399,1.159999966621399,1.159999966621399,1.159999966621399,1903,0.0,0.0
2022-12-08 15:30:00-05:00,1.149999976158142,1.159999966621399,1.1399999856948853,1.149999976158142,1614,0.0,0.0
2022-12-09 09:30:00-05:00,1.1475000381469727,1.1475000381469727,1.1475000381469727,1.1475000381469727,0,0.0,0.0
2022-12-09 10:30:00-05:00,1.1299999952316284,1.1299999952316284,1.100000023841858,1.12090003490448,8226,0.0,0.0
2022-12-09 12:30:00-05:00,1.1200000047683716,1.1294000148773193,1.1200000047683716,1.1200000047683716,5558,0.0,0.0
2022-12-09 13:30:00-05:00,1.100000023841858,1.1098999977111816,1.100000023841858,1.1098999977111816,4499,0.0,0.0
2022-12-09 14:30:00-05:00,1.100000023841858,1.1047999858856201,1.0989999771118164,1.0999000072479248,14668,0.0,0.0
2022-12-09 15:30:00-05:00,1.100000023841858,1.100000023841858,1.059999942779541,1.0800000429153442,1897,0.0,0.0
2022-12-12 09:30:00-05:00,1.090000033378601,1.090000033378601,1.0499999523162842,1.069599986076355,14373,0.0,0.0
2022-12-12 10:30:00-05:00,1.0800000429153442,1.0800000429153442,1.0700000524520874,1.0700000524520874,1113,0.0,0.0
2022-12-12 11:30:00-05:00,1.0684000253677368,1.0684000253677368,1.0684000253677368,1.0684000253677368,2232,0.0,0.0
2022-12-12 12:30:00-05:00,1.0618000030517578,1.0618000030517578,1.0499999523162842,1.0499999523162842,10782,0.0,0.0
2022-12-12 13:30:00-05:00,1.0499999523162842,1.0640000104904175,1.0499999523162842,1.0549999475479126,17045,0.0,0.0
2022-12-12 14:30:00-05:00,1.059999942779541,1.0700000524520874,1.059999942779541,1.0681999921798706,13726,0.0,0.0
2022-12-12 15:30:00-05:00,1.059999942779541,1.0700000524520874,1.059999942779541,1.0700000524520874,0,0.0,0.0
2022-12-13 09:30:00-05:00,1.0700000524520874,1.0800000429153442,1.0700000524520874,1.0800000429153442,3876,0.0,0.0
2022-12-13 10:30:00-05:00,1.0800000429153442,1.080299973487854,1.0700000524520874,1.0700000524520874,9414,0.0,0.0
2022-12-13 11:30:00-05:00,1.0800000429153442,1.0800000429153442,1.070099949836731,1.0702999830245972,2319,0.0,0.0
2022-12-13 13:30:00-05:00,1.0728000402450562,1.0800000429153442,1.0728000402450562,1.0800000429153442,2778,0.0,0.0
2022-12-13 14:30:00-05:00,1.0750000476837158,1.0800000429153442,1.0700000524520874,1.072700023651123,0,0.0,0.0
2022-12-14 09:30:00-05:00,1.0299999713897705,1.0700000524520874,1.0299999713897705,1.0499999523162842,3737,0.0,0.0
2022-12-14 10:30:00-05:00,1.059999942779541,1.059999942779541,1.0399999618530273,1.0499999523162842,2790,0.0,0.0
2022-12-14 11:30:00-05:00,1.0499999523162842,1.0580999851226807,1.0499999523162842,1.0499999523162842,2758,0.0,0.0
2022-12-14 12:30:00-05:00,1.0499999523162842,1.059999942779541,1.0499999523162842,1.0499999523162842,1361,0.0,0.0
2022-12-14 13:30:00-05:00,1.0499999523162842,1.0499999523162842,1.0465999841690063,1.0499999523162842,5888,0.0,0.0
2022-12-14 14:30:00-05:00,1.0499999523162842,1.059999942779541,1.0399999618530273,1.0499999523162842,3689,0.0,0.0
2022-12-14 15:30:00-05:00,1.0499999523162842,1.0705000162124634,1.0499999523162842,1.059999942779541,900,0.0,0.0
2022-12-15 09:30:00-05:00,1.0586999654769897,1.059999942779541,1.0400999784469604,1.0440000295639038,7013,0.0,0.0
2022-12-15 10:30:00-05:00,1.0568000078201294,1.059999942779541,1.0499999523162842,1.059999942779541,748,0.0,0.0
2022-12-15 11:30:00-05:00,1.0499999523162842,1.0549999475479126,1.0399999618530273,1.0399999618530273,4673,0.0,0.0
2022-12-15 12:30:00-05:00,1.0499000549316406,1.0800000429153442,1.0497000217437744,1.0800000429153442,19144,0.0,0.0
2022-12-15 13:30:00-05:00,1.065000057220459,1.065000057220459,1.059999942779541,1.065000057220459,670,0.0,0.0
2022-12-15 14:30:00-05:00,1.059999942779541,1.059999942779541,1.059999942779541,1.059999942779541,279,0.0,0.0
2022-12-15 15:30:00-05:00,1.065000057220459,1.065000057220459,1.059999942779541,1.059999942779541,702,0.0,0.0
2022-12-16 09:30:00-05:00,1.0199999809265137,1.0299999713897705,1.0099999904632568,1.0218000411987305,39074,0.0,0.0
2022-12-16 10:30:00-05:00,1.0299999713897705,1.0299999713897705,1.0299999713897705,1.0299999713897705,712,0.0,0.0
2022-12-16 11:30:00-05:00,1.0199999809265137,1.0199999809265137,1.0,1.0049999952316284,32244,0.0,0.0
2022-12-16 12:30:00-05:00,1.0026999711990356,1.0390000343322754,1.0026999711990356,1.0390000343322754,17913,0.0,0.0
2022-12-16 13:30:00-05:00,1.0299999713897705,1.0399999618530273,1.0210000276565552,1.0399999618530273,4704,0.0,0.0
2022-12-16 14:30:00-05:00,1.0499999523162842,1.0499999523162842,1.0392999649047852,1.0392999649047852,618,0.0,0.0
2022-12-16 15:30:00-05:00,1.0299999713897705,1.0399999618530273,1.0299999713897705,1.0399999618530273,632,0.0,0.0
2022-12-19 09:30:00-05:00,0.9800000190734863,1.0299999713897705,0.9800000190734863,1.0199999809265137,21389,0.0,0.0
2022-12-19 10:30:00-05:00,1.0299999713897705,1.0299999713897705,1.024999976158142,1.024999976158142,1232,0.0,0.0
2022-12-19 11:30:00-05:00,1.024999976158142,1.0299999713897705,1.0199999809265137,1.024999976158142,3914,0.0,0.0
2022-12-19 12:30:00-05:00,1.0299999713897705,1.0299999713897705,1.0199999809265137,1.0299999713897705,6201,0.0,0.0
2022-12-19 13:30:00-05:00,1.0299999713897705,1.0299999713897705,1.0206999778747559,1.024999976158142,8501,0.0,0.0
2022-12-19 14:30:00-05:00,1.024999976158142,1.0288000106811523,1.0199999809265137,1.0288000106811523,3327,0.0,0.0
2022-12-19 15:30:00-05:00,1.0299999713897705,1.0299999713897705,1.0199999809265137,1.0282000303268433,5954,0.0,0.0
2022-12-20 09:30:00-05:00,1.0099999904632568,1.0099999904632568,1.0,1.0099999904632568,10078,0.0,0.0
2022-12-20 10:30:00-05:00,1.024999976158142,1.024999976158142,1.0199999809265137,1.0199999809265137,658,0.0,0.0
2022-12-20 12:30:00-05:00,1.024999976158142,1.024999976158142,1.0199999809265137,1.0199999809265137,5299,0.0,0.0
2022-12-20 13:30:00-05:00,1.0099999904632568,1.0299999713897705,1.0099999904632568,1.0299999713897705,15010,0.0,0.0
2022-12-20 14:30:00-05:00,1.0299999713897705,1.0383000373840332,1.0117000341415405,1.0383000373840332,7713,0.0,0.0
2022-12-20 15:30:00-05:00,1.0199999809265137,1.0298999547958374,1.0199999809265137,1.0298999547958374,2773,0.0,0.0
2022-12-21 09:30:00-05:00,1.0,1.0399999618530273,1.0,1.0399999618530273,555,0.0,0.0
2022-12-21 10:30:00-05:00,1.0399999618530273,1.0399999618530273,1.0159000158309937,1.0299999713897705,617,0.0,0.0
2022-12-21 11:30:00-05:00,1.0299999713897705,1.0299999713897705,1.0200999975204468,1.0299999713897705,2892,0.0,0.0
2022-12-21 12:30:00-05:00,1.0299999713897705,1.0299999713897705,1.0099999904632568,1.0299999713897705,1685,0.0,0.0
2022-12-21 13:30:00-05:00,1.0199999809265137,1.0299999713897705,1.0099999904632568,1.0299999713897705,1079,0.0,0.0
2022-12-21 14:30:00-05:00,1.0299999713897705,1.0399999618530273,1.0199999809265137,1.0399999618530273,16444,0.0,0.0
2022-12-21 15:30:00-05:00,1.0399999618530273,1.0460000038146973,1.0199999809265137,1.0299999713897705,13103,0.0,0.0
2022-12-22 09:30:00-05:00,1.0299999713897705,1.0399999618530273,1.0299999713897705,1.0398999452590942,0,0.0,0.0
2022-12-22 10:30:00-05:00,1.059999942779541,1.059999942779541,1.0424000024795532,1.059999942779541,504,0.0,0.0
2022-12-22 11:30:00-05:00,1.0399999618530273,1.0436999797821045,1.0399999618530273,1.0436999797821045,1367,0.0,0.0
2022-12-22 12:30:00-05:00,1.0299999713897705,1.0399999618530273,1.0299999713897705,1.0299999713897705,1857,0.0,0.0
2022-12-22 13:30:00-05:00,1.0332000255584717,1.0332000255584717,1.0199999809265137,1.0199999809265137,3289,0.0,0.0
2022-12-22 14:30:00-05:00,1.0398999452590942,1.0500999689102173,1.0398999452590942,1.0399999618530273,7079,0.0,0.0
2022-12-22 15:30:00-05:00,1.0299999713897705,1.0499999523162842,1.0299999713897705,1.0449999570846558,0,0.0,0.0
2022-12-23 10:30:00-05:00,1.0299999713897705,1.0299999713897705,1.0299999713897705,1.0299999713897705,245,0.0,0.0
2022-12-23 11:30:00-05:00,1.0299999713897705,1.0299999713897705,1.0299999713897705,1.0299999713897705,105,0.0,0.0
2022-12-23 12:30:00-05:00,1.031999945640564,1.031999945640564,1.031999945640564,1.031999945640564,755,0.0,0.0
2022-12-23 14:30:00-05:00,1.0399999618530273,1.0399999618530273,1.0300999879837036,1.0300999879837036,2810,0.0,0.0
2022-12-23 15:30:00-05:00,1.0399999618530273,1.059999942779541,1.037500023841858,1.0499999523162842,7601,0.0,0.0
2022-12-27 09:30:00-05:00,1.0299999713897705,1.0549999475479126,1.0199999809265137,1.0507999658584595,8809,0.0,0.0
2022-12-27 10:30:00-05:00,1.0500999689102173,1.0500999689102173,1.0500999689102173,1.0500999689102173,2336,0.0,0.0
2022-12-27 11:30:00-05:00,1.0599000453948975,1.059999942779541,1.0499999523162842,1.0500999689102173,1054,0.0,0.0
2022-12-27 12:30:00-05:00,1.059999942779541,1.059999942779541,1.0599000453948975,1.0599000453948975,330,0.0,0.0
2022-12-27 13:30:00-05:00,1.0515999794006348,1.0800000429153442,1.0494999885559082,1.0700000524520874,13712,0.0,0.0
2022-12-27 14:30:00-05:00,1.0499999523162842,1.0499999523162842,1.0499999523162842,1.0499999523162842,623,0.0,0.0
2022-12-27 15:30:00-05:00,1.0399999618530273,1.059999942779541,1.0399999618530273,1.059999942779541,5013,0.0,0.0
2022-12-28 09:30:00-05:00,1.0499999523162842,1.0499999523162842,1.0399999618530273,1.041700005531311,2246,0.0,0.0
2022-12-28 10:30:00-05:00,1.0399999618530273,1.0399999618530273,1.034000039100647,1.034000039100647,3434,0.0,0.0
2022-12-28 12:30:00-05:00,1.0300999879837036,1.038100004196167,1.0300999879837036,1.038100004196167,1225,0.0,0.0
2022-12-28 13:30:00-05:00,1.0299999713897705,1.0399999618530273,1.0299999713897705,1.031000018119812,1103,0.0,0.0
2022-12-28 14:30:00-05:00,1.0399999618530273,1.0399999618530273,1.0399999618530273,1.0399999618530273,109,0.0,0.0
2022-12-28 15:30:00-05:00,1.0299999713897705,1.0399999618530273,1.0299999713897705,1.0399999618530273,0,0.0,0.0
2022-12-29 09:30:00-05:00,1.0399999618530273,1.0399999618530273,1.0399999618530273,1.0399999618530273,106,0.0,0.0
2022-12-29 10:30:00-05:00,1.0299999713897705,1.0399999618530273,1.0299999713897705,1.0300999879837036,13470,0.0,0.0
2022-12-29 11:30:00-05:00,1.0399999618530273,1.0399999618530273,1.0399999618530273,1.0399999618530273,201,0.0,0.0
2022-12-29 12:30:00-05:00,1.0399999618530273,1.0399999618530273,1.0399999618530273,1.0399999618530273,100,0.0,0.0
2022-12-29 13:30:00-05:00,1.0399999618530273,1.0499999523162842,1.034999966621399,1.0499999523162842,3353,0.0,0.0
2022-12-29 14:30:00-05:00,1.0450999736785889,1.0499999523162842,1.0450999736785889,1.0499999523162842,2190,0.0,0.0
2022-12-29 15:30:00-05:00,1.0400999784469604,1.0499999523162842,1.0400999784469604,1.0499999523162842,4216,0.0,0.0
2022-12-30 09:30:00-05:00,1.059999942779541,1.059999942779541,1.0399999618530273,1.0399999618530273,0,0.0,0.0
2022-12-30 10:30:00-05:00,1.0499999523162842,1.0499999523162842,1.0442999601364136,1.0442999601364136,7667,0.0,0.0
2022-12-30 11:30:00-05:00,1.059999942779541,1.059999942779541,1.059999942779541,1.059999942779541,111,0.0,0.0
2022-12-30 12:30:00-05:00,1.059999942779541,1.059999942779541,1.059999942779541,1.059999942779541,116,0.0,0.0
2022-12-30 13:30:00-05:00,1.051800012588501,1.059999942779541,1.0499999523162842,1.0499999523162842,2083,0.0,0.0
2022-12-30 14:30:00-05:00,1.055400013923645,1.0599000453948975,1.0499999523162842,1.0549999475479126,7914,0.0,0.0
2022-12-30 15:30:00-05:00,1.059999942779541,1.059999942779541,1.059999942779541,1.059999942779541,380,0.0,0.0
2023-01-03 09:30:00-05:00,1.0499999523162842,1.0499999523162842,1.0399999618530273,1.0499999523162842,14781,0.0,0.0
2023-01-03 10:30:00-05:00,1.0449999570846558,1.059999942779541,1.0399999618530273,1.059999942779541,11278,0.0,0.0
2023-01-03 11:30:00-05:00,1.059999942779541,1.065000057220459,1.0515999794006348,1.059999942779541,16266,0.0,0.0
2023-01-03 12:30:00-05:00,1.059999942779541,1.0600999593734741,1.059999942779541,1.059999942779541,1778,0.0,0.0
2023-01-03 13:30:00-05:00,1.0600999593734741,1.0600999593734741,1.0600999593734741,1.0600999593734741,2102,0.0,0.0
2023-01-03 14:30:00-05:00,1.0699000358581543,1.0699000358581543,1.0699000358581543,1.0699000358581543,706,0.0,0.0
2023-01-03 15:30:00-05:00,1.059999942779541,1.059999942779541,1.059999942779541,1.059999942779541,1789,0.0,0.0
2023-01-04 09:30:00-05:00,1.059999942779541,1.059999942779541,1.0499999523162842,1.0499999523162842,5242,0.0,0.0
2023-01-04 10:30:00-05:00,1.0579999685287476,1.059999942779541,1.0499999523162842,1.0499999523162842,2898,0.0,0.0
2023-01-04 11:30:00-05:00,1.0499999523162842,1.0500999689102173,1.0399999618530273,1.0399999618530273,14736,0.0,0.0
2023-01-04 12:30:00-05:00,1.0496000051498413,1.0500999689102173,1.0449999570846558,1.0499999523162842,7623,0.0,0.0
2023-01-04 13:30:00-05:00,1.0549999475479126,1.059999942779541,1.0549999475479126,1.059999942779541,4179,0.0,0.0
2023-01-04 14:30:00-05:00,1.0499999523162842,1.059999942779541,1.0499999523162842,1.059999942779541,5006,0.0,0.0
2023-01-04 15:30:00-05:00,1.065000057220459,1.065000057220459,1.059999942779541,1.059999942779541,1495,0.0,0.0
2023-01-05 09:30:00-05:00,1.0499999523162842,1.0700000524520874,1.0499999523162842,1.0499999523162842,9750,0.0,0.0
2023-01-05 10:30:00-05:00,1.0499999523162842,1.0499999523162842,1.0199999809265137,1.0199999809265137,28560,0.0,0.0
2023-01-05 11:30:00-05:00,1.0399999618530273,1.0499999523162842,1.0399999618530273,1.0499999523162842,16314,0.0,0.0
2023-01-05 12:30:00-05:00,1.0499999523162842,1.056399941444397,1.0449999570846558,1.0499999523162842,22502,0.0,0.0
2023-01-05 13:30:00-05:00,1.0449999570846558,1.059999942779541,1.0449999570846558,1.0499999523162842,11716,0.0,0.0
2023-01-05 14:30:00-05:00,1.0449999570846558,1.0499999523162842,1.0449999570846558,1.0499999523162842,26785,0.0,0.0
2023-01-05 15:30:00-05:00,1.0499999523162842,1.059999942779541,1.0499999523162842,1.0499999523162842,0,0.0,0.0
2023-01-06 09:30:00-05:00,1.0399999618530273,1.0499999523162842,1.0399999618530273,1.0400999784469604,12142,0.0,0.0
2023-01-06 10:30:00-05:00,1.0499999523162842,1.0499999523162842,1.0399999618530273,1.0399999618530273,12414,0.0,0.0
2023-01-06 13:30:00-05:00,1.0499999523162842,1.0549999475479126,1.0499999523162842,1.0549999475479126,9223,0.0,0.0
2023-01-06 14:30:00-05:00,1.0563000440597534,1.059999942779541,1.0499000549316406,1.0499000549316406,13469,0.0,0.0
2023-01-06 15:30:00-05:00,1.0499999523162842,1.0563000440597534,1.0499999523162842,1.0500999689102173,78339,0.0,0.0
2023-01-09 09:30:00-05:00,1.0499999523162842,1.0800000429153442,1.0499999523162842,1.0499999523162842,14750,0.0,0.0
2023-01-09 10:30:00-05:00,1.0600999593734741,1.0700000524520874,1.059999942779541,1.0700000524520874,12021,0.0,0.0
2023-01-09 11:30:00-05:00,1.059999942779541,1.0669000148773193,1.0499999523162842,1.0669000148773193,8887,0.0,0.0
2023-01-09 12:30:00-05:00,1.0700000524520874,1.0700000524520874,1.0700000524520874,1.0700000524520874,655,0.0,0.0
2023-01-09 13:30:00-05:00,1.0700000524520874,1.0850000381469727,1.0700000524520874,1.0850000381469727,1052,0.0,0.0
2023-01-09 14:30:00-05:00,1.089900016784668,1.100000023841858,1.0800000429153442,1.090000033378601,9285,0.0,0.0
2023-01-09 15:30:00-05:00,1.0950000286102295,1.0950000286102295,1.090000033378601,1.090000033378601,622,0.0,0.0
2023-01-10 09:30:00-05:00,1.090000033378601,1.1098999977111816,1.090000033378601,1.1098999977111816,0,0.0,0.0
2023-01-10 10:30:00-05:00,1.1100000143051147,1.1100000143051147,1.1028000116348267,1.1028000116348267,698,0.0,0.0
2023-01-10 12:30:00-05:00,1.1100000143051147,1.1100000143051147,1.0980000495910645,1.0980000495910645,867,0.0,0.0
2023-01-10 14:30:00-05:00,1.090000033378601,1.100000023841858,1.090000033378601,1.100000023841858,4180,0.0,0.0
2023-01-10 15:30:00-05:00,1.0950000286102295,1.100000023841858,1.090000033378601,1.100000023841858,0,0.0,0.0
2023-01-11 09:30:00-05:00,1.1100000143051147,1.1100000143051147,1.0950000286102295,1.108199954032898,3408,0.0,0.0
2023-01-11 10:30:00-05:00,1.1097999811172485,1.1298999786376953,1.0800000429153442,1.1298999786376953,7310,0.0,0.0
2023-01-11 11:30:00-05:00,1.1298999786376953,1.1298999786376953,1.1100000143051147,1.1200000047683716,392,0.0,0.0
2023-01-11 12:30:00-05:00,1.1297999620437622,1.1297999620437622,1.1200000047683716,1.1200000047683716,1233,0.0,0.0
2023-01-11 13:30:00-05:00,1.1200000047683716,1.1200000047683716,1.1100000143051147,1.1100000143051147,1222,0.0,0.0
2023-01-11 14:30:00-05:00,1.1247999668121338,1.1298999786376953,1.1200000047683716,1.1200000047683716,1477,0.0,0.0
2023-01-11 15:30:00-05:00,1.128600001335144,1.128600001335144,1.125,1.1267999410629272,0,0.0,0.0
2023-01-12 09:30:00-05:00,1.1299999952316284,1.149899959564209,1.1252000331878662,1.1440999507904053,5671,0.0,0.0
2023-01-12 10:30:00-05:00,1.13100004196167,1.149999976158142,1.1299999952316284,1.149999976158142,3473,0.0,0.0
2023-01-12 11:30:00-05:00,1.1500999927520752,1.1500999927520752,1.1334999799728394,1.1334999799728394,3249,0.0,0.0
2023-01-12 12:30:00-05:00,1.1299999952316284,1.1301000118255615,1.1299999952316284,1.1301000118255615,4575,0.0,0.0
2023-01-12 13:30:00-05:00,1.1299999952316284,1.1301000118255615,1.1299999952316284,1.1301000118255615,2003,0.0,0.0
2023-01-12 14:30:00-05:00,1.1301000118255615,1.1418999433517456,1.1301000118255615,1.1418999433517456,2561,0.0,0.0
2023-01-12 15:30:00-05:00,1.1299999952316284,1.1399999856948853,1.124500036239624,1.1299999952316284,0,0.0,0.0
2023-01-13 09:30:00-05:00,1.149999976158142,1.149999976158142,1.1299999952316284,1.1399999856948853,4184,0.0,0.0
2023-01-13 10:30:00-05:00,1.1299999952316284,1.1301000118255615,1.1299999952316284,1.1301000118255615,1499,0.0,0.0
2023-01-13 12:30:00-05:00,1.1480000019073486,1.1490000486373901,1.1378999948501587,1.1399999856948853,1452,0.0,0.0
2023-01-13 13:30:00-05:00,1.1399999856948853,1.1399999856948853,1.1299999952316284,1.1299999952316284,4426,0.0,0.0
2023-01-13 14:30:00-05:00,1.1399999856948853,1.1699999570846558,1.1299999952316284,1.1399999856948853,35896,0.0,0.0
2023-01-13 15:30:00-05:00,1.159999966621399,1.159999966621399,1.159999966621399,1.159999966621399,167,0.0,0.0
2023-01-17 09:30:00-05:00,1.149999976158142,1.1699999570846558,1.149999976158142,1.1500999927520752,25154,0.0,0.0
2023-01-17 10:30:00-05:00,1.1500999927520752,1.159999966621399,1.149999976158142,1.149999976158142,7478,0.0,0.0
2023-01-17 11:30:00-05:00,1.149999976158142,1.159999966621399,1.149999976158142,1.159999966621399,4209,0.0,0.0
2023-01-17 12:30:00-05:00,1.149999976158142,1.159999966621399,1.149999976158142,1.159999966621399,568,0.0,0.0
2023-01-17 14:30:00-05:00,1.149999976158142,1.159999966621399,1.149999976158142,1.1575000286102295,11163,0.0,0.0
2023-01-17 15:30:00-05:00,1.159999966621399,1.159999966621399,1.156000018119812,1.159999966621399,0,0.0,0.0
2023-01-18 09:30:00-05:00,1.159999966621399,1.159999966621399,1.149999976158142,1.1502000093460083,13152,0.0,0.0
2023-01-18 10:30:00-05:00,1.1579999923706055,1.163599967956543,1.1511000394821167,1.163599967956543,1800,0.0,0.0
2023-01-18 11:30:00-05:00,1.149999976158142,1.1593999862670898,1.149999976158142,1.149999976158142,7212,0.0,0.0
2023-01-18 12:30:00-05:00,1.151900053024292,1.151900053024292,1.1399999856948853,1.1399999856948853,11564,0.0,0.0
2023-01-18 13:30:00-05:00,1.1200000047683716,1.1200000047683716,1.1200000047683716,1.1200000047683716,335,0.0,0.0
2023-01-18 14:30:00-05:00,1.125,1.1299999952316284,1.1200000047683716,1.1200000047683716,6717,0.0,0.0
2023-01-18 15:30:00-05:00,1.1150000095367432,1.1200000047683716,1.1100000143051147,1.1100000143051147,4404,0.0,0.0
2023-01-19 09:30:00-05:00,1.100000023841858,1.1160000562667847,1.0664000511169434,1.0993000268936157,10104,0.0,0.0
2023-01-19 13:30:00-05:00,1.090000033378601,1.0928000211715698,1.0800000429153442,1.0800000429153442,1465,0.0,0.0
2023-01-19 14:30:00-05:00,1.089900016784668,1.090000033378601,1.0700000524520874,1.0800000429153442,6569,0.0,0.0
2023-01-19 15:30:00-05:00,1.0700000524520874,1.0800000429153442,1.0700000524520874,1.0800000429153442,1455,0.0,0.0
2023-01-20 09:30:00-05:00,1.090000033378601,1.090000033378601,1.07669997215271,1.090000033378601,0,0.0,0.0
2023-01-20 10:30:00-05:00,1.0800000429153442,1.0800000429153442,1.0800000429153442,1.0800000429153442,3522,0.0,0.0
2023-01-20 11:30:00-05:00,1.090000033378601,1.100000023841858,1.090000033378601,1.100000023841858,8060,0.0,0.0
2023-01-20 12:30:00-05:00,1.100000023841858,1.1100000143051147,1.100000023841858,1.100000023841858,465,0.0,0.0
2023-01-20 13:30:00-05:00,1.100000023841858,1.100000023841858,1.0700000524520874,1.0800000429153442,50152,0.0,0.0
2023-01-20 14:30:00-05:00,1.0800000429153442,1.090000033378601,1.0800000429153442,1.090000033378601,2169,0.0,0.0
2023-01-23 09:30:00-05:00,1.100000023841858,1.100000023841858,1.0700000524520874,1.0800000429153442,1929,0.0,0.0
2023-01-23 10:30:00-05:00,1.0839999914169312,1.0915000438690186,1.0839999914169312,1.0915000438690186,4778,0.0,0.0
2023-01-23 11:30:00-05:00,1.100000023841858,1.1080000400543213,1.100000023841858,1.1022000312805176,2054,0.0,0.0
2023-01-23 12:30:00-05:00,1.095900058746338,1.095900058746338,1.090000033378601,1.090000033378601,821,0.0,0.0
2023-01-23 13:30:00-05:00,1.100000023841858,1.100000023841858,1.0958000421524048,1.100000023841858,2336,0.0,0.0
2023-01-23 14:30:00-05:00,1.0994999408721924,1.100000023841858,1.0950000286102295,1.0950000286102295,4689,0.0,0.0
2023-01-23 15:30:00-05:00,1.098099946975708,1.100000023841858,1.098099946975708,1.100000023841858,4000,0.0,0.0
2023-01-24 09:30:00-05:00,1.090000033378601,1.100000023841858,1.090000033378601,1.090000033378601,2103,0.0,0.0
2023-01-24 10:30:00-05:00,1.0976999998092651,1.0976999998092651,1.0976999998092651,1.0976999998092651,500,0.0,0.0
2023-01-24 11:30:00-05:00,1.100000023841858,1.100000023841858,1.100000023841858,1.100000023841858,2767,0.0,0.0
2023-01-24 13:30:00-05:00,1.0950000286102295,1.0950000286102295,1.0950000286102295,1.0950000286102295,103,0.0,0.0
2023-01-24 14:30:00-05:00,1.090000033378601,1.090000033378601,1.0657999515533447,1.0700000524520874,8249,0.0,0.0
2023-01-24 15:30:00-05:00,1.0700000524520874,1.0700000524520874,1.0700000524520874,1.0700000524520874,398,0.0,0.0
2023-01-25 09:30:00-05:00,1.090000033378601,1.090000033378601,1.0399999618530273,1.089900016784668,12758,0.0,0.0
2023-01-25 10:30:00-05:00,1.059999942779541,1.059999942779541,1.059999942779541,1.059999942779541,2214,0.0,0.0
2023-01-25 12:30:00-05:00,1.0700000524520874,1.0800000429153442,1.059999942779541,1.0700000524520874,6455,0.0,0.0
2023-01-25 13:30:00-05:00,1.059999942779541,1.090000033378601,1.059999942779541,1.090000033378601,22594,0.0,0.0
2023-01-25 14:30:00-05:00,1.0800000429153442,1.0800000429153442,1.0700000524520874,1.0700000524520874,5036,0.0,0.0
2023-01-25 15:30:00-05:00,1.0700000524520874,1.0758999586105347,1.0499999523162842,1.059999942779541,0,0.0,0.0
2023-01-26 09:30:00-05:00,1.059999942779541,1.100000023841858,1.0549999475479126,1.0750000476837158,12825,0.0,0.0
2023-01-26 10:30:00-05:00,1.0750000476837158,1.0750000476837158,1.0750000476837158,1.0750000476837158,495,0.0,0.0
2023-01-26 11:30:00-05:00,1.0602999925613403,1.065000057220459,1.0600999593734741,1.065000057220459,8930,0.0,0.0
2023-01-26 12:30:00-05:00,1.065000057220459,1.0700000524520874,1.059999942779541,1.065000057220459,2022,0.0,0.0
2023-01-26 13:30:00-05:00,1.065000057220459,1.0672999620437622,1.065000057220459,1.0672999620437622,385,0.0,0.0
2023-01-26 14:30:00-05:00,1.0699000358581543,1.089900016784668,1.065000057220459,1.0700000524520874,8733,0.0,0.0
2023-01-26 15:30:00-05:00,1.0700000524520874,1.086400032043457,1.0672999620437622,1.0707000494003296,0,0.0,0.0
2023-01-27 09:30:00-05:00,1.0499999523162842,1.0950000286102295,1.0499999523162842,1.0700000524520874,7161,0.0,0.0
2023-01-27 10:30:00-05:00,1.0700000524520874,1.070099949836731,1.0700000524520874,1.0700000524520874,7283,0.0,0.0
2023-01-27 11:30:00-05:00,1.0785000324249268,1.0800000429153442,1.0750000476837158,1.0750000476837158,5590,0.0,0.0
2023-01-27 12:30:00-05:00,1.0799000263214111,1.0799000263214111,1.0700000524520874,1.0700000524520874,5722,0.0,0.0
2023-01-27 13:30:00-05:00,1.0700000524520874,1.0799000263214111,1.0299999713897705,1.0599000453948975,40233,0.0,0.0
2023-01-27 14:30:00-05:00,1.0440000295639038,1.059999942779541,1.0199999809265137,1.0382000207901,35357,0.0,0.0
2023-01-27 15:30:00-05:00,1.0399999618530273,1.0700000524520874,1.0199999809265137,1.0700000524520874,23536,0.0,0.0
2023-01-30 09:30:00-05:00,1.0399999618530273,1.0700000524520874,1.0399999618530273,1.0598000288009644,7047,0.0,0.0
2023-01-30 10:30:00-05:00,1.0499999523162842,1.059999942779541,1.0499999523162842,1.059999942779541,6113,0.0,0.0
2023-01-30 11:30:00-05:00,1.0700000524520874,1.0800000429153442,1.059999942779541,1.0600999593734741,8009,0.0,0.0
2023-01-30 12:30:00-05:00,1.0700000524520874,1.0700000524520874,1.059999942779541,1.059999942779541,783,0.0,0.0
2023-01-30 14:30:00-05:00,1.0700000524520874,1.100000023841858,1.0700000524520874,1.0800000429153442,13306,0.0,0.0
2023-01-30 15:30:00-05:00,1.0700000524520874,1.0700000524520874,1.0700000524520874,1.0700000524520874,205,0.0,0.0
2023-01-31 09:30:00-05:00,1.090000033378601,1.1200000047683716,1.090000033378601,1.1200000047683716,8276,0.0,0.0
2023-01-31 10:30:00-05:00,1.1101000308990479,1.1200000047683716,1.1100000143051147,1.1200000047683716,1910,0.0,0.0
2023-01-31 11:30:00-05:00,1.1200000047683716,1.125,1.1198999881744385,1.125,8709,0.0,0.0
2023-01-31 12:30:00-05:00,1.1299999952316284,1.1299999952316284,1.1100000143051147,1.1200000047683716,5436,0.0,0.0
2023-01-31 13:30:00-05:00,1.1200000047683716,1.1200000047683716,1.1100000143051147,1.1100000143051147,866,0.0,0.0
2023-01-31 14:30:00-05:00,1.1109999418258667,1.1200000047683716,1.1109999418258667,1.1200000047683716,7360,0.0,0.0
2023-01-31 15:30:00-05:00,1.1200000047683716,1.1204999685287476,1.1100000143051147,1.1100000143051147,0,0.0,0.0
2023-02-01 09:30:00-05:00,1.159999966621399,1.159999966621399,1.1100000143051147,1.1200000047683716,10497,0.0,0.0
2023-02-01 10:30:00-05:00,1.1299999952316284,1.1299999952316284,1.1100000143051147,1.1100000143051147,2564,0.0,0.0
2023-02-01 11:30:00-05:00,1.1100000143051147,1.1200000047683716,1.1100000143051147,1.1101000308990479,4656,0.0,0.0
2023-02-01 12:30:00-05:00,1.117900013923645,1.117900013923645,1.117900013923645,1.117900013923645,296,0.0,0.0
2023-02-01 13:30:00-05:00,1.1200000047683716,1.1200000047683716,1.100000023841858,1.1100000143051147,1600,0.0,0.0
2023-02-01 14:30:00-05:00,1.1100000143051147,1.1100000143051147,1.1100000143051147,1.1100000143051147,734,0.0,0.0
2023-02-01 15:30:00-05:00,1.1193000078201294,1.1200000047683716,1.1150000095367432,1.1150000095367432,2216,0.0,0.0
2023-02-02 09:30:00-05:00,1.1193000078201294,1.1198999881744385,1.1100000143051147,1.118499994277954,0,0.0,0.0
2023-02-02 10:30:00-05:00,1.1100000143051147,1.1101000308990479,1.090000033378601,1.100000023841858,18952,0.0,0.0
2023-02-02 11:30:00-05:00,1.0999000072479248,1.100000023841858,1.090000033378601,1.100000023841858,8013,0.0,0.0
2023-02-02 12:30:00-05:00,1.1098999977111816,1.1098999977111816,1.1098999977111816,1.1098999977111816,498,0.0,0.0
2023-02-02 13:30:00-05:00,1.100000023841858,1.1092000007629395,1.100000023841858,1.1092000007629395,769,0.0,0.0
2023-02-02 14:30:00-05:00,1.1098999977111816,1.1098999977111816,1.100000023841858,1.100000023841858,2381,0.0,0.0
2023-02-02 15:30:00-05:00,1.1008000373840332,1.104699969291687,1.100000023841858,1.100000023841858,0,0.0,0.0
2023-02-03 09:30:00-05:00,1.100000023841858,1.1100000143051147,1.0800000429153442,1.1050000190734863,24964,0.0,0.0
2023-02-03 10:30:00-05:00,1.100000023841858,1.100100040435791,1.090000033378601,1.090000033378601,35420,0.0,0.0
2023-02-03 11:30:00-05:00,1.0901000499725342,1.1100000143051147,1.0901000499725342,1.100100040435791,6750,0.0,0.0
2023-02-03 12:30:00-05:00,1.1100000143051147,1.1200000047683716,1.100000023841858,1.100000023841858,5689,0.0,0.0
2023-02-03 13:30:00-05:00,1.100000023841858,1.1200000047683716,1.0950000286102295,1.100000023841858,23702,0.0,0.0
2023-02-03 14:30:00-05:00,1.100000023841858,1.1002999544143677,1.100000023841858,1.100000023841858,8828,0.0,0.0
2023-02-03 15:30:00-05:00,1.1100000143051147,1.1100000143051147,1.100000023841858,1.100000023841858,674,0.0,0.0
2023-02-06 09:30:00-05:00,1.149999976158142,1.149999976158142,1.0932999849319458,1.1026999950408936,0,0.0,0.0
2023-02-06 10:30:00-05:00,1.090000033378601,1.1087000370025635,1.090000033378601,1.1087000370025635,5924,0.0,0.0
2023-02-06 11:30:00-05:00,1.1100000143051147,1.1100000143051147,1.1100000143051147,1.1100000143051147,159,0.0,0.0
2023-02-06 12:30:00-05:00,1.0921000242233276,1.093999981880188,1.0921000242233276,1.093999981880188,572,0.0,0.0
2023-02-06 13:30:00-05:00,1.100000023841858,1.100000023841858,1.100000023841858,1.100000023841858,396,0.0,0.0
2023-02-06 14:30:00-05:00,1.1073999404907227,1.1073999404907227,1.100000023841858,1.100000023841858,0,0.0,0.0
2023-02-07 09:30:00-05:00,1.100000023841858,1.1299999952316284,1.062000036239624,1.1299999952316284,27416,0.0,0.0
2023-02-07 10:30:00-05:00,1.100000023841858,1.1100000143051147,1.100000023841858,1.1100000143051147,1548,0.0,0.0
2023-02-07 11:30:00-05:00,1.1100000143051147,1.1200000047683716,1.1098999977111816,1.117300033569336,4104,0.0,0.0
2023-02-07 12:30:00-05:00,1.1150000095367432,1.1200000047683716,1.0950000286102295,1.1100000143051147,31601,0.0,0.0
2023-02-07 13:30:00-05:00,1.1050000190734863,1.1299999952316284,1.1050000190734863,1.1200000047683716,7121,0.0,0.0
2023-02-07 14:30:00-05:00,1.1200000047683716,1.1200000047683716,1.1126999855041504,1.1200000047683716,5469,0.0,0.0
2023-02-07 15:30:00-05:00,1.1200000047683716,1.149999976158142,1.1200000047683716,1.149999976158142,0,0.0,0.0
2023-02-08 09:30:00-05:00,1.1299999952316284,1.159999966621399,1.1101000308990479,1.159999966621399,17451,0.0,0.0
2023-02-08 10:30:00-05:00,1.1299999952316284,1.1301000118255615,1.1273000240325928,1.1299999952316284,9564,0.0,0.0
2023-02-08 11:30:00-05:00,1.1299999952316284,1.1299999952316284,1.1299999952316284,1.1299999952316284,3499,0.0,0.0
2023-02-08 12:30:00-05:00,1.1299999952316284,1.149999976158142,1.1299999952316284,1.149899959564209,6483,0.0,0.0
2023-02-08 13:30:00-05:00,1.1399999856948853,1.1401000022888184,1.1399999856948853,1.1401000022888184,10052,0.0,0.0
2023-02-08 14:30:00-05:00,1.154099941253662,1.154099941253662,1.1399999856948853,1.1399999856948853,968,0.0,0.0
2023-02-08 15:30:00-05:00,1.1399999856948853,1.149999976158142,1.1399999856948853,1.1399999856948853,2654,0.0,0.0
2023-02-09 09:30:00-05:00,1.159999966621399,1.159999966621399,1.1119999885559082,1.1374000310897827,5669,0.0,0.0
2023-02-09 10:30:00-05:00,1.1371999979019165,1.149999976158142,1.1371999979019165,1.149999976158142,3285,0.0,0.0
2023-02-09 11:30:00-05:00,1.1406999826431274,1.159999966621399,1.1399999856948853,1.159999966621399,8983,0.0,0.0
2023-02-09 12:30:00-05:00,1.159999966621399,1.159999966621399,1.1399999856948853,1.149999976158142,73923,0.0,0.0
2023-02-09 13:30:00-05:00,1.1449999809265137,1.149999976158142,1.1449999809265137,1.149999976158142,1129,0.0,0.0
2023-02-09 14:30:00-05:00,1.1401000022888184,1.149999976158142,1.1299999952316284,1.1304999589920044,6390,0.0,0.0
2023-02-09 15:30:00-05:00,1.1330000162124634,1.149999976158142,1.117900013923645,1.149999976158142,6314,0.0,0.0
2023-02-10 09:30:00-05:00,1.159999966621399,1.1799999475479126,1.159000039100647,1.1699999570846558,27052,0.0,0.0
2023-02-10 10:30:00-05:00,1.159999966621399,1.159999966621399,1.159999966621399,1.159999966621399,508,0.0,0.0
2023-02-10 12:30:00-05:00,1.159999966621399,1.1799999475479126,1.149999976158142,1.1799999475479126,26378,0.0,0.0
2023-02-10 13:30:00-05:00,1.1799999475479126,1.1799999475479126,1.1699999570846558,1.1699999570846558,8336,0.0,0.0
2023-02-10 14:30:00-05:00,1.1749999523162842,1.1799999475479126,1.1725000143051147,1.179900050163269,2796,0.0,0.0
2023-02-10 15:30:00-05:00,1.1699999570846558,1.1699999570846558,1.1699999570846558,1.1699999570846558,1532,0.0,0.0
2023-02-13 09:30:00-05:00,1.149999976158142,1.149999976158142,1.1202000379562378,1.1299999952316284,1322,0.0,0.0
2023-02-13 10:30:00-05:00,1.149899959564209,1.149899959564209,1.1299999952316284,1.1303999423980713,5311,0.0,0.0
2023-02-13 11:30:00-05:00,1.1399999856948853,1.1399999856948853,1.1399999856948853,1.1399999856948853,211,0.0,0.0
2023-02-13 12:30:00-05:00,1.1399999856948853,1.1399999856948853,1.1399999856948853,1.1399999856948853,222,0.0,0.0
2023-02-13 13:30:00-05:00,1.1399999856948853,1.1399999856948853,1.1399999856948853,1.1399999856948853,107,0.0,0.0
2023-02-13 14:30:00-05:00,1.1399999856948853,1.1399999856948853,1.1399999856948853,1.1399999856948853,1762,0.0,0.0
2023-02-13 15:30:00-05:00,1.1399999856948853,1.149999976158142,1.1399999856948853,1.1399999856948853,0,0.0,0.0
2023-02-14 09:30:00-05:00,1.1301000118255615,1.159999966621399,1.1301000118255615,1.159999966621399,4829,0.0,0.0
2023-02-14 10:30:00-05:00,1.1299999952316284,1.149999976158142,1.1299999952316284,1.149999976158142,2657,0.0,0.0
2023-02-14 11:30:00-05:00,1.1469999551773071,1.149899959564209,1.1469999551773071,1.149899959564209,1190,0.0,0.0
2023-02-14 14:30:00-05:00,1.139299988746643,1.139299988746643,1.1299999952316284,1.1349999904632568,1902,0.0,0.0
2023-02-14 15:30:00-05:00,1.1349999904632568,1.149999976158142,1.1349999904632568,1.149999976158142,0,0.0,0.0
2023-02-15 11:30:00-05:00,1.1399999856948853,1.149999976158142,1.1399999856948853,1.149999976158142,1011,0.0,0.0
2023-02-15 12:30:00-05:00,1.1340999603271484,1.148800015449524,1.1340999603271484,1.148800015449524,2110,0.0,0.0
2023-02-15 15:30:00-05:00,1.1399999856948853,1.1699999570846558,1.1349999904632568,1.1699999570846558,6059,0.0,0.0
2023-02-16 09:30:00-05:00,1.1627000570297241,1.1627000570297241,1.159999966621399,1.159999966621399,1994,0.0,0.0
2023-02-16 10:30:00-05:00,1.149999976158142,1.2699999809265137,1.149999976158142,1.1699999570846558,358975,0.0,0.0
2023-02-16 11:30:00-05:00,1.1899000406265259,1.1899000406265259,1.1749999523162842,1.1749999523162842,4470,0.0,0.0
2023-02-16 12:30:00-05:00,1.1790000200271606,1.1790000200271606,1.1790000200271606,1.1790000200271606,2165,0.0,0.0
2023-02-16 13:30:00-05:00,1.1756000518798828,1.1799999475479126,1.1749999523162842,1.1799999475479126,1618,0.0,0.0
2023-02-16 14:30:00-05:00,1.159999966621399,1.159999966621399,1.1500999927520752,1.1500999927520752,1090,0.0,0.0
2023-02-16 15:30:00-05:00,1.1690000295639038,1.1775000095367432,1.1685999631881714,1.1699999570846558,0,0.0,0.0
2023-02-17 09:30:00-05:00,1.1699999570846558,1.1699999570846558,1.159999966621399,1.1699999570846558,5215,0.0,0.0
2023-02-17 10:30:00-05:00,1.1699999570846558,1.1799999475479126,1.160099983215332,1.160099983215332,7126,0.0,0.0
2023-02-17 12:30:00-05:00,1.1776000261306763,1.1776000261306763,1.1776000261306763,1.1776000261306763,109,0.0,0.0
2023-02-17 13:30:00-05:00,1.1799999475479126,1.1799999475479126,1.1735999584197998,1.1735999584197998,6199,0.0,0.0
2023-02-17 14:30:00-05:00,1.1699999570846558,1.1699999570846558,1.149999976158142,1.149999976158142,4137,0.0,0.0
2023-02-17 15:30:00-05:00,1.1549999713897705,1.2100000381469727,1.149999976158142,1.2100000381469727,27880,0.0,0.0
2023-02-21 09:30:00-05:00,1.2000000476837158,1.2300000190734863,1.2000000476837158,1.2050000429153442,32191,0.0,0.0
2023-02-21 10:30:00-05:00,1.2066999673843384,1.2066999673843384,1.1700999736785889,1.184999942779541,17133,0.0,0.0
2023-02-21 11:30:00-05:00,1.1816999912261963,1.190000057220459,1.1799999475479126,1.1799999475479126,17668,0.0,0.0
2023-02-21 12:30:00-05:00,1.190000057220459,1.198199987411499,1.190000057220459,1.1902999877929688,3482,0.0,0.0
2023-02-21 13:30:00-05:00,1.2000000476837158,1.2300000190734863,1.2000000476837158,1.2100000381469727,24912,0.0,0.0
2023-02-21 14:30:00-05:00,1.2100000381469727,1.2100000381469727,1.2096999883651733,1.2100000381469727,10065,0.0,0.0
2023-02-21 15:30:00-05:00,1.2200000286102295,1.2200000286102295,1.2096999883651733,1.2100000381469727,13149,0.0,0.0
2023-02-22 09:30:00-05:00,1.159999966621399,1.2000000476837158,1.159999966621399,1.2000000476837158,8300,0.0,0.0
2023-02-22 10:30:00-05:00,1.190000057220459,1.2200000286102295,1.1799999475479126,1.1956000328063965,5289,0.0,0.0
2023-02-22 11:30:00-05:00,1.190000057220459,1.2300000190734863,1.190000057220459,1.2300000190734863,16934,0.0,0.0
2023-02-22 12:30:00-05:00,1.2100000381469727,1.2300000190734863,1.2100000381469727,1.2299000024795532,7977,0.0,0.0
2023-02-22 13:30:00-05:00,1.2100000381469727,1.25,1.2100000381469727,1.2400000095367432,54610,0.0,0.0
2023-02-22 14:30:00-05:00,1.2300000190734863,1.2300000190734863,1.2300000190734863,1.2300000190734863,895,0.0,0.0
2023-02-22 15:30:00-05:00,1.2300000190734863,1.2300000190734863,1.2100000381469727,1.2100000381469727,387,0.0,0.0
2023-02-23 09:30:00-05:00,1.2400000095367432,1.2400000095367432,1.2200000286102295,1.2200000286102295,2894,0.0,0.0
2023-02-23 10:30:00-05:00,1.2100000381469727,1.2100000381469727,1.2100000381469727,1.2100000381469727,3592,0.0,0.0
2023-02-23 11:30:00-05:00,1.2036999464035034,1.2036999464035034,1.2036999464035034,1.2036999464035034,149,0.0,0.0
2023-02-23 12:30:00-05:00,1.2000000476837158,1.2000000476837158,1.2000000476837158,1.2000000476837158,162,0.0,0.0
2023-02-23 13:30:00-05:00,1.2100000381469727,1.2100000381469727,1.2034000158309937,1.2100000381469727,467,0.0,0.0
2023-02-23 15:30:00-05:00,1.2100000381469727,1.2100000381469727,1.2100000381469727,1.2100000381469727,393,0.0,0.0
2023-02-24 09:30:00-05:00,1.2000999450683594,1.2000999450683594,1.2000000476837158,1.2000000476837158,3247,0.0,0.0
2023-02-24 10:30:00-05:00,1.2000999450683594,1.2107000350952148,1.2000999450683594,1.2100000381469727,3662,0.0,0.0
2023-02-24 11:30:00-05:00,1.2000999450683594,1.2000999450683594,1.2000999450683594,1.2000999450683594,151,0.0,0.0
2023-02-24 12:30:00-05:00,1.2000000476837158,1.2021000385284424,1.2000000476837158,1.2021000385284424,714,0.0,0.0
2023-02-24 13:30:00-05:00,1.2100000381469727,1.2100000381469727,1.2100000381469727,1.2100000381469727,189,0.0,0.0
2023-02-24 14:30:00-05:00,1.2000999450683594,1.2100000381469727,1.190000057220459,1.190000057220459,7814,0.0,0.0
2023-02-24 15:30:00-05:00,1.1899000406265259,1.1950000524520874,1.1899000406265259,1.190000057220459,10450,0.0,0.0
2023-02-27 09:30:00-05:00,1.1799999475479126,1.2100000381469727,1.1799999475479126,1.2000000476837158,13952,0.0,0.0
2023-02-27 10:30:00-05:00,1.1799999475479126,1.1799999475479126,1.1799999475479126,1.1799999475479126,2101,0.0,0.0
2023-02-27 11:30:00-05:00,1.190000057220459,1.190000057220459,1.190000057220459,1.190000057220459,2573,0.0,0.0
2023-02-27 12:30:00-05:00,1.1929999589920044,1.1929999589920044,1.190000057220459,1.190000057220459,2422,0.0,0.0
2023-02-27 14:30:00-05:00,1.184999942779541,1.184999942779541,1.184999942779541,1.184999942779541,231,0.0,0.0
2023-02-27 15:30:00-05:00,1.1863000392913818,1.1890000104904175,1.1799999475479126,1.1799999475479126,3379,0.0,0.0
2023-02-28 09:30:00-05:00,1.190000057220459,1.190000057220459,1.1699999570846558,1.1699999570846558,4535,0.0,0.0
2023-02-28 10:30:00-05:00,1.1727999448776245,1.1727999448776245,1.159999966621399,1.1699999570846558,2601,0.0,0.0
2023-02-28 11:30:00-05:00,1.1649999618530273,1.179900050163269,1.1649999618530273,1.179900050163269,1440,0.0,0.0
2023-02-28 12:30:00-05:00,1.1699999570846558,1.1699999570846558,1.1699999570846558,1.1699999570846558,1047,0.0,0.0
2023-02-28 13:30:00-05:00,1.1699999570846558,1.1699999570846558,1.1699999570846558,1.1699999570846558,349,0.0,0.0
2023-02-28 14:30:00-05:00,1.1610000133514404,1.1610000133514404,1.1610000133514404,1.1610000133514404,1441,0.0,0.0
2023-02-28 15:30:00-05:00,1.1799999475479126,1.1799999475479126,1.159999966621399,1.160099983215332,4381,0.0,0.0
2023-03-01 09:30:00-05:00,1.1799999475479126,1.1799999475479126,1.100000023841858,1.1399999856948853,51355,0.0,0.0
2023-03-01 10:30:00-05:00,1.149999976158142,1.149999976158142,1.1401000022888184,1.149999976158142,1412,0.0,0.0
2023-03-01 11:30:00-05:00,1.149999976158142,1.149999976158142,1.1496000289916992,1.149999976158142,1841,0.0,0.0
2023-03-01 12:30:00-05:00,1.149999976158142,1.149999976158142,1.1399999856948853,1.149999976158142,6746,0.0,0.0
2023-03-01 13:30:00-05:00,1.159999966621399,1.159999966621399,1.1399999856948853,1.1399999856948853,389,0.0,0.0
2023-03-01 14:30:00-05:00,1.149899959564209,1.149899959564209,1.1399999856948853,1.1399999856948853,2426,0.0,0.0
2023-03-01 15:30:00-05:00,1.149999976158142,1.149999976158142,1.1399999856948853,1.1399999856948853,4023,0.0,0.0
2023-03-02 09:30:00-05:00,1.100000023841858,1.1299999952316284,1.100000023841858,1.1299999952316284,0,0.0,0.0
2023-03-02 10:30:00-05:00,1.1200000047683716,1.149999976158142,1.1198999881744385,1.1399999856948853,12123,0.0,0.0
2023-03-02 11:30:00-05:00,1.1399999856948853,1.1399999856948853,1.1301000118255615,1.1301000118255615,517,0.0,0.0
2023-03-02 12:30:00-05:00,1.1399999856948853,1.1399999856948853,1.1399999856948853,1.1399999856948853,893,0.0,0.0
2023-03-02 13:30:00-05:00,1.1346999406814575,1.1373000144958496,1.1200000047683716,1.1373000144958496,10329,0.0,0.0
2023-03-02 14:30:00-05:00,1.1398999691009521,1.1398999691009521,1.100000023841858,1.1081000566482544,23306,0.0,0.0
2023-03-02 15:30:00-05:00,1.1100000143051147,1.1399999856948853,1.1100000143051147,1.1100000143051147,12797,0.0,0.0
2023-03-03 09:30:00-05:00,1.159999966621399,1.159999966621399,1.149999976158142,1.1500999927520752,0,0.0,0.0
2023-03-03 10:30:00-05:00,1.149999976158142,1.1581000089645386,1.149899959564209,1.149999976158142,3327,0.0,0.0
2023-03-03 11:30:00-05:00,1.1200000047683716,1.149999976158142,1.1122000217437744,1.1399999856948853,4504,0.0,0.0
2023-03-03 12:30:00-05:00,1.149999976158142,1.159999966621399,1.1399999856948853,1.159999966621399,6696,0.0,0.0
2023-03-03 13:30:00-05:00,1.1567000150680542,1.1598000526428223,1.149999976158142,1.149999976158142,1625,0.0,0.0
2023-03-03 14:30:00-05:00,1.159999966621399,1.1699999570846558,1.1299999952316284,1.1299999952316284,4172,0.0,0.0
2023-03-03 15:30:00-05:00,1.155500054359436,1.1699999570846558,1.1299999952316284,1.1699999570846558,24805,0.0,0.0
2023-03-06 09:30:00-05:00,1.1224000453948975,1.1699999570846558,1.1224000453948975,1.1699999570846558,3728,0.0,0.0
2023-03-06 10:30:00-05:00,1.1649999618530273,1.1699999570846558,1.1518000364303589,1.1518000364303589,10313,0.0,0.0
2023-03-06 11:30:00-05:00,1.159999966621399,1.1799999475479126,1.1505000591278076,1.179900050163269,3126,0.0,0.0
2023-03-06 13:30:00-05:00,1.1699999570846558,1.1699999570846558,1.1699999570846558,1.1699999570846558,200,0.0,0.0
2023-03-06 14:30:00-05:00,1.1699999570846558,1.190000057220459,1.159999966621399,1.190000057220459,17448,0.0,0.0
2023-03-06 15:30:00-05:00,1.1629999876022339,1.1629999876022339,1.1549999713897705,1.159999966621399,6628,0.0,0.0
2023-03-07 10:30:00-05:00,1.190000057220459,1.2200000286102295,1.190000057220459,1.2200000286102295,7761,0.0,0.0
2023-03-07 11:30:00-05:00,1.2200000286102295,1.250100016593933,1.2000000476837158,1.2010999917984009,38701,0.0,0.0
2023-03-07 12:30:00-05:00,1.2115000486373901,1.2200000286102295,1.2050000429153442,1.2050000429153442,4512,0.0,0.0
2023-03-07 13:30:00-05:00,1.208299994468689,1.208299994468689,1.190000057220459,1.190000057220459,647,0.0,0.0
2023-03-07 14:30:00-05:00,1.2000000476837158,1.2583999633789062,1.2000000476837158,1.2300000190734863,51294,0.0,0.0
2023-03-07 15:30:00-05:00,1.2200000286102295,1.2999999523162842,1.2200000286102295,1.2697999477386475,0,0.0,0.0
2023-03-08 09:30:00-05:00,1.2899999618530273,1.2899999618530273,1.2200000286102295,1.2599999904632568,28985,0.0,0.0
2023-03-08 10:30:00-05:00,1.25,1.25,1.2000000476837158,1.2100000381469727,44666,0.0,0.0
2023-03-08 11:30:00-05:00,1.2300000190734863,1.2400000095367432,1.2100000381469727,1.2400000095367432,18838,0.0,0.0
2023-03-08 12:30:00-05:00,1.2352999448776245,1.249899983406067,1.2300000190734863,1.2400000095367432,6721,0.0,0.0
2023-03-08 13:30:00-05:00,1.2300000190734863,1.2350000143051147,1.2100000381469727,1.2266000509262085,4114,0.0,0.0
2023-03-08 14:30:00-05:00,1.2100000381469727,1.2300000190734863,1.1200000047683716,1.1399999856948853,63591,0.0,0.0
2023-03-08 15:30:00-05:00,1.1399999856948853,1.149999976158142,1.0800000429153442,1.0800000429153442,59328,0.0,0.0
2023-03-09 09:30:00-05:00,1.2996000051498413,1.2999999523162842,1.2400000095367432,1.2403000593185425,130975,0.0,0.0
2023-03-09 10:30:00-05:00,1.25,1.25,1.2400000095367432,1.25,15892,0.0,0.0
2023-03-09 11:30:00-05:00,1.25,1.25,1.2200000286102295,1.225000023841858,27920,0.0,0.0
2023-03-09 12:30:00-05:00,1.2280000448226929,1.2300000190734863,1.2100000381469727,1.2120000123977661,4924,0.0,0.0
2023-03-09 13:30:00-05:00,1.218999981880188,1.218999981880188,1.2101000547409058,1.215000033378601,5807,0.0,0.0
2023-03-09 14:30:00-05:00,1.2200000286102295,1.2200000286102295,1.2135000228881836,1.215000033378601,8831,0.0,0.0
2023-03-09 15:30:00-05:00,1.2200000286102295,1.2400000095367432,1.2182999849319458,1.2400000095367432,13183,0.0,0.0
2023-03-10 09:30:00-05:00,1.2200000286102295,1.2799999713897705,1.159999966621399,1.2000000476837158,22068,0.0,0.0
2023-03-10 10:30:00-05:00,1.1799999475479126,1.2300000190734863,1.1799999475479126,1.2200000286102295,5963,0.0,0.0
2023-03-10 11:30:00-05:00,1.2067999839782715,1.2280000448226929,1.2015000581741333,1.2200000286102295,1358,0.0,0.0
2023-03-10 12:30:00-05:00,1.2199000120162964,1.2199000120162964,1.2100000381469727,1.2100000381469727,3111,0.0,0.0
2023-03-10 13:30:00-05:00,1.2000000476837158,1.2199000120162964,1.1816999912261963,1.1816999912261963,10488,0.0,0.0
2023-03-10 14:30:00-05:00,1.1999000310897827,1.2000000476837158,1.1699999570846558,1.1799999475479126,14740,0.0,0.0
2023-03-10 15:30:00-05:00,1.1799999475479126,1.2000000476837158,1.1699999570846558,1.1978000402450562,26726,0.0,0.0
2023-03-13 09:30:00-04:00,1.149999976158142,1.277999997138977,1.149999976158142,1.1693999767303467,58173,0.0,0.0
2023-03-13 10:30:00-04:00,1.1775000095367432,1.2300000190734863,1.1775000095367432,1.1799999475479126,14849,0.0,0.0
2023-03-13 11:30:00-04:00,1.190000057220459,1.190000057220459,1.190000057220459,1.190000057220459,1655,0.0,0.0
2023-03-13 12:30:00-04:00,1.1900999546051025,1.2000000476837158,1.1700999736785889,1.170199990272522,17908,0.0,0.0
2023-03-13 13:30:00-04:00,1.190000057220459,1.2000000476837158,1.1699999570846558,1.1740000247955322,24661,0.0,0.0
2023-03-13 14:30:00-04:00,1.1699999570846558,1.1897000074386597,1.1699999570846558,1.1699999570846558,855,0.0,0.0
2023-03-13 15:30:00-04:00,1.1699999570846558,1.2200000286102295,1.159999966621399,1.2100000381469727,18371,0.0,0.0
2023-03-14 09:30:00-04:00,1.1799999475479126,1.2400000095367432,1.1799999475479126,1.2300000190734863,9916,0.0,0.0
2023-03-14 10:30:00-04:00,1.2200000286102295,1.2400000095367432,1.2050000429153442,1.2400000095367432,1505,0.0,0.0
2023-03-14 11:30:00-04:00,1.2400000095367432,1.2400000095367432,1.225000023841858,1.2400000095367432,1892,0.0,0.0
2023-03-14 12:30:00-04:00,1.2400000095367432,1.25,1.2144999504089355,1.2400000095367432,5156,0.0,0.0
2023-03-14 13:30:00-04:00,1.2400000095367432,1.2400000095367432,1.2200000286102295,1.2200000286102295,2417,0.0,0.0
2023-03-14 14:30:00-04:00,1.2300000190734863,1.2400000095367432,1.2200000286102295,1.2400000095367432,7368,0.0,0.0
2023-03-14 15:30:00-04:00,1.2400000095367432,1.25,1.2300000190734863,1.25,11088,0.0,0.0
2023-03-15 09:30:00-04:00,1.2400000095367432,1.2400000095367432,1.190000057220459,1.190000057220459,0,0.0,0.0
2023-03-15 10:30:00-04:00,1.1900999546051025,1.2300000190734863,1.1821000576019287,1.2300000190734863,34409,0.0,0.0
2023-03-15 11:30:00-04:00,1.2300000190734863,1.2400000095367432,1.190000057220459,1.190000057220459,19360,0.0,0.0
2023-03-15 12:30:00-04:00,1.2100000381469727,1.2200000286102295,1.1857000589370728,1.2000000476837158,1557,0.0,0.0
2023-03-15 13:30:00-04:00,1.190000057220459,1.2000000476837158,1.1883000135421753,1.2000000476837158,3932,0.0,0.0
2023-03-15 14:30:00-04:00,1.190000057220459,1.2000000476837158,1.190000057220459,1.2000000476837158,3603,0.0,0.0
2023-03-15 15:30:00-04:00,1.1900999546051025,1.2000000476837158,1.187399983406067,1.2000000476837158,10526,0.0,0.0
2023-03-16 09:30:00-04:00,1.190000057220459,1.2000000476837158,1.1799999475479126,1.2000000476837158,2379,0.0,0.0
2023-03-16 10:30:00-04:00,1.190000057220459,1.2000000476837158,1.159999966621399,1.1799999475479126,40981,0.0,0.0
2023-03-16 11:30:00-04:00,1.1805000305175781,1.190000057220459,1.159999966621399,1.190000057220459,6451,0.0,0.0
2023-03-16 12:30:00-04:00,1.1799999475479126,1.190000057220459,1.159999966621399,1.1799999475479126,24285,0.0,0.0
2023-03-16 13:30:00-04:00,1.1749999523162842,1.190000057220459,1.1749999523162842,1.190000057220459,354,0.0,0.0
2023-03-16 14:30:00-04:00,1.1799999475479126,1.1799999475479126,1.1799999475479126,1.1799999475479126,250,0.0,0.0
2023-03-16 15:30:00-04:00,1.184999942779541,1.190000057220459,1.1799999475479126,1.190000057220459,1323,0.0,0.0
2023-03-17 09:30:00-04:00,1.190000057220459,1.2000000476837158,1.1633000373840332,1.1749999523162842,9036,0.0,0.0
2023-03-17 10:30:00-04:00,1.1799999475479126,1.1799999475479126,1.1548999547958374,1.1799999475479126,3624,0.0,0.0
2023-03-17 11:30:00-04:00,1.1578999757766724,1.159999966621399,1.1549999713897705,1.159999966621399,2848,0.0,0.0
2023-03-17 12:30:00-04:00,1.1699999570846558,1.1699999570846558,1.1549999713897705,1.1672999858856201,4840,0.0,0.0
2023-03-17 14:30:00-04:00,1.159999966621399,1.1799999475479126,1.159999966621399,1.1799999475479126,2086,0.0,0.0
2023-03-17 15:30:00-04:00,1.1699999570846558,1.2200000286102295,1.149999976158142,1.2200000286102295,21522,0.0,0.0
2023-03-20 09:30:00-04:00,1.25,1.2699999809265137,1.2187000513076782,1.23989999294281,21258,0.0,0.0
2023-03-20 10:30:00-04:00,1.2365000247955322,1.25,1.2201000452041626,1.2400000095367432,30672,0.0,0.0
2023-03-20 11:30:00-04:00,1.2554999589920044,1.2554999589920044,1.25,1.25,1041,0.0,0.0
2023-03-20 12:30:00-04:00,1.2400000095367432,1.2899999618530273,1.2400000095367432,1.26010000705719,42886,0.0,0.0
2023-03-20 13:30:00-04:00,1.2649999856948853,1.2649999856948853,1.2599999904632568,1.2599999904632568,3435,0.0,0.0
2023-03-20 14:30:00-04:00,1.2526999711990356,1.2699999809265137,1.2400000095367432,1.2400000095367432,6290,0.0,0.0
2023-03-20 15:30:00-04:00,1.2400000095367432,1.25,1.2400000095367432,1.25,14326,0.0,0.0
2023-03-21 09:30:00-04:00,1.2400000095367432,1.2799999713897705,1.2400000095367432,1.2599999904632568,4027,0.0,0.0
2023-03-21 10:30:00-04:00,1.2698999643325806,1.2699999809265137,1.25,1.2699999809265137,384,0.0,0.0
2023-03-21 11:30:00-04:00,1.2698999643325806,1.2699999809265137,1.25,1.250100016593933,940,0.0,0.0
2023-03-21 12:30:00-04:00,1.250100016593933,1.2699999809265137,1.25,1.25,7153,0.0,0.0
2023-03-21 14:30:00-04:00,1.2698999643325806,1.2699999809265137,1.25,1.25,2236,0.0,0.0
2023-03-21 15:30:00-04:00,1.2685999870300293,1.2699999809265137,1.2549999952316284,1.2599999904632568,3548,0.0,0.0
2023-03-22 09:30:00-04:00,1.2699999809265137,1.2699999809265137,1.2699999809265137,1.2699999809265137,481,0.0,0.0
2023-03-22 10:30:00-04:00,1.25,1.25,1.2200000286102295,1.2307000160217285,13328,0.0,0.0
2023-03-22 11:30:00-04:00,1.2300000190734863,1.2300000190734863,1.225000023841858,1.225000023841858,1768,0.0,0.0
2023-03-22 13:30:00-04:00,1.2200000286102295,1.2200000286102295,1.2200000286102295,1.2200000286102295,1119,0.0,0.0
2023-03-22 14:30:00-04:00,1.2100000381469727,1.2400000095367432,1.2100000381469727,1.2300000190734863,7055,0.0,0.0
2023-03-22 15:30:00-04:00,1.2300000190734863,1.2300000190734863,1.2300000190734863,1.2300000190734863,0,0.0,0.0
2023-03-23 09:30:00-04:00,1.2200000286102295,1.2258000373840332,1.1901999711990356,1.2258000373840332,939,0.0,0.0
2023-03-23 10:30:00-04:00,1.2000000476837158,1.2263000011444092,1.2000000476837158,1.2263000011444092,784,0.0,0.0
2023-03-23 13:30:00-04:00,1.2400000095367432,1.2400000095367432,1.2400000095367432,1.2400000095367432,184,0.0,0.0
2023-03-23 14:30:00-04:00,1.2009999752044678,1.2100000381469727,1.2000000476837158,1.2000000476837158,7981,0.0,0.0
2023-03-23 15:30:00-04:00,1.2000000476837158,1.2100000381469727,1.2000000476837158,1.2100000381469727,356,0.0,0.0
2023-03-24 09:30:00-04:00,1.1799999475479126,1.2000000476837158,1.1799999475479126,1.190000057220459,7596,0.0,0.0
2023-03-24 10:30:00-04:00,1.190000057220459,1.190000057220459,1.1799999475479126,1.1799999475479126,3696,0.0,0.0
2023-03-24 11:30:00-04:00,1.190000057220459,1.190000057220459,1.1899000406265259,1.1899000406265259,5676,0.0,0.0
2023-03-24 12:30:00-04:00,1.190000057220459,1.2000000476837158,1.190000057220459,1.2000000476837158,228,0.0,0.0
2023-03-24 13:30:00-04:00,1.190000057220459,1.1907999515533447,1.190000057220459,1.190000057220459,1746,0.0,0.0
2023-03-24 14:30:00-04:00,1.2000000476837158,1.2000000476837158,1.190000057220459,1.190000057220459,2963,0.0,0.0
2023-03-24 15:30:00-04:00,1.1908999681472778,1.2000000476837158,1.190000057220459,1.1914000511169434,1659,0.0,0.0
2023-03-27 09:30:00-04:00,1.2300000190734863,1.2699999809265137,1.2200000286102295,1.2200000286102295,16453,0.0,0.0
2023-03-27 10:30:00-04:00,1.215000033378601,1.2300000190734863,1.2100000381469727,1.2300000190734863,2337,0.0,0.0
2023-03-27 11:30:00-04:00,1.215000033378601,1.2300000190734863,1.2000000476837158,1.2000000476837158,3518,0.0,0.0
2023-03-27 12:30:00-04:00,1.2300000190734863,1.2400000095367432,1.2300000190734863,1.2400000095367432,568,0.0,0.0
2023-03-27 13:30:00-04:00,1.25,1.25,1.2100000381469727,1.2127000093460083,32221,0.0,0.0
2023-03-27 14:30:00-04:00,1.2300000190734863,1.25,1.2101000547409058,1.2182999849319458,12422,0.0,0.0
2023-03-27 15:30:00-04:00,1.2300000190734863,1.2400000095367432,1.2200000286102295,1.2200000286102295,1382,0.0,0.0
2023-03-28 09:30:00-04:00,1.25,1.2599999904632568,1.2100000381469727,1.2200000286102295,3675,0.0,0.0
2023-03-28 10:30:00-04:00,1.2300000190734863,1.2300000190734863,1.2181999683380127,1.2181999683380127,8070,0.0,0.0
2023-03-28 11:30:00-04:00,1.2122999429702759,1.2201000452041626,1.2122999429702759,1.2201000452041626,1650,0.0,0.0
2023-03-28 12:30:00-04:00,1.2200000286102295,1.2599999904632568,1.2100000381469727,1.25,22284,0.0,0.0
2023-03-28 13:30:00-04:00,1.2400000095367432,1.25,1.2400000095367432,1.2404999732971191,11605,0.0,0.0
2023-03-28 14:30:00-04:00,1.2400000095367432,1.2400000095367432,1.2400000095367432,1.2400000095367432,1810,0.0,0.0
2023-03-28 15:30:00-04:00,1.25,1.25,1.25,1.25,2483,0.0,0.0
2023-03-29 09:30:00-04:00,1.2201000452041626,1.2400000095367432,1.2200000286102295,1.2400000095367432,4595,0.0,0.0
2023-03-29 10:30:00-04:00,1.2300000190734863,1.2300000190734863,1.2300000190734863,1.2300000190734863,336,0.0,0.0
2023-03-29 11:30:00-04:00,1.23989999294281,1.2400000095367432,1.2210999727249146,1.2300000190734863,5493,0.0,0.0
2023-03-29 12:30:00-04:00,1.2400000095367432,1.2400000095367432,1.2235000133514404,1.2400000095367432,986,0.0,0.0
2023-03-29 13:30:00-04:00,1.2400000095367432,1.2400000095367432,1.2400000095367432,1.2400000095367432,792,0.0,0.0
2023-03-29 14:30:00-04:00,1.2400000095367432,1.25,1.2400000095367432,1.25,2863,0.0,0.0
2023-03-29 15:30:00-04:00,1.2400000095367432,1.2599999904632568,1.2400000095367432,1.2599999904632568,3216,0.0,0.0
2023-03-30 09:30:00-04:00,1.250100016593933,1.2699999809265137,1.2200000286102295,1.2200000286102295,12480,0.0,0.0
2023-03-30 10:30:00-04:00,1.25,1.2513999938964844,1.2400000095367432,1.2415000200271606,1654,0.0,0.0
2023-03-30 11:30:00-04:00,1.2599999904632568,1.2699999809265137,1.2599999904632568,1.2647000551223755,10746,0.0,0.0
2023-03-30 12:30:00-04:00,1.2699999809265137,1.2699999809265137,1.2599999904632568,1.2699999809265137,3867,0.0,0.0
2023-03-30 13:30:00-04:00,1.26010000705719,1.26010000705719,1.2599999904632568,1.2599999904632568,5188,0.0,0.0
2023-03-30 14:30:00-04:00,1.2699999809265137,1.2699999809265137,1.25,1.2599999904632568,8904,0.0,0.0
2023-03-30 15:30:00-04:00,1.2599999904632568,1.2699999809265137,1.2589000463485718,1.2699999809265137,3929,0.0,0.0
2023-03-31 09:30:00-04:00,1.2300000190734863,1.2300000190734863,1.2300000190734863,1.2300000190734863,0,0.0,0.0
2023-03-31 10:30:00-04:00,1.2300000190734863,1.2300000190734863,1.2100000381469727,1.2105000019073486,3233,0.0,0.0
2023-03-31 11:30:00-04:00,1.253000020980835,1.2599999904632568,1.25,1.25,1542,0.0,0.0
2023-03-31 12:30:00-04:00,1.25,1.2509000301361084,1.2400000095367432,1.2400000095367432,6099,0.0,0.0
2023-03-31 13:30:00-04:00,1.2400000095367432,1.2400000095367432,1.2300000190734863,1.2310999631881714,23723,0.0,0.0
2023-03-31 14:30:00-04:00,1.2310999631881714,1.2400000095367432,1.225000023841858,1.2400000095367432,17320,0.0,0.0
2023-03-31 15:30:00-04:00,1.2400000095367432,1.2400000095367432,1.2400000095367432,1.2400000095367432,12456,0.0,0.0
2023-04-03 09:30:00-04:00,1.2400000095367432,1.2698999643325806,1.1799999475479126,1.2325999736785889,43223,0.0,0.0
2023-04-03 10:30:00-04:00,1.25,1.2599999904632568,1.2300000190734863,1.2549999952316284,10734,0.0,0.0
2023-04-03 11:30:00-04:00,1.25,1.2599999904632568,1.2400000095367432,1.2549999952316284,3330,0.0,0.0
2023-04-03 12:30:00-04:00,1.25,1.2599999904632568,1.2400000095367432,1.2400000095367432,4314,0.0,0.0
2023-04-03 13:30:00-04:00,1.2400000095367432,1.25,1.2400000095367432,1.2450000047683716,1763,0.0,0.0
2023-04-03 14:30:00-04:00,1.2400000095367432,1.257200002670288,1.222000002861023,1.2400000095367432,4103,0.0,0.0
2023-04-03 15:30:00-04:00,1.2400000095367432,1.25,1.2400000095367432,1.25,622,0.0,0.0
2023-04-04 09:30:00-04:00,1.2400000095367432,1.2699999809265137,1.2300000190734863,1.2699999809265137,0,0.0,0.0
2023-04-04 10:30:00-04:00,1.2517000436782837,1.2799999713897705,1.2517000436782837,1.2520999908447266,13810,0.0,0.0
2023-04-04 11:30:00-04:00,1.2649999856948853,1.2762000560760498,1.2649999856948853,1.2762000560760498,366,0.0,0.0
2023-04-04 12:30:00-04:00,1.2599999904632568,1.2799999713897705,1.2599999904632568,1.2599999904632568,48076,0.0,0.0
2023-04-04 13:30:00-04:00,1.2699999809265137,1.2799999713897705,1.2611000537872314,1.2611000537872314,6836,0.0,0.0
2023-04-04 14:30:00-04:00,1.2699999809265137,1.2799999713897705,1.2617000341415405,1.2799999713897705,511,0.0,0.0
2023-04-04 15:30:00-04:00,1.2681000232696533,1.2681000232696533,1.2681000232696533,1.2681000232696533,0,0.0,0.0
2023-04-05 09:30:00-04:00,1.25,1.2999000549316406,1.25,1.2799999713897705,38358,0.0,0.0
2023-04-05 10:30:00-04:00,1.2899999618530273,1.2899999618530273,1.2599999904632568,1.2799999713897705,43646,0.0,0.0
2023-04-05 11:30:00-04:00,1.284999966621399,1.284999966621399,1.2599999904632568,1.2599999904632568,15932,0.0,0.0
2023-04-05 12:30:00-04:00,1.2599999904632568,1.2699999809265137,1.2599999904632568,1.2649999856948853,5476,0.0,0.0
2023-04-05 13:30:00-04:00,1.2599999904632568,1.2599999904632568,1.2599999904632568,1.2599999904632568,101,0.0,0.0
2023-04-05 14:30:00-04:00,1.2599999904632568,1.2799999713897705,1.2599999904632568,1.2599999904632568,1020,0.0,0.0
2023-04-05 15:30:00-04:00,1.26010000705719,1.26010000705719,1.26010000705719,1.26010000705719,0,0.0,0.0
2023-04-06 09:30:00-04:00,1.26010000705719,1.2799999713897705,1.25,1.2799999713897705,3165,0.0,0.0
2023-04-06 10:30:00-04:00,1.2544000148773193,1.2544000148773193,1.2544000148773193,1.2544000148773193,1022,0.0,0.0
2023-04-06 11:30:00-04:00,1.25,1.25,1.25,1.25,288,0.0,0.0
2023-04-06 12:30:00-04:00,1.249500036239624,1.25,1.2300000190734863,1.2300000190734863,4708,0.0,0.0
2023-04-06 13:30:00-04:00,1.25,1.2599999904632568,1.25,1.2599999904632568,2185,0.0,0.0
2023-04-06 14:30:00-04:00,1.2426999807357788,1.25,1.2400000095367432,1.2402000427246094,6249,0.0,0.0
2023-04-06 15:30:00-04:00,1.2300000190734863,1.23989999294281,1.2300000190734863,1.23989999294281,10603,0.0,0.0
2023-04-10 09:30:00-04:00,1.2599999904632568,1.2799999713897705,1.25,1.25,11251,0.0,0.0
2023-04-10 10:30:00-04:00,1.249899983406067,1.25,1.2300000190734863,1.2473000288009644,12954,0.0,0.0
2023-04-10 11:30:00-04:00,1.2300000190734863,1.25,1.2300000190734863,1.25,1769,0.0,0.0
2023-04-10 12:30:00-04:00,1.25,1.2568000555038452,1.25,1.25,2945,0.0,0.0
2023-04-10 13:30:00-04:00,1.2599999904632568,1.2599999904632568,1.2400000095367432,1.2400000095367432,1439,0.0,0.0
2023-04-10 14:30:00-04:00,1.25,1.25,1.2401000261306763,1.2401000261306763,1718,0.0,0.0
2023-04-10 15:30:00-04:00,1.2400000095367432,1.25,1.2300000190734863,1.2473000288009644,6610,0.0,0.0
2023-04-11 09:30:00-04:00,1.2400000095367432,1.2400000095367432,1.2350000143051147,1.2400000095367432,0,0.0,0.0
2023-04-11 10:30:00-04:00,1.2403000593185425,1.2403000593185425,1.2300000190734863,1.2301000356674194,7276,0.0,0.0
2023-04-11 11:30:00-04:00,1.2300000190734863,1.2400000095367432,1.2300000190734863,1.2400000095367432,1570,0.0,0.0
2023-04-11 12:30:00-04:00,1.2400000095367432,1.2400000095367432,1.2350000143051147,1.2400000095367432,10349,0.0,0.0
2023-04-11 13:30:00-04:00,1.25,1.25,1.25,1.25,500,0.0,0.0
2023-04-11 14:30:00-04:00,1.2400000095367432,1.2401000261306763,1.2300000190734863,1.2400000095367432,4482,0.0,0.0
2023-04-11 15:30:00-04:00,1.2400000095367432,1.2401000261306763,1.2350000143051147,1.2350000143051147,6097,0.0,0.0
2023-04-12 09:30:00-04:00,1.2552000284194946,1.2552000284194946,1.2450000047683716,1.2450000047683716,992,0.0,0.0
2023-04-12 10:30:00-04:00,1.2300000190734863,1.25,1.2200000286102295,1.2222000360488892,4210,0.0,0.0
2023-04-12 11:30:00-04:00,1.25,1.25,1.2300000190734863,1.2300000190734863,3000,0.0,0.0
2023-04-12 12:30:00-04:00,1.2300000190734863,1.2300000190734863,1.2300000190734863,1.2300000190734863,326,0.0,0.0
2023-04-12 13:30:00-04:00,1.2201000452041626,1.2201000452041626,1.2201000452041626,1.2201000452041626,3211,0.0,0.0
2023-04-12 15:30:00-04:00,1.2200000286102295,1.2799999713897705,1.2200000286102295,1.2599999904632568,13164,0.0,0.0
2023-04-13 09:30:00-04:00,1.2599999904632568,1.2599999904632568,1.2352999448776245,1.2352999448776245,1147,0.0,0.0
2023-04-13 10:30:00-04:00,1.2300000190734863,1.2450000047683716,1.2300000190734863,1.2300000190734863,12297,0.0,0.0
2023-04-13 11:30:00-04:00,1.25,1.25,1.25,1.25,1445,0.0,0.0
2023-04-13 12:30:00-04:00,1.25,1.25,1.25,1.25,1516,0.0,0.0
2023-04-13 14:30:00-04:00,1.2482000589370728,1.2486000061035156,1.2300000190734863,1.2400000095367432,2619,0.0,0.0
2023-04-13 15:30:00-04:00,1.2400000095367432,1.2599999904632568,1.2300000190734863,1.2599999904632568,11803,0.0,0.0
2023-04-14 09:30:00-04:00,1.25,1.26010000705719,1.2300000190734863,1.2300000190734863,23156,0.0,0.0
2023-04-14 10:30:00-04:00,1.2300000190734863,1.2395999431610107,1.2300000190734863,1.2300000190734863,2112,0.0,0.0
2023-04-14 11:30:00-04:00,1.2400000095367432,1.2400000095367432,1.2331000566482544,1.2331000566482544,513,0.0,0.0
2023-04-14 13:30:00-04:00,1.2310999631881714,1.2310999631881714,1.2310999631881714,1.2310999631881714,5201,0.0,0.0
2023-04-14 14:30:00-04:00,1.2300000190734863,1.2400000095367432,1.2300000190734863,1.2400000095367432,7854,0.0,0.0
2023-04-14 15:30:00-04:00,1.2383999824523926,1.2384999990463257,1.2200000286102295,1.2200000286102295,2367,0.0,0.0
2023-04-17 09:30:00-04:00,1.2400000095367432,1.2410000562667847,1.2300000190734863,1.2300000190734863,6160,0.0,0.0
2023-04-17 10:30:00-04:00,1.2300000190734863,1.2300000190734863,1.1799999475479126,1.190000057220459,27301,0.0,0.0
2023-04-17 11:30:00-04:00,1.190000057220459,1.2000000476837158,1.1799999475479126,1.1799999475479126,8614,0.0,0.0
2023-04-17 12:30:00-04:00,1.1799999475479126,1.1799999475479126,1.1699999570846558,1.1699999570846558,11431,0.0,0.0
2023-04-17 13:30:00-04:00,1.1699999570846558,1.1749999523162842,1.159999966621399,1.1699999570846558,6169,0.0,0.0
2023-04-17 14:30:00-04:00,1.159999966621399,1.1705000400543213,1.149999976158142,1.1699999570846558,28006,0.0,0.0
2023-04-17 15:30:00-04:00,1.1699999570846558,1.1799999475479126,1.159999966621399,1.1799999475479126,42133,0.0,0.0
2023-04-18 09:30:00-04:00,1.1699999570846558,1.1699999570846558,1.149999976158142,1.159999966621399,17492,0.0,0.0
2023-04-18 10:30:00-04:00,1.1699999570846558,1.1799999475479126,1.1649999618530273,1.1799999475479126,3119,0.0,0.0
2023-04-18 11:30:00-04:00,1.1799999475479126,1.2100000381469727,1.1749999523162842,1.2000000476837158,3909,0.0,0.0
2023-04-18 12:30:00-04:00,1.2000000476837158,1.2100000381469727,1.2000000476837158,1.2100000381469727,3569,0.0,0.0
2023-04-18 13:30:00-04:00,1.2100000381469727,1.2100000381469727,1.190000057220459,1.2100000381469727,3541,0.0,0.0
2023-04-18 14:30:00-04:00,1.2100000381469727,1.2100000381469727,1.190000057220459,1.1950000524520874,6905,0.0,0.0
2023-04-18 15:30:00-04:00,1.190000057220459,1.1901999711990356,1.159999966621399,1.1649999618530273,33892,0.0,0.0
2023-04-19 09:30:00-04:00,1.1200000047683716,1.159999966621399,1.1200000047683716,1.1598999500274658,9565,0.0,0.0
2023-04-19 10:30:00-04:00,1.159999966621399,1.159999966621399,1.159999966621399,1.159999966621399,947,0.0,0.0
2023-04-19 11:30:00-04:00,1.149999976158142,1.1500999927520752,1.1200000047683716,1.149999976158142,26360,0.0,0.0
2023-04-19 12:30:00-04:00,1.159999966621399,1.1675000190734863,1.159999966621399,1.1675000190734863,2515,0.0,0.0
2023-04-19 13:30:00-04:00,1.1675000190734863,1.1685999631881714,1.166200041770935,1.1685999631881714,386,0.0,0.0
2023-04-19 14:30:00-04:00,1.1698999404907227,1.1699999570846558,1.159999966621399,1.1649999618530273,8064,0.0,0.0
2023-04-19 15:30:00-04:00,1.1699999570846558,1.1799999475479126,1.1699999570846558,1.1799999475479126,4173,0.0,0.0
2023-04-20 09:30:00-04:00,1.1506999731063843,1.159999966621399,1.149999976158142,1.159999966621399,4448,0.0,0.0
2023-04-20 10:30:00-04:00,1.176200032234192,1.176200032234192,1.174299955368042,1.174299955368042,742,0.0,0.0
2023-04-20 11:30:00-04:00,1.149999976158142,1.159999966621399,1.149999976158142,1.159999966621399,16347,0.0,0.0
2023-04-20 12:30:00-04:00,1.1689000129699707,1.1689000129699707,1.159999966621399,1.159999966621399,954,0.0,0.0
2023-04-20 13:30:00-04:00,1.159999966621399,1.1649999618530273,1.159999966621399,1.159999966621399,2414,0.0,0.0
2023-04-20 14:30:00-04:00,1.159999966621399,1.1619000434875488,1.159999966621399,1.1619000434875488,1263,0.0,0.0
2023-04-20 15:30:00-04:00,1.159999966621399,1.1693999767303467,1.159999966621399,1.1693999767303467,527,0.0,0.0
2023-04-21 09:30:00-04:00,1.1799999475479126,1.1799999475479126,1.1598999500274658,1.1782000064849854,0,0.0,0.0
2023-04-21 10:30:00-04:00,1.1699999570846558,1.1799999475479126,1.1699999570846558,1.1699999570846558,15149,0.0,0.0
2023-04-21 11:30:00-04:00,1.1699999570846558,1.1699999570846558,1.149999976158142,1.149999976158142,20720,0.0,0.0
2023-04-21 12:30:00-04:00,1.149999976158142,1.1598999500274658,1.149999976158142,1.1598999500274658,782,0.0,0.0
2023-04-21 13:30:00-04:00,1.1598999500274658,1.159999966621399,1.149999976158142,1.1598999500274658,28544,0.0,0.0
2023-04-21 14:30:00-04:00,1.1500999927520752,1.159999966621399,1.149999976158142,1.1548999547958374,34845,0.0,0.0
2023-04-21 15:30:00-04:00,1.159999966621399,1.159999966621399,1.159999966621399,1.159999966621399,0,0.0,0.0
2023-04-24 09:30:00-04:00,1.1799999475479126,1.2100000381469727,1.1799999475479126,1.2100000381469727,47979,0.0,0.0
2023-04-24 10:30:00-04:00,1.2100000381469727,1.2100000381469727,1.190000057220459,1.190000057220459,10523,0.0,0.0
2023-04-24 11:30:00-04:00,1.198799967765808,1.2000000476837158,1.190000057220459,1.190000057220459,2412,0.0,0.0
2023-04-24 12:30:00-04:00,1.190000057220459,1.190000057220459,1.190000057220459,1.190000057220459,343,0.0,0.0
2023-04-24 13:30:00-04:00,1.1900999546051025,1.1986000537872314,1.187999963760376,1.187999963760376,1808,0.0,0.0
2023-04-24 14:30:00-04:00,1.1799999475479126,1.190000057220459,1.1799999475479126,1.190000057220459,1572,0.0,0.0
2023-04-24 15:30:00-04:00,1.190000057220459,1.190000057220459,1.1799999475479126,1.190000057220459,9968,0.0,0.0
2023-04-25 09:30:00-04:00,1.1799999475479126,1.190000057220459,1.1799999475479126,1.190000057220459,1719,0.0,0.0
2023-04-25 10:30:00-04:00,1.190000057220459,1.190000057220459,1.184999942779541,1.184999942779541,3906,0.0,0.0
2023-04-25 11:30:00-04:00,1.1799999475479126,1.190000057220459,1.1799999475479126,1.184999942779541,7983,0.0,0.0
2023-04-25 12:30:00-04:00,1.184999942779541,1.184999942779541,1.1699999570846558,1.1749999523162842,8022,0.0,0.0
2023-04-25 13:30:00-04:00,1.1749999523162842,1.1799999475479126,1.1699999570846558,1.1799999475479126,15014,0.0,0.0
2023-04-25 14:30:00-04:00,1.1749999523162842,1.1799999475479126,1.1749999523162842,1.1799999475479126,2635,0.0,0.0
2023-04-25 15:30:00-04:00,1.1799999475479126,1.1799999475479126,1.1299999952316284,1.159999966621399,26433,0.0,0.0
2023-04-26 09:30:00-04:00,1.1699999570846558,1.1799999475479126,1.149999976158142,1.149999976158142,24035,0.0,0.0
2023-04-26 10:30:00-04:00,1.149999976158142,1.149999976158142,1.1399999856948853,1.149999976158142,4268,0.0,0.0
2023-04-26 11:30:00-04:00,1.149999976158142,1.159999966621399,1.149999976158142,1.159999966621399,703,0.0,0.0
2023-04-26 12:30:00-04:00,1.1585999727249146,1.159999966621399,1.1549999713897705,1.1549999713897705,967,0.0,0.0
2023-04-26 13:30:00-04:00,1.149999976158142,1.149999976158142,1.1399999856948853,1.149899959564209,4021,0.0,0.0
2023-04-26 14:30:00-04:00,1.1399999856948853,1.1399999856948853,1.1342999935150146,1.1342999935150146,1895,0.0,0.0
2023-04-26 15:30:00-04:00,1.139299988746643,1.139299988746643,1.1299999952316284,1.1349999904632568,0,0.0,0.0
2023-04-27 09:30:00-04:00,1.149999976158142,1.1699999570846558,1.149999976158142,1.1699999570846558,11273,0.0,0.0
2023-04-27 10:30:00-04:00,1.1699999570846558,1.1799999475479126,1.149999976158142,1.149999976158142,11113,0.0,0.0
2023-04-27 11:30:00-04:00,1.159999966621399,1.159999966621399,1.149999976158142,1.1549999713897705,3101,0.0,0.0
2023-04-27 12:30:00-04:00,1.149999976158142,1.1555999517440796,1.149999976158142,1.1549999713897705,2345,0.0,0.0
2023-04-27 13:30:00-04:00,1.149999976158142,1.159999966621399,1.149999976158142,1.149999976158142,2117,0.0,0.0
2023-04-27 14:30:00-04:00,1.159999966621399,1.159999966621399,1.149999976158142,1.1549999713897705,1763,0.0,0.0
2023-04-27 15:30:00-04:00,1.159999966621399,1.1799999475479126,1.149999976158142,1.159999966621399,0,0.0,0.0
2023-04-28 09:30:00-04:00,1.149999976158142,1.159999966621399,1.149999976158142,1.159999966621399,1568,0.0,0.0
2023-04-28 10:30:00-04:00,1.1592999696731567,1.1592999696731567,1.149999976158142,1.149999976158142,2101,0.0,0.0
2023-04-28 11:30:00-04:00,1.1598999500274658,1.1699999570846558,1.1598000526428223,1.159999966621399,14117,0.0,0.0
2023-04-28 13:30:00-04:00,1.15910005569458,1.1699999570846558,1.1549999713897705,1.1699999570846558,8346,0.0,0.0
2023-04-28 15:30:00-04:00,1.1799999475479126,1.190000057220459,1.159999966621399,1.159999966621399,14002,0.0,0.0
2023-05-01 09:30:00-04:00,1.1799999475479126,1.2000000476837158,1.149999976158142,1.1791000366210938,15648,0.0,0.0
2023-05-01 10:30:00-04:00,1.169800043106079,1.169800043106079,1.159999966621399,1.1672999858856201,916,0.0,0.0
2023-05-01 11:30:00-04:00,1.1603000164031982,1.1799999475479126,1.149999976158142,1.1799999475479126,42741,0.0,0.0
2023-05-01 12:30:00-04:00,1.1799999475479126,1.1799999475479126,1.1699999570846558,1.1699999570846558,313,0.0,0.0
2023-05-01 13:30:00-04:00,1.179800033569336,1.179800033569336,1.179800033569336,1.179800033569336,322,0.0,0.0
2023-05-01 14:30:00-04:00,1.1799999475479126,1.1799999475479126,1.1624000072479248,1.1786999702453613,793,0.0,0.0
2023-05-01 15:30:00-04:00,1.1799999475479126,1.1799999475479126,1.149999976158142,1.1699999570846558,1155,0.0,0.0
2023-05-02 09:30:00-04:00,1.1699999570846558,1.1699999570846558,1.149999976158142,1.149999976158142,4055,0.0,0.0
2023-05-02 10:30:00-04:00,1.1500999927520752,1.1549999713897705,1.1299999952316284,1.1414999961853027,39779,0.0,0.0
2023-05-02 11:30:00-04:00,1.1399999856948853,1.149999976158142,1.1299999952316284,1.1301000118255615,25012,0.0,0.0
2023-05-02 12:30:00-04:00,1.1419999599456787,1.149999976158142,1.1411000490188599,1.149999976158142,4056,0.0,0.0
2023-05-02 13:30:00-04:00,1.149899959564209,1.149999976158142,1.1399999856948853,1.1449999809265137,4163,0.0,0.0
2023-05-02 14:30:00-04:00,1.1449999809265137,1.149999976158142,1.1101000308990479,1.1101000308990479,105154,0.0,0.0
2023-05-02 15:30:00-04:00,1.125,1.125,1.1200000047683716,1.1200000047683716,0,0.0,0.0
2023-05-03 09:30:00-04:00,1.1399999856948853,1.1399999856948853,1.1200000047683716,1.1299999952316284,1719,0.0,0.0
2023-05-03 10:30:00-04:00,1.1299999952316284,1.1299999952316284,1.1080000400543213,1.1100000143051147,41623,0.0,0.0
2023-05-03 11:30:00-04:00,1.1100000143051147,1.1200000047683716,1.1100000143051147,1.1200000047683716,5314,0.0,0.0
2023-05-03 12:30:00-04:00,1.1200000047683716,1.1200000047683716,1.1100000143051147,1.1200000047683716,9070,0.0,0.0
2023-05-03 13:30:00-04:00,1.1200000047683716,1.1299999952316284,1.100000023841858,1.1299999952316284,5698,0.0,0.0
2023-05-03 14:30:00-04:00,1.1299999952316284,1.1299999952316284,1.1200000047683716,1.1299999952316284,3642,0.0,0.0
2023-05-03 15:30:00-04:00,1.1299999952316284,1.1299999952316284,1.1100000143051147,1.1299999952316284,6443,0.0,0.0
2023-05-04 09:30:00-04:00,1.1200000047683716,1.1200000047683716,1.090000033378601,1.0999000072479248,49060,0.0,0.0
2023-05-04 10:30:00-04:00,1.0950000286102295,1.100000023841858,1.090000033378601,1.0950000286102295,4110,0.0,0.0
2023-05-04 11:30:00-04:00,1.100000023841858,1.1100000143051147,1.0996999740600586,1.1100000143051147,2194,0.0,0.0
2023-05-04 12:30:00-04:00,1.1100000143051147,1.1200000047683716,1.1100000143051147,1.1200000047683716,7252,0.0,0.0
2023-05-04 13:30:00-04:00,1.1100000143051147,1.1150000095367432,1.1100000143051147,1.1150000095367432,1466,0.0,0.0
2023-05-04 14:30:00-04:00,1.1150000095367432,1.115399956703186,1.1100000143051147,1.110700011253357,1678,0.0,0.0
2023-05-04 15:30:00-04:00,1.1100000143051147,1.1155999898910522,1.1100000143051147,1.1155999898910522,1413,0.0,0.0
2023-05-05 09:30:00-04:00,1.1299999952316284,1.1299999952316284,1.1109999418258667,1.1109999418258667,3571,0.0,0.0
2023-05-05 11:30:00-04:00,1.1299999952316284,1.1299999952316284,1.1100000143051147,1.1299999952316284,2430,0.0,0.0
2023-05-05 12:30:00-04:00,1.1299999952316284,1.1299999952316284,1.1138999462127686,1.1298999786376953,6613,0.0,0.0
2023-05-05 13:30:00-04:00,1.1299999952316284,1.1299999952316284,1.1299999952316284,1.1299999952316284,200,0.0,0.0
2023-05-05 14:30:00-04:00,1.1299999952316284,1.1299999952316284,1.1298999786376953,1.1299999952316284,812,0.0,0.0
2023-05-05 15:30:00-04:00,1.1299999952316284,1.1299999952316284,1.1299999952316284,1.1299999952316284,0,0.0,0.0
2023-05-08 09:30:00-04:00,1.1299999952316284,1.1349999904632568,1.1200000047683716,1.1349999904632568,4742,0.0,0.0
2023-05-08 10:30:00-04:00,1.1349999904632568,1.1349999904632568,1.1349999904632568,1.1349999904632568,0,0.0,0.0
2023-05-08 11:30:00-04:00,1.1399999856948853,1.1399999856948853,1.1339000463485718,1.1349999904632568,8852,0.0,0.0
2023-05-08 12:30:00-04:00,1.1349999904632568,1.1349999904632568,1.1299999952316284,1.1299999952316284,4345,0.0,0.0
2023-05-08 13:30:00-04:00,1.1299999952316284,1.1299999952316284,1.125100016593933,1.125100016593933,1090,0.0,0.0
2023-05-08 14:30:00-04:00,1.1299999952316284,1.1299999952316284,1.125,1.125,0,0.0,0.0
2023-05-08 15:30:00-04:00,1.1299999952316284,1.1299999952316284,1.1200000047683716,1.1200000047683716,22621,0.0,0.0
2023-05-09 09:30:00-04:00,1.1200000047683716,1.1200000047683716,1.1200000047683716,1.1200000047683716,5729,0.0,0.0
2023-05-09 10:30:00-04:00,1.1200000047683716,1.125,1.1200000047683716,1.1200000047683716,23248,0.0,0.0
2023-05-09 12:30:00-04:00,1.1100000143051147,1.1100000143051147,1.1100000143051147,1.1100000143051147,567,0.0,0.0
2023-05-09 13:30:00-04:00,1.1195000410079956,1.125,1.1195000410079956,1.125,0,0.0,0.0
2023-05-09 14:30:00-04:00,1.125,1.125,1.125,1.125,31831,0.0,0.0
2023-05-09 15:30:00-04:00,1.125,1.1299999952316284,1.125,1.1299999952316284,2489,0.0,0.0
2023-05-10 09:30:00-04:00,1.2699999809265137,1.3200000524520874,1.2555999755859375,1.3200000524520874,138439,0.0,0.0
2023-05-10 10:30:00-04:00,1.3300000429153442,1.3396999835968018,1.309999942779541,1.309999942779541,18659,0.0,0.0
2023-05-10 11:30:00-04:00,1.3200000524520874,1.3300000429153442,1.2999999523162842,1.2999999523162842,4220,0.0,0.0
2023-05-10 12:30:00-04:00,1.309999942779541,1.3125,1.2999999523162842,1.2999999523162842,3334,0.0,0.0
2023-05-10 13:30:00-04:00,1.3198000192642212,1.3199000358581543,1.2999999523162842,1.2999999523162842,31157,0.0,0.0
2023-05-10 14:30:00-04:00,1.3098000288009644,1.3300000429153442,1.2999999523162842,1.3300000429153442,21427,0.0,0.0
2023-05-10 15:30:00-04:00,1.340000033378601,1.340000033378601,1.295199990272522,1.2999999523162842,43737,0.0,0.0
2023-05-11 09:30:00-04:00,1.350000023841858,1.350000023841858,1.3200000524520874,1.3200000524520874,40250,0.0,0.0
2023-05-11 10:30:00-04:00,1.309999942779541,1.309999942779541,1.2899999618530273,1.2899999618530273,35976,0.0,0.0
2023-05-11 11:30:00-04:00,1.2899999618530273,1.3394999504089355,1.2899999618530273,1.309999942779541,19794,0.0,0.0
2023-05-11 12:30:00-04:00,1.309999942779541,1.309999942779541,1.2999999523162842,1.3049999475479126,4556,0.0,0.0
2023-05-11 13:30:00-04:00,1.3049999475479126,1.309999942779541,1.2999999523162842,1.2999999523162842,5714,0.0,0.0
2023-05-11 14:30:00-04:00,1.2999999523162842,1.315000057220459,1.2949999570846558,1.309999942779541,14380,0.0,0.0
2023-05-11 15:30:00-04:00,1.309999942779541,1.309999942779541,1.2899999618530273,1.2899999618530273,14059,0.0,0.0
2023-05-12 09:30:00-04:00,1.2799999713897705,1.2799999713897705,1.2699999809265137,1.274999976158142,0,0.0,0.0
2023-05-12 10:30:00-04:00,1.2699999809265137,1.274999976158142,1.2599999904632568,1.2649999856948853,10356,0.0,0.0
2023-05-12 11:30:00-04:00,1.2599999904632568,1.2649999856948853,1.2300000190734863,1.2350000143051147,72932,0.0,0.0
2023-05-12 12:30:00-04:00,1.2300000190734863,1.2350000143051147,1.2200000286102295,1.2200000286102295,10365,0.0,0.0
2023-05-12 13:30:00-04:00,1.225000023841858,1.2300000190734863,1.2200000286102295,1.2200000286102295,6905,0.0,0.0
2023-05-12 14:30:00-04:00,1.225000023841858,1.3300000429153442,1.225000023841858,1.3300000429153442,34878,0.0,0.0
2023-05-12 15:30:00-04:00,1.3300000429153442,1.3322999477386475,1.3200000524520874,1.3322999477386475,17013,0.0,0.0
2023-05-15 09:30:00-04:00,1.350000023841858,1.350000023841858,1.3300000429153442,1.3300000429153442,45319,0.0,0.0
2023-05-15 10:30:00-04:00,1.3300000429153442,1.340000033378601,1.3300000429153442,1.3300000429153442,540,0.0,0.0
2023-05-15 11:30:00-04:00,1.340000033378601,1.340000033378601,1.3300000429153442,1.3300000429153442,470,0.0,0.0
2023-05-15 12:30:00-04:00,1.3392000198364258,1.340000033378601,1.3350000381469727,1.339900016784668,2121,0.0,0.0
2023-05-15 13:30:00-04:00,1.340000033378601,1.3700000047683716,1.3372999429702759,1.3600000143051147,20052,0.0,0.0
2023-05-15 14:30:00-04:00,1.3700000047683716,1.3799999952316284,1.350000023841858,1.3700000047683716,16033,0.0,0.0
2023-05-15 15:30:00-04:00,1.3700000047683716,1.3700000047683716,1.3550000190734863,1.3700000047683716,8313,0.0,0.0
2023-05-16 09:30:00-04:00,1.340000033378601,1.3600000143051147,1.340000033378601,1.3450000286102295,14278,0.0,0.0
2023-05-16 10:30:00-04:00,1.3457000255584717,1.3600000143051147,1.3424999713897705,1.350000023841858,7670,0.0,0.0
2023-05-16 11:30:00-04:00,1.340000033378601,1.350000023841858,1.340000033378601,1.3450000286102295,600,0.0,0.0
2023-05-16 13:30:00-04:00,1.340000033378601,1.3600000143051147,1.3300000429153442,1.3450000286102295,6961,0.0,0.0
2023-05-16 14:30:00-04:00,1.3427000045776367,1.3600000143051147,1.3300000429153442,1.3300000429153442,18210,0.0,0.0
2023-05-16 15:30:00-04:00,1.3350000381469727,1.340000033378601,1.3200000524520874,1.3200000524520874,24126,0.0,0.0
2023-05-17 09:30:00-04:00,1.309999942779541,1.311900019645691,1.309999942779541,1.311900019645691,2043,0.0,0.0
2023-05-17 10:30:00-04:00,1.3107000589370728,1.3200000524520874,1.2999999523162842,1.2999999523162842,2177,0.0,0.0
2023-05-17 11:30:00-04:00,1.2999999523162842,1.309999942779541,1.2999999523162842,1.309999942779541,425,0.0,0.0
2023-05-17 12:30:00-04:00,1.3200000524520874,1.3200000524520874,1.2999999523162842,1.315000057220459,2778,0.0,0.0
2023-05-17 13:30:00-04:00,1.3200000524520874,1.3200000524520874,1.3107000589370728,1.315000057220459,7718,0.0,0.0
2023-05-17 14:30:00-04:00,1.3100999593734741,1.315000057220459,1.3027000427246094,1.3040000200271606,10089,0.0,0.0
2023-05-17 15:30:00-04:00,1.3049999475479126,1.3049999475479126,1.2999999523162842,1.3049999475479126,452,0.0,0.0
2023-05-18 09:30:00-04:00,1.3200000524520874,1.340000033378601,1.309999942779541,1.340000033378601,24609,0.0,0.0
2023-05-18 10:30:00-04:00,1.340000033378601,1.3600000143051147,1.3300000429153442,1.350000023841858,16125,0.0,0.0
2023-05-18 11:30:00-04:00,1.3550000190734863,1.3600000143051147,1.350000023841858,1.3550000190734863,4255,0.0,0.0
2023-05-18 12:30:00-04:00,1.3550000190734863,1.3598999977111816,1.350000023841858,1.3550000190734863,8965,0.0,0.0
2023-05-18 13:30:00-04:00,1.3550000190734863,1.3600000143051147,1.350000023841858,1.3516000509262085,7455,0.0,0.0
2023-05-18 14:30:00-04:00,1.3550000190734863,1.3550000190734863,1.350000023841858,1.3550000190734863,1222,0.0,0.0
2023-05-18 15:30:00-04:00,1.350000023841858,1.3700000047683716,1.350000023841858,1.3700000047683716,7192,0.0,0.0
2023-05-19 09:30:00-04:00,1.3700000047683716,1.3700000047683716,1.340000033378601,1.3700000047683716,0,0.0,0.0
2023-05-19 10:30:00-04:00,1.367900013923645,1.3700000047683716,1.3550000190734863,1.3600000143051147,33875,0.0,0.0
2023-05-19 11:30:00-04:00,1.3650000095367432,1.3700000047683716,1.3600000143051147,1.3600000143051147,37873,0.0,0.0
2023-05-19 12:30:00-04:00,1.3650000095367432,1.3650000095367432,1.3600000143051147,1.3600000143051147,6687,0.0,0.0
2023-05-19 13:30:00-04:00,1.3650000095367432,1.3899999856948853,1.3629000186920166,1.375,23802,0.0,0.0
2023-05-19 14:30:00-04:00,1.375,1.375,1.3700000047683716,1.3700000047683716,8485,0.0,0.0
2023-05-19 15:30:00-04:00,1.375,1.375,1.3700000047683716,1.375,2969,0.0,0.0
2023-05-22 09:30:00-04:00,1.399999976158142,1.399999976158142,1.3799999952316284,1.3899999856948853,29617,0.0,0.0
2023-05-22 10:30:00-04:00,1.3899999856948853,1.399999976158142,1.3849999904632568,1.3949999809265137,0,0.0,0.0
2023-05-22 11:30:00-04:00,1.3949999809265137,1.399999976158142,1.3799999952316284,1.3949999809265137,104908,0.0,0.0
2023-05-22 12:30:00-04:00,1.3899999856948853,1.3949999809265137,1.3899999856948853,1.3949999809265137,1156,0.0,0.0
2023-05-22 13:30:00-04:00,1.3901000022888184,1.399999976158142,1.3899999856948853,1.3899999856948853,1770,0.0,0.0
2023-05-22 14:30:00-04:00,1.3799999952316284,1.399999976158142,1.3799999952316284,1.399999976158142,18313,0.0,0.0
2023-05-22 15:30:00-04:00,1.3949999809265137,1.399999976158142,1.3906999826431274,1.399999976158142,4523,0.0,0.0
2023-05-23 09:30:00-04:00,1.399999976158142,1.399999976158142,1.3898999691009521,1.399999976158142,13962,0.0,0.0
2023-05-23 10:30:00-04:00,1.3901000022888184,1.399999976158142,1.3901000022888184,1.399999976158142,2985,0.0,0.0
2023-05-23 11:30:00-04:00,1.399999976158142,1.399999976158142,1.3899999856948853,1.3973000049591064,12307,0.0,0.0
2023-05-23 12:30:00-04:00,1.399999976158142,1.399999976158142,1.3899999856948853,1.399999976158142,10739,0.0,0.0
2023-05-23 13:30:00-04:00,1.3899999856948853,1.399999976158142,1.3899999856948853,1.399999976158142,3224,0.0,0.0
2023-05-23 14:30:00-04:00,1.399999976158142,1.399999976158142,1.3899999856948853,1.3949999809265137,8851,0.0,0.0
2023-05-23 15:30:00-04:00,1.399999976158142,1.399999976158142,1.3901000022888184,1.399999976158142,0,0.0,0.0
2023-05-24 09:30:00-04:00,1.399999976158142,1.399999976158142,1.3984999656677246,1.3984999656677246,13705,0.0,0.0
2023-05-24 10:30:00-04:00,1.3802000284194946,1.3899999856948853,1.3799999952316284,1.3899999856948853,2785,0.0,0.0
2023-05-24 11:30:00-04:00,1.3899999856948853,1.3899999856948853,1.3899999856948853,1.3899999856948853,180,0.0,0.0
2023-05-24 12:30:00-04:00,1.392699956893921,1.392699956893921,1.3799999952316284,1.3799999952316284,5821,0.0,0.0
2023-05-24 13:30:00-04:00,1.3799999952316284,1.3799999952316284,1.3799999952316284,1.3799999952316284,4418,0.0,0.0
2023-05-24 14:30:00-04:00,1.3799999952316284,1.3849999904632568,1.3700000047683716,1.3700000047683716,853,0.0,0.0
2023-05-24 15:30:00-04:00,1.3701000213623047,1.3799999952316284,1.3700000047683716,1.3700000047683716,4652,0.0,0.0
2023-05-25 09:30:00-04:00,1.3600000143051147,1.3700000047683716,1.3420000076293945,1.3420000076293945,19760,0.0,0.0
2023-05-25 10:30:00-04:00,1.3200000524520874,1.3300000429153442,1.2999999523162842,1.3299000263214111,9625,0.0,0.0
2023-05-25 11:30:00-04:00,1.309999942779541,1.3200000524520874,1.309999942779541,1.319000005722046,646,0.0,0.0
2023-05-25 12:30:00-04:00,1.3200000524520874,1.3200000524520874,1.315000057220459,1.315000057220459,1794,0.0,0.0
2023-05-25 13:30:00-04:00,1.3200000524520874,1.3200000524520874,1.3105000257492065,1.3106000423431396,2821,0.0,0.0
2023-05-25 14:30:00-04:00,1.3200000524520874,1.3200000524520874,1.315000057220459,1.3200000524520874,8637,0.0,0.0
2023-05-25 15:30:00-04:00,1.3200000524520874,1.3200000524520874,1.309999942779541,1.3200000524520874,1487,0.0,0.0
2023-05-26 09:30:00-04:00,1.3499000072479248,1.3499000072479248,1.3200000524520874,1.3200000524520874,11280,0.0,0.0
2023-05-26 10:30:00-04:00,1.315500020980835,1.315500020980835,1.309999942779541,1.309999942779541,1963,0.0,0.0
2023-05-26 11:30:00-04:00,1.309999942779541,1.315000057220459,1.309999942779541,1.3100999593734741,9911,0.0,0.0
2023-05-26 12:30:00-04:00,1.309999942779541,1.309999942779541,1.309999942779541,1.309999942779541,1201,0.0,0.0
2023-05-26 13:30:00-04:00,1.309999942779541,1.309999942779541,1.3049999475479126,1.309499979019165,4898,0.0,0.0
2023-05-26 14:30:00-04:00,1.3049999475479126,1.309999942779541,1.3000999689102173,1.309999942779541,21621,0.0,0.0
2023-05-26 15:30:00-04:00,1.309999942779541,1.309999942779541,1.2999999523162842,1.3049999475479126,3291,0.0,0.0
2023-05-30 09:30:00-04:00,1.2599999904632568,1.2699999809265137,1.25,1.25,37799,0.0,0.0
2023-05-30 10:30:00-04:00,1.25,1.2599999904632568,1.25,1.25,12993,0.0,0.0
2023-05-30 11:30:00-04:00,1.2549999952316284,1.2599999904632568,1.2549999952316284,1.257699966430664,2778,0.0,0.0
2023-05-30 13:30:00-04:00,1.2559000253677368,1.2580000162124634,1.25,1.2513999938964844,5627,0.0,0.0
2023-05-30 14:30:00-04:00,1.2549999952316284,1.2549999952316284,1.25,1.2549999952316284,887,0.0,0.0
2023-05-30 15:30:00-04:00,1.2599999904632568,1.2599999904632568,1.25,1.2526999711990356,1487,0.0,0.0
2023-05-31 09:30:00-04:00,1.2100000381469727,1.2590999603271484,1.2100000381469727,1.2487000226974487,7071,0.0,0.0
2023-05-31 10:30:00-04:00,1.2300000190734863,1.2400000095367432,1.2100000381469727,1.2400000095367432,10622,0.0,0.0
2023-05-31 11:30:00-04:00,1.2300000190734863,1.2400000095367432,1.2300000190734863,1.2400000095367432,2712,0.0,0.0
2023-05-31 12:30:00-04:00,1.2400000095367432,1.2490999698638916,1.2400000095367432,1.2490999698638916,1138,0.0,0.0
2023-05-31 13:30:00-04:00,1.25,1.25,1.2200000286102295,1.2300000190734863,13316,0.0,0.0
2023-05-31 14:30:00-04:00,1.2300000190734863,1.2300000190734863,1.2200000286102295,1.2300000190734863,9413,0.0,0.0
2023-05-31 15:30:00-04:00,1.225000023841858,1.25,1.225000023841858,1.2350000143051147,3797,0.0,0.0
2023-06-01 09:30:00-04:00,1.2400000095367432,1.2400000095367432,1.2000000476837158,1.2300000190734863,8241,0.0,0.0
2023-06-01 10:30:00-04:00,1.2294000387191772,1.248900055885315,1.225000023841858,1.2400000095367432,5923,0.0,0.0
2023-06-01 11:30:00-04:00,1.25,1.25,1.25,1.25,321,0.0,0.0
2023-06-01 12:30:00-04:00,1.25,1.25,1.25,1.25,1679,0.0,0.0
2023-06-01 14:30:00-04:00,1.2688000202178955,1.2688000202178955,1.25,1.25,11604,0.0,0.0
2023-06-01 15:30:00-04:00,1.2400000095367432,1.2549999952316284,1.2100000381469727,1.2100000381469727,19382,0.0,0.0
2023-06-02 09:30:00-04:00,1.2400000095367432,1.2400000095367432,1.2400000095367432,1.2400000095367432,0,0.0,0.0
2023-06-02 10:30:00-04:00,1.23989999294281,1.2511999607086182,1.23989999294281,1.2511999607086182,7479,0.0,0.0
2023-06-02 11:30:00-04:00,1.2690999507904053,1.2699999809265137,1.25,1.2699999809265137,5020,0.0,0.0
2023-06-02 12:30:00-04:00,1.2599999904632568,1.2599999904632568,1.2599999904632568,1.2599999904632568,1260,0.0,0.0
2023-06-02 13:30:00-04:00,1.2599999904632568,1.2699999809265137,1.2549999952316284,1.2599999904632568,18923,0.0,0.0
2023-06-02 14:30:00-04:00,1.2599999904632568,1.26010000705719,1.2599999904632568,1.2599999904632568,6531,0.0,0.0
2023-06-02 15:30:00-04:00,1.2599999904632568,1.26010000705719,1.2599999904632568,1.2599999904632568,9049,0.0,0.0
2023-06-05 09:30:00-04:00,1.2899999618530273,1.2999999523162842,1.2799999713897705,1.2799999713897705,0,0.0,0.0
2023-06-05 10:30:00-04:00,1.2799999713897705,1.2899999618530273,1.2799999713897705,1.2799999713897705,5900,0.0,0.0
2023-06-05 11:30:00-04:00,1.2799999713897705,1.2899999618530273,1.2799999713897705,1.2899999618530273,2768,0.0,0.0
2023-06-05 12:30:00-04:00,1.2899999618530273,1.2949999570846558,1.2899999618530273,1.2899999618530273,2659,0.0,0.0
2023-06-05 13:30:00-04:00,1.2899999618530273,1.2999999523162842,1.2899999618530273,1.2899999618530273,7465,0.0,0.0
2023-06-05 14:30:00-04:00,1.2899999618530273,1.2999999523162842,1.2899999618530273,1.2999999523162842,1956,0.0,0.0
2023-06-05 15:30:00-04:00,1.2899999618530273,1.2899999618530273,1.2899999618530273,1.2899999618530273,1643,0.0,0.0
2023-06-06 09:30:00-04:00,1.2899999618530273,1.2999000549316406,1.2799999713897705,1.2899999618530273,4240,0.0,0.0
2023-06-06 10:30:00-04:00,1.2999999523162842,1.2999999523162842,1.2899999618530273,1.2999999523162842,18006,0.0,0.0
2023-06-06 11:30:00-04:00,1.2990000247955322,1.2999999523162842,1.2899999618530273,1.2949999570846558,35868,0.0,0.0
2023-06-06 12:30:00-04:00,1.2999999523162842,1.2999999523162842,1.2899999618530273,1.2899999618530273,38401,0.0,0.0
2023-06-06 13:30:00-04:00,1.2899999618530273,1.2999999523162842,1.2899999618530273,1.2901999950408936,6612,0.0,0.0
2023-06-06 14:30:00-04:00,1.2899999618530273,1.2999999523162842,1.2899999618530273,1.2899999618530273,3278,0.0,0.0
2023-06-06 15:30:00-04:00,1.2999999523162842,1.2999999523162842,1.2899999618530273,1.2949999570846558,3760,0.0,0.0
2023-06-07 09:30:00-04:00,1.2899999618530273,1.340000033378601,1.2899999618530273,1.340000033378601,27584,0.0,0.0
2023-06-07 10:30:00-04:00,1.3300000429153442,1.350000023841858,1.3300000429153442,1.350000023841858,16539,0.0,0.0
2023-06-07 11:30:00-04:00,1.340000033378601,1.3489999771118164,1.3300000429153442,1.3344000577926636,10037,0.0,0.0
2023-06-07 12:30:00-04:00,1.3300000429153442,1.340000033378601,1.3300000429153442,1.340000033378601,804,0.0,0.0
2023-06-07 13:30:00-04:00,1.340000033378601,1.3450000286102295,1.3300000429153442,1.3300000429153442,4569,0.0,0.0
2023-06-07 14:30:00-04:00,1.340000033378601,1.340000033378601,1.3300000429153442,1.3350000381469727,11801,0.0,0.0
2023-06-07 15:30:00-04:00,1.339900016784668,1.350000023841858,1.339900016784668,1.3486000299453735,7498,0.0,0.0
2023-06-08 09:30:00-04:00,1.350000023841858,1.3550000190734863,1.3489999771118164,1.3550000190734863,0,0.0,0.0
2023-06-08 10:30:00-04:00,1.347000002861023,1.3595999479293823,1.3300000429153442,1.344599962234497,12949,0.0,0.0
2023-06-08 11:30:00-04:00,1.340000033378601,1.350000023841858,1.3300000429153442,1.350000023841858,2134,0.0,0.0
2023-06-08 12:30:00-04:00,1.3427000045776367,1.3427000045776367,1.3200000524520874,1.3200000524520874,7445,0.0,0.0
2023-06-08 13:30:00-04:00,1.3287999629974365,1.3300000429153442,1.3115999698638916,1.3300000429153442,595,0.0,0.0
2023-06-08 14:30:00-04:00,1.3200000524520874,1.3200000524520874,1.309999942779541,1.309999942779541,506,0.0,0.0
2023-06-08 15:30:00-04:00,1.3200000524520874,1.3250000476837158,1.309999942779541,1.3200000524520874,18169,0.0,0.0
2023-06-09 09:30:00-04:00,1.350000023841858,1.350000023841858,1.309999942779541,1.3200000524520874,11719,0.0,0.0
2023-06-09 10:30:00-04:00,1.309999942779541,1.309999942779541,1.2899999618530273,1.2999999523162842,7616,0.0,0.0
2023-06-09 11:30:00-04:00,1.3099000453948975,1.3099000453948975,1.2799999713897705,1.2799999713897705,20255,0.0,0.0
2023-06-09 12:30:00-04:00,1.2806999683380127,1.2806999683380127,1.2699999809265137,1.2699999809265137,6342,0.0,0.0
2023-06-09 13:30:00-04:00,1.2699999809265137,1.2799999713897705,1.2699999809265137,1.2699999809265137,4893,0.0,0.0
2023-06-09 14:30:00-04:00,1.2706999778747559,1.274999976158142,1.2699999809265137,1.274999976158142,7158,0.0,0.0
2023-06-09 15:30:00-04:00,1.2700999975204468,1.274999976158142,1.25,1.2649999856948853,19045,0.0,0.0
2023-06-12 09:30:00-04:00,1.2200000286102295,1.2599999904632568,1.2100000381469727,1.2200000286102295,0,0.0,0.0
2023-06-12 10:30:00-04:00,1.2273000478744507,1.2450000047683716,1.2273000478744507,1.2450000047683716,3022,0.0,0.0
2023-06-12 11:30:00-04:00,1.2400000095367432,1.25,1.2300000190734863,1.2400000095367432,12345,0.0,0.0
2023-06-12 12:30:00-04:00,1.2400000095367432,1.2400000095367432,1.2300000190734863,1.2400000095367432,5472,0.0,0.0
2023-06-12 13:30:00-04:00,1.2400000095367432,1.2400000095367432,1.2300000190734863,1.2400000095367432,2497,0.0,0.0
2023-06-12 14:30:00-04:00,1.2400000095367432,1.2400000095367432,1.2300000190734863,1.2400000095367432,8485,0.0,0.0
2023-06-12 15:30:00-04:00,1.2400000095367432,1.2400000095367432,1.2200000286102295,1.2300000190734863,4379,0.0,0.0
2023-06-13 09:30:00-04:00,1.2400000095367432,1.283400058746338,1.2400000095367432,1.25,12281,0.0,0.0
2023-06-13 10:30:00-04:00,1.25,1.2699999809265137,1.25,1.2599999904632568,5190,0.0,0.0
2023-06-13 11:30:00-04:00,1.267300009727478,1.267300009727478,1.2599999904632568,1.2599999904632568,1344,0.0,0.0
2023-06-13 12:30:00-04:00,1.25,1.2597999572753906,1.2314000129699707,1.2597999572753906,7928,0.0,0.0
2023-06-13 13:30:00-04:00,1.25,1.25,1.2400000095367432,1.247499942779541,6788,0.0,0.0
2023-06-13 14:30:00-04:00,1.2400000095367432,1.2460999488830566,1.2300000190734863,1.2380000352859497,1893,0.0,0.0
2023-06-13 15:30:00-04:00,1.2350000143051147,1.2350000143051147,1.2300000190734863,1.2300000190734863,1412,0.0,0.0
2023-06-14 09:30:00-04:00,1.2400000095367432,1.2400000095367432,1.2300000190734863,1.2400000095367432,7866,0.0,0.0
2023-06-14 10:30:00-04:00,1.2400000095367432,1.2400000095367432,1.2300000190734863,1.2300000190734863,727,0.0,0.0
2023-06-14 11:30:00-04:00,1.2300000190734863,1.2300000190734863,1.2300000190734863,1.2300000190734863,445,0.0,0.0
2023-06-14 12:30:00-04:00,1.2300000190734863,1.2389999628067017,1.2300000190734863,1.2389999628067017,1509,0.0,0.0
2023-06-14 13:30:00-04:00,1.2300000190734863,1.2400000095367432,1.2300000190734863,1.2300000190734863,2420,0.0,0.0
2023-06-14 14:30:00-04:00,1.2300000190734863,1.25,1.2300000190734863,1.2300000190734863,7268,0.0,0.0
2023-06-14 15:30:00-04:00,1.2300000190734863,1.232699990272522,1.2300000190734863,1.2300000190734863,1765,0.0,0.0
2023-06-15 09:30:00-04:00,1.2200000286102295,1.2400000095367432,1.2200000286102295,1.2400000095367432,3728,0.0,0.0
2023-06-15 10:30:00-04:00,1.2400000095367432,1.2400000095367432,1.2300000190734863,1.2300000190734863,38583,0.0,0.0
2023-06-15 11:30:00-04:00,1.2367000579833984,1.2367000579833984,1.2300000190734863,1.2300000190734863,2404,0.0,0.0
2023-06-15 12:30:00-04:00,1.2300000190734863,1.2400000095367432,1.2200000286102295,1.2200000286102295,14742,0.0,0.0
2023-06-15 13:30:00-04:00,1.2228000164031982,1.225000023841858,1.2200000286102295,1.225000023841858,8386,0.0,0.0
2023-06-15 14:30:00-04:00,1.2209999561309814,1.2209999561309814,1.2200000286102295,1.2200000286102295,1136,0.0,0.0
2023-06-15 15:30:00-04:00,1.2200000286102295,1.2200000286102295,1.190000057220459,1.2000000476837158,2635,0.0,0.0
2023-06-16 09:30:00-04:00,1.2000000476837158,1.2200000286102295,1.2000000476837158,1.2000000476837158,5381,0.0,0.0
2023-06-16 10:30:00-04:00,1.2180999517440796,1.2199000120162964,1.2020000219345093,1.215000033378601,1634,0.0,0.0
2023-06-16 11:30:00-04:00,1.215000033378601,1.2226999998092651,1.2100000381469727,1.2200000286102295,8407,0.0,0.0
2023-06-16 12:30:00-04:00,1.2300000190734863,1.2400000095367432,1.2200000286102295,1.2300000190734863,4831,0.0,0.0
2023-06-16 13:30:00-04:00,1.2200000286102295,1.2383999824523926,1.2200000286102295,1.2300000190734863,3538,0.0,0.0
2023-06-16 14:30:00-04:00,1.2300000190734863,1.2400000095367432,1.2100000381469727,1.2100000381469727,5413,0.0,0.0
2023-06-16 15:30:00-04:00,1.2200000286102295,1.2999999523162842,1.2200000286102295,1.2699999809265137,54710,0.0,0.0
2023-06-20 09:30:00-04:00,1.2200000286102295,1.2580000162124634,1.2200000286102295,1.2200000286102295,23438,0.0,0.0
2023-06-20 10:30:00-04:00,1.229200005531311,1.2300000190734863,1.2200000286102295,1.2209999561309814,6315,0.0,0.0
2023-06-20 11:30:00-04:00,1.2201000452041626,1.2400000095367432,1.2200000286102295,1.2400000095367432,2461,0.0,0.0
2023-06-20 12:30:00-04:00,1.2400000095367432,1.25,1.2300000190734863,1.2400000095367432,51941,0.0,0.0
2023-06-20 13:30:00-04:00,1.2400000095367432,1.25,1.2400000095367432,1.2400000095367432,13823,0.0,0.0
2023-06-20 14:30:00-04:00,1.25,1.25,1.2400000095367432,1.2400000095367432,13703,0.0,0.0
2023-06-20 15:30:00-04:00,1.2475999593734741,1.25,1.2300000190734863,1.2450000047683716,2936,0.0,0.0
2023-06-21 09:30:00-04:00,1.2000000476837158,1.2400000095367432,1.1965999603271484,1.2400000095367432,18387,0.0,0.0
2023-06-21 10:30:00-04:00,1.2400000095367432,1.25,1.2400000095367432,1.2450000047683716,6333,0.0,0.0
2023-06-21 11:30:00-04:00,1.2400000095367432,1.242300033569336,1.2200000286102295,1.2200000286102295,13593,0.0,0.0
2023-06-21 13:30:00-04:00,1.23989999294281,1.23989999294281,1.2300000190734863,1.2300000190734863,2736,0.0,0.0
2023-06-21 14:30:00-04:00,1.2300000190734863,1.2400000095367432,1.2100000381469727,1.2350000143051147,14315,0.0,0.0
2023-06-21 15:30:00-04:00,1.2200000286102295,1.225000023841858,1.2100000381469727,1.2200000286102295,4484,0.0,0.0
2023-06-22 09:30:00-04:00,1.2100000381469727,1.2400000095367432,1.2100000381469727,1.2400000095367432,13351,0.0,0.0
2023-06-22 10:30:00-04:00,1.2396999597549438,1.25,1.2396999597549438,1.2450000047683716,28605,0.0,0.0
2023-06-22 11:30:00-04:00,1.2450000047683716,1.2455999851226807,1.2400000095367432,1.2450000047683716,2896,0.0,0.0
2023-06-22 12:30:00-04:00,1.2450000047683716,1.25,1.2400000095367432,1.2400000095367432,2817,0.0,0.0
2023-06-22 13:30:00-04:00,1.2450000047683716,1.25,1.2400000095367432,1.2450000047683716,6151,0.0,0.0
2023-06-22 14:30:00-04:00,1.2450000047683716,1.247499942779541,1.2400000095367432,1.2450000047683716,2690,0.0,0.0
2023-06-22 15:30:00-04:00,1.2450000047683716,1.25,1.2400000095367432,1.2450000047683716,4434,0.0,0.0
2023-06-23 09:30:00-04:00,1.215000033378601,1.2200000286102295,1.2100000381469727,1.2100000381469727,2059,0.0,0.0
2023-06-23 10:30:00-04:00,1.2200000286102295,1.2200000286102295,1.2100000381469727,1.215000033378601,10644,0.0,0.0
2023-06-23 11:30:00-04:00,1.215000033378601,1.2193000316619873,1.215000033378601,1.215000033378601,2861,0.0,0.0
2023-06-23 12:30:00-04:00,1.2100000381469727,1.225000023841858,1.2100000381469727,1.2200000286102295,3136,0.0,0.0
2023-06-23 13:30:00-04:00,1.225000023841858,1.2274999618530273,1.2100000381469727,1.225000023841858,2521,0.0,0.0
2023-06-23 14:30:00-04:00,1.225000023841858,1.225000023841858,1.2100000381469727,1.2200000286102295,3491,0.0,0.0
2023-06-23 15:30:00-04:00,1.2200000286102295,1.2200000286102295,1.2100000381469727,1.2200000286102295,11946,0.0,0.0
2023-06-26 09:30:00-04:00,1.2000000476837158,1.2100000381469727,1.2000000476837158,1.2100000381469727,0,0.0,0.0
2023-06-26 10:30:00-04:00,1.215000033378601,1.219499945640564,1.210800051689148,1.219499945640564,3642,0.0,0.0
2023-06-26 11:30:00-04:00,1.215000033378601,1.215000033378601,1.2000000476837158,1.2000000476837158,9499,0.0,0.0
2023-06-26 12:30:00-04:00,1.2000000476837158,1.2100000381469727,1.2000000476837158,1.2026000022888184,4286,0.0,0.0
2023-06-26 13:30:00-04:00,1.2000000476837158,1.2100000381469727,1.2000000476837158,1.2000000476837158,7386,0.0,0.0
2023-06-26 14:30:00-04:00,1.2000000476837158,1.2074999809265137,1.1950000524520874,1.1950000524520874,7384,0.0,0.0
2023-06-26 15:30:00-04:00,1.190000057220459,1.2000000476837158,1.1799999475479126,1.1799999475479126,13642,0.0,0.0
2023-06-27 09:30:00-04:00,1.190000057220459,1.2100000381469727,1.190000057220459,1.1950000524520874,0,0.0,0.0
2023-06-27 11:30:00-04:00,1.198799967765808,1.2100000381469727,1.190000057220459,1.1950000524520874,22712,0.0,0.0
2023-06-27 12:30:00-04:00,1.1923999786376953,1.2000000476837158,1.1923999786376953,1.2000000476837158,963,0.0,0.0
2023-06-27 13:30:00-04:00,1.2000000476837158,1.2000000476837158,1.19159996509552,1.2000000476837158,1953,0.0,0.0
2023-06-27 14:30:00-04:00,1.2000000476837158,1.2100000381469727,1.190000057220459,1.2000000476837158,7064,0.0,0.0
2023-06-27 15:30:00-04:00,1.2000000476837158,1.2100000381469727,1.2000000476837158,1.2050000429153442,0,0.0,0.0
2023-06-28 09:30:00-04:00,1.2000000476837158,1.2050000429153442,1.1900999546051025,1.192199945449829,1567,0.0,0.0
2023-06-28 10:30:00-04:00,1.190000057220459,1.190000057220459,1.190000057220459,1.190000057220459,182,0.0,0.0
2023-06-28 11:30:00-04:00,1.2100000381469727,1.2207000255584717,1.2000000476837158,1.2207000255584717,4298,0.0,0.0
2023-06-28 12:30:00-04:00,1.2207000255584717,1.2207000255584717,1.2200000286102295,1.2200000286102295,3325,0.0,0.0
2023-06-28 13:30:00-04:00,1.2200000286102295,1.2200000286102295,1.2200000286102295,1.2200000286102295,1218,0.0,0.0
2023-06-28 14:30:00-04:00,1.228600025177002,1.2300000190734863,1.225000023841858,1.2299000024795532,3381,0.0,0.0
2023-06-28 15:30:00-04:00,1.229200005531311,1.2300000190734863,1.2209999561309814,1.2209999561309814,2652,0.0,0.0
2023-06-29 09:30:00-04:00,1.2200000286102295,1.2200000286102295,1.190000057220459,1.1908999681472778,0,0.0,0.0
2023-06-29 10:30:00-04:00,1.190000057220459,1.2026000022888184,1.190000057220459,1.2026000022888184,10913,0.0,0.0
2023-06-29 11:30:00-04:00,1.2100000381469727,1.2196999788284302,1.2100000381469727,1.2100000381469727,3208,0.0,0.0
2023-06-29 12:30:00-04:00,1.2200000286102295,1.2400000095367432,1.2200000286102295,1.2400000095367432,2435,0.0,0.0
2023-06-29 13:30:00-04:00,1.2300000190734863,1.2400000095367432,1.2300000190734863,1.2300000190734863,2016,0.0,0.0
2023-06-29 14:30:00-04:00,1.2300000190734863,1.2300000190734863,1.2100000381469727,1.2100000381469727,782,0.0,0.0
2023-06-29 15:30:00-04:00,1.23989999294281,1.2400000095367432,1.225000023841858,1.2400000095367432,3718,0.0,0.0
2023-06-30 09:30:00-04:00,1.2315000295639038,1.2315000295639038,1.2200000286102295,1.2200000286102295,553,0.0,0.0
2023-06-30 10:30:00-04:00,1.2200000286102295,1.2380000352859497,1.2199000120162964,1.2380000352859497,1771,0.0,0.0
2023-06-30 11:30:00-04:00,1.2400000095367432,1.2400000095367432,1.2329000234603882,1.2343000173568726,1285,0.0,0.0
2023-06-30 12:30:00-04:00,1.2300000190734863,1.2380000352859497,1.225000023841858,1.2329000234603882,1302,0.0,0.0
2023-06-30 13:30:00-04:00,1.2400000095367432,1.2400000095367432,1.2400000095367432,1.2400000095367432,238,0.0,0.0
2023-06-30 14:30:00-04:00,1.2400000095367432,1.2400000095367432,1.2050000429153442,1.2200000286102295,11790,0.0,0.0
2023-06-30 15:30:00-04:00,1.2200000286102295,1.2200000286102295,1.2139999866485596,1.2139999866485596,1392,0.0,0.0
2023-07-03 09:30:00-04:00,1.190000057220459,1.2300000190734863,1.190000057220459,1.2100000381469727,30393,0.0,0.0
2023-07-03 10:30:00-04:00,1.2127000093460083,1.2300000190734863,1.2100000381469727,1.2120000123977661,3899,0.0,0.0
2023-07-03 11:30:00-04:00,1.2300000190734863,1.2300000190734863,1.2200000286102295,1.222000002861023,12391,0.0,0.0
2023-07-05 09:30:00-04:00,1.2200000286102295,1.2300000190734863,1.2000999450683594,1.2200000286102295,0,0.0,0.0
2023-07-05 10:30:00-04:00,1.2200000286102295,1.2400000095367432,1.2175999879837036,1.2400000095367432,25301,0.0,0.0
2023-07-05 12:30:00-04:00,1.2450000047683716,1.2450000047683716,1.2400000095367432,1.2400000095367432,3178,0.0,0.0
2023-07-05 13:30:00-04:00,1.2491999864578247,1.2491999864578247,1.2401000261306763,1.2401000261306763,3239,0.0,0.0
2023-07-05 14:30:00-04:00,1.2450000047683716,1.25,1.2400000095367432,1.249899983406067,12839,0.0,0.0
2023-07-05 15:30:00-04:00,1.25,1.25,1.25,1.25,556,0.0,0.0
2023-07-06 09:30:00-04:00,1.2300000190734863,1.25,1.2100000381469727,1.239400029182434,1249,0.0,0.0
2023-07-06 10:30:00-04:00,1.2211999893188477,1.25,1.2200000286102295,1.2300000190734863,3977,0.0,0.0
2023-07-06 11:30:00-04:00,1.2350000143051147,1.25,1.2350000143051147,1.2489999532699585,3197,0.0,0.0
2023-07-06 12:30:00-04:00,1.25,1.2526999711990356,1.2400000095367432,1.25,8204,0.0,0.0
2023-07-06 13:30:00-04:00,1.25,1.25,1.25,1.25,3034,0.0,0.0
2023-07-06 14:30:00-04:00,1.25,1.2599999904632568,1.25,1.2589999437332153,1339,0.0,0.0
2023-07-06 15:30:00-04:00,1.2589999437332153,1.2599999904632568,1.2300000190734863,1.2599999904632568,11304,0.0,0.0
2023-07-07 09:30:00-04:00,1.2599999904632568,1.2799999713897705,1.250100016593933,1.26010000705719,0,0.0,0.0
2023-07-07 11:30:00-04:00,1.2599999904632568,1.2599999904632568,1.2599999904632568,1.2599999904632568,369,0.0,0.0
2023-07-07 12:30:00-04:00,1.2599999904632568,1.2599999904632568,1.2400000095367432,1.2599999904632568,6164,0.0,0.0
2023-07-07 13:30:00-04:00,1.2698999643325806,1.2698999643325806,1.2698999643325806,1.2698999643325806,265,0.0,0.0
2023-07-07 14:30:00-04:00,1.25,1.25,1.25,1.25,3599,0.0,0.0
2023-07-07 15:30:00-04:00,1.25,1.2549999952316284,1.2300000190734863,1.2300000190734863,15284,0.0,0.0
2023-07-10 09:30:00-04:00,1.2599999904632568,1.2599999904632568,1.2312999963760376,1.2573000192642212,16297,0.0,0.0
2023-07-10 10:30:00-04:00,1.2599999904632568,1.2599999904632568,1.2523000240325928,1.2573000192642212,2207,0.0,0.0
2023-07-10 11:30:00-04:00,1.2599999904632568,1.2599999904632568,1.2599999904632568,1.2599999904632568,451,0.0,0.0
2023-07-10 12:30:00-04:00,1.25,1.2599999904632568,1.25,1.2599999904632568,374,0.0,0.0
2023-07-10 13:30:00-04:00,1.2599999904632568,1.2599999904632568,1.250499963760376,1.2549999952316284,1459,0.0,0.0
2023-07-10 15:30:00-04:00,1.2699999809265137,1.2699999809265137,1.267300009727478,1.267300009727478,1574,0.0,0.0
2023-07-11 09:30:00-04:00,1.2599999904632568,1.2972999811172485,1.2599999904632568,1.2896000146865845,8557,0.0,0.0
2023-07-11 11:30:00-04:00,1.26010000705719,1.2617000341415405,1.26010000705719,1.2617000341415405,638,0.0,0.0
2023-07-11 12:30:00-04:00,1.2773000001907349,1.2799999713897705,1.2773000001907349,1.2773000001907349,1773,0.0,0.0
2023-07-11 13:30:00-04:00,1.2699999809265137,1.2773000001907349,1.2699999809265137,1.2773000001907349,1592,0.0,0.0
2023-07-11 14:30:00-04:00,1.2799999713897705,1.2894999980926514,1.2752000093460083,1.287600040435791,6879,0.0,0.0
2023-07-11 15:30:00-04:00,1.2899999618530273,1.2899999618530273,1.2899999618530273,1.2899999618530273,316,0.0,0.0
2023-07-12 09:30:00-04:00,1.2899999618530273,1.2899999618530273,1.274999976158142,1.274999976158142,7349,0.0,0.0
2023-07-12 10:30:00-04:00,1.2812999486923218,1.2812999486923218,1.274999976158142,1.274999976158142,5134,0.0,0.0
2023-07-12 12:30:00-04:00,1.2899999618530273,1.2899999618530273,1.2865999937057495,1.287600040435791,915,0.0,0.0
2023-07-12 13:30:00-04:00,1.2799999713897705,1.2799999713897705,1.2799999713897705,1.2799999713897705,497,0.0,0.0
2023-07-12 14:30:00-04:00,1.2899999618530273,1.2999999523162842,1.2799999713897705,1.2799999713897705,4688,0.0,0.0
2023-07-12 15:30:00-04:00,1.2899999618530273,1.2899999618530273,1.2599999904632568,1.2599999904632568,6212,0.0,0.0
2023-07-13 09:30:00-04:00,1.2699999809265137,1.2799999713897705,1.2699999809265137,1.2799999713897705,887,0.0,0.0
2023-07-13 10:30:00-04:00,1.2799999713897705,1.2899999618530273,1.2799999713897705,1.2856999635696411,5310,0.0,0.0
2023-07-13 11:30:00-04:00,1.2806999683380127,1.2806999683380127,1.2806999683380127,1.2806999683380127,126,0.0,0.0
2023-07-13 12:30:00-04:00,1.2899999618530273,1.2899999618530273,1.2899999618530273,1.2899999618530273,805,0.0,0.0
2023-07-13 13:30:00-04:00,1.2799999713897705,1.2799999713897705,1.2799999713897705,1.2799999713897705,156,0.0,0.0
2023-07-13 14:30:00-04:00,1.2826999425888062,1.309999942779541,1.2807999849319458,1.2999999523162842,33320,0.0,0.0
2023-07-13 15:30:00-04:00,1.2999999523162842,1.3049999475479126,1.2949999570846558,1.3049999475479126,15150,0.0,0.0
2023-07-14 09:30:00-04:00,1.309999942779541,1.350000023841858,1.309999942779541,1.3499000072479248,34340,0.0,0.0
2023-07-14 10:30:00-04:00,1.340000033378601,1.350000023841858,1.3300000429153442,1.3392000198364258,11363,0.0,0.0
2023-07-14 11:30:00-04:00,1.3301000595092773,1.340000033378601,1.3301000595092773,1.3391000032424927,3680,0.0,0.0
2023-07-14 12:30:00-04:00,1.3350000381469727,1.3350000381469727,1.3350000381469727,1.3350000381469727,412,0.0,0.0
2023-07-14 13:30:00-04:00,1.340000033378601,1.3700000047683716,1.340000033378601,1.3600000143051147,45602,0.0,0.0
2023-07-14 14:30:00-04:00,1.3550000190734863,1.3600000143051147,1.350000023841858,1.3550000190734863,5302,0.0,0.0
2023-07-14 15:30:00-04:00,1.350600004196167,1.3600000143051147,1.350600004196167,1.3600000143051147,2884,0.0,0.0
2023-07-17 09:30:00-04:00,1.350000023841858,1.3700000047683716,1.350000023841858,1.3700000047683716,24411,0.0,0.0
2023-07-17 10:30:00-04:00,1.3514000177383423,1.3600000143051147,1.350000023841858,1.350000023841858,3838,0.0,0.0
2023-07-17 12:30:00-04:00,1.350000023841858,1.350000023841858,1.350000023841858,1.350000023841858,270,0.0,0.0
2023-07-17 13:30:00-04:00,1.357300043106079,1.3600000143051147,1.357300043106079,1.3600000143051147,369,0.0,0.0
2023-07-17 14:30:00-04:00,1.350000023841858,1.3550000190734863,1.3300000429153442,1.340000033378601,22889,0.0,0.0
2023-07-17 15:30:00-04:00,1.3344000577926636,1.340000033378601,1.3300000429153442,1.3350000381469727,5281,0.0,0.0
2023-07-18 09:30:00-04:00,1.3300000429153442,1.340000033378601,1.3200000524520874,1.340000033378601,8952,0.0,0.0
2023-07-18 11:30:00-04:00,1.339900016784668,1.339900016784668,1.3300000429153442,1.3300000429153442,4760,0.0,0.0
2023-07-18 12:30:00-04:00,1.3300000429153442,1.3600000143051147,1.3300000429153442,1.3600000143051147,5946,0.0,0.0
2023-07-18 13:30:00-04:00,1.3700000047683716,1.399999976158142,1.3600000143051147,1.3899999856948853,80885,0.0,0.0
2023-07-18 14:30:00-04:00,1.3837000131607056,1.3899999856948853,1.3700000047683716,1.375,4799,0.0,0.0
2023-07-18 15:30:00-04:00,1.3799999952316284,1.3899999856948853,1.375,1.3899999856948853,14323,0.0,0.0
2023-07-19 09:30:00-04:00,1.399999976158142,1.440000057220459,1.3876999616622925,1.440000057220459,171466,0.0,0.0
2023-07-19 10:30:00-04:00,1.4407999515533447,1.4493000507354736,1.4199999570846558,1.4249999523162842,10956,0.0,0.0
2023-07-19 11:30:00-04:00,1.4299999475479126,1.4299999475479126,1.4142999649047852,1.4299999475479126,13508,0.0,0.0
2023-07-19 12:30:00-04:00,1.4249999523162842,1.4299999475479126,1.4199999570846558,1.429900050163269,4590,0.0,0.0
2023-07-19 13:30:00-04:00,1.420699954032898,1.4299999475479126,1.399999976158142,1.409999966621399,16770,0.0,0.0
2023-07-19 14:30:00-04:00,1.409999966621399,1.409999966621399,1.3899999856948853,1.3949999809265137,19229,0.0,0.0
2023-07-19 15:30:00-04:00,1.3899999856948853,1.399999976158142,1.3899999856948853,1.399999976158142,23783,0.0,0.0
2023-07-20 09:30:00-04:00,1.440000057220459,1.4428999423980713,1.409999966621399,1.4199999570846558,34529,0.0,0.0
2023-07-20 10:30:00-04:00,1.4199999570846558,1.4299999475479126,1.409999966621399,1.4249999523162842,2642,0.0,0.0
2023-07-20 11:30:00-04:00,1.4199999570846558,1.4249999523162842,1.409999966621399,1.409999966621399,4694,0.0,0.0
2023-07-20 12:30:00-04:00,1.409999966621399,1.4199999570846558,1.399999976158142,1.399999976158142,4760,0.0,0.0
2023-07-20 13:30:00-04:00,1.399999976158142,1.399999976158142,1.3949999809265137,1.399999976158142,1308,0.0,0.0
2023-07-20 14:30:00-04:00,1.399999976158142,1.4185999631881714,1.399999976158142,1.4049999713897705,7084,0.0,0.0
2023-07-20 15:30:00-04:00,1.409999966621399,1.4199999570846558,1.4098999500274658,1.4199999570846558,10205,0.0,0.0
2023-07-21 09:30:00-04:00,1.4199999570846558,1.4199999570846558,1.3899999856948853,1.3899999856948853,15388,0.0,0.0
2023-07-21 10:30:00-04:00,1.3905999660491943,1.3905999660491943,1.3899999856948853,1.3899999856948853,708,0.0,0.0
2023-07-21 11:30:00-04:00,1.409999966621399,1.409999966621399,1.409999966621399,1.409999966621399,9532,0.0,0.0
2023-07-21 12:30:00-04:00,1.409999966621399,1.409999966621399,1.4010000228881836,1.4026000499725342,3926,0.0,0.0
2023-07-21 13:30:00-04:00,1.4049999713897705,1.4049999713897705,1.4049999713897705,1.4049999713897705,291,0.0,0.0
2023-07-21 14:30:00-04:00,1.409999966621399,1.4199999570846558,1.409999966621399,1.409999966621399,19709,0.0,0.0
2023-07-21 15:30:00-04:00,1.409999966621399,1.440000057220459,1.409999966621399,1.4199999570846558,11342,0.0,0.0
2023-07-24 09:30:00-04:00,1.4199999570846558,1.43149995803833,1.3600000143051147,1.3899999856948853,56474,0.0,0.0
2023-07-24 10:30:00-04:00,1.3801000118255615,1.399899959564209,1.3801000118255615,1.3849999904632568,2846,0.0,0.0
2023-07-24 11:30:00-04:00,1.3894000053405762,1.3899999856948853,1.3799999952316284,1.3849999904632568,8388,0.0,0.0
2023-07-24 12:30:00-04:00,1.3849999904632568,1.389299988746643,1.3849999904632568,1.389299988746643,1424,0.0,0.0
2023-07-24 13:30:00-04:00,1.3799999952316284,1.3799999952316284,1.337499976158142,1.3700000047683716,20166,0.0,0.0
2023-07-24 14:30:00-04:00,1.378600001335144,1.378600001335144,1.3700000047683716,1.371999979019165,2510,0.0,0.0
2023-07-24 15:30:00-04:00,1.3600000143051147,1.3799999952316284,1.350000023841858,1.350000023841858,3075,0.0,0.0
2023-07-25 09:30:00-04:00,1.3799999952316284,1.4049999713897705,1.3600000143051147,1.3600000143051147,2816,0.0,0.0
2023-07-25 10:30:00-04:00,1.3796000480651855,1.3841999769210815,1.350000023841858,1.350000023841858,20564,0.0,0.0
2023-07-25 11:30:00-04:00,1.350000023841858,1.350000023841858,1.2999999523162842,1.3200000524520874,20170,0.0,0.0
2023-07-25 12:30:00-04:00,1.3200000524520874,1.3499000072479248,1.3200000524520874,1.3300000429153442,10652,0.0,0.0
2023-07-25 13:30:00-04:00,1.3499000072479248,1.3499000072479248,1.330399990081787,1.330399990081787,2661,0.0,0.0
2023-07-25 14:30:00-04:00,1.3300000429153442,1.340000033378601,1.3300000429153442,1.3350000381469727,8442,0.0,0.0
2023-07-25 15:30:00-04:00,1.3300000429153442,1.3350000381469727,1.3300000429153442,1.3350000381469727,2696,0.0,0.0
2023-07-26 10:30:00-04:00,1.399899959564209,1.399899959564209,1.350000023841858,1.381600022315979,2430,0.0,0.0
2023-07-26 11:30:00-04:00,1.350000023841858,1.350000023841858,1.309999942779541,1.3200000524520874,12416,0.0,0.0
2023-07-26 12:30:00-04:00,1.3200000524520874,1.3300000429153442,1.2999999523162842,1.309999942779541,12829,0.0,0.0
2023-07-26 13:30:00-04:00,1.309999942779541,1.309999942779541,1.2999999523162842,1.2999999523162842,9648,0.0,0.0
2023-07-26 14:30:00-04:00,1.2999999523162842,1.3200000524520874,1.2799999713897705,1.2899999618530273,15149,0.0,0.0
2023-07-26 15:30:00-04:00,1.2899999618530273,1.2999999523162842,1.2899999618530273,1.2899999618530273,8108,0.0,0.0
2023-07-27 09:30:00-04:00,1.3600000143051147,1.3600000143051147,1.3200000524520874,1.3200000524520874,0,0.0,0.0
2023-07-27 10:30:00-04:00,1.3200000524520874,1.3380000591278076,1.2999999523162842,1.2999999523162842,8141,0.0,0.0
2023-07-27 11:30:00-04:00,1.2999999523162842,1.3170000314712524,1.2899999618530273,1.2899999618530273,11293,0.0,0.0
2023-07-27 12:30:00-04:00,1.2899999618530273,1.2999999523162842,1.2899999618530273,1.2899999618530273,8615,0.0,0.0
2023-07-27 13:30:00-04:00,1.2899999618530273,1.2999999523162842,1.2899999618530273,1.2899999618530273,10159,0.0,0.0
2023-07-27 14:30:00-04:00,1.2899999618530273,1.299299955368042,1.2799999713897705,1.284999966621399,13310,0.0,0.0
2023-07-27 15:30:00-04:00,1.284999966621399,1.2999999523162842,1.2799999713897705,1.2799999713897705,5844,0.0,0.0
2023-07-28 09:30:00-04:00,1.3600000143051147,1.3858000040054321,1.3350000381469727,1.3600000143051147,17576,0.0,0.0
2023-07-28 10:30:00-04:00,1.3600000143051147,1.3650000095367432,1.350000023841858,1.364400029182434,1691,0.0,0.0
2023-07-28 11:30:00-04:00,1.3600000143051147,1.3600000143051147,1.350000023841858,1.350000023841858,5848,0.0,0.0
2023-07-28 12:30:00-04:00,1.350000023841858,1.3550000190734863,1.350000023841858,1.3550000190734863,4704,0.0,0.0
2023-07-28 13:30:00-04:00,1.3526999950408936,1.3526999950408936,1.3450000286102295,1.3450000286102295,5330,0.0,0.0
2023-07-28 14:30:00-04:00,1.340000033378601,1.3489999771118164,1.340000033378601,1.3420000076293945,4006,0.0,0.0
2023-07-28 15:30:00-04:00,1.350000023841858,1.350000023841858,1.340000033378601,1.340000033378601,801,0.0,0.0
2023-07-31 09:30:00-04:00,1.350000023841858,1.399999976158142,1.350000023841858,1.399899959564209,621,0.0,0.0
2023-07-31 10:30:00-04:00,1.399999976158142,1.4199999570846558,1.3949999809265137,1.4190000295639038,8372,0.0,0.0
2023-07-31 11:30:00-04:00,1.4199999570846558,1.4199999570846558,1.399999976158142,1.4098000526428223,9067,0.0,0.0
2023-07-31 12:30:00-04:00,1.4019999504089355,1.409999966621399,1.399999976158142,1.409999966621399,15124,0.0,0.0
2023-07-31 13:30:00-04:00,1.409999966621399,1.409999966621399,1.399999976158142,1.405900001525879,10424,0.0,0.0
2023-07-31 14:30:00-04:00,1.399999976158142,1.4049999713897705,1.399999976158142,1.399999976158142,7755,0.0,0.0
2023-07-31 15:30:00-04:00,1.4049999713897705,1.409999966621399,1.399999976158142,1.399999976158142,7643,0.0,0.0
2023-08-01 09:30:00-04:00,1.399999976158142,1.4084999561309814,1.3799999952316284,1.3799999952316284,18469,0.0,0.0
2023-08-01 10:30:00-04:00,1.3799999952316284,1.3799999952316284,1.3700000047683716,1.3799999952316284,4192,0.0,0.0
2023-08-01 11:30:00-04:00,1.3799999952316284,1.3899999856948853,1.3700000047683716,1.3799999952316284,8478,0.0,0.0
2023-08-01 12:30:00-04:00,1.3799999952316284,1.3799999952316284,1.3600000143051147,1.3600000143051147,6556,0.0,0.0
2023-08-01 13:30:00-04:00,1.3600000143051147,1.3700000047683716,1.3600000143051147,1.3650000095367432,2041,0.0,0.0
2023-08-01 14:30:00-04:00,1.36899995803833,1.3799999952316284,1.3650000095367432,1.3799999952316284,8147,0.0,0.0
2023-08-01 15:30:00-04:00,1.3700000047683716,1.3849999904632568,1.3700000047683716,1.3849999904632568,0,0.0,0.0
2023-08-02 09:30:00-04:00,1.3849999904632568,1.388800024986267,1.3700000047683716,1.388800024986267,5657,0.0,0.0
2023-08-02 10:30:00-04:00,1.3899999856948853,1.3899999856948853,1.3799999952316284,1.3799999952316284,3361,0.0,0.0
2023-08-02 11:30:00-04:00,1.3799999952316284,1.3849999904632568,1.3799999952316284,1.3849999904632568,2341,0.0,0.0
2023-08-02 13:30:00-04:00,1.3849999904632568,1.3899999856948853,1.3799999952316284,1.3799999952316284,3140,0.0,0.0
2023-08-02 14:30:00-04:00,1.3799999952316284,1.399899959564209,1.3700000047683716,1.3863999843597412,10907,0.0,0.0
2023-08-02 15:30:00-04:00,1.396299958229065,1.396299958229065,1.396299958229065,1.396299958229065,349,0.0,0.0
2023-08-03 09:30:00-04:00,1.3799999952316284,1.3799999952316284,1.3509999513626099,1.3509999513626099,16478,0.0,0.0
2023-08-03 10:30:00-04:00,1.3600000143051147,1.3650000095367432,1.340000033378601,1.350000023841858,5428,0.0,0.0
2023-08-03 11:30:00-04:00,1.350000023841858,1.3798999786376953,1.350000023841858,1.3650000095367432,6435,0.0,0.0
2023-08-03 12:30:00-04:00,1.3600000143051147,1.3680000305175781,1.350000023841858,1.350000023841858,6283,0.0,0.0
2023-08-03 13:30:00-04:00,1.350000023841858,1.3675999641418457,1.340000033378601,1.357200026512146,37654,0.0,0.0
2023-08-03 14:30:00-04:00,1.3580000400543213,1.3600000143051147,1.350000023841858,1.3600000143051147,25097,0.0,0.0
2023-08-03 15:30:00-04:00,1.3681999444961548,1.3681999444961548,1.3300000429153442,1.350000023841858,14166,0.0,0.0
2023-08-04 09:30:00-04:00,1.350000023841858,1.3598999977111816,1.350000023841858,1.350000023841858,0,0.0,0.0
2023-08-04 10:30:00-04:00,1.350000023841858,1.3700000047683716,1.350000023841858,1.3700000047683716,7322,0.0,0.0
2023-08-04 11:30:00-04:00,1.3700000047683716,1.409999966621399,1.3681000471115112,1.4006999731063843,31853,0.0,0.0
2023-08-04 12:30:00-04:00,1.399999976158142,1.399999976158142,1.3799999952316284,1.3799999952316284,2807,0.0,0.0
2023-08-04 13:30:00-04:00,1.399999976158142,1.4083000421524048,1.3799999952316284,1.3799999952316284,7603,0.0,0.0
2023-08-04 14:30:00-04:00,1.3899999856948853,1.4500000476837158,1.3899999856948853,1.399999976158142,29001,0.0,0.0
2023-08-04 15:30:00-04:00,1.3899999856948853,1.4199999570846558,1.3899999856948853,1.399999976158142,13594,0.0,0.0
2023-08-07 09:30:00-04:00,1.3799999952316284,1.399999976158142,1.3799999952316284,1.3899999856948853,10619,0.0,0.0
2023-08-07 10:30:00-04:00,1.3949999809265137,1.4170000553131104,1.3913999795913696,1.4170000553131104,17658,0.0,0.0
2023-08-07 11:30:00-04:00,1.416100025177002,1.416100025177002,1.399999976158142,1.4091999530792236,2625,0.0,0.0
2023-08-07 12:30:00-04:00,1.409999966621399,1.440000057220459,1.409999966621399,1.440000057220459,8490,0.0,0.0
2023-08-07 13:30:00-04:00,1.434999942779541,1.4550000429153442,1.4327000379562378,1.4327000379562378,19517,0.0,0.0
2023-08-07 14:30:00-04:00,1.4335999488830566,1.440000057220459,1.4335999488830566,1.4352999925613403,4340,0.0,0.0
2023-08-07 15:30:00-04:00,1.4299999475479126,1.4299999475479126,1.4212000370025635,1.4299999475479126,4376,0.0,0.0
2023-08-08 09:30:00-04:00,1.399999976158142,1.4600000381469727,1.399999976158142,1.4599000215530396,27608,0.0,0.0
2023-08-08 10:30:00-04:00,1.4500000476837158,1.465000033378601,1.4500000476837158,1.465000033378601,16309,0.0,0.0
2023-08-08 11:30:00-04:00,1.4687999486923218,1.5,1.4674999713897705,1.4900000095367432,28021,0.0,0.0
2023-08-08 12:30:00-04:00,1.5,1.5299999713897705,1.4919999837875366,1.5098999738693237,60650,0.0,0.0
2023-08-08 13:30:00-04:00,1.5012999773025513,1.5199999809265137,1.500100016593933,1.5198999643325806,13695,0.0,0.0
2023-08-08 14:30:00-04:00,1.5199999809265137,1.5399999618530273,1.5099999904632568,1.5398999452590942,38050,0.0,0.0
2023-08-08 15:30:00-04:00,1.5399999618530273,1.5499999523162842,1.5300999879837036,1.5499999523162842,4007,0.0,0.0
2023-08-09 09:30:00-04:00,1.5199999809265137,1.5499999523162842,1.5199999809265137,1.5418000221252441,53399,0.0,0.0
2023-08-09 10:30:00-04:00,1.5427000522613525,1.5499999523162842,1.5399999618530273,1.5399999618530273,12855,0.0,0.0
2023-08-09 11:30:00-04:00,1.5399999618530273,1.5499999523162842,1.5399999618530273,1.5399999618530273,9296,0.0,0.0
2023-08-09 12:30:00-04:00,1.5499999523162842,1.5499999523162842,1.5399999618530273,1.5399999618530273,11875,0.0,0.0
2023-08-09 13:30:00-04:00,1.5499999523162842,1.5499999523162842,1.5399999618530273,1.5499000549316406,6800,0.0,0.0
2023-08-09 14:30:00-04:00,1.5427000522613525,1.5499000549316406,1.5399999618530273,1.5499000549316406,7877,0.0,0.0
2023-08-09 15:30:00-04:00,1.5456000566482544,1.5499999523162842,1.5299999713897705,1.5299999713897705,12924,0.0,0.0
2023-08-10 09:30:00-04:00,1.7000000476837158,1.7200000286102295,1.5399999618530273,1.600000023841858,501685,0.0,0.0
2023-08-10 10:30:00-04:00,1.600000023841858,1.6098999977111816,1.590000033378601,1.5999000072479248,83601,0.0,0.0
2023-08-10 11:30:00-04:00,1.5985000133514404,1.6299999952316284,1.5901000499725342,1.6212999820709229,34289,0.0,0.0
2023-08-10 12:30:00-04:00,1.625,1.6298999786376953,1.600000023841858,1.6100000143051147,15784,0.0,0.0
2023-08-10 13:30:00-04:00,1.6150000095367432,1.6150000095367432,1.590000033378601,1.5901000499725342,61633,0.0,0.0
2023-08-10 14:30:00-04:00,1.600000023841858,1.6100000143051147,1.5920000076293945,1.5994000434875488,34549,0.0,0.0
2023-08-10 15:30:00-04:00,1.600000023841858,1.600000023841858,1.5700000524520874,1.5806000232696533,39048,0.0,0.0
2023-08-11 09:30:00-04:00,1.649999976158142,1.7400000095367432,1.6038999557495117,1.649999976158142,125899,0.0,0.0
2023-08-11 10:30:00-04:00,1.649999976158142,1.7200000286102295,1.6200000047683716,1.7200000286102295,63929,0.0,0.0
2023-08-11 11:30:00-04:00,1.7400000095367432,1.7798999547958374,1.690000057220459,1.75,82220,0.0,0.0
2023-08-11 12:30:00-04:00,1.7400000095367432,1.7799999713897705,1.722599983215332,1.75,39558,0.0,0.0
2023-08-11 13:30:00-04:00,1.75,1.7596999406814575,1.7400000095367432,1.75,19520,0.0,0.0
2023-08-11 14:30:00-04:00,1.75,1.7599999904632568,1.7400000095367432,1.75,23771,0.0,0.0
2023-08-11 15:30:00-04:00,1.7599999904632568,1.7799999713897705,1.7450000047683716,1.7699999809265137,92589,0.0,0.0
2023-08-14 09:30:00-04:00,1.9199999570846558,2.01990008354187,1.8799999952316284,1.9901000261306763,583003,0.0,0.0
2023-08-14 10:30:00-04:00,1.999899983406067,2.0,1.850000023841858,1.8940000534057617,177427,0.0,0.0
2023-08-14 11:30:00-04:00,1.8849999904632568,1.899899959564209,1.7899999618530273,1.7899999618530273,165607,0.0,0.0
2023-08-14 12:30:00-04:00,1.7900999784469604,1.809999942779541,1.7200000286102295,1.7299000024795532,120117,0.0,0.0
2023-08-14 13:30:00-04:00,1.7350000143051147,1.75,1.690000057220459,1.690000057220459,47668,0.0,0.0
2023-08-14 14:30:00-04:00,1.7100000381469727,1.75,1.690000057220459,1.7300000190734863,50601,0.0,0.0
2023-08-14 15:30:00-04:00,1.7300000190734863,1.7649999856948853,1.7000000476837158,1.7599999904632568,32163,0.0,0.0
2023-08-15 09:30:00-04:00,1.8799999952316284,1.8996000289916992,1.7699999809265137,1.7699999809265137,87926,0.0,0.0
2023-08-15 10:30:00-04:00,1.7699999809265137,1.7799999713897705,1.7000000476837158,1.7115999460220337,63909,0.0,0.0
2023-08-15 11:30:00-04:00,1.7271000146865845,1.7300000190734863,1.7000999450683594,1.7100000381469727,17404,0.0,0.0
2023-08-15 12:30:00-04:00,1.7200000286102295,1.7300000190734863,1.6900999546051025,1.698799967765808,20714,0.0,0.0
2023-08-15 13:30:00-04:00,1.7000000476837158,1.7000000476837158,1.6299999952316284,1.6299999952316284,65403,0.0,0.0
2023-08-15 14:30:00-04:00,1.6398999691009521,1.6699999570846558,1.6200000047683716,1.6699999570846558,21601,0.0,0.0
2023-08-15 15:30:00-04:00,1.6699999570846558,1.6699999570846558,1.6399999856948853,1.659999966621399,20574,0.0,0.0
2023-08-16 09:30:00-04:00,1.690000057220459,1.7000000476837158,1.6627000570297241,1.6969000101089478,26146,0.0,0.0
2023-08-16 10:30:00-04:00,1.6999000310897827,1.7100000381469727,1.6699999570846558,1.6950000524520874,25872,0.0,0.0
2023-08-16 11:30:00-04:00,1.7000000476837158,1.7100000381469727,1.690000057220459,1.690000057220459,9823,0.0,0.0
2023-08-16 12:30:00-04:00,1.690000057220459,1.6999000310897827,1.690000057220459,1.6979000568389893,5576,0.0,0.0
2023-08-16 13:30:00-04:00,1.6999000310897827,1.7093000411987305,1.690000057220459,1.7000000476837158,11886,0.0,0.0
2023-08-16 14:30:00-04:00,1.7100000381469727,1.75,1.7020000219345093,1.7050000429153442,14054,0.0,0.0
2023-08-16 15:30:00-04:00,1.7100000381469727,1.7100000381469727,1.6825000047683716,1.6979999542236328,14945,0.0,0.0
2023-08-17 09:30:00-04:00,1.7100000381469727,1.7100000381469727,1.63100004196167,1.6699999570846558,83386,0.0,0.0
2023-08-17 10:30:00-04:00,1.662500023841858,1.7100000381469727,1.659999966621399,1.659999966621399,22009,0.0,0.0
2023-08-17 11:30:00-04:00,1.659999966621399,1.6899000406265259,1.659999966621399,1.6699999570846558,10665,0.0,0.0
2023-08-17 12:30:00-04:00,1.6699999570846558,1.6799999475479126,1.659999966621399,1.679900050163269,12553,0.0,0.0
2023-08-17 13:30:00-04:00,1.6799999475479126,1.690000057220459,1.649999976158142,1.690000057220459,19115,0.0,0.0
2023-08-17 14:30:00-04:00,1.690000057220459,1.690000057220459,1.6651999950408936,1.6890000104904175,8840,0.0,0.0
2023-08-17 15:30:00-04:00,1.6799999475479126,1.7100000381469727,1.6799999475479126,1.7100000381469727,8089,0.0,0.0
2023-08-18 09:30:00-04:00,1.690000057220459,1.729200005531311,1.690000057220459,1.715000033378601,20954,0.0,0.0
2023-08-18 10:30:00-04:00,1.7199000120162964,1.742900013923645,1.7199000120162964,1.7400000095367432,11600,0.0,0.0
2023-08-18 11:30:00-04:00,1.75,1.7799999713897705,1.7300000190734863,1.7585999965667725,27710,0.0,0.0
2023-08-18 12:30:00-04:00,1.7400000095367432,1.7899999618530273,1.7400000095367432,1.7899999618530273,6359,0.0,0.0
2023-08-18 13:30:00-04:00,1.7888000011444092,1.7999999523162842,1.7699999809265137,1.784999966621399,8243,0.0,0.0
2023-08-18 14:30:00-04:00,1.7882000207901,1.7901999950408936,1.7599999904632568,1.7890000343322754,11683,0.0,0.0
2023-08-18 15:30:00-04:00,1.7800999879837036,1.7899999618530273,1.75,1.75,9730,0.0,0.0
2023-08-21 09:30:00-04:00,1.7699999809265137,1.840000033378601,1.7699999809265137,1.8380000591278076,101779,0.0,0.0
2023-08-21 10:30:00-04:00,1.8350000381469727,1.9299999475479126,1.7899999618530273,1.929900050163269,149822,0.0,0.0
2023-08-21 11:30:00-04:00,1.9393999576568604,2.0,1.909999966621399,1.9299999475479126,174937,0.0,0.0
2023-08-21 12:30:00-04:00,1.940000057220459,2.0399999618530273,1.9199999570846558,2.0399999618530273,84330,0.0,0.0
2023-08-21 13:30:00-04:00,2.0350000858306885,2.1201000213623047,1.9900000095367432,2.0989999771118164,202474,0.0,0.0
2023-08-21 14:30:00-04:00,2.0799999237060547,2.0989999771118164,1.910099983215332,1.9886000156402588,524604,0.0,0.0
2023-08-21 15:30:00-04:00,1.9700000286102295,2.049999952316284,1.9700000286102295,2.049999952316284,104139,0.0,0.0
2023-08-22 09:30:00-04:00,2.0299999713897705,2.0350000858306885,1.9600000381469727,1.98989999294281,124913,0.0,0.0
2023-08-22 10:30:00-04:00,1.9900000095367432,2.0280001163482666,1.9800000190734863,1.9950000047683716,67034,0.0,0.0
2023-08-22 11:30:00-04:00,2.0,2.390000104904175,1.9900000095367432,2.217600107192993,2477755,0.0,0.0
2023-08-22 12:30:00-04:00,2.190000057220459,2.2899999618530273,2.190000057220459,2.234999895095825,464145,0.0,0.0
2023-08-22 13:30:00-04:00,2.2393999099731445,2.275099992752075,2.2200000286102295,2.259999990463257,222444,0.0,0.0
2023-08-22 14:30:00-04:00,2.279900074005127,2.299999952316284,2.240000009536743,2.2899999618530273,374369,0.0,0.0
2023-08-22 15:30:00-04:00,2.2969000339508057,2.4000000953674316,2.2600998878479004,2.309999942779541,559537,0.0,0.0
2023-08-23 09:30:00-04:00,2.4000000953674316,2.4100000858306885,2.140000104904175,2.140000104904175,760142,0.0,0.0
2023-08-23 10:30:00-04:00,2.140000104904175,2.255000114440918,2.140000104904175,2.240000009536743,131474,0.0,0.0
2023-08-23 11:30:00-04:00,2.246799945831299,2.2599000930786133,2.240000009536743,2.2574000358581543,133338,0.0,0.0
2023-08-23 12:30:00-04:00,2.25,2.257999897003174,2.2100000381469727,2.2200000286102295,123060,0.0,0.0
2023-08-23 13:30:00-04:00,2.2100000381469727,2.25,2.1700000762939453,2.1710000038146973,148813,0.0,0.0
2023-08-23 14:30:00-04:00,2.1861000061035156,2.190000057220459,2.0810000896453857,2.0999999046325684,289971,0.0,0.0
2023-08-23 15:30:00-04:00,2.109999895095825,2.1679999828338623,2.0899999141693115,2.140000104904175,162693,0.0,0.0
2023-08-24 09:30:00-04:00,2.2200000286102295,2.2699999809265137,2.1500000953674316,2.2100000381469727,202845,0.0,0.0
2023-08-24 10:30:00-04:00,2.2497000694274902,2.2799999713897705,2.2200000286102295,2.240000009536743,86878,0.0,0.0
2023-08-24 11:30:00-04:00,2.244999885559082,2.25,2.190000057220459,2.240000009536743,96103,0.0,0.0
2023-08-24 12:30:00-04:00,2.2249999046325684,2.31820011138916,2.2200000286102295,2.2799999713897705,113983,0.0,0.0
2023-08-24 13:30:00-04:00,2.259999990463257,2.2799999713897705,2.2200000286102295,2.2300000190734863,65742,0.0,0.0
2023-08-24 14:30:00-04:00,2.2200000286102295,2.25,2.2200000286102295,2.240000009536743,57514,0.0,0.0
2023-08-24 15:30:00-04:00,2.240000009536743,2.2599000930786133,2.2100000381469727,2.2300000190734863,108947,0.0,0.0
2023-08-25 09:30:00-04:00,2.180000066757202,2.3499999046325684,2.180000066757202,2.3399999141693115,197434,0.0,0.0
2023-08-25 10:30:00-04:00,2.341599941253662,2.4100000858306885,2.299999952316284,2.319999933242798,144067,0.0,0.0
2023-08-25 11:30:00-04:00,2.319999933242798,2.5299999713897705,2.319999933242798,2.4700000286102295,339672,0.0,0.0
2023-08-25 12:30:00-04:00,2.469899892807007,2.609999895095825,2.4000000953674316,2.4200000762939453,318558,0.0,0.0
2023-08-25 13:30:00-04:00,2.4289000034332275,2.4800000190734863,2.3499999046325684,2.3657000064849854,181159,0.0,0.0
2023-08-25 14:30:00-04:00,2.359999895095825,2.4000000953674316,2.319999933242798,2.390000104904175,360313,0.0,0.0
2023-08-25 15:30:00-04:00,2.369999885559082,2.380000114440918,2.240000009536743,2.2799999713897705,509849,0.0,0.0
2023-08-28 09:30:00-04:00,2.3499999046325684,2.359999895095825,2.200900077819824,2.262500047683716,340773,0.0,0.0
2023-08-28 10:30:00-04:00,2.2799999713897705,2.4000000953674316,2.2699999809265137,2.380000114440918,181437,0.0,0.0
2023-08-28 11:30:00-04:00,2.388200044631958,2.4000000953674316,2.361799955368042,2.3901000022888184,169438,0.0,0.0
2023-08-28 12:30:00-04:00,2.3910000324249268,2.449899911880493,2.380000114440918,2.4393999576568604,138338,0.0,0.0
2023-08-28 13:30:00-04:00,2.434999942779541,2.450000047683716,2.365000009536743,2.4000000953674316,307250,0.0,0.0
2023-08-28 14:30:00-04:00,2.4100000858306885,2.4100000858306885,2.3299999237060547,2.3499999046325684,195622,0.0,0.0
2023-08-28 15:30:00-04:00,2.3550000190734863,2.380000114440918,2.3299999237060547,2.3387999534606934,154328,0.0,0.0
2023-08-29 09:30:00-04:00,2.3499999046325684,2.5399999618530273,2.3499999046325684,2.51990008354187,348826,0.0,0.0
2023-08-29 10:30:00-04:00,2.5109000205993652,2.6500000953674316,2.509999990463257,2.634999990463257,314239,0.0,0.0
2023-08-29 11:30:00-04:00,2.634999990463257,2.6500000953674316,2.5199999809265137,2.640000104904175,166539,0.0,0.0
2023-08-29 12:30:00-04:00,2.634999990463257,2.7100000381469727,2.5999999046325684,2.609999895095825,224376,0.0,0.0
2023-08-29 13:30:00-04:00,2.634999990463257,2.690000057220459,2.621299982070923,2.6394999027252197,89514,0.0,0.0
2023-08-29 14:30:00-04:00,2.63919997215271,2.690000057220459,2.619999885559082,2.6798999309539795,143624,0.0,0.0
2023-08-29 15:30:00-04:00,2.674999952316284,2.700000047683716,2.6700000762939453,2.6700000762939453,99063,0.0,0.0
2023-08-30 09:30:00-04:00,2.7200000286102295,2.930000066757202,2.6600000858306885,2.9149999618530273,527107,0.0,0.0
2023-08-30 10:30:00-04:00,2.9100000858306885,2.9200000762939453,2.7600998878479004,2.8550000190734863,247325,0.0,0.0
2023-08-30 11:30:00-04:00,2.8580000400543213,2.890000104904175,2.7799999713897705,2.809999942779541,272357,0.0,0.0
2023-08-30 12:30:00-04:00,2.809999942779541,2.8299999237060547,2.7100000381469727,2.7950000762939453,209267,0.0,0.0
2023-08-30 13:30:00-04:00,2.790600061416626,2.8299999237060547,2.759999990463257,2.799999952316284,159582,0.0,0.0
2023-08-30 14:30:00-04:00,2.789900064468384,2.809799909591675,2.75,2.7679998874664307,87991,0.0,0.0
2023-08-30 15:30:00-04:00,2.765000104904175,2.819999933242798,2.7606000900268555,2.809999942779541,121930,0.0,0.0
2023-08-31 09:30:00-04:00,2.8299999237060547,2.875,2.380000114440918,2.4600000381469727,992886,0.0,0.0
2023-08-31 10:30:00-04:00,2.4588000774383545,2.4800000190734863,2.3499999046325684,2.430000066757202,374322,0.0,0.0
2023-08-31 11:30:00-04:00,2.428800106048584,2.529900074005127,2.4000000953674316,2.4899001121520996,206817,0.0,0.0
2023-08-31 12:30:00-04:00,2.487600088119507,2.6500000953674316,2.487600088119507,2.5999999046325684,232405,0.0,0.0
2023-08-31 13:30:00-04:00,2.5999999046325684,2.6198999881744385,2.5299999713897705,2.609999895095825,112931,0.0,0.0
2023-08-31 14:30:00-04:00,2.5950000286102295,2.650099992752075,2.5950000286102295,2.640000104904175,116093,0.0,0.0
2023-08-31 15:30:00-04:00,2.6401000022888184,2.690000057220459,2.630000114440918,2.68969988822937,172246,0.0,0.0
2023-09-01 09:30:00-04:00,2.7699999809265137,2.9000000953674316,2.7699999809265137,2.890000104904175,510187,0.0,0.0
2023-09-01 10:30:00-04:00,2.8817999362945557,2.9200000762939453,2.880000114440918,2.9049999713897705,213031,0.0,0.0
2023-09-01 11:30:00-04:00,2.9000000953674316,2.9800000190734863,2.890000104904175,2.9600000381469727,457192,0.0,0.0
2023-09-01 12:30:00-04:00,2.9549999237060547,2.9795000553131104,2.8817999362945557,2.930000066757202,376534,0.0,0.0
2023-09-01 13:30:00-04:00,2.924999952316284,2.930000066757202,2.809999942779541,2.822200059890747,182849,0.0,0.0
2023-09-01 14:30:00-04:00,2.819999933242798,2.8499999046325684,2.7799999713897705,2.8499999046325684,139528,0.0,0.0
2023-09-01 15:30:00-04:00,2.8499999046325684,2.859100103378296,2.8299999237060547,2.8320000171661377,101121,0.0,0.0
2023-09-05 09:30:00-04:00,2.859999895095825,2.9000000953674316,2.7100000381469727,2.7750000953674316,462051,0.0,0.0
2023-09-05 10:30:00-04:00,2.7750000953674316,2.890000104904175,2.759999990463257,2.869999885559082,152836,0.0,0.0
2023-09-05 11:30:00-04:00,2.865000009536743,2.990000009536743,2.8424999713897705,2.9800000190734863,192289,0.0,0.0
2023-09-05 12:30:00-04:00,2.9800000190734863,2.990000009536743,2.934999942779541,2.984999895095825,184258,0.0,0.0
2023-09-05 13:30:00-04:00,2.989500045776367,3.009999990463257,2.869999885559082,2.880000114440918,219457,0.0,0.0
2023-09-05 14:30:00-04:00,2.880000114440918,2.940000057220459,2.8499999046325684,2.9000000953674316,115742,0.0,0.0
2023-09-05 15:30:00-04:00,2.890000104904175,2.950000047683716,2.890000104904175,2.930000066757202,176419,0.0,0.0
2023-09-06 09:30:00-04:00,2.950000047683716,2.9549999237060547,2.5,2.6700000762939453,1214499,0.0,0.0
2023-09-06 10:30:00-04:00,2.690000057220459,2.869999885559082,2.690000057220459,2.819999933242798,201976,0.0,0.0
2023-09-06 11:30:00-04:00,2.799999952316284,2.8299999237060547,2.720099925994873,2.7249999046325684,168017,0.0,0.0
2023-09-06 12:30:00-04:00,2.7200000286102295,2.759500026702881,2.700000047683716,2.719899892807007,108757,0.0,0.0
2023-09-06 13:30:00-04:00,2.7149999141693115,2.7399001121520996,2.700000047683716,2.7049999237060547,106465,0.0,0.0
2023-09-06 14:30:00-04:00,2.7049999237060547,2.7300000190734863,2.6500000953674316,2.7200000286102295,189014,0.0,0.0
2023-09-06 15:30:00-04:00,2.7100000381469727,2.7200000286102295,2.6600000858306885,2.6649999618530273,135853,0.0,0.0
2023-09-07 09:30:00-04:00,2.559999942779541,2.75,2.5,2.7358999252319336,212060,0.0,0.0
2023-09-07 10:30:00-04:00,2.7100000381469727,2.7300000190734863,2.680000066757202,2.7149999141693115,60356,0.0,0.0
2023-09-07 11:30:00-04:00,2.7195000648498535,2.719899892807007,2.690000057220459,2.7100000381469727,32832,0.0,0.0
2023-09-07 12:30:00-04:00,2.7100000381469727,2.8450000286102295,2.700000047683716,2.8399999141693115,77090,0.0,0.0
2023-09-07 13:30:00-04:00,2.8450000286102295,2.859999895095825,2.7799999713897705,2.8299999237060547,99823,0.0,0.0
2023-09-07 14:30:00-04:00,2.8382999897003174,2.8499999046325684,2.7799999713897705,2.8399999141693115,79551,0.0,0.0
2023-09-07 15:30:00-04:00,2.8350000381469727,2.8350000381469727,2.802000045776367,2.819999933242798,74782,0.0,0.0
2023-09-08 09:30:00-04:00,2.869999885559082,3.0,2.819999933242798,2.934999942779541,332316,0.0,0.0
2023-09-08 10:30:00-04:00,2.938800096511841,3.000999927520752,2.938800096511841,2.944999933242798,243718,0.0,0.0
2023-09-08 11:30:00-04:00,2.950000047683716,2.990000009536743,2.950000047683716,2.984999895095825,79476,0.0,0.0
2023-09-08 12:30:00-04:00,2.984999895095825,2.990000009536743,2.9509999752044678,2.9700000286102295,76175,0.0,0.0
2023-09-08 13:30:00-04:00,2.9756999015808105,2.9756999015808105,2.9200000762939453,2.950000047683716,67405,0.0,0.0
2023-09-08 14:30:00-04:00,2.944999933242798,2.950000047683716,2.869999885559082,2.9100000858306885,80958,0.0,0.0
2023-09-08 15:30:00-04:00,2.9200000762939453,2.930000066757202,2.890000104904175,2.890000104904175,43552,0.0,0.0
2023-09-11 09:30:00-04:00,2.9800000190734863,3.0,2.869999885559082,2.9888999462127686,370748,0.0,0.0
2023-09-11 10:30:00-04:00,2.981800079345703,3.069999933242798,2.940000057220459,2.9800000190734863,324287,0.0,0.0
2023-09-11 11:30:00-04:00,2.9800000190734863,3.049999952316284,2.9700000286102295,3.015000104904175,171935,0.0,0.0
2023-09-11 12:30:00-04:00,3.012700080871582,3.0299999713897705,2.9700000286102295,3.005000114440918,85168,0.0,0.0
2023-09-11 13:30:00-04:00,3.009999990463257,3.0799999237060547,2.990000009536743,3.0297000408172607,182468,0.0,0.0
2023-09-11 14:30:00-04:00,3.0288000106811523,3.059999942779541,3.0,3.009999990463257,85533,0.0,0.0
2023-09-11 15:30:00-04:00,3.009999990463257,3.0299999713897705,2.990000009536743,2.990000009536743,170040,0.0,0.0
2023-09-12 09:30:00-04:00,3.0199999809265137,3.049999952316284,2.950000047683716,2.9549999237060547,284184,0.0,0.0
2023-09-12 10:30:00-04:00,2.9600000381469727,3.0399999618530273,2.950000047683716,2.9976999759674072,164721,0.0,0.0
2023-09-12 11:30:00-04:00,2.999500036239624,3.009999990463257,2.9800000190734863,3.0,58029,0.0,0.0
2023-09-12 12:30:00-04:00,3.0,3.1301000118255615,2.990000009536743,3.119999885559082,346787,0.0,0.0
2023-09-12 13:30:00-04:00,3.109999895095825,3.1500000953674316,3.0999999046325684,3.140000104904175,138557,0.0,0.0
2023-09-12 14:30:00-04:00,3.140000104904175,3.200000047683716,3.0899999141693115,3.0999999046325684,161902,0.0,0.0
2023-09-12 15:30:00-04:00,3.0999999046325684,3.0999999046325684,3.0299999713897705,3.0490000247955322,130134,0.0,0.0
2023-09-13 09:30:00-04:00,3.0899999141693115,3.0999999046325684,2.9800000190734863,3.0350000858306885,269770,0.0,0.0
2023-09-13 10:30:00-04:00,3.0499000549316406,3.049999952316284,2.940000057220459,2.9600000381469727,190530,0.0,0.0
2023-09-13 11:30:00-04:00,2.9600000381469727,3.009999990463257,2.9000000953674316,2.930000066757202,184155,0.0,0.0
2023-09-13 12:30:00-04:00,2.930000066757202,2.9800000190734863,2.9200000762939453,2.940000057220459,70671,0.0,0.0
2023-09-13 13:30:00-04:00,2.940000057220459,2.990000009536743,2.940000057220459,2.984999895095825,68571,0.0,0.0
2023-09-13 14:30:00-04:00,2.984999895095825,2.990000009536743,2.950000047683716,2.9549999237060547,55677,0.0,0.0
2023-09-13 15:30:00-04:00,2.9600000381469727,2.9600000381469727,2.9202001094818115,2.930000066757202,99328,0.0,0.0
2023-09-14 09:30:00-04:00,2.9600000381469727,3.049999952316284,2.950000047683716,3.039299964904785,115602,0.0,0.0
2023-09-14 10:30:00-04:00,3.0350000858306885,3.0899999141693115,3.0299999713897705,3.069000005722046,196127,0.0,0.0
2023-09-14 11:30:00-04:00,3.059999942779541,3.0897998809814453,3.0399999618530273,3.0799999237060547,76928,0.0,0.0
2023-09-14 12:30:00-04:00,3.069999933242798,3.0899999141693115,3.049999952316284,3.069999933242798,91439,0.0,0.0
2023-09-14 13:30:00-04:00,3.075000047683716,3.0799999237060547,3.0299999713897705,3.0799999237060547,75524,0.0,0.0
2023-09-14 14:30:00-04:00,3.075000047683716,3.0799999237060547,3.049999952316284,3.078000068664551,97384,0.0,0.0
2023-09-14 15:30:00-04:00,3.0799999237060547,3.0799999237060547,3.059999942779541,3.069999933242798,58725,0.0,0.0
2023-09-15 09:30:00-04:00,3.0999999046325684,3.0999999046325684,2.9200000762939453,2.9700000286102295,254211,0.0,0.0
2023-09-15 10:30:00-04:00,2.9700000286102295,3.0399999618530273,2.9700000286102295,3.0250000953674316,48196,0.0,0.0
2023-09-15 11:30:00-04:00,3.0295000076293945,3.0799999237060547,3.0104000568389893,3.0350000858306885,55914,0.0,0.0
2023-09-15 12:30:00-04:00,3.0399999618530273,3.0399999618530273,3.009999990463257,3.0199999809265137,46998,0.0,0.0
2023-09-15 13:30:00-04:00,3.0199999809265137,3.0199999809265137,2.9700000286102295,2.990000009536743,67974,0.0,0.0
2023-09-15 14:30:00-04:00,2.9951000213623047,3.049999952316284,2.993000030517578,3.0199999809265137,32987,0.0,0.0
2023-09-15 15:30:00-04:00,3.0299999713897705,3.0299999713897705,2.9907000064849854,3.0299999713897705,72947,0.0,0.0
2023-09-18 09:30:00-04:00,3.0899999141693115,3.1700000762939453,3.0,3.005000114440918,343140,0.0,0.0
2023-09-18 10:30:00-04:00,3.0,3.01990008354187,2.940000057220459,2.9800000190734863,153394,0.0,0.0
2023-09-18 11:30:00-04:00,2.9700000286102295,2.9800000190734863,2.819999933242798,2.8399999141693115,280771,0.0,0.0
2023-09-18 12:30:00-04:00,2.8399999141693115,2.890000104904175,2.809999942779541,2.8299999237060547,275285,0.0,0.0
2023-09-18 13:30:00-04:00,2.8399999141693115,2.890000104904175,2.8299999237060547,2.890000104904175,120497,0.0,0.0
2023-09-18 14:30:00-04:00,2.880000114440918,2.8901000022888184,2.8399999141693115,2.8499999046325684,71928,0.0,0.0
2023-09-18 15:30:00-04:00,2.8499999046325684,2.859999895095825,2.799999952316284,2.819999933242798,134650,0.0,0.0
2023-09-19 09:30:00-04:00,2.819999933242798,2.890000104904175,2.700000047683716,2.870500087738037,282249,0.0,0.0
2023-09-19 10:30:00-04:00,2.880000114440918,2.950000047683716,2.875,2.950000047683716,143388,0.0,0.0
2023-09-19 11:30:00-04:00,2.949899911880493,3.0399999618530273,2.930000066757202,2.990000009536743,218992,0.0,0.0
2023-09-19 12:30:00-04:00,2.970099925994873,2.9800000190734863,2.9100000858306885,2.930000066757202,131164,0.0,0.0
2023-09-19 13:30:00-04:00,2.930000066757202,2.930000066757202,2.880000114440918,2.9049999713897705,85775,0.0,0.0
2023-09-19 14:30:00-04:00,2.9100000858306885,2.944999933242798,2.90939998626709,2.934999942779541,61270,0.0,0.0
2023-09-19 15:30:00-04:00,2.930000066757202,2.944999933242798,2.9200000762939453,2.9200000762939453,45764,0.0,0.0
2023-09-20 09:30:00-04:00,3.0,3.0899999141693115,2.950000047683716,3.0759999752044678,246870,0.0,0.0
2023-09-20 10:30:00-04:00,3.075000047683716,3.130000114440918,3.0299999713897705,3.126300096511841,166626,0.0,0.0
2023-09-20 11:30:00-04:00,3.132200002670288,3.1900999546051025,3.0999999046325684,3.1700000762939453,167100,0.0,0.0
2023-09-20 12:30:00-04:00,3.180000066757202,3.289900064468384,3.140000104904175,3.1700000762939453,337638,0.0,0.0
2023-09-20 13:30:00-04:00,3.169100046157837,3.200000047683716,3.119999885559082,3.1500000953674316,125348,0.0,0.0
2023-09-20 14:30:00-04:00,3.140000104904175,3.178299903869629,3.119999885559082,3.134999990463257,114995,0.0,0.0
2023-09-20 15:30:00-04:00,3.134999990463257,3.140000104904175,3.059999942779541,3.0999999046325684,160503,0.0,0.0
2023-09-21 09:30:00-04:00,3.119999885559082,3.119999885559082,2.809999942779541,2.809999942779541,468158,0.0,0.0
2023-09-21 10:30:00-04:00,2.8299999237060547,2.869999885559082,2.759999990463257,2.7850000858306885,347671,0.0,0.0
2023-09-21 11:30:00-04:00,2.7799999713897705,2.7897000312805176,2.660099983215332,2.7179999351501465,281081,0.0,0.0
2023-09-21 12:30:00-04:00,2.7149999141693115,2.7699999809265137,2.6800999641418457,2.7049999237060547,214215,0.0,0.0
2023-09-21 13:30:00-04:00,2.7049999237060547,2.7699999809265137,2.6800999641418457,2.734999895095825,231888,0.0,0.0
2023-09-21 14:30:00-04:00,2.734999895095825,2.740000009536743,2.6700000762939453,2.674999952316284,158405,0.0,0.0
2023-09-21 15:30:00-04:00,2.674999952316284,2.6791000366210938,2.5899999141693115,2.619999885559082,256358,0.0,0.0
2023-09-22 09:30:00-04:00,2.619999885559082,2.869999885559082,2.619999885559082,2.8498001098632812,288700,0.0,0.0
2023-09-22 10:30:00-04:00,2.859999895095825,2.8884999752044678,2.7750000953674316,2.8701000213623047,141811,0.0,0.0
2023-09-22 11:30:00-04:00,2.880000114440918,2.899899959564209,2.840100049972534,2.8608999252319336,102400,0.0,0.0
2023-09-22 12:30:00-04:00,2.869999885559082,2.880000114440918,2.8299999237060547,2.8499999046325684,50247,0.0,0.0
2023-09-22 13:30:00-04:00,2.849400043487549,2.8798999786376953,2.8299999237060547,2.849900007247925,57914,0.0,0.0
2023-09-22 14:30:00-04:00,2.8499999046325684,2.880000114440918,2.819999933242798,2.865000009536743,76973,0.0,0.0
2023-09-22 15:30:00-04:00,2.8610000610351562,2.869999885559082,2.819999933242798,2.819999933242798,74093,0.0,0.0
2023-09-25 09:30:00-04:00,2.8399999141693115,2.9200000762939453,2.7799999713897705,2.8399999141693115,228832,0.0,0.0
2023-09-25 10:30:00-04:00,2.8399999141693115,2.8512001037597656,2.7811999320983887,2.7811999320983887,73898,0.0,0.0
2023-09-25 11:30:00-04:00,2.7899999618530273,2.799999952316284,2.7200000286102295,2.7904999256134033,145547,0.0,0.0
2023-09-25 12:30:00-04:00,2.7799999713897705,2.819999933242798,2.7699999809265137,2.7999000549316406,58995,0.0,0.0
2023-09-25 13:30:00-04:00,2.799999952316284,2.819999933242798,2.759999990463257,2.7980000972747803,36902,0.0,0.0
2023-09-25 14:30:00-04:00,2.7990000247955322,2.8499999046325684,2.7990000247955322,2.8299999237060547,106870,0.0,0.0
2023-09-25 15:30:00-04:00,2.8299999237060547,2.8450000286102295,2.805000066757202,2.8299999237060547,53442,0.0,0.0
2023-09-26 09:30:00-04:00,2.819999933242798,2.990000009536743,2.809999942779541,2.940000057220459,269451,0.0,0.0
2023-09-26 10:30:00-04:00,2.944999933242798,2.9600000381469727,2.880000114440918,2.880000114440918,96563,0.0,0.0
2023-09-26 11:30:00-04:00,2.869999885559082,2.9000000953674316,2.8499999046325684,2.8499999046325684,20990,0.0,0.0
2023-09-26 12:30:00-04:00,2.8499999046325684,2.889899969100952,2.819999933242798,2.8499999046325684,53700,0.0,0.0
2023-09-26 13:30:00-04:00,2.8399999141693115,2.859999895095825,2.819999933242798,2.8266000747680664,38314,0.0,0.0
2023-09-26 14:30:00-04:00,2.830899953842163,2.8499999046325684,2.799999952316284,2.809999942779541,68695,0.0,0.0
2023-09-26 15:30:00-04:00,2.809999942779541,2.8299999237060547,2.809999942779541,2.825000047683716,80661,0.0,0.0
2023-09-27 09:30:00-04:00,2.799999952316284,2.890000104904175,2.740000009536743,2.869999885559082,245696,0.0,0.0
2023-09-27 10:30:00-04:00,2.8620998859405518,2.9600000381469727,2.8620998859405518,2.9398999214172363,98784,0.0,0.0
2023-09-27 11:30:00-04:00,2.937299966812134,2.940000057220459,2.880000114440918,2.9100000858306885,53168,0.0,0.0
2023-09-27 12:30:00-04:00,2.9100000858306885,2.9200000762939453,2.8499999046325684,2.890000104904175,59870,0.0,0.0
2023-09-27 13:30:00-04:00,2.890000104904175,2.9024999141693115,2.869999885559082,2.890000104904175,23102,0.0,0.0
2023-09-27 14:30:00-04:00,2.890000104904175,2.9049999713897705,2.880000114440918,2.8949999809265137,40444,0.0,0.0
2023-09-27 15:30:00-04:00,2.8949999809265137,2.8949999809265137,2.8550000190734863,2.869999885559082,56347,0.0,0.0
2023-09-28 09:30:00-04:00,2.8499999046325684,3.069999933242798,2.8482000827789307,3.0659000873565674,258417,0.0,0.0
2023-09-28 10:30:00-04:00,3.059999942779541,3.1500000953674316,3.0,3.134999990463257,162070,0.0,0.0
2023-09-28 11:30:00-04:00,3.1396000385284424,3.140000104904175,3.0601000785827637,3.11929988861084,141737,0.0,0.0
2023-09-28 12:30:00-04:00,3.119999885559082,3.140000104904175,3.0799999237060547,3.0799999237060547,114090,0.0,0.0
2023-09-28 13:30:00-04:00,3.0601000785827637,3.0799999237060547,2.990000009536743,3.017899990081787,97961,0.0,0.0
2023-09-28 14:30:00-04:00,3.0199999809265137,3.0399999618530273,2.994999885559082,3.005000114440918,86953,0.0,0.0
2023-09-28 15:30:00-04:00,3.005000114440918,3.0199999809265137,2.990000009536743,3.0,98557,0.0,0.0
2023-09-29 09:30:00-04:00,3.049999952316284,3.0799999237060547,2.9000000953674316,2.911799907684326,201397,0.0,0.0
2023-09-29 10:30:00-04:00,2.9100000858306885,2.950000047683716,2.859999895095825,2.890000104904175,141015,0.0,0.0
2023-09-29 11:30:00-04:00,2.888000011444092,2.890000104904175,2.799999952316284,2.810699939727783,102210,0.0,0.0
2023-09-29 12:30:00-04:00,2.815000057220459,2.8399999141693115,2.7502999305725098,2.760699987411499,192363,0.0,0.0
2023-09-29 13:30:00-04:00,2.759999990463257,2.799999952316284,2.759999990463257,2.7850000858306885,69004,0.0,0.0
2023-09-29 14:30:00-04:00,2.789900064468384,2.7899999618530273,2.759999990463257,2.765000104904175,59347,0.0,0.0
2023-09-29 15:30:00-04:00,2.759999990463257,2.7899999618530273,2.75,2.7799999713897705,150325,0.0,0.0
2023-10-02 09:30:00-04:00,2.880000114440918,2.990000009536743,2.8499999046325684,2.9000000953674316,317324,0.0,0.0
2023-10-02 10:30:00-04:00,2.9000000953674316,2.940000057220459,2.819999933242798,2.819999933242798,122685,0.0,0.0
2023-10-02 11:30:00-04:00,2.819999933242798,2.848099946975708,2.7899999618530273,2.825000047683716,71362,0.0,0.0
2023-10-02 12:30:00-04:00,2.825000047683716,2.880000114440918,2.825000047683716,2.869999885559082,47961,0.0,0.0
2023-10-02 13:30:00-04:00,2.869999885559082,2.918100118637085,2.8499999046325684,2.9063000679016113,75399,0.0,0.0
2023-10-02 14:30:00-04:00,2.9100000858306885,2.9100000858306885,2.8499999046325684,2.865000009536743,71919,0.0,0.0
2023-10-02 15:30:00-04:00,2.859999895095825,2.869999885559082,2.8450000286102295,2.869999885559082,77015,0.0,0.0
2023-10-03 09:30:00-04:00,2.869999885559082,2.869999885559082,2.7802999019622803,2.8399999141693115,228792,0.0,0.0
2023-10-03 10:30:00-04:00,2.8399999141693115,2.866499900817871,2.75,2.7799999713897705,144004,0.0,0.0
2023-10-03 11:30:00-04:00,2.7799999713897705,2.796600103378296,2.759999990463257,2.7899999618530273,50440,0.0,0.0
2023-10-03 12:30:00-04:00,2.799999952316284,2.809999942779541,2.7799999713897705,2.7850000858306885,30714,0.0,0.0
2023-10-03 13:30:00-04:00,2.7850000858306885,2.805000066757202,2.713399887084961,2.739300012588501,94155,0.0,0.0
2023-10-03 14:30:00-04:00,2.730799913406372,2.75,2.7200000286102295,2.7202000617980957,158655,0.0,0.0
2023-10-03 15:30:00-04:00,2.7248001098632812,2.7249999046325684,2.680000066757202,2.680000066757202,129253,0.0,0.0
2023-10-04 09:30:00-04:00,2.7300000190734863,2.7300000190734863,2.0799999237060547,2.103300094604492,1348335,0.0,0.0
2023-10-04 10:30:00-04:00,2.100100040435791,2.140000104904175,2.0,2.0250000953674316,732284,0.0,0.0
2023-10-04 11:30:00-04:00,2.0290000438690186,2.119999885559082,2.0,2.013000011444092,434626,0.0,0.0
2023-10-04 12:30:00-04:00,2.015000104904175,2.0199999809265137,1.9299999475479126,1.965000033378601,382375,0.0,0.0
2023-10-04 13:30:00-04:00,1.9700000286102295,2.049999952316284,1.9700000286102295,2.009500026702881,171564,0.0,0.0
2023-10-04 14:30:00-04:00,2.009999990463257,2.049999952316284,1.9907000064849854,2.0201001167297363,157235,0.0,0.0
2023-10-04 15:30:00-04:00,2.0201001167297363,2.0799999237060547,2.0201001167297363,2.049999952316284,234328,0.0,0.0
2023-10-05 09:30:00-04:00,1.9700000286102295,2.2850000858306885,1.8600000143051147,2.2399001121520996,668986,0.0,0.0
2023-10-05 10:30:00-04:00,2.2300000190734863,2.3350000381469727,2.2218000888824463,2.2701001167297363,245791,0.0,0.0
2023-10-05 11:30:00-04:00,2.2750000953674316,2.309999942779541,2.2100000381469727,2.259999990463257,152221,0.0,0.0
2023-10-05 12:30:00-04:00,2.265000104904175,2.325000047683716,2.244999885559082,2.325000047683716,83171,0.0,0.0
2023-10-05 13:30:00-04:00,2.329900026321411,2.3499999046325684,2.2899999618530273,2.3299999237060547,270197,0.0,0.0
2023-10-05 14:30:00-04:00,2.3299999237060547,2.408900022506714,2.329900026321411,2.390000104904175,267845,0.0,0.0
2023-10-05 15:30:00-04:00,2.390000104904175,2.4000000953674316,2.3499999046325684,2.3550000190734863,154759,0.0,0.0
2023-10-06 09:30:00-04:00,2.3499999046325684,2.4000000953674316,2.1700000762939453,2.1895999908447266,178627,0.0,0.0
2023-10-06 10:30:00-04:00,2.190000057220459,2.200000047683716,2.130000114440918,2.199899911880493,227738,0.0,0.0
2023-10-06 11:30:00-04:00,2.200000047683716,2.259000062942505,2.190000057220459,2.221400022506714,136831,0.0,0.0
2023-10-06 12:30:00-04:00,2.2249999046325684,2.2249999046325684,2.170599937438965,2.1840999126434326,129444,0.0,0.0
2023-10-06 13:30:00-04:00,2.180000066757202,2.1898999214172363,2.1600000858306885,2.1700000762939453,97477,0.0,0.0
2023-10-06 14:30:00-04:00,2.178499937057495,2.2300000190734863,2.119999885559082,2.1308999061584473,140788,0.0,0.0
2023-10-06 15:30:00-04:00,2.134999990463257,2.1700000762939453,2.131999969482422,2.1700000762939453,75150,0.0,0.0
2023-10-09 09:30:00-04:00,2.2200000286102295,2.369999885559082,2.2200000286102295,2.3299999237060547,182466,0.0,0.0
2023-10-09 10:30:00-04:00,2.330899953842163,2.3350000381469727,2.2249999046325684,2.234999895095825,100393,0.0,0.0
2023-10-09 11:30:00-04:00,2.234999895095825,2.2499001026153564,2.200000047683716,2.2049999237060547,58470,0.0,0.0
2023-10-09 12:30:00-04:00,2.2049999237060547,2.2300000190734863,2.180000066757202,2.1863999366760254,119121,0.0,0.0
2023-10-09 13:30:00-04:00,2.184999942779541,2.2358999252319336,2.180000066757202,2.2300000190734863,45059,0.0,0.0
2023-10-09 14:30:00-04:00,2.238300085067749,2.2950000762939453,2.2219998836517334,2.2950000762939453,130250,0.0,0.0
2023-10-09 15:30:00-04:00,2.2950000762939453,2.309999942779541,2.259999990463257,2.259999990463257,111859,0.0,0.0
2023-10-10 09:30:00-04:00,2.259999990463257,2.2899999618530273,2.2100000381469727,2.259999990463257,96787,0.0,0.0
2023-10-10 10:30:00-04:00,2.2697999477386475,2.3489999771118164,2.2616000175476074,2.3450000286102295,106316,0.0,0.0
2023-10-10 11:30:00-04:00,2.3499999046325684,2.3499999046325684,2.309999942779541,2.3350000381469727,68938,0.0,0.0
2023-10-10 12:30:00-04:00,2.3350000381469727,2.359999895095825,2.319999933242798,2.3399999141693115,147645,0.0,0.0
2023-10-10 13:30:00-04:00,2.3399999141693115,2.3698999881744385,2.3299999237060547,2.359999895095825,46818,0.0,0.0
2023-10-10 14:30:00-04:00,2.359999895095825,2.390000104904175,2.3499999046325684,2.3550000190734863,94633,0.0,0.0
2023-10-10 15:30:00-04:00,2.3550000190734863,2.359999895095825,2.319999933242798,2.3350000381469727,72406,0.0,0.0
2023-10-11 09:30:00-04:00,2.3399999141693115,2.3399999141693115,2.259999990463257,2.2699999809265137,157914,0.0,0.0
2023-10-11 10:30:00-04:00,2.2664999961853027,2.2664999961853027,2.2100000381469727,2.2149999141693115,141248,0.0,0.0
2023-10-11 11:30:00-04:00,2.216399908065796,2.2300000190734863,2.180000066757202,2.2200000286102295,152148,0.0,0.0
2023-10-11 12:30:00-04:00,2.219899892807007,2.259999990463257,2.219899892807007,2.259999990463257,47354,0.0,0.0
2023-10-11 13:30:00-04:00,2.259999990463257,2.2799999713897705,2.25,2.255000114440918,42897,0.0,0.0
2023-10-11 14:30:00-04:00,2.259999990463257,2.2899999618530273,2.255000114440918,2.255000114440918,51951,0.0,0.0
2023-10-11 15:30:00-04:00,2.255000114440918,2.259500026702881,2.23009991645813,2.255000114440918,54157,0.0,0.0
2023-10-12 09:30:00-04:00,2.25,2.259999990463257,2.1649999618530273,2.17330002784729,117406,0.0,0.0
2023-10-12 10:30:00-04:00,2.1700000762939453,2.200000047683716,2.119999885559082,2.1700000762939453,148135,0.0,0.0
2023-10-12 11:30:00-04:00,2.1600000858306885,2.2000999450683594,2.1549999713897705,2.174999952316284,73341,0.0,0.0
2023-10-12 12:30:00-04:00,2.174999952316284,2.1798999309539795,2.140000104904175,2.1549999713897705,54830,0.0,0.0
2023-10-12 13:30:00-04:00,2.1798999309539795,2.180000066757202,2.140000104904175,2.1549999713897705,77543,0.0,0.0
2023-10-12 14:30:00-04:00,2.1549999713897705,2.1549999713897705,2.140000104904175,2.1401000022888184,19407,0.0,0.0
2023-10-12 15:30:00-04:00,2.1449999809265137,2.190000057220459,2.1449999809265137,2.1649999618530273,95095,0.0,0.0
2023-10-13 09:30:00-04:00,2.1600000858306885,2.2699999809265137,2.1600000858306885,2.2699999809265137,83449,0.0,0.0
2023-10-13 10:30:00-04:00,2.26990008354187,2.2799999713897705,2.2300000190734863,2.239000082015991,37021,0.0,0.0
2023-10-13 11:30:00-04:00,2.25,2.2899999618530273,2.25,2.259999990463257,40236,0.0,0.0
2023-10-13 12:30:00-04:00,2.2592999935150146,2.2699999809265137,2.2100000381469727,2.2100000381469727,57612,0.0,0.0
2023-10-13 13:30:00-04:00,2.2100000381469727,2.210099935531616,2.1600000858306885,2.180000066757202,156163,0.0,0.0
2023-10-13 14:30:00-04:00,2.184999942779541,2.20989990234375,2.1700000762939453,2.194999933242798,41127,0.0,0.0
2023-10-13 15:30:00-04:00,2.194999933242798,2.2100000381469727,2.180000066757202,2.184999942779541,62785,0.0,0.0
2023-10-16 09:30:00-04:00,2.190000057220459,2.2899999618530273,2.180000066757202,2.2393999099731445,175449,0.0,0.0
2023-10-16 10:30:00-04:00,2.239000082015991,2.2799999713897705,2.234999895095825,2.265000104904175,72820,0.0,0.0
2023-10-16 11:30:00-04:00,2.2699999809265137,2.2799999713897705,2.25,2.2699999809265137,22462,0.0,0.0
2023-10-16 12:30:00-04:00,2.2699999809265137,2.2799999713897705,2.25,2.259500026702881,38506,0.0,0.0
2023-10-16 13:30:00-04:00,2.2588000297546387,2.265000104904175,2.25,2.25,43898,0.0,0.0
2023-10-16 14:30:00-04:00,2.25,2.25,2.232599973678589,2.234999895095825,20995,0.0,0.0
2023-10-16 15:30:00-04:00,2.2399001121520996,2.240000009536743,2.2100000381469727,2.2200000286102295,57394,0.0,0.0
2023-10-17 09:30:00-04:00,2.2100000381469727,2.322700023651123,2.2088000774383545,2.322700023651123,171372,0.0,0.0
2023-10-17 10:30:00-04:00,2.325000047683716,2.3394999504089355,2.2899999618530273,2.329900026321411,117688,0.0,0.0
2023-10-17 11:30:00-04:00,2.329900026321411,2.369999885559082,2.319999933242798,2.369999885559082,75619,0.0,0.0
2023-10-17 12:30:00-04:00,2.3694000244140625,2.380000114440918,2.3399999141693115,2.369999885559082,77979,0.0,0.0
2023-10-17 13:30:00-04:00,2.3770999908447266,2.380000114440918,2.325000047683716,2.3299999237060547,137425,0.0,0.0
2023-10-17 14:30:00-04:00,2.3299999237060547,2.3399999141693115,2.3299999237060547,2.3350000381469727,22458,0.0,0.0
2023-10-17 15:30:00-04:00,2.3350000381469727,2.3499999046325684,2.3299999237060547,2.3499999046325684,93416,0.0,0.0
2023-10-18 09:30:00-04:00,2.359999895095825,2.4700000286102295,2.3450000286102295,2.384999990463257,179671,0.0,0.0
2023-10-18 10:30:00-04:00,2.380000114440918,2.430000066757202,2.380000114440918,2.4003000259399414,121772,0.0,0.0
2023-10-18 11:30:00-04:00,2.4049999713897705,2.409899950027466,2.389899969100952,2.3901000022888184,49811,0.0,0.0
2023-10-18 12:30:00-04:00,2.3996999263763428,2.4100000858306885,2.369999885559082,2.384999990463257,31073,0.0,0.0
2023-10-18 13:30:00-04:00,2.384999990463257,2.384999990463257,2.3299999237060547,2.3299999237060547,84618,0.0,0.0
2023-10-18 14:30:00-04:00,2.3350000381469727,2.3399999141693115,2.309999942779541,2.319999933242798,44737,0.0,0.0
2023-10-18 15:30:00-04:00,2.3299999237060547,2.3499999046325684,2.319999933242798,2.3450000286102295,53687,0.0,0.0
2023-10-19 09:30:00-04:00,2.3299999237060547,2.3299999237060547,2.265000104904175,2.2950000762939453,70431,0.0,0.0
2023-10-19 10:30:00-04:00,2.297100067138672,2.299999952316284,2.234999895095825,2.2799999713897705,155920,0.0,0.0
2023-10-19 11:30:00-04:00,2.2701001167297363,2.2899999618530273,2.259999990463257,2.2780001163482666,31356,0.0,0.0
2023-10-19 12:30:00-04:00,2.2750000953674316,2.299999952316284,2.259999990463257,2.2829999923706055,43204,0.0,0.0
2023-10-19 13:30:00-04:00,2.2804999351501465,2.2804999351501465,2.232800006866455,2.234999895095825,52349,0.0,0.0
2023-10-19 14:30:00-04:00,2.2300000190734863,2.244999885559082,2.2100000381469727,2.2298998832702637,117999,0.0,0.0
2023-10-19 15:30:00-04:00,2.2293999195098877,2.240000009536743,2.2200000286102295,2.2300000190734863,86562,0.0,0.0
2023-10-20 09:30:00-04:00,2.2200000286102295,2.25,2.140000104904175,2.1600000858306885,225585,0.0,0.0
2023-10-20 10:30:00-04:00,2.1649999618530273,2.178999900817871,2.140000104904175,2.160099983215332,41780,0.0,0.0
2023-10-20 11:30:00-04:00,2.1649999618530273,2.200000047683716,2.1500000953674316,2.194999933242798,44127,0.0,0.0
2023-10-20 12:30:00-04:00,2.200000047683716,2.2100000381469727,2.184000015258789,2.2091000080108643,27463,0.0,0.0
2023-10-20 13:30:00-04:00,2.2049999237060547,2.2149999141693115,2.1810998916625977,2.190000057220459,31978,0.0,0.0
2023-10-20 14:30:00-04:00,2.188199996948242,2.190000057220459,2.1600000858306885,2.1649999618530273,47467,0.0,0.0
2023-10-20 15:30:00-04:00,2.1649999618530273,2.1700000762939453,2.140000104904175,2.1700000762939453,71033,0.0,0.0
2023-10-23 09:30:00-04:00,2.1600000858306885,2.1600000858306885,2.049999952316284,2.0606000423431396,194150,0.0,0.0
2023-10-23 10:30:00-04:00,2.069999933242798,2.075000047683716,2.0250000953674316,2.0450000762939453,166561,0.0,0.0
2023-10-23 11:30:00-04:00,2.0450000762939453,2.075000047683716,2.0450000762939453,2.0450000762939453,44651,0.0,0.0
2023-10-23 12:30:00-04:00,2.049999952316284,2.0799999237060547,2.0450000762939453,2.069999933242798,60030,0.0,0.0
2023-10-23 13:30:00-04:00,2.059999942779541,2.059999942779541,2.0350000858306885,2.0450000762939453,54141,0.0,0.0
2023-10-23 14:30:00-04:00,2.0450000762939453,2.055000066757202,2.0299999713897705,2.031899929046631,41217,0.0,0.0
2023-10-23 15:30:00-04:00,2.0299999713897705,2.049999952316284,2.0299999713897705,2.0450000762939453,82140,0.0,0.0
2023-10-24 09:30:00-04:00,2.059999942779541,2.0999999046325684,2.055000066757202,2.065000057220459,54038,0.0,0.0
2023-10-24 10:30:00-04:00,2.065000057220459,2.0999999046325684,2.059999942779541,2.0899999141693115,52804,0.0,0.0
2023-10-24 11:30:00-04:00,2.0850000381469727,2.0871999263763428,2.055000066757202,2.059999942779541,28820,0.0,0.0
2023-10-24 12:30:00-04:00,2.0583999156951904,2.069999933242798,2.0250000953674316,2.055000066757202,62795,0.0,0.0
2023-10-24 13:30:00-04:00,2.059999942779541,2.069499969482422,2.0399999618530273,2.065000057220459,73852,0.0,0.0
2023-10-24 14:30:00-04:00,2.0632998943328857,2.088599920272827,2.049999952316284,2.075000047683716,84817,0.0,0.0
2023-10-24 15:30:00-04:00,2.0725998878479004,2.0799999237060547,2.0450000762939453,2.059999942779541,50297,0.0,0.0
2023-10-25 09:30:00-04:00,2.009999990463257,2.009999990463257,1.8450000286102295,1.8550000190734863,319876,0.0,0.0
2023-10-25 10:30:00-04:00,1.8550000190734863,1.9199999570846558,1.853700041770935,1.899999976158142,110620,0.0,0.0
2023-10-25 11:30:00-04:00,1.899999976158142,1.899999976158142,1.8899999856948853,1.8949999809265137,22730,0.0,0.0
2023-10-25 12:30:00-04:00,1.8901000022888184,1.9119999408721924,1.8799999952316284,1.8949999809265137,137992,0.0,0.0
2023-10-25 13:30:00-04:00,1.8949999809265137,1.9098999500274658,1.8799999952316284,1.9049999713897705,37544,0.0,0.0
2023-10-25 14:30:00-04:00,1.9012000560760498,1.9500000476837158,1.899999976158142,1.9175000190734863,68676,0.0,0.0
2023-10-25 15:30:00-04:00,1.909999966621399,1.9199999570846558,1.899999976158142,1.9199999570846558,67955,0.0,0.0
2023-10-26 09:30:00-04:00,1.8700000047683716,1.940000057220459,1.8600000143051147,1.940000057220459,69273,0.0,0.0
2023-10-26 10:30:00-04:00,1.931399941444397,1.9550000429153442,1.9199999570846558,1.934999942779541,27487,0.0,0.0
2023-10-26 11:30:00-04:00,1.9311000108718872,1.940000057220459,1.8901000022888184,1.8949999809265137,15457,0.0,0.0
2023-10-26 12:30:00-04:00,1.8899999856948853,1.8899999856948853,1.840000033378601,1.8600000143051147,82206,0.0,0.0
2023-10-26 13:30:00-04:00,1.8631999492645264,1.8889000415802002,1.8601000308990479,1.8849999904632568,17881,0.0,0.0
2023-10-26 14:30:00-04:00,1.8849999904632568,1.9049999713897705,1.8806999921798706,1.8949999809265137,14005,0.0,0.0
2023-10-26 15:30:00-04:00,1.8949999809265137,1.8949999809265137,1.8799999952316284,1.8849999904632568,17602,0.0,0.0
2023-10-27 09:30:00-04:00,1.840000033378601,1.8799999952316284,1.7999999523162842,1.8049999475479126,88443,0.0,0.0
2023-10-27 10:30:00-04:00,1.802299976348877,1.840000033378601,1.7999999523162842,1.8350000381469727,62492,0.0,0.0
2023-10-27 11:30:00-04:00,1.8350000381469727,1.8450000286102295,1.809999942779541,1.8250000476837158,64401,0.0,0.0
2023-10-27 12:30:00-04:00,1.8250000476837158,1.8250000476837158,1.7799999713897705,1.7949999570846558,90122,0.0,0.0
2023-10-27 13:30:00-04:00,1.7900999784469604,1.815000057220459,1.7799999713897705,1.815000057220459,58304,0.0,0.0
2023-10-27 14:30:00-04:00,1.8109999895095825,1.8184000253677368,1.784999966621399,1.7900999784469604,136403,0.0,0.0
2023-10-27 15:30:00-04:00,1.7899999618530273,1.809999942779541,1.7699999809265137,1.809999942779541,79824,0.0,0.0
2023-10-30 09:30:00-04:00,1.8899999856948853,1.9600000381469727,1.850000023841858,1.8592000007629395,160667,0.0,0.0
2023-10-30 10:30:00-04:00,1.8559999465942383,1.8559999465942383,1.7999999523162842,1.830199956893921,57332,0.0,0.0
2023-10-30 11:30:00-04:00,1.8350000381469727,1.8600000143051147,1.8300000429153442,1.840000033378601,39682,0.0,0.0
2023-10-30 12:30:00-04:00,1.8350000381469727,1.850000023841858,1.8200000524520874,1.829699993133545,14267,0.0,0.0
2023-10-30 13:30:00-04:00,1.8300000429153442,1.8799999952316284,1.8300000429153442,1.8650000095367432,73146,0.0,0.0
2023-10-30 14:30:00-04:00,1.8600000143051147,1.8899999856948853,1.850000023841858,1.8700000047683716,49990,0.0,0.0
2023-10-30 15:30:00-04:00,1.8700000047683716,1.8710999488830566,1.850000023841858,1.8700000047683716,47194,0.0,0.0
2023-10-31 09:30:00-04:00,1.899999976158142,1.909999966621399,1.850000023841858,1.875,61796,0.0,0.0
2023-10-31 10:30:00-04:00,1.8760000467300415,1.8799999952316284,1.8600000143051147,1.8700000047683716,30125,0.0,0.0
2023-10-31 11:30:00-04:00,1.8701000213623047,1.88919997215271,1.8700000047683716,1.8782000541687012,15250,0.0,0.0
2023-10-31 12:30:00-04:00,1.875,1.8801000118255615,1.850000023841858,1.850100040435791,54657,0.0,0.0
2023-10-31 13:30:00-04:00,1.8600000143051147,1.8601000308990479,1.8350000381469727,1.840000033378601,19407,0.0,0.0
2023-10-31 14:30:00-04:00,1.8310999870300293,1.8600000143051147,1.8310999870300293,1.8554999828338623,20408,0.0,0.0
2023-10-31 15:30:00-04:00,1.8550000190734863,1.8700000047683716,1.840000033378601,1.8600000143051147,68810,0.0,0.0
2023-11-01 09:30:00-04:00,1.840000033378601,1.8799999952316284,1.840000033378601,1.8600000143051147,57378,0.0,0.0
2023-11-01 10:30:00-04:00,1.8660000562667847,1.8899999856948853,1.8550000190734863,1.875,63625,0.0,0.0
2023-11-01 11:30:00-04:00,1.8700000047683716,1.8899999856948853,1.86899995803833,1.8799999952316284,18319,0.0,0.0
2023-11-01 12:30:00-04:00,1.8797999620437622,1.8799999952316284,1.850000023841858,1.8700000047683716,0,0.0,0.0
2023-11-01 13:30:00-04:00,1.8601000308990479,1.8899999856948853,1.8590999841690063,1.8799999952316284,209645,0.0,0.0
2023-11-01 14:30:00-04:00,1.8799999952316284,1.8899999856948853,1.8593000173568726,1.8600000143051147,68275,0.0,0.0
2023-11-01 15:30:00-04:00,1.8624999523162842,1.8650000095367432,1.840000033378601,1.850000023841858,41230,0.0,0.0
2023-11-02 09:30:00-04:00,1.8600000143051147,1.899999976158142,1.8600000143051147,1.878999948501587,54296,0.0,0.0
2023-11-02 10:30:00-04:00,1.8791999816894531,1.9199999570846558,1.8700000047683716,1.910099983215332,112715,0.0,0.0
2023-11-02 11:30:00-04:00,1.909999966621399,1.909999966621399,1.892899990081787,1.909999966621399,23695,0.0,0.0
2023-11-02 12:30:00-04:00,1.9049999713897705,1.9149999618530273,1.8949999809265137,1.910599946975708,29791,0.0,0.0
2023-11-02 13:30:00-04:00,1.9141000509262085,1.9199999570846558,1.8899999856948853,1.8899999856948853,90051,0.0,0.0
2023-11-02 14:30:00-04:00,1.899899959564209,1.899899959564209,1.8700000047683716,1.8899999856948853,50750,0.0,0.0
2023-11-02 15:30:00-04:00,1.8980000019073486,1.909999966621399,1.8899999856948853,1.909999966621399,40644,0.0,0.0
2023-11-03 09:30:00-04:00,1.8700000047683716,1.940000057220459,1.8700000047683716,1.8898999691009521,58382,0.0,0.0
2023-11-03 10:30:00-04:00,1.8899999856948853,1.899999976158142,1.8700000047683716,1.8849999904632568,37656,0.0,0.0
2023-11-03 11:30:00-04:00,1.8898999691009521,1.899999976158142,1.8799999952316284,1.8899999856948853,17712,0.0,0.0
2023-11-03 12:30:00-04:00,1.8899999856948853,1.909999966621399,1.8885999917984009,1.8918999433517456,21157,0.0,0.0
2023-11-03 13:30:00-04:00,1.8899999856948853,1.899999976158142,1.8890000581741333,1.8949999809265137,24540,0.0,0.0
2023-11-03 14:30:00-04:00,1.8899999856948853,1.909999966621399,1.8799999952316284,1.8899999856948853,51313,0.0,0.0
2023-11-03 15:30:00-04:00,1.899999976158142,1.899999976158142,1.8700000047683716,1.8799999952316284,42650,0.0,0.0
2023-11-06 09:30:00-05:00,1.7799999713897705,1.8300000429153442,1.7200000286102295,1.7300000190734863,277814,0.0,0.0
2023-11-06 10:30:00-05:00,1.7239999771118164,1.725000023841858,1.659999966621399,1.7000000476837158,155734,0.0,0.0
2023-11-06 11:30:00-05:00,1.7034000158309937,1.7400000095367432,1.7001999616622925,1.7301000356674194,62095,0.0,0.0
2023-11-06 12:30:00-05:00,1.7300000190734863,1.7350000143051147,1.7100000381469727,1.7299000024795532,19393,0.0,0.0
2023-11-06 13:30:00-05:00,1.725000023841858,1.7299000024795532,1.7100000381469727,1.715000033378601,59323,0.0,0.0
2023-11-06 14:30:00-05:00,1.715000033378601,1.7200000286102295,1.7000000476837158,1.715000033378601,82621,0.0,0.0
2023-11-06 15:30:00-05:00,1.715000033378601,1.7200000286102295,1.7000000476837158,1.7099000215530396,49982,0.0,0.0
2023-11-07 09:30:00-05:00,1.7000000476837158,1.7698999643325806,1.659999966621399,1.7488000392913818,126881,0.0,0.0
2023-11-07 10:30:00-05:00,1.7491999864578247,1.7599999904632568,1.7400000095367432,1.7549999952316284,73865,0.0,0.0
2023-11-07 11:30:00-05:00,1.7599999904632568,1.7599999904632568,1.7400000095367432,1.749899983406067,15894,0.0,0.0
2023-11-07 12:30:00-05:00,1.74399995803833,1.7799999713897705,1.7300000190734863,1.774999976158142,93898,0.0,0.0
2023-11-07 13:30:00-05:00,1.774999976158142,1.7799999713897705,1.7625000476837158,1.774999976158142,42952,0.0,0.0
2023-11-07 14:30:00-05:00,1.774999976158142,1.7999999523162842,1.7699999809265137,1.7949999570846558,78009,0.0,0.0
2023-11-07 15:30:00-05:00,1.7943999767303467,1.7999999523162842,1.7899999618530273,1.7999999523162842,33529,0.0,0.0
2023-11-08 09:30:00-05:00,1.840000033378601,1.840000033378601,1.7699999809265137,1.7799999713897705,117473,0.0,0.0
2023-11-08 10:30:00-05:00,1.774999976158142,1.8049999475479126,1.7699999809265137,1.7949999570846558,87295,0.0,0.0
2023-11-08 11:30:00-05:00,1.7899999618530273,1.7899999618530273,1.7799999713897705,1.784600019454956,50863,0.0,0.0
2023-11-08 12:30:00-05:00,1.784999966621399,1.788699984550476,1.7799999713897705,1.788699984550476,13800,0.0,0.0
2023-11-08 13:30:00-05:00,1.784999966621399,1.7949999570846558,1.75,1.7549999952316284,86436,0.0,0.0
2023-11-08 14:30:00-05:00,1.7549999952316284,1.7699999809265137,1.75,1.7599999904632568,79173,0.0,0.0
2023-11-08 15:30:00-05:00,1.7599999904632568,1.7999999523162842,1.75,1.7899999618530273,119986,0.0,0.0
2023-11-09 09:30:00-05:00,1.8799999952316284,2.0999999046325684,1.850000023841858,2.059999942779541,316117,0.0,0.0
2023-11-09 10:30:00-05:00,2.065000057220459,2.0950000286102295,1.9900000095367432,2.0350000858306885,220799,0.0,0.0
2023-11-09 11:30:00-05:00,2.0350000858306885,2.059999942779541,2.0199999809265137,2.059999942779541,53275,0.0,0.0
2023-11-09 12:30:00-05:00,2.059999942779541,2.059999942779541,1.9800000190734863,1.9996999502182007,87768,0.0,0.0
2023-11-09 13:30:00-05:00,1.9900000095367432,1.9950000047683716,1.9500000476837158,1.9500000476837158,48683,0.0,0.0
2023-11-09 14:30:00-05:00,1.9500000476837158,1.9500000476837158,1.8799999952316284,1.9199999570846558,131040,0.0,0.0
2023-11-09 15:30:00-05:00,1.9199999570846558,1.9199999570846558,1.809999942779541,1.8300000429153442,335987,0.0,0.0
2023-11-10 09:30:00-05:00,1.9299999475479126,2.0199999809265137,1.8515000343322754,1.9297000169754028,132081,0.0,0.0
2023-11-10 10:30:00-05:00,1.9199999570846558,1.9500000476837158,1.899999976158142,1.934999942779541,55686,0.0,0.0
2023-11-10 11:30:00-05:00,1.934999942779541,1.965000033378601,1.930299997329712,1.940000057220459,33699,0.0,0.0
2023-11-10 12:30:00-05:00,1.9414000511169434,1.9900000095367432,1.9414000511169434,1.9900000095367432,36172,0.0,0.0
2023-11-10 13:30:00-05:00,1.9950000047683716,2.0,1.9800000190734863,1.9950000047683716,56001,0.0,0.0
2023-11-10 14:30:00-05:00,1.9950000047683716,2.01990008354187,1.9900000095367432,2.009999990463257,56858,0.0,0.0
2023-11-10 15:30:00-05:00,2.005000114440918,2.0250000953674316,1.9950000047683716,2.0199999809265137,53077,0.0,0.0
2023-11-13 09:30:00-05:00,2.007999897003174,2.007999897003174,1.942199945449829,1.965000033378601,135806,0.0,0.0
2023-11-13 10:30:00-05:00,1.9600000381469727,1.9800000190734863,1.9199999570846558,1.9600000381469727,119111,0.0,0.0
2023-11-13 11:30:00-05:00,1.9600000381469727,1.9700000286102295,1.9299999475479126,1.934999942779541,72471,0.0,0.0
2023-11-13 12:30:00-05:00,1.930999994277954,1.940000057220459,1.8918999433517456,1.9149999618530273,60833,0.0,0.0
2023-11-13 13:30:00-05:00,1.909999966621399,1.9299999475479126,1.899999976158142,1.899999976158142,74692,0.0,0.0
2023-11-13 14:30:00-05:00,1.899999976158142,1.899999976158142,1.8799999952316284,1.8849999904632568,46158,0.0,0.0
2023-11-13 15:30:00-05:00,1.8799999952316284,1.8899999856948853,1.8601000308990479,1.8849999904632568,48126,0.0,0.0
2023-11-14 09:30:00-05:00,1.9500000476837158,1.9600000381469727,1.899999976158142,1.9443999528884888,63236,0.0,0.0
2023-11-14 10:30:00-05:00,1.9450000524520874,1.9500000476837158,1.9299999475479126,1.948099970817566,50986,0.0,0.0
2023-11-14 11:30:00-05:00,1.9484000205993652,1.9800000190734863,1.940000057220459,1.9500000476837158,92060,0.0,0.0
2023-11-14 12:30:00-05:00,1.9500000476837158,1.9500999450683594,1.940000057220459,1.9450000524520874,24507,0.0,0.0
2023-11-14 13:30:00-05:00,1.9450000524520874,1.9500000476837158,1.940000057220459,1.9500000476837158,33577,0.0,0.0
2023-11-14 14:30:00-05:00,1.9500000476837158,1.9800000190734863,1.940000057220459,1.9550000429153442,100875,0.0,0.0
2023-11-14 15:30:00-05:00,1.9600000381469727,1.9600000381469727,1.9199999570846558,1.940000057220459,86618,0.0,0.0
2023-11-15 09:30:00-05:00,1.9600000381469727,1.9601000547409058,1.909999966621399,1.9300999641418457,70812,0.0,0.0
2023-11-15 10:30:00-05:00,1.9392000436782837,1.9800000190734863,1.9199999570846558,1.9580999612808228,83730,0.0,0.0
2023-11-15 11:30:00-05:00,1.9500999450683594,1.9550000429153442,1.899999976158142,1.9149999618530273,40760,0.0,0.0
2023-11-15 12:30:00-05:00,1.9149999618530273,1.9184000492095947,1.875,1.8899999856948853,56893,0.0,0.0
2023-11-15 13:30:00-05:00,1.8849999904632568,1.8849999904632568,1.8487000465393066,1.8701000213623047,106415,0.0,0.0
2023-11-15 14:30:00-05:00,1.8701000213623047,1.875,1.8300000429153442,1.8589999675750732,120364,0.0,0.0
2023-11-15 15:30:00-05:00,1.8535000085830688,1.8849999904632568,1.8535000085830688,1.8700000047683716,44353,0.0,0.0
2023-11-16 09:30:00-05:00,1.8700000047683716,1.9149999618530273,1.850000023841858,1.8899999856948853,69073,0.0,0.0
2023-11-16 10:30:00-05:00,1.899999976158142,1.909999966621399,1.840000033378601,1.840000033378601,174766,0.0,0.0
2023-11-16 11:30:00-05:00,1.840000033378601,1.8700000047683716,1.826300024986267,1.8350000381469727,98713,0.0,0.0
2023-11-16 12:30:00-05:00,1.8300000429153442,1.840000033378601,1.809999942779541,1.8250000476837158,31035,0.0,0.0
2023-11-16 13:30:00-05:00,1.8200000524520874,1.8200000524520874,1.7999999523162842,1.8200000524520874,17658,0.0,0.0
2023-11-16 14:30:00-05:00,1.8200000524520874,1.8250000476837158,1.809999942779541,1.8200000524520874,38391,0.0,0.0
2023-11-16 15:30:00-05:00,1.815000057220459,1.8200000524520874,1.7999999523162842,1.8200000524520874,31544,0.0,0.0
2023-11-17 09:30:00-05:00,1.8200000524520874,1.8300000429153442,1.809999942779541,1.8250000476837158,38975,0.0,0.0
2023-11-17 10:30:00-05:00,1.8250000476837158,1.850000023841858,1.8200000524520874,1.8244999647140503,49879,0.0,0.0
2023-11-17 11:30:00-05:00,1.8202999830245972,1.8389999866485596,1.815000057220459,1.8300000429153442,34382,0.0,0.0
2023-11-17 12:30:00-05:00,1.8300000429153442,1.840000033378601,1.8300000429153442,1.8350000381469727,16843,0.0,0.0
2023-11-17 13:30:00-05:00,1.8324999809265137,1.8350000381469727,1.8200000524520874,1.8250000476837158,65233,0.0,0.0
2023-11-17 14:30:00-05:00,1.8250000476837158,1.8300000429153442,1.8049999475479126,1.8200000524520874,48789,0.0,0.0
2023-11-17 15:30:00-05:00,1.8200000524520874,1.8300000429153442,1.8200000524520874,1.8200000524520874,18524,0.0,0.0
2023-11-20 09:30:00-05:00,1.8300000429153442,1.840000033378601,1.809999942779541,1.8250000476837158,95662,0.0,0.0
2023-11-20 10:30:00-05:00,1.8206000328063965,1.8300000429153442,1.7999999523162842,1.8049999475479126,45851,0.0,0.0
2023-11-20 11:30:00-05:00,1.8049999475479126,1.809999942779541,1.75,1.7549999952316284,109401,0.0,0.0
2023-11-20 12:30:00-05:00,1.75,1.7598999738693237,1.7300000190734863,1.7400000095367432,52351,0.0,0.0
2023-11-20 13:30:00-05:00,1.7400000095367432,1.75,1.690000057220459,1.6907000541687012,120583,0.0,0.0
2023-11-20 14:30:00-05:00,1.6950000524520874,1.7000000476837158,1.6549999713897705,1.684999942779541,155994,0.0,0.0
2023-11-20 15:30:00-05:00,1.6799999475479126,1.7100000381469727,1.6700999736785889,1.7100000381469727,144730,0.0,0.0
2023-11-21 09:30:00-05:00,1.690000057220459,1.7100000381469727,1.624400019645691,1.6699999570846558,268922,0.0,0.0
2023-11-21 10:30:00-05:00,1.659999966621399,1.6799999475479126,1.649999976158142,1.6549999713897705,54963,0.0,0.0
2023-11-21 11:30:00-05:00,1.6578999757766724,1.6799999475479126,1.649999976158142,1.672700047492981,36209,0.0,0.0
2023-11-21 12:30:00-05:00,1.6799999475479126,1.7100000381469727,1.6699999570846558,1.690000057220459,128468,0.0,0.0
2023-11-21 13:30:00-05:00,1.690000057220459,1.715000033378601,1.690000057220459,1.7100000381469727,35901,0.0,0.0
2023-11-21 14:30:00-05:00,1.7100000381469727,1.7200000286102295,1.7000000476837158,1.7000000476837158,26316,0.0,0.0
2023-11-21 15:30:00-05:00,1.7050000429153442,1.7100000381469727,1.690000057220459,1.690000057220459,35045,0.0,0.0
2023-11-22 09:30:00-05:00,1.6799999475479126,1.7100000381469727,1.659999966621399,1.7100000381469727,41627,0.0,0.0
2023-11-22 10:30:00-05:00,1.7100000381469727,1.7100000381469727,1.684999942779541,1.6963000297546387,42703,0.0,0.0
2023-11-22 11:30:00-05:00,1.7000000476837158,1.7000000476837158,1.6857000589370728,1.690000057220459,18119,0.0,0.0
2023-11-22 12:30:00-05:00,1.690000057220459,1.6950000524520874,1.660599946975708,1.684999942779541,37757,0.0,0.0
2023-11-22 13:30:00-05:00,1.6799999475479126,1.7099000215530396,1.6799999475479126,1.6950000524520874,34986,0.0,0.0
2023-11-22 14:30:00-05:00,1.6950000524520874,1.6998000144958496,1.6799999475479126,1.6799999475479126,27677,0.0,0.0
2023-11-22 15:30:00-05:00,1.690000057220459,1.690000057220459,1.6699999570846558,1.6799999475479126,28060,0.0,0.0
2023-11-24 09:30:00-05:00,1.659999966621399,1.75,1.649999976158142,1.7400000095367432,37011,0.0,0.0
2023-11-24 10:30:00-05:00,1.7400000095367432,1.7699999809265137,1.7400000095367432,1.7450000047683716,44981,0.0,0.0
2023-11-24 11:30:00-05:00,1.7400000095367432,1.7450000047683716,1.7200000286102295,1.7300000190734863,39961,0.0,0.0
2023-11-27 09:30:00-05:00,1.7000000476837158,1.7599999904632568,1.7000000476837158,1.7599999904632568,63316,0.0,0.0
2023-11-27 10:30:00-05:00,1.7599999904632568,1.784999966621399,1.7400000095367432,1.742900013923645,129474,0.0,0.0
2023-11-27 11:30:00-05:00,1.7462999820709229,1.7599999904632568,1.725000023841858,1.7549999952316284,43791,0.0,0.0
2023-11-27 12:30:00-05:00,1.7599999904632568,1.7649999856948853,1.7400000095367432,1.7400000095367432,32961,0.0,0.0
2023-11-27 13:30:00-05:00,1.7450000047683716,1.75,1.7400000095367432,1.7450000047683716,53838,0.0,0.0
2023-11-27 14:30:00-05:00,1.7400000095367432,1.75,1.7400000095367432,1.75,21822,0.0,0.0
2023-11-27 15:30:00-05:00,1.7489999532699585,1.75,1.7400000095367432,1.7400000095367432,20482,0.0,0.0
2023-11-28 09:30:00-05:00,1.7300000190734863,1.75,1.7200000286102295,1.725000023841858,74669,0.0,0.0
2023-11-28 10:30:00-05:00,1.7239999771118164,1.7400000095367432,1.7100000381469727,1.7400000095367432,43668,0.0,0.0
2023-11-28 11:30:00-05:00,1.7400000095367432,1.7400000095367432,1.7200000286102295,1.725000023841858,60970,0.0,0.0
2023-11-28 12:30:00-05:00,1.7289999723434448,1.7289999723434448,1.7100000381469727,1.7200000286102295,27113,0.0,0.0
2023-11-28 13:30:00-05:00,1.7200000286102295,1.7400000095367432,1.7100000381469727,1.7400000095367432,24920,0.0,0.0
2023-11-28 14:30:00-05:00,1.7400000095367432,1.7400000095367432,1.7300000190734863,1.7350000143051147,13278,0.0,0.0
2023-11-28 15:30:00-05:00,1.73989999294281,1.7599999904632568,1.7300000190734863,1.7400000095367432,48714,0.0,0.0
2023-11-29 09:30:00-05:00,1.7300000190734863,1.7755999565124512,1.7100000381469727,1.7200000286102295,55423,0.0,0.0
2023-11-29 10:30:00-05:00,1.7200000286102295,1.7200000286102295,1.690000057220459,1.690000057220459,40923,0.0,0.0
2023-11-29 11:30:00-05:00,1.690000057220459,1.7100000381469727,1.6799999475479126,1.7000999450683594,55303,0.0,0.0
2023-11-29 12:30:00-05:00,1.7100000381469727,1.75,1.7050000429153442,1.75,24892,0.0,0.0
2023-11-29 13:30:00-05:00,1.75,1.75,1.7400000095367432,1.7450000047683716,27131,0.0,0.0
2023-11-29 14:30:00-05:00,1.7400000095367432,1.75,1.7050000429153442,1.7100000381469727,72400,0.0,0.0
2023-11-29 15:30:00-05:00,1.7100000381469727,1.7100000381469727,1.6806999444961548,1.7000000476837158,32153,0.0,0.0
2023-11-30 09:30:00-05:00,1.7000000476837158,1.7400000095367432,1.7000000476837158,1.7300000190734863,34024,0.0,0.0
2023-11-30 10:30:00-05:00,1.7239999771118164,1.7400000095367432,1.7100000381469727,1.715000033378601,23282,0.0,0.0
2023-11-30 11:30:00-05:00,1.7100000381469727,1.7100000381469727,1.684999942779541,1.690000057220459,34976,0.0,0.0
2023-11-30 12:30:00-05:00,1.690000057220459,1.7050000429153442,1.6799999475479126,1.7000000476837158,32445,0.0,0.0
2023-11-30 13:30:00-05:00,1.690999984741211,1.6950000524520874,1.680400013923645,1.6894999742507935,33764,0.0,0.0
2023-11-30 14:30:00-05:00,1.690000057220459,1.7000000476837158,1.6799999475479126,1.6950000524520874,7078,0.0,0.0
2023-11-30 15:30:00-05:00,1.690000057220459,1.690000057220459,1.6699999570846558,1.6799999475479126,29084,0.0,0.0
2023-12-01 09:30:00-05:00,1.6699999570846558,1.7100000381469727,1.649999976158142,1.7000000476837158,73847,0.0,0.0
2023-12-01 10:30:00-05:00,1.7000000476837158,1.7350000143051147,1.690000057220459,1.7350000143051147,29147,0.0,0.0
2023-12-01 11:30:00-05:00,1.7350000143051147,1.7400000095367432,1.7289999723434448,1.7350000143051147,40255,0.0,0.0
2023-12-01 12:30:00-05:00,1.7400000095367432,1.7400000095367432,1.7300000190734863,1.7350000143051147,12930,0.0,0.0
2023-12-01 13:30:00-05:00,1.7350000143051147,1.7351000308990479,1.7200000286102295,1.725000023841858,48727,0.0,0.0
2023-12-01 14:30:00-05:00,1.725000023841858,1.7300000190734863,1.715000033378601,1.725000023841858,43751,0.0,0.0
2023-12-01 15:30:00-05:00,1.7237000465393066,1.7300000190734863,1.7200000286102295,1.7300000190734863,22285,0.0,0.0
2023-12-04 09:30:00-05:00,1.6799999475479126,1.7350000143051147,1.6799999475479126,1.7300000190734863,82343,0.0,0.0
2023-12-04 10:30:00-05:00,1.7300000190734863,1.75,1.7300000190734863,1.7400000095367432,23688,0.0,0.0
2023-12-04 11:30:00-05:00,1.7400000095367432,1.7400000095367432,1.7100000381469727,1.725000023841858,23355,0.0,0.0
2023-12-04 12:30:00-05:00,1.7300000190734863,1.7300000190734863,1.7000000476837158,1.7000000476837158,39815,0.0,0.0
2023-12-04 13:30:00-05:00,1.7050000429153442,1.7050000429153442,1.6799999475479126,1.6801999807357788,68633,0.0,0.0
2023-12-04 14:30:00-05:00,1.684999942779541,1.6900999546051025,1.6699999570846558,1.6799999475479126,28857,0.0,0.0
2023-12-04 15:30:00-05:00,1.6699999570846558,1.690000057220459,1.6699999570846558,1.6699999570846558,27862,0.0,0.0
2023-12-05 09:30:00-05:00,1.649999976158142,1.649999976158142,1.5700000524520874,1.5750000476837158,123198,0.0,0.0
2023-12-05 10:30:00-05:00,1.5750000476837158,1.5794999599456787,1.5399999618530273,1.5700000524520874,171410,0.0,0.0
2023-12-05 11:30:00-05:00,1.5750000476837158,1.5999000072479248,1.559999942779541,1.5850000381469727,52113,0.0,0.0
2023-12-05 12:30:00-05:00,1.5850000381469727,1.600000023841858,1.5700000524520874,1.593999981880188,42003,0.0,0.0
2023-12-05 13:30:00-05:00,1.5950000286102295,1.600000023841858,1.5800000429153442,1.5800000429153442,31931,0.0,0.0
2023-12-05 14:30:00-05:00,1.5800000429153442,1.5800000429153442,1.559999942779541,1.5750000476837158,64616,0.0,0.0
2023-12-05 15:30:00-05:00,1.5750000476837158,1.590000033378601,1.5700000524520874,1.5850000381469727,115305,0.0,0.0
2023-12-06 09:30:00-05:00,1.5299999713897705,1.590000033378601,1.5199999809265137,1.570099949836731,176418,0.0,0.0
2023-12-06 10:30:00-05:00,1.5750000476837158,1.5800000429153442,1.5399999618530273,1.5449999570846558,174239,0.0,0.0
2023-12-06 11:30:00-05:00,1.5399999618530273,1.5400999784469604,1.5099999904632568,1.5199999809265137,51577,0.0,0.0
2023-12-06 12:30:00-05:00,1.5199999809265137,1.5199999809265137,1.4900000095367432,1.5199999809265137,90085,0.0,0.0
2023-12-06 13:30:00-05:00,1.5199999809265137,1.5399999618530273,1.5140000581741333,1.5199999809265137,49416,0.0,0.0
2023-12-06 14:30:00-05:00,1.5199999809265137,1.5299999713897705,1.4850000143051147,1.4850000143051147,145591,0.0,0.0
2023-12-06 15:30:00-05:00,1.485700011253357,1.5099999904632568,1.4850000143051147,1.5049999952316284,73561,0.0,0.0
2023-12-07 09:30:00-05:00,1.4900000095367432,1.5199999809265137,1.4900000095367432,1.5149999856948853,56159,0.0,0.0
2023-12-07 10:30:00-05:00,1.5140000581741333,1.534999966621399,1.5140000581741333,1.5199999809265137,29928,0.0,0.0
2023-12-07 11:30:00-05:00,1.5211999416351318,1.5221999883651733,1.4900000095367432,1.4931000471115112,28990,0.0,0.0
2023-12-07 12:30:00-05:00,1.4900000095367432,1.4950000047683716,1.4800000190734863,1.4950000047683716,68285,0.0,0.0
2023-12-07 13:30:00-05:00,1.4912999868392944,1.5099999904632568,1.4800000190734863,1.4950000047683716,88151,0.0,0.0
2023-12-07 14:30:00-05:00,1.5049999952316284,1.5049999952316284,1.4700000286102295,1.4850000143051147,75144,0.0,0.0
2023-12-07 15:30:00-05:00,1.4889999628067017,1.5,1.4700000286102295,1.4900000095367432,145799,0.0,0.0
2023-12-08 09:30:00-05:00,1.4900000095367432,1.5399999618530273,1.4900000095367432,1.5273000001907349,44178,0.0,0.0
2023-12-08 10:30:00-05:00,1.5240000486373901,1.5240000486373901,1.4900000095367432,1.5049999952316284,52016,0.0,0.0
2023-12-08 11:30:00-05:00,1.5049999952316284,1.5199999809265137,1.5,1.5099999904632568,35789,0.0,0.0
2023-12-08 12:30:00-05:00,1.5099999904632568,1.5149999856948853,1.5,1.5099999904632568,61988,0.0,0.0
2023-12-08 13:30:00-05:00,1.5049999952316284,1.5099999904632568,1.5,1.5098999738693237,23278,0.0,0.0
2023-12-08 14:30:00-05:00,1.5049999952316284,1.5149999856948853,1.5,1.5099999904632568,30033,0.0,0.0
2023-12-08 15:30:00-05:00,1.5099999904632568,1.5149999856948853,1.5,1.5099999904632568,57443,0.0,0.0
2023-12-11 09:30:00-05:00,1.4900000095367432,1.5499999523162842,1.4851000308990479,1.5,100821,0.0,0.0
2023-12-11 10:30:00-05:00,1.503999948501587,1.5049999952316284,1.4800000190734863,1.48989999294281,63547,0.0,0.0
2023-12-11 11:30:00-05:00,1.4800000190734863,1.4900000095367432,1.4800000190734863,1.4850000143051147,51664,0.0,0.0
2023-12-11 12:30:00-05:00,1.4850000143051147,1.4900000095367432,1.4800000190734863,1.4850000143051147,31444,0.0,0.0
2023-12-11 13:30:00-05:00,1.4850000143051147,1.4900000095367432,1.4800000190734863,1.4800000190734863,55757,0.0,0.0
2023-12-11 14:30:00-05:00,1.4800000190734863,1.4950000047683716,1.4800000190734863,1.4809999465942383,43259,0.0,0.0
2023-12-11 15:30:00-05:00,1.4800000190734863,1.5199999809265137,1.4800000190734863,1.5199999809265137,75925,0.0,0.0
2023-12-12 09:30:00-05:00,1.5099999904632568,1.5099999904632568,1.4700000286102295,1.4914000034332275,172911,0.0,0.0
2023-12-12 10:30:00-05:00,1.49399995803833,1.5199999809265137,1.4900000095367432,1.5077999830245972,38022,0.0,0.0
2023-12-12 11:30:00-05:00,1.5,1.5099999904632568,1.4801000356674194,1.5049999952316284,45059,0.0,0.0
2023-12-12 12:30:00-05:00,1.5,1.5099999904632568,1.4800000190734863,1.4900000095367432,43335,0.0,0.0
2023-12-12 13:30:00-05:00,1.4900000095367432,1.5,1.475000023841858,1.4800000190734863,25272,0.0,0.0
2023-12-12 14:30:00-05:00,1.4900000095367432,1.5,1.4700000286102295,1.5,120574,0.0,0.0
2023-12-12 15:30:00-05:00,1.4953999519348145,1.5199999809265137,1.4800000190734863,1.5099999904632568,49603,0.0,0.0
2023-12-13 09:30:00-05:00,1.4800000190734863,1.5398000478744507,1.4800000190734863,1.5099999904632568,46211,0.0,0.0
2023-12-13 10:30:00-05:00,1.5140000581741333,1.5449999570846558,1.5099999904632568,1.5399999618530273,22229,0.0,0.0
2023-12-13 11:30:00-05:00,1.5399999618530273,1.5399999618530273,1.5199999809265137,1.5199999809265137,29308,0.0,0.0
2023-12-13 12:30:00-05:00,1.5299999713897705,1.5299999713897705,1.4800000190734863,1.4900000095367432,136298,0.0,0.0
2023-12-13 13:30:00-05:00,1.4900000095367432,1.5090999603271484,1.4700000286102295,1.5049999952316284,80953,0.0,0.0
2023-12-13 14:30:00-05:00,1.5049999952316284,1.5299999713897705,1.5049999952316284,1.510200023651123,31545,0.0,0.0
2023-12-13 15:30:00-05:00,1.5099999904632568,1.5399999618530273,1.5099999904632568,1.5299999713897705,53591,0.0,0.0
2023-12-14 09:30:00-05:00,1.5199999809265137,1.5950000286102295,1.5099999904632568,1.590000033378601,111831,0.0,0.0
2023-12-14 10:30:00-05:00,1.5959999561309814,1.6200000047683716,1.5801000595092773,1.6115000247955322,58973,0.0,0.0
2023-12-14 11:30:00-05:00,1.6109999418258667,1.6399999856948853,1.6100000143051147,1.6100000143051147,62869,0.0,0.0
2023-12-14 12:30:00-05:00,1.6150000095367432,1.6195000410079956,1.5950000286102295,1.6050000190734863,28949,0.0,0.0
2023-12-14 13:30:00-05:00,1.600000023841858,1.600000023841858,1.5850000381469727,1.590000033378601,18187,0.0,0.0
2023-12-14 14:30:00-05:00,1.5950000286102295,1.6200000047683716,1.590999960899353,1.611799955368042,19067,0.0,0.0
2023-12-14 15:30:00-05:00,1.6109000444412231,1.6299999952316284,1.600000023841858,1.6100000143051147,51910,0.0,0.0
2023-12-15 09:30:00-05:00,1.600000023841858,1.600000023841858,1.5700000524520874,1.5850000381469727,40633,0.0,0.0
2023-12-15 10:30:00-05:00,1.5859999656677246,1.600000023841858,1.5608999729156494,1.5608999729156494,44273,0.0,0.0
2023-12-15 11:30:00-05:00,1.5700000524520874,1.5700000524520874,1.5499999523162842,1.5500999689102173,19279,0.0,0.0
2023-12-15 12:30:00-05:00,1.5549999475479126,1.559999942779541,1.5499999523162842,1.5549999475479126,9975,0.0,0.0
2023-12-15 13:30:00-05:00,1.5499999523162842,1.558500051498413,1.5300999879837036,1.534999966621399,22979,0.0,0.0
2023-12-15 14:30:00-05:00,1.534999966621399,1.5499999523162842,1.5299999713897705,1.5484999418258667,31196,0.0,0.0
2023-12-15 15:30:00-05:00,1.5399999618530273,1.5499999523162842,1.5399999618530273,1.5499999523162842,24566,0.0,0.0
2023-12-18 09:30:00-05:00,1.590000033378601,1.6200000047683716,1.5499999523162842,1.5850000381469727,125714,0.0,0.0
2023-12-18 10:30:00-05:00,1.5859999656677246,1.600000023841858,1.5700000524520874,1.5889999866485596,59371,0.0,0.0
2023-12-18 11:30:00-05:00,1.5891000032424927,1.600000023841858,1.5750000476837158,1.5986000299453735,31644,0.0,0.0
2023-12-18 12:30:00-05:00,1.5950000286102295,1.6100000143051147,1.5950000286102295,1.6050000190734863,23268,0.0,0.0
2023-12-18 13:30:00-05:00,1.600000023841858,1.6073999404907227,1.600000023841858,1.6050000190734863,8823,0.0,0.0
2023-12-18 14:30:00-05:00,1.6028000116348267,1.6050000190734863,1.5850000381469727,1.5850000381469727,43785,0.0,0.0
2023-12-18 15:30:00-05:00,1.5850000381469727,1.5850000381469727,1.5800000429153442,1.5800000429153442,29770,0.0,0.0
2023-12-19 09:30:00-05:00,1.559999942779541,1.6100000143051147,1.559999942779541,1.6028000116348267,67521,0.0,0.0
2023-12-19 10:30:00-05:00,1.6098999977111816,1.6398999691009521,1.6098999977111816,1.6299999952316284,123259,0.0,0.0
2023-12-19 11:30:00-05:00,1.6299999952316284,1.6490000486373901,1.6100000143051147,1.6100000143051147,76418,0.0,0.0
2023-12-19 12:30:00-05:00,1.6200000047683716,1.6299999952316284,1.6100000143051147,1.6191999912261963,40896,0.0,0.0
2023-12-19 13:30:00-05:00,1.6200000047683716,1.6399999856948853,1.6198999881744385,1.6390000581741333,24224,0.0,0.0
2023-12-19 14:30:00-05:00,1.6299999952316284,1.6399999856948853,1.628999948501587,1.6299999952316284,20117,0.0,0.0
2023-12-19 15:30:00-05:00,1.6349999904632568,1.659999966621399,1.6299999952316284,1.659999966621399,61722,0.0,0.0
2023-12-20 09:30:00-05:00,1.6299999952316284,1.6699999570846558,1.6100000143051147,1.6431000232696533,43639,0.0,0.0
2023-12-20 10:30:00-05:00,1.649999976158142,1.6799999475479126,1.6449999809265137,1.6699999570846558,35794,0.0,0.0
2023-12-20 11:30:00-05:00,1.6649999618530273,1.6698999404907227,1.649999976158142,1.6649999618530273,37162,0.0,0.0
2023-12-20 12:30:00-05:00,1.6664999723434448,1.6799999475479126,1.659999966621399,1.6699999570846558,24588,0.0,0.0
2023-12-20 13:30:00-05:00,1.6699999570846558,1.684999942779541,1.6699999570846558,1.684999942779541,21321,0.0,0.0
2023-12-20 14:30:00-05:00,1.6799999475479126,1.6799999475479126,1.6406999826431274,1.6449999809265137,57110,0.0,0.0
2023-12-20 15:30:00-05:00,1.6449999809265137,1.6469999551773071,1.6200000047683716,1.6200000047683716,38086,0.0,0.0
2023-12-21 09:30:00-05:00,1.649999976158142,1.6699999570846558,1.6299999952316284,1.6449999809265137,56653,0.0,0.0
2023-12-21 10:30:00-05:00,1.6460000276565552,1.649999976158142,1.6299999952316284,1.638700008392334,13754,0.0,0.0
2023-12-21 11:30:00-05:00,1.6299999952316284,1.659000039100647,1.6299999952316284,1.6399999856948853,37764,0.0,0.0
2023-12-21 12:30:00-05:00,1.6449999809265137,1.6699999570846558,1.6449999809265137,1.6699999570846558,49343,0.0,0.0
2023-12-21 13:30:00-05:00,1.6615999937057495,1.6799999475479126,1.659999966621399,1.669800043106079,36116,0.0,0.0
2023-12-21 14:30:00-05:00,1.659999966621399,1.6699999570846558,1.659999966621399,1.659999966621399,10752,0.0,0.0
2023-12-21 15:30:00-05:00,1.6649999618530273,1.690000057220459,1.659999966621399,1.690000057220459,26044,0.0,0.0
2023-12-22 09:30:00-05:00,1.7000000476837158,1.7599999904632568,1.6699999570846558,1.7486000061035156,85919,0.0,0.0
2023-12-22 10:30:00-05:00,1.746000051498413,1.7799999713897705,1.7386000156402588,1.7714999914169312,50667,0.0,0.0
2023-12-22 11:30:00-05:00,1.7717000246047974,1.7999999523162842,1.7716000080108643,1.7812999486923218,61128,0.0,0.0
2023-12-22 12:30:00-05:00,1.7869000434875488,1.7899999618530273,1.7799999713897705,1.7799999713897705,14685,0.0,0.0
2023-12-22 13:30:00-05:00,1.7879999876022339,1.7899999618530273,1.7300000190734863,1.7400000095367432,77952,0.0,0.0
2023-12-22 14:30:00-05:00,1.75,1.7799999713897705,1.7400000095367432,1.7599999904632568,34016,0.0,0.0
2023-12-22 15:30:00-05:00,1.7649999856948853,1.7699999809265137,1.7599999904632568,1.7699999809265137,22572,0.0,0.0
2023-12-26 09:30:00-05:00,1.809999942779541,1.8200000524520874,1.7562999725341797,1.7599999904632568,49722,0.0,0.0
2023-12-26 10:30:00-05:00,1.7599999904632568,1.7899999618530273,1.7400000095367432,1.7800999879837036,89547,0.0,0.0
2023-12-26 11:30:00-05:00,1.784999966621399,1.8200000524520874,1.7838000059127808,1.7999999523162842,36607,0.0,0.0
2023-12-26 12:30:00-05:00,1.7999999523162842,1.7999999523162842,1.7799999713897705,1.7799999713897705,24518,0.0,0.0
2023-12-26 13:30:00-05:00,1.780500054359436,1.7999999523162842,1.7799999713897705,1.784999966621399,21075,0.0,0.0
2023-12-26 14:30:00-05:00,1.7899999618530273,1.7899999618530273,1.774999976158142,1.7799999713897705,9315,0.0,0.0
2023-12-26 15:30:00-05:00,1.7797000408172607,1.7899999618530273,1.7702000141143799,1.7799999713897705,35635,0.0,0.0
2023-12-27 09:30:00-05:00,1.7799999713897705,1.7899999618530273,1.75,1.7899999618530273,30227,0.0,0.0
2023-12-27 10:30:00-05:00,1.7899999618530273,1.7900999784469604,1.7619999647140503,1.7619999647140503,9881,0.0,0.0
2023-12-27 11:30:00-05:00,1.7649999856948853,1.7798999547958374,1.7599999904632568,1.7710000276565552,14578,0.0,0.0
2023-12-27 12:30:00-05:00,1.7700999975204468,1.782099962234497,1.75,1.7755999565124512,21786,0.0,0.0
2023-12-27 13:30:00-05:00,1.7799999713897705,1.7799999713897705,1.7649999856948853,1.7680000066757202,11694,0.0,0.0
2023-12-27 14:30:00-05:00,1.7599999904632568,1.777500033378601,1.7599999904632568,1.7699999809265137,30641,0.0,0.0
2023-12-27 15:30:00-05:00,1.7649999856948853,1.7799999713897705,1.7599999904632568,1.7799999713897705,29423,0.0,0.0
2023-12-28 09:30:00-05:00,1.7899999618530273,1.7999999523162842,1.7599999904632568,1.7799999713897705,34241,0.0,0.0
2023-12-28 10:30:00-05:00,1.7760000228881836,1.7798999547958374,1.7400000095367432,1.7599999904632568,53322,0.0,0.0
2023-12-28 11:30:00-05:00,1.7599999904632568,1.7799999713897705,1.75,1.7799999713897705,15171,0.0,0.0
2023-12-28 12:30:00-05:00,1.7799999713897705,1.815000057220459,1.7714999914169312,1.809999942779541,36278,0.0,0.0
2023-12-28 13:30:00-05:00,1.809999942779541,1.809999942779541,1.7899999618530273,1.7984999418258667,20048,0.0,0.0
2023-12-28 14:30:00-05:00,1.7899999618530273,1.809999942779541,1.7899999618530273,1.8020999431610107,21239,0.0,0.0
2023-12-28 15:30:00-05:00,1.7999999523162842,1.809999942779541,1.7899999618530273,1.7999999523162842,49261,0.0,0.0
2023-12-29 09:30:00-05:00,1.8200000524520874,1.8200000524520874,1.7899999618530273,1.8200000524520874,37710,0.0,0.0
2023-12-29 10:30:00-05:00,1.8200000524520874,1.8300000429153442,1.7999999523162842,1.7999999523162842,26410,0.0,0.0
2023-12-29 11:30:00-05:00,1.8049999475479126,1.809999942779541,1.7999999523162842,1.8049999475479126,9384,0.0,0.0
2023-12-29 12:30:00-05:00,1.809999942779541,1.8294999599456787,1.8003000020980835,1.819100022315979,29553,0.0,0.0
2023-12-29 13:30:00-05:00,1.8200000524520874,1.8255000114440918,1.809999942779541,1.809999942779541,11169,0.0,0.0
2023-12-29 14:30:00-05:00,1.809999942779541,1.809999942779541,1.7999999523162842,1.809999942779541,36071,0.0,0.0
2023-12-29 15:30:00-05:00,1.8049999475479126,1.8200000524520874,1.7999999523162842,1.809999942779541,49949,0.0,0.0
2024-01-02 09:30:00-05:00,1.8300000429153442,1.8598999977111816,1.8009999990463257,1.8049999475479126,56561,0.0,0.0
2024-01-02 10:30:00-05:00,1.8049999475479126,1.809999942779541,1.7899999618530273,1.8049999475479126,24897,0.0,0.0
2024-01-02 11:30:00-05:00,1.8049999475479126,1.809999942779541,1.7999999523162842,1.8099000453948975,13656,0.0,0.0
2024-01-02 12:30:00-05:00,1.8049999475479126,1.809999942779541,1.7899999618530273,1.8049999475479126,18292,0.0,0.0
2024-01-02 13:30:00-05:00,1.805999994277954,1.805999994277954,1.7799999713897705,1.7799999713897705,18994,0.0,0.0
2024-01-02 14:30:00-05:00,1.784999966621399,1.7999999523162842,1.7799999713897705,1.7899999618530273,34245,0.0,0.0
2024-01-02 15:30:00-05:00,1.784999966621399,1.7899999618530273,1.7799999713897705,1.7799999713897705,36905,0.0,0.0
2024-01-03 09:30:00-05:00,1.7599999904632568,1.7799999713897705,1.7300000190734863,1.7699999809265137,38844,0.0,0.0
2024-01-03 10:30:00-05:00,1.7660000324249268,1.7899999618530273,1.75,1.7699999809265137,38927,0.0,0.0
2024-01-03 11:30:00-05:00,1.7699999809265137,1.77839994430542,1.7599999904632568,1.7699999809265137,24105,0.0,0.0
2024-01-03 12:30:00-05:00,1.7799999713897705,1.7799999713897705,1.7699999809265137,1.7699999809265137,12450,0.0,0.0
2024-01-03 13:30:00-05:00,1.7799999713897705,1.7899999618530273,1.7699999809265137,1.7899999618530273,24292,0.0,0.0
2024-01-03 14:30:00-05:00,1.7899999618530273,1.798699975013733,1.7699999809265137,1.7699999809265137,40164,0.0,0.0
2024-01-03 15:30:00-05:00,1.774999976158142,1.7999999523162842,1.7699999809265137,1.7799999713897705,31932,0.0,0.0
2024-01-04 09:30:00-05:00,1.7699999809265137,1.850000023841858,1.7699999809265137,1.8100999593734741,39010,0.0,0.0
2024-01-04 10:30:00-05:00,1.815999984741211,1.815999984741211,1.784999966621399,1.7899999618530273,9899,0.0,0.0
2024-01-04 11:30:00-05:00,1.788699984550476,1.7899999618530273,1.7599999904632568,1.784999966621399,44103,0.0,0.0
2024-01-04 12:30:00-05:00,1.784999966621399,1.7899999618530273,1.7799999713897705,1.7799999713897705,6318,0.0,0.0
2024-01-04 13:30:00-05:00,1.7890000343322754,1.7899999618530273,1.7599999904632568,1.7599999904632568,26696,0.0,0.0
2024-01-04 14:30:00-05:00,1.7599999904632568,1.7649999856948853,1.7300000190734863,1.75,34148,0.0,0.0
2024-01-04 15:30:00-05:00,1.75,1.75,1.7300000190734863,1.7300000190734863,11563,0.0,0.0
2024-01-05 09:30:00-05:00,1.7599999904632568,1.7599999904632568,1.7100000381469727,1.7300000190734863,33735,0.0,0.0
2024-01-05 10:30:00-05:00,1.7259999513626099,1.7300000190734863,1.7050000429153442,1.7050000429153442,20474,0.0,0.0
2024-01-05 11:30:00-05:00,1.7000000476837158,1.7009999752044678,1.6799999475479126,1.680299997329712,24500,0.0,0.0
2024-01-05 12:30:00-05:00,1.6799999475479126,1.690000057220459,1.6799999475479126,1.684999942779541,5067,0.0,0.0
2024-01-05 13:30:00-05:00,1.690000057220459,1.7000000476837158,1.690000057220459,1.690000057220459,8815,0.0,0.0
2024-01-05 14:30:00-05:00,1.6902999877929688,1.7000000476837158,1.6749999523162842,1.6799999475479126,18998,0.0,0.0
2024-01-05 15:30:00-05:00,1.6799999475479126,1.6799999475479126,1.6699999570846558,1.6699999570846558,23233,0.0,0.0
2024-01-08 09:30:00-05:00,1.6699999570846558,1.6799999475479126,1.5800000429153442,1.600000023841858,69301,0.0,0.0
2024-01-08 10:30:00-05:00,1.600000023841858,1.6100000143051147,1.5800000429153442,1.6092000007629395,36652,0.0,0.0
2024-01-08 11:30:00-05:00,1.6050000190734863,1.6100000143051147,1.590000033378601,1.5901000499725342,19311,0.0,0.0
2024-01-08 12:30:00-05:00,1.590000033378601,1.6299999952316284,1.5850000381469727,1.625,39593,0.0,0.0
2024-01-08 13:30:00-05:00,1.625,1.6273000240325928,1.6200000047683716,1.625,24453,0.0,0.0
2024-01-08 14:30:00-05:00,1.6200000047683716,1.6399999856948853,1.6200000047683716,1.6299999952316284,16852,0.0,0.0
2024-01-08 15:30:00-05:00,1.6301000118255615,1.6449999809265137,1.6299999952316284,1.6299999952316284,32208,0.0,0.0
2024-01-09 09:30:00-05:00,1.5299999713897705,1.6100000143051147,1.5299999713897705,1.5932999849319458,103100,0.0,0.0
2024-01-09 10:30:00-05:00,1.5959999561309814,1.600000023841858,1.5717999935150146,1.5800000429153442,17313,0.0,0.0
2024-01-09 11:30:00-05:00,1.5816999673843384,1.590000033378601,1.5816999673843384,1.590000033378601,6729,0.0,0.0
2024-01-09 12:30:00-05:00,1.590000033378601,1.600000023841858,1.5800000429153442,1.589900016784668,11569,0.0,0.0
2024-01-09 13:30:00-05:00,1.5800000429153442,1.5800000429153442,1.5700000524520874,1.5800000429153442,19221,0.0,0.0
2024-01-09 14:30:00-05:00,1.5700000524520874,1.5800000429153442,1.559999942779541,1.565000057220459,65745,0.0,0.0
2024-01-09 15:30:00-05:00,1.559999942779541,1.5750000476837158,1.5499999523162842,1.5499999523162842,102559,0.0,0.0
2024-01-10 09:30:00-05:00,1.5399999618530273,1.569700002670288,1.5399999618530273,1.5530999898910522,15652,0.0,0.0
2024-01-10 10:30:00-05:00,1.555999994277954,1.5800000429153442,1.555999994277954,1.579699993133545,30228,0.0,0.0
2024-01-10 11:30:00-05:00,1.5800000429153442,1.5999000072479248,1.5750000476837158,1.5999000072479248,21920,0.0,0.0
2024-01-10 12:30:00-05:00,1.590000033378601,1.590000033378601,1.5700000524520874,1.5700000524520874,15110,0.0,0.0
2024-01-10 13:30:00-05:00,1.5700000524520874,1.5759999752044678,1.559999942779541,1.565000057220459,8706,0.0,0.0
2024-01-10 14:30:00-05:00,1.5700000524520874,1.590000033378601,1.565000057220459,1.5800000429153442,40631,0.0,0.0
2024-01-10 15:30:00-05:00,1.5800000429153442,1.600000023841858,1.5700000524520874,1.5700000524520874,20444,0.0,0.0
2024-01-11 09:30:00-05:00,1.5800000429153442,1.5800000429153442,1.5307999849319458,1.5398999452590942,33538,0.0,0.0
2024-01-11 10:30:00-05:00,1.5360000133514404,1.5800000429153442,1.5299999713897705,1.5499999523162842,46412,0.0,0.0
2024-01-11 11:30:00-05:00,1.5399999618530273,1.5499999523162842,1.5299999713897705,1.5399999618530273,33963,0.0,0.0
2024-01-11 12:30:00-05:00,1.5449999570846558,1.5887999534606934,1.5399999618530273,1.5887999534606934,21814,0.0,0.0
2024-01-11 13:30:00-05:00,1.5850000381469727,1.5850000381469727,1.559999942779541,1.565000057220459,8660,0.0,0.0
2024-01-11 14:30:00-05:00,1.559999942779541,1.600000023841858,1.559999942779541,1.5950000286102295,25252,0.0,0.0
2024-01-11 15:30:00-05:00,1.5950000286102295,1.5950000286102295,1.5800000429153442,1.590000033378601,24444,0.0,0.0
2024-01-12 09:30:00-05:00,1.590000033378601,1.6289000511169434,1.5800000429153442,1.600000023841858,33213,0.0,0.0
2024-01-12 10:30:00-05:00,1.6017999649047852,1.6100000143051147,1.590000033378601,1.5950000286102295,19743,0.0,0.0
2024-01-12 11:30:00-05:00,1.600000023841858,1.600000023841858,1.5700000524520874,1.5800000429153442,18953,0.0,0.0
2024-01-12 12:30:00-05:00,1.5793999433517456,1.5800000429153442,1.5399999618530273,1.5499999523162842,46788,0.0,0.0
2024-01-12 13:30:00-05:00,1.559999942779541,1.5799000263214111,1.5549999475479126,1.5710999965667725,22959,0.0,0.0
2024-01-12 14:30:00-05:00,1.5750000476837158,1.5799000263214111,1.5499999523162842,1.559999942779541,37949,0.0,0.0
2024-01-12 15:30:00-05:00,1.559999942779541,1.5700000524520874,1.5499999523162842,1.559999942779541,17251,0.0,0.0
2024-01-16 09:30:00-05:00,1.5399999618530273,1.5800000429153442,1.5299999713897705,1.5520000457763672,53375,0.0,0.0
2024-01-16 10:30:00-05:00,1.555999994277954,1.5800000429153442,1.555999994277954,1.565000057220459,19277,0.0,0.0
2024-01-16 11:30:00-05:00,1.565000057220459,1.5800000429153442,1.5399999618530273,1.5460000038146973,15900,0.0,0.0
2024-01-16 12:30:00-05:00,1.5449999570846558,1.5700000524520874,1.5399999618530273,1.565000057220459,29696,0.0,0.0
2024-01-16 13:30:00-05:00,1.559999942779541,1.5698000192642212,1.5499999523162842,1.559999942779541,18754,0.0,0.0
2024-01-16 14:30:00-05:00,1.565000057220459,1.5750000476837158,1.5499999523162842,1.5549999475479126,32743,0.0,0.0
2024-01-16 15:30:00-05:00,1.5549999475479126,1.559999942779541,1.5399999618530273,1.5399999618530273,59690,0.0,0.0
2024-01-17 09:30:00-05:00,1.559999942779541,1.559999942779541,1.5099999904632568,1.5199999809265137,49035,0.0,0.0
2024-01-17 10:30:00-05:00,1.5260000228881836,1.5299999713897705,1.5199999809265137,1.5297000408172607,6992,0.0,0.0
2024-01-17 11:30:00-05:00,1.5290000438690186,1.5299999713897705,1.5199999809265137,1.5199999809265137,7624,0.0,0.0
2024-01-17 12:30:00-05:00,1.524999976158142,1.5390000343322754,1.5199999809265137,1.5299999713897705,18367,0.0,0.0
2024-01-17 13:30:00-05:00,1.5382000207901,1.5392999649047852,1.524999976158142,1.5392999649047852,6681,0.0,0.0
2024-01-17 14:30:00-05:00,1.5299999713897705,1.5299999713897705,1.5199999809265137,1.524999976158142,9567,0.0,0.0
2024-01-17 15:30:00-05:00,1.524999976158142,1.5399999618530273,1.5199999809265137,1.5299999713897705,9808,0.0,0.0
2024-01-18 09:30:00-05:00,1.5499999523162842,1.5499999523162842,1.5099999904632568,1.5199999809265137,38817,0.0,0.0
2024-01-18 10:30:00-05:00,1.5260000228881836,1.5260000228881836,1.5099999904632568,1.5149999856948853,5961,0.0,0.0
2024-01-18 11:30:00-05:00,1.5099999904632568,1.5199999809265137,1.5099999904632568,1.5099999904632568,6168,0.0,0.0
2024-01-18 12:30:00-05:00,1.5149999856948853,1.5149999856948853,1.465000033378601,1.4900000095367432,43562,0.0,0.0
2024-01-18 13:30:00-05:00,1.4910999536514282,1.4984999895095825,1.4889999628067017,1.4910999536514282,14435,0.0,0.0
2024-01-18 14:30:00-05:00,1.4900000095367432,1.5,1.4900000095367432,1.4950000047683716,13026,0.0,0.0
2024-01-18 15:30:00-05:00,1.5,1.5099999904632568,1.4800000190734863,1.5099999904632568,26682,0.0,0.0
2024-01-19 09:30:00-05:00,1.5,1.5019999742507935,1.4600000381469727,1.4601000547409058,35325,0.0,0.0
2024-01-19 10:30:00-05:00,1.468000054359436,1.4700000286102295,1.4500000476837158,1.4500999450683594,33644,0.0,0.0
2024-01-19 11:30:00-05:00,1.4558000564575195,1.4599000215530396,1.4199999570846558,1.440000057220459,39056,0.0,0.0
2024-01-19 12:30:00-05:00,1.4306000471115112,1.4799000024795532,1.4300999641418457,1.4600000381469727,84382,0.0,0.0
2024-01-19 13:30:00-05:00,1.4800000190734863,1.4800000190734863,1.4500000476837158,1.4550000429153442,10667,0.0,0.0
2024-01-19 14:30:00-05:00,1.4500000476837158,1.5199999809265137,1.4500000476837158,1.5099999904632568,32468,0.0,0.0
2024-01-19 15:30:00-05:00,1.5099999904632568,1.5199999809265137,1.5,1.5099999904632568,45155,0.0,0.0
2024-01-22 09:30:00-05:00,1.5,1.5449999570846558,1.4900000095367432,1.5449999570846558,62855,0.0,0.0
2024-01-22 10:30:00-05:00,1.5399999618530273,1.559999942779541,1.531000018119812,1.5399999618530273,31089,0.0,0.0
2024-01-22 11:30:00-05:00,1.5456000566482544,1.549399971961975,1.534999966621399,1.534999966621399,11363,0.0,0.0
2024-01-22 12:30:00-05:00,1.5355000495910645,1.5473999977111816,1.5299999713897705,1.5400999784469604,18990,0.0,0.0
2024-01-22 13:30:00-05:00,1.5449999570846558,1.5449999570846558,1.5299999713897705,1.534999966621399,14619,0.0,0.0
2024-01-22 14:30:00-05:00,1.5299999713897705,1.5499999523162842,1.5199999809265137,1.5305999517440796,55428,0.0,0.0
2024-01-22 15:30:00-05:00,1.534999966621399,1.5399999618530273,1.5299999713897705,1.5299999713897705,12172,0.0,0.0
2024-01-23 09:30:00-05:00,1.5399999618530273,1.590000033378601,1.531000018119812,1.575600028038025,38632,0.0,0.0
2024-01-23 10:30:00-05:00,1.56659996509552,1.590000033378601,1.56659996509552,1.575600028038025,30932,0.0,0.0
2024-01-23 11:30:00-05:00,1.573799967765808,1.5800000429153442,1.559999942779541,1.5700000524520874,21828,0.0,0.0
2024-01-23 12:30:00-05:00,1.5700000524520874,1.5700000524520874,1.5499999523162842,1.559999942779541,11002,0.0,0.0
2024-01-23 13:30:00-05:00,1.5556000471115112,1.590000033378601,1.5556000471115112,1.5800000429153442,39414,0.0,0.0
2024-01-23 14:30:00-05:00,1.5887999534606934,1.5976999998092651,1.5887999534606934,1.5976999998092651,14440,0.0,0.0
2024-01-23 15:30:00-05:00,1.5992000102996826,1.5992000102996826,1.5800000429153442,1.590000033378601,7017,0.0,0.0
2024-01-24 09:30:00-05:00,1.590000033378601,1.625,1.5800000429153442,1.5994999408721924,28803,0.0,0.0
2024-01-24 10:30:00-05:00,1.590000033378601,1.6100000143051147,1.590000033378601,1.6100000143051147,8054,0.0,0.0
2024-01-24 11:30:00-05:00,1.6100000143051147,1.6198999881744385,1.600000023841858,1.6150000095367432,16254,0.0,0.0
2024-01-24 12:30:00-05:00,1.6150000095367432,1.6299999952316284,1.600000023841858,1.600000023841858,29407,0.0,0.0
2024-01-24 13:30:00-05:00,1.6050000190734863,1.6200000047683716,1.590000033378601,1.590000033378601,28721,0.0,0.0
2024-01-24 14:30:00-05:00,1.590000033378601,1.600000023841858,1.5800000429153442,1.590000033378601,17560,0.0,0.0
2024-01-24 15:30:00-05:00,1.590000033378601,1.600000023841858,1.590000033378601,1.5950000286102295,5432,0.0,0.0
2024-01-25 09:30:00-05:00,1.600000023841858,1.6200000047683716,1.590000033378601,1.590000033378601,20546,0.0,0.0
2024-01-25 10:30:00-05:00,1.5943000316619873,1.5943000316619873,1.559999942779541,1.5622999668121338,18762,0.0,0.0
2024-01-25 11:30:00-05:00,1.5600999593734741,1.562000036239624,1.5499999523162842,1.5499999523162842,18766,0.0,0.0
2024-01-25 12:30:00-05:00,1.5579999685287476,1.5700000524520874,1.5499999523162842,1.5700000524520874,3395,0.0,0.0
2024-01-25 13:30:00-05:00,1.559999942779541,1.565000057220459,1.5499999523162842,1.5507999658584595,5980,0.0,0.0
2024-01-25 14:30:00-05:00,1.559999942779541,1.5700000524520874,1.5506000518798828,1.5700000524520874,8229,0.0,0.0
2024-01-25 15:30:00-05:00,1.559999942779541,1.590000033378601,1.559999942779541,1.590000033378601,24465,0.0,0.0
2024-01-26 09:30:00-05:00,1.590000033378601,1.600000023841858,1.5700000524520874,1.5950000286102295,29465,0.0,0.0
2024-01-26 10:30:00-05:00,1.590000033378601,1.6200000047683716,1.5850000381469727,1.610700011253357,34004,0.0,0.0
2024-01-26 11:30:00-05:00,1.6100000143051147,1.6100000143051147,1.590000033378601,1.600000023841858,13632,0.0,0.0
2024-01-26 12:30:00-05:00,1.600000023841858,1.600000023841858,1.590000033378601,1.5999000072479248,5001,0.0,0.0
2024-01-26 13:30:00-05:00,1.590000033378601,1.600000023841858,1.590000033378601,1.5901000499725342,2027,0.0,0.0
2024-01-26 14:30:00-05:00,1.590000033378601,1.5950000286102295,1.5820000171661377,1.590000033378601,19560,0.0,0.0
2024-01-26 15:30:00-05:00,1.590000033378601,1.600000023841858,1.5800000429153442,1.590000033378601,28213,0.0,0.0
2024-01-29 09:30:00-05:00,1.559999942779541,1.600000023841858,1.559999942779541,1.5801000595092773,55958,0.0,0.0
2024-01-29 10:30:00-05:00,1.5850000381469727,1.5999000072479248,1.5800000429153442,1.5902999639511108,42100,0.0,0.0
2024-01-29 11:30:00-05:00,1.590000033378601,1.600000023841858,1.590000033378601,1.590000033378601,7422,0.0,0.0
2024-01-29 12:30:00-05:00,1.590000033378601,1.5950000286102295,1.5499999523162842,1.590000033378601,37190,0.0,0.0
2024-01-29 13:30:00-05:00,1.5850000381469727,1.600000023841858,1.5800000429153442,1.5901000499725342,12964,0.0,0.0
2024-01-29 14:30:00-05:00,1.5956000089645386,1.6100000143051147,1.5800000429153442,1.6100000143051147,26860,0.0,0.0
2024-01-29 15:30:00-05:00,1.6018999814987183,1.6100000143051147,1.590000033378601,1.590000033378601,14042,0.0,0.0
2024-01-30 09:30:00-05:00,1.5800000429153442,1.590000033378601,1.559999942779541,1.5700000524520874,25496,0.0,0.0
2024-01-30 10:30:00-05:00,1.565000057220459,1.5800000429153442,1.559999942779541,1.5800000429153442,8885,0.0,0.0
2024-01-30 11:30:00-05:00,1.5750000476837158,1.5800000429153442,1.5700000524520874,1.5700000524520874,4087,0.0,0.0
2024-01-30 12:30:00-05:00,1.5750000476837158,1.5750000476837158,1.559999942779541,1.5700000524520874,6081,0.0,0.0
2024-01-30 13:30:00-05:00,1.5800000429153442,1.590000033378601,1.5702999830245972,1.590000033378601,6442,0.0,0.0
2024-01-30 14:30:00-05:00,1.5807000398635864,1.6050000190734863,1.5807000398635864,1.600000023841858,12224,0.0,0.0
2024-01-30 15:30:00-05:00,1.5950000286102295,1.600000023841858,1.5800000429153442,1.5888999700546265,18828,0.0,0.0
2024-01-31 09:30:00-05:00,1.5700000524520874,1.600000023841858,1.5700000524520874,1.590000033378601,0,0.0,0.0
2024-01-31 10:30:00-05:00,1.590000033378601,1.590000033378601,1.5708999633789062,1.5800000429153442,5895,0.0,0.0
2024-01-31 11:30:00-05:00,1.5800000429153442,1.5800000429153442,1.573799967765808,1.5750000476837158,3706,0.0,0.0
2024-01-31 12:30:00-05:00,1.5795999765396118,1.5800000429153442,1.5710999965667725,1.5800000429153442,6573,0.0,0.0
2024-01-31 13:30:00-05:00,1.5800000429153442,1.590000033378601,1.5765999555587769,1.590000033378601,17350,0.0,0.0
2024-01-31 14:30:00-05:00,1.5889999866485596,1.600000023841858,1.5750000476837158,1.5800000429153442,17040,0.0,0.0
2024-01-31 15:30:00-05:00,1.5750000476837158,1.5800000429153442,1.5199999809265137,1.5299999713897705,31431,0.0,0.0
2024-02-01 09:30:00-05:00,1.5399999618530273,1.590000033378601,1.5199999809265137,1.5800000429153442,67448,0.0,0.0
2024-02-01 10:30:00-05:00,1.5750000476837158,1.5886000394821167,1.5708999633789062,1.5850000381469727,11501,0.0,0.0
2024-02-01 11:30:00-05:00,1.5850000381469727,1.590000033378601,1.5700000524520874,1.5779999494552612,26584,0.0,0.0
2024-02-01 12:30:00-05:00,1.5800000429153442,1.5800000429153442,1.5499999523162842,1.5700000524520874,27231,0.0,0.0
2024-02-01 13:30:00-05:00,1.5700000524520874,1.5800000429153442,1.5699000358581543,1.5699000358581543,2713,0.0,0.0
2024-02-01 14:30:00-05:00,1.559999942779541,1.5700000524520874,1.559999942779541,1.5700000524520874,7662,0.0,0.0
2024-02-01 15:30:00-05:00,1.5700000524520874,1.5800000429153442,1.559999942779541,1.5800000429153442,19595,0.0,0.0
2024-02-02 09:30:00-05:00,1.5800000429153442,1.5800000429153442,1.5299999713897705,1.5499999523162842,21865,0.0,0.0
2024-02-02 10:30:00-05:00,1.5499999523162842,1.5499999523162842,1.5399999618530273,1.5399999618530273,3627,0.0,0.0
2024-02-02 11:30:00-05:00,1.5499999523162842,1.5549999475479126,1.5399999618530273,1.5449999570846558,7227,0.0,0.0
2024-02-02 12:30:00-05:00,1.5449999570846558,1.5573999881744385,1.5399999618530273,1.5549999475479126,9849,0.0,0.0
2024-02-02 13:30:00-05:00,1.5549999475479126,1.565000057220459,1.5449999570846558,1.559999942779541,22430,0.0,0.0
2024-02-02 14:30:00-05:00,1.559999942779541,1.565000057220459,1.5509999990463257,1.559999942779541,11908,0.0,0.0
2024-02-02 15:30:00-05:00,1.559999942779541,1.559999942779541,1.5499999523162842,1.5499999523162842,7333,0.0,0.0
2024-02-05 09:30:00-05:00,1.5299999713897705,1.5499999523162842,1.4900000095367432,1.4905999898910522,40438,0.0,0.0
2024-02-05 10:30:00-05:00,1.4900000095367432,1.5,1.4900000095367432,1.4900000095367432,15497,0.0,0.0
2024-02-05 11:30:00-05:00,1.4919999837875366,1.5,1.4900000095367432,1.4900000095367432,8759,0.0,0.0
2024-02-05 12:30:00-05:00,1.4900000095367432,1.5,1.4700000286102295,1.4780000448226929,29850,0.0,0.0
2024-02-05 13:30:00-05:00,1.4700000286102295,1.4900000095367432,1.4700000286102295,1.4850000143051147,7723,0.0,0.0
2024-02-05 14:30:00-05:00,1.4800000190734863,1.4900000095367432,1.4800000190734863,1.4850000143051147,25951,0.0,0.0
2024-02-05 15:30:00-05:00,1.4850000143051147,1.5,1.4800000190734863,1.4900000095367432,18826,0.0,0.0
2024-02-06 09:30:00-05:00,1.5,1.5099999904632568,1.4600000381469727,1.4850000143051147,44779,0.0,0.0
2024-02-06 10:30:00-05:00,1.4833999872207642,1.5299999713897705,1.4833999872207642,1.5299999713897705,30971,0.0,0.0
2024-02-06 11:30:00-05:00,1.5299999713897705,1.5299999713897705,1.5099999904632568,1.519700050354004,18017,0.0,0.0
2024-02-06 12:30:00-05:00,1.5199999809265137,1.524999976158142,1.5,1.5099999904632568,32060,0.0,0.0
2024-02-06 13:30:00-05:00,1.5198999643325806,1.5199999809265137,1.5,1.5049999952316284,9030,0.0,0.0
2024-02-06 14:30:00-05:00,1.5,1.5099999904632568,1.5,1.5099999904632568,6795,0.0,0.0
2024-02-06 15:30:00-05:00,1.507699966430664,1.5099999904632568,1.4800000190734863,1.4900000095367432,24660,0.0,0.0
2024-02-07 09:30:00-05:00,1.5199999809265137,1.5199999809265137,1.4700000286102295,1.4700000286102295,18039,0.0,0.0
2024-02-07 10:30:00-05:00,1.4800000190734863,1.5,1.4700000286102295,1.5,56875,0.0,0.0
2024-02-07 11:30:00-05:00,1.5049999952316284,1.5092999935150146,1.4801000356674194,1.4900000095367432,57728,0.0,0.0
2024-02-07 12:30:00-05:00,1.4800000190734863,1.5,1.4800000190734863,1.4900000095367432,11106,0.0,0.0
2024-02-07 13:30:00-05:00,1.4900000095367432,1.4988000392913818,1.4700000286102295,1.4700000286102295,17171,0.0,0.0
2024-02-07 14:30:00-05:00,1.4700000286102295,1.4800000190734863,1.4600000381469727,1.4700000286102295,28200,0.0,0.0
2024-02-07 15:30:00-05:00,1.4700000286102295,1.4780000448226929,1.4500000476837158,1.465000033378601,12946,0.0,0.0
2024-02-08 09:30:00-05:00,1.4600000381469727,1.472000002861023,1.4550000429153442,1.465000033378601,27171,0.0,0.0
2024-02-08 10:30:00-05:00,1.4632999897003174,1.4800000190734863,1.4600000381469727,1.4700000286102295,11636,0.0,0.0
2024-02-08 11:30:00-05:00,1.4793000221252441,1.4800000190734863,1.4700000286102295,1.4700000286102295,11560,0.0,0.0
2024-02-08 12:30:00-05:00,1.4700000286102295,1.475000023841858,1.4600000381469727,1.469499945640564,9445,0.0,0.0
2024-02-08 13:30:00-05:00,1.465000033378601,1.4800000190734863,1.4600000381469727,1.4600000381469727,19859,0.0,0.0
2024-02-08 14:30:00-05:00,1.465000033378601,1.469499945640564,1.4600000381469727,1.4694000482559204,4646,0.0,0.0
2024-02-08 15:30:00-05:00,1.465000033378601,1.4700000286102295,1.4600000381469727,1.4620000123977661,4051,0.0,0.0
2024-02-09 09:30:00-05:00,1.4700000286102295,1.4700000286102295,1.4299999475479126,1.434999942779541,41170,0.0,0.0
2024-02-09 10:30:00-05:00,1.434999942779541,1.4600000381469727,1.434999942779541,1.440000057220459,38301,0.0,0.0
2024-02-09 11:30:00-05:00,1.440000057220459,1.4600000381469727,1.4299999475479126,1.4299999475479126,26294,0.0,0.0
2024-02-09 12:30:00-05:00,1.434999942779541,1.4500000476837158,1.4299999475479126,1.4299999475479126,22845,0.0,0.0
2024-02-09 13:30:00-05:00,1.440000057220459,1.4600000381469727,1.4299999475479126,1.440000057220459,8537,0.0,0.0
2024-02-09 14:30:00-05:00,1.4400999546051025,1.4500000476837158,1.4199999570846558,1.434999942779541,15949,0.0,0.0
2024-02-09 15:30:00-05:00,1.434999942779541,1.4600000381469727,1.4199999570846558,1.4420000314712524,40171,0.0,0.0
2024-02-12 09:30:00-05:00,1.440000057220459,1.4800000190734863,1.440000057220459,1.465000033378601,35265,0.0,0.0
2024-02-12 10:30:00-05:00,1.4500999450683594,1.4693000316619873,1.4299999475479126,1.4299999475479126,27681,0.0,0.0
2024-02-12 11:30:00-05:00,1.434999942779541,1.4399000406265259,1.399999976158142,1.4049999713897705,75654,0.0,0.0
2024-02-12 12:30:00-05:00,1.399999976158142,1.4500999450683594,1.399999976158142,1.4154000282287598,32097,0.0,0.0
2024-02-12 13:30:00-05:00,1.409999966621399,1.4199999570846558,1.409999966621399,1.4149999618530273,43633,0.0,0.0
2024-02-12 14:30:00-05:00,1.409999966621399,1.4199999570846558,1.3899999856948853,1.4149999618530273,170720,0.0,0.0
2024-02-12 15:30:00-05:00,1.409999966621399,1.4199999570846558,1.4092999696731567,1.4199999570846558,21707,0.0,0.0
2024-02-13 09:30:00-05:00,1.3600000143051147,1.399999976158142,1.3600000143051147,1.3700000047683716,33688,0.0,0.0
2024-02-13 10:30:00-05:00,1.3629000186920166,1.3700000047683716,1.350000023841858,1.3600000143051147,63137,0.0,0.0
2024-02-13 11:30:00-05:00,1.3600000143051147,1.3700000047683716,1.3550000190734863,1.3600000143051147,36232,0.0,0.0
2024-02-13 12:30:00-05:00,1.3580000400543213,1.3650000095367432,1.3550000190734863,1.3650000095367432,10882,0.0,0.0
2024-02-13 13:30:00-05:00,1.3650000095367432,1.3899999856948853,1.3600000143051147,1.3899999856948853,29425,0.0,0.0
2024-02-13 14:30:00-05:00,1.3799999952316284,1.4199999570846558,1.3799999952316284,1.399999976158142,27981,0.0,0.0
2024-02-13 15:30:00-05:00,1.3899999856948853,1.399999976158142,1.3799999952316284,1.3799999952316284,30493,0.0,0.0
2024-02-14 09:30:00-05:00,1.3899999856948853,1.409999966621399,1.3799999952316284,1.3877999782562256,20510,0.0,0.0
2024-02-14 10:30:00-05:00,1.3860000371932983,1.3860000371932983,1.360200047492981,1.3700000047683716,26838,0.0,0.0
2024-02-14 11:30:00-05:00,1.3700000047683716,1.3799999952316284,1.3622000217437744,1.3622000217437744,5846,0.0,0.0
2024-02-14 12:30:00-05:00,1.3681000471115112,1.3698999881744385,1.3600000143051147,1.3619999885559082,20676,0.0,0.0
2024-02-14 13:30:00-05:00,1.3600000143051147,1.3700000047683716,1.3600000143051147,1.3600000143051147,6662,0.0,0.0
2024-02-14 14:30:00-05:00,1.3700000047683716,1.3700000047683716,1.3600000143051147,1.3619999885559082,16504,0.0,0.0
2024-02-14 15:30:00-05:00,1.3600000143051147,1.3849999904632568,1.3600000143051147,1.375,38110,0.0,0.0
2024-02-15 09:30:00-05:00,1.3899999856948853,1.3899999856948853,1.3799999952316284,1.3799999952316284,8070,0.0,0.0
2024-02-15 10:30:00-05:00,1.3799999952316284,1.3869999647140503,1.3650000095367432,1.3700000047683716,27252,0.0,0.0
2024-02-15 11:30:00-05:00,1.3700000047683716,1.3700000047683716,1.3600000143051147,1.3600000143051147,14448,0.0,0.0
2024-02-15 12:30:00-05:00,1.3650000095367432,1.3799999952316284,1.3550000190734863,1.3650000095367432,46855,0.0,0.0
2024-02-15 13:30:00-05:00,1.3650000095367432,1.3899999856948853,1.3600000143051147,1.3799999952316284,28744,0.0,0.0
2024-02-15 14:30:00-05:00,1.3849999904632568,1.4299999475479126,1.3849999904632568,1.4299999475479126,28246,0.0,0.0
2024-02-15 15:30:00-05:00,1.4249999523162842,1.4299999475479126,1.4200999736785889,1.4299999475479126,10519,0.0,0.0
2024-02-16 09:30:00-05:00,1.4199999570846558,1.4299999475479126,1.3799999952316284,1.4179999828338623,17693,0.0,0.0
2024-02-16 10:30:00-05:00,1.4079999923706055,1.409999966621399,1.3899999856948853,1.409000039100647,18827,0.0,0.0
2024-02-16 11:30:00-05:00,1.4057999849319458,1.4249999523162842,1.4049999713897705,1.4249999523162842,15421,0.0,0.0
2024-02-16 12:30:00-05:00,1.4249999523162842,1.4500000476837158,1.409999966621399,1.4450000524520874,36190,0.0,0.0
2024-02-16 13:30:00-05:00,1.4494999647140503,1.4592000246047974,1.4400999546051025,1.4550000429153442,4563,0.0,0.0
2024-02-16 14:30:00-05:00,1.4550000429153442,1.4550000429153442,1.4299999475479126,1.4436999559402466,31704,0.0,0.0
2024-02-16 15:30:00-05:00,1.4450000524520874,1.4493000507354736,1.440000057220459,1.440000057220459,6949,0.0,0.0
2024-02-20 09:30:00-05:00,1.440000057220459,1.440000057220459,1.4199999570846558,1.4199999570846558,20955,0.0,0.0
2024-02-20 10:30:00-05:00,1.429900050163269,1.4299999475479126,1.4249999523162842,1.4297000169754028,3479,0.0,0.0
2024-02-20 11:30:00-05:00,1.4249999523162842,1.4550000429153442,1.4199999570846558,1.4550000429153442,9900,0.0,0.0
2024-02-20 12:30:00-05:00,1.4600000381469727,1.5099999904632568,1.4600000381469727,1.5042999982833862,40472,0.0,0.0
2024-02-20 13:30:00-05:00,1.5049999952316284,1.5099999904632568,1.4901000261306763,1.4903000593185425,38852,0.0,0.0
2024-02-20 14:30:00-05:00,1.4901000261306763,1.5299999713897705,1.4901000261306763,1.5199999809265137,45289,0.0,0.0
2024-02-20 15:30:00-05:00,1.5099999904632568,1.5299999713897705,1.5,1.5299999713897705,31913,0.0,0.0
2024-02-21 09:30:00-05:00,1.5199999809265137,1.5199999809265137,1.4600000381469727,1.4950000047683716,24514,0.0,0.0
2024-02-21 10:30:00-05:00,1.4950000047683716,1.4997999668121338,1.4900000095367432,1.4950000047683716,15290,0.0,0.0
2024-02-21 11:30:00-05:00,1.4950000047683716,1.5,1.4950000047683716,1.5,2420,0.0,0.0
2024-02-21 12:30:00-05:00,1.4950000047683716,1.4950000047683716,1.4700000286102295,1.4800000190734863,14988,0.0,0.0
2024-02-21 13:30:00-05:00,1.4711999893188477,1.475000023841858,1.465000033378601,1.465000033378601,7868,0.0,0.0
2024-02-21 14:30:00-05:00,1.4700000286102295,1.4800000190734863,1.4600000381469727,1.4693000316619873,26674,0.0,0.0
2024-02-21 15:30:00-05:00,1.465000033378601,1.4800000190734863,1.4600000381469727,1.4600000381469727,13879,0.0,0.0
2024-02-22 09:30:00-05:00,1.4500000476837158,1.4800000190734863,1.440000057220459,1.4531999826431274,19205,0.0,0.0
2024-02-22 10:30:00-05:00,1.4600000381469727,1.4700000286102295,1.4500000476837158,1.4589999914169312,24114,0.0,0.0
2024-02-22 11:30:00-05:00,1.4500000476837158,1.4600000381469727,1.4500000476837158,1.4500000476837158,4088,0.0,0.0
2024-02-22 12:30:00-05:00,1.4550000429153442,1.4639999866485596,1.4305000305175781,1.434999942779541,29687,0.0,0.0
2024-02-22 13:30:00-05:00,1.434999942779541,1.4500000476837158,1.4299999475479126,1.4450000524520874,26916,0.0,0.0
2024-02-22 14:30:00-05:00,1.440999984741211,1.4600000381469727,1.440000057220459,1.4500000476837158,37021,0.0,0.0
2024-02-22 15:30:00-05:00,1.4550000429153442,1.4700000286102295,1.4500000476837158,1.4700000286102295,17062,0.0,0.0
2024-02-23 09:30:00-05:00,1.4700000286102295,1.4700000286102295,1.440000057220459,1.4470000267028809,21237,0.0,0.0
2024-02-23 10:30:00-05:00,1.440000057220459,1.4500000476837158,1.434399962425232,1.434999942779541,6517,0.0,0.0
2024-02-23 11:30:00-05:00,1.434999942779541,1.4500000476837158,1.4299999475479126,1.440000057220459,12795,0.0,0.0
2024-02-23 12:30:00-05:00,1.4450000524520874,1.4500000476837158,1.440000057220459,1.440000057220459,7751,0.0,0.0
2024-02-23 13:30:00-05:00,1.4500000476837158,1.4500000476837158,1.440000057220459,1.4450000524520874,1388,0.0,0.0
2024-02-23 14:30:00-05:00,1.4450000524520874,1.4500000476837158,1.440000057220459,1.4407000541687012,13308,0.0,0.0
2024-02-23 15:30:00-05:00,1.4450000524520874,1.4500000476837158,1.4299999475479126,1.440000057220459,15194,0.0,0.0
2024-02-26 09:30:00-05:00,1.4299999475479126,1.4392999410629272,1.4199999570846558,1.4299999475479126,12305,0.0,0.0
2024-02-26 10:30:00-05:00,1.4299999475479126,1.440000057220459,1.4299999475479126,1.4299999475479126,5508,0.0,0.0
2024-02-26 11:30:00-05:00,1.4398000240325928,1.4500000476837158,1.4299999475479126,1.4499000310897827,27099,0.0,0.0
2024-02-26 12:30:00-05:00,1.440000057220459,1.4492000341415405,1.440000057220459,1.440000057220459,6154,0.0,0.0
2024-02-26 13:30:00-05:00,1.440000057220459,1.4496999979019165,1.434999942779541,1.440000057220459,10370,0.0,0.0
2024-02-26 14:30:00-05:00,1.4500000476837158,1.4500000476837158,1.4299999475479126,1.440000057220459,3005,0.0,0.0
2024-02-26 15:30:00-05:00,1.440000057220459,1.4500000476837158,1.440000057220459,1.4500000476837158,19086,0.0,0.0
2024-02-27 09:30:00-05:00,1.4600000381469727,1.4700000286102295,1.4457000494003296,1.4600000381469727,12635,0.0,0.0
2024-02-27 10:30:00-05:00,1.4609999656677246,1.4700000286102295,1.4500000476837158,1.4550000429153442,13643,0.0,0.0
2024-02-27 11:30:00-05:00,1.4550000429153442,1.4700000286102295,1.440000057220459,1.4500000476837158,7906,0.0,0.0
2024-02-27 12:30:00-05:00,1.4500000476837158,1.4600000381469727,1.440000057220459,1.4500000476837158,19534,0.0,0.0
2024-02-27 13:30:00-05:00,1.4500000476837158,1.4600000381469727,1.440000057220459,1.4500000476837158,20409,0.0,0.0
2024-02-27 14:30:00-05:00,1.4450000524520874,1.4594999551773071,1.4299999475479126,1.4450000524520874,27902,0.0,0.0
2024-02-27 15:30:00-05:00,1.4450000524520874,1.4600000381469727,1.440000057220459,1.4600000381469727,12928,0.0,0.0
2024-02-28 09:30:00-05:00,1.4500000476837158,1.4812999963760376,1.440000057220459,1.480299949645996,33696,0.0,0.0
2024-02-28 10:30:00-05:00,1.4910000562667847,1.5099999904632568,1.4800000190734863,1.4800000190734863,24955,0.0,0.0
2024-02-28 11:30:00-05:00,1.4800000190734863,1.4800000190734863,1.440000057220459,1.440000057220459,18218,0.0,0.0
2024-02-28 12:30:00-05:00,1.440000057220459,1.4699000120162964,1.440000057220459,1.440000057220459,22768,0.0,0.0
2024-02-28 13:30:00-05:00,1.440000057220459,1.4598000049591064,1.4299999475479126,1.440000057220459,6546,0.0,0.0
2024-02-28 14:30:00-05:00,1.440000057220459,1.4500000476837158,1.434999942779541,1.434999942779541,7408,0.0,0.0
2024-02-28 15:30:00-05:00,1.4300999641418457,1.4600000381469727,1.4300999641418457,1.4600000381469727,10596,0.0,0.0
2024-02-29 09:30:00-05:00,1.5,1.5,1.4617999792099,1.4800000190734863,9223,0.0,0.0
2024-02-29 10:30:00-05:00,1.4809999465942383,1.4809999465942383,1.468000054359436,1.468000054359436,4217,0.0,0.0
2024-02-29 11:30:00-05:00,1.465000033378601,1.4799000024795532,1.4600000381469727,1.4600000381469727,7646,0.0,0.0
2024-02-29 12:30:00-05:00,1.4700000286102295,1.4700000286102295,1.4700000286102295,1.4700000286102295,1749,0.0,0.0
2024-02-29 13:30:00-05:00,1.4800000190734863,1.4800000190734863,1.4700000286102295,1.4700000286102295,8855,0.0,0.0
2024-02-29 14:30:00-05:00,1.476699948310852,1.4900000095367432,1.476699948310852,1.4900000095367432,8548,0.0,0.0
2024-02-29 15:30:00-05:00,1.4900000095367432,1.4950000047683716,1.4800000190734863,1.4900000095367432,9858,0.0,0.0
2024-03-01 09:30:00-05:00,1.4900000095367432,1.5099999904632568,1.4801000356674194,1.5,29235,0.0,0.0
2024-03-01 10:30:00-05:00,1.496000051498413,1.501099944114685,1.4900000095367432,1.4900000095367432,22430,0.0,0.0
2024-03-01 11:30:00-05:00,1.4950000047683716,1.5,1.4900000095367432,1.4950000047683716,6312,0.0,0.0
2024-03-01 12:30:00-05:00,1.4993000030517578,1.499899983406067,1.4800000190734863,1.4825999736785889,11756,0.0,0.0
2024-03-01 13:30:00-05:00,1.4819999933242798,1.4900000095367432,1.475000023841858,1.4800000190734863,6930,0.0,0.0
2024-03-01 14:30:00-05:00,1.4850000143051147,1.5,1.475000023841858,1.4900000095367432,18268,0.0,0.0
2024-03-01 15:30:00-05:00,1.4900000095367432,1.4904999732971191,1.4800000190734863,1.4900000095367432,5776,0.0,0.0
2024-03-04 09:30:00-05:00,1.5,1.5399999618530273,1.5,1.5049999952316284,69450,0.0,0.0
2024-03-04 10:30:00-05:00,1.5049999952316284,1.5099999904632568,1.4800000190734863,1.4886000156402588,8249,0.0,0.0
2024-03-04 11:30:00-05:00,1.4850000143051147,1.4900000095367432,1.4809999465942383,1.482200026512146,4302,0.0,0.0
2024-03-04 12:30:00-05:00,1.4800000190734863,1.5049999952316284,1.4700000286102295,1.5049999952316284,12845,0.0,0.0
2024-03-04 13:30:00-05:00,1.50600004196167,1.5149999856948853,1.5006999969482422,1.5149999856948853,4534,0.0,0.0
2024-03-04 14:30:00-05:00,1.5099999904632568,1.5191999673843384,1.4710999727249146,1.4710999727249146,30464,0.0,0.0
2024-03-04 15:30:00-05:00,1.4800000190734863,1.4900000095367432,1.4800000190734863,1.4900000095367432,67499,0.0,0.0
2024-03-05 09:30:00-05:00,1.4900000095367432,1.5099999904632568,1.4900000095367432,1.4900000095367432,9799,0.0,0.0
2024-03-05 10:30:00-05:00,1.5098999738693237,1.5099999904632568,1.4700000286102295,1.4800000190734863,54034,0.0,0.0
2024-03-05 11:30:00-05:00,1.4900000095367432,1.5,1.4800000190734863,1.5,1950,0.0,0.0
2024-03-05 12:30:00-05:00,1.4950000047683716,1.5,1.4815000295639038,1.5,5794,0.0,0.0
2024-03-05 13:30:00-05:00,1.4901000261306763,1.5,1.4800000190734863,1.4900000095367432,21593,0.0,0.0
2024-03-05 14:30:00-05:00,1.4900000095367432,1.5,1.4819999933242798,1.4900000095367432,2494,0.0,0.0
2024-03-05 15:30:00-05:00,1.4800000190734863,1.4900000095367432,1.4700000286102295,1.4700000286102295,59532,0.0,0.0
2024-03-06 09:30:00-05:00,1.5,1.5,1.4600000381469727,1.4600000381469727,15915,0.0,0.0
2024-03-06 10:30:00-05:00,1.4700000286102295,1.4710999727249146,1.4600000381469727,1.465000033378601,5500,0.0,0.0
2024-03-06 11:30:00-05:00,1.4608999490737915,1.4608999490737915,1.4417999982833862,1.4600000381469727,12625,0.0,0.0
2024-03-06 12:30:00-05:00,1.4600000381469727,1.4700000286102295,1.4419000148773193,1.4700000286102295,20352,0.0,0.0
2024-03-06 13:30:00-05:00,1.4700000286102295,1.4700000286102295,1.440000057220459,1.4700000286102295,22073,0.0,0.0
2024-03-06 14:30:00-05:00,1.4700000286102295,1.4700000286102295,1.4500999450683594,1.4600000381469727,14896,0.0,0.0
2024-03-06 15:30:00-05:00,1.4550000429153442,1.4550000429153442,1.440000057220459,1.4500000476837158,24722,0.0,0.0
2024-03-07 09:30:00-05:00,1.440000057220459,1.4793000221252441,1.440000057220459,1.451200008392334,20312,0.0,0.0
2024-03-07 10:30:00-05:00,1.4600000381469727,1.4700000286102295,1.4500000476837158,1.4600000381469727,6248,0.0,0.0
2024-03-07 11:30:00-05:00,1.4507999420166016,1.4507999420166016,1.4249999523162842,1.429900050163269,18320,0.0,0.0
2024-03-07 12:30:00-05:00,1.4249999523162842,1.429900050163269,1.4199999570846558,1.4249999523162842,9083,0.0,0.0
2024-03-07 13:30:00-05:00,1.4249999523162842,1.434999942779541,1.4199999570846558,1.4305000305175781,14528,0.0,0.0
2024-03-07 14:30:00-05:00,1.434999942779541,1.434999942779541,1.399999976158142,1.399999976158142,46838,0.0,0.0
2024-03-07 15:30:00-05:00,1.4049999713897705,1.4199999570846558,1.399999976158142,1.4199999570846558,14181,0.0,0.0
2024-03-08 09:30:00-05:00,1.399999976158142,1.417799949645996,1.3704999685287476,1.409999966621399,34871,0.0,0.0
2024-03-08 10:30:00-05:00,1.4000999927520752,1.4199999570846558,1.4000999927520752,1.4170000553131104,3966,0.0,0.0
2024-03-08 11:30:00-05:00,1.409999966621399,1.4185999631881714,1.399999976158142,1.4185999631881714,3755,0.0,0.0
2024-03-08 12:30:00-05:00,1.4019999504089355,1.4098999500274658,1.399999976158142,1.4098999500274658,1925,0.0,0.0
2024-03-08 13:30:00-05:00,1.4069000482559204,1.4069000482559204,1.3799999952316284,1.3899999856948853,14226,0.0,0.0
2024-03-08 14:30:00-05:00,1.3849999904632568,1.3899999856948853,1.3799999952316284,1.382699966430664,42371,0.0,0.0
2024-03-08 15:30:00-05:00,1.3799999952316284,1.3799999952316284,1.350000023841858,1.3700000047683716,26014,0.0,0.0
2024-03-11 09:30:00-04:00,1.4500000476837158,1.4500000476837158,1.399999976158142,1.399999976158142,37892,0.0,0.0
2024-03-11 10:30:00-04:00,1.399999976158142,1.4299999475479126,1.399999976158142,1.409999966621399,14125,0.0,0.0
2024-03-11 11:30:00-04:00,1.409999966621399,1.4299999475479126,1.409999966621399,1.4200999736785889,8894,0.0,0.0
2024-03-11 12:30:00-04:00,1.4199999570846558,1.4450000524520874,1.4199999570846558,1.434999942779541,17143,0.0,0.0
2024-03-11 13:30:00-04:00,1.4299999475479126,1.4392999410629272,1.4199999570846558,1.4299999475479126,9863,0.0,0.0
2024-03-11 14:30:00-04:00,1.4299999475479126,1.4500000476837158,1.4299999475479126,1.4450000524520874,17653,0.0,0.0
2024-03-11 15:30:00-04:00,1.440000057220459,1.4404000043869019,1.4199999570846558,1.4299999475479126,12520,0.0,0.0
2024-03-12 09:30:00-04:00,1.4600000381469727,1.4600000381469727,1.4199999570846558,1.4292999505996704,16168,0.0,0.0
2024-03-12 10:30:00-04:00,1.429900050163269,1.429900050163269,1.409999966621399,1.4176000356674194,18265,0.0,0.0
2024-03-12 11:30:00-04:00,1.4199999570846558,1.4600000381469727,1.4049999713897705,1.4600000381469727,70085,0.0,0.0
2024-03-12 12:30:00-04:00,1.4600000381469727,1.5449999570846558,1.4500000476837158,1.5399999618530273,115612,0.0,0.0
2024-03-12 13:30:00-04:00,1.5399999618530273,1.5800000429153442,1.5299999713897705,1.565000057220459,44743,0.0,0.0
2024-03-12 14:30:00-04:00,1.565000057220459,1.5800000429153442,1.5499999523162842,1.5750000476837158,30045,0.0,0.0
2024-03-12 15:30:00-04:00,1.5750000476837158,1.6100000143051147,1.559999942779541,1.6100000143051147,53661,0.0,0.0
2024-03-13 09:30:00-04:00,1.6200000047683716,1.7100000381469727,1.6200000047683716,1.667199969291687,116847,0.0,0.0
2024-03-13 10:30:00-04:00,1.649999976158142,1.6699999570846558,1.6200000047683716,1.6395000219345093,45378,0.0,0.0
2024-03-13 11:30:00-04:00,1.6299999952316284,1.6398999691009521,1.6100000143051147,1.6150000095367432,28235,0.0,0.0
2024-03-13 12:30:00-04:00,1.6100000143051147,1.6109999418258667,1.600000023841858,1.6100000143051147,23433,0.0,0.0
2024-03-13 13:30:00-04:00,1.6150000095367432,1.6200000047683716,1.6100000143051147,1.6150000095367432,23006,0.0,0.0
2024-03-13 14:30:00-04:00,1.6197999715805054,1.659999966621399,1.600000023841858,1.6399999856948853,83634,0.0,0.0
2024-03-13 15:30:00-04:00,1.6399999856948853,1.690000057220459,1.6349999904632568,1.6799999475479126,55353,0.0,0.0
2024-03-14 09:30:00-04:00,1.7699999809265137,1.7899999618530273,1.600000023841858,1.6698999404907227,263792,0.0,0.0
2024-03-14 10:30:00-04:00,1.6893999576568604,1.690000057220459,1.649999976158142,1.669800043106079,34380,0.0,0.0
2024-03-14 11:30:00-04:00,1.6699999570846558,1.7599999904632568,1.6699999570846558,1.7599999904632568,52614,0.0,0.0
2024-03-14 12:30:00-04:00,1.7699999809265137,1.7899999618530273,1.6800999641418457,1.7100000381469727,47888,0.0,0.0
2024-03-14 13:30:00-04:00,1.7096999883651733,1.7200000286102295,1.7000000476837158,1.7000000476837158,17440,0.0,0.0
2024-03-14 14:30:00-04:00,1.7100000381469727,1.75,1.7050000429153442,1.7200000286102295,50417,0.0,0.0
2024-03-14 15:30:00-04:00,1.7200000286102295,1.7699999809265137,1.7100000381469727,1.7699999809265137,75172,0.0,0.0
2024-03-15 09:30:00-04:00,1.75,1.7599999904632568,1.6799999475479126,1.6799999475479126,45247,0.0,0.0
2024-03-15 10:30:00-04:00,1.680999994277954,1.7000000476837158,1.6486999988555908,1.7000000476837158,21758,0.0,0.0
2024-03-15 11:30:00-04:00,1.7100000381469727,1.7300000190734863,1.7000000476837158,1.7100000381469727,21343,0.0,0.0
2024-03-15 12:30:00-04:00,1.7100000381469727,1.715000033378601,1.6712000370025635,1.6799999475479126,17702,0.0,0.0
2024-03-15 13:30:00-04:00,1.690000057220459,1.690000057220459,1.6699999570846558,1.6871999502182007,27155,0.0,0.0
2024-03-15 14:30:00-04:00,1.690000057220459,1.690000057220459,1.6720000505447388,1.6749999523162842,16776,0.0,0.0
2024-03-15 15:30:00-04:00,1.6799999475479126,1.690000057220459,1.659999966621399,1.659999966621399,15768,0.0,0.0
2024-03-18 09:30:00-04:00,1.7000000476837158,1.7419999837875366,1.690000057220459,1.7100000381469727,53521,0.0,0.0
2024-03-18 10:30:00-04:00,1.7101000547409058,1.75,1.7101000547409058,1.729599952697754,18906,0.0,0.0
2024-03-18 11:30:00-04:00,1.7200000286102295,1.739300012588501,1.7200000286102295,1.7300000190734863,6634,0.0,0.0
2024-03-18 12:30:00-04:00,1.7300000190734863,1.75,1.7300000190734863,1.75,9567,0.0,0.0
2024-03-18 13:30:00-04:00,1.747499942779541,1.7960000038146973,1.7400000095367432,1.7899999618530273,31091,0.0,0.0
2024-03-18 14:30:00-04:00,1.7893999814987183,1.840000033378601,1.7799999713897705,1.8220000267028809,53295,0.0,0.0
2024-03-18 15:30:00-04:00,1.8300000429153442,1.840000033378601,1.7999999523162842,1.7999999523162842,30511,0.0,0.0
2024-03-19 09:30:00-04:00,1.8700000047683716,1.8799999952316284,1.7999999523162842,1.815000057220459,120687,0.0,0.0
2024-03-19 10:30:00-04:00,1.815000057220459,1.8580000400543213,1.7802000045776367,1.784999966621399,71377,0.0,0.0
2024-03-19 11:30:00-04:00,1.7869000434875488,1.7899999618530273,1.771299958229065,1.771299958229065,16771,0.0,0.0
2024-03-19 12:30:00-04:00,1.7799999713897705,1.7999000549316406,1.75,1.7999000549316406,33425,0.0,0.0
2024-03-19 13:30:00-04:00,1.7999000549316406,1.8049999475479126,1.7900999784469604,1.7964999675750732,31788,0.0,0.0
2024-03-19 14:30:00-04:00,1.7920000553131104,1.8049999475479126,1.7899999618530273,1.7999999523162842,27642,0.0,0.0
2024-03-19 15:30:00-04:00,1.7999999523162842,1.809999942779541,1.7961000204086304,1.7999999523162842,20747,0.0,0.0
2024-03-20 09:30:00-04:00,1.7999999523162842,1.8200000524520874,1.7705999612808228,1.7999999523162842,45480,0.0,0.0
2024-03-20 10:30:00-04:00,1.8086999654769897,1.8086999654769897,1.7900999784469604,1.7999999523162842,10596,0.0,0.0
2024-03-20 11:30:00-04:00,1.7992000579833984,1.7999999523162842,1.7899999618530273,1.7999000549316406,14284,0.0,0.0
2024-03-20 12:30:00-04:00,1.7992000579833984,1.7999999523162842,1.7699999809265137,1.7699999809265137,17114,0.0,0.0
2024-03-20 13:30:00-04:00,1.774999976158142,1.774999976158142,1.7599999904632568,1.7599999904632568,5099,0.0,0.0
2024-03-20 14:30:00-04:00,1.7699999809265137,1.7799999713897705,1.7200000286102295,1.7301000356674194,46583,0.0,0.0
2024-03-20 15:30:00-04:00,1.7350000143051147,1.75,1.7300000190734863,1.7400000095367432,22538,0.0,0.0
2024-03-21 09:30:00-04:00,1.7400000095367432,1.8199000358581543,1.7400000095367432,1.8107000589370728,36189,0.0,0.0
2024-03-21 10:30:00-04:00,1.815999984741211,1.840000033378601,1.7999999523162842,1.815000057220459,38377,0.0,0.0
2024-03-21 11:30:00-04:00,1.8170000314712524,1.8200000524520874,1.7899999618530273,1.7899999618530273,29320,0.0,0.0
2024-03-21 12:30:00-04:00,1.7949999570846558,1.809999942779541,1.7899999618530273,1.7999999523162842,26116,0.0,0.0
2024-03-21 13:30:00-04:00,1.7999999523162842,1.8700000047683716,1.7999999523162842,1.8650000095367432,85681,0.0,0.0
2024-03-21 14:30:00-04:00,1.8600000143051147,1.940000057220459,1.8600000143051147,1.875,114827,0.0,0.0
2024-03-21 15:30:00-04:00,1.899899959564209,1.940000057220459,1.8799999952316284,1.9279999732971191,92913,0.0,0.0
2024-03-22 09:30:00-04:00,1.9299999475479126,1.940000057220459,1.871000051498413,1.899899959564209,29531,0.0,0.0
2024-03-22 10:30:00-04:00,1.8910000324249268,1.899899959564209,1.8200000524520874,1.8200000524520874,56679,0.0,0.0
2024-03-22 11:30:00-04:00,1.809999942779541,1.8200000524520874,1.7955000400543213,1.815000057220459,30909,0.0,0.0
2024-03-22 12:30:00-04:00,1.8179999589920044,1.8200000524520874,1.7999999523162842,1.8199000358581543,35204,0.0,0.0
2024-03-22 13:30:00-04:00,1.809999942779541,1.8179999589920044,1.7999999523162842,1.7999999523162842,19229,0.0,0.0
2024-03-22 14:30:00-04:00,1.7999999523162842,1.8300000429153442,1.7899999618530273,1.809999942779541,33747,0.0,0.0
2024-03-22 15:30:00-04:00,1.8109999895095825,1.8799999952316284,1.7999999523162842,1.8799999952316284,36400,0.0,0.0
2024-03-25 09:30:00-04:00,1.899999976158142,1.9500000476837158,1.8799999952316284,1.9299999475479126,46653,0.0,0.0
2024-03-25 10:30:00-04:00,1.9294999837875366,1.9700000286102295,1.9199999570846558,1.940000057220459,52884,0.0,0.0
2024-03-25 11:30:00-04:00,1.934999942779541,1.968999981880188,1.9299999475479126,1.9600000381469727,14682,0.0,0.0
2024-03-25 12:30:00-04:00,1.9532999992370605,1.9700000286102295,1.9500000476837158,1.9700000286102295,19197,0.0,0.0
2024-03-25 13:30:00-04:00,1.965000033378601,1.965000033378601,1.951799988746643,1.9594999551773071,8806,0.0,0.0
2024-03-25 14:30:00-04:00,1.9599000215530396,1.9700000286102295,1.9509999752044678,1.9607000350952148,16641,0.0,0.0
2024-03-25 15:30:00-04:00,1.9699000120162964,1.9900000095367432,1.9600000381469727,1.9900000095367432,29374,0.0,0.0
2024-03-26 09:30:00-04:00,2.0,2.0,1.8799999952316284,1.9199999570846558,98063,0.0,0.0
2024-03-26 10:30:00-04:00,1.9210000038146973,1.9299999475479126,1.909999966621399,1.9299999475479126,8602,0.0,0.0
2024-03-26 11:30:00-04:00,1.9299999475479126,1.940000057220459,1.9199999570846558,1.940000057220459,8220,0.0,0.0
2024-03-26 12:30:00-04:00,1.9200999736785889,1.9700000286102295,1.9200999736785889,1.9699000120162964,29337,0.0,0.0
2024-03-26 13:30:00-04:00,1.9615000486373901,1.9699000120162964,1.9500000476837158,1.9500000476837158,11775,0.0,0.0
2024-03-26 14:30:00-04:00,1.9500000476837158,1.9600000381469727,1.9400999546051025,1.9600000381469727,12902,0.0,0.0
2024-03-26 15:30:00-04:00,1.9500000476837158,1.9800000190734863,1.940000057220459,1.9800000190734863,20806,0.0,0.0
2024-03-27 09:30:00-04:00,1.9600000381469727,1.9600000381469727,1.9149999618530273,1.9500000476837158,27480,0.0,0.0
2024-03-27 10:30:00-04:00,1.940999984741211,1.968999981880188,1.940000057220459,1.9450000524520874,1535,0.0,0.0
2024-03-27 11:30:00-04:00,1.9299999475479126,1.9500000476837158,1.9199999570846558,1.9378000497817993,20104,0.0,0.0
2024-03-27 12:30:00-04:00,1.9399000406265259,1.9500000476837158,1.9199999570846558,1.9299999475479126,9874,0.0,0.0
2024-03-27 13:30:00-04:00,1.940000057220459,1.9500000476837158,1.909999966621399,1.9138000011444092,18377,0.0,0.0
2024-03-27 14:30:00-04:00,1.9199999570846558,1.9299999475479126,1.8799999952316284,1.8849999904632568,12352,0.0,0.0
2024-03-27 15:30:00-04:00,1.8801000118255615,1.909999966621399,1.8600000143051147,1.899999976158142,35793,0.0,0.0
2024-03-28 09:30:00-04:00,1.9199999570846558,1.9600000381469727,1.910099983215332,1.9498000144958496,66665,0.0,0.0
2024-03-28 10:30:00-04:00,1.9399000406265259,1.9399000406265259,1.8200000524520874,1.8890000581741333,104973,0.0,0.0
2024-03-28 11:30:00-04:00,1.8700000047683716,1.8799999952316284,1.8650000095367432,1.8799999952316284,10190,0.0,0.0
2024-03-28 12:30:00-04:00,1.8776999711990356,1.8776999711990356,1.8701000213623047,1.875,2004,0.0,0.0
2024-03-28 13:30:00-04:00,1.8702000379562378,1.875,1.840000033378601,1.8418999910354614,24894,0.0,0.0
2024-03-28 14:30:00-04:00,1.840000033378601,1.8600000143051147,1.8300000429153442,1.850000023841858,19761,0.0,0.0
2024-03-28 15:30:00-04:00,1.8550000190734863,1.8580000400543213,1.850000023841858,1.850000023841858,2625,0.0,0.0
2024-04-01 09:30:00-04:00,1.8600000143051147,1.8600000143051147,1.75,1.7599999904632568,114428,0.0,0.0
2024-04-01 10:30:00-04:00,1.7610000371932983,1.8092000484466553,1.7610000371932983,1.7899999618530273,27449,0.0,0.0
2024-04-01 11:30:00-04:00,1.7799999713897705,1.781000018119812,1.7201999425888062,1.7699999809265137,30777,0.0,0.0
2024-04-01 12:30:00-04:00,1.7699999809265137,1.850000023841858,1.750100016593933,1.850000023841858,43827,0.0,0.0
2024-04-01 13:30:00-04:00,1.850000023841858,1.8700000047683716,1.840000033378601,1.8700000047683716,16197,0.0,0.0
2024-04-01 14:30:00-04:00,1.8600000143051147,1.8700000047683716,1.8502000570297241,1.8550000190734863,7159,0.0,0.0
2024-04-01 15:30:00-04:00,1.8559000492095947,1.8600000143051147,1.8109999895095825,1.850000023841858,30175,0.0,0.0
2024-04-02 09:30:00-04:00,1.8600000143051147,1.8600000143051147,1.7799999713897705,1.8300000429153442,38425,0.0,0.0
2024-04-02 10:30:00-04:00,1.807800054550171,1.8200000524520874,1.7649999856948853,1.8200000524520874,13810,0.0,0.0
2024-04-02 11:30:00-04:00,1.8279000520706177,1.8279000520706177,1.8200000524520874,1.8200000524520874,1304,0.0,0.0
2024-04-02 12:30:00-04:00,1.809999942779541,1.840000033378601,1.809999942779541,1.8300000429153442,15334,0.0,0.0
2024-04-02 13:30:00-04:00,1.8250000476837158,1.8899999856948853,1.8250000476837158,1.8799999952316284,34310,0.0,0.0
2024-04-02 14:30:00-04:00,1.8799999952316284,1.8899999856948853,1.8700000047683716,1.8773000240325928,10516,0.0,0.0
2024-04-02 15:30:00-04:00,1.875,1.8799999952316284,1.8700000047683716,1.8700000047683716,7709,0.0,0.0
2024-04-03 09:30:00-04:00,1.8700000047683716,1.9500000476837158,1.8700000047683716,1.9299999475479126,50317,0.0,0.0
2024-04-03 10:30:00-04:00,1.9149999618530273,1.9198999404907227,1.899999976158142,1.9098999500274658,4052,0.0,0.0
2024-04-03 11:30:00-04:00,1.9149999618530273,1.9199999570846558,1.909999966621399,1.9149999618530273,12976,0.0,0.0
2024-04-03 12:30:00-04:00,1.9199999570846558,1.9299999475479126,1.9186999797821045,1.9290000200271606,14411,0.0,0.0
2024-04-03 13:30:00-04:00,1.9249999523162842,1.940000057220459,1.920699954032898,1.9399000406265259,9113,0.0,0.0
2024-04-03 14:30:00-04:00,1.934999942779541,1.934999942779541,1.9199999570846558,1.9199999570846558,9034,0.0,0.0
2024-04-03 15:30:00-04:00,1.9199999570846558,1.940000057220459,1.909999966621399,1.940000057220459,35257,0.0,0.0
2024-04-04 09:30:00-04:00,1.9500000476837158,1.9600000381469727,1.9151999950408936,1.940000057220459,44596,0.0,0.0
2024-04-04 10:30:00-04:00,1.934999942779541,1.934999942779541,1.882099986076355,1.899899959564209,22241,0.0,0.0
2024-04-04 11:30:00-04:00,1.8801000118255615,1.9079999923706055,1.8799999952316284,1.9079999923706055,4218,0.0,0.0
2024-04-04 12:30:00-04:00,1.8899999856948853,1.899999976158142,1.889299988746643,1.899999976158142,9435,0.0,0.0
2024-04-04 13:30:00-04:00,1.899999976158142,1.899999976158142,1.8700000047683716,1.8700000047683716,7439,0.0,0.0
2024-04-04 14:30:00-04:00,1.8650000095367432,1.8700000047683716,1.850000023841858,1.8600000143051147,8595,0.0,0.0
2024-04-04 15:30:00-04:00,1.840000033378601,1.8598999977111816,1.8301000595092773,1.850000023841858,6696,0.0,0.0
2024-04-05 09:30:00-04:00,1.840000033378601,1.8700000047683716,1.8300000429153442,1.840000033378601,13658,0.0,0.0
2024-04-05 10:30:00-04:00,1.850000023841858,1.8598999977111816,1.8200000524520874,1.8300000429153442,16982,0.0,0.0
2024-04-05 11:30:00-04:00,1.8317999839782715,1.840000033378601,1.8200000524520874,1.820099949836731,27718,0.0,0.0
2024-04-05 12:30:00-04:00,1.839900016784668,1.840000033378601,1.839900016784668,1.840000033378601,3977,0.0,0.0
2024-04-05 13:30:00-04:00,1.8450000286102295,1.8450000286102295,1.7599999904632568,1.801800012588501,78712,0.0,0.0
2024-04-05 14:30:00-04:00,1.7949999570846558,1.8300000429153442,1.7899999618530273,1.8300000429153442,25060,0.0,0.0
2024-04-05 15:30:00-04:00,1.820199966430664,1.820199966430664,1.7999999523162842,1.7999999523162842,5018,0.0,0.0
2024-04-08 09:30:00-04:00,1.7999999523162842,1.7999999523162842,1.7000000476837158,1.715000033378601,112982,0.0,0.0
2024-04-08 10:30:00-04:00,1.7200000286102295,1.7899999618530273,1.7200000286102295,1.774999976158142,33175,0.0,0.0
2024-04-08 11:30:00-04:00,1.7898999452590942,1.7999999523162842,1.7700999975204468,1.7899999618530273,16014,0.0,0.0
2024-04-08 12:30:00-04:00,1.7899999618530273,1.8299000263214111,1.7899999618530273,1.8299000263214111,11661,0.0,0.0
2024-04-08 13:30:00-04:00,1.8291000127792358,1.8291000127792358,1.8200000524520874,1.8200000524520874,3569,0.0,0.0
2024-04-08 14:30:00-04:00,1.8200000524520874,1.850000023841858,1.8200000524520874,1.8300000429153442,22086,0.0,0.0
2024-04-08 15:30:00-04:00,1.8300000429153442,1.850000023841858,1.8300000429153442,1.840000033378601,32664,0.0,0.0
2024-04-09 09:30:00-04:00,1.850000023841858,1.8550000190734863,1.809999942779541,1.8300000429153442,10554,0.0,0.0
2024-04-09 10:30:00-04:00,1.8209999799728394,1.8300000429153442,1.7799999713897705,1.7999999523162842,23638,0.0,0.0
2024-04-09 11:30:00-04:00,1.7903000116348267,1.8200000524520874,1.7903000116348267,1.8200000524520874,15447,0.0,0.0
2024-04-09 12:30:00-04:00,1.8200000524520874,1.8200000524520874,1.8039000034332275,1.8200000524520874,12912,0.0,0.0
2024-04-09 13:30:00-04:00,1.809999942779541,1.8200000524520874,1.7999999523162842,1.809999942779541,2014,0.0,0.0
2024-04-09 14:30:00-04:00,1.8199000358581543,1.844099998474121,1.8000999689102173,1.8000999689102173,26606,0.0,0.0
2024-04-09 15:30:00-04:00,1.8289999961853027,1.8600000143051147,1.8200000524520874,1.850000023841858,12826,0.0,0.0
2024-04-10 09:30:00-04:00,1.840000033378601,1.8590999841690063,1.8200000524520874,1.8590999841690063,29138,0.0,0.0
2024-04-10 10:30:00-04:00,1.8519999980926514,1.8600000143051147,1.840000033378601,1.850000023841858,5629,0.0,0.0
2024-04-10 11:30:00-04:00,1.850000023841858,1.850000023841858,1.7799999713897705,1.7799999713897705,37334,0.0,0.0
2024-04-10 12:30:00-04:00,1.7999000549316406,1.7999000549316406,1.75,1.75,19111,0.0,0.0
2024-04-10 13:30:00-04:00,1.75,1.7999999523162842,1.75,1.7999999523162842,26696,0.0,0.0
2024-04-10 14:30:00-04:00,1.7999999523162842,1.840000033378601,1.7999000549316406,1.8300000429153442,11758,0.0,0.0
2024-04-10 15:30:00-04:00,1.8300000429153442,1.8600000143051147,1.8300000429153442,1.840000033378601,50404,0.0,0.0
2024-04-11 09:30:00-04:00,1.899999976158142,2.0,1.8801000118255615,1.9559999704360962,146551,0.0,0.0
2024-04-11 10:30:00-04:00,1.9609999656677246,1.9700000286102295,1.9110000133514404,1.9199999570846558,32357,0.0,0.0
2024-04-11 11:30:00-04:00,1.9110000133514404,1.9110000133514404,1.8799999952316284,1.8801000118255615,23773,0.0,0.0
2024-04-11 12:30:00-04:00,1.8799999952316284,1.8818000555038452,1.8600000143051147,1.8700000047683716,27390,0.0,0.0
2024-04-11 13:30:00-04:00,1.8700000047683716,1.8700000047683716,1.8600000143051147,1.86080002784729,16528,0.0,0.0
2024-04-11 14:30:00-04:00,1.8650000095367432,1.8694000244140625,1.8600000143051147,1.8600000143051147,18205,0.0,0.0
2024-04-11 15:30:00-04:00,1.8569999933242798,1.8700000047683716,1.8300000429153442,1.8600000143051147,27057,0.0,0.0
2024-04-12 09:30:00-04:00,1.9199999570846558,1.9199999570846558,1.8700000047683716,1.8980000019073486,33443,0.0,0.0
2024-04-12 10:30:00-04:00,1.8960000276565552,1.940000057220459,1.891700029373169,1.940000057220459,19423,0.0,0.0
2024-04-12 11:30:00-04:00,1.934999942779541,1.940000057220459,1.9106999635696411,1.9149999618530273,22104,0.0,0.0
2024-04-12 12:30:00-04:00,1.9149999618530273,1.9198999404907227,1.8700000047683716,1.8700000047683716,12715,0.0,0.0
2024-04-12 13:30:00-04:00,1.871999979019165,1.8798999786376953,1.8559999465942383,1.879699945449829,8056,0.0,0.0
2024-04-12 14:30:00-04:00,1.878999948501587,1.8799999952316284,1.8300000429153442,1.840000033378601,21232,0.0,0.0
2024-04-12 15:30:00-04:00,1.8300000429153442,1.850000023841858,1.8300000429153442,1.850000023841858,7432,0.0,0.0
2024-04-15 09:30:00-04:00,1.8799999952316284,1.8799999952316284,1.840000033378601,1.8450000286102295,24670,0.0,0.0
2024-04-15 10:30:00-04:00,1.840000033378601,1.9199999570846558,1.840000033378601,1.8626999855041504,75131,0.0,0.0
2024-04-15 11:30:00-04:00,1.8799999952316284,1.899899959564209,1.8799999952316284,1.88100004196167,3999,0.0,0.0
2024-04-15 12:30:00-04:00,1.9098999500274658,1.9098999500274658,1.850000023841858,1.850000023841858,22909,0.0,0.0
2024-04-15 13:30:00-04:00,1.850000023841858,1.8600000143051147,1.840000033378601,1.8600000143051147,17605,0.0,0.0
2024-04-15 14:30:00-04:00,1.8589999675750732,1.8589999675750732,1.840000033378601,1.8450000286102295,11739,0.0,0.0
2024-04-15 15:30:00-04:00,1.8410999774932861,1.8550000190734863,1.840000033378601,1.8550000190734863,3844,0.0,0.0
2024-04-16 09:30:00-04:00,1.8700000047683716,1.8700000047683716,1.7699999809265137,1.8035000562667847,42579,0.0,0.0
2024-04-16 10:30:00-04:00,1.7999999523162842,1.8200000524520874,1.7899999618530273,1.809999942779541,8464,0.0,0.0
2024-04-16 11:30:00-04:00,1.7935999631881714,1.7935999631881714,1.7899999618530273,1.7899999618530273,3997,0.0,0.0
2024-04-16 12:30:00-04:00,1.7999999523162842,1.8083000183105469,1.7899999618530273,1.7999999523162842,16635,0.0,0.0
2024-04-16 13:30:00-04:00,1.7899999618530273,1.7999999523162842,1.7899999618530273,1.7999999523162842,2009,0.0,0.0
2024-04-16 14:30:00-04:00,1.7799999713897705,1.7999999523162842,1.7799999713897705,1.7899999618530273,14374,0.0,0.0
2024-04-16 15:30:00-04:00,1.784999966621399,1.7999999523162842,1.7799999713897705,1.7999999523162842,3360,0.0,0.0
2024-04-17 09:30:00-04:00,1.809999942779541,1.809999942779541,1.7799999713897705,1.7899999618530273,22400,0.0,0.0
2024-04-17 10:30:00-04:00,1.7860000133514404,1.7860000133514404,1.7706999778747559,1.7799999713897705,6089,0.0,0.0
2024-04-17 11:30:00-04:00,1.774999976158142,1.774999976158142,1.7599999904632568,1.76010000705719,13368,0.0,0.0
2024-04-17 12:30:00-04:00,1.7599999904632568,1.7610000371932983,1.7300000190734863,1.7400000095367432,38473,0.0,0.0
2024-04-17 13:30:00-04:00,1.7407000064849854,1.75,1.7400000095367432,1.75,10368,0.0,0.0
2024-04-17 14:30:00-04:00,1.7450000047683716,1.7598999738693237,1.7450000047683716,1.7598999738693237,7062,0.0,0.0
2024-04-17 15:30:00-04:00,1.7497999668121338,1.749899983406067,1.7400000095367432,1.7400000095367432,7123,0.0,0.0
2024-04-18 09:30:00-04:00,1.7699999809265137,1.8799999952316284,1.7549999952316284,1.8600000143051147,95276,0.0,0.0
2024-04-18 10:30:00-04:00,1.8598999977111816,1.9179999828338623,1.8598999977111816,1.9005000591278076,34629,0.0,0.0
2024-04-18 11:30:00-04:00,1.9157999753952026,1.9199999570846558,1.8610999584197998,1.878999948501587,26568,0.0,0.0
2024-04-18 12:30:00-04:00,1.8638999462127686,1.8693000078201294,1.8300000429153442,1.8421000242233276,9426,0.0,0.0
2024-04-18 13:30:00-04:00,1.8300000429153442,1.850000023841858,1.8300000429153442,1.840000033378601,9855,0.0,0.0
2024-04-18 14:30:00-04:00,1.8300000429153442,1.8459999561309814,1.809999942779541,1.8200000524520874,8378,0.0,0.0
2024-04-18 15:30:00-04:00,1.8250000476837158,1.850000023841858,1.809999942779541,1.850000023841858,15449,0.0,0.0
2024-04-19 09:30:00-04:00,1.840000033378601,1.8899999856948853,1.8000999689102173,1.8600000143051147,25978,0.0,0.0
2024-04-19 10:30:00-04:00,1.8798999786376953,1.8798999786376953,1.809999942779541,1.8200000524520874,36849,0.0,0.0
2024-04-19 11:30:00-04:00,1.8200000524520874,1.820099949836731,1.8000999689102173,1.820099949836731,13030,0.0,0.0
2024-04-19 12:30:00-04:00,1.8020000457763672,1.809999942779541,1.7949999570846558,1.7949999570846558,10959,0.0,0.0
2024-04-19 13:30:00-04:00,1.791700005531311,1.7999999523162842,1.774999976158142,1.784999966621399,35642,0.0,0.0
2024-04-19 14:30:00-04:00,1.7799999713897705,1.7898999452590942,1.7699999809265137,1.7699999809265137,39021,0.0,0.0
2024-04-19 15:30:00-04:00,1.7798999547958374,1.7799999713897705,1.7400000095367432,1.7649999856948853,51613,0.0,0.0
2024-04-22 09:30:00-04:00,1.7799999713897705,1.819599986076355,1.75,1.7720999717712402,22732,0.0,0.0
2024-04-22 10:30:00-04:00,1.7760000228881836,1.778499960899353,1.7599999904632568,1.778499960899353,4193,0.0,0.0
2024-04-22 11:30:00-04:00,1.7699999809265137,1.7699999809265137,1.7526999711990356,1.7549999952316284,12072,0.0,0.0
2024-04-22 12:30:00-04:00,1.7599999904632568,1.7599999904632568,1.75,1.75,6185,0.0,0.0
2024-04-22 13:30:00-04:00,1.7592999935150146,1.7699999809265137,1.7592999935150146,1.7699999809265137,3136,0.0,0.0
2024-04-22 14:30:00-04:00,1.7599999904632568,1.7599999904632568,1.7450000047683716,1.75,33259,0.0,0.0
2024-04-22 15:30:00-04:00,1.7598999738693237,1.7649999856948853,1.75,1.7599999904632568,16979,0.0,0.0
2024-04-23 09:30:00-04:00,1.7699999809265137,1.7999999523162842,1.7699999809265137,1.7949999570846558,0,0.0,0.0
2024-04-23 10:30:00-04:00,1.7999999523162842,1.809999942779541,1.7999999523162842,1.8000999689102173,4007,0.0,0.0
2024-04-23 11:30:00-04:00,1.7999999523162842,1.8200000524520874,1.7999999523162842,1.8200000524520874,6673,0.0,0.0
2024-04-23 12:30:00-04:00,1.8199000358581543,1.8700000047683716,1.8199000358581543,1.840000033378601,22879,0.0,0.0
2024-04-23 13:30:00-04:00,1.840000033378601,1.850000023841858,1.8300000429153442,1.8300000429153442,18353,0.0,0.0
2024-04-23 14:30:00-04:00,1.8499000072479248,1.8849999904632568,1.840000033378601,1.8799999952316284,36833,0.0,0.0
2024-04-23 15:30:00-04:00,1.875,1.8899999856948853,1.8700000047683716,1.8799999952316284,22083,0.0,0.0
2024-04-24 09:30:00-04:00,1.8700000047683716,1.8980000019073486,1.8700000047683716,1.8980000019073486,18635,0.0,0.0
2024-04-24 10:30:00-04:00,1.8960000276565552,1.9199999570846558,1.8700000047683716,1.875,9520,0.0,0.0
2024-04-24 11:30:00-04:00,1.8700000047683716,1.8700000047683716,1.8700000047683716,1.8700000047683716,200,0.0,0.0
2024-04-24 12:30:00-04:00,1.8799999952316284,1.8899999856948853,1.850000023841858,1.8600000143051147,14328,0.0,0.0
2024-04-24 13:30:00-04:00,1.8600000143051147,1.8650000095367432,1.8550000190734863,1.8550000190734863,6679,0.0,0.0
2024-04-24 14:30:00-04:00,1.8550000190734863,1.8550000190734863,1.8550000190734863,1.8550000190734863,2432,0.0,0.0
2024-04-24 15:30:00-04:00,1.8533999919891357,1.8700000047683716,1.850000023841858,1.850000023841858,19721,0.0,0.0
2024-04-25 09:30:00-04:00,1.8200000524520874,1.8279999494552612,1.7400000095367432,1.7920000553131104,109192,0.0,0.0
2024-04-25 10:30:00-04:00,1.7901999950408936,1.8032000064849854,1.7899999618530273,1.7900999784469604,5503,0.0,0.0
2024-04-25 11:30:00-04:00,1.7999999523162842,1.809999942779541,1.7900999784469604,1.7999999523162842,3629,0.0,0.0
2024-04-25 12:30:00-04:00,1.791700005531311,1.850000023841858,1.7899999618530273,1.840000033378601,27065,0.0,0.0
2024-04-25 13:30:00-04:00,1.8313000202178955,1.840000033378601,1.8200000524520874,1.8300000429153442,11741,0.0,0.0
2024-04-25 14:30:00-04:00,1.8200000524520874,1.8300000429153442,1.809999942779541,1.8300000429153442,4376,0.0,0.0
2024-04-25 15:30:00-04:00,1.8200000524520874,1.8200000524520874,1.7949999570846558,1.7999999523162842,13694,0.0,0.0
2024-04-26 09:30:00-04:00,1.840000033378601,1.850000023841858,1.809999942779541,1.8299000263214111,25316,0.0,0.0
2024-04-26 10:30:00-04:00,1.8250000476837158,1.8300000429153442,1.809999942779541,1.8300000429153442,5053,0.0,0.0
2024-04-26 11:30:00-04:00,1.809999942779541,1.8299000263214111,1.8006999492645264,1.809999942779541,21603,0.0,0.0
2024-04-26 12:30:00-04:00,1.816100001335144,1.816100001335144,1.809999942779541,1.809999942779541,2463,0.0,0.0
2024-04-26 13:30:00-04:00,1.809999942779541,1.815000057220459,1.809999942779541,1.809999942779541,4720,0.0,0.0
2024-04-26 14:30:00-04:00,1.8140000104904175,1.8199000358581543,1.809999942779541,1.809999942779541,3793,0.0,0.0
2024-04-26 15:30:00-04:00,1.7999999523162842,1.8049999475479126,1.7899999618530273,1.7920000553131104,5930,0.0,0.0
2024-04-29 09:30:00-04:00,1.7699999809265137,1.809999942779541,1.7699999809265137,1.809999942779541,56297,0.0,0.0
2024-04-29 10:30:00-04:00,1.7999999523162842,1.805999994277954,1.7899999618530273,1.7949999570846558,4370,0.0,0.0
2024-04-29 11:30:00-04:00,1.7999999523162842,1.8294999599456787,1.7949999570846558,1.8250000476837158,38080,0.0,0.0
2024-04-29 12:30:00-04:00,1.822100043296814,1.8300000429153442,1.7900999784469604,1.7906999588012695,15768,0.0,0.0
2024-04-29 13:30:00-04:00,1.7949999570846558,1.7999999523162842,1.7906999588012695,1.7949999570846558,13379,0.0,0.0
2024-04-29 14:30:00-04:00,1.7960000038146973,1.8200000524520874,1.7949999570846558,1.809999942779541,7739,0.0,0.0
2024-04-29 15:30:00-04:00,1.8200000524520874,1.8200000524520874,1.809999942779541,1.8200000524520874,5257,0.0,0.0
2024-04-30 09:30:00-04:00,1.8300000429153442,1.8300000429153442,1.7799999713897705,1.8049999475479126,30569,0.0,0.0
2024-04-30 10:30:00-04:00,1.8099000453948975,1.809999942779541,1.8001999855041504,1.809000015258789,12600,0.0,0.0
2024-04-30 11:30:00-04:00,1.7999999523162842,1.809999942779541,1.7999999523162842,1.809999942779541,3915,0.0,0.0
2024-04-30 12:30:00-04:00,1.805999994277954,1.809999942779541,1.805999994277954,1.809999942779541,4768,0.0,0.0
2024-04-30 13:30:00-04:00,1.8049999475479126,1.809999942779541,1.8000999689102173,1.809999942779541,16725,0.0,0.0
2024-04-30 14:30:00-04:00,1.809999942779541,1.809999942779541,1.8000999689102173,1.8049999475479126,3893,0.0,0.0
2024-04-30 15:30:00-04:00,1.809999942779541,1.809999942779541,1.8041000366210938,1.8087999820709229,8797,0.0,0.0
2024-05-01 09:30:00-04:00,1.7999999523162842,1.8300000429153442,1.7899999618530273,1.7926000356674194,38821,0.0,0.0
2024-05-01 10:30:00-04:00,1.7999999523162842,1.7999999523162842,1.7799999713897705,1.784999966621399,10934,0.0,0.0
2024-05-01 11:30:00-04:00,1.788100004196167,1.7999999523162842,1.7807999849319458,1.7999999523162842,12306,0.0,0.0
2024-05-01 12:30:00-04:00,1.7800999879837036,1.809999942779541,1.7800999879837036,1.8049999475479126,18724,0.0,0.0
2024-05-01 13:30:00-04:00,1.8008999824523926,1.8049999475479126,1.7999999523162842,1.7999999523162842,1428,0.0,0.0
2024-05-01 14:30:00-04:00,1.8049999475479126,1.8131999969482422,1.7999999523162842,1.8049999475479126,11136,0.0,0.0
2024-05-01 15:30:00-04:00,1.8049999475479126,1.809999942779541,1.7999999523162842,1.809999942779541,7099,0.0,0.0
2024-05-02 09:30:00-04:00,1.7799999713897705,1.7999999523162842,1.7699999809265137,1.7949999570846558,35466,0.0,0.0
2024-05-02 10:30:00-04:00,1.7960000038146973,1.840000033378601,1.7960000038146973,1.8107000589370728,22157,0.0,0.0
2024-05-02 11:30:00-04:00,1.809999942779541,1.8200000524520874,1.7999999523162842,1.7999999523162842,8488,0.0,0.0
2024-05-02 12:30:00-04:00,1.7949999570846558,1.8099000453948975,1.7899999618530273,1.8099000453948975,13342,0.0,0.0
2024-05-02 13:30:00-04:00,1.8099000453948975,1.8099000453948975,1.7899999618530273,1.7999999523162842,11305,0.0,0.0
2024-05-02 14:30:00-04:00,1.7899999618530273,1.7949999570846558,1.7899999618530273,1.7949999570846558,2416,0.0,0.0
2024-05-02 15:30:00-04:00,1.7949999570846558,1.7949999570846558,1.7899999618530273,1.7899999618530273,3706,0.0,0.0
2024-05-03 09:30:00-04:00,1.7999999523162842,1.7999999523162842,1.7699999809265137,1.774999976158142,29902,0.0,0.0
2024-05-03 10:30:00-04:00,1.774999976158142,1.809999942779541,1.774999976158142,1.8049999475479126,36903,0.0,0.0
2024-05-03 11:30:00-04:00,1.8049999475479126,1.809999942779541,1.8000999689102173,1.8049999475479126,16761,0.0,0.0
2024-05-03 12:30:00-04:00,1.809999942779541,1.809999942779541,1.8008999824523926,1.809999942779541,4143,0.0,0.0
2024-05-03 13:30:00-04:00,1.8049999475479126,1.809999942779541,1.7999999523162842,1.8049999475479126,4787,0.0,0.0
2024-05-03 14:30:00-04:00,1.8049999475479126,1.809999942779541,1.7999999523162842,1.7999999523162842,28840,0.0,0.0
2024-05-03 15:30:00-04:00,1.7899999618530273,1.7899999618530273,1.7799999713897705,1.7799999713897705,12495,0.0,0.0
2024-05-06 09:30:00-04:00,1.809999942779541,1.850000023841858,1.7999999523162842,1.850000023841858,45568,0.0,0.0
2024-05-06 10:30:00-04:00,1.8450000286102295,1.8899999856948853,1.7799999713897705,1.8806999921798706,33093,0.0,0.0
2024-05-06 11:30:00-04:00,1.8799999952316284,1.9199999570846558,1.8610999584197998,1.9199999570846558,79931,0.0,0.0
2024-05-06 12:30:00-04:00,1.9149999618530273,1.965399980545044,1.9000999927520752,1.9450000524520874,46721,0.0,0.0
2024-05-06 13:30:00-04:00,1.934999942779541,1.9500000476837158,1.9300999641418457,1.9397000074386597,19673,0.0,0.0
2024-05-06 14:30:00-04:00,1.934999942779541,1.940000057220459,1.899999976158142,1.9049999713897705,13591,0.0,0.0
2024-05-06 15:30:00-04:00,1.9049999713897705,1.9199999570846558,1.899999976158142,1.909999966621399,18851,0.0,0.0
2024-05-07 09:30:00-04:00,1.899999976158142,1.9198999404907227,1.8799999952316284,1.9149999618530273,34846,0.0,0.0
2024-05-07 10:30:00-04:00,1.909999966621399,1.9797999858856201,1.909999966621399,1.9299999475479126,46283,0.0,0.0
2024-05-07 11:30:00-04:00,1.9299999475479126,1.9393999576568604,1.9199999570846558,1.9249999523162842,29515,0.0,0.0
2024-05-07 12:30:00-04:00,1.9199999570846558,1.9299999475479126,1.899999976158142,1.899999976158142,39001,0.0,0.0
2024-05-07 13:30:00-04:00,1.899999976158142,1.9000999927520752,1.8200000524520874,1.8422000408172607,107548,0.0,0.0
2024-05-07 14:30:00-04:00,1.840000033378601,1.8499000072479248,1.8300000429153442,1.8450000286102295,16854,0.0,0.0
2024-05-07 15:30:00-04:00,1.840000033378601,1.850000023841858,1.840000033378601,1.840000033378601,18638,0.0,0.0
2024-05-08 09:30:00-04:00,1.8899999856948853,1.9199999570846558,1.8700000047683716,1.9164999723434448,29435,0.0,0.0
2024-05-08 10:30:00-04:00,1.912500023841858,1.9160000085830688,1.8799999952316284,1.8849999904632568,15279,0.0,0.0
2024-05-08 11:30:00-04:00,1.8899999856948853,1.9299999475479126,1.8899999856948853,1.9249999523162842,31656,0.0,0.0
2024-05-08 12:30:00-04:00,1.909999966621399,1.909999966621399,1.899999976158142,1.9049999713897705,10070,0.0,0.0
2024-05-08 13:30:00-04:00,1.9049999713897705,1.9098999500274658,1.899999976158142,1.9093999862670898,25675,0.0,0.0
2024-05-08 14:30:00-04:00,1.909000039100647,1.9093999862670898,1.899999976158142,1.899999976158142,12013,0.0,0.0
2024-05-08 15:30:00-04:00,1.899999976158142,1.9199999570846558,1.8980000019073486,1.9198999404907227,63217,0.0,0.0
2024-05-09 09:30:00-04:00,1.7999999523162842,1.809999942779541,1.7000000476837158,1.7000000476837158,227850,0.0,0.0
2024-05-09 10:30:00-04:00,1.7099000215530396,1.7100000381469727,1.6349999904632568,1.648800015449524,84107,0.0,0.0
2024-05-09 11:30:00-04:00,1.6399999856948853,1.6399999856948853,1.3300000429153442,1.5096999406814575,343028,0.0,0.0
2024-05-09 12:30:00-04:00,1.5049999952316284,1.5800000429153442,1.5049999952316284,1.5549999475479126,86588,0.0,0.0
2024-05-09 13:30:00-04:00,1.5499999523162842,1.5599000453948975,1.5,1.500100016593933,62176,0.0,0.0
2024-05-09 14:30:00-04:00,1.5098999738693237,1.5299999713897705,1.5,1.5299999713897705,195893,0.0,0.0
2024-05-09 15:30:00-04:00,1.534999966621399,1.5499999523162842,1.5299999713897705,1.5499999523162842,36798,0.0,0.0
2024-05-10 09:30:00-04:00,1.5299999713897705,1.5299999713897705,1.5,1.5099999904632568,99092,0.0,0.0
2024-05-10 10:30:00-04:00,1.5149999856948853,1.5199999809265137,1.5,1.5,21193,0.0,0.0
2024-05-10 11:30:00-04:00,1.5049999952316284,1.5099999904632568,1.4800000190734863,1.4800000190734863,72216,0.0,0.0
2024-05-10 12:30:00-04:00,1.4800000190734863,1.4900000095367432,1.4701000452041626,1.4701000452041626,44355,0.0,0.0
2024-05-10 13:30:00-04:00,1.470900058746338,1.4800000190734863,1.4500000476837158,1.4550000429153442,68107,0.0,0.0
2024-05-10 14:30:00-04:00,1.4550000429153442,1.4900000095367432,1.4500000476837158,1.4850000143051147,85377,0.0,0.0
2024-05-10 15:30:00-04:00,1.4800000190734863,1.5,1.4800000190734863,1.4850000143051147,58874,0.0,0.0
2024-05-13 09:30:00-04:00,1.4800000190734863,1.4950000047683716,1.4500000476837158,1.4700000286102295,95603,0.0,0.0
2024-05-13 10:30:00-04:00,1.4700000286102295,1.4700000286102295,1.4600000381469727,1.4700000286102295,41418,0.0,0.0
2024-05-13 11:30:00-04:00,1.4697999954223633,1.4700000286102295,1.4199999570846558,1.4199999570846558,73124,0.0,0.0
2024-05-13 12:30:00-04:00,1.4198999404907227,1.4299999475479126,1.409999966621399,1.4198999404907227,74817,0.0,0.0
2024-05-13 13:30:00-04:00,1.4101999998092651,1.4101999998092651,1.399999976158142,1.4049999713897705,67610,0.0,0.0
2024-05-13 14:30:00-04:00,1.4079999923706055,1.4149999618530273,1.399999976158142,1.4049999713897705,47062,0.0,0.0
2024-05-13 15:30:00-04:00,1.4019999504089355,1.409999966621399,1.399999976158142,1.4000999927520752,61595,0.0,0.0
2024-05-14 09:30:00-04:00,1.399999976158142,1.4199999570846558,1.399999976158142,1.399999976158142,110985,0.0,0.0
2024-05-14 10:30:00-04:00,1.399999976158142,1.409999966621399,1.3949999809265137,1.399999976158142,42920,0.0,0.0
2024-05-14 11:30:00-04:00,1.399999976158142,1.409999966621399,1.3899999856948853,1.3949999809265137,84885,0.0,0.0
2024-05-14 12:30:00-04:00,1.3899999856948853,1.399999976158142,1.350000023841858,1.3650000095367432,46774,0.0,0.0
2024-05-14 13:30:00-04:00,1.3650000095367432,1.3700000047683716,1.350000023841858,1.350000023841858,72946,0.0,0.0
2024-05-14 14:30:00-04:00,1.350000023841858,1.3600000143051147,1.340000033378601,1.3519999980926514,52366,0.0,0.0
2024-05-14 15:30:00-04:00,1.3550000190734863,1.3899999856948853,1.350000023841858,1.3700000047683716,115013,0.0,0.0
2024-05-15 09:30:00-04:00,1.3899999856948853,1.409999966621399,1.3716000318527222,1.3799999952316284,41356,0.0,0.0
2024-05-15 10:30:00-04:00,1.3860000371932983,1.409999966621399,1.3849999904632568,1.4079999923706055,69545,0.0,0.0
2024-05-15 11:30:00-04:00,1.409999966621399,1.409999966621399,1.4049999713897705,1.4049999713897705,20849,0.0,0.0
2024-05-15 12:30:00-04:00,1.4049999713897705,1.4098999500274658,1.399999976158142,1.4049999713897705,12201,0.0,0.0
2024-05-15 13:30:00-04:00,1.4049999713897705,1.4185999631881714,1.4049999713897705,1.409999966621399,17319,0.0,0.0
2024-05-15 14:30:00-04:00,1.4199999570846558,1.4299999475479126,1.409999966621399,1.4249000549316406,51685,0.0,0.0
2024-05-15 15:30:00-04:00,1.4299999475479126,1.4299999475479126,1.399999976158142,1.4049999713897705,55138,0.0,0.0
2024-05-16 09:30:00-04:00,1.4299999475479126,1.4399000406265259,1.4200999736785889,1.4249999523162842,30807,0.0,0.0
2024-05-16 10:30:00-04:00,1.4259999990463257,1.4299999475479126,1.4045000076293945,1.4049999713897705,8904,0.0,0.0
2024-05-16 11:30:00-04:00,1.4097000360488892,1.4299999475479126,1.4049999713897705,1.4249999523162842,35514,0.0,0.0
2024-05-16 12:30:00-04:00,1.4249999523162842,1.429900050163269,1.409999966621399,1.409999966621399,5629,0.0,0.0
2024-05-16 13:30:00-04:00,1.4199999570846558,1.4199999570846558,1.4049999713897705,1.409999966621399,14423,0.0,0.0
2024-05-16 14:30:00-04:00,1.4017000198364258,1.4299999475479126,1.4017000198364258,1.4249999523162842,35765,0.0,0.0
2024-05-16 15:30:00-04:00,1.4199999570846558,1.4299999475479126,1.4199999570846558,1.4199999570846558,6905,0.0,0.0
2024-05-17 09:30:00-04:00,1.4500000476837158,1.468000054359436,1.4299999475479126,1.464900016784668,40905,0.0,0.0
2024-05-17 10:30:00-04:00,1.4500000476837158,1.479099988937378,1.4500000476837158,1.4711999893188477,25964,0.0,0.0
2024-05-17 11:30:00-04:00,1.478700041770935,1.478700041770935,1.4600000381469727,1.4700000286102295,13986,0.0,0.0
2024-05-17 12:30:00-04:00,1.4700000286102295,1.4700000286102295,1.4550000429153442,1.465000033378601,15009,0.0,0.0
2024-05-17 13:30:00-04:00,1.4600000381469727,1.4600000381469727,1.4500000476837158,1.4502999782562256,3171,0.0,0.0
2024-05-17 14:30:00-04:00,1.4550000429153442,1.4600000381469727,1.3949999809265137,1.399999976158142,116849,0.0,0.0
2024-05-17 15:30:00-04:00,1.3899999856948853,1.399999976158142,1.3799999952316284,1.3799999952316284,58731,0.0,0.0
2024-05-20 09:30:00-04:00,1.399999976158142,1.440000057220459,1.340000033378601,1.350000023841858,274614,0.0,0.0
2024-05-20 10:30:00-04:00,1.3499000072479248,1.399899959564209,1.3499000072479248,1.3997000455856323,41940,0.0,0.0
2024-05-20 11:30:00-04:00,1.399999976158142,1.4199999570846558,1.3899999856948853,1.3899999856948853,14819,0.0,0.0
2024-05-20 12:30:00-04:00,1.3949999809265137,1.399999976158142,1.3849999904632568,1.399999976158142,6743,0.0,0.0
2024-05-20 13:30:00-04:00,1.3949999809265137,1.399999976158142,1.3899999856948853,1.399999976158142,16789,0.0,0.0
2024-05-20 14:30:00-04:00,1.3949999809265137,1.409999966621399,1.3899999856948853,1.4049999713897705,28079,0.0,0.0
2024-05-20 15:30:00-04:00,1.4088000059127808,1.409999966621399,1.399999976158142,1.409999966621399,31793,0.0,0.0
2024-05-21 09:30:00-04:00,1.409999966621399,1.4199999570846558,1.409999966621399,1.4199999570846558,35937,0.0,0.0
2024-05-21 10:30:00-04:00,1.4259999990463257,1.4500000476837158,1.4259999990463257,1.440000057220459,39660,0.0,0.0
2024-05-21 11:30:00-04:00,1.4387999773025513,1.440000057220459,1.4313000440597534,1.4399000406265259,7008,0.0,0.0
2024-05-21 12:30:00-04:00,1.440000057220459,1.440000057220459,1.434999942779541,1.436900019645691,11983,0.0,0.0
2024-05-21 13:30:00-04:00,1.434999942779541,1.440000057220459,1.4299999475479126,1.440000057220459,2690,0.0,0.0
2024-05-21 14:30:00-04:00,1.4299999475479126,1.440000057220459,1.4299999475479126,1.430299997329712,12224,0.0,0.0
2024-05-21 15:30:00-04:00,1.434999942779541,1.440000057220459,1.4299999475479126,1.4299999475479126,6826,0.0,0.0
2024-05-22 09:30:00-04:00,1.4299999475479126,1.4299999475479126,1.399999976158142,1.409999966621399,50806,0.0,0.0
2024-05-22 10:30:00-04:00,1.4110000133514404,1.4110000133514404,1.399999976158142,1.409000039100647,11930,0.0,0.0
2024-05-22 11:30:00-04:00,1.399999976158142,1.399999976158142,1.3901000022888184,1.399999976158142,12252,0.0,0.0
2024-05-22 12:30:00-04:00,1.3899999856948853,1.396299958229065,1.3899999856948853,1.3899999856948853,21048,0.0,0.0
2024-05-22 13:30:00-04:00,1.3899999856948853,1.4082000255584717,1.3799999952316284,1.399999976158142,40834,0.0,0.0
2024-05-22 14:30:00-04:00,1.4049999713897705,1.409999966621399,1.399999976158142,1.402500033378601,10882,0.0,0.0
2024-05-22 15:30:00-04:00,1.402500033378601,1.440000057220459,1.399999976158142,1.440000057220459,30577,0.0,0.0
2024-05-23 09:30:00-04:00,1.4500000476837158,1.5049999952316284,1.4500000476837158,1.4800000190734863,113668,0.0,0.0
2024-05-23 10:30:00-04:00,1.4910000562667847,1.4950000047683716,1.4801000356674194,1.4850000143051147,68474,0.0,0.0
2024-05-23 11:30:00-04:00,1.4801000356674194,1.5800000429153442,1.4801000356674194,1.5750000476837158,108439,0.0,0.0
2024-05-23 12:30:00-04:00,1.5700000524520874,1.5950000286102295,1.5299999713897705,1.5399999618530273,85044,0.0,0.0
2024-05-23 13:30:00-04:00,1.5399999618530273,1.5499999523162842,1.5099999904632568,1.5099999904632568,20685,0.0,0.0
2024-05-23 14:30:00-04:00,1.5099999904632568,1.5196000337600708,1.5099999904632568,1.5149999856948853,6293,0.0,0.0
2024-05-23 15:30:00-04:00,1.5199999809265137,1.5299999713897705,1.5099999904632568,1.5299999713897705,19049,0.0,0.0
2024-05-24 09:30:00-04:00,1.5299999713897705,1.551300048828125,1.5,1.5099999904632568,11728,0.0,0.0
2024-05-24 10:30:00-04:00,1.5160000324249268,1.524999976158142,1.5099999904632568,1.524999976158142,6174,0.0,0.0
2024-05-24 11:30:00-04:00,1.5299999713897705,1.5299999713897705,1.5,1.5099999904632568,9097,0.0,0.0
2024-05-24 12:30:00-04:00,1.5199999809265137,1.5199999809265137,1.472000002861023,1.4801000356674194,111923,0.0,0.0
2024-05-24 13:30:00-04:00,1.4800000190734863,1.5149999856948853,1.4800000190734863,1.5,9917,0.0,0.0
2024-05-24 14:30:00-04:00,1.5099999904632568,1.5299999713897705,1.5009000301361084,1.5299999713897705,20371,0.0,0.0
2024-05-24 15:30:00-04:00,1.5299999713897705,1.5399999618530273,1.5199999809265137,1.5399999618530273,19665,0.0,0.0
2024-05-28 09:30:00-04:00,1.5199999809265137,1.5887000560760498,1.5149999856948853,1.5788999795913696,60159,0.0,0.0
2024-05-28 10:30:00-04:00,1.5759999752044678,1.5759999752044678,1.5677000284194946,1.5728000402450562,4171,0.0,0.0
2024-05-28 11:30:00-04:00,1.5750000476837158,1.600000023841858,1.5700000524520874,1.590000033378601,44803,0.0,0.0
2024-05-28 12:30:00-04:00,1.590000033378601,1.590000033378601,1.5800000429153442,1.5800000429153442,19862,0.0,0.0
2024-05-28 13:30:00-04:00,1.5800000429153442,1.589900016784668,1.5501999855041504,1.5501999855041504,22887,0.0,0.0
2024-05-28 14:30:00-04:00,1.5499999523162842,1.5700000524520874,1.5199999809265137,1.5292999744415283,68694,0.0,0.0
2024-05-28 15:30:00-04:00,1.534999966621399,1.534999966621399,1.5199999809265137,1.5199999809265137,7407,0.0,0.0
2024-05-29 09:30:00-04:00,1.5499999523162842,1.559999942779541,1.5099999904632568,1.5139000415802002,113137,0.0,0.0
2024-05-29 10:30:00-04:00,1.5099999904632568,1.5499999523162842,1.500100016593933,1.5499999523162842,53000,0.0,0.0
2024-05-29 11:30:00-04:00,1.5499999523162842,1.5688999891281128,1.5199999809265137,1.5439000129699707,96540,0.0,0.0
2024-05-29 12:30:00-04:00,1.559999942779541,1.559999942779541,1.5,1.5149999856948853,52814,0.0,0.0
2024-05-29 13:30:00-04:00,1.5149999856948853,1.559999942779541,1.5149999856948853,1.5499999523162842,43806,0.0,0.0
2024-05-29 14:30:00-04:00,1.5449999570846558,1.5499999523162842,1.5199999809265137,1.5499999523162842,27565,0.0,0.0
2024-05-29 15:30:00-04:00,1.5499999523162842,1.559999942779541,1.5399999618530273,1.5399999618530273,7122,0.0,0.0
2024-05-30 09:30:00-04:00,1.5700000524520874,1.621999979019165,1.5499999523162842,1.6100000143051147,84875,0.0,0.0
2024-05-30 10:30:00-04:00,1.6059999465942383,1.625,1.590000033378601,1.590000033378601,35509,0.0,0.0
2024-05-30 11:30:00-04:00,1.590000033378601,1.5950000286102295,1.5850000381469727,1.5950000286102295,11146,0.0,0.0
2024-05-30 12:30:00-04:00,1.5980000495910645,1.5999000072479248,1.5950000286102295,1.5989999771118164,6605,0.0,0.0
2024-05-30 13:30:00-04:00,1.5994999408721924,1.6150000095367432,1.5994999408721924,1.6100000143051147,47851,0.0,0.0
2024-05-30 14:30:00-04:00,1.6092000007629395,1.6100000143051147,1.590000033378601,1.590000033378601,26692,0.0,0.0
2024-05-30 15:30:00-04:00,1.5950000286102295,1.600000023841858,1.570099949836731,1.5800000429153442,21536,0.0,0.0
2024-05-31 09:30:00-04:00,1.5700000524520874,1.579200029373169,1.5499999523162842,1.5673999786376953,27224,0.0,0.0
2024-05-31 10:30:00-04:00,1.565999984741211,1.565999984741211,1.5399999618530273,1.5515999794006348,18924,0.0,0.0
2024-05-31 11:30:00-04:00,1.5520999431610107,1.5520999431610107,1.5199999809265137,1.5200999975204468,10072,0.0,0.0
2024-05-31 12:30:00-04:00,1.5259000062942505,1.5399999618530273,1.524999976158142,1.5399999618530273,8075,0.0,0.0
2024-05-31 13:30:00-04:00,1.5391000509262085,1.5499000549316406,1.5348999500274658,1.5499000549316406,8402,0.0,0.0
2024-05-31 14:30:00-04:00,1.5499999523162842,1.5556000471115112,1.5397000312805176,1.541700005531311,9500,0.0,0.0
2024-05-31 15:30:00-04:00,1.5499000549316406,1.559999942779541,1.5399999618530273,1.5399999618530273,18968,0.0,0.0
2024-06-03 09:30:00-04:00,1.4800000190734863,1.4900000095367432,1.3799999952316284,1.389799952507019,793931,0.0,0.0
2024-06-03 10:30:00-04:00,1.3899999856948853,1.4299999475479126,1.3600000143051147,1.4249999523162842,185980,0.0,0.0
2024-06-03 11:30:00-04:00,1.4199999570846558,1.4700000286102295,1.4199999570846558,1.4600000381469727,131855,0.0,0.0
2024-06-03 12:30:00-04:00,1.465000033378601,1.4700000286102295,1.4199999570846558,1.4200999736785889,36652,0.0,0.0
2024-06-03 13:30:00-04:00,1.420199990272522,1.4299999475479126,1.4199999570846558,1.4299999475479126,27050,0.0,0.0
2024-06-03 14:30:00-04:00,1.4284000396728516,1.4294999837875366,1.409999966621399,1.4192999601364136,43566,0.0,0.0
2024-06-03 15:30:00-04:00,1.4199999570846558,1.4500000476837158,1.4149999618530273,1.4450000524520874,35687,0.0,0.0
2024-06-04 09:30:00-04:00,1.409999966621399,1.4199999570846558,1.399999976158142,1.409999966621399,93575,0.0,0.0
2024-06-04 10:30:00-04:00,1.4198999404907227,1.4299999475479126,1.4110000133514404,1.429900050163269,35265,0.0,0.0
2024-06-04 11:30:00-04:00,1.4200999736785889,1.4600000381469727,1.4200999736785889,1.4550000429153442,68336,0.0,0.0
2024-06-04 12:30:00-04:00,1.4500000476837158,1.4600000381469727,1.4500000476837158,1.4500000476837158,25186,0.0,0.0
2024-06-04 13:30:00-04:00,1.4550000429153442,1.4600000381469727,1.4500000476837158,1.4505000114440918,11872,0.0,0.0
2024-06-04 14:30:00-04:00,1.4600000381469727,1.4600000381469727,1.4299999475479126,1.434999942779541,24403,0.0,0.0
2024-06-04 15:30:00-04:00,1.434999942779541,1.440000057220459,1.4199999570846558,1.4199999570846558,22747,0.0,0.0
2024-06-05 09:30:00-04:00,1.4299999475479126,1.4299999475479126,1.38100004196167,1.4049999713897705,146674,0.0,0.0
2024-06-05 10:30:00-04:00,1.406000018119812,1.406000018119812,1.3799999952316284,1.399899959564209,24957,0.0,0.0
2024-06-05 11:30:00-04:00,1.399899959564209,1.399999976158142,1.3799999952316284,1.399899959564209,6908,0.0,0.0
2024-06-05 12:30:00-04:00,1.3949999809265137,1.399999976158142,1.3799999952316284,1.3799999952316284,28691,0.0,0.0
2024-06-05 13:30:00-04:00,1.385599970817566,1.3899999856948853,1.3600000143051147,1.3698999881744385,85439,0.0,0.0
2024-06-05 14:30:00-04:00,1.3600000143051147,1.3899999856948853,1.3600000143051147,1.3799999952316284,39650,0.0,0.0
2024-06-05 15:30:00-04:00,1.3799999952316284,1.3899999856948853,1.3700000047683716,1.3899999856948853,106481,0.0,0.0
2024-06-06 09:30:00-04:00,1.3700000047683716,1.4299999475479126,1.3700000047683716,1.4220000505447388,47080,0.0,0.0
2024-06-06 10:30:00-04:00,1.4259999990463257,1.4312000274658203,1.4199999570846558,1.4312000274658203,39506,0.0,0.0
2024-06-06 11:30:00-04:00,1.440000057220459,1.440000057220459,1.4299999475479126,1.434999942779541,6248,0.0,0.0
2024-06-06 12:30:00-04:00,1.437000036239624,1.437000036239624,1.4199999570846558,1.4249999523162842,25829,0.0,0.0
2024-06-06 13:30:00-04:00,1.4249999523162842,1.4300999641418457,1.4199999570846558,1.4220000505447388,14179,0.0,0.0
2024-06-06 14:30:00-04:00,1.4299999475479126,1.440000057220459,1.4299999475479126,1.434999942779541,9435,0.0,0.0
2024-06-06 15:30:00-04:00,1.434999942779541,1.440000057220459,1.4299999475479126,1.434999942779541,7190,0.0,0.0
2024-06-07 09:30:00-04:00,1.4299999475479126,1.4299999475479126,1.409999966621399,1.4292999505996704,9083,0.0,0.0
2024-06-07 10:30:00-04:00,1.4259999990463257,1.4320000410079956,1.4228999614715576,1.4299999475479126,11373,0.0,0.0
2024-06-07 11:30:00-04:00,1.4249999523162842,1.4500000476837158,1.4249999523162842,1.4500000476837158,15142,0.0,0.0
2024-06-07 12:30:00-04:00,1.4500000476837158,1.4500000476837158,1.440000057220459,1.4500000476837158,4984,0.0,0.0
2024-06-07 13:30:00-04:00,1.4450000524520874,1.4450000524520874,1.434999942779541,1.440000057220459,16465,0.0,0.0
2024-06-07 14:30:00-04:00,1.4299999475479126,1.434999942779541,1.4299999475479126,1.4299999475479126,4369,0.0,0.0
2024-06-07 15:30:00-04:00,1.4388999938964844,1.440000057220459,1.4199999570846558,1.4299999475479126,19349,0.0,0.0
2024-06-10 09:30:00-04:00,1.399999976158142,1.4199999570846558,1.399999976158142,1.4199999570846558,17221,0.0,0.0
2024-06-10 10:30:00-04:00,1.4210000038146973,1.4299999475479126,1.409999966621399,1.4299999475479126,10182,0.0,0.0
2024-06-10 11:30:00-04:00,1.4279999732971191,1.4450000524520874,1.4228999614715576,1.4450000524520874,33835,0.0,0.0
2024-06-10 12:30:00-04:00,1.4450000524520874,1.4450000524520874,1.4400999546051025,1.4400999546051025,2322,0.0,0.0
2024-06-10 13:30:00-04:00,1.4450000524520874,1.4500000476837158,1.440000057220459,1.440000057220459,17159,0.0,0.0
2024-06-10 14:30:00-04:00,1.4443999528884888,1.4500000476837158,1.440000057220459,1.4450000524520874,31155,0.0,0.0
2024-06-10 15:30:00-04:00,1.4450000524520874,1.4450000524520874,1.440000057220459,1.440000057220459,9802,0.0,0.0
2024-06-11 09:30:00-04:00,1.399999976158142,1.4392999410629272,1.399999976158142,1.4299999475479126,75801,0.0,0.0
2024-06-11 10:30:00-04:00,1.42739999294281,1.440000057220459,1.42739999294281,1.440000057220459,6701,0.0,0.0
2024-06-11 11:30:00-04:00,1.440000057220459,1.465000033378601,1.4299999475479126,1.434999942779541,53261,0.0,0.0
2024-06-11 12:30:00-04:00,1.4299999475479126,1.440000057220459,1.4299999475479126,1.4390000104904175,8297,0.0,0.0
2024-06-11 13:30:00-04:00,1.4398000240325928,1.440000057220459,1.4299999475479126,1.4299999475479126,14598,0.0,0.0
2024-06-11 14:30:00-04:00,1.434999942779541,1.434999942779541,1.4200999736785889,1.4200999736785889,2985,0.0,0.0
2024-06-11 15:30:00-04:00,1.4199999570846558,1.4199999570846558,1.409999966621399,1.4149999618530273,15109,0.0,0.0
2024-06-12 09:30:00-04:00,1.4199999570846558,1.440000057220459,1.3899999856948853,1.4194999933242798,34794,0.0,0.0
2024-06-12 10:30:00-04:00,1.4150999784469604,1.4150999784469604,1.3899999856948853,1.395300030708313,62189,0.0,0.0
2024-06-12 11:30:00-04:00,1.3949999809265137,1.399999976158142,1.3899999856948853,1.3949999809265137,16723,0.0,0.0
2024-06-12 12:30:00-04:00,1.3904999494552612,1.399999976158142,1.3899999856948853,1.3949999809265137,30603,0.0,0.0
2024-06-12 13:30:00-04:00,1.3901000022888184,1.399999976158142,1.3901000022888184,1.3980000019073486,5152,0.0,0.0
2024-06-12 14:30:00-04:00,1.399999976158142,1.399999976158142,1.3899999856948853,1.3899999856948853,10314,0.0,0.0
2024-06-12 15:30:00-04:00,1.3899999856948853,1.3899999856948853,1.3700000047683716,1.3700000047683716,29796,0.0,0.0
2024-06-13 09:30:00-04:00,1.3700000047683716,1.3899999856948853,1.3700000047683716,1.371399998664856,8064,0.0,0.0
2024-06-13 10:30:00-04:00,1.375,1.3798999786376953,1.371399998664856,1.375,4947,0.0,0.0
2024-06-13 11:30:00-04:00,1.375,1.3799999952316284,1.3650000095367432,1.3700000047683716,41845,0.0,0.0
2024-06-13 12:30:00-04:00,1.3650000095367432,1.3700000047683716,1.3604999780654907,1.3650000095367432,15261,0.0,0.0
2024-06-13 13:30:00-04:00,1.36899995803833,1.3799999952316284,1.3650000095367432,1.3799999952316284,10068,0.0,0.0
2024-06-13 14:30:00-04:00,1.3799999952316284,1.3799999952316284,1.3704999685287476,1.3799999952316284,7703,0.0,0.0
2024-06-13 15:30:00-04:00,1.375,1.3799999952316284,1.3701000213623047,1.375,8053,0.0,0.0
2024-06-14 09:30:00-04:00,1.3799999952316284,1.3799999952316284,1.364799976348877,1.3700000047683716,27475,0.0,0.0
2024-06-14 10:30:00-04:00,1.375,1.3799999952316284,1.3702000379562378,1.3799999952316284,10328,0.0,0.0
2024-06-14 11:30:00-04:00,1.3799999952316284,1.3849999904632568,1.3799999952316284,1.3799999952316284,8088,0.0,0.0
2024-06-14 12:30:00-04:00,1.3849999904632568,1.385200023651123,1.3849999904632568,1.385200023651123,4009,0.0,0.0
2024-06-14 13:30:00-04:00,1.3899999856948853,1.3899999856948853,1.3801000118255615,1.3898999691009521,7865,0.0,0.0
2024-06-14 14:30:00-04:00,1.3799999952316284,1.3899999856948853,1.3799999952316284,1.385200023651123,11647,0.0,0.0
2024-06-14 15:30:00-04:00,1.3849999904632568,1.3899999856948853,1.3799999952316284,1.3849999904632568,12675,0.0,0.0
2024-06-17 09:30:00-04:00,1.3799999952316284,1.3933000564575195,1.3799999952316284,1.3933000564575195,31028,0.0,0.0
2024-06-17 10:30:00-04:00,1.3938000202178955,1.399999976158142,1.3938000202178955,1.3949999809265137,7617,0.0,0.0
2024-06-17 11:30:00-04:00,1.3949999809265137,1.399999976158142,1.3901000022888184,1.399999976158142,34553,0.0,0.0
2024-06-17 12:30:00-04:00,1.3949999809265137,1.399999976158142,1.3949999809265137,1.3949999809265137,1738,0.0,0.0
2024-06-17 13:30:00-04:00,1.3949999809265137,1.4049999713897705,1.3949999809265137,1.4049999713897705,19976,0.0,0.0
2024-06-17 14:30:00-04:00,1.4049999713897705,1.4049999713897705,1.399999976158142,1.4042999744415283,5395,0.0,0.0
2024-06-17 15:30:00-04:00,1.399999976158142,1.4000999927520752,1.3899999856948853,1.3949999809265137,25559,0.0,0.0
2024-06-18 09:30:00-04:00,1.399999976158142,1.4098999500274658,1.3949999809265137,1.4006999731063843,13903,0.0,0.0
2024-06-18 10:30:00-04:00,1.4049999713897705,1.4049999713897705,1.3949999809265137,1.3949999809265137,29103,0.0,0.0
2024-06-18 11:30:00-04:00,1.3949999809265137,1.399999976158142,1.3899999856948853,1.3949999809265137,8035,0.0,0.0
2024-06-18 12:30:00-04:00,1.3949999809265137,1.3949999809265137,1.3849999904632568,1.3899999856948853,12563,0.0,0.0
2024-06-18 13:30:00-04:00,1.3949999809265137,1.3949999809265137,1.3799999952316284,1.388700008392334,36121,0.0,0.0
2024-06-18 14:30:00-04:00,1.3849999904632568,1.3898999691009521,1.375,1.3849999904632568,9627,0.0,0.0
2024-06-18 15:30:00-04:00,1.3849999904632568,1.3899999856948853,1.3799999952316284,1.3799999952316284,24938,0.0,0.0
2024-06-20 09:30:00-04:00,1.3700000047683716,1.3949999809265137,1.3700000047683716,1.3801000118255615,15307,0.0,0.0
2024-06-20 10:30:00-04:00,1.3832000494003296,1.3899999856948853,1.3799999952316284,1.38100004196167,13268,0.0,0.0
2024-06-20 11:30:00-04:00,1.3839999437332153,1.399999976158142,1.3839999437332153,1.399999976158142,23014,0.0,0.0
2024-06-20 12:30:00-04:00,1.395799994468689,1.4010000228881836,1.3901000022888184,1.4010000228881836,16617,0.0,0.0
2024-06-20 13:30:00-04:00,1.399999976158142,1.4049999713897705,1.3899999856948853,1.3990999460220337,19520,0.0,0.0
2024-06-20 14:30:00-04:00,1.399999976158142,1.4068000316619873,1.399999976158142,1.4000999927520752,5938,0.0,0.0
2024-06-20 15:30:00-04:00,1.4002000093460083,1.4052000045776367,1.399999976158142,1.399999976158142,543,0.0,0.0
2024-06-21 09:30:00-04:00,1.3899999856948853,1.4000999927520752,1.3899999856948853,1.3901000022888184,16093,0.0,0.0
2024-06-21 10:30:00-04:00,1.399999976158142,1.4005999565124512,1.3899999856948853,1.3949999809265137,13489,0.0,0.0
2024-06-21 11:30:00-04:00,1.3901000022888184,1.399899959564209,1.3799999952316284,1.3899999856948853,13453,0.0,0.0
2024-06-21 12:30:00-04:00,1.3899999856948853,1.3949999809265137,1.3899999856948853,1.3949999809265137,8234,0.0,0.0
2024-06-21 13:30:00-04:00,1.3899999856948853,1.3949999809265137,1.3899999856948853,1.3899999856948853,11019,0.0,0.0
2024-06-21 14:30:00-04:00,1.3949999809265137,1.3949999809265137,1.3899999856948853,1.3949999809265137,3131,0.0,0.0
2024-06-21 15:30:00-04:00,1.3949999809265137,1.399999976158142,1.3899999856948853,1.3899999856948853,13029,0.0,0.0
2024-06-24 09:30:00-04:00,1.3899999856948853,1.4299999475479126,1.3899999856948853,1.409999966621399,0,0.0,0.0
2024-06-24 10:30:00-04:00,1.409999966621399,1.4149999618530273,1.3899999856948853,1.4149999618530273,36895,0.0,0.0
2024-06-24 11:30:00-04:00,1.4149999618530273,1.4383000135421753,1.409999966621399,1.4383000135421753,20715,0.0,0.0
2024-06-24 12:30:00-04:00,1.4299999475479126,1.440000057220459,1.4199999570846558,1.434999942779541,31136,0.0,0.0
2024-06-24 13:30:00-04:00,1.440000057220459,1.440000057220459,1.4299999475479126,1.440000057220459,22346,0.0,0.0
2024-06-24 14:30:00-04:00,1.440000057220459,1.4491000175476074,1.440000057220459,1.440999984741211,4583,0.0,0.0
2024-06-24 15:30:00-04:00,1.4394999742507935,1.440000057220459,1.4299999475479126,1.4299999475479126,3337,0.0,0.0
2024-06-25 09:30:00-04:00,1.399999976158142,1.4199999570846558,1.399999976158142,1.4049999713897705,10894,0.0,0.0
2024-06-25 10:30:00-04:00,1.410099983215332,1.4198999404907227,1.409999966621399,1.4149999618530273,9742,0.0,0.0
2024-06-25 11:30:00-04:00,1.410099983215332,1.4193999767303467,1.410099983215332,1.410099983215332,7127,0.0,0.0
2024-06-25 12:30:00-04:00,1.4106999635696411,1.4149999618530273,1.409000039100647,1.4149999618530273,16577,0.0,0.0
2024-06-25 13:30:00-04:00,1.4112999439239502,1.4198999404907227,1.409999966621399,1.4198999404907227,3349,0.0,0.0
2024-06-25 14:30:00-04:00,1.4149999618530273,1.4194999933242798,1.4049999713897705,1.4149999618530273,15348,0.0,0.0
2024-06-25 15:30:00-04:00,1.4149999618530273,1.4149999618530273,1.399999976158142,1.4049999713897705,16825,0.0,0.0
2024-06-26 09:30:00-04:00,1.4299999475479126,1.4800000190734863,1.4190000295639038,1.4700000286102295,52449,0.0,0.0
2024-06-26 10:30:00-04:00,1.4700000286102295,1.4700000286102295,1.4599000215530396,1.4599000215530396,15666,0.0,0.0
2024-06-26 11:30:00-04:00,1.4600000381469727,1.4700000286102295,1.4199999570846558,1.440000057220459,42944,0.0,0.0
2024-06-26 12:30:00-04:00,1.440000057220459,1.4499000310897827,1.4390000104904175,1.440000057220459,9796,0.0,0.0
2024-06-26 13:30:00-04:00,1.440000057220459,1.4450000524520874,1.440000057220459,1.440000057220459,4827,0.0,0.0
2024-06-26 14:30:00-04:00,1.4450000524520874,1.4495999813079834,1.440000057220459,1.440000057220459,5809,0.0,0.0
2024-06-26 15:30:00-04:00,1.4436999559402466,1.4450000524520874,1.440000057220459,1.440000057220459,3365,0.0,0.0
2024-06-27 09:30:00-04:00,1.440000057220459,1.4459999799728394,1.4299999475479126,1.4299999475479126,21653,0.0,0.0
2024-06-27 10:30:00-04:00,1.4299999475479126,1.4333000183105469,1.4199999570846558,1.4299999475479126,20142,0.0,0.0
2024-06-27 11:30:00-04:00,1.4199999570846558,1.429900050163269,1.4149999618530273,1.4249999523162842,22216,0.0,0.0
2024-06-27 12:30:00-04:00,1.4199999570846558,1.4249999523162842,1.412600040435791,1.4249999523162842,15240,0.0,0.0
2024-06-27 13:30:00-04:00,1.4249999523162842,1.429900050163269,1.4199999570846558,1.4199999570846558,13103,0.0,0.0
2024-06-27 14:30:00-04:00,1.4199999570846558,1.4249999523162842,1.3904999494552612,1.409999966621399,90556,0.0,0.0
2024-06-27 15:30:00-04:00,1.4154000282287598,1.4199999570846558,1.409999966621399,1.4199999570846558,14998,0.0,0.0
2024-06-28 09:30:00-04:00,1.4199999570846558,1.4299999475479126,1.4199999570846558,1.4249999523162842,14836,0.0,0.0
2024-06-28 10:30:00-04:00,1.4299999475479126,1.434999942779541,1.4299999475479126,1.4299999475479126,11541,0.0,0.0
2024-06-28 11:30:00-04:00,1.434999942779541,1.434999942779541,1.4299999475479126,1.434999942779541,2784,0.0,0.0
2024-06-28 12:30:00-04:00,1.4299999475479126,1.4299999475479126,1.4149999618530273,1.4149999618530273,11137,0.0,0.0
2024-06-28 13:30:00-04:00,1.4149999618530273,1.4199999570846558,1.409999966621399,1.409999966621399,21988,0.0,0.0
2024-06-28 14:30:00-04:00,1.409999966621399,1.4249999523162842,1.409999966621399,1.4249999523162842,11229,0.0,0.0
2024-06-28 15:30:00-04:00,1.4199999570846558,1.4249999523162842,1.4199999570846558,1.4199999570846558,4233,0.0,0.0
2024-07-01 09:30:00-04:00,1.409999966621399,1.4499000310897827,1.409999966621399,1.4499000310897827,33987,0.0,0.0
2024-07-01 10:30:00-04:00,1.4450000524520874,1.4500000476837158,1.4299999475479126,1.4299999475479126,19509,0.0,0.0
2024-07-01 11:30:00-04:00,1.434999942779541,1.434999942779541,1.4299999475479126,1.4299999475479126,5014,0.0,0.0
2024-07-01 12:30:00-04:00,1.434999942779541,1.4450000524520874,1.4249999523162842,1.4450000524520874,13013,0.0,0.0
2024-07-01 13:30:00-04:00,1.440000057220459,1.4450000524520874,1.440000057220459,1.440000057220459,3250,0.0,0.0
2024-07-01 14:30:00-04:00,1.4494999647140503,1.4494999647140503,1.4299999475479126,1.4299999475479126,10712,0.0,0.0
2024-07-01 15:30:00-04:00,1.4299999475479126,1.4299999475479126,1.4199999570846558,1.4249999523162842,3427,0.0,0.0
2024-07-02 09:30:00-04:00,1.4299999475479126,1.4301999807357788,1.4299999475479126,1.4301999807357788,2849,0.0,0.0
2024-07-02 10:30:00-04:00,1.4299999475479126,1.4299999475479126,1.4199999570846558,1.4299999475479126,7773,0.0,0.0
2024-07-02 11:30:00-04:00,1.4299999475479126,1.4299999475479126,1.4199999570846558,1.4249999523162842,8906,0.0,0.0
2024-07-02 12:30:00-04:00,1.4249999523162842,1.4249999523162842,1.4199999570846558,1.4199999570846558,8296,0.0,0.0
2024-07-02 13:30:00-04:00,1.4199999570846558,1.429900050163269,1.4199999570846558,1.429900050163269,2530,0.0,0.0
2024-07-02 14:30:00-04:00,1.4199999570846558,1.4357000589370728,1.4199999570846558,1.4357000589370728,23308,0.0,0.0
2024-07-02 15:30:00-04:00,1.434999942779541,1.4399000406265259,1.4299999475479126,1.4299999475479126,8412,0.0,0.0
2024-07-03 09:30:00-04:00,1.4199999570846558,1.5099999904632568,1.4199999570846558,1.500100016593933,120294,0.0,0.0
2024-07-03 10:30:00-04:00,1.500100016593933,1.5099999904632568,1.4900000095367432,1.4950000047683716,69354,0.0,0.0
2024-07-03 11:30:00-04:00,1.4997999668121338,1.5099999904632568,1.4996999502182007,1.5002000331878662,22012,0.0,0.0
2024-07-05 09:30:00-04:00,1.4800000190734863,1.5399999618530273,1.4800000190734863,1.5299999713897705,56191,0.0,0.0
2024-07-05 10:30:00-04:00,1.5299999713897705,1.5399999618530273,1.5217000246047974,1.5399999618530273,24990,0.0,0.0
2024-07-05 11:30:00-04:00,1.5399999618530273,1.5569000244140625,1.524999976158142,1.5499999523162842,56068,0.0,0.0
2024-07-05 12:30:00-04:00,1.5533000230789185,1.5533000230789185,1.5299999713897705,1.5499999523162842,61970,0.0,0.0
2024-07-05 13:30:00-04:00,1.5499999523162842,1.5618000030517578,1.5399999618530273,1.559999942779541,19524,0.0,0.0
2024-07-05 14:30:00-04:00,1.559999942779541,1.5600999593734741,1.5399999618530273,1.5499999523162842,23941,0.0,0.0
2024-07-05 15:30:00-04:00,1.5549999475479126,1.5800000429153442,1.5499999523162842,1.5750000476837158,51795,0.0,0.0
2024-07-08 09:30:00-04:00,1.590000033378601,1.590000033378601,1.5299999713897705,1.5399999618530273,43407,0.0,0.0
2024-07-08 10:30:00-04:00,1.5399999618530273,1.5485999584197998,1.531999945640564,1.5399999618530273,20007,0.0,0.0
2024-07-08 11:30:00-04:00,1.5399999618530273,1.5700000524520874,1.534999966621399,1.5700000524520874,40568,0.0,0.0
2024-07-08 12:30:00-04:00,1.5700000524520874,1.5700000524520874,1.5399999618530273,1.559999942779541,31740,0.0,0.0
2024-07-08 13:30:00-04:00,1.5700000524520874,1.590000033378601,1.5700000524520874,1.5750000476837158,22347,0.0,0.0
2024-07-08 14:30:00-04:00,1.5750000476837158,1.5800000429153442,1.559999942779541,1.5700000524520874,27999,0.0,0.0
2024-07-08 15:30:00-04:00,1.559999942779541,1.600000023841858,1.5499999523162842,1.600000023841858,70755,0.0,0.0
2024-07-09 09:30:00-04:00,1.559999942779541,1.559999942779541,1.5449999570846558,1.559999942779541,20849,0.0,0.0
2024-07-09 10:30:00-04:00,1.5700000524520874,1.5778000354766846,1.5601999759674072,1.565000057220459,2701,0.0,0.0
2024-07-09 11:30:00-04:00,1.5700000524520874,1.6299999952316284,1.569000005722046,1.6299999952316284,45352,0.0,0.0
2024-07-09 12:30:00-04:00,1.625,1.649999976158142,1.6205999851226807,1.625,35072,0.0,0.0
2024-07-09 13:30:00-04:00,1.625,1.6299999952316284,1.6050000190734863,1.6299999952316284,26019,0.0,0.0
2024-07-09 14:30:00-04:00,1.6299999952316284,1.6575000286102295,1.6101000308990479,1.6575000286102295,33149,0.0,0.0
2024-07-09 15:30:00-04:00,1.6449999809265137,1.659999966621399,1.6399999856948853,1.649999976158142,28363,0.0,0.0
2024-07-10 09:30:00-04:00,1.6399999856948853,1.7000000476837158,1.6399999856948853,1.690000057220459,21854,0.0,0.0
2024-07-10 10:30:00-04:00,1.684999942779541,1.690000057220459,1.6799999475479126,1.690000057220459,22576,0.0,0.0
2024-07-10 11:30:00-04:00,1.690000057220459,1.690000057220459,1.6799999475479126,1.690000057220459,20256,0.0,0.0
2024-07-10 12:30:00-04:00,1.690000057220459,1.690000057220459,1.6749999523162842,1.6794999837875366,18595,0.0,0.0
2024-07-10 13:30:00-04:00,1.6749999523162842,1.6749999523162842,1.625,1.625,36843,0.0,0.0
2024-07-10 14:30:00-04:00,1.625,1.6299999952316284,1.6150000095367432,1.6299999952316284,23781,0.0,0.0
2024-07-10 15:30:00-04:00,1.6299999952316284,1.6399999856948853,1.6200000047683716,1.6399999856948853,35804,0.0,0.0
2024-07-11 09:30:00-04:00,1.6299999952316284,1.6399999856948853,1.6200000047683716,1.6349999904632568,17045,0.0,0.0
2024-07-11 10:30:00-04:00,1.6303000450134277,1.6349999904632568,1.621500015258789,1.625,9619,0.0,0.0
2024-07-11 11:30:00-04:00,1.6200000047683716,1.625,1.600000023841858,1.6002999544143677,18175,0.0,0.0
2024-07-11 12:30:00-04:00,1.6050000190734863,1.6050000190734863,1.600000023841858,1.600000023841858,2705,0.0,0.0
2024-07-11 13:30:00-04:00,1.6050000190734863,1.6050000190734863,1.5499999523162842,1.5506000518798828,24568,0.0,0.0
2024-07-11 14:30:00-04:00,1.5549999475479126,1.5599000453948975,1.5499999523162842,1.5500999689102173,8387,0.0,0.0
2024-07-11 15:30:00-04:00,1.5499999523162842,1.5549999475479126,1.5499999523162842,1.5549999475479126,4602,0.0,0.0
2024-07-12 09:30:00-04:00,1.559999942779541,1.6299999952316284,1.559999942779541,1.6201000213623047,31932,0.0,0.0
2024-07-12 10:30:00-04:00,1.625,1.6399999856948853,1.625,1.6299999952316284,45287,0.0,0.0
2024-07-12 11:30:00-04:00,1.6299999952316284,1.649999976158142,1.6237000226974487,1.649999976158142,41517,0.0,0.0
2024-07-12 12:30:00-04:00,1.649999976158142,1.6749999523162842,1.6449999809265137,1.649999976158142,54532,0.0,0.0
2024-07-12 13:30:00-04:00,1.6549999713897705,1.684999942779541,1.6512999534606934,1.6766999959945679,24801,0.0,0.0
2024-07-12 14:30:00-04:00,1.6799999475479126,1.690000057220459,1.6749000549316406,1.684999942779541,42148,0.0,0.0
2024-07-12 15:30:00-04:00,1.690000057220459,1.7100000381469727,1.6799999475479126,1.690000057220459,71012,0.0,0.0
2024-07-15 09:30:00-04:00,1.7200000286102295,1.7999000549316406,1.6799999475479126,1.7899999618530273,152423,0.0,0.0
2024-07-15 10:30:00-04:00,1.7899999618530273,1.7999999523162842,1.7899999618530273,1.7999999523162842,45987,0.0,0.0
2024-07-15 11:30:00-04:00,1.7949999570846558,1.7999999523162842,1.7900999784469604,1.7999999523162842,40752,0.0,0.0
2024-07-15 12:30:00-04:00,1.7999999523162842,1.850000023841858,1.7999999523162842,1.840000033378601,119160,0.0,0.0
2024-07-15 13:30:00-04:00,1.840000033378601,1.8450000286102295,1.7999999523162842,1.840000033378601,72077,0.0,0.0
2024-07-15 14:30:00-04:00,1.8450000286102295,1.850000023841858,1.840000033378601,1.850000023841858,55103,0.0,0.0
2024-07-15 15:30:00-04:00,1.8450000286102295,1.8600000143051147,1.8350000381469727,1.850000023841858,80143,0.0,0.0
2024-07-16 09:30:00-04:00,1.840000033378601,1.840000033378601,1.7000000476837158,1.7280000448226929,117560,0.0,0.0
2024-07-16 10:30:00-04:00,1.7300000190734863,1.809999942779541,1.7300000190734863,1.7799999713897705,21561,0.0,0.0
2024-07-16 11:30:00-04:00,1.7699999809265137,1.7799999713897705,1.725000023841858,1.7549999952316284,24848,0.0,0.0
2024-07-16 12:30:00-04:00,1.75,1.75,1.7300000190734863,1.7300000190734863,15149,0.0,0.0
2024-07-16 13:30:00-04:00,1.7400000095367432,1.7799999713897705,1.7350000143051147,1.7799999713897705,16724,0.0,0.0
2024-07-16 14:30:00-04:00,1.7799999713897705,1.7899999618530273,1.7649999856948853,1.7649999856948853,24077,0.0,0.0
2024-07-16 15:30:00-04:00,1.7699999809265137,1.7899999618530273,1.7599999904632568,1.7899999618530273,38072,0.0,0.0
2024-07-17 09:30:00-04:00,1.7799999713897705,1.7999999523162842,1.7450000047683716,1.7450000047683716,33727,0.0,0.0
2024-07-17 10:30:00-04:00,1.75,1.7799999713897705,1.75,1.752500057220459,11346,0.0,0.0
2024-07-17 11:30:00-04:00,1.75,1.7649999856948853,1.7200000286102295,1.73989999294281,14334,0.0,0.0
2024-07-17 12:30:00-04:00,1.7300000190734863,1.7599999904632568,1.7207000255584717,1.7300000190734863,23706,0.0,0.0
2024-07-17 13:30:00-04:00,1.7300000190734863,1.7300000190734863,1.7096999883651733,1.7200000286102295,5052,0.0,0.0
2024-07-17 14:30:00-04:00,1.7100000381469727,1.7400000095367432,1.7000000476837158,1.7400000095367432,22095,0.0,0.0
2024-07-17 15:30:00-04:00,1.7400000095367432,1.75,1.7300000190734863,1.7400000095367432,12035,0.0,0.0
2024-07-18 09:30:00-04:00,1.7599999904632568,1.7599999904632568,1.7000000476837158,1.7000000476837158,7484,0.0,0.0
2024-07-18 10:30:00-04:00,1.7000000476837158,1.7050000429153442,1.6699999570846558,1.6799999475479126,23309,0.0,0.0
2024-07-18 11:30:00-04:00,1.6799999475479126,1.7099000215530396,1.6799999475479126,1.7000000476837158,8594,0.0,0.0
2024-07-18 12:30:00-04:00,1.7003999948501587,1.7027000188827515,1.7000000476837158,1.7000000476837158,6010,0.0,0.0
2024-07-18 13:30:00-04:00,1.7000000476837158,1.7000000476837158,1.690000057220459,1.690000057220459,7305,0.0,0.0
2024-07-18 14:30:00-04:00,1.690000057220459,1.690000057220459,1.649999976158142,1.652500033378601,25785,0.0,0.0
2024-07-18 15:30:00-04:00,1.649999976158142,1.659999966621399,1.649999976158142,1.6549999713897705,3589,0.0,0.0
2024-07-19 09:30:00-04:00,1.6399999856948853,1.660099983215332,1.6200000047683716,1.659999966621399,9842,0.0,0.0
2024-07-19 10:30:00-04:00,1.659999966621399,1.659999966621399,1.649999976158142,1.649999976158142,2118,0.0,0.0
2024-07-19 11:30:00-04:00,1.649999976158142,1.659600019454956,1.649999976158142,1.659600019454956,2518,0.0,0.0
2024-07-19 12:30:00-04:00,1.659999966621399,1.7000000476837158,1.659999966621399,1.6929999589920044,12407,0.0,0.0
2024-07-19 13:30:00-04:00,1.690000057220459,1.7000000476837158,1.690000057220459,1.6985000371932983,6437,0.0,0.0
2024-07-19 14:30:00-04:00,1.690000057220459,1.6920000314712524,1.6649999618530273,1.6749999523162842,12198,0.0,0.0
2024-07-19 15:30:00-04:00,1.6699999570846558,1.6699999570846558,1.649999976158142,1.649999976158142,10794,0.0,0.0
2024-07-22 09:30:00-04:00,1.6799999475479126,1.6902999877929688,1.6699999570846558,1.6749999523162842,13552,0.0,0.0
2024-07-22 10:30:00-04:00,1.6699999570846558,1.6749999523162842,1.659999966621399,1.6700999736785889,5389,0.0,0.0
2024-07-22 11:30:00-04:00,1.6749999523162842,1.690000057220459,1.6749999523162842,1.6799999475479126,5303,0.0,0.0
2024-07-22 12:30:00-04:00,1.684999942779541,1.684999942779541,1.6799999475479126,1.683500051498413,5539,0.0,0.0
2024-07-22 13:30:00-04:00,1.6799999475479126,1.6899000406265259,1.6799999475479126,1.6799999475479126,9314,0.0,0.0
2024-07-22 14:30:00-04:00,1.6799999475479126,1.6799999475479126,1.6699999570846558,1.6749999523162842,5186,0.0,0.0
2024-07-22 15:30:00-04:00,1.6749999523162842,1.6749999523162842,1.6699999570846558,1.6699999570846558,2877,0.0,0.0
2024-07-23 09:30:00-04:00,1.659999966621399,1.6799999475479126,1.659999966621399,1.6799999475479126,14625,0.0,0.0
2024-07-23 10:30:00-04:00,1.690000057220459,1.7000000476837158,1.6799999475479126,1.680799961090088,10441,0.0,0.0
2024-07-23 11:30:00-04:00,1.6806999444961548,1.684999942779541,1.6699999570846558,1.6699999570846558,5432,0.0,0.0
2024-07-23 12:30:00-04:00,1.659999966621399,1.659999966621399,1.6100000143051147,1.6330000162124634,27524,0.0,0.0
2024-07-23 13:30:00-04:00,1.6349999904632568,1.6349999904632568,1.6050000190734863,1.6100000143051147,38882,0.0,0.0
2024-07-23 14:30:00-04:00,1.6100000143051147,1.6200000047683716,1.6050000190734863,1.6150000095367432,13065,0.0,0.0
2024-07-23 15:30:00-04:00,1.6100000143051147,1.6100000143051147,1.600000023841858,1.600000023841858,7569,0.0,0.0
2024-07-24 09:30:00-04:00,1.600000023841858,1.6200000047683716,1.600000023841858,1.6089999675750732,15813,0.0,0.0
2024-07-24 10:30:00-04:00,1.6050000190734863,1.6100000143051147,1.600000023841858,1.6050000190734863,38984,0.0,0.0
2024-07-24 11:30:00-04:00,1.6080000400543213,1.6150000095367432,1.600000023841858,1.6100000143051147,15046,0.0,0.0
2024-07-24 12:30:00-04:00,1.6150000095367432,1.6152000427246094,1.6150000095367432,1.6152000427246094,1121,0.0,0.0
2024-07-24 13:30:00-04:00,1.6101000308990479,1.6101000308990479,1.6050000190734863,1.6050000190734863,4742,0.0,0.0
2024-07-24 14:30:00-04:00,1.600100040435791,1.6050000190734863,1.5989999771118164,1.6050000190734863,7542,0.0,0.0
2024-07-24 15:30:00-04:00,1.6050000190734863,1.6100000143051147,1.6009999513626099,1.6009999513626099,5375,0.0,0.0
2024-07-25 09:30:00-04:00,1.6150000095367432,1.6299999952316284,1.600000023841858,1.6299999952316284,13087,0.0,0.0
2024-07-25 10:30:00-04:00,1.649999976158142,1.6749999523162842,1.649999976158142,1.6699999570846558,6472,0.0,0.0
2024-07-25 11:30:00-04:00,1.6699999570846558,1.6988999843597412,1.6699999570846558,1.6988999843597412,5408,0.0,0.0
2024-07-25 12:30:00-04:00,1.690999984741211,1.715000033378601,1.6749999523162842,1.6790000200271606,20467,0.0,0.0
2024-07-25 13:30:00-04:00,1.6700999736785889,1.6799999475479126,1.6699999570846558,1.6799999475479126,6774,0.0,0.0
2024-07-25 14:30:00-04:00,1.6699999570846558,1.6699999570846558,1.6649999618530273,1.6683000326156616,4967,0.0,0.0
2024-07-25 15:30:00-04:00,1.6649999618530273,1.6649999618530273,1.590000033378601,1.6100000143051147,33726,0.0,0.0
2024-07-26 09:30:00-04:00,1.6399999856948853,1.6425000429153442,1.6150000095367432,1.61899995803833,4742,0.0,0.0
2024-07-26 10:30:00-04:00,1.6105999946594238,1.6168999671936035,1.6050000190734863,1.6100000143051147,6298,0.0,0.0
2024-07-26 11:30:00-04:00,1.6150000095367432,1.6150000095367432,1.6100000143051147,1.6100000143051147,1568,0.0,0.0
2024-07-26 12:30:00-04:00,1.6105999946594238,1.6105999946594238,1.5950000286102295,1.600000023841858,14640,0.0,0.0
2024-07-26 13:30:00-04:00,1.6050000190734863,1.6050000190734863,1.590000033378601,1.600000023841858,16316,0.0,0.0
2024-07-26 14:30:00-04:00,1.600000023841858,1.600000023841858,1.590000033378601,1.5950000286102295,11761,0.0,0.0
2024-07-26 15:30:00-04:00,1.590000033378601,1.5950000286102295,1.559999942779541,1.5700000524520874,22067,0.0,0.0
2024-07-29 09:30:00-04:00,1.6100000143051147,1.6299999952316284,1.5499999523162842,1.559999942779541,26239,0.0,0.0
2024-07-29 10:30:00-04:00,1.559999942779541,1.565000057220459,1.559999942779541,1.565000057220459,11093,0.0,0.0
2024-07-29 11:30:00-04:00,1.559999942779541,1.5750000476837158,1.559999942779541,1.5700000524520874,8932,0.0,0.0
2024-07-29 12:30:00-04:00,1.5700000524520874,1.5700000524520874,1.5449999570846558,1.5449999570846558,11873,0.0,0.0
2024-07-29 13:30:00-04:00,1.5399999618530273,1.5399999618530273,1.4800000190734863,1.5149999856948853,62340,0.0,0.0
2024-07-29 14:30:00-04:00,1.5199999809265137,1.5399999618530273,1.5149999856948853,1.5399999618530273,20294,0.0,0.0
2024-07-29 15:30:00-04:00,1.5399999618530273,1.5449999570846558,1.5399999618530273,1.5449999570846558,2071,0.0,0.0
2024-07-30 09:30:00-04:00,1.5199999809265137,1.6050000190734863,1.5199999809265137,1.5800000429153442,15413,0.0,0.0
2024-07-30 10:30:00-04:00,1.5800000429153442,1.5850000381469727,1.565000057220459,1.565000057220459,4583,0.0,0.0
2024-07-30 11:30:00-04:00,1.5600999593734741,1.5699000358581543,1.559999942779541,1.565000057220459,5980,0.0,0.0
2024-07-30 12:30:00-04:00,1.5700000524520874,1.600000023841858,1.5700000524520874,1.590000033378601,9626,0.0,0.0
2024-07-30 13:30:00-04:00,1.5850000381469727,1.5850000381469727,1.5750000476837158,1.5809999704360962,3031,0.0,0.0
2024-07-30 14:30:00-04:00,1.5872000455856323,1.5950000286102295,1.5872000455856323,1.5950000286102295,3864,0.0,0.0
2024-07-30 15:30:00-04:00,1.590000033378601,1.590000033378601,1.565000057220459,1.5700000524520874,4955,0.0,0.0
2024-07-31 09:30:00-04:00,1.5499999523162842,1.5729999542236328,1.5499999523162842,1.5729999542236328,4220,0.0,0.0
2024-07-31 10:30:00-04:00,1.5700000524520874,1.5700000524520874,1.5700000524520874,1.5700000524520874,961,0.0,0.0
2024-07-31 11:30:00-04:00,1.5800000429153442,1.6100000143051147,1.5800000429153442,1.6050000190734863,16799,0.0,0.0
2024-07-31 12:30:00-04:00,1.6100000143051147,1.6100000143051147,1.600000023841858,1.600000023841858,2766,0.0,0.0
2024-07-31 13:30:00-04:00,1.6050000190734863,1.6100000143051147,1.590000033378601,1.590000033378601,14876,0.0,0.0
2024-07-31 14:30:00-04:00,1.5950000286102295,1.6050000190734863,1.590000033378601,1.600000023841858,6940,0.0,0.0
2024-07-31 15:30:00-04:00,1.6050000190734863,1.7000000476837158,1.5499999523162842,1.6799999475479126,104673,0.0,0.0
2024-08-01 09:30:00-04:00,1.690000057220459,1.7200000286102295,1.690000057220459,1.6950000524520874,32632,0.0,0.0
2024-08-01 10:30:00-04:00,1.6950000524520874,1.6950000524520874,1.659999966621399,1.6649999618530273,6842,0.0,0.0
2024-08-01 11:30:00-04:00,1.6649999618530273,1.669800043106079,1.6549999713897705,1.6649999618530273,6574,0.0,0.0
2024-08-01 12:30:00-04:00,1.6699999570846558,1.6699999570846558,1.6399999856948853,1.6449999809265137,8979,0.0,0.0
2024-08-01 13:30:00-04:00,1.6449999809265137,1.6449999809265137,1.6100000143051147,1.6100000143051147,24114,0.0,0.0
2024-08-01 14:30:00-04:00,1.6100000143051147,1.6100000143051147,1.5950000286102295,1.5950000286102295,9332,0.0,0.0
2024-08-01 15:30:00-04:00,1.5954999923706055,1.6100000143051147,1.5850000381469727,1.600000023841858,15106,0.0,0.0
2024-08-02 09:30:00-04:00,1.6100000143051147,1.6100000143051147,1.5099999904632568,1.5149999856948853,16431,0.0,0.0
2024-08-02 10:30:00-04:00,1.5099999904632568,1.5149999856948853,1.5099999904632568,1.51010000705719,12409,0.0,0.0
2024-08-02 11:30:00-04:00,1.513700008392334,1.5399999618530273,1.513700008392334,1.5399999618530273,6983,0.0,0.0
2024-08-02 12:30:00-04:00,1.5449999570846558,1.549399971961975,1.5199999809265137,1.5399999618530273,20568,0.0,0.0
2024-08-02 13:30:00-04:00,1.5449999570846558,1.5449999570846558,1.5399999618530273,1.5399999618530273,6631,0.0,0.0
2024-08-02 14:30:00-04:00,1.5499999523162842,1.559999942779541,1.5499999523162842,1.5499999523162842,14911,0.0,0.0
2024-08-02 15:30:00-04:00,1.5499999523162842,1.5499999523162842,1.5299999713897705,1.5299999713897705,5104,0.0,0.0
2024-08-05 09:30:00-04:00,1.3899999856948853,1.4850000143051147,1.3738000392913818,1.4800000190734863,67619,0.0,0.0
2024-08-05 10:30:00-04:00,1.4800000190734863,1.4900000095367432,1.475000023841858,1.4800000190734863,10058,0.0,0.0
2024-08-05 11:30:00-04:00,1.4800000190734863,1.4850000143051147,1.4800000190734863,1.4801000356674194,6296,0.0,0.0
2024-08-05 12:30:00-04:00,1.4801000356674194,1.48989999294281,1.4801000356674194,1.489799976348877,12000,0.0,0.0
2024-08-05 13:30:00-04:00,1.4800000190734863,1.48989999294281,1.4800000190734863,1.4808000326156616,6591,0.0,0.0
2024-08-05 14:30:00-04:00,1.4801000356674194,1.48989999294281,1.4305000305175781,1.4500000476837158,46237,0.0,0.0
2024-08-05 15:30:00-04:00,1.4399000406265259,1.440000057220459,1.4299999475479126,1.4299999475479126,11056,0.0,0.0
2024-08-06 09:30:00-04:00,1.4199999570846558,1.469599962234497,1.4149999618530273,1.4199999570846558,34931,0.0,0.0
2024-08-06 10:30:00-04:00,1.4299999475479126,1.4600000381469727,1.410099983215332,1.4600000381469727,18149,0.0,0.0
2024-08-06 11:30:00-04:00,1.4500000476837158,1.4799000024795532,1.4500000476837158,1.4700000286102295,14404,0.0,0.0
2024-08-06 12:30:00-04:00,1.4700000286102295,1.4950000047683716,1.4700000286102295,1.4800000190734863,6545,0.0,0.0
2024-08-06 13:30:00-04:00,1.4800000190734863,1.485200047492981,1.4800000190734863,1.4800000190734863,2043,0.0,0.0
2024-08-06 14:30:00-04:00,1.4800000190734863,1.4800000190734863,1.4700000286102295,1.4700000286102295,7874,0.0,0.0
2024-08-06 15:30:00-04:00,1.4677000045776367,1.4800000190734863,1.4524999856948853,1.4600000381469727,27258,0.0,0.0
2024-08-07 09:30:00-04:00,1.4900000095367432,1.4996000528335571,1.4500000476837158,1.4500000476837158,0,0.0,0.0
2024-08-07 10:30:00-04:00,1.4550000429153442,1.4700000286102295,1.4550000429153442,1.465000033378601,15185,0.0,0.0
2024-08-07 11:30:00-04:00,1.4700000286102295,1.4700000286102295,1.4601000547409058,1.4700000286102295,5057,0.0,0.0
2024-08-07 12:30:00-04:00,1.4700000286102295,1.4700000286102295,1.4600000381469727,1.4600000381469727,16874,0.0,0.0
2024-08-07 13:30:00-04:00,1.4529000520706177,1.4600000381469727,1.4500000476837158,1.4500000476837158,5823,0.0,0.0
2024-08-07 14:30:00-04:00,1.4500000476837158,1.4500000476837158,1.434999942779541,1.434999942779541,17939,0.0,0.0
2024-08-07 15:30:00-04:00,1.4299999475479126,1.440000057220459,1.4220000505447388,1.437000036239624,13314,0.0,0.0
2024-08-08 09:30:00-04:00,1.6200000047683716,1.6200000047683716,1.5299999713897705,1.5299999713897705,20877,0.0,0.0
2024-08-08 10:30:00-04:00,1.5199999809265137,1.5298999547958374,1.4900000095367432,1.5298999547958374,24898,0.0,0.0
2024-08-08 11:30:00-04:00,1.5099999904632568,1.5199999809265137,1.5,1.5199999809265137,4797,0.0,0.0
2024-08-08 12:30:00-04:00,1.5299999713897705,1.5299999713897705,1.5099999904632568,1.5199999809265137,4333,0.0,0.0
2024-08-08 13:30:00-04:00,1.517699956893921,1.5299999713897705,1.517300009727478,1.517300009727478,4693,0.0,0.0
2024-08-08 14:30:00-04:00,1.5199999809265137,1.649999976158142,1.5149999856948853,1.649999976158142,57336,0.0,0.0
2024-08-08 15:30:00-04:00,1.6449999809265137,1.690000057220459,1.6449999809265137,1.684999942779541,40249,0.0,0.0
2024-08-09 09:30:00-04:00,1.690000057220459,1.690000057220459,1.649999976158142,1.649999976158142,23464,0.0,0.0
2024-08-09 10:30:00-04:00,1.6699999570846558,1.6799999475479126,1.6500999927520752,1.670699954032898,7474,0.0,0.0
2024-08-09 11:30:00-04:00,1.6699999570846558,1.6699999570846558,1.600000023841858,1.6200000047683716,11633,0.0,0.0
2024-08-09 12:30:00-04:00,1.6200000047683716,1.6399999856948853,1.6100000143051147,1.6200000047683716,5381,0.0,0.0
2024-08-09 13:30:00-04:00,1.6151000261306763,1.6200000047683716,1.6100000143051147,1.6100000143051147,5011,0.0,0.0
2024-08-09 14:30:00-04:00,1.6100000143051147,1.6200000047683716,1.600000023841858,1.600000023841858,7341,0.0,0.0
2024-08-09 15:30:00-04:00,1.6100000143051147,1.6100000143051147,1.559999942779541,1.5700000524520874,15478,0.0,0.0
2024-08-12 09:30:00-04:00,1.5499999523162842,1.559999942779541,1.5299999713897705,1.534999966621399,28456,0.0,0.0
2024-08-12 10:30:00-04:00,1.5499999523162842,1.5509999990463257,1.5499999523162842,1.5499999523162842,5572,0.0,0.0
2024-08-12 11:30:00-04:00,1.5499999523162842,1.559999942779541,1.5490000247955322,1.559999942779541,5563,0.0,0.0
2024-08-12 12:30:00-04:00,1.559999942779541,1.559999942779541,1.5479999780654907,1.559999942779541,4595,0.0,0.0
2024-08-12 13:30:00-04:00,1.559999942779541,1.559999942779541,1.5399999618530273,1.5399999618530273,2432,0.0,0.0
2024-08-12 14:30:00-04:00,1.5449999570846558,1.5499999523162842,1.534999966621399,1.5499999523162842,9638,0.0,0.0
2024-08-12 15:30:00-04:00,1.5506000518798828,1.5506000518798828,1.5199999809265137,1.5299999713897705,5246,0.0,0.0
2024-08-13 09:30:00-04:00,1.5099999904632568,1.6100000143051147,1.5099999904632568,1.6059999465942383,23083,0.0,0.0
2024-08-13 10:30:00-04:00,1.6050000190734863,1.6050000190734863,1.5950000286102295,1.5960999727249146,10480,0.0,0.0
2024-08-13 11:30:00-04:00,1.5800000429153442,1.5950000286102295,1.5800000429153442,1.5808000564575195,5713,0.0,0.0
2024-08-13 12:30:00-04:00,1.5800000429153442,1.590000033378601,1.5800000429153442,1.5800000429153442,3844,0.0,0.0
2024-08-13 13:30:00-04:00,1.590000033378601,1.6050000190734863,1.5800000429153442,1.6050000190734863,8657,0.0,0.0
2024-08-13 14:30:00-04:00,1.6100000143051147,1.6100000143051147,1.600000023841858,1.600000023841858,2565,0.0,0.0
2024-08-13 15:30:00-04:00,1.5927000045776367,1.600000023841858,1.5800000429153442,1.590000033378601,8713,0.0,0.0
2024-08-14 09:30:00-04:00,1.600000023841858,1.6128000020980835,1.600000023841858,1.600000023841858,0,0.0,0.0
2024-08-14 10:30:00-04:00,1.600000023841858,1.600000023841858,1.5800000429153442,1.590000033378601,7449,0.0,0.0
2024-08-14 11:30:00-04:00,1.590000033378601,1.590000033378601,1.5800000429153442,1.5800000429153442,2648,0.0,0.0
2024-08-14 12:30:00-04:00,1.5850000381469727,1.600000023841858,1.5800000429153442,1.600000023841858,8148,0.0,0.0
2024-08-14 13:30:00-04:00,1.6019999980926514,1.6092000007629395,1.5950000286102295,1.5950000286102295,4959,0.0,0.0
2024-08-14 14:30:00-04:00,1.6080000400543213,1.6100000143051147,1.600000023841858,1.600000023841858,6125,0.0,0.0
2024-08-14 15:30:00-04:00,1.590000033378601,1.600000023841858,1.5700000524520874,1.600000023841858,16899,0.0,0.0
2024-08-15 09:30:00-04:00,1.600000023841858,1.6299999952316284,1.600000023841858,1.600000023841858,6728,0.0,0.0
2024-08-15 10:30:00-04:00,1.600000023841858,1.6100000143051147,1.5850000381469727,1.6100000143051147,12254,0.0,0.0
2024-08-15 11:30:00-04:00,1.6100000143051147,1.649999976158142,1.6100000143051147,1.6449999809265137,31287,0.0,0.0
2024-08-15 12:30:00-04:00,1.6449999809265137,1.6699999570846558,1.6200000047683716,1.6201000213623047,23797,0.0,0.0
2024-08-15 13:30:00-04:00,1.6299999952316284,1.6301000118255615,1.6200000047683716,1.6200000047683716,2825,0.0,0.0
2024-08-15 14:30:00-04:00,1.6200000047683716,1.6399999856948853,1.6100000143051147,1.6398999691009521,21655,0.0,0.0
2024-08-15 15:30:00-04:00,1.6301000118255615,1.6301000118255615,1.600000023841858,1.600000023841858,9833,0.0,0.0
2024-08-16 09:30:00-04:00,1.5700000524520874,1.6399999856948853,1.5700000524520874,1.590000033378601,23012,0.0,0.0
2024-08-16 10:30:00-04:00,1.5850000381469727,1.5850000381469727,1.559999942779541,1.559999942779541,4206,0.0,0.0
2024-08-16 11:30:00-04:00,1.5700000524520874,1.5800000429153442,1.559999942779541,1.5800000429153442,2332,0.0,0.0
2024-08-16 12:30:00-04:00,1.5893000364303589,1.5924999713897705,1.5893000364303589,1.590000033378601,6495,0.0,0.0
2024-08-16 13:30:00-04:00,1.590000033378601,1.600000023841858,1.5800000429153442,1.590000033378601,3746,0.0,0.0
2024-08-16 15:30:00-04:00,1.600000023841858,1.600000023841858,1.5800000429153442,1.5800000429153442,3035,0.0,0.0
2024-08-19 09:30:00-04:00,1.5800000429153442,1.6100000143051147,1.559999942779541,1.6050000190734863,36277,0.0,0.0
2024-08-19 10:30:00-04:00,1.6050000190734863,1.6394000053405762,1.6050000190734863,1.6394000053405762,48169,0.0,0.0
2024-08-19 11:30:00-04:00,1.6301000118255615,1.659999966621399,1.6299999952316284,1.6299999952316284,37613,0.0,0.0
2024-08-19 12:30:00-04:00,1.6299999952316284,1.6349999904632568,1.628999948501587,1.6299999952316284,8093,0.0,0.0
2024-08-19 13:30:00-04:00,1.6398999691009521,1.6699999570846558,1.6398999691009521,1.6399999856948853,29576,0.0,0.0
2024-08-19 14:30:00-04:00,1.6399999856948853,1.7100000381469727,1.6349999904632568,1.7000000476837158,222733,0.0,0.0
2024-08-19 15:30:00-04:00,1.690000057220459,1.7000000476837158,1.6549999713897705,1.7000000476837158,32531,0.0,0.0
2024-08-20 09:30:00-04:00,1.7100000381469727,1.7100000381469727,1.6757999658584595,1.6757999658584595,20034,0.0,0.0
2024-08-20 10:30:00-04:00,1.684999942779541,1.7000000476837158,1.6399999856948853,1.7000000476837158,29931,0.0,0.0
2024-08-20 11:30:00-04:00,1.690000057220459,1.690000057220459,1.6399999856948853,1.6399999856948853,20695,0.0,0.0
2024-08-20 12:30:00-04:00,1.6399999856948853,1.6399999856948853,1.6100000143051147,1.6399999856948853,9231,0.0,0.0
2024-08-20 13:30:00-04:00,1.6399999856948853,1.659999966621399,1.6301000118255615,1.649999976158142,12060,0.0,0.0
2024-08-20 14:30:00-04:00,1.6399999856948853,1.6799999475479126,1.6399999856948853,1.659999966621399,7323,0.0,0.0
2024-08-20 15:30:00-04:00,1.659999966621399,1.6799999475479126,1.649999976158142,1.6799999475479126,10847,0.0,0.0
2024-08-21 09:30:00-04:00,1.649999976158142,1.690000057220459,1.649999976158142,1.690000057220459,0,0.0,0.0
2024-08-21 10:30:00-04:00,1.6950000524520874,1.6979999542236328,1.684999942779541,1.690000057220459,4162,0.0,0.0
2024-08-21 11:30:00-04:00,1.690000057220459,1.7000000476837158,1.68149995803833,1.690000057220459,5153,0.0,0.0
2024-08-21 12:30:00-04:00,1.690000057220459,1.690000057220459,1.6799999475479126,1.680999994277954,15062,0.0,0.0
2024-08-21 13:30:00-04:00,1.690000057220459,1.690000057220459,1.6799999475479126,1.6799999475479126,5383,0.0,0.0
2024-08-21 14:30:00-04:00,1.6799999475479126,1.6799999475479126,1.6699999570846558,1.6699999570846558,2569,0.0,0.0
2024-08-21 15:30:00-04:00,1.6799999475479126,1.6799999475479126,1.649999976158142,1.659999966621399,5668,0.0,0.0
2024-08-22 09:30:00-04:00,1.659999966621399,1.7000000476837158,1.659999966621399,1.7000000476837158,20525,0.0,0.0
2024-08-22 10:30:00-04:00,1.690000057220459,1.690000057220459,1.6699999570846558,1.6749999523162842,7093,0.0,0.0
2024-08-22 11:30:00-04:00,1.6699999570846558,1.6699999570846558,1.6549999713897705,1.6699999570846558,8974,0.0,0.0
2024-08-22 12:30:00-04:00,1.6699999570846558,1.6699999570846558,1.6699999570846558,1.6699999570846558,219,0.0,0.0
2024-08-22 13:30:00-04:00,1.669800043106079,1.6799999475479126,1.660099983215332,1.6617000102996826,3001,0.0,0.0
2024-08-22 14:30:00-04:00,1.660099983215332,1.6799999475479126,1.649999976158142,1.659999966621399,7217,0.0,0.0
2024-08-22 15:30:00-04:00,1.6449999809265137,1.649999976158142,1.6449999809265137,1.649999976158142,652,0.0,0.0
2024-08-23 09:30:00-04:00,1.6299999952316284,1.6699999570846558,1.606600046157837,1.6699999570846558,4529,0.0,0.0
2024-08-23 10:30:00-04:00,1.672700047492981,1.690000057220459,1.6399999856948853,1.649999976158142,19614,0.0,0.0
2024-08-23 11:30:00-04:00,1.6549999713897705,1.659999966621399,1.6502000093460083,1.6502000093460083,4080,0.0,0.0
2024-08-23 12:30:00-04:00,1.649999976158142,1.649999976158142,1.6299999952316284,1.6299999952316284,11169,0.0,0.0
2024-08-23 13:30:00-04:00,1.632699966430664,1.6507999897003174,1.6299999952316284,1.649999976158142,1948,0.0,0.0
2024-08-23 14:30:00-04:00,1.649999976158142,1.679900050163269,1.6399999856948853,1.6649999618530273,8784,0.0,0.0
2024-08-23 15:30:00-04:00,1.659999966621399,1.659999966621399,1.6549999713897705,1.659999966621399,1627,0.0,0.0
2024-08-26 09:30:00-04:00,1.6100000143051147,1.7000000476837158,1.6100000143051147,1.659999966621399,42776,0.0,0.0
2024-08-26 10:30:00-04:00,1.6699999570846558,1.6799999475479126,1.649999976158142,1.659999966621399,17488,0.0,0.0
2024-08-26 11:30:00-04:00,1.6699999570846558,1.690000057220459,1.6699999570846558,1.684999942779541,12719,0.0,0.0
2024-08-26 12:30:00-04:00,1.6800999641418457,1.684999942779541,1.6699999570846558,1.6699999570846558,2937,0.0,0.0
2024-08-26 13:30:00-04:00,1.6799999475479126,1.6799999475479126,1.6699999570846558,1.6699999570846558,6185,0.0,0.0
2024-08-26 14:30:00-04:00,1.6690000295639038,1.690000057220459,1.6649999618530273,1.6890000104904175,7824,0.0,0.0
2024-08-26 15:30:00-04:00,1.6799999475479126,1.6799999475479126,1.6649999618530273,1.6699999570846558,7313,0.0,0.0
2024-08-27 09:30:00-04:00,1.6699999570846558,1.690000057220459,1.6699999570846558,1.690000057220459,23350,0.0,0.0
2024-08-27 10:30:00-04:00,1.6890000104904175,1.7000000476837158,1.659999966621399,1.690000057220459,57268,0.0,0.0
2024-08-27 11:30:00-04:00,1.684999942779541,1.684999942779541,1.6749999523162842,1.6799999475479126,7628,0.0,0.0
2024-08-27 12:30:00-04:00,1.6799999475479126,1.6799999475479126,1.660099983215332,1.6699999570846558,10405,0.0,0.0
2024-08-27 13:30:00-04:00,1.660099983215332,1.6799999475479126,1.660099983215332,1.6749999523162842,2989,0.0,0.0
2024-08-27 14:30:00-04:00,1.6699999570846558,1.6799999475479126,1.659999966621399,1.6699999570846558,10210,0.0,0.0
2024-08-27 15:30:00-04:00,1.6699999570846558,1.690000057220459,1.659999966621399,1.690000057220459,22183,0.0,0.0
2024-08-28 09:30:00-04:00,1.6399999856948853,1.690000057220459,1.6399999856948853,1.660099983215332,20240,0.0,0.0
2024-08-28 10:30:00-04:00,1.659999966621399,1.6799999475479126,1.659999966621399,1.6799999475479126,6255,0.0,0.0
2024-08-28 11:30:00-04:00,1.6799999475479126,1.7050000429153442,1.6500999927520752,1.6950000524520874,59708,0.0,0.0
2024-08-28 12:30:00-04:00,1.6950000524520874,1.7000000476837158,1.684999942779541,1.690000057220459,6800,0.0,0.0
2024-08-28 13:30:00-04:00,1.7000000476837158,1.7000000476837158,1.6799999475479126,1.690000057220459,4318,0.0,0.0
2024-08-28 14:30:00-04:00,1.690000057220459,1.690000057220459,1.6649999618530273,1.6699999570846558,6958,0.0,0.0
2024-08-28 15:30:00-04:00,1.6699999570846558,1.7000000476837158,1.6649999618530273,1.7000000476837158,69684,0.0,0.0
2024-08-29 09:30:00-04:00,1.7100000381469727,1.7400000095367432,1.7100000381469727,1.7400000095367432,56560,0.0,0.0
2024-08-29 10:30:00-04:00,1.7400000095367432,1.815000057220459,1.7200000286102295,1.7799999713897705,93418,0.0,0.0
2024-08-29 11:30:00-04:00,1.7699999809265137,1.7999999523162842,1.7599999904632568,1.7699999809265137,26467,0.0,0.0
2024-08-29 12:30:00-04:00,1.7699999809265137,1.774999976158142,1.7603000402450562,1.7697999477386475,7629,0.0,0.0
2024-08-29 13:30:00-04:00,1.7699999809265137,1.7899999618530273,1.760200023651123,1.7799999713897705,10138,0.0,0.0
2024-08-29 14:30:00-04:00,1.7799999713897705,1.7799999713897705,1.7599999904632568,1.7799999713897705,18631,0.0,0.0
2024-08-29 15:30:00-04:00,1.7799999713897705,1.7899999618530273,1.7640000581741333,1.7799999713897705,16499,0.0,0.0
2024-08-30 09:30:00-04:00,1.7699999809265137,1.7699999809265137,1.75,1.7699999809265137,6809,0.0,0.0
2024-08-30 10:30:00-04:00,1.7649999856948853,1.7649999856948853,1.7450000047683716,1.7599999904632568,6151,0.0,0.0
2024-08-30 11:30:00-04:00,1.7599999904632568,1.7949999570846558,1.7599999904632568,1.784999966621399,40341,0.0,0.0
2024-08-30 12:30:00-04:00,1.7899999618530273,1.809999942779541,1.7599999904632568,1.7699999809265137,45671,0.0,0.0
2024-08-30 13:30:00-04:00,1.7799999713897705,1.809999942779541,1.7700999975204468,1.7700999975204468,26664,0.0,0.0
2024-08-30 14:30:00-04:00,1.7799999713897705,1.8300000429153442,1.7699999809265137,1.8300000429153442,67147,0.0,0.0
2024-08-30 15:30:00-04:00,1.8300000429153442,1.8899999856948853,1.8300000429153442,1.8600000143051147,112383,0.0,0.0
2024-09-03 09:30:00-04:00,1.809999942779541,1.8729000091552734,1.750100016593933,1.7699999809265137,79762,0.0,0.0
2024-09-03 10:30:00-04:00,1.7649999856948853,1.7799999713897705,1.7000000476837158,1.7000000476837158,38759,0.0,0.0
2024-09-03 11:30:00-04:00,1.7000000476837158,1.7050000429153442,1.659999966621399,1.6799999475479126,26852,0.0,0.0
2024-09-03 12:30:00-04:00,1.6799999475479126,1.684999942779541,1.649999976158142,1.6649999618530273,25399,0.0,0.0
2024-09-03 13:30:00-04:00,1.659999966621399,1.659999966621399,1.649999976158142,1.649999976158142,5957,0.0,0.0
2024-09-03 14:30:00-04:00,1.649999976158142,1.6576999425888062,1.649999976158142,1.6549999713897705,12758,0.0,0.0
2024-09-03 15:30:00-04:00,1.649999976158142,1.6549999713897705,1.6200000047683716,1.6200000047683716,40177,0.0,0.0
2024-09-04 09:30:00-04:00,1.6200000047683716,1.6700999736785889,1.6200000047683716,1.6700999736785889,7058,0.0,0.0
2024-09-04 10:30:00-04:00,1.6764999628067017,1.6764999628067017,1.6699999570846558,1.6699999570846558,3441,0.0,0.0
2024-09-04 11:30:00-04:00,1.6749999523162842,1.6793999671936035,1.6699999570846558,1.6699999570846558,4189,0.0,0.0
2024-09-04 12:30:00-04:00,1.6699999570846558,1.6699999570846558,1.6690000295639038,1.6690000295639038,3466,0.0,0.0
2024-09-04 13:30:00-04:00,1.6699999570846558,1.6749999523162842,1.6699999570846558,1.6749999523162842,1533,0.0,0.0
2024-09-04 14:30:00-04:00,1.6749999523162842,1.6749999523162842,1.6699999570846558,1.6699999570846558,2103,0.0,0.0
2024-09-04 15:30:00-04:00,1.6500999927520752,1.6521999835968018,1.6500999927520752,1.6500999927520752,2386,0.0,0.0
2024-09-05 09:30:00-04:00,1.6799999475479126,1.6799999475479126,1.659999966621399,1.6699999570846558,0,0.0,0.0
2024-09-05 10:30:00-04:00,1.680899977684021,1.690000057220459,1.6799999475479126,1.6890000104904175,1646,0.0,0.0
2024-09-05 11:30:00-04:00,1.6799999475479126,1.7100000381469727,1.6749999523162842,1.7100000381469727,16134,0.0,0.0
2024-09-05 12:30:00-04:00,1.7199000120162964,1.7199000120162964,1.7000000476837158,1.7000000476837158,6895,0.0,0.0
2024-09-05 13:30:00-04:00,1.7000000476837158,1.7050000429153442,1.690000057220459,1.702299952507019,6585,0.0,0.0
2024-09-05 14:30:00-04:00,1.7050000429153442,1.7200000286102295,1.7050000429153442,1.7200000286102295,12155,0.0,0.0
2024-09-05 15:30:00-04:00,1.7200000286102295,1.7200000286102295,1.600000023841858,1.6699999570846558,48895,0.0,0.0
2024-09-06 09:30:00-04:00,1.7050000429153442,1.7100000381469727,1.6700999736785889,1.6700999736785889,12669,0.0,0.0
2024-09-06 10:30:00-04:00,1.6699999570846558,1.6699999570846558,1.6100000143051147,1.6399999856948853,26750,0.0,0.0
2024-09-06 11:30:00-04:00,1.6399999856948853,1.6438000202178955,1.63100004196167,1.6399999856948853,4627,0.0,0.0
2024-09-06 12:30:00-04:00,1.6301000118255615,1.6399999856948853,1.6301000118255615,1.635200023651123,2461,0.0,0.0
2024-09-06 13:30:00-04:00,1.6299999952316284,1.6299999952316284,1.6200000047683716,1.6200000047683716,4826,0.0,0.0
2024-09-06 14:30:00-04:00,1.62909996509552,1.62909996509552,1.6146999597549438,1.6150000095367432,6632,0.0,0.0
2024-09-06 15:30:00-04:00,1.6150000095367432,1.6399999856948853,1.6150000095367432,1.6299999952316284,7191,0.0,0.0
2024-09-09 09:30:00-04:00,1.5199999809265137,1.559999942779541,1.3799999952316284,1.3849999904632568,441359,0.0,0.0
2024-09-09 10:30:00-04:00,1.3799999952316284,1.4500000476837158,1.3600000143051147,1.3895000219345093,245343,0.0,0.0
2024-09-09 11:30:00-04:00,1.3849999904632568,1.4299999475479126,1.3849999904632568,1.4149999618530273,101496,0.0,0.0
2024-09-09 12:30:00-04:00,1.4199999570846558,1.4550000429153442,1.4149999618530273,1.4500000476837158,49497,0.0,0.0
2024-09-09 13:30:00-04:00,1.440000057220459,1.4500000476837158,1.4199999570846558,1.4249999523162842,42006,0.0,0.0
2024-09-09 14:30:00-04:00,1.4299999475479126,1.465499997138977,1.4299999475479126,1.434999942779541,53936,0.0,0.0
2024-09-09 15:30:00-04:00,1.434999942779541,1.4500000476837158,1.399999976158142,1.399999976158142,114632,0.0,0.0
2024-09-10 09:30:00-04:00,1.399999976158142,1.4144999980926514,1.3600000143051147,1.3849999904632568,95504,0.0,0.0
2024-09-10 10:30:00-04:00,1.3899999856948853,1.4299999475479126,1.3898999691009521,1.399999976158142,173600,0.0,0.0
2024-09-10 11:30:00-04:00,1.399999976158142,1.4049999713897705,1.3600000143051147,1.3733999729156494,27186,0.0,0.0
2024-09-10 12:30:00-04:00,1.3849999904632568,1.399999976158142,1.3700000047683716,1.399899959564209,22932,0.0,0.0
2024-09-10 13:30:00-04:00,1.399899959564209,1.4019999504089355,1.3799999952316284,1.399999976158142,52289,0.0,0.0
2024-09-10 14:30:00-04:00,1.4049999713897705,1.4049999713897705,1.382099986076355,1.4049999713897705,49565,0.0,0.0
2024-09-10 15:30:00-04:00,1.4049999713897705,1.4091999530792236,1.3899999856948853,1.3949999809265137,25496,0.0,0.0
2024-09-11 09:30:00-04:00,1.409999966621399,1.4293999671936035,1.3901000022888184,1.4049999713897705,51283,0.0,0.0
2024-09-11 10:30:00-04:00,1.399999976158142,1.4098999500274658,1.3899999856948853,1.4049999713897705,13092,0.0,0.0
2024-09-11 11:30:00-04:00,1.399999976158142,1.4098999500274658,1.399999976158142,1.399999976158142,16212,0.0,0.0
2024-09-11 12:30:00-04:00,1.4092999696731567,1.409999966621399,1.399999976158142,1.4049999713897705,12900,0.0,0.0
2024-09-11 13:30:00-04:00,1.4098999500274658,1.412600040435791,1.4049999713897705,1.412600040435791,14348,0.0,0.0
2024-09-11 14:30:00-04:00,1.409999966621399,1.4291000366210938,1.409999966621399,1.4291000366210938,9106,0.0,0.0
2024-09-11 15:30:00-04:00,1.4199999570846558,1.4249999523162842,1.409999966621399,1.4199999570846558,33407,0.0,0.0
2024-09-12 09:30:00-04:00,1.4500000476837158,1.4500000476837158,1.4356000423431396,1.4500000476837158,13704,0.0,0.0
2024-09-12 10:30:00-04:00,1.4579999446868896,1.475000023841858,1.4579999446868896,1.475000023841858,22050,0.0,0.0
2024-09-12 11:30:00-04:00,1.4700000286102295,1.496500015258789,1.4600000381469727,1.496500015258789,23460,0.0,0.0
2024-09-12 12:30:00-04:00,1.4900000095367432,1.499899983406067,1.4850000143051147,1.4950000047683716,15909,0.0,0.0
2024-09-12 13:30:00-04:00,1.5,1.5,1.4700000286102295,1.4800000190734863,18572,0.0,0.0
2024-09-12 14:30:00-04:00,1.475000023841858,1.489799976348877,1.4550000429153442,1.4600000381469727,37331,0.0,0.0
2024-09-12 15:30:00-04:00,1.465000033378601,1.475000023841858,1.4600000381469727,1.4700000286102295,18170,0.0,0.0
2024-09-13 09:30:00-04:00,1.5,1.5099999904632568,1.4850000143051147,1.5099999904632568,13864,0.0,0.0
2024-09-13 10:30:00-04:00,1.5,1.5099999904632568,1.4889999628067017,1.499899983406067,19863,0.0,0.0
2024-09-13 11:30:00-04:00,1.4900000095367432,1.5,1.4900000095367432,1.5,14248,0.0,0.0
2024-09-13 12:30:00-04:00,1.5,1.5299999713897705,1.4989999532699585,1.5299999713897705,12878,0.0,0.0
2024-09-13 13:30:00-04:00,1.5299999713897705,1.5399999618530273,1.5099999904632568,1.5199999809265137,32997,0.0,0.0
2024-09-13 14:30:00-04:00,1.5199999809265137,1.5399999618530273,1.4600000381469727,1.4600000381469727,106097,0.0,0.0
2024-09-13 15:30:00-04:00,1.4700000286102295,1.4800000190734863,1.4550000429153442,1.475000023841858,16888,0.0,0.0
2024-09-16 09:30:00-04:00,1.4700000286102295,1.4954999685287476,1.4700000286102295,1.4800000190734863,14020,0.0,0.0
2024-09-16 10:30:00-04:00,1.4850000143051147,1.5080000162124634,1.4800000190734863,1.5080000162124634,29936,0.0,0.0
2024-09-16 11:30:00-04:00,1.493499994277954,1.5099999904632568,1.493499994277954,1.5,10048,0.0,0.0
2024-09-16 12:30:00-04:00,1.5045000314712524,1.5199999809265137,1.5045000314712524,1.5149999856948853,21217,0.0,0.0
2024-09-16 13:30:00-04:00,1.5199999809265137,1.559999942779541,1.5196000337600708,1.559999942779541,19102,0.0,0.0
2024-09-16 14:30:00-04:00,1.559999942779541,1.590000033378601,1.5499999523162842,1.5850000381469727,38733,0.0,0.0
2024-09-16 15:30:00-04:00,1.590000033378601,1.590000033378601,1.565000057220459,1.5700000524520874,27818,0.0,0.0
2024-09-17 09:30:00-04:00,1.5800000429153442,1.5872000455856323,1.5602999925613403,1.5602999925613403,7760,0.0,0.0
2024-09-17 10:30:00-04:00,1.5700000524520874,1.5799000263214111,1.559999942779541,1.5700000524520874,13151,0.0,0.0
2024-09-17 11:30:00-04:00,1.565000057220459,1.565000057220459,1.5499999523162842,1.559999942779541,2287,0.0,0.0
2024-09-17 12:30:00-04:00,1.559999942779541,1.559999942779541,1.5449999570846558,1.5499999523162842,4403,0.0,0.0
2024-09-17 13:30:00-04:00,1.5499999523162842,1.5583000183105469,1.5499999523162842,1.5525000095367432,988,0.0,0.0
2024-09-17 14:30:00-04:00,1.5499999523162842,1.5549999475479126,1.5499999523162842,1.5499999523162842,5506,0.0,0.0
2024-09-17 15:30:00-04:00,1.5499999523162842,1.5549999475479126,1.5399999618530273,1.5499999523162842,2221,0.0,0.0
2024-09-18 09:30:00-04:00,1.5499999523162842,1.5499999523162842,1.5099999904632568,1.5449999570846558,0,0.0,0.0
2024-09-18 10:30:00-04:00,1.5499999523162842,1.5499999523162842,1.5399999618530273,1.5449999570846558,16585,0.0,0.0
2024-09-18 11:30:00-04:00,1.5399999618530273,1.5400999784469604,1.5299999713897705,1.5399999618530273,10744,0.0,0.0
2024-09-18 12:30:00-04:00,1.5399999618530273,1.5499999523162842,1.5299999713897705,1.5399999618530273,6011,0.0,0.0
2024-09-18 13:30:00-04:00,1.5306999683380127,1.5399999618530273,1.5199999809265137,1.5199999809265137,11681,0.0,0.0
2024-09-18 14:30:00-04:00,1.5399999618530273,1.5549999475479126,1.5110000371932983,1.5199999809265137,41656,0.0,0.0
2024-09-18 15:30:00-04:00,1.5199999809265137,1.5199999809265137,1.4700000286102295,1.4700000286102295,17889,0.0,0.0
2024-09-19 09:30:00-04:00,1.4900000095367432,1.5592000484466553,1.4900000095367432,1.5592000484466553,0,0.0,0.0
2024-09-19 10:30:00-04:00,1.5700000524520874,1.5700000524520874,1.5499999523162842,1.559999942779541,55266,0.0,0.0
2024-09-19 11:30:00-04:00,1.5800000429153442,1.5800000429153442,1.5499999523162842,1.5500999689102173,14503,0.0,0.0
2024-09-19 12:30:00-04:00,1.559999942779541,1.559999942779541,1.5199999809265137,1.5299999713897705,23730,0.0,0.0
2024-09-19 13:30:00-04:00,1.5262999534606934,1.5299999713897705,1.5099999904632568,1.5099999904632568,0,0.0,0.0
2024-09-19 14:30:00-04:00,1.51010000705719,1.5499999523162842,1.5,1.5299999713897705,161917,0.0,0.0
2024-09-19 15:30:00-04:00,1.5399999618530273,1.5499999523162842,1.5199999809265137,1.5299999713897705,56654,0.0,0.0
2024-09-20 09:30:00-04:00,1.5199999809265137,1.5801000595092773,1.5199999809265137,1.559999942779541,31083,0.0,0.0
2024-09-20 10:30:00-04:00,1.559999942779541,1.5700000524520874,1.559999942779541,1.559999942779541,7038,0.0,0.0
2024-09-20 11:30:00-04:00,1.559999942779541,1.5700000524520874,1.559000015258789,1.5700000524520874,17943,0.0,0.0
2024-09-20 12:30:00-04:00,1.5800000429153442,1.6100000143051147,1.5700000524520874,1.6098999977111816,30121,0.0,0.0
2024-09-20 13:30:00-04:00,1.6050000190734863,1.6100000143051147,1.5700000524520874,1.5716999769210815,16977,0.0,0.0
2024-09-20 14:30:00-04:00,1.5789999961853027,1.590000033378601,1.5789999961853027,1.590000033378601,17901,0.0,0.0
2024-09-20 15:30:00-04:00,1.590000033378601,1.600000023841858,1.5800000429153442,1.5800000429153442,11100,0.0,0.0
2024-09-23 09:30:00-04:00,1.559999942779541,1.5700000524520874,1.5379999876022339,1.5499999523162842,0,0.0,0.0
2024-09-23 10:30:00-04:00,1.5592000484466553,1.559999942779541,1.5399999618530273,1.5449999570846558,28265,0.0,0.0
2024-09-23 11:30:00-04:00,1.5399999618530273,1.5499999523162842,1.5199999809265137,1.5399999618530273,41807,0.0,0.0
2024-09-23 12:30:00-04:00,1.5399999618530273,1.559999942779541,1.534999966621399,1.559999942779541,28334,0.0,0.0
2024-09-23 13:30:00-04:00,1.559000015258789,1.559999942779541,1.5499999523162842,1.5499999523162842,14670,0.0,0.0
2024-09-23 14:30:00-04:00,1.5499999523162842,1.5700000524520874,1.5499999523162842,1.5549999475479126,22518,0.0,0.0
2024-09-23 15:30:00-04:00,1.551200032234192,1.5549999475479126,1.5199999809265137,1.5299999713897705,24707,0.0,0.0
2024-09-24 09:30:00-04:00,1.5299999713897705,1.6100000143051147,1.5299999713897705,1.6094000339508057,0,0.0,0.0
2024-09-24 10:30:00-04:00,1.6088000535964966,1.6100000143051147,1.5911999940872192,1.6100000143051147,8646,0.0,0.0
2024-09-24 11:30:00-04:00,1.600000023841858,1.6100000143051147,1.600000023841858,1.600000023841858,11079,0.0,0.0
2024-09-24 12:30:00-04:00,1.6080000400543213,1.6100000143051147,1.600000023841858,1.6100000143051147,16102,0.0,0.0
2024-09-24 13:30:00-04:00,1.6200000047683716,1.6200000047683716,1.6117000579833984,1.6200000047683716,9373,0.0,0.0
2024-09-24 14:30:00-04:00,1.6150000095367432,1.6299999952316284,1.6124999523162842,1.6234999895095825,8619,0.0,0.0
2024-09-24 15:30:00-04:00,1.6299999952316284,1.6299999952316284,1.600000023841858,1.6080000400543213,11915,0.0,0.0
2024-09-25 09:30:00-04:00,1.5800000429153442,1.6299999952316284,1.5800000429153442,1.6217999458312988,15539,0.0,0.0
2024-09-25 10:30:00-04:00,1.611899971961975,1.6299999952316284,1.6109999418258667,1.6200000047683716,7940,0.0,0.0
2024-09-25 11:30:00-04:00,1.6101000308990479,1.6200000047683716,1.6101000308990479,1.6200000047683716,2105,0.0,0.0
2024-09-25 12:30:00-04:00,1.6200000047683716,1.649999976158142,1.6200000047683716,1.6449999809265137,22982,0.0,0.0
2024-09-25 13:30:00-04:00,1.6449999809265137,1.6449999809265137,1.6200000047683716,1.6299999952316284,15551,0.0,0.0
2024-09-25 14:30:00-04:00,1.6299999952316284,1.6299999952316284,1.6100000143051147,1.6200000047683716,13518,0.0,0.0
2024-09-25 15:30:00-04:00,1.6200000047683716,1.649999976158142,1.6150000095367432,1.6399999856948853,46560,0.0,0.0
2024-09-26 09:30:00-04:00,1.6200000047683716,1.649999976158142,1.6200000047683716,1.6299999952316284,104992,0.0,0.0
2024-09-26 10:30:00-04:00,1.6299999952316284,1.6299999952316284,1.590000033378601,1.590000033378601,110969,0.0,0.0
2024-09-26 11:30:00-04:00,1.6050000190734863,1.6200000047683716,1.559999942779541,1.5800000429153442,55172,0.0,0.0
2024-09-26 12:30:00-04:00,1.5750000476837158,1.5850000381469727,1.5700000524520874,1.5850000381469727,8965,0.0,0.0
2024-09-26 13:30:00-04:00,1.5850000381469727,1.590000033378601,1.5700000524520874,1.5700000524520874,17390,0.0,0.0
2024-09-26 14:30:00-04:00,1.5750000476837158,1.590000033378601,1.5740000009536743,1.5800000429153442,15390,0.0,0.0
2024-09-26 15:30:00-04:00,1.5700000524520874,1.5750000476837158,1.5499999523162842,1.5520000457763672,10146,0.0,0.0
2024-09-27 09:30:00-04:00,1.600000023841858,1.6699999570846558,1.600000023841858,1.649999976158142,96586,0.0,0.0
2024-09-27 10:30:00-04:00,1.649999976158142,1.659999966621399,1.6399999856948853,1.6598999500274658,29894,0.0,0.0
2024-09-27 11:30:00-04:00,1.649999976158142,1.6699999570846558,1.6299999952316284,1.6399999856948853,58561,0.0,0.0
2024-09-27 12:30:00-04:00,1.6349999904632568,1.6380000114440918,1.6050000190734863,1.6050000190734863,19194,0.0,0.0
2024-09-27 13:30:00-04:00,1.607699990272522,1.6399999856948853,1.600000023841858,1.6200000047683716,18946,0.0,0.0
2024-09-27 14:30:00-04:00,1.625,1.6349999904632568,1.6200000047683716,1.6349999904632568,6302,0.0,0.0
2024-09-27 15:30:00-04:00,1.6349999904632568,1.6380000114440918,1.625,1.625,6632,0.0,0.0
2024-09-30 09:30:00-04:00,1.6100000143051147,1.6540000438690186,1.6100000143051147,1.63100004196167,24762,0.0,0.0
2024-09-30 10:30:00-04:00,1.6299999952316284,1.6299999952316284,1.6101000308990479,1.625,13524,0.0,0.0
2024-09-30 11:30:00-04:00,1.625,1.6299999952316284,1.611799955368042,1.625,11454,0.0,0.0
2024-09-30 12:30:00-04:00,1.6299999952316284,1.649999976158142,1.6299999952316284,1.649999976158142,19849,0.0,0.0
2024-09-30 13:30:00-04:00,1.659999966621399,1.6699999570846558,1.6516000032424927,1.6536999940872192,21252,0.0,0.0
2024-09-30 14:30:00-04:00,1.652500033378601,1.652500033378601,1.6299999952316284,1.6299999952316284,16261,0.0,0.0
2024-09-30 15:30:00-04:00,1.6349999904632568,1.7000000476837158,1.6299999952316284,1.7000000476837158,74775,0.0,0.0
2024-10-01 09:30:00-04:00,1.6799999475479126,1.6897000074386597,1.6699999570846558,1.6792999505996704,24628,0.0,0.0
2024-10-01 10:30:00-04:00,1.6700999736785889,1.6751999855041504,1.6649999618530273,1.6751999855041504,3972,0.0,0.0
2024-10-01 11:30:00-04:00,1.6699999570846558,1.6699999570846558,1.6649999618530273,1.6699999570846558,2744,0.0,0.0
2024-10-01 12:30:00-04:00,1.6699999570846558,1.6783000230789185,1.6699999570846558,1.6699999570846558,6113,0.0,0.0
2024-10-01 13:30:00-04:00,1.6729999780654907,1.6757999658584595,1.6699999570846558,1.6757999658584595,1720,0.0,0.0
2024-10-01 14:30:00-04:00,1.679900050163269,1.690000057220459,1.6749999523162842,1.690000057220459,16019,0.0,0.0
2024-10-01 15:30:00-04:00,1.7000000476837158,1.7100000381469727,1.690000057220459,1.7000000476837158,40662,0.0,0.0
2024-10-02 09:30:00-04:00,1.7000000476837158,1.7199000120162964,1.6799999475479126,1.715000033378601,16110,0.0,0.0
2024-10-02 10:30:00-04:00,1.7100000381469727,1.7100000381469727,1.684999942779541,1.690000057220459,18460,0.0,0.0
2024-10-02 11:30:00-04:00,1.684999942779541,1.6886999607086182,1.6790000200271606,1.6799999475479126,8028,0.0,0.0
2024-10-02 12:30:00-04:00,1.6799999475479126,1.7000000476837158,1.6799999475479126,1.690000057220459,4172,0.0,0.0
2024-10-02 13:30:00-04:00,1.690000057220459,1.6950000524520874,1.684999942779541,1.6950000524520874,3904,0.0,0.0
2024-10-02 14:30:00-04:00,1.6900999546051025,1.6950000524520874,1.6699999570846558,1.6699999570846558,14378,0.0,0.0
2024-10-02 15:30:00-04:00,1.6699999570846558,1.6700999736785889,1.659999966621399,1.659999966621399,6584,0.0,0.0
2024-10-03 09:30:00-04:00,1.6699999570846558,1.7200000286102295,1.659999966621399,1.7000000476837158,12119,0.0,0.0
2024-10-03 10:30:00-04:00,1.7050000429153442,1.7050000429153442,1.684999942779541,1.690000057220459,3782,0.0,0.0
2024-10-03 11:30:00-04:00,1.7000000476837158,1.715000033378601,1.6950000524520874,1.715000033378601,7882,0.0,0.0
2024-10-03 12:30:00-04:00,1.7000000476837158,1.7100000381469727,1.7000000476837158,1.7100000381469727,1245,0.0,0.0
2024-10-03 13:30:00-04:00,1.7000000476837158,1.7100000381469727,1.7000000476837158,1.7036000490188599,15466,0.0,0.0
2024-10-03 14:30:00-04:00,1.7000000476837158,1.7100000381469727,1.7000000476837158,1.7005000114440918,7595,0.0,0.0
2024-10-03 15:30:00-04:00,1.7050000429153442,1.7099000215530396,1.6799999475479126,1.6799999475479126,16165,0.0,0.0
2024-10-04 09:30:00-04:00,1.7000000476837158,1.7200000286102295,1.7000000476837158,1.7000000476837158,15370,0.0,0.0
2024-10-04 10:30:00-04:00,1.7050000429153442,1.7400000095367432,1.7050000429153442,1.7400000095367432,18438,0.0,0.0
2024-10-04 11:30:00-04:00,1.7300000190734863,1.7391999959945679,1.7300000190734863,1.7300000190734863,5739,0.0,0.0
2024-10-04 12:30:00-04:00,1.728600025177002,1.749500036239624,1.7230000495910645,1.7300000190734863,2991,0.0,0.0
2024-10-04 13:30:00-04:00,1.7384999990463257,1.75,1.7299000024795532,1.7350000143051147,8882,0.0,0.0
2024-10-04 14:30:00-04:00,1.7400000095367432,1.7400000095367432,1.7301000356674194,1.7400000095367432,6465,0.0,0.0
2024-10-04 15:30:00-04:00,1.7400000095367432,1.7400000095367432,1.7350000143051147,1.7400000095367432,4967,0.0,0.0
2024-10-07 09:30:00-04:00,1.75,1.75,1.7350000143051147,1.7350000143051147,6380,0.0,0.0
2024-10-07 10:30:00-04:00,1.7300000190734863,1.7300000190734863,1.7000000476837158,1.7200000286102295,11170,0.0,0.0
2024-10-07 11:30:00-04:00,1.7200000286102295,1.7200000286102295,1.7000000476837158,1.7000999450683594,0,0.0,0.0
2024-10-07 12:30:00-04:00,1.7200000286102295,1.7200000286102295,1.7024999856948853,1.715000033378601,27638,0.0,0.0
2024-10-07 13:30:00-04:00,1.7100000381469727,1.7100000381469727,1.7010999917984009,1.7100000381469727,12742,0.0,0.0
2024-10-07 14:30:00-04:00,1.7050000429153442,1.7100000381469727,1.6950000524520874,1.7100000381469727,27773,0.0,0.0
2024-10-07 15:30:00-04:00,1.7050000429153442,1.7100000381469727,1.7000000476837158,1.7100000381469727,3872,0.0,0.0
2024-10-08 09:30:00-04:00,1.7000000476837158,1.7000000476837158,1.6842999458312988,1.6842999458312988,12350,0.0,0.0
2024-10-08 10:30:00-04:00,1.6799999475479126,1.687600016593933,1.649999976158142,1.6699999570846558,19327,0.0,0.0
2024-10-08 11:30:00-04:00,1.6699999570846558,1.690000057220459,1.6699999570846558,1.690000057220459,23993,0.0,0.0
2024-10-08 12:30:00-04:00,1.690000057220459,1.690000057220459,1.6777000427246094,1.6777000427246094,3118,0.0,0.0
2024-10-08 14:30:00-04:00,1.6699999570846558,1.6749999523162842,1.659999966621399,1.6749999523162842,9741,0.0,0.0
2024-10-08 15:30:00-04:00,1.6749999523162842,1.690000057220459,1.659999966621399,1.687999963760376,3681,0.0,0.0
2024-10-09 09:30:00-04:00,1.6399999856948853,1.6699999570846558,1.6399999856948853,1.659999966621399,15171,0.0,0.0
2024-10-09 10:30:00-04:00,1.6549999713897705,1.6549999713897705,1.6399999856948853,1.6401000022888184,1882,0.0,0.0
2024-10-09 11:30:00-04:00,1.659000039100647,1.65910005569458,1.6401000022888184,1.6401000022888184,5006,0.0,0.0
2024-10-09 12:30:00-04:00,1.6399999856948853,1.649999976158142,1.6399999856948853,1.6448999643325806,2288,0.0,0.0
2024-10-09 13:30:00-04:00,1.649999976158142,1.649999976158142,1.6399999856948853,1.6399999856948853,2396,0.0,0.0
2024-10-09 14:30:00-04:00,1.6399999856948853,1.6649999618530273,1.6399999856948853,1.6649999618530273,8565,0.0,0.0
2024-10-09 15:30:00-04:00,1.6439000368118286,1.6699999570846558,1.6439000368118286,1.6699999570846558,4042,0.0,0.0
2024-10-10 09:30:00-04:00,1.6299999952316284,1.6699999570846558,1.6299999952316284,1.6699999570846558,32024,0.0,0.0
2024-10-10 10:30:00-04:00,1.669600009918213,1.6799999475479126,1.669600009918213,1.6699999570846558,5472,0.0,0.0
2024-10-10 11:30:00-04:00,1.6699999570846558,1.6784000396728516,1.6694999933242798,1.6694999933242798,1367,0.0,0.0
2024-10-10 12:30:00-04:00,1.6699999570846558,1.6799999475479126,1.6699999570846558,1.6790000200271606,2968,0.0,0.0
2024-10-10 14:30:00-04:00,1.6899000406265259,1.6899000406265259,1.6799999475479126,1.6799999475479126,4633,0.0,0.0
2024-10-10 15:30:00-04:00,1.6799999475479126,1.684999942779541,1.6699999570846558,1.6799999475479126,17979,0.0,0.0
2024-10-11 09:30:00-04:00,1.690000057220459,1.7194000482559204,1.690000057220459,1.7148000001907349,2551,0.0,0.0
2024-10-11 10:30:00-04:00,1.7100000381469727,1.7100000381469727,1.659999966621399,1.7005000114440918,17120,0.0,0.0
2024-10-11 11:30:00-04:00,1.6922999620437622,1.7163000106811523,1.690000057220459,1.7050000429153442,4347,0.0,0.0
2024-10-11 12:30:00-04:00,1.7100000381469727,1.7209999561309814,1.7100000381469727,1.715000033378601,33864,0.0,0.0
2024-10-11 13:30:00-04:00,1.7157000303268433,1.7200000286102295,1.7100000381469727,1.7200000286102295,1874,0.0,0.0
2024-10-11 14:30:00-04:00,1.7200000286102295,1.725000023841858,1.7101000547409058,1.7200000286102295,10427,0.0,0.0
2024-10-11 15:30:00-04:00,1.715000033378601,1.7200000286102295,1.7000000476837158,1.7041000127792358,9535,0.0,0.0
2024-10-14 09:30:00-04:00,1.7100000381469727,1.7300000190734863,1.7000999450683594,1.7000999450683594,11296,0.0,0.0
2024-10-14 10:30:00-04:00,1.7100000381469727,1.7100000381469727,1.7000000476837158,1.7000999450683594,2430,0.0,0.0
2024-10-14 11:30:00-04:00,1.7050000429153442,1.7099000215530396,1.7050000429153442,1.7050000429153442,4618,0.0,0.0
2024-10-14 12:30:00-04:00,1.7050000429153442,1.7050000429153442,1.6950000524520874,1.7000000476837158,20273,0.0,0.0
2024-10-14 13:30:00-04:00,1.7050000429153442,1.7059999704360962,1.7050000429153442,1.7050000429153442,4942,0.0,0.0
2024-10-14 14:30:00-04:00,1.7050000429153442,1.715000033378601,1.7000000476837158,1.715000033378601,5057,0.0,0.0
2024-10-14 15:30:00-04:00,1.710800051689148,1.7200000286102295,1.7100000381469727,1.7200000286102295,6336,0.0,0.0
2024-10-15 09:30:00-04:00,1.7100000381469727,1.715000033378601,1.690000057220459,1.7100000381469727,13717,0.0,0.0
2024-10-15 10:30:00-04:00,1.7100000381469727,1.7300000190734863,1.6993000507354736,1.7000000476837158,16814,0.0,0.0
2024-10-15 11:30:00-04:00,1.7029999494552612,1.715000033378601,1.7000000476837158,1.7100000381469727,5466,0.0,0.0
2024-10-15 12:30:00-04:00,1.7193000316619873,1.7193000316619873,1.7008999586105347,1.7100000381469727,11010,0.0,0.0
2024-10-15 13:30:00-04:00,1.7100000381469727,1.7200000286102295,1.7100000381469727,1.7100000381469727,15515,0.0,0.0
2024-10-15 14:30:00-04:00,1.7100000381469727,1.718000054359436,1.7000000476837158,1.7100000381469727,5722,0.0,0.0
2024-10-15 15:30:00-04:00,1.7100000381469727,1.7200000286102295,1.7000000476837158,1.7200000286102295,8951,0.0,0.0
2024-10-16 09:30:00-04:00,1.7130000591278076,1.7300000190734863,1.7000000476837158,1.7300000190734863,5462,0.0,0.0
2024-10-16 10:30:00-04:00,1.7000000476837158,1.7197999954223633,1.7000000476837158,1.7197999954223633,1290,0.0,0.0
2024-10-16 11:30:00-04:00,1.7000000476837158,1.7094000577926636,1.7000000476837158,1.7020000219345093,1909,0.0,0.0
2024-10-16 12:30:00-04:00,1.7079999446868896,1.7093000411987305,1.7000000476837158,1.7000000476837158,2011,0.0,0.0
2024-10-16 13:30:00-04:00,1.7000000476837158,1.7188999652862549,1.7000000476837158,1.7188999652862549,11336,0.0,0.0
2024-10-16 14:30:00-04:00,1.7000000476837158,1.7100000381469727,1.7000000476837158,1.7000000476837158,2527,0.0,0.0
2024-10-16 15:30:00-04:00,1.7100000381469727,1.7200000286102295,1.7050000429153442,1.7200000286102295,1766,0.0,0.0
2024-10-17 09:30:00-04:00,1.6699999570846558,1.732100009918213,1.6699999570846558,1.732100009918213,31722,0.0,0.0
2024-10-17 10:30:00-04:00,1.7350000143051147,1.7350000143051147,1.7100000381469727,1.715000033378601,2615,0.0,0.0
2024-10-17 11:30:00-04:00,1.725000023841858,1.725000023841858,1.715000033378601,1.715000033378601,5569,0.0,0.0
2024-10-17 12:30:00-04:00,1.7100000381469727,1.7100000381469727,1.7050000429153442,1.7050000429153442,620,0.0,0.0
2024-10-17 13:30:00-04:00,1.7100000381469727,1.715000033378601,1.7050000429153442,1.715000033378601,17929,0.0,0.0
2024-10-17 14:30:00-04:00,1.7105000019073486,1.715000033378601,1.7100000381469727,1.7100000381469727,400,0.0,0.0
2024-10-17 15:30:00-04:00,1.7199000120162964,1.7200000286102295,1.7100000381469727,1.715000033378601,4337,0.0,0.0
2024-10-18 09:30:00-04:00,1.7100000381469727,1.7100000381469727,1.7000000476837158,1.7050000429153442,21977,0.0,0.0
2024-10-18 10:30:00-04:00,1.7044999599456787,1.7044999599456787,1.7000000476837158,1.7000000476837158,9779,0.0,0.0
2024-10-18 11:30:00-04:00,1.7100000381469727,1.7100000381469727,1.7000000476837158,1.7050000429153442,4281,0.0,0.0
2024-10-18 12:30:00-04:00,1.7041000127792358,1.704200029373169,1.7000000476837158,1.7000000476837158,11879,0.0,0.0
2024-10-18 13:30:00-04:00,1.7050000429153442,1.7050000429153442,1.690000057220459,1.690000057220459,7124,0.0,0.0
2024-10-18 14:30:00-04:00,1.690000057220459,1.690000057220459,1.6200000047683716,1.6410000324249268,33606,0.0,0.0
2024-10-18 15:30:00-04:00,1.6399999856948853,1.6549999713897705,1.6399999856948853,1.6399999856948853,54507,0.0,0.0
2024-10-21 09:30:00-04:00,1.649999976158142,1.6895999908447266,1.649999976158142,1.6799999475479126,6260,0.0,0.0
2024-10-21 10:30:00-04:00,1.6799999475479126,1.690000057220459,1.6799999475479126,1.6799999475479126,23355,0.0,0.0
2024-10-21 11:30:00-04:00,1.684999942779541,1.6899000406265259,1.684999942779541,1.6899000406265259,956,0.0,0.0
2024-10-21 12:30:00-04:00,1.6898000240325928,1.6950000524520874,1.6898000240325928,1.690000057220459,12654,0.0,0.0
2024-10-21 13:30:00-04:00,1.6950000524520874,1.7000000476837158,1.690000057220459,1.692199945449829,3193,0.0,0.0
2024-10-21 14:30:00-04:00,1.6950000524520874,1.7000000476837158,1.684999942779541,1.684999942779541,29879,0.0,0.0
2024-10-21 15:30:00-04:00,1.6799999475479126,1.684999942779541,1.6799999475479126,1.6799999475479126,3656,0.0,0.0
2024-10-22 09:30:00-04:00,1.659999966621399,1.7100000381469727,1.659999966621399,1.7100000381469727,7135,0.0,0.0
2024-10-22 10:30:00-04:00,1.7099000215530396,1.7300000190734863,1.7000000476837158,1.7000000476837158,17511,0.0,0.0
2024-10-22 11:30:00-04:00,1.7100000381469727,1.7100000381469727,1.690000057220459,1.690000057220459,16432,0.0,0.0
2024-10-22 12:30:00-04:00,1.6799999475479126,1.7000000476837158,1.6699999570846558,1.7000000476837158,7234,0.0,0.0
2024-10-22 13:30:00-04:00,1.7000000476837158,1.7000000476837158,1.6890000104904175,1.690000057220459,5046,0.0,0.0
2024-10-22 14:30:00-04:00,1.6934000253677368,1.7050000429153442,1.6934000253677368,1.7050000429153442,3423,0.0,0.0
2024-10-22 15:30:00-04:00,1.7000000476837158,1.7000000476837158,1.6749999523162842,1.6749999523162842,7629,0.0,0.0
2024-10-23 09:30:00-04:00,1.6399999856948853,1.6420999765396118,1.5,1.6298999786376953,145650,0.0,0.0
2024-10-23 10:30:00-04:00,1.6319999694824219,1.648800015449524,1.6299999952316284,1.639299988746643,4299,0.0,0.0
2024-10-23 11:30:00-04:00,1.6299999952316284,1.6299999952316284,1.6299999952316284,1.6299999952316284,408,0.0,0.0
2024-10-23 12:30:00-04:00,1.6349999904632568,1.6399999856948853,1.6299999952316284,1.6299999952316284,5255,0.0,0.0
2024-10-23 13:30:00-04:00,1.6299999952316284,1.6299999952316284,1.6200000047683716,1.6200000047683716,12297,0.0,0.0
2024-10-23 14:30:00-04:00,1.639799952507019,1.6399999856948853,1.6200000047683716,1.6399999856948853,7551,0.0,0.0
2024-10-23 15:30:00-04:00,1.6399999856948853,1.6399999856948853,1.6200000047683716,1.6200000047683716,12897,0.0,0.0
2024-10-24 09:30:00-04:00,1.6298999786376953,1.6349999904632568,1.628999948501587,1.6349999904632568,11031,0.0,0.0
2024-10-24 12:30:00-04:00,1.6299999952316284,1.6395000219345093,1.6299999952316284,1.6395000219345093,1619,0.0,0.0
2024-10-24 13:30:00-04:00,1.6299999952316284,1.6360000371932983,1.6299999952316284,1.6360000371932983,14808,0.0,0.0
2024-10-24 14:30:00-04:00,1.6299999952316284,1.684000015258789,1.6299999952316284,1.684000015258789,12268,0.0,0.0
2024-10-24 15:30:00-04:00,1.6836999654769897,1.684999942779541,1.6424000263214111,1.659999966621399,9423,0.0,0.0
2024-10-25 09:30:00-04:00,1.6799999475479126,1.6891000270843506,1.659999966621399,1.6699999570846558,11159,0.0,0.0
2024-10-25 10:30:00-04:00,1.6699999570846558,1.6749999523162842,1.6549999713897705,1.659999966621399,8985,0.0,0.0
2024-10-25 11:30:00-04:00,1.659999966621399,1.6792000532150269,1.659999966621399,1.6749999523162842,8333,0.0,0.0
2024-10-25 12:30:00-04:00,1.6699999570846558,1.7000000476837158,1.659999966621399,1.7000000476837158,34032,0.0,0.0
2024-10-25 13:30:00-04:00,1.7100000381469727,1.725000023841858,1.7000999450683594,1.725000023841858,19521,0.0,0.0
2024-10-25 14:30:00-04:00,1.7200000286102295,1.7450000047683716,1.7200000286102295,1.7400000095367432,20149,0.0,0.0
2024-10-25 15:30:00-04:00,1.7400000095367432,1.75,1.7400000095367432,1.75,6550,0.0,0.0
2024-10-28 09:30:00-04:00,1.7200000286102295,1.7200000286102295,1.649999976158142,1.690000057220459,26763,0.0,0.0
2024-10-28 10:30:00-04:00,1.690000057220459,1.7100000381469727,1.6700999736785889,1.7100000381469727,10960,0.0,0.0
2024-10-28 11:30:00-04:00,1.7001999616622925,1.7302000522613525,1.7000000476837158,1.7302000522613525,39203,0.0,0.0
2024-10-28 12:30:00-04:00,1.7400000095367432,1.75,1.7355999946594238,1.7400000095367432,25560,0.0,0.0
2024-10-28 13:30:00-04:00,1.7400000095367432,1.7400000095367432,1.7300000190734863,1.7400000095367432,4622,0.0,0.0
2024-10-28 14:30:00-04:00,1.7400000095367432,1.7400000095367432,1.715000033378601,1.7200000286102295,5392,0.0,0.0
2024-10-28 15:30:00-04:00,1.7200000286102295,1.7200000286102295,1.715000033378601,1.715000033378601,3256,0.0,0.0
2024-10-29 09:30:00-04:00,2.509999990463257,2.5199999809265137,2.5,2.5199999809265137,23208153,0.0,0.0
2024-10-29 10:30:00-04:00,2.5113000869750977,2.5199999809265137,2.5,2.505000114440918,4175240,0.0,0.0
2024-10-29 11:30:00-04:00,2.5099000930786133,2.509999990463257,2.5,2.505000114440918,547395,0.0,0.0
2024-10-29 12:30:00-04:00,2.505000114440918,2.509999990463257,2.5,2.505000114440918,193991,0.0,0.0
2024-10-29 13:30:00-04:00,2.505000114440918,2.509999990463257,2.5,2.5088999271392822,582242,0.0,0.0
2024-10-29 14:30:00-04:00,2.505000114440918,2.509999990463257,2.5,2.509999990463257,640816,0.0,0.0
2024-10-29 15:30:00-04:00,2.505000114440918,2.509999990463257,2.5,2.5,521336,0.0,0.0
2024-10-30 09:30:00-04:00,2.5,2.5199999809265137,2.5,2.515000104904175,1053233,0.0,0.0
2024-10-30 10:30:00-04:00,2.515000104904175,2.519399881362915,2.509999990463257,2.510999917984009,127131,0.0,0.0
2024-10-30 11:30:00-04:00,2.509999990463257,2.51990008354187,2.509999990463257,2.51990008354187,36034,0.0,0.0
2024-10-30 12:30:00-04:00,2.509999990463257,2.5199999809265137,2.5,2.510499954223633,436296,0.0,0.0
2024-10-30 13:30:00-04:00,2.509999990463257,2.5199999809265137,2.509999990463257,2.509999990463257,112666,0.0,0.0
2024-10-30 14:30:00-04:00,2.515000104904175,2.5199999809265137,2.509999990463257,2.5139000415802,277802,0.0,0.0
2024-10-30 15:30:00-04:00,2.5199999809265137,2.5199999809265137,2.5,2.5,310372,0.0,0.0
2024-10-31 09:30:00-04:00,2.509999990463257,2.5199999809265137,2.5,2.515000104904175,262018,0.0,0.0
2024-10-31 10:30:00-04:00,2.509999990463257,2.518699884414673,2.509999990463257,2.515000104904175,50702,0.0,0.0
2024-10-31 11:30:00-04:00,2.515000104904175,2.5199999809265137,2.509999990463257,2.509999990463257,274497,0.0,0.0
2024-10-31 12:30:00-04:00,2.509999990463257,2.5179998874664307,2.509999990463257,2.509999990463257,21385,0.0,0.0
2024-10-31 13:30:00-04:00,2.515000104904175,2.5199999809265137,2.509999990463257,2.509999990463257,46914,0.0,0.0
2024-10-31 14:30:00-04:00,2.509999990463257,2.515000104904175,2.509999990463257,2.509999990463257,26191,0.0,0.0
2024-10-31 15:30:00-04:00,2.509999990463257,2.515000104904175,2.5,2.505000114440918,168043,0.0,0.0
2024-11-01 09:30:00-04:00,2.5,2.509999990463257,2.5,2.505000114440918,103735,0.0,0.0
2024-11-01 10:30:00-04:00,2.505000114440918,2.509999990463257,2.505000114440918,2.505000114440918,28455,0.0,0.0
2024-11-01 11:30:00-04:00,2.505000114440918,2.509999990463257,2.5013999938964844,2.5013999938964844,10504,0.0,0.0
2024-11-01 12:30:00-04:00,2.501499891281128,2.509999990463257,2.5,2.505000114440918,123173,0.0,0.0
2024-11-01 13:30:00-04:00,2.509999990463257,2.509999990463257,2.5,2.505000114440918,26932,0.0,0.0
2024-11-01 14:30:00-04:00,2.5088000297546387,2.509999990463257,2.5,2.505000114440918,23168,0.0,0.0
2024-11-01 15:30:00-04:00,2.509999990463257,2.509999990463257,2.5,2.505000114440918,153959,0.0,0.0
