Datetime,Open,High,Low,Close,Volume,Dividends,Stock Splits
2024-06-07 09:00:00+09:00,2680.0,2680.0,2680.0,2680.0,1000,0.0,0.0
2024-06-07 09:10:00+09:00,2676.0,2676.0,2676.0,2676.0,100,0.0,0.0
2024-06-07 09:20:00+09:00,2670.0,2670.0,2670.0,2670.0,100,0.0,0.0
2024-06-07 10:20:00+09:00,2680.0,2680.0,2680.0,2680.0,100,0.0,0.0
2024-06-07 10:30:00+09:00,2669.0,2674.0,2666.0,2666.0,300,0.0,0.0
2024-06-07 10:35:00+09:00,2666.0,2666.0,2657.0,2657.0,600,0.0,0.0
2024-06-07 11:00:00+09:00,2659.0,2659.0,2648.0,2648.0,1100,0.0,0.0
2024-06-07 11:10:00+09:00,2649.0,2651.0,2649.0,2651.0,400,0.0,0.0
2024-06-07 11:30:00+09:00,2651.0,2651.0,2651.0,2651.0,100,0.0,0.0
2024-06-07 11:35:00+09:00,2651.0,2651.0,2651.0,2651.0,0,0.0,0.0
2024-06-07 12:30:00+09:00,2631.0,2631.0,2631.0,2631.0,5200,0.0,0.0
2024-06-07 13:10:00+09:00,2642.0,2642.0,2642.0,2642.0,200,0.0,0.0
2024-06-07 13:15:00+09:00,2645.0,2650.0,2639.0,2650.0,2600,0.0,0.0
2024-06-07 13:25:00+09:00,2650.0,2652.0,2650.0,2652.0,500,0.0,0.0
2024-06-07 13:30:00+09:00,2656.0,2656.0,2653.0,2653.0,400,0.0,0.0
2024-06-07 13:35:00+09:00,2656.0,2656.0,2651.0,2651.0,200,0.0,0.0
2024-06-07 13:55:00+09:00,2656.0,2656.0,2656.0,2656.0,0,0.0,0.0
2024-06-07 14:15:00+09:00,2650.0,2650.0,2650.0,2650.0,9500,0.0,0.0
2024-06-07 14:40:00+09:00,2654.0,2654.0,2654.0,2654.0,300,0.0,0.0
2024-06-07 14:45:00+09:00,2657.0,2657.0,2650.0,2651.0,600,0.0,0.0
2024-06-07 14:50:00+09:00,2650.0,2650.0,2650.0,2650.0,100,0.0,0.0
2024-06-07 14:55:00+09:00,2650.0,2650.0,2645.0,2645.0,2700,0.0,0.0
2024-06-10 09:00:00+09:00,2656.0,2658.0,2656.0,2658.0,1500,0.0,0.0
2024-06-10 09:05:00+09:00,2671.0,2672.0,2671.0,2672.0,300,0.0,0.0
2024-06-10 09:20:00+09:00,2695.0,2698.0,2695.0,2696.0,500,0.0,0.0
2024-06-10 09:25:00+09:00,2694.0,2694.0,2694.0,2694.0,100,0.0,0.0
2024-06-10 09:30:00+09:00,2696.0,2713.0,2696.0,2705.0,1900,0.0,0.0
2024-06-10 09:35:00+09:00,2713.0,2714.0,2713.0,2714.0,300,0.0,0.0
2024-06-10 09:40:00+09:00,2715.0,2717.0,2707.0,2707.0,1100,0.0,0.0
2024-06-10 09:45:00+09:00,2713.0,2720.0,2713.0,2715.0,700,0.0,0.0
2024-06-10 10:05:00+09:00,2716.0,2716.0,2716.0,2716.0,300,0.0,0.0
2024-06-10 10:15:00+09:00,2716.0,2716.0,2716.0,2716.0,100,0.0,0.0
2024-06-10 10:20:00+09:00,2716.0,2718.0,2715.0,2718.0,500,0.0,0.0
2024-06-10 10:25:00+09:00,2720.0,2721.0,2720.0,2721.0,300,0.0,0.0
2024-06-10 10:30:00+09:00,2723.0,2723.0,2721.0,2721.0,600,0.0,0.0
2024-06-10 10:35:00+09:00,2723.0,2723.0,2723.0,2723.0,200,0.0,0.0
2024-06-10 10:45:00+09:00,2723.0,2723.0,2723.0,2723.0,100,0.0,0.0
2024-06-10 10:50:00+09:00,2725.0,2725.0,2725.0,2725.0,100,0.0,0.0
2024-06-10 11:00:00+09:00,2725.0,2725.0,2725.0,2725.0,200,0.0,0.0
2024-06-10 11:10:00+09:00,2725.0,2737.0,2725.0,2737.0,1000,0.0,0.0
2024-06-10 11:15:00+09:00,2735.0,2735.0,2734.0,2734.0,200,0.0,0.0
2024-06-10 11:35:00+09:00,2734.0,2734.0,2734.0,2734.0,0,0.0,0.0
2024-06-10 12:30:00+09:00,2746.0,2746.0,2746.0,2746.0,10800,0.0,0.0
2024-06-10 13:15:00+09:00,2737.0,2737.0,2735.0,2735.0,200,0.0,0.0
2024-06-10 13:40:00+09:00,2745.0,2750.0,2744.0,2746.0,1700,0.0,0.0
2024-06-10 13:45:00+09:00,2749.0,2749.0,2749.0,2749.0,100,0.0,0.0
2024-06-10 13:50:00+09:00,2749.0,2770.0,2749.0,2750.0,3800,0.0,0.0
2024-06-10 13:55:00+09:00,2750.0,2750.0,2750.0,2750.0,100,0.0,0.0
2024-06-10 14:05:00+09:00,2755.0,2755.0,2736.0,2736.0,1900,0.0,0.0
2024-06-10 14:15:00+09:00,2745.0,2746.0,2745.0,2746.0,500,0.0,0.0
2024-06-10 14:25:00+09:00,2738.0,2738.0,2736.0,2736.0,200,0.0,0.0
2024-06-10 14:45:00+09:00,2736.0,2742.0,2736.0,2742.0,400,0.0,0.0
2024-06-10 14:55:00+09:00,2742.0,2744.0,2737.0,2737.0,800,0.0,0.0
2024-06-11 09:00:00+09:00,2761.0,2761.0,2761.0,2761.0,600,0.0,0.0
2024-06-11 09:05:00+09:00,2760.0,2760.0,2760.0,2760.0,100,0.0,0.0
2024-06-11 10:05:00+09:00,2778.0,2788.0,2778.0,2788.0,1300,0.0,0.0
2024-06-11 10:15:00+09:00,2788.0,2788.0,2782.0,2782.0,200,0.0,0.0
2024-06-11 10:25:00+09:00,2788.0,2790.0,2788.0,2790.0,200,0.0,0.0
2024-06-11 10:30:00+09:00,2779.0,2779.0,2776.0,2776.0,300,0.0,0.0
2024-06-11 10:50:00+09:00,2791.0,2791.0,2776.0,2776.0,700,0.0,0.0
2024-06-11 10:55:00+09:00,2775.0,2775.0,2765.0,2765.0,1400,0.0,0.0
2024-06-11 11:05:00+09:00,2764.0,2764.0,2764.0,2764.0,100,0.0,0.0
2024-06-11 11:15:00+09:00,2762.0,2762.0,2762.0,2762.0,200,0.0,0.0
2024-06-11 11:25:00+09:00,2762.0,2762.0,2755.0,2755.0,200,0.0,0.0
2024-06-11 11:35:00+09:00,2755.0,2755.0,2755.0,2755.0,0,0.0,0.0
2024-06-11 12:30:00+09:00,2779.0,2779.0,2779.0,2779.0,5800,0.0,0.0
2024-06-11 13:15:00+09:00,2776.0,2779.0,2776.0,2779.0,200,0.0,0.0
2024-06-11 13:20:00+09:00,2779.0,2779.0,2779.0,2779.0,100,0.0,0.0
2024-06-11 13:25:00+09:00,2778.0,2778.0,2778.0,2778.0,100,0.0,0.0
2024-06-11 14:25:00+09:00,2778.0,2778.0,2778.0,2778.0,100,0.0,0.0
2024-06-11 14:35:00+09:00,2771.0,2771.0,2771.0,2771.0,100,0.0,0.0
2024-06-11 14:45:00+09:00,2771.0,2771.0,2763.0,2764.0,1000,0.0,0.0
2024-06-11 14:50:00+09:00,2764.0,2764.0,2764.0,2764.0,100,0.0,0.0
2024-06-11 14:55:00+09:00,2764.0,2773.0,2751.0,2773.0,2800,0.0,0.0
2024-06-12 09:00:00+09:00,2774.0,2774.0,2772.0,2772.0,1200,0.0,0.0
2024-06-12 09:10:00+09:00,2773.0,2779.0,2773.0,2777.0,1900,0.0,0.0
2024-06-12 09:15:00+09:00,2782.0,2782.0,2782.0,2782.0,200,0.0,0.0
2024-06-12 09:20:00+09:00,2778.0,2780.0,2778.0,2780.0,200,0.0,0.0
2024-06-12 09:30:00+09:00,2787.0,2787.0,2774.0,2774.0,300,0.0,0.0
2024-06-12 09:40:00+09:00,2777.0,2777.0,2777.0,2777.0,300,0.0,0.0
2024-06-12 09:55:00+09:00,2778.0,2779.0,2778.0,2779.0,200,0.0,0.0
2024-06-12 10:00:00+09:00,2774.0,2774.0,2774.0,2774.0,100,0.0,0.0
2024-06-12 10:05:00+09:00,2774.0,2774.0,2774.0,2774.0,100,0.0,0.0
2024-06-12 10:15:00+09:00,2773.0,2773.0,2773.0,2773.0,100,0.0,0.0
2024-06-12 10:20:00+09:00,2770.0,2770.0,2770.0,2770.0,100,0.0,0.0
2024-06-12 10:25:00+09:00,2774.0,2774.0,2774.0,2774.0,100,0.0,0.0
2024-06-12 10:45:00+09:00,2775.0,2775.0,2774.0,2774.0,200,0.0,0.0
2024-06-12 11:15:00+09:00,2778.0,2778.0,2778.0,2778.0,100,0.0,0.0
2024-06-12 11:25:00+09:00,2778.0,2778.0,2778.0,2778.0,100,0.0,0.0
2024-06-12 11:35:00+09:00,2778.0,2778.0,2778.0,2778.0,0,0.0,0.0
2024-06-12 12:30:00+09:00,2778.0,2782.0,2770.0,2770.0,7900,0.0,0.0
2024-06-12 12:35:00+09:00,2770.0,2770.0,2770.0,2770.0,300,0.0,0.0
2024-06-12 12:50:00+09:00,2766.0,2766.0,2766.0,2766.0,100,0.0,0.0
2024-06-12 12:55:00+09:00,2767.0,2767.0,2767.0,2767.0,100,0.0,0.0
2024-06-12 13:40:00+09:00,2773.0,2773.0,2773.0,2773.0,100,0.0,0.0
2024-06-12 13:45:00+09:00,2767.0,2767.0,2767.0,2767.0,100,0.0,0.0
2024-06-12 14:05:00+09:00,2771.0,2771.0,2771.0,2771.0,100,0.0,0.0
2024-06-12 14:30:00+09:00,2781.0,2781.0,2781.0,2781.0,100,0.0,0.0
2024-06-12 14:45:00+09:00,2771.0,2771.0,2771.0,2771.0,500,0.0,0.0
2024-06-12 14:50:00+09:00,2759.0,2759.0,2759.0,2759.0,400,0.0,0.0
2024-06-12 14:55:00+09:00,2765.0,2766.0,2762.0,2766.0,500,0.0,0.0
2024-06-13 09:00:00+09:00,2770.0,2770.0,2770.0,2770.0,500,0.0,0.0
2024-06-13 09:10:00+09:00,2762.0,2762.0,2755.0,2761.0,800,0.0,0.0
2024-06-13 09:25:00+09:00,2749.0,2752.0,2745.0,2750.0,700,0.0,0.0
2024-06-13 09:50:00+09:00,2736.0,2736.0,2736.0,2736.0,100,0.0,0.0
2024-06-13 10:40:00+09:00,2739.0,2739.0,2739.0,2739.0,100,0.0,0.0
2024-06-13 11:00:00+09:00,2742.0,2742.0,2742.0,2742.0,100,0.0,0.0
2024-06-13 11:25:00+09:00,2735.0,2735.0,2735.0,2735.0,200,0.0,0.0
2024-06-13 11:35:00+09:00,2735.0,2735.0,2735.0,2735.0,0,0.0,0.0
2024-06-13 12:30:00+09:00,2754.0,2754.0,2754.0,2754.0,3300,0.0,0.0
2024-06-13 13:15:00+09:00,2734.0,2734.0,2729.0,2731.0,500,0.0,0.0
2024-06-13 14:00:00+09:00,2734.0,2734.0,2734.0,2734.0,100,0.0,0.0
2024-06-13 14:35:00+09:00,2725.0,2725.0,2725.0,2725.0,100,0.0,0.0
2024-06-13 14:45:00+09:00,2732.0,2732.0,2722.0,2727.0,1300,0.0,0.0
2024-06-13 14:50:00+09:00,2727.0,2745.0,2727.0,2745.0,900,0.0,0.0
2024-06-13 14:55:00+09:00,2733.0,2752.0,2733.0,2752.0,400,0.0,0.0
2024-06-14 09:00:00+09:00,2784.0,2800.0,2769.0,2795.0,18800,0.0,0.0
2024-06-14 09:05:00+09:00,2790.0,2801.0,2790.0,2801.0,500,0.0,0.0
2024-06-14 09:10:00+09:00,2798.0,2802.0,2798.0,2800.0,400,0.0,0.0
2024-06-14 09:15:00+09:00,2803.0,2804.0,2803.0,2804.0,300,0.0,0.0
2024-06-14 09:20:00+09:00,2801.0,2801.0,2799.0,2799.0,400,0.0,0.0
2024-06-14 09:25:00+09:00,2800.0,2800.0,2799.0,2799.0,500,0.0,0.0
2024-06-14 09:30:00+09:00,2797.0,2797.0,2797.0,2797.0,100,0.0,0.0
2024-06-14 09:35:00+09:00,2796.0,2796.0,2796.0,2796.0,100,0.0,0.0
2024-06-14 09:45:00+09:00,2792.0,2792.0,2791.0,2791.0,300,0.0,0.0
2024-06-14 09:55:00+09:00,2787.0,2787.0,2787.0,2787.0,100,0.0,0.0
2024-06-14 10:10:00+09:00,2792.0,2792.0,2792.0,2792.0,100,0.0,0.0
2024-06-14 10:20:00+09:00,2793.0,2794.0,2793.0,2794.0,300,0.0,0.0
2024-06-14 10:25:00+09:00,2796.0,2799.0,2796.0,2799.0,500,0.0,0.0
2024-06-14 10:35:00+09:00,2796.0,2797.0,2796.0,2797.0,300,0.0,0.0
2024-06-14 10:50:00+09:00,2794.0,2800.0,2794.0,2800.0,400,0.0,0.0
2024-06-14 10:55:00+09:00,2800.0,2801.0,2800.0,2801.0,500,0.0,0.0
2024-06-14 11:05:00+09:00,2802.0,2802.0,2802.0,2802.0,100,0.0,0.0
2024-06-14 11:20:00+09:00,2803.0,2803.0,2803.0,2803.0,100,0.0,0.0
2024-06-14 11:25:00+09:00,2800.0,2800.0,2799.0,2799.0,200,0.0,0.0
2024-06-14 11:35:00+09:00,2799.0,2799.0,2799.0,2799.0,0,0.0,0.0
2024-06-14 12:30:00+09:00,2808.0,2808.0,2792.0,2792.0,0,0.0,0.0
2024-06-14 12:40:00+09:00,2801.0,2801.0,2801.0,2801.0,25600,0.0,0.0
2024-06-14 13:00:00+09:00,2801.0,2801.0,2801.0,2801.0,100,0.0,0.0
2024-06-14 13:05:00+09:00,2799.0,2799.0,2799.0,2799.0,200,0.0,0.0
2024-06-14 13:10:00+09:00,2805.0,2805.0,2791.0,2796.0,900,0.0,0.0
2024-06-14 13:25:00+09:00,2797.0,2797.0,2796.0,2796.0,200,0.0,0.0
2024-06-14 14:15:00+09:00,2801.0,2801.0,2801.0,2801.0,300,0.0,0.0
2024-06-14 14:30:00+09:00,2803.0,2803.0,2803.0,2803.0,300,0.0,0.0
2024-06-14 14:35:00+09:00,2804.0,2804.0,2801.0,2801.0,200,0.0,0.0
2024-06-14 14:50:00+09:00,2803.0,2806.0,2801.0,2803.0,1000,0.0,0.0
2024-06-14 14:55:00+09:00,2807.0,2809.0,2807.0,2809.0,300,0.0,0.0
2024-06-17 09:00:00+09:00,2788.0,2788.0,2776.0,2776.0,1200,0.0,0.0
2024-06-17 09:05:00+09:00,2776.0,2776.0,2776.0,2776.0,100,0.0,0.0
2024-06-17 09:15:00+09:00,2779.0,2779.0,2776.0,2776.0,300,0.0,0.0
2024-06-17 09:20:00+09:00,2776.0,2776.0,2776.0,2776.0,100,0.0,0.0
2024-06-17 09:25:00+09:00,2771.0,2771.0,2771.0,2771.0,100,0.0,0.0
2024-06-17 09:45:00+09:00,2777.0,2777.0,2775.0,2775.0,200,0.0,0.0
2024-06-17 10:00:00+09:00,2771.0,2774.0,2763.0,2774.0,1200,0.0,0.0
2024-06-17 10:10:00+09:00,2773.0,2778.0,2773.0,2777.0,800,0.0,0.0
2024-06-17 10:15:00+09:00,2772.0,2772.0,2771.0,2771.0,200,0.0,0.0
2024-06-17 10:25:00+09:00,2767.0,2767.0,2766.0,2766.0,200,0.0,0.0
2024-06-17 10:30:00+09:00,2766.0,2766.0,2765.0,2765.0,300,0.0,0.0
2024-06-17 10:40:00+09:00,2773.0,2774.0,2771.0,2771.0,700,0.0,0.0
2024-06-17 10:45:00+09:00,2777.0,2781.0,2771.0,2771.0,800,0.0,0.0
2024-06-17 10:55:00+09:00,2782.0,2782.0,2782.0,2782.0,100,0.0,0.0
2024-06-17 11:00:00+09:00,2784.0,2784.0,2784.0,2784.0,100,0.0,0.0
2024-06-17 11:05:00+09:00,2792.0,2793.0,2789.0,2789.0,300,0.0,0.0
2024-06-17 11:10:00+09:00,2797.0,2797.0,2797.0,2797.0,100,0.0,0.0
2024-06-17 11:30:00+09:00,2797.0,2797.0,2797.0,2797.0,300,0.0,0.0
2024-06-17 11:35:00+09:00,2797.0,2797.0,2797.0,2797.0,0,0.0,0.0
2024-06-17 12:30:00+09:00,2800.0,2800.0,2798.0,2798.0,8200,0.0,0.0
2024-06-17 12:35:00+09:00,2799.0,2799.0,2796.0,2796.0,200,0.0,0.0
2024-06-17 13:00:00+09:00,2790.0,2790.0,2790.0,2790.0,100,0.0,0.0
2024-06-17 13:05:00+09:00,2786.0,2786.0,2786.0,2786.0,100,0.0,0.0
2024-06-17 13:15:00+09:00,2786.0,2786.0,2786.0,2786.0,100,0.0,0.0
2024-06-17 13:20:00+09:00,2789.0,2789.0,2789.0,2789.0,300,0.0,0.0
2024-06-17 13:30:00+09:00,2790.0,2791.0,2790.0,2791.0,300,0.0,0.0
2024-06-17 13:35:00+09:00,2790.0,2790.0,2790.0,2790.0,300,0.0,0.0
2024-06-17 13:40:00+09:00,2792.0,2792.0,2792.0,2792.0,100,0.0,0.0
2024-06-17 14:00:00+09:00,2797.0,2797.0,2794.0,2794.0,300,0.0,0.0
2024-06-17 14:05:00+09:00,2797.0,2797.0,2797.0,2797.0,200,0.0,0.0
2024-06-17 14:10:00+09:00,2796.0,2796.0,2794.0,2794.0,800,0.0,0.0
2024-06-17 14:15:00+09:00,2796.0,2796.0,2796.0,2796.0,200,0.0,0.0
2024-06-17 14:20:00+09:00,2799.0,2799.0,2796.0,2796.0,300,0.0,0.0
2024-06-17 14:25:00+09:00,2796.0,2796.0,2796.0,2796.0,100,0.0,0.0
2024-06-17 14:35:00+09:00,2799.0,2799.0,2799.0,2799.0,100,0.0,0.0
2024-06-17 14:40:00+09:00,2799.0,2799.0,2799.0,2799.0,100,0.0,0.0
2024-06-17 14:45:00+09:00,2799.0,2799.0,2793.0,2793.0,900,0.0,0.0
2024-06-17 14:55:00+09:00,2793.0,2793.0,2793.0,2793.0,200,0.0,0.0
2024-06-18 09:00:00+09:00,2800.0,2832.0,2800.0,2832.0,3700,0.0,0.0
2024-06-18 09:10:00+09:00,2833.0,2852.0,2832.0,2852.0,7500,0.0,0.0
2024-06-18 09:15:00+09:00,2855.0,2865.0,2851.0,2851.0,1700,0.0,0.0
2024-06-18 09:20:00+09:00,2853.0,2853.0,2843.0,2843.0,500,0.0,0.0
2024-06-18 09:30:00+09:00,2843.0,2843.0,2843.0,2843.0,100,0.0,0.0
2024-06-18 09:45:00+09:00,2837.0,2837.0,2837.0,2837.0,100,0.0,0.0
2024-06-18 10:05:00+09:00,2840.0,2841.0,2840.0,2841.0,300,0.0,0.0
2024-06-18 10:10:00+09:00,2842.0,2843.0,2839.0,2839.0,700,0.0,0.0
2024-06-18 10:15:00+09:00,2844.0,2844.0,2844.0,2844.0,100,0.0,0.0
2024-06-18 10:25:00+09:00,2845.0,2845.0,2845.0,2845.0,100,0.0,0.0
2024-06-18 10:45:00+09:00,2843.0,2843.0,2843.0,2843.0,100,0.0,0.0
2024-06-18 10:55:00+09:00,2844.0,2850.0,2844.0,2845.0,2200,0.0,0.0
2024-06-18 11:00:00+09:00,2844.0,2844.0,2840.0,2840.0,500,0.0,0.0
2024-06-18 11:10:00+09:00,2840.0,2840.0,2840.0,2840.0,100,0.0,0.0
2024-06-18 11:15:00+09:00,2844.0,2846.0,2844.0,2846.0,400,0.0,0.0
2024-06-18 11:20:00+09:00,2847.0,2848.0,2847.0,2847.0,400,0.0,0.0
2024-06-18 11:30:00+09:00,2850.0,2850.0,2850.0,2850.0,100,0.0,0.0
2024-06-18 11:35:00+09:00,2850.0,2850.0,2850.0,2850.0,0,0.0,0.0
2024-06-18 12:30:00+09:00,2849.0,2849.0,2840.0,2840.0,19200,0.0,0.0
2024-06-18 12:35:00+09:00,2849.0,2855.0,2849.0,2854.0,1900,0.0,0.0
2024-06-18 12:40:00+09:00,2854.0,2854.0,2852.0,2853.0,500,0.0,0.0
2024-06-18 12:45:00+09:00,2853.0,2856.0,2852.0,2852.0,600,0.0,0.0
2024-06-18 12:50:00+09:00,2856.0,2863.0,2856.0,2863.0,1600,0.0,0.0
2024-06-18 12:55:00+09:00,2864.0,2869.0,2863.0,2865.0,2000,0.0,0.0
2024-06-18 13:00:00+09:00,2868.0,2868.0,2866.0,2866.0,500,0.0,0.0
2024-06-18 13:05:00+09:00,2865.0,2865.0,2862.0,2862.0,400,0.0,0.0
2024-06-18 13:15:00+09:00,2853.0,2853.0,2853.0,2853.0,100,0.0,0.0
2024-06-18 13:40:00+09:00,2859.0,2872.0,2859.0,2872.0,2100,0.0,0.0
2024-06-18 13:45:00+09:00,2871.0,2872.0,2871.0,2872.0,300,0.0,0.0
2024-06-18 14:10:00+09:00,2868.0,2868.0,2866.0,2868.0,500,0.0,0.0
2024-06-18 14:30:00+09:00,2871.0,2872.0,2868.0,2870.0,700,0.0,0.0
2024-06-18 14:45:00+09:00,2873.0,2878.0,2873.0,2878.0,700,0.0,0.0
2024-06-18 14:50:00+09:00,2877.0,2877.0,2877.0,2877.0,200,0.0,0.0
2024-06-18 14:55:00+09:00,2875.0,2880.0,2875.0,2878.0,1600,0.0,0.0
2024-06-19 09:00:00+09:00,2885.0,2917.0,2885.0,2904.0,6400,0.0,0.0
2024-06-19 09:05:00+09:00,2915.0,2925.0,2915.0,2925.0,900,0.0,0.0
2024-06-19 09:10:00+09:00,2924.0,2928.0,2921.0,2928.0,1000,0.0,0.0
2024-06-19 09:15:00+09:00,2922.0,2934.0,2922.0,2929.0,600,0.0,0.0
2024-06-19 09:25:00+09:00,2918.0,2918.0,2918.0,2918.0,200,0.0,0.0
2024-06-19 09:35:00+09:00,2918.0,2918.0,2907.0,2907.0,600,0.0,0.0
2024-06-19 09:40:00+09:00,2906.0,2906.0,2906.0,2906.0,100,0.0,0.0
2024-06-19 09:45:00+09:00,2913.0,2915.0,2905.0,2905.0,600,0.0,0.0
2024-06-19 10:00:00+09:00,2914.0,2917.0,2914.0,2914.0,800,0.0,0.0
2024-06-19 10:05:00+09:00,2916.0,2916.0,2916.0,2916.0,200,0.0,0.0
2024-06-19 10:10:00+09:00,2912.0,2926.0,2912.0,2924.0,1300,0.0,0.0
2024-06-19 10:15:00+09:00,2917.0,2917.0,2916.0,2916.0,300,0.0,0.0
2024-06-19 10:40:00+09:00,2912.0,2920.0,2912.0,2920.0,200,0.0,0.0
2024-06-19 10:45:00+09:00,2916.0,2925.0,2916.0,2923.0,1500,0.0,0.0
2024-06-19 11:10:00+09:00,2907.0,2907.0,2907.0,2907.0,100,0.0,0.0
2024-06-19 11:25:00+09:00,2907.0,2907.0,2907.0,2907.0,100,0.0,0.0
2024-06-19 11:35:00+09:00,2907.0,2907.0,2907.0,2907.0,0,0.0,0.0
2024-06-19 12:30:00+09:00,2919.0,2926.0,2919.0,2926.0,15800,0.0,0.0
2024-06-19 12:50:00+09:00,2924.0,2924.0,2924.0,2924.0,100,0.0,0.0
2024-06-19 12:55:00+09:00,2918.0,2919.0,2917.0,2919.0,300,0.0,0.0
2024-06-19 13:20:00+09:00,2916.0,2916.0,2915.0,2915.0,200,0.0,0.0
2024-06-19 13:35:00+09:00,2914.0,2918.0,2914.0,2918.0,1100,0.0,0.0
2024-06-19 13:40:00+09:00,2919.0,2922.0,2919.0,2919.0,400,0.0,0.0
2024-06-19 14:05:00+09:00,2915.0,2915.0,2911.0,2914.0,1500,0.0,0.0
2024-06-19 14:10:00+09:00,2905.0,2905.0,2905.0,2905.0,100,0.0,0.0
2024-06-19 14:15:00+09:00,2912.0,2912.0,2910.0,2910.0,200,0.0,0.0
2024-06-19 14:25:00+09:00,2906.0,2906.0,2906.0,2906.0,100,0.0,0.0
2024-06-19 14:30:00+09:00,2905.0,2905.0,2898.0,2898.0,1000,0.0,0.0
2024-06-19 14:35:00+09:00,2903.0,2903.0,2899.0,2903.0,300,0.0,0.0
2024-06-19 14:45:00+09:00,2900.0,2900.0,2900.0,2900.0,100,0.0,0.0
2024-06-19 14:50:00+09:00,2899.0,2908.0,2899.0,2908.0,1200,0.0,0.0
2024-06-19 14:55:00+09:00,2911.0,2911.0,2910.0,2910.0,300,0.0,0.0
2024-06-20 09:00:00+09:00,2892.0,2897.0,2885.0,2893.0,2500,0.0,0.0
2024-06-20 09:05:00+09:00,2898.0,2907.0,2898.0,2906.0,600,0.0,0.0
2024-06-20 09:10:00+09:00,2909.0,2909.0,2904.0,2904.0,800,0.0,0.0
2024-06-20 09:15:00+09:00,2909.0,2920.0,2909.0,2920.0,500,0.0,0.0
2024-06-20 09:20:00+09:00,2913.0,2913.0,2912.0,2912.0,300,0.0,0.0
2024-06-20 09:30:00+09:00,2908.0,2918.0,2908.0,2918.0,600,0.0,0.0
2024-06-20 09:35:00+09:00,2913.0,2919.0,2911.0,2912.0,700,0.0,0.0
2024-06-20 09:40:00+09:00,2901.0,2901.0,2901.0,2901.0,100,0.0,0.0
2024-06-20 09:55:00+09:00,2906.0,2906.0,2906.0,2906.0,100,0.0,0.0
2024-06-20 10:25:00+09:00,2897.0,2897.0,2896.0,2896.0,500,0.0,0.0
2024-06-20 10:45:00+09:00,2890.0,2890.0,2890.0,2890.0,200,0.0,0.0
2024-06-20 10:55:00+09:00,2892.0,2895.0,2891.0,2894.0,1100,0.0,0.0
2024-06-20 11:00:00+09:00,2892.0,2892.0,2892.0,2892.0,100,0.0,0.0
2024-06-20 11:05:00+09:00,2894.0,2896.0,2894.0,2895.0,300,0.0,0.0
2024-06-20 11:10:00+09:00,2894.0,2894.0,2894.0,2894.0,200,0.0,0.0
2024-06-20 11:20:00+09:00,2893.0,2893.0,2893.0,2893.0,100,0.0,0.0
2024-06-20 11:25:00+09:00,2893.0,2893.0,2893.0,2893.0,200,0.0,0.0
2024-06-20 11:35:00+09:00,2893.0,2893.0,2893.0,2893.0,0,0.0,0.0
2024-06-20 12:30:00+09:00,2893.0,2902.0,2893.0,2902.0,10900,0.0,0.0
2024-06-20 12:55:00+09:00,2892.0,2896.0,2892.0,2895.0,1300,0.0,0.0
2024-06-20 13:00:00+09:00,2890.0,2890.0,2890.0,2890.0,100,0.0,0.0
2024-06-20 13:25:00+09:00,2890.0,2891.0,2890.0,2891.0,900,0.0,0.0
2024-06-20 14:20:00+09:00,2895.0,2895.0,2895.0,2895.0,100,0.0,0.0
2024-06-20 14:30:00+09:00,2900.0,2901.0,2897.0,2898.0,900,0.0,0.0
2024-06-20 14:35:00+09:00,2900.0,2900.0,2900.0,2900.0,100,0.0,0.0
2024-06-20 14:55:00+09:00,2895.0,2902.0,2895.0,2899.0,300,0.0,0.0
2024-06-21 09:00:00+09:00,2940.0,2940.0,2940.0,2940.0,1200,0.0,0.0
2024-06-21 09:05:00+09:00,2918.0,2918.0,2915.0,2915.0,400,0.0,0.0
2024-06-21 09:10:00+09:00,2922.0,2922.0,2911.0,2911.0,300,0.0,0.0
2024-06-21 09:15:00+09:00,2922.0,2939.0,2922.0,2927.0,3100,0.0,0.0
2024-06-21 09:20:00+09:00,2936.0,2939.0,2935.0,2939.0,300,0.0,0.0
2024-06-21 09:25:00+09:00,2927.0,2927.0,2904.0,2904.0,1400,0.0,0.0
2024-06-21 09:30:00+09:00,2910.0,2912.0,2910.0,2911.0,700,0.0,0.0
2024-06-21 09:35:00+09:00,2918.0,2918.0,2918.0,2918.0,100,0.0,0.0
2024-06-21 09:40:00+09:00,2909.0,2909.0,2908.0,2908.0,200,0.0,0.0
2024-06-21 09:45:00+09:00,2915.0,2915.0,2915.0,2915.0,100,0.0,0.0
2024-06-21 09:50:00+09:00,2904.0,2904.0,2904.0,2904.0,300,0.0,0.0
2024-06-21 09:55:00+09:00,2906.0,2906.0,2900.0,2900.0,600,0.0,0.0
2024-06-21 10:00:00+09:00,2900.0,2900.0,2900.0,2900.0,0,0.0,0.0
2024-06-21 10:10:00+09:00,2898.0,2898.0,2885.0,2885.0,9200,0.0,0.0
2024-06-21 10:15:00+09:00,2901.0,2901.0,2891.0,2896.0,500,0.0,0.0
2024-06-21 10:30:00+09:00,2887.0,2890.0,2886.0,2889.0,400,0.0,0.0
2024-06-21 10:40:00+09:00,2893.0,2894.0,2893.0,2894.0,300,0.0,0.0
2024-06-21 10:45:00+09:00,2895.0,2896.0,2895.0,2896.0,400,0.0,0.0
2024-06-21 11:25:00+09:00,2891.0,2897.0,2890.0,2890.0,300,0.0,0.0
2024-06-21 11:30:00+09:00,2895.0,2895.0,2895.0,2895.0,800,0.0,0.0
2024-06-21 11:35:00+09:00,2895.0,2895.0,2895.0,2895.0,0,0.0,0.0
2024-06-21 12:30:00+09:00,2915.0,2916.0,2901.0,2901.0,14800,0.0,0.0
2024-06-21 12:35:00+09:00,2912.0,2912.0,2904.0,2904.0,600,0.0,0.0
2024-06-21 12:40:00+09:00,2911.0,2911.0,2899.0,2899.0,400,0.0,0.0
2024-06-21 12:45:00+09:00,2909.0,2909.0,2908.0,2908.0,200,0.0,0.0
2024-06-21 12:50:00+09:00,2917.0,2917.0,2899.0,2899.0,500,0.0,0.0
2024-06-21 12:55:00+09:00,2913.0,2913.0,2913.0,2913.0,100,0.0,0.0
2024-06-21 13:00:00+09:00,2911.0,2911.0,2889.0,2889.0,1600,0.0,0.0
2024-06-21 13:05:00+09:00,2896.0,2896.0,2895.0,2895.0,400,0.0,0.0
2024-06-21 13:10:00+09:00,2895.0,2895.0,2888.0,2888.0,600,0.0,0.0
2024-06-21 13:15:00+09:00,2887.0,2891.0,2887.0,2891.0,700,0.0,0.0
2024-06-21 13:20:00+09:00,2892.0,2893.0,2891.0,2893.0,500,0.0,0.0
2024-06-21 13:25:00+09:00,2891.0,2891.0,2890.0,2890.0,200,0.0,0.0
2024-06-21 13:30:00+09:00,2890.0,2890.0,2872.0,2872.0,1400,0.0,0.0
2024-06-21 13:35:00+09:00,2874.0,2874.0,2873.0,2873.0,300,0.0,0.0
2024-06-21 13:40:00+09:00,2873.0,2877.0,2872.0,2872.0,600,0.0,0.0
2024-06-21 13:45:00+09:00,2864.0,2864.0,2864.0,2864.0,200,0.0,0.0
2024-06-21 13:50:00+09:00,2873.0,2873.0,2871.0,2871.0,300,0.0,0.0
2024-06-21 13:55:00+09:00,2875.0,2875.0,2872.0,2872.0,500,0.0,0.0
2024-06-21 14:00:00+09:00,2874.0,2874.0,2870.0,2870.0,400,0.0,0.0
2024-06-21 14:05:00+09:00,2873.0,2875.0,2873.0,2875.0,700,0.0,0.0
2024-06-21 14:10:00+09:00,2883.0,2883.0,2869.0,2869.0,1000,0.0,0.0
2024-06-21 14:20:00+09:00,2872.0,2876.0,2867.0,2867.0,1400,0.0,0.0
2024-06-21 14:25:00+09:00,2868.0,2869.0,2867.0,2867.0,400,0.0,0.0
2024-06-21 14:30:00+09:00,2869.0,2869.0,2863.0,2863.0,500,0.0,0.0
2024-06-21 14:35:00+09:00,2862.0,2862.0,2853.0,2853.0,1400,0.0,0.0
2024-06-21 14:40:00+09:00,2860.0,2861.0,2851.0,2851.0,0,0.0,0.0
2024-06-21 14:45:00+09:00,2848.0,2852.0,2845.0,2850.0,32300,0.0,0.0
2024-06-21 14:50:00+09:00,2850.0,2850.0,2830.0,2839.0,2000,0.0,0.0
2024-06-21 14:55:00+09:00,2833.0,2836.0,2800.0,2800.0,3000,0.0,0.0
2024-06-24 09:00:00+09:00,2820.0,2820.0,2820.0,2820.0,1100,0.0,0.0
2024-06-24 09:05:00+09:00,2810.0,2810.0,2810.0,2810.0,800,0.0,0.0
2024-06-24 09:10:00+09:00,2790.0,2790.0,2768.0,2768.0,900,0.0,0.0
2024-06-24 09:15:00+09:00,2775.0,2795.0,2775.0,2781.0,1100,0.0,0.0
2024-06-24 09:20:00+09:00,2781.0,2781.0,2781.0,2781.0,200,0.0,0.0
2024-06-24 09:25:00+09:00,2790.0,2790.0,2790.0,2790.0,600,0.0,0.0
2024-06-24 09:30:00+09:00,2790.0,2790.0,2790.0,2790.0,100,0.0,0.0
2024-06-24 09:35:00+09:00,2790.0,2803.0,2790.0,2803.0,500,0.0,0.0
2024-06-24 09:40:00+09:00,2810.0,2810.0,2810.0,2810.0,100,0.0,0.0
2024-06-24 09:45:00+09:00,2829.0,2830.0,2829.0,2830.0,300,0.0,0.0
2024-06-24 09:50:00+09:00,2830.0,2830.0,2830.0,2830.0,0,0.0,0.0
2024-06-24 10:20:00+09:00,2837.0,2837.0,2837.0,2837.0,6200,0.0,0.0
2024-06-24 10:25:00+09:00,2827.0,2827.0,2822.0,2822.0,300,0.0,0.0
2024-06-24 10:50:00+09:00,2820.0,2820.0,2820.0,2820.0,200,0.0,0.0
2024-06-24 11:00:00+09:00,2819.0,2819.0,2819.0,2819.0,100,0.0,0.0
2024-06-24 11:25:00+09:00,2810.0,2810.0,2810.0,2810.0,100,0.0,0.0
2024-06-24 11:35:00+09:00,2810.0,2810.0,2810.0,2810.0,0,0.0,0.0
2024-06-24 12:30:00+09:00,2860.0,2860.0,2833.0,2833.0,7800,0.0,0.0
2024-06-24 12:40:00+09:00,2844.0,2844.0,2839.0,2839.0,300,0.0,0.0
2024-06-24 12:50:00+09:00,2841.0,2841.0,2825.0,2825.0,700,0.0,0.0
2024-06-24 13:05:00+09:00,2829.0,2834.0,2829.0,2834.0,200,0.0,0.0
2024-06-24 13:15:00+09:00,2844.0,2844.0,2839.0,2839.0,300,0.0,0.0
2024-06-24 13:35:00+09:00,2838.0,2838.0,2838.0,2838.0,100,0.0,0.0
2024-06-24 13:50:00+09:00,2845.0,2845.0,2845.0,2845.0,100,0.0,0.0
2024-06-24 13:55:00+09:00,2845.0,2845.0,2841.0,2841.0,600,0.0,0.0
2024-06-24 14:10:00+09:00,2843.0,2843.0,2837.0,2837.0,500,0.0,0.0
2024-06-24 14:25:00+09:00,2839.0,2839.0,2839.0,2839.0,200,0.0,0.0
2024-06-24 14:30:00+09:00,2842.0,2843.0,2842.0,2843.0,200,0.0,0.0
2024-06-24 14:40:00+09:00,2845.0,2845.0,2841.0,2841.0,300,0.0,0.0
2024-06-24 14:45:00+09:00,2842.0,2842.0,2842.0,2842.0,200,0.0,0.0
2024-06-24 14:50:00+09:00,2840.0,2840.0,2839.0,2839.0,400,0.0,0.0
2024-06-24 14:55:00+09:00,2837.0,2839.0,2832.0,2839.0,1000,0.0,0.0
2024-06-25 09:00:00+09:00,2863.0,2863.0,2863.0,2863.0,8600,0.0,0.0
2024-06-25 09:05:00+09:00,2883.0,2885.0,2883.0,2885.0,400,0.0,0.0
2024-06-25 09:10:00+09:00,2890.0,2914.0,2890.0,2892.0,1300,0.0,0.0
2024-06-25 09:20:00+09:00,2899.0,2899.0,2897.0,2897.0,300,0.0,0.0
2024-06-25 09:30:00+09:00,2890.0,2903.0,2886.0,2886.0,1400,0.0,0.0
2024-06-25 09:45:00+09:00,2888.0,2888.0,2888.0,2888.0,200,0.0,0.0
2024-06-25 09:55:00+09:00,2894.0,2894.0,2894.0,2894.0,0,0.0,0.0
2024-06-25 10:05:00+09:00,2887.0,2887.0,2878.0,2878.0,12800,0.0,0.0
2024-06-25 10:15:00+09:00,2878.0,2878.0,2878.0,2878.0,100,0.0,0.0
2024-06-25 10:20:00+09:00,2881.0,2881.0,2881.0,2881.0,100,0.0,0.0
2024-06-25 10:25:00+09:00,2892.0,2892.0,2892.0,2892.0,100,0.0,0.0
2024-06-25 10:30:00+09:00,2890.0,2890.0,2890.0,2890.0,100,0.0,0.0
2024-06-25 10:50:00+09:00,2888.0,2888.0,2888.0,2888.0,100,0.0,0.0
2024-06-25 10:55:00+09:00,2890.0,2890.0,2890.0,2890.0,100,0.0,0.0
2024-06-25 11:05:00+09:00,2893.0,2893.0,2880.0,2880.0,200,0.0,0.0
2024-06-25 11:15:00+09:00,2887.0,2887.0,2887.0,2887.0,300,0.0,0.0
2024-06-25 11:30:00+09:00,2893.0,2893.0,2893.0,2893.0,300,0.0,0.0
2024-06-25 11:35:00+09:00,2893.0,2893.0,2893.0,2893.0,0,0.0,0.0
2024-06-25 12:30:00+09:00,2900.0,2900.0,2900.0,2900.0,15200,0.0,0.0
2024-06-25 12:35:00+09:00,2898.0,2898.0,2898.0,2898.0,100,0.0,0.0
2024-06-25 12:40:00+09:00,2891.0,2891.0,2891.0,2891.0,200,0.0,0.0
2024-06-25 12:45:00+09:00,2887.0,2887.0,2887.0,2887.0,100,0.0,0.0
2024-06-25 12:50:00+09:00,2895.0,2895.0,2895.0,2895.0,100,0.0,0.0
2024-06-25 13:00:00+09:00,2899.0,2899.0,2888.0,2888.0,200,0.0,0.0
2024-06-25 13:05:00+09:00,2897.0,2900.0,2897.0,2900.0,200,0.0,0.0
2024-06-25 13:15:00+09:00,2900.0,2900.0,2900.0,2900.0,200,0.0,0.0
2024-06-25 13:20:00+09:00,2900.0,2900.0,2900.0,2900.0,100,0.0,0.0
2024-06-25 13:30:00+09:00,2894.0,2894.0,2892.0,2894.0,400,0.0,0.0
2024-06-25 13:35:00+09:00,2892.0,2892.0,2892.0,2892.0,100,0.0,0.0
2024-06-25 13:50:00+09:00,2900.0,2900.0,2895.0,2895.0,300,0.0,0.0
2024-06-25 13:55:00+09:00,2896.0,2896.0,2896.0,2896.0,100,0.0,0.0
2024-06-25 14:05:00+09:00,2891.0,2891.0,2891.0,2891.0,100,0.0,0.0
2024-06-25 14:10:00+09:00,2891.0,2891.0,2890.0,2890.0,200,0.0,0.0
2024-06-25 14:20:00+09:00,2889.0,2889.0,2889.0,2889.0,100,0.0,0.0
2024-06-25 14:35:00+09:00,2894.0,2895.0,2894.0,2895.0,300,0.0,0.0
2024-06-25 14:40:00+09:00,2896.0,2896.0,2893.0,2893.0,200,0.0,0.0
2024-06-25 14:45:00+09:00,2896.0,2896.0,2896.0,2896.0,200,0.0,0.0
2024-06-25 14:55:00+09:00,2897.0,2899.0,2897.0,2899.0,400,0.0,0.0
2024-06-26 09:00:00+09:00,2905.0,2905.0,2905.0,2905.0,600,0.0,0.0
2024-06-26 09:05:00+09:00,2893.0,2893.0,2893.0,2893.0,300,0.0,0.0
2024-06-26 09:35:00+09:00,2904.0,2915.0,2904.0,2911.0,2500,0.0,0.0
2024-06-26 09:50:00+09:00,2906.0,2906.0,2903.0,2903.0,500,0.0,0.0
2024-06-26 10:05:00+09:00,2904.0,2904.0,2904.0,2904.0,100,0.0,0.0
2024-06-26 10:20:00+09:00,2904.0,2904.0,2903.0,2903.0,200,0.0,0.0
2024-06-26 10:25:00+09:00,2909.0,2909.0,2901.0,2901.0,600,0.0,0.0
2024-06-26 10:45:00+09:00,2906.0,2906.0,2906.0,2906.0,100,0.0,0.0
2024-06-26 10:50:00+09:00,2909.0,2909.0,2905.0,2905.0,300,0.0,0.0
2024-06-26 11:00:00+09:00,2888.0,2888.0,2888.0,2888.0,0,0.0,0.0
2024-06-26 11:30:00+09:00,2896.0,2896.0,2896.0,2896.0,5800,0.0,0.0
2024-06-26 11:35:00+09:00,2896.0,2896.0,2896.0,2896.0,0,0.0,0.0
2024-06-26 12:30:00+09:00,2915.0,2920.0,2915.0,2920.0,0,0.0,0.0
2024-06-26 12:35:00+09:00,2909.0,2909.0,2908.0,2908.0,7300,0.0,0.0
2024-06-26 12:55:00+09:00,2910.0,2910.0,2910.0,2910.0,100,0.0,0.0
2024-06-26 13:00:00+09:00,2895.0,2895.0,2895.0,2895.0,100,0.0,0.0
2024-06-26 13:25:00+09:00,2898.0,2918.0,2898.0,2918.0,400,0.0,0.0
2024-06-26 13:45:00+09:00,2910.0,2910.0,2909.0,2909.0,300,0.0,0.0
2024-06-26 14:00:00+09:00,2901.0,2901.0,2898.0,2898.0,600,0.0,0.0
2024-06-26 14:10:00+09:00,2902.0,2902.0,2902.0,2902.0,100,0.0,0.0
2024-06-26 14:15:00+09:00,2907.0,2907.0,2904.0,2904.0,400,0.0,0.0
2024-06-26 14:20:00+09:00,2905.0,2905.0,2905.0,2905.0,300,0.0,0.0
2024-06-26 14:30:00+09:00,2912.0,2912.0,2912.0,2912.0,200,0.0,0.0
2024-06-26 14:35:00+09:00,2913.0,2913.0,2912.0,2912.0,1000,0.0,0.0
2024-06-26 14:50:00+09:00,2912.0,2912.0,2906.0,2906.0,400,0.0,0.0
2024-06-26 14:55:00+09:00,2912.0,2917.0,2897.0,2917.0,1000,0.0,0.0
2024-06-27 09:00:00+09:00,2922.0,2922.0,2922.0,2922.0,500,0.0,0.0
2024-06-27 09:05:00+09:00,2925.0,2934.0,2925.0,2934.0,200,0.0,0.0
2024-06-27 09:10:00+09:00,2932.0,2934.0,2932.0,2934.0,300,0.0,0.0
2024-06-27 09:20:00+09:00,2931.0,2931.0,2931.0,2931.0,100,0.0,0.0
2024-06-27 09:25:00+09:00,2941.0,2941.0,2941.0,2941.0,100,0.0,0.0
2024-06-27 09:35:00+09:00,2944.0,2944.0,2944.0,2944.0,100,0.0,0.0
2024-06-27 09:45:00+09:00,2948.0,2948.0,2947.0,2947.0,200,0.0,0.0
2024-06-27 09:50:00+09:00,2949.0,2949.0,2949.0,2949.0,500,0.0,0.0
2024-06-27 10:05:00+09:00,2945.0,2945.0,2945.0,2945.0,100,0.0,0.0
2024-06-27 10:10:00+09:00,2950.0,2950.0,2950.0,2950.0,100,0.0,0.0
2024-06-27 10:15:00+09:00,2949.0,2964.0,2949.0,2964.0,1400,0.0,0.0
2024-06-27 10:20:00+09:00,2965.0,2965.0,2965.0,2965.0,100,0.0,0.0
2024-06-27 10:25:00+09:00,2962.0,2962.0,2962.0,2962.0,100,0.0,0.0
2024-06-27 10:35:00+09:00,2969.0,2969.0,2969.0,2969.0,100,0.0,0.0
2024-06-27 10:45:00+09:00,2962.0,2962.0,2962.0,2962.0,200,0.0,0.0
2024-06-27 11:00:00+09:00,2970.0,2970.0,2970.0,2970.0,100,0.0,0.0
2024-06-27 11:05:00+09:00,2969.0,2969.0,2962.0,2962.0,400,0.0,0.0
2024-06-27 11:10:00+09:00,2962.0,2962.0,2960.0,2960.0,200,0.0,0.0
2024-06-27 11:30:00+09:00,2967.0,2967.0,2967.0,2967.0,100,0.0,0.0
2024-06-27 11:35:00+09:00,2967.0,2967.0,2967.0,2967.0,0,0.0,0.0
2024-06-27 12:30:00+09:00,2970.0,2975.0,2963.0,2970.0,0,0.0,0.0
2024-06-27 12:35:00+09:00,2970.0,2970.0,2970.0,2970.0,8100,0.0,0.0
2024-06-27 12:45:00+09:00,2970.0,2970.0,2970.0,2970.0,100,0.0,0.0
2024-06-27 12:55:00+09:00,2976.0,2976.0,2976.0,2976.0,100,0.0,0.0
2024-06-27 13:00:00+09:00,2970.0,2970.0,2970.0,2970.0,100,0.0,0.0
2024-06-27 13:10:00+09:00,2978.0,2978.0,2978.0,2978.0,100,0.0,0.0
2024-06-27 13:25:00+09:00,2979.0,2980.0,2979.0,2980.0,200,0.0,0.0
2024-06-27 13:35:00+09:00,2973.0,2973.0,2973.0,2973.0,200,0.0,0.0
2024-06-27 13:50:00+09:00,2970.0,2975.0,2970.0,2973.0,400,0.0,0.0
2024-06-27 14:10:00+09:00,2974.0,2974.0,2970.0,2970.0,400,0.0,0.0
2024-06-27 14:20:00+09:00,2979.0,2979.0,2971.0,2971.0,200,0.0,0.0
2024-06-27 14:35:00+09:00,2967.0,2967.0,2967.0,2967.0,100,0.0,0.0
2024-06-27 14:50:00+09:00,2966.0,2966.0,2966.0,2966.0,100,0.0,0.0
2024-06-27 14:55:00+09:00,2966.0,2976.0,2960.0,2976.0,1300,0.0,0.0
2024-06-28 09:00:00+09:00,2975.0,2975.0,2975.0,2975.0,300,0.0,0.0
2024-06-28 09:05:00+09:00,2955.0,2955.0,2952.0,2952.0,400,0.0,0.0
2024-06-28 09:15:00+09:00,2952.0,2952.0,2928.0,2928.0,1100,0.0,0.0
2024-06-28 09:20:00+09:00,2933.0,2937.0,2933.0,2937.0,500,0.0,0.0
2024-06-28 09:45:00+09:00,2948.0,2948.0,2948.0,2948.0,100,0.0,0.0
2024-06-28 09:55:00+09:00,2943.0,2943.0,2938.0,2938.0,1100,0.0,0.0
2024-06-28 10:05:00+09:00,2938.0,2938.0,2938.0,2938.0,100,0.0,0.0
2024-06-28 10:20:00+09:00,2947.0,2947.0,2947.0,2947.0,100,0.0,0.0
2024-06-28 10:35:00+09:00,2934.0,2934.0,2925.0,2925.0,1600,0.0,0.0
2024-06-28 10:45:00+09:00,2933.0,2933.0,2933.0,2933.0,200,0.0,0.0
2024-06-28 11:00:00+09:00,2947.0,2947.0,2947.0,2947.0,100,0.0,0.0
2024-06-28 11:05:00+09:00,2948.0,2950.0,2948.0,2950.0,300,0.0,0.0
2024-06-28 11:10:00+09:00,2950.0,2950.0,2944.0,2944.0,400,0.0,0.0
2024-06-28 11:15:00+09:00,2935.0,2935.0,2935.0,2935.0,500,0.0,0.0
2024-06-28 11:30:00+09:00,2935.0,2935.0,2935.0,2935.0,800,0.0,0.0
2024-06-28 11:35:00+09:00,2935.0,2935.0,2935.0,2935.0,0,0.0,0.0
2024-06-28 12:30:00+09:00,2945.0,2945.0,2945.0,2945.0,8000,0.0,0.0
2024-06-28 13:20:00+09:00,2948.0,2948.0,2948.0,2948.0,100,0.0,0.0
2024-06-28 13:25:00+09:00,2947.0,2947.0,2947.0,2947.0,100,0.0,0.0
2024-06-28 13:40:00+09:00,2947.0,2957.0,2947.0,2957.0,800,0.0,0.0
2024-06-28 13:45:00+09:00,2948.0,2948.0,2948.0,2948.0,300,0.0,0.0
2024-06-28 13:55:00+09:00,2953.0,2953.0,2953.0,2953.0,200,0.0,0.0
2024-06-28 14:15:00+09:00,2941.0,2955.0,2941.0,2955.0,300,0.0,0.0
2024-06-28 14:25:00+09:00,2938.0,2938.0,2938.0,2938.0,100,0.0,0.0
2024-06-28 14:30:00+09:00,2938.0,2938.0,2932.0,2932.0,200,0.0,0.0
2024-06-28 14:35:00+09:00,2931.0,2931.0,2926.0,2926.0,1000,0.0,0.0
2024-06-28 14:40:00+09:00,2927.0,2927.0,2922.0,2922.0,400,0.0,0.0
2024-06-28 14:45:00+09:00,2927.0,2927.0,2927.0,2927.0,100,0.0,0.0
2024-06-28 14:50:00+09:00,2923.0,2923.0,2923.0,2923.0,100,0.0,0.0
2024-06-28 14:55:00+09:00,2923.0,2932.0,2923.0,2932.0,700,0.0,0.0
2024-07-01 09:00:00+09:00,2974.0,2974.0,2963.0,2963.0,700,0.0,0.0
2024-07-01 09:10:00+09:00,2962.0,2962.0,2962.0,2962.0,100,0.0,0.0
2024-07-01 09:40:00+09:00,2959.0,2959.0,2959.0,2959.0,200,0.0,0.0
2024-07-01 09:55:00+09:00,2950.0,2950.0,2950.0,2950.0,100,0.0,0.0
2024-07-01 10:20:00+09:00,2965.0,2965.0,2965.0,2965.0,200,0.0,0.0
2024-07-01 10:25:00+09:00,2965.0,2965.0,2965.0,2965.0,1000,0.0,0.0
2024-07-01 10:40:00+09:00,2963.0,2963.0,2963.0,2963.0,100,0.0,0.0
2024-07-01 10:45:00+09:00,2969.0,2969.0,2969.0,2969.0,100,0.0,0.0
2024-07-01 10:50:00+09:00,2958.0,2958.0,2958.0,2958.0,200,0.0,0.0
2024-07-01 11:00:00+09:00,2966.0,2966.0,2966.0,2966.0,100,0.0,0.0
2024-07-01 11:20:00+09:00,2954.0,2954.0,2954.0,2954.0,100,0.0,0.0
2024-07-01 11:35:00+09:00,2954.0,2954.0,2954.0,2954.0,0,0.0,0.0
2024-07-01 12:30:00+09:00,2954.0,2954.0,2954.0,2954.0,3000,0.0,0.0
2024-07-01 13:25:00+09:00,2962.0,2962.0,2962.0,2962.0,100,0.0,0.0
2024-07-01 13:30:00+09:00,2962.0,2967.0,2962.0,2967.0,300,0.0,0.0
2024-07-01 13:35:00+09:00,2952.0,2958.0,2949.0,2958.0,800,0.0,0.0
2024-07-01 13:40:00+09:00,2959.0,2966.0,2959.0,2966.0,200,0.0,0.0
2024-07-01 14:05:00+09:00,2954.0,2954.0,2954.0,2954.0,200,0.0,0.0
2024-07-01 14:10:00+09:00,2951.0,2951.0,2951.0,2951.0,200,0.0,0.0
2024-07-01 14:45:00+09:00,2959.0,2959.0,2949.0,2949.0,600,0.0,0.0
2024-07-01 14:50:00+09:00,2949.0,2952.0,2946.0,2946.0,500,0.0,0.0
2024-07-01 14:55:00+09:00,2947.0,2952.0,2947.0,2952.0,500,0.0,0.0
2024-07-02 09:00:00+09:00,2960.0,2960.0,2944.0,2944.0,900,0.0,0.0
2024-07-02 09:05:00+09:00,2944.0,2944.0,2931.0,2931.0,300,0.0,0.0
2024-07-02 09:25:00+09:00,2929.0,2931.0,2904.0,2907.0,3100,0.0,0.0
2024-07-02 09:40:00+09:00,2913.0,2913.0,2913.0,2913.0,100,0.0,0.0
2024-07-02 09:50:00+09:00,2909.0,2909.0,2904.0,2904.0,1100,0.0,0.0
2024-07-02 09:55:00+09:00,2906.0,2906.0,2900.0,2900.0,800,0.0,0.0
2024-07-02 10:10:00+09:00,2904.0,2904.0,2904.0,2904.0,100,0.0,0.0
2024-07-02 10:15:00+09:00,2909.0,2911.0,2909.0,2911.0,600,0.0,0.0
2024-07-02 10:20:00+09:00,2922.0,2928.0,2922.0,2928.0,200,0.0,0.0
2024-07-02 10:30:00+09:00,2919.0,2919.0,2919.0,2919.0,100,0.0,0.0
2024-07-02 10:35:00+09:00,2919.0,2919.0,2919.0,2919.0,100,0.0,0.0
2024-07-02 10:50:00+09:00,2910.0,2910.0,2910.0,2910.0,200,0.0,0.0
2024-07-02 11:10:00+09:00,2907.0,2917.0,2907.0,2917.0,200,0.0,0.0
2024-07-02 11:20:00+09:00,2908.0,2908.0,2906.0,2906.0,400,0.0,0.0
2024-07-02 11:25:00+09:00,2903.0,2903.0,2903.0,2903.0,100,0.0,0.0
2024-07-02 11:30:00+09:00,2903.0,2903.0,2903.0,2903.0,100,0.0,0.0
2024-07-02 11:35:00+09:00,2903.0,2903.0,2903.0,2903.0,0,0.0,0.0
2024-07-02 12:30:00+09:00,2914.0,2914.0,2889.0,2900.0,12900,0.0,0.0
2024-07-02 12:40:00+09:00,2904.0,2904.0,2903.0,2903.0,300,0.0,0.0
2024-07-02 12:45:00+09:00,2902.0,2902.0,2902.0,2902.0,200,0.0,0.0
2024-07-02 12:55:00+09:00,2905.0,2905.0,2905.0,2905.0,100,0.0,0.0
2024-07-02 13:15:00+09:00,2910.0,2910.0,2910.0,2910.0,100,0.0,0.0
2024-07-02 13:25:00+09:00,2909.0,2909.0,2909.0,2909.0,100,0.0,0.0
2024-07-02 13:30:00+09:00,2902.0,2902.0,2899.0,2899.0,600,0.0,0.0
2024-07-02 13:40:00+09:00,2899.0,2900.0,2896.0,2896.0,0,0.0,0.0
2024-07-02 13:45:00+09:00,2895.0,2895.0,2895.0,2895.0,14900,0.0,0.0
2024-07-02 13:55:00+09:00,2895.0,2895.0,2894.0,2894.0,200,0.0,0.0
2024-07-02 14:00:00+09:00,2895.0,2895.0,2886.0,2886.0,500,0.0,0.0
2024-07-02 14:15:00+09:00,2894.0,2894.0,2888.0,2888.0,1200,0.0,0.0
2024-07-02 14:30:00+09:00,2893.0,2893.0,2893.0,2893.0,100,0.0,0.0
2024-07-02 14:35:00+09:00,2894.0,2894.0,2890.0,2890.0,500,0.0,0.0
2024-07-02 14:40:00+09:00,2891.0,2891.0,2891.0,2891.0,100,0.0,0.0
2024-07-02 14:45:00+09:00,2895.0,2895.0,2895.0,2895.0,100,0.0,0.0
2024-07-02 14:55:00+09:00,2892.0,2896.0,2891.0,2891.0,1100,0.0,0.0
2024-07-03 09:00:00+09:00,2870.0,2870.0,2868.0,2868.0,600,0.0,0.0
2024-07-03 09:05:00+09:00,2868.0,2868.0,2868.0,2868.0,100,0.0,0.0
2024-07-03 09:10:00+09:00,2868.0,2868.0,2868.0,2868.0,100,0.0,0.0
2024-07-03 09:15:00+09:00,2868.0,2868.0,2868.0,2868.0,600,0.0,0.0
2024-07-03 09:25:00+09:00,2868.0,2868.0,2868.0,2868.0,800,0.0,0.0
2024-07-03 09:30:00+09:00,2863.0,2863.0,2863.0,2863.0,100,0.0,0.0
2024-07-03 09:35:00+09:00,2862.0,2865.0,2855.0,2865.0,500,0.0,0.0
2024-07-03 10:00:00+09:00,2868.0,2868.0,2868.0,2868.0,100,0.0,0.0
2024-07-03 10:15:00+09:00,2869.0,2869.0,2869.0,2869.0,100,0.0,0.0
2024-07-03 10:20:00+09:00,2869.0,2873.0,2869.0,2873.0,400,0.0,0.0
2024-07-03 10:25:00+09:00,2864.0,2866.0,2860.0,2866.0,1900,0.0,0.0
2024-07-03 10:50:00+09:00,2875.0,2875.0,2875.0,2875.0,100,0.0,0.0
2024-07-03 10:55:00+09:00,2877.0,2877.0,2871.0,2871.0,200,0.0,0.0
2024-07-03 11:00:00+09:00,2877.0,2886.0,2877.0,2886.0,600,0.0,0.0
2024-07-03 11:15:00+09:00,2882.0,2882.0,2882.0,2882.0,100,0.0,0.0
2024-07-03 11:25:00+09:00,2885.0,2886.0,2885.0,2886.0,600,0.0,0.0
2024-07-03 11:30:00+09:00,2883.0,2883.0,2883.0,2883.0,500,0.0,0.0
2024-07-03 11:35:00+09:00,2883.0,2883.0,2883.0,2883.0,0,0.0,0.0
2024-07-03 12:30:00+09:00,2929.0,2929.0,2929.0,2929.0,7800,0.0,0.0
2024-07-03 12:35:00+09:00,2890.0,2890.0,2890.0,2890.0,100,0.0,0.0
2024-07-03 13:15:00+09:00,2873.0,2883.0,2873.0,2883.0,200,0.0,0.0
2024-07-03 13:30:00+09:00,2879.0,2879.0,2879.0,2879.0,300,0.0,0.0
2024-07-03 13:35:00+09:00,2875.0,2891.0,2875.0,2891.0,400,0.0,0.0
2024-07-03 13:45:00+09:00,2886.0,2886.0,2886.0,2886.0,100,0.0,0.0
2024-07-03 14:00:00+09:00,2896.0,2896.0,2888.0,2888.0,200,0.0,0.0
2024-07-03 14:15:00+09:00,2892.0,2892.0,2891.0,2891.0,300,0.0,0.0
2024-07-03 14:35:00+09:00,2897.0,2897.0,2897.0,2897.0,100,0.0,0.0
2024-07-03 14:45:00+09:00,2889.0,2889.0,2882.0,2882.0,800,0.0,0.0
2024-07-03 14:50:00+09:00,2883.0,2885.0,2883.0,2883.0,400,0.0,0.0
2024-07-03 14:55:00+09:00,2888.0,2898.0,2888.0,2897.0,300,0.0,0.0
2024-07-04 09:00:00+09:00,2880.0,2902.0,2880.0,2902.0,1100,0.0,0.0
2024-07-04 09:05:00+09:00,2904.0,2904.0,2904.0,2904.0,100,0.0,0.0
2024-07-04 09:20:00+09:00,2897.0,2897.0,2894.0,2894.0,300,0.0,0.0
2024-07-04 09:45:00+09:00,2891.0,2893.0,2891.0,2893.0,200,0.0,0.0
2024-07-04 10:05:00+09:00,2894.0,2900.0,2875.0,2876.0,2800,0.0,0.0
2024-07-04 10:10:00+09:00,2878.0,2878.0,2878.0,2878.0,100,0.0,0.0
2024-07-04 10:30:00+09:00,2877.0,2877.0,2875.0,2875.0,300,0.0,0.0
2024-07-04 10:35:00+09:00,2882.0,2882.0,2882.0,2882.0,100,0.0,0.0
2024-07-04 10:40:00+09:00,2882.0,2882.0,2882.0,2882.0,100,0.0,0.0
2024-07-04 11:00:00+09:00,2882.0,2882.0,2876.0,2876.0,200,0.0,0.0
2024-07-04 11:35:00+09:00,2876.0,2876.0,2876.0,2876.0,0,0.0,0.0
2024-07-04 12:30:00+09:00,2891.0,2891.0,2891.0,2891.0,5500,0.0,0.0
2024-07-04 12:35:00+09:00,2878.0,2878.0,2878.0,2878.0,100,0.0,0.0
2024-07-04 12:50:00+09:00,2882.0,2882.0,2882.0,2882.0,100,0.0,0.0
2024-07-04 13:35:00+09:00,2884.0,2884.0,2880.0,2880.0,1200,0.0,0.0
2024-07-04 13:40:00+09:00,2879.0,2880.0,2879.0,2880.0,300,0.0,0.0
2024-07-04 14:00:00+09:00,2887.0,2887.0,2887.0,2887.0,100,0.0,0.0
2024-07-04 14:30:00+09:00,2888.0,2888.0,2888.0,2888.0,100,0.0,0.0
2024-07-04 14:35:00+09:00,2887.0,2887.0,2887.0,2887.0,100,0.0,0.0
2024-07-04 14:40:00+09:00,2889.0,2890.0,2887.0,2890.0,900,0.0,0.0
2024-07-04 14:45:00+09:00,2891.0,2891.0,2891.0,2891.0,100,0.0,0.0
2024-07-04 14:50:00+09:00,2891.0,2891.0,2889.0,2889.0,300,0.0,0.0
2024-07-04 14:55:00+09:00,2883.0,2901.0,2883.0,2890.0,500,0.0,0.0
2024-07-05 09:00:00+09:00,2898.0,2898.0,2896.0,2896.0,3000,0.0,0.0
2024-07-05 09:10:00+09:00,2892.0,2892.0,2892.0,2892.0,100,0.0,0.0
2024-07-05 09:25:00+09:00,2879.0,2879.0,2861.0,2861.0,1000,0.0,0.0
2024-07-05 09:30:00+09:00,2860.0,2874.0,2860.0,2874.0,600,0.0,0.0
2024-07-05 09:45:00+09:00,2862.0,2863.0,2862.0,2863.0,300,0.0,0.0
2024-07-05 09:50:00+09:00,2859.0,2859.0,2859.0,2859.0,100,0.0,0.0
2024-07-05 10:05:00+09:00,2859.0,2864.0,2859.0,2864.0,200,0.0,0.0
2024-07-05 10:15:00+09:00,2864.0,2864.0,2851.0,2851.0,1000,0.0,0.0
2024-07-05 11:00:00+09:00,2851.0,2851.0,2851.0,2851.0,100,0.0,0.0
2024-07-05 11:25:00+09:00,2851.0,2851.0,2850.0,2850.0,300,0.0,0.0
2024-07-05 11:35:00+09:00,2850.0,2850.0,2850.0,2850.0,0,0.0,0.0
2024-07-05 12:30:00+09:00,2859.0,2869.0,2859.0,2869.0,7100,0.0,0.0
2024-07-05 12:40:00+09:00,2851.0,2851.0,2849.0,2849.0,800,0.0,0.0
2024-07-05 12:45:00+09:00,2851.0,2851.0,2851.0,2851.0,100,0.0,0.0
2024-07-05 13:20:00+09:00,2850.0,2850.0,2850.0,2850.0,100,0.0,0.0
2024-07-05 13:25:00+09:00,2847.0,2847.0,2847.0,2847.0,100,0.0,0.0
2024-07-05 13:30:00+09:00,2847.0,2847.0,2847.0,2847.0,100,0.0,0.0
2024-07-05 13:35:00+09:00,2846.0,2846.0,2840.0,2840.0,900,0.0,0.0
2024-07-05 14:00:00+09:00,2849.0,2854.0,2849.0,2854.0,500,0.0,0.0
2024-07-05 14:15:00+09:00,2841.0,2841.0,2841.0,2841.0,100,0.0,0.0
2024-07-05 14:25:00+09:00,2849.0,2849.0,2849.0,2849.0,100,0.0,0.0
2024-07-05 14:45:00+09:00,2845.0,2845.0,2845.0,2845.0,300,0.0,0.0
2024-07-05 14:50:00+09:00,2852.0,2854.0,2849.0,2849.0,500,0.0,0.0
2024-07-05 14:55:00+09:00,2862.0,2862.0,2862.0,2862.0,100,0.0,0.0
