Datetime,Open,High,Low,Close,Volume,Dividends,Stock Splits
2022-07-21 09:00:00+08:00,43.25,46.5,42.79999923706055,45.599998474121094,0,0.0,0.0
2022-07-21 10:00:00+08:00,45.599998474121094,46.29999923706055,45.20000076293945,45.349998474121094,7937913,0.0,0.0
2022-07-21 11:00:00+08:00,45.349998474121094,47.0,45.349998474121094,46.75,8253806,0.0,0.0
2022-07-21 12:00:00+08:00,46.75,46.75,45.099998474121094,45.599998474121094,5804477,0.0,0.0
2022-07-21 13:00:00+08:00,45.599998474121094,46.099998474121094,45.25,45.349998474121094,4319998,0.0,0.0
2022-07-22 09:00:00+08:00,45.0,47.650001525878906,45.0,46.349998474121094,0,0.0,0.0
2022-07-22 10:00:00+08:00,46.349998474121094,46.95000076293945,45.0,45.0,6403665,0.0,0.0
2022-07-22 11:00:00+08:00,45.0,45.849998474121094,44.349998474121094,45.599998474121094,6243801,0.0,0.0
2022-07-22 12:00:00+08:00,45.599998474121094,45.70000076293945,44.150001525878906,44.599998474121094,3920732,0.0,0.0
2022-07-22 13:00:00+08:00,44.599998474121094,45.0,44.20000076293945,44.20000076293945,2825388,0.0,0.0
2022-07-25 09:00:00+08:00,43.79999923706055,45.900001525878906,43.79999923706055,45.25,0,0.0,0.0
2022-07-25 10:00:00+08:00,45.25,45.349998474121094,44.54999923706055,45.099998474121094,1426781,0.0,0.0
2022-07-25 11:00:00+08:00,45.099998474121094,45.54999923706055,45.0,45.25,1206153,0.0,0.0
2022-07-25 12:00:00+08:00,45.29999923706055,45.900001525878906,44.95000076293945,45.599998474121094,3342161,0.0,0.0
2022-07-25 13:00:00+08:00,45.54999923706055,45.900001525878906,45.099998474121094,45.5,2916926,0.0,0.0
2022-07-26 09:00:00+08:00,45.75,46.04999923706055,44.5,44.54999923706055,0,0.0,0.0
2022-07-26 10:00:00+08:00,44.54999923706055,44.95000076293945,44.20000076293945,44.650001525878906,1733657,0.0,0.0
2022-07-26 11:00:00+08:00,44.650001525878906,44.849998474121094,44.099998474121094,44.349998474121094,1028898,0.0,0.0
2022-07-26 12:00:00+08:00,44.400001525878906,44.400001525878906,42.70000076293945,43.29999923706055,3245769,0.0,0.0
2022-07-26 13:00:00+08:00,43.29999923706055,43.45000076293945,43.0,43.099998474121094,1621733,0.0,0.0
2022-07-27 09:00:00+08:00,43.20000076293945,43.900001525878906,42.349998474121094,42.900001525878906,0,0.0,0.0
2022-07-27 10:00:00+08:00,42.900001525878906,43.0,42.400001525878906,42.79999923706055,819229,0.0,0.0
2022-07-27 11:00:00+08:00,42.79999923706055,43.70000076293945,42.79999923706055,43.349998474121094,1250653,0.0,0.0
2022-07-27 12:00:00+08:00,43.349998474121094,43.54999923706055,43.20000076293945,43.400001525878906,647395,0.0,0.0
2022-07-27 13:00:00+08:00,43.400001525878906,43.900001525878906,43.150001525878906,43.650001525878906,1102551,0.0,0.0
2022-07-28 09:00:00+08:00,44.5,48.04999923706055,44.45000076293945,46.599998474121094,15751865,0.0,0.0
2022-07-28 10:00:00+08:00,46.599998474121094,47.599998474121094,46.20000076293945,46.95000076293945,4241643,0.0,0.0
2022-07-28 11:00:00+08:00,46.95000076293945,47.849998474121094,46.5,46.79999923706055,3246539,0.0,0.0
2022-07-28 12:00:00+08:00,46.79999923706055,47.5,46.20000076293945,47.04999923706055,3947248,0.0,0.0
2022-07-28 13:00:00+08:00,47.0,47.0,45.0,45.04999923706055,4968258,0.0,0.0
2022-07-29 09:00:00+08:00,45.70000076293945,46.29999923706055,44.0,44.849998474121094,0,0.0,0.0
2022-07-29 10:00:00+08:00,44.900001525878906,45.45000076293945,44.54999923706055,45.099998474121094,3085904,0.0,0.0
2022-07-29 11:00:00+08:00,45.150001525878906,45.54999923706055,44.70000076293945,44.75,2166766,0.0,0.0
2022-07-29 12:00:00+08:00,44.70000076293945,45.099998474121094,44.599998474121094,44.849998474121094,1162619,0.0,0.0
2022-07-29 13:00:00+08:00,44.849998474121094,45.0,44.5,44.79999923706055,2076914,0.0,0.0
2022-08-01 09:00:00+08:00,45.099998474121094,46.599998474121094,45.04999923706055,45.70000076293945,0,0.0,0.0
2022-08-01 10:00:00+08:00,45.650001525878906,46.29999923706055,45.599998474121094,45.849998474121094,2120181,0.0,0.0
2022-08-01 11:00:00+08:00,45.849998474121094,45.849998474121094,45.45000076293945,45.54999923706055,602642,0.0,0.0
2022-08-01 12:00:00+08:00,45.5,45.650001525878906,45.0,45.099998474121094,1436574,0.0,0.0
2022-08-01 13:00:00+08:00,45.150001525878906,45.45000076293945,45.0,45.25,1254478,0.0,0.0
2022-08-02 09:00:00+08:00,44.5,44.95000076293945,43.150001525878906,43.849998474121094,0,0.0,0.0
2022-08-02 10:00:00+08:00,43.849998474121094,44.599998474121094,43.75,44.349998474121094,1495154,0.0,0.0
2022-08-02 11:00:00+08:00,44.349998474121094,44.349998474121094,43.54999923706055,43.650001525878906,802216,0.0,0.0
2022-08-02 12:00:00+08:00,43.650001525878906,44.04999923706055,43.5,43.79999923706055,585124,0.0,0.0
2022-08-02 13:00:00+08:00,43.75,43.900001525878906,43.70000076293945,43.79999923706055,899746,0.0,0.0
2022-08-03 09:00:00+08:00,44.45000076293945,46.75,44.400001525878906,44.849998474121094,428378,0.0,0.0
2022-08-03 10:00:00+08:00,44.849998474121094,45.04999923706055,44.5,44.70000076293945,1328879,0.0,0.0
2022-08-03 11:00:00+08:00,44.70000076293945,44.75,43.75,43.900001525878906,1425732,0.0,0.0
2022-08-03 12:00:00+08:00,43.95000076293945,44.0,42.900001525878906,42.95000076293945,2627756,0.0,0.0
2022-08-03 13:00:00+08:00,42.900001525878906,43.79999923706055,42.900001525878906,43.650001525878906,1669611,0.0,0.0
2022-08-04 09:00:00+08:00,43.5,44.20000076293945,41.599998474121094,41.599998474121094,0,0.0,0.0
2022-08-04 10:00:00+08:00,41.599998474121094,41.79999923706055,40.20000076293945,40.650001525878906,3558927,0.0,0.0
2022-08-04 11:00:00+08:00,40.70000076293945,40.70000076293945,39.599998474121094,39.900001525878906,2115960,0.0,0.0
2022-08-04 12:00:00+08:00,39.900001525878906,40.95000076293945,39.900001525878906,40.599998474121094,1068531,0.0,0.0
2022-08-04 13:00:00+08:00,40.599998474121094,40.95000076293945,40.29999923706055,40.45000076293945,942241,0.0,0.0
2022-08-05 09:00:00+08:00,40.900001525878906,41.79999923706055,40.900001525878906,41.20000076293945,0,0.0,0.0
2022-08-05 10:00:00+08:00,41.20000076293945,41.54999923706055,41.0,41.04999923706055,796405,0.0,0.0
2022-08-05 11:00:00+08:00,41.099998474121094,41.29999923706055,40.95000076293945,41.150001525878906,576601,0.0,0.0
2022-08-05 12:00:00+08:00,41.150001525878906,41.849998474121094,41.04999923706055,41.54999923706055,1371392,0.0,0.0
2022-08-05 13:00:00+08:00,41.54999923706055,41.79999923706055,41.400001525878906,41.5,880584,0.0,0.0
2022-08-08 09:00:00+08:00,40.20000076293945,40.5,39.29999923706055,40.0,0,0.0,0.0
2022-08-08 10:00:00+08:00,40.0,40.25,39.70000076293945,40.099998474121094,538171,0.0,0.0
2022-08-08 11:00:00+08:00,40.099998474121094,41.29999923706055,39.900001525878906,41.099998474121094,1351319,0.0,0.0
2022-08-08 12:00:00+08:00,41.0,41.45000076293945,40.79999923706055,41.29999923706055,828832,0.0,0.0
2022-08-08 13:00:00+08:00,41.29999923706055,41.849998474121094,41.29999923706055,41.70000076293945,875025,0.0,0.0
2022-08-09 09:00:00+08:00,41.650001525878906,42.5,40.650001525878906,40.900001525878906,0,0.0,0.0
2022-08-09 10:00:00+08:00,41.0,41.349998474121094,41.0,41.20000076293945,309221,0.0,0.0
2022-08-09 11:00:00+08:00,41.20000076293945,41.849998474121094,41.150001525878906,41.54999923706055,953115,0.0,0.0
2022-08-09 12:00:00+08:00,41.5,41.5,41.150001525878906,41.20000076293945,498794,0.0,0.0
2022-08-09 13:00:00+08:00,41.20000076293945,41.54999923706055,41.150001525878906,41.29999923706055,660960,0.0,0.0
2022-08-10 09:00:00+08:00,41.29999923706055,42.54999923706055,41.25,42.349998474121094,0,0.0,0.0
2022-08-10 10:00:00+08:00,42.400001525878906,42.650001525878906,41.849998474121094,42.04999923706055,1625487,0.0,0.0
2022-08-10 11:00:00+08:00,42.04999923706055,42.29999923706055,42.0,42.150001525878906,394365,0.0,0.0
2022-08-10 12:00:00+08:00,42.20000076293945,43.04999923706055,42.20000076293945,42.70000076293945,4322673,0.0,0.0
2022-08-10 13:00:00+08:00,42.70000076293945,42.79999923706055,42.29999923706055,42.45000076293945,1074584,0.0,0.0
2022-08-11 09:00:00+08:00,43.0,43.79999923706055,42.54999923706055,43.20000076293945,0,0.0,0.0
2022-08-11 10:00:00+08:00,43.20000076293945,43.20000076293945,42.79999923706055,42.900001525878906,942663,0.0,0.0
2022-08-11 11:00:00+08:00,42.900001525878906,43.150001525878906,42.79999923706055,42.95000076293945,589538,0.0,0.0
2022-08-11 12:00:00+08:00,42.95000076293945,43.099998474121094,42.400001525878906,42.54999923706055,1197966,0.0,0.0
2022-08-11 13:00:00+08:00,42.5,42.75,42.25,42.45000076293945,1328971,0.0,0.0
2022-08-12 09:00:00+08:00,42.900001525878906,43.20000076293945,42.349998474121094,43.0,0,0.0,0.0
2022-08-12 10:00:00+08:00,43.0,43.29999923706055,42.45000076293945,42.599998474121094,1643620,0.0,0.0
2022-08-12 11:00:00+08:00,42.54999923706055,42.599998474121094,42.20000076293945,42.25,756308,0.0,0.0
2022-08-12 12:00:00+08:00,42.29999923706055,42.54999923706055,42.099998474121094,42.20000076293945,755523,0.0,0.0
2022-08-12 13:00:00+08:00,42.20000076293945,42.25,42.0,42.0,749863,0.0,0.0
2022-08-15 09:00:00+08:00,42.099998474121094,42.650001525878906,40.400001525878906,41.099998474121094,0,0.0,0.0
2022-08-15 10:00:00+08:00,41.150001525878906,41.79999923706055,41.0,41.5,638607,0.0,0.0
2022-08-15 11:00:00+08:00,41.45000076293945,41.900001525878906,41.400001525878906,41.79999923706055,470062,0.0,0.0
2022-08-15 12:00:00+08:00,41.79999923706055,42.900001525878906,41.75,42.650001525878906,1923340,0.0,0.0
2022-08-15 13:00:00+08:00,42.650001525878906,42.95000076293945,42.400001525878906,42.79999923706055,741671,0.0,0.0
2022-08-16 09:00:00+08:00,42.349998474121094,43.349998474121094,42.29999923706055,43.0,0,0.0,0.0
2022-08-16 10:00:00+08:00,43.0,43.0,42.5,42.650001525878906,415649,0.0,0.0
2022-08-16 11:00:00+08:00,42.650001525878906,42.849998474121094,42.54999923706055,42.650001525878906,209521,0.0,0.0
2022-08-16 12:00:00+08:00,42.650001525878906,42.650001525878906,42.099998474121094,42.400001525878906,732071,0.0,0.0
2022-08-16 13:00:00+08:00,42.45000076293945,42.45000076293945,41.70000076293945,41.900001525878906,769668,0.0,0.0
2022-08-17 09:00:00+08:00,41.70000076293945,42.95000076293945,41.70000076293945,42.70000076293945,0,0.0,0.0
2022-08-17 10:00:00+08:00,42.70000076293945,43.29999923706055,42.349998474121094,42.599998474121094,2011292,0.0,0.0
2022-08-17 11:00:00+08:00,42.54999923706055,42.70000076293945,42.29999923706055,42.29999923706055,434065,0.0,0.0
2022-08-17 12:00:00+08:00,42.29999923706055,42.650001525878906,42.29999923706055,42.45000076293945,478390,0.0,0.0
2022-08-17 13:00:00+08:00,42.45000076293945,42.599998474121094,42.099998474121094,42.20000076293945,643802,0.0,0.0
2022-08-18 09:00:00+08:00,42.349998474121094,42.79999923706055,41.79999923706055,42.20000076293945,0,0.0,0.0
2022-08-18 10:00:00+08:00,42.25,42.45000076293945,42.099998474121094,42.25,439156,0.0,0.0
2022-08-18 11:00:00+08:00,42.20000076293945,42.79999923706055,42.04999923706055,42.45000076293945,988135,0.0,0.0
2022-08-18 12:00:00+08:00,42.45000076293945,42.54999923706055,42.04999923706055,42.20000076293945,461293,0.0,0.0
2022-08-18 13:00:00+08:00,42.20000076293945,42.25,42.0,42.04999923706055,603601,0.0,0.0
2022-08-19 09:00:00+08:00,42.54999923706055,42.900001525878906,42.20000076293945,42.54999923706055,0,0.0,0.0
2022-08-19 10:00:00+08:00,42.54999923706055,43.150001525878906,42.29999923706055,42.45000076293945,2097443,0.0,0.0
2022-08-19 11:00:00+08:00,42.45000076293945,42.599998474121094,42.0,42.0,897749,0.0,0.0
2022-08-19 12:00:00+08:00,42.0,42.150001525878906,41.75,42.0,612938,0.0,0.0
2022-08-19 13:00:00+08:00,41.900001525878906,42.0,41.54999923706055,41.54999923706055,541080,0.0,0.0
2022-08-22 09:00:00+08:00,41.099998474121094,41.150001525878906,40.599998474121094,40.75,0,0.0,0.0
2022-08-22 10:00:00+08:00,40.70000076293945,40.79999923706055,40.150001525878906,40.54999923706055,915474,0.0,0.0
2022-08-22 11:00:00+08:00,40.54999923706055,40.54999923706055,40.25,40.349998474121094,256413,0.0,0.0
2022-08-22 12:00:00+08:00,40.29999923706055,40.45000076293945,40.20000076293945,40.25,353848,0.0,0.0
2022-08-22 13:00:00+08:00,40.20000076293945,40.29999923706055,40.0,40.04999923706055,575774,0.0,0.0
2022-08-23 09:00:00+08:00,39.5,40.5,39.099998474121094,39.650001525878906,0,0.0,0.0
2022-08-23 10:00:00+08:00,39.599998474121094,39.95000076293945,39.5,39.95000076293945,176352,0.0,0.0
2022-08-23 11:00:00+08:00,40.0,40.29999923706055,39.95000076293945,40.0,91001,0.0,0.0
2022-08-23 12:00:00+08:00,40.0,40.04999923706055,39.79999923706055,39.900001525878906,152034,0.0,0.0
2022-08-23 13:00:00+08:00,39.900001525878906,39.95000076293945,39.650001525878906,39.75,190953,0.0,0.0
2022-08-24 09:00:00+08:00,40.349998474121094,40.349998474121094,39.75,39.75,0,0.0,0.0
2022-08-24 10:00:00+08:00,39.79999923706055,39.849998474121094,39.20000076293945,39.20000076293945,285970,0.0,0.0
2022-08-24 11:00:00+08:00,39.20000076293945,39.400001525878906,39.20000076293945,39.29999923706055,135829,0.0,0.0
2022-08-24 12:00:00+08:00,39.29999923706055,39.70000076293945,39.0,39.54999923706055,325476,0.0,0.0
2022-08-24 13:00:00+08:00,39.650001525878906,39.650001525878906,39.150001525878906,39.29999923706055,147846,0.0,0.0
2022-08-25 09:00:00+08:00,39.75,40.04999923706055,39.29999923706055,39.849998474121094,0,0.0,0.0
2022-08-25 10:00:00+08:00,39.79999923706055,39.95000076293945,39.54999923706055,39.70000076293945,191207,0.0,0.0
2022-08-25 11:00:00+08:00,39.650001525878906,39.900001525878906,39.650001525878906,39.849998474121094,86106,0.0,0.0
2022-08-25 12:00:00+08:00,39.849998474121094,40.0,39.650001525878906,39.75,186052,0.0,0.0
2022-08-25 13:00:00+08:00,39.75,39.95000076293945,39.650001525878906,39.650001525878906,91405,0.0,0.0
2022-08-26 09:00:00+08:00,40.20000076293945,40.79999923706055,39.849998474121094,40.29999923706055,0,0.0,0.0
2022-08-26 10:00:00+08:00,40.349998474121094,40.349998474121094,39.79999923706055,39.79999923706055,233625,0.0,0.0
2022-08-26 11:00:00+08:00,39.79999923706055,40.099998474121094,39.70000076293945,40.099998474121094,160103,0.0,0.0
2022-08-26 12:00:00+08:00,40.099998474121094,41.0,39.95000076293945,40.0,987219,0.0,0.0
2022-08-26 13:00:00+08:00,40.0,40.04999923706055,39.900001525878906,40.04999923706055,190193,0.0,0.0
2022-08-29 09:00:00+08:00,37.45000076293945,38.54999923706055,37.04999923706055,38.20000076293945,0,0.0,0.0
2022-08-29 10:00:00+08:00,38.25,38.45000076293945,38.04999923706055,38.04999923706055,145752,0.0,0.0
2022-08-29 11:00:00+08:00,38.04999923706055,38.25,38.0,38.150001525878906,185183,0.0,0.0
2022-08-29 12:00:00+08:00,38.20000076293945,38.79999923706055,38.04999923706055,38.04999923706055,470104,0.0,0.0
2022-08-29 13:00:00+08:00,38.099998474121094,38.5,38.04999923706055,38.5,152513,0.0,0.0
2022-08-30 09:00:00+08:00,38.75,39.20000076293945,38.599998474121094,38.95000076293945,0,0.0,0.0
2022-08-30 10:00:00+08:00,38.900001525878906,39.0,38.599998474121094,38.900001525878906,135373,0.0,0.0
2022-08-30 11:00:00+08:00,38.849998474121094,39.0,38.79999923706055,38.900001525878906,76277,0.0,0.0
2022-08-30 12:00:00+08:00,38.900001525878906,39.0,38.79999923706055,38.849998474121094,139433,0.0,0.0
2022-08-30 13:00:00+08:00,38.79999923706055,39.0,38.70000076293945,38.95000076293945,169186,0.0,0.0
2022-08-31 09:00:00+08:00,38.70000076293945,39.20000076293945,38.349998474121094,38.45000076293945,0,0.0,0.0
2022-08-31 10:00:00+08:00,38.45000076293945,38.849998474121094,38.400001525878906,38.849998474121094,203890,0.0,0.0
2022-08-31 11:00:00+08:00,38.70000076293945,41.0,38.650001525878906,40.650001525878906,754661,0.0,0.0
2022-08-31 12:00:00+08:00,40.70000076293945,40.79999923706055,40.04999923706055,40.54999923706055,653380,0.0,0.0
2022-08-31 13:00:00+08:00,40.599998474121094,40.599998474121094,40.29999923706055,40.349998474121094,139569,0.0,0.0
2022-09-01 09:00:00+08:00,40.0,40.150001525878906,39.20000076293945,39.650001525878906,0,0.0,0.0
2022-09-01 10:00:00+08:00,39.599998474121094,39.650001525878906,39.099998474121094,39.099998474121094,512133,0.0,0.0
2022-09-01 11:00:00+08:00,39.150001525878906,39.25,39.04999923706055,39.04999923706055,190052,0.0,0.0
2022-09-01 12:00:00+08:00,39.04999923706055,39.099998474121094,38.849998474121094,39.0,274080,0.0,0.0
2022-09-01 13:00:00+08:00,39.0,39.04999923706055,38.95000076293945,38.95000076293945,146580,0.0,0.0
2022-09-02 09:00:00+08:00,39.29999923706055,39.5,39.0,39.04999923706055,0,0.0,0.0
2022-09-02 10:00:00+08:00,39.04999923706055,39.04999923706055,38.54999923706055,38.75,209520,0.0,0.0
2022-09-02 11:00:00+08:00,38.75,40.5,38.70000076293945,39.95000076293945,698400,0.0,0.0
2022-09-02 12:00:00+08:00,39.95000076293945,41.150001525878906,39.849998474121094,40.150001525878906,1611509,0.0,0.0
2022-09-02 13:00:00+08:00,40.150001525878906,40.150001525878906,39.79999923706055,39.849998474121094,187207,0.0,0.0
2022-09-05 09:00:00+08:00,39.95000076293945,40.0,38.650001525878906,39.25,0,0.0,0.0
2022-09-05 10:00:00+08:00,39.25,39.70000076293945,38.79999923706055,38.900001525878906,162749,0.0,0.0
2022-09-05 11:00:00+08:00,38.900001525878906,39.04999923706055,38.849998474121094,39.04999923706055,84071,0.0,0.0
2022-09-05 12:00:00+08:00,39.0,39.29999923706055,38.849998474121094,38.900001525878906,136310,0.0,0.0
2022-09-05 13:00:00+08:00,38.900001525878906,39.0,38.79999923706055,38.900001525878906,164698,0.0,0.0
2022-09-06 09:00:00+08:00,39.25,39.5,38.70000076293945,38.79999923706055,0,0.0,0.0
2022-09-06 10:00:00+08:00,38.79999923706055,38.849998474121094,38.54999923706055,38.599998474121094,157668,0.0,0.0
2022-09-06 11:00:00+08:00,38.599998474121094,38.650001525878906,37.150001525878906,37.29999923706055,579081,0.0,0.0
2022-09-06 12:00:00+08:00,37.29999923706055,37.79999923706055,37.29999923706055,37.650001525878906,130216,0.0,0.0
2022-09-06 13:00:00+08:00,37.650001525878906,37.650001525878906,37.349998474121094,37.400001525878906,196639,0.0,0.0
2022-09-07 09:00:00+08:00,36.400001525878906,37.29999923706055,36.25,37.29999923706055,0,0.0,0.0
2022-09-07 10:00:00+08:00,37.29999923706055,37.54999923706055,36.900001525878906,36.900001525878906,124212,0.0,0.0
2022-09-07 11:00:00+08:00,36.849998474121094,36.900001525878906,36.70000076293945,36.79999923706055,38000,0.0,0.0
2022-09-07 12:00:00+08:00,36.79999923706055,37.0,36.79999923706055,36.95000076293945,44439,0.0,0.0
2022-09-07 13:00:00+08:00,36.95000076293945,37.0,36.599998474121094,36.650001525878906,167000,0.0,0.0
2022-09-08 09:00:00+08:00,37.25,37.70000076293945,36.849998474121094,37.099998474121094,0,0.0,0.0
2022-09-08 10:00:00+08:00,37.04999923706055,37.099998474121094,36.900001525878906,36.900001525878906,49053,0.0,0.0
2022-09-08 11:00:00+08:00,36.849998474121094,36.95000076293945,36.79999923706055,36.79999923706055,113262,0.0,0.0
2022-09-08 12:00:00+08:00,36.900001525878906,36.95000076293945,36.79999923706055,36.900001525878906,110499,0.0,0.0
2022-09-08 13:00:00+08:00,36.900001525878906,36.900001525878906,36.5,36.5,209638,0.0,0.0
2022-09-12 09:00:00+08:00,37.0,38.79999923706055,37.0,38.20000076293945,141007,0.0,0.0
2022-09-12 10:00:00+08:00,38.20000076293945,38.45000076293945,38.0,38.25,116783,0.0,0.0
2022-09-12 11:00:00+08:00,38.25,38.45000076293945,38.150001525878906,38.20000076293945,93172,0.0,0.0
2022-09-12 12:00:00+08:00,38.20000076293945,38.29999923706055,38.150001525878906,38.150001525878906,80093,0.0,0.0
2022-09-12 13:00:00+08:00,38.150001525878906,38.349998474121094,38.150001525878906,38.349998474121094,72351,0.0,0.0
2022-09-13 09:00:00+08:00,38.900001525878906,38.900001525878906,37.79999923706055,38.04999923706055,0,0.0,0.0
2022-09-13 10:00:00+08:00,38.04999923706055,38.04999923706055,37.79999923706055,37.849998474121094,97536,0.0,0.0
2022-09-13 11:00:00+08:00,37.900001525878906,37.900001525878906,37.75,37.849998474121094,122778,0.0,0.0
2022-09-13 12:00:00+08:00,37.900001525878906,37.900001525878906,37.75,37.849998474121094,125610,0.0,0.0
2022-09-13 13:00:00+08:00,37.849998474121094,38.29999923706055,37.79999923706055,37.849998474121094,144099,0.0,0.0
2022-09-14 09:00:00+08:00,36.349998474121094,37.0,36.0,36.900001525878906,0,0.0,0.0
2022-09-14 10:00:00+08:00,36.900001525878906,38.5,36.900001525878906,38.099998474121094,232446,0.0,0.0
2022-09-14 11:00:00+08:00,38.099998474121094,38.150001525878906,37.849998474121094,37.849998474121094,53203,0.0,0.0
2022-09-14 12:00:00+08:00,37.849998474121094,38.150001525878906,37.75,38.04999923706055,134073,0.0,0.0
2022-09-14 13:00:00+08:00,38.04999923706055,38.099998474121094,37.95000076293945,37.95000076293945,45442,0.0,0.0
2022-09-15 09:00:00+08:00,38.400001525878906,38.400001525878906,37.650001525878906,38.0,0,0.0,0.0
2022-09-15 10:00:00+08:00,37.900001525878906,38.099998474121094,37.79999923706055,37.900001525878906,85401,0.0,0.0
2022-09-15 11:00:00+08:00,37.900001525878906,37.900001525878906,37.599998474121094,37.599998474121094,116771,0.0,0.0
2022-09-15 12:00:00+08:00,37.599998474121094,37.599998474121094,37.29999923706055,37.29999923706055,153820,0.0,0.0
2022-09-15 13:00:00+08:00,37.29999923706055,37.29999923706055,36.79999923706055,36.900001525878906,230483,0.0,0.0
2022-09-16 09:00:00+08:00,36.79999923706055,37.25,36.79999923706055,37.04999923706055,0,0.0,0.0
2022-09-16 10:00:00+08:00,37.04999923706055,37.04999923706055,36.79999923706055,36.849998474121094,86213,0.0,0.0
2022-09-16 11:00:00+08:00,36.79999923706055,36.849998474121094,36.599998474121094,36.79999923706055,84189,0.0,0.0
2022-09-16 12:00:00+08:00,36.79999923706055,36.79999923706055,36.650001525878906,36.70000076293945,60653,0.0,0.0
2022-09-16 13:00:00+08:00,36.70000076293945,36.849998474121094,36.650001525878906,36.75,66168,0.0,0.0
2022-09-19 09:00:00+08:00,36.45000076293945,36.95000076293945,36.29999923706055,36.349998474121094,0,0.0,0.0
2022-09-19 10:00:00+08:00,36.400001525878906,36.5,36.04999923706055,36.099998474121094,106122,0.0,0.0
2022-09-19 11:00:00+08:00,36.099998474121094,36.099998474121094,35.849998474121094,35.900001525878906,165428,0.0,0.0
2022-09-19 12:00:00+08:00,35.95000076293945,36.0,35.849998474121094,35.849998474121094,74314,0.0,0.0
2022-09-19 13:00:00+08:00,35.849998474121094,35.900001525878906,35.79999923706055,35.79999923706055,89430,0.0,0.0
2022-09-20 09:00:00+08:00,36.349998474121094,36.5,35.70000076293945,36.099998474121094,0,0.0,0.0
2022-09-20 10:00:00+08:00,36.04999923706055,36.04999923706055,35.650001525878906,35.650001525878906,38575,0.0,0.0
2022-09-20 11:00:00+08:00,35.70000076293945,35.70000076293945,35.599998474121094,35.650001525878906,58338,0.0,0.0
2022-09-20 12:00:00+08:00,35.70000076293945,35.75,35.650001525878906,35.75,71003,0.0,0.0
2022-09-20 13:00:00+08:00,35.75,35.75,35.650001525878906,35.70000076293945,34400,0.0,0.0
2022-09-21 09:00:00+08:00,35.650001525878906,35.650001525878906,35.0,35.150001525878906,0,0.0,0.0
2022-09-21 10:00:00+08:00,35.099998474121094,35.5,35.0,35.45000076293945,127150,0.0,0.0
2022-09-21 11:00:00+08:00,35.45000076293945,35.45000076293945,35.20000076293945,35.400001525878906,42003,0.0,0.0
2022-09-21 12:00:00+08:00,35.400001525878906,35.45000076293945,35.20000076293945,35.25,85111,0.0,0.0
2022-09-21 13:00:00+08:00,35.25,35.29999923706055,35.20000076293945,35.20000076293945,99402,0.0,0.0
2022-09-22 09:00:00+08:00,34.20000076293945,35.0,34.20000076293945,34.849998474121094,0,0.0,0.0
2022-09-22 10:00:00+08:00,35.0,35.79999923706055,35.0,35.5,107258,0.0,0.0
2022-09-22 11:00:00+08:00,35.5,35.5,34.650001525878906,34.95000076293945,154365,0.0,0.0
2022-09-22 12:00:00+08:00,35.0,35.099998474121094,34.900001525878906,34.900001525878906,111220,0.0,0.0
2022-09-22 13:00:00+08:00,34.900001525878906,35.04999923706055,34.900001525878906,35.04999923706055,51000,0.0,0.0
2022-09-23 09:00:00+08:00,35.0,35.45000076293945,34.5,34.599998474121094,0,0.0,0.0
2022-09-23 10:00:00+08:00,34.599998474121094,34.650001525878906,34.20000076293945,34.29999923706055,138064,0.0,0.0
2022-09-23 11:00:00+08:00,34.29999923706055,34.349998474121094,33.599998474121094,33.849998474121094,346650,0.0,0.0
2022-09-23 12:00:00+08:00,33.849998474121094,33.849998474121094,33.5,33.79999923706055,145053,0.0,0.0
2022-09-23 13:00:00+08:00,33.79999923706055,33.79999923706055,33.29999923706055,33.349998474121094,151460,0.0,0.0
2022-09-26 09:00:00+08:00,32.79999923706055,32.79999923706055,31.299999237060547,31.450000762939453,0,0.0,0.0
2022-09-26 10:00:00+08:00,31.549999237060547,32.29999923706055,31.549999237060547,32.04999923706055,154107,0.0,0.0
2022-09-26 11:00:00+08:00,32.04999923706055,32.04999923706055,31.0,31.200000762939453,184295,0.0,0.0
2022-09-26 12:00:00+08:00,31.200000762939453,31.25,30.100000381469727,30.100000381469727,430056,0.0,0.0
2022-09-26 13:00:00+08:00,30.149999618530273,30.700000762939453,30.149999618530273,30.700000762939453,198469,0.0,0.0
2022-09-27 09:00:00+08:00,30.850000381469727,31.25,30.149999618530273,30.450000762939453,0,0.0,0.0
2022-09-27 10:00:00+08:00,30.450000762939453,30.799999237060547,30.149999618530273,30.399999618530273,117877,0.0,0.0
2022-09-27 11:00:00+08:00,30.399999618530273,30.700000762939453,30.299999237060547,30.649999618530273,86099,0.0,0.0
2022-09-27 12:00:00+08:00,30.600000381469727,30.899999618530273,30.600000381469727,30.899999618530273,75757,0.0,0.0
2022-09-27 13:00:00+08:00,30.899999618530273,31.299999237060547,30.899999618530273,31.200000762939453,154068,0.0,0.0
2022-09-28 09:00:00+08:00,32.5,32.5,30.899999618530273,31.149999618530273,0,0.0,0.0
2022-09-28 10:00:00+08:00,31.100000381469727,31.100000381469727,30.5,30.549999237060547,202221,0.0,0.0
2022-09-28 11:00:00+08:00,30.5,30.950000762939453,30.5,30.799999237060547,133101,0.0,0.0
2022-09-28 12:00:00+08:00,30.850000381469727,30.850000381469727,30.200000762939453,30.299999237060547,155034,0.0,0.0
2022-09-28 13:00:00+08:00,30.299999237060547,30.299999237060547,30.049999237060547,30.049999237060547,170209,0.0,0.0
2022-09-29 09:00:00+08:00,32.04999923706055,32.099998474121094,31.399999618530273,31.5,0,0.0,0.0
2022-09-29 10:00:00+08:00,31.5,31.5,31.0,31.049999237060547,84072,0.0,0.0
2022-09-29 11:00:00+08:00,31.0,31.049999237060547,30.75,31.049999237060547,89000,0.0,0.0
2022-09-29 12:00:00+08:00,31.049999237060547,31.399999618530273,31.0,31.100000381469727,132428,0.0,0.0
2022-09-29 13:00:00+08:00,31.100000381469727,31.200000762939453,30.950000762939453,31.0,70530,0.0,0.0
2022-09-30 09:00:00+08:00,29.5,29.950000762939453,29.0,29.950000762939453,0,0.0,0.0
2022-09-30 10:00:00+08:00,29.899999618530273,29.899999618530273,29.5,29.649999618530273,101329,0.0,0.0
2022-09-30 11:00:00+08:00,29.649999618530273,30.399999618530273,29.649999618530273,30.350000381469727,98128,0.0,0.0
2022-09-30 12:00:00+08:00,30.299999237060547,30.399999618530273,29.799999237060547,29.899999618530273,190353,0.0,0.0
2022-09-30 13:00:00+08:00,30.0,30.799999237060547,30.0,30.350000381469727,73002,0.0,0.0
2022-10-03 09:00:00+08:00,29.399999618530273,30.0,29.350000381469727,29.799999237060547,0,0.0,0.0
2022-10-03 10:00:00+08:00,29.75,30.700000762939453,29.700000762939453,30.100000381469727,152238,0.0,0.0
2022-10-03 11:00:00+08:00,30.100000381469727,30.299999237060547,29.799999237060547,29.950000762939453,99106,0.0,0.0
2022-10-03 12:00:00+08:00,30.0,30.049999237060547,29.850000381469727,30.049999237060547,47034,0.0,0.0
2022-10-03 13:00:00+08:00,30.049999237060547,30.25,30.0,30.149999618530273,74100,0.0,0.0
2022-10-04 09:00:00+08:00,30.799999237060547,30.799999237060547,30.200000762939453,30.25,0,0.0,0.0
2022-10-04 10:00:00+08:00,30.5,30.5,30.25,30.399999618530273,58032,0.0,0.0
2022-10-04 11:00:00+08:00,30.350000381469727,30.450000762939453,30.25,30.299999237060547,120269,0.0,0.0
2022-10-04 12:00:00+08:00,30.299999237060547,30.399999618530273,30.200000762939453,30.399999618530273,81230,0.0,0.0
2022-10-04 13:00:00+08:00,30.399999618530273,30.549999237060547,30.350000381469727,30.549999237060547,92001,0.0,0.0
2022-10-05 09:00:00+08:00,31.299999237060547,31.450000762939453,30.75,31.049999237060547,0,0.0,0.0
2022-10-05 10:00:00+08:00,31.049999237060547,32.0,31.049999237060547,31.399999618530273,429292,0.0,0.0
2022-10-05 11:00:00+08:00,31.350000381469727,31.350000381469727,30.799999237060547,30.850000381469727,161040,0.0,0.0
2022-10-05 12:00:00+08:00,30.850000381469727,30.850000381469727,30.5,30.649999618530273,144775,0.0,0.0
2022-10-05 13:00:00+08:00,30.649999618530273,30.75,30.649999618530273,30.700000762939453,57045,0.0,0.0
2022-10-06 09:00:00+08:00,30.5,30.700000762939453,29.850000381469727,30.0,0,0.0,0.0
2022-10-06 10:00:00+08:00,30.100000381469727,30.350000381469727,29.899999618530273,30.350000381469727,106302,0.0,0.0
2022-10-06 11:00:00+08:00,30.350000381469727,30.700000762939453,30.200000762939453,30.700000762939453,80058,0.0,0.0
2022-10-06 12:00:00+08:00,30.700000762939453,30.799999237060547,30.600000381469727,30.75,47001,0.0,0.0
2022-10-06 13:00:00+08:00,30.75,30.799999237060547,30.600000381469727,30.700000762939453,42100,0.0,0.0
2022-10-07 09:00:00+08:00,31.649999618530273,32.0,31.299999237060547,31.75,0,0.0,0.0
2022-10-07 10:00:00+08:00,31.75,31.950000762939453,31.75,31.950000762939453,39129,0.0,0.0
2022-10-07 11:00:00+08:00,32.0,32.0,31.600000381469727,31.600000381469727,102514,0.0,0.0
2022-10-07 12:00:00+08:00,31.700000762939453,31.75,31.549999237060547,31.649999618530273,56383,0.0,0.0
2022-10-07 13:00:00+08:00,31.649999618530273,31.700000762939453,31.600000381469727,31.700000762939453,46103,0.0,0.0
2022-10-11 09:00:00+08:00,30.700000762939453,30.700000762939453,30.25,30.649999618530273,0,0.0,0.0
2022-10-11 10:00:00+08:00,30.649999618530273,31.200000762939453,30.399999618530273,31.200000762939453,110512,0.0,0.0
2022-10-11 11:00:00+08:00,31.200000762939453,31.200000762939453,30.850000381469727,30.850000381469727,70018,0.0,0.0
2022-10-11 12:00:00+08:00,30.850000381469727,30.850000381469727,30.350000381469727,30.600000381469727,100308,0.0,0.0
2022-10-11 13:00:00+08:00,30.600000381469727,30.600000381469727,30.450000762939453,30.5,67002,0.0,0.0
2022-10-12 09:00:00+08:00,30.700000762939453,30.700000762939453,29.700000762939453,29.850000381469727,0,0.0,0.0
2022-10-12 10:00:00+08:00,29.850000381469727,30.200000762939453,29.799999237060547,30.200000762939453,92306,0.0,0.0
2022-10-12 11:00:00+08:00,30.25,30.5,30.200000762939453,30.25,80262,0.0,0.0
2022-10-12 12:00:00+08:00,30.25,30.350000381469727,30.0,30.100000381469727,54354,0.0,0.0
2022-10-12 13:00:00+08:00,30.049999237060547,30.100000381469727,30.049999237060547,30.049999237060547,35070,0.0,0.0
2022-10-13 09:00:00+08:00,30.149999618530273,30.25,29.350000381469727,29.350000381469727,0,0.0,0.0
2022-10-13 10:00:00+08:00,29.299999237060547,29.350000381469727,28.450000762939453,28.649999618530273,176246,0.0,0.0
2022-10-13 11:00:00+08:00,28.649999618530273,28.649999618530273,28.200000762939453,28.200000762939453,87038,0.0,0.0
2022-10-13 12:00:00+08:00,28.200000762939453,28.200000762939453,27.049999237060547,27.100000381469727,465814,0.0,0.0
2022-10-13 13:00:00+08:00,27.100000381469727,27.149999618530273,27.049999237060547,27.149999618530273,153201,0.0,0.0
2022-10-14 09:00:00+08:00,28.5,28.600000381469727,28.100000381469727,28.399999618530273,0,0.0,0.0
2022-10-14 10:00:00+08:00,28.5,29.399999618530273,28.5,29.149999618530273,209354,0.0,0.0
2022-10-14 11:00:00+08:00,29.049999237060547,29.100000381469727,28.649999618530273,28.649999618530273,87199,0.0,0.0
2022-10-14 12:00:00+08:00,28.649999618530273,29.149999618530273,28.600000381469727,29.0,74367,0.0,0.0
2022-10-14 13:00:00+08:00,29.0,29.149999618530273,28.700000762939453,28.700000762939453,66427,0.0,0.0
2022-10-17 09:00:00+08:00,27.299999237060547,28.0,27.299999237060547,27.399999618530273,0,0.0,0.0
2022-10-17 10:00:00+08:00,27.350000381469727,27.899999618530273,27.299999237060547,27.700000762939453,77352,0.0,0.0
2022-10-17 11:00:00+08:00,27.75,28.5,27.75,28.299999237060547,93577,0.0,0.0
2022-10-17 12:00:00+08:00,28.299999237060547,28.700000762939453,28.0,28.649999618530273,110082,0.0,0.0
2022-10-17 13:00:00+08:00,28.649999618530273,29.200000762939453,28.649999618530273,29.049999237060547,41040,0.0,0.0
2022-10-18 09:00:00+08:00,29.100000381469727,29.399999618530273,28.899999618530273,28.950000762939453,0,0.0,0.0
2022-10-18 10:00:00+08:00,28.950000762939453,29.049999237060547,28.799999237060547,29.0,44514,0.0,0.0
2022-10-18 11:00:00+08:00,29.0,29.25,28.850000381469727,29.100000381469727,62001,0.0,0.0
2022-10-18 12:00:00+08:00,28.899999618530273,29.299999237060547,28.899999618530273,29.299999237060547,32634,0.0,0.0
2022-10-18 13:00:00+08:00,29.200000762939453,29.200000762939453,29.049999237060547,29.049999237060547,19034,0.0,0.0
2022-10-19 09:00:00+08:00,29.399999618530273,29.649999618530273,29.25,29.600000381469727,0,0.0,0.0
2022-10-19 10:00:00+08:00,29.549999237060547,29.600000381469727,29.450000762939453,29.5,41272,0.0,0.0
2022-10-19 11:00:00+08:00,29.5,29.5,29.25,29.299999237060547,40500,0.0,0.0
2022-10-19 12:00:00+08:00,29.25,29.25,29.100000381469727,29.149999618530273,29580,0.0,0.0
2022-10-19 13:00:00+08:00,29.100000381469727,29.200000762939453,28.799999237060547,29.0,34498,0.0,0.0
2022-10-20 09:00:00+08:00,28.5,28.950000762939453,28.25,28.700000762939453,0,0.0,0.0
2022-10-20 10:00:00+08:00,28.899999618530273,28.899999618530273,28.649999618530273,28.799999237060547,19001,0.0,0.0
2022-10-20 11:00:00+08:00,28.75,28.75,28.5,28.600000381469727,13093,0.0,0.0
2022-10-20 12:00:00+08:00,28.549999237060547,28.549999237060547,28.299999237060547,28.549999237060547,54092,0.0,0.0
2022-10-20 13:00:00+08:00,28.549999237060547,28.700000762939453,28.549999237060547,28.700000762939453,17000,0.0,0.0
2022-10-21 09:00:00+08:00,28.600000381469727,28.600000381469727,28.0,28.100000381469727,0,0.0,0.0
2022-10-21 10:00:00+08:00,28.049999237060547,28.399999618530273,28.0,28.0,50362,0.0,0.0
2022-10-21 11:00:00+08:00,27.950000762939453,28.100000381469727,27.950000762939453,28.049999237060547,24100,0.0,0.0
2022-10-21 12:00:00+08:00,28.049999237060547,28.049999237060547,27.799999237060547,27.799999237060547,71303,0.0,0.0
2022-10-21 13:00:00+08:00,27.799999237060547,27.799999237060547,27.700000762939453,27.75,44202,0.0,0.0
2022-10-24 09:00:00+08:00,27.850000381469727,28.299999237060547,27.799999237060547,28.0,0,0.0,0.0
2022-10-24 10:00:00+08:00,27.799999237060547,27.899999618530273,27.649999618530273,27.899999618530273,36328,0.0,0.0
2022-10-24 11:00:00+08:00,27.850000381469727,27.850000381469727,27.75,27.75,9003,0.0,0.0
2022-10-24 12:00:00+08:00,27.75,27.799999237060547,27.700000762939453,27.75,32002,0.0,0.0
2022-10-24 13:00:00+08:00,27.700000762939453,27.700000762939453,27.549999237060547,27.549999237060547,35258,0.0,0.0
2022-10-25 09:00:00+08:00,27.600000381469727,27.600000381469727,27.0,27.350000381469727,0,0.0,0.0
2022-10-25 10:00:00+08:00,27.350000381469727,27.350000381469727,27.0,27.049999237060547,37411,0.0,0.0
2022-10-25 11:00:00+08:00,27.049999237060547,27.299999237060547,27.049999237060547,27.149999618530273,21043,0.0,0.0
2022-10-25 12:00:00+08:00,27.100000381469727,27.149999618530273,27.0,27.0,47113,0.0,0.0
2022-10-25 13:00:00+08:00,27.0,27.0,26.850000381469727,26.850000381469727,49092,0.0,0.0
2022-10-26 09:00:00+08:00,27.200000762939453,27.200000762939453,26.600000381469727,26.649999618530273,0,0.0,0.0
2022-10-26 10:00:00+08:00,26.600000381469727,26.799999237060547,26.549999237060547,26.799999237060547,34173,0.0,0.0
2022-10-26 11:00:00+08:00,26.75,26.799999237060547,26.450000762939453,26.5,51387,0.0,0.0
2022-10-26 12:00:00+08:00,26.5,26.600000381469727,26.350000381469727,26.350000381469727,56000,0.0,0.0
2022-10-26 13:00:00+08:00,26.299999237060547,26.350000381469727,26.049999237060547,26.25,47629,0.0,0.0
2022-10-27 09:00:00+08:00,26.600000381469727,26.799999237060547,26.399999618530273,26.75,0,0.0,0.0
2022-10-27 10:00:00+08:00,26.700000762939453,26.799999237060547,26.399999618530273,26.450000762939453,99040,0.0,0.0
2022-10-27 11:00:00+08:00,26.5,26.899999618530273,26.5,26.850000381469727,74160,0.0,0.0
2022-10-27 12:00:00+08:00,26.850000381469727,26.950000762939453,26.799999237060547,26.850000381469727,57141,0.0,0.0
2022-10-27 13:00:00+08:00,26.899999618530273,27.0,26.850000381469727,27.0,55000,0.0,0.0
2022-10-28 09:00:00+08:00,26.399999618530273,26.950000762939453,26.399999618530273,26.549999237060547,0,0.0,0.0
2022-10-28 10:00:00+08:00,26.549999237060547,26.549999237060547,26.399999618530273,26.399999618530273,50168,0.0,0.0
2022-10-28 11:00:00+08:00,26.450000762939453,26.5,26.350000381469727,26.450000762939453,26022,0.0,0.0
2022-10-28 12:00:00+08:00,26.450000762939453,26.450000762939453,26.299999237060547,26.299999237060547,50195,0.0,0.0
2022-10-28 13:00:00+08:00,26.350000381469727,26.399999618530273,26.200000762939453,26.25,32200,0.0,0.0
2022-10-31 09:00:00+08:00,26.700000762939453,27.5,26.700000762939453,27.5,0,0.0,0.0
2022-10-31 10:00:00+08:00,27.5,27.950000762939453,27.100000381469727,27.799999237060547,121375,0.0,0.0
2022-10-31 11:00:00+08:00,27.700000762939453,27.850000381469727,27.700000762939453,27.75,36200,0.0,0.0
2022-10-31 12:00:00+08:00,27.75,27.75,27.549999237060547,27.700000762939453,45122,0.0,0.0
2022-10-31 13:00:00+08:00,27.600000381469727,27.700000762939453,27.600000381469727,27.649999618530273,33000,0.0,0.0
2022-11-01 09:00:00+08:00,27.299999237060547,27.899999618530273,27.25,27.700000762939453,0,0.0,0.0
2022-11-01 10:00:00+08:00,27.75,28.299999237060547,27.75,28.100000381469727,141200,0.0,0.0
2022-11-01 11:00:00+08:00,28.0,28.200000762939453,27.950000762939453,28.149999618530273,100002,0.0,0.0
2022-11-01 12:00:00+08:00,28.100000381469727,28.299999237060547,28.100000381469727,28.200000762939453,46302,0.0,0.0
2022-11-01 13:00:00+08:00,28.25,28.299999237060547,28.200000762939453,28.299999237060547,54199,0.0,0.0
2022-11-02 09:00:00+08:00,28.350000381469727,30.950000762939453,28.299999237060547,30.950000762939453,825555,0.0,0.0
2022-11-02 10:00:00+08:00,30.950000762939453,30.950000762939453,30.950000762939453,30.950000762939453,71370,0.0,0.0
2022-11-02 11:00:00+08:00,30.950000762939453,30.950000762939453,30.950000762939453,30.950000762939453,33156,0.0,0.0
2022-11-02 12:00:00+08:00,30.950000762939453,30.950000762939453,30.950000762939453,30.950000762939453,20054,0.0,0.0
2022-11-02 13:00:00+08:00,30.950000762939453,30.950000762939453,30.950000762939453,30.950000762939453,22000,0.0,0.0
2022-11-03 09:00:00+08:00,31.0,33.20000076293945,30.950000762939453,32.25,337281,0.0,0.0
2022-11-03 10:00:00+08:00,32.20000076293945,32.5,32.04999923706055,32.04999923706055,284584,0.0,0.0
2022-11-03 11:00:00+08:00,32.04999923706055,32.20000076293945,32.04999923706055,32.099998474121094,124992,0.0,0.0
2022-11-03 12:00:00+08:00,32.099998474121094,33.79999923706055,32.04999923706055,33.79999923706055,457006,0.0,0.0
2022-11-03 13:00:00+08:00,33.70000076293945,34.0,33.70000076293945,34.0,881940,0.0,0.0
2022-11-04 09:00:00+08:00,34.0,34.04999923706055,32.45000076293945,32.650001525878906,0,0.0,0.0
2022-11-04 10:00:00+08:00,32.70000076293945,36.25,32.650001525878906,35.79999923706055,849046,0.0,0.0
2022-11-04 11:00:00+08:00,35.79999923706055,36.0,34.400001525878906,34.400001525878906,455844,0.0,0.0
2022-11-04 12:00:00+08:00,34.400001525878906,34.5,34.0,34.5,278928,0.0,0.0
2022-11-04 13:00:00+08:00,34.5,34.70000076293945,34.099998474121094,34.29999923706055,234698,0.0,0.0
2022-11-07 09:00:00+08:00,33.599998474121094,34.5,33.099998474121094,34.0,0,0.0,0.0
2022-11-07 10:00:00+08:00,33.95000076293945,34.0,33.5,33.79999923706055,143862,0.0,0.0
2022-11-07 11:00:00+08:00,33.79999923706055,33.900001525878906,33.650001525878906,33.650001525878906,116785,0.0,0.0
2022-11-07 12:00:00+08:00,33.70000076293945,33.95000076293945,33.400001525878906,33.400001525878906,218103,0.0,0.0
2022-11-07 13:00:00+08:00,33.400001525878906,33.400001525878906,33.20000076293945,33.25,146488,0.0,0.0
2022-11-08 09:00:00+08:00,33.75,34.900001525878906,33.20000076293945,34.650001525878906,0,0.0,0.0
2022-11-08 10:00:00+08:00,34.599998474121094,34.599998474121094,33.849998474121094,33.95000076293945,246759,0.0,0.0
2022-11-08 11:00:00+08:00,33.900001525878906,34.0,33.79999923706055,33.95000076293945,109401,0.0,0.0
2022-11-08 12:00:00+08:00,33.900001525878906,33.900001525878906,33.400001525878906,33.5,140372,0.0,0.0
2022-11-08 13:00:00+08:00,33.5,33.5,33.29999923706055,33.400001525878906,115449,0.0,0.0
2022-11-09 09:00:00+08:00,34.099998474121094,34.29999923706055,33.5,33.599998474121094,0,0.0,0.0
2022-11-09 10:00:00+08:00,33.599998474121094,33.900001525878906,33.54999923706055,33.54999923706055,152790,0.0,0.0
2022-11-09 11:00:00+08:00,33.599998474121094,33.79999923706055,33.599998474121094,33.599998474121094,119012,0.0,0.0
2022-11-09 12:00:00+08:00,33.599998474121094,33.70000076293945,33.5,33.5,134456,0.0,0.0
2022-11-09 13:00:00+08:00,33.5,33.599998474121094,33.400001525878906,33.5,119094,0.0,0.0
2022-11-10 09:00:00+08:00,33.099998474121094,33.25,32.400001525878906,33.0,0,0.0,0.0
2022-11-10 10:00:00+08:00,32.95000076293945,33.20000076293945,32.29999923706055,32.650001525878906,188592,0.0,0.0
2022-11-10 11:00:00+08:00,32.75,32.79999923706055,32.650001525878906,32.650001525878906,70000,0.0,0.0
2022-11-10 12:00:00+08:00,32.650001525878906,32.650001525878906,32.25,32.25,140012,0.0,0.0
2022-11-10 13:00:00+08:00,32.29999923706055,32.45000076293945,32.25,32.29999923706055,98260,0.0,0.0
2022-11-11 09:00:00+08:00,33.400001525878906,33.79999923706055,32.099998474121094,32.45000076293945,0,0.0,0.0
2022-11-11 10:00:00+08:00,32.400001525878906,32.45000076293945,32.25,32.29999923706055,93519,0.0,0.0
2022-11-11 11:00:00+08:00,32.349998474121094,32.45000076293945,32.20000076293945,32.25,35256,0.0,0.0
2022-11-11 12:00:00+08:00,32.20000076293945,32.25,31.899999618530273,31.899999618530273,160074,0.0,0.0
2022-11-11 13:00:00+08:00,31.899999618530273,31.950000762939453,31.549999237060547,31.600000381469727,120352,0.0,0.0
2022-11-14 09:00:00+08:00,32.0,32.650001525878906,31.850000381469727,32.25,0,0.0,0.0
2022-11-14 10:00:00+08:00,32.20000076293945,32.400001525878906,32.150001525878906,32.25,47353,0.0,0.0
2022-11-14 11:00:00+08:00,32.20000076293945,32.54999923706055,32.20000076293945,32.400001525878906,93044,0.0,0.0
2022-11-14 12:00:00+08:00,32.400001525878906,32.45000076293945,32.29999923706055,32.349998474121094,43392,0.0,0.0
2022-11-14 13:00:00+08:00,32.29999923706055,32.349998474121094,32.20000076293945,32.349998474121094,47265,0.0,0.0
2022-11-15 09:00:00+08:00,32.349998474121094,32.849998474121094,32.29999923706055,32.29999923706055,0,0.0,0.0
2022-11-15 10:00:00+08:00,32.400001525878906,32.5,32.0,32.349998474121094,125001,0.0,0.0
2022-11-15 11:00:00+08:00,32.29999923706055,32.29999923706055,32.04999923706055,32.099998474121094,63327,0.0,0.0
2022-11-15 12:00:00+08:00,32.099998474121094,32.849998474121094,32.099998474121094,32.45000076293945,118150,0.0,0.0
2022-11-15 13:00:00+08:00,32.400001525878906,32.45000076293945,32.150001525878906,32.349998474121094,115000,0.0,0.0
2022-11-16 09:00:00+08:00,32.900001525878906,33.20000076293945,32.400001525878906,32.5,0,0.0,0.0
2022-11-16 10:00:00+08:00,32.5,32.599998474121094,32.400001525878906,32.5,64585,0.0,0.0
2022-11-16 11:00:00+08:00,32.599998474121094,32.95000076293945,32.45000076293945,32.95000076293945,80126,0.0,0.0
2022-11-16 12:00:00+08:00,32.900001525878906,32.900001525878906,32.599998474121094,32.70000076293945,83002,0.0,0.0
2022-11-16 13:00:00+08:00,32.650001525878906,32.70000076293945,32.54999923706055,32.599998474121094,41361,0.0,0.0
2022-11-17 09:00:00+08:00,33.0,33.150001525878906,32.599998474121094,33.099998474121094,0,0.0,0.0
2022-11-17 10:00:00+08:00,33.04999923706055,33.29999923706055,33.04999923706055,33.150001525878906,270216,0.0,0.0
2022-11-17 11:00:00+08:00,33.150001525878906,33.25,33.04999923706055,33.20000076293945,69125,0.0,0.0
2022-11-17 12:00:00+08:00,33.25,34.0,33.20000076293945,33.70000076293945,360875,0.0,0.0
2022-11-17 13:00:00+08:00,33.70000076293945,33.70000076293945,33.5,33.599998474121094,108140,0.0,0.0
2022-11-18 09:00:00+08:00,33.75,33.75,32.900001525878906,33.0,0,0.0,0.0
2022-11-18 10:00:00+08:00,32.95000076293945,33.25,32.79999923706055,32.79999923706055,138164,0.0,0.0
2022-11-18 11:00:00+08:00,32.79999923706055,32.95000076293945,32.75,32.900001525878906,49003,0.0,0.0
2022-11-18 12:00:00+08:00,32.849998474121094,32.900001525878906,32.599998474121094,32.599998474121094,179856,0.0,0.0
2022-11-18 13:00:00+08:00,32.599998474121094,32.70000076293945,32.54999923706055,32.599998474121094,56212,0.0,0.0
2022-11-21 09:00:00+08:00,32.400001525878906,33.04999923706055,32.29999923706055,32.95000076293945,0,0.0,0.0
2022-11-21 10:00:00+08:00,32.95000076293945,32.95000076293945,32.0,32.75,188194,0.0,0.0
2022-11-21 11:00:00+08:00,32.75,32.75,32.29999923706055,32.29999923706055,20010,0.0,0.0
2022-11-21 12:00:00+08:00,32.349998474121094,32.400001525878906,32.04999923706055,32.04999923706055,63156,0.0,0.0
2022-11-21 13:00:00+08:00,32.150001525878906,32.25,32.04999923706055,32.150001525878906,33001,0.0,0.0
2022-11-22 09:00:00+08:00,32.20000076293945,32.349998474121094,31.850000381469727,31.850000381469727,0,0.0,0.0
2022-11-22 10:00:00+08:00,31.799999237060547,31.850000381469727,31.700000762939453,31.700000762939453,63369,0.0,0.0
2022-11-22 11:00:00+08:00,31.700000762939453,31.75,31.649999618530273,31.700000762939453,52084,0.0,0.0
2022-11-22 12:00:00+08:00,31.75,32.45000076293945,31.75,31.850000381469727,96069,0.0,0.0
2022-11-22 13:00:00+08:00,31.950000762939453,31.950000762939453,31.75,31.850000381469727,31642,0.0,0.0
2022-11-23 09:00:00+08:00,32.349998474121094,32.349998474121094,31.899999618530273,32.099998474121094,0,0.0,0.0
2022-11-23 10:00:00+08:00,32.04999923706055,32.04999923706055,31.899999618530273,31.950000762939453,20059,0.0,0.0
2022-11-23 11:00:00+08:00,31.950000762939453,32.0,31.799999237060547,31.799999237060547,52256,0.0,0.0
2022-11-23 12:00:00+08:00,31.850000381469727,31.850000381469727,31.649999618530273,31.700000762939453,69162,0.0,0.0
2022-11-23 13:00:00+08:00,31.700000762939453,31.700000762939453,31.600000381469727,31.600000381469727,67193,0.0,0.0
2022-11-24 09:00:00+08:00,31.600000381469727,32.349998474121094,31.600000381469727,31.899999618530273,0,0.0,0.0
2022-11-24 10:00:00+08:00,32.0,32.0,31.649999618530273,31.700000762939453,113130,0.0,0.0
2022-11-24 11:00:00+08:00,31.899999618530273,32.04999923706055,31.899999618530273,32.04999923706055,29002,0.0,0.0
2022-11-24 12:00:00+08:00,32.04999923706055,32.099998474121094,31.799999237060547,31.950000762939453,66306,0.0,0.0
2022-11-24 13:00:00+08:00,31.950000762939453,31.950000762939453,31.850000381469727,31.899999618530273,57001,0.0,0.0
2022-11-25 09:00:00+08:00,31.649999618530273,32.400001525878906,31.649999618530273,31.799999237060547,0,0.0,0.0
2022-11-25 10:00:00+08:00,31.799999237060547,31.899999618530273,31.700000762939453,31.75,54751,0.0,0.0
2022-11-25 11:00:00+08:00,31.75,31.75,31.649999618530273,31.75,47351,0.0,0.0
2022-11-25 12:00:00+08:00,31.75,31.899999618530273,31.649999618530273,31.649999618530273,66369,0.0,0.0
2022-11-25 13:00:00+08:00,31.649999618530273,31.700000762939453,31.299999237060547,31.299999237060547,148081,0.0,0.0
2022-11-28 09:00:00+08:00,30.549999237060547,31.450000762939453,30.5,30.899999618530273,0,0.0,0.0
2022-11-28 10:00:00+08:00,30.899999618530273,31.200000762939453,30.799999237060547,31.200000762939453,50460,0.0,0.0
2022-11-28 11:00:00+08:00,31.299999237060547,31.600000381469727,31.100000381469727,31.100000381469727,75549,0.0,0.0
2022-11-28 12:00:00+08:00,31.0,31.200000762939453,30.899999618530273,31.149999618530273,29202,0.0,0.0
2022-11-28 13:00:00+08:00,31.100000381469727,31.100000381469727,30.899999618530273,30.899999618530273,79000,0.0,0.0
2022-11-29 09:00:00+08:00,30.899999618530273,31.25,30.850000381469727,31.25,0,0.0,0.0
2022-11-29 10:00:00+08:00,31.25,31.450000762939453,31.0,31.0,66001,0.0,0.0
2022-11-29 11:00:00+08:00,31.0,32.099998474121094,31.0,31.850000381469727,176043,0.0,0.0
2022-11-29 12:00:00+08:00,31.899999618530273,32.599998474121094,31.899999618530273,32.29999923706055,364408,0.0,0.0
2022-11-29 13:00:00+08:00,32.29999923706055,32.400001525878906,32.20000076293945,32.400001525878906,137231,0.0,0.0
2022-11-30 09:00:00+08:00,33.0,35.150001525878906,32.5,35.150001525878906,940509,0.0,0.0
2022-11-30 10:00:00+08:00,35.150001525878906,35.75,34.900001525878906,35.75,1674939,0.0,0.0
2022-11-30 11:00:00+08:00,35.75,35.75,35.75,35.75,128375,0.0,0.0
2022-11-30 12:00:00+08:00,35.75,35.75,35.75,35.75,71739,0.0,0.0
2022-11-30 13:00:00+08:00,35.75,35.75,35.75,35.75,46202,0.0,0.0
2022-12-01 09:00:00+08:00,37.79999923706055,39.29999923706055,37.70000076293945,39.29999923706055,0,0.0,0.0
2022-12-01 10:00:00+08:00,39.29999923706055,39.29999923706055,39.29999923706055,39.29999923706055,199890,0.0,0.0
2022-12-01 11:00:00+08:00,39.29999923706055,39.29999923706055,39.29999923706055,39.29999923706055,51357,0.0,0.0
2022-12-01 12:00:00+08:00,39.29999923706055,39.29999923706055,39.29999923706055,39.29999923706055,202157,0.0,0.0
2022-12-01 13:00:00+08:00,39.29999923706055,39.29999923706055,39.29999923706055,39.29999923706055,47188,0.0,0.0
2022-12-02 09:00:00+08:00,38.29999923706055,38.5,36.79999923706055,37.95000076293945,0,0.0,0.0
2022-12-02 10:00:00+08:00,37.95000076293945,38.25,37.849998474121094,38.099998474121094,798568,0.0,0.0
2022-12-02 11:00:00+08:00,38.099998474121094,38.20000076293945,37.5,38.20000076293945,373541,0.0,0.0
2022-12-02 12:00:00+08:00,38.20000076293945,41.54999923706055,38.20000076293945,39.75,1468156,0.0,0.0
2022-12-02 13:00:00+08:00,39.70000076293945,39.79999923706055,39.25,39.79999923706055,279571,0.0,0.0
2022-12-05 09:00:00+08:00,39.70000076293945,40.95000076293945,39.04999923706055,39.349998474121094,0,0.0,0.0
2022-12-05 10:00:00+08:00,39.29999923706055,39.70000076293945,39.04999923706055,39.70000076293945,553940,0.0,0.0
2022-12-05 11:00:00+08:00,39.70000076293945,39.70000076293945,39.25,39.29999923706055,154443,0.0,0.0
2022-12-05 12:00:00+08:00,39.29999923706055,39.349998474121094,38.5,38.79999923706055,593882,0.0,0.0
2022-12-05 13:00:00+08:00,38.79999923706055,39.04999923706055,38.79999923706055,38.95000076293945,187745,0.0,0.0
2022-12-06 09:00:00+08:00,39.04999923706055,39.04999923706055,37.79999923706055,38.29999923706055,0,0.0,0.0
2022-12-06 10:00:00+08:00,38.29999923706055,38.29999923706055,37.79999923706055,37.849998474121094,197109,0.0,0.0
2022-12-06 11:00:00+08:00,37.849998474121094,38.0,37.400001525878906,37.5,354951,0.0,0.0
2022-12-06 12:00:00+08:00,37.400001525878906,37.45000076293945,36.79999923706055,37.20000076293945,501151,0.0,0.0
2022-12-06 13:00:00+08:00,37.20000076293945,37.20000076293945,36.79999923706055,36.849998474121094,234889,0.0,0.0
2022-12-07 09:00:00+08:00,37.0,37.650001525878906,36.95000076293945,37.25,0,0.0,0.0
2022-12-07 10:00:00+08:00,37.099998474121094,37.150001525878906,35.400001525878906,35.45000076293945,382560,0.0,0.0
2022-12-07 11:00:00+08:00,35.54999923706055,36.25,35.5,36.20000076293945,167360,0.0,0.0
2022-12-07 12:00:00+08:00,36.20000076293945,36.25,35.79999923706055,35.849998474121094,111356,0.0,0.0
2022-12-07 13:00:00+08:00,35.849998474121094,35.849998474121094,35.599998474121094,35.650001525878906,146388,0.0,0.0
2022-12-08 09:00:00+08:00,36.5,36.5,35.20000076293945,35.79999923706055,0,0.0,0.0
2022-12-08 10:00:00+08:00,35.75,36.29999923706055,35.75,36.099998474121094,98317,0.0,0.0
2022-12-08 11:00:00+08:00,36.099998474121094,36.29999923706055,36.099998474121094,36.099998474121094,113440,0.0,0.0
2022-12-08 12:00:00+08:00,36.150001525878906,38.20000076293945,36.099998474121094,37.54999923706055,926784,0.0,0.0
2022-12-08 13:00:00+08:00,37.54999923706055,37.54999923706055,37.20000076293945,37.349998474121094,117671,0.0,0.0
2022-12-09 09:00:00+08:00,37.400001525878906,37.79999923706055,36.900001525878906,37.20000076293945,0,0.0,0.0
2022-12-09 10:00:00+08:00,37.29999923706055,38.0,37.25,37.400001525878906,369757,0.0,0.0
2022-12-09 11:00:00+08:00,37.45000076293945,37.45000076293945,37.099998474121094,37.20000076293945,117407,0.0,0.0
2022-12-09 12:00:00+08:00,37.20000076293945,37.29999923706055,37.0,37.0,163176,0.0,0.0
2022-12-09 13:00:00+08:00,37.0,37.0,36.79999923706055,36.900001525878906,141450,0.0,0.0
2022-12-12 09:00:00+08:00,36.29999923706055,37.29999923706055,35.79999923706055,36.54999923706055,0,0.0,0.0
2022-12-12 10:00:00+08:00,36.599998474121094,37.0,36.599998474121094,36.79999923706055,66150,0.0,0.0
2022-12-12 11:00:00+08:00,36.849998474121094,36.849998474121094,36.5,36.5,18075,0.0,0.0
2022-12-12 12:00:00+08:00,36.79999923706055,36.79999923706055,36.20000076293945,36.25,63406,0.0,0.0
2022-12-12 13:00:00+08:00,36.29999923706055,36.29999923706055,36.099998474121094,36.099998474121094,76189,0.0,0.0
2022-12-13 09:00:00+08:00,37.0,37.099998474121094,36.5,36.70000076293945,0,0.0,0.0
2022-12-13 10:00:00+08:00,36.650001525878906,36.70000076293945,36.5,36.599998474121094,76351,0.0,0.0
2022-12-13 11:00:00+08:00,36.599998474121094,36.75,36.5,36.5,37012,0.0,0.0
2022-12-13 12:00:00+08:00,36.5,36.5,36.0,36.400001525878906,83152,0.0,0.0
2022-12-13 13:00:00+08:00,36.400001525878906,36.400001525878906,36.0,36.04999923706055,46401,0.0,0.0
2022-12-14 09:00:00+08:00,36.20000076293945,36.349998474121094,35.599998474121094,35.95000076293945,0,0.0,0.0
2022-12-14 10:00:00+08:00,35.95000076293945,36.5,35.95000076293945,36.20000076293945,77241,0.0,0.0
2022-12-14 11:00:00+08:00,36.20000076293945,36.400001525878906,36.04999923706055,36.099998474121094,63058,0.0,0.0
2022-12-14 12:00:00+08:00,36.04999923706055,36.099998474121094,35.79999923706055,35.95000076293945,100194,0.0,0.0
2022-12-14 13:00:00+08:00,35.95000076293945,35.95000076293945,35.900001525878906,35.900001525878906,52250,0.0,0.0
2022-12-15 09:00:00+08:00,35.54999923706055,35.95000076293945,35.54999923706055,35.900001525878906,0,0.0,0.0
2022-12-15 10:00:00+08:00,35.79999923706055,35.79999923706055,35.5,35.54999923706055,96151,0.0,0.0
2022-12-15 11:00:00+08:00,35.54999923706055,36.400001525878906,35.54999923706055,36.04999923706055,142784,0.0,0.0
2022-12-15 12:00:00+08:00,36.04999923706055,36.099998474121094,35.900001525878906,36.0,76536,0.0,0.0
2022-12-15 13:00:00+08:00,36.0,36.0,35.79999923706055,35.849998474121094,144201,0.0,0.0
2022-12-16 09:00:00+08:00,36.20000076293945,38.79999923706055,35.75,37.54999923706055,1357030,0.0,0.0
2022-12-16 10:00:00+08:00,37.54999923706055,38.25,37.349998474121094,37.900001525878906,450353,0.0,0.0
2022-12-16 11:00:00+08:00,37.900001525878906,38.5,37.849998474121094,38.0,527536,0.0,0.0
2022-12-16 12:00:00+08:00,38.0,38.150001525878906,37.849998474121094,38.0,219453,0.0,0.0
2022-12-16 13:00:00+08:00,37.95000076293945,37.95000076293945,37.650001525878906,37.79999923706055,230975,0.0,0.0
2022-12-19 09:00:00+08:00,38.0,38.79999923706055,37.29999923706055,37.900001525878906,0,0.0,0.0
2022-12-19 10:00:00+08:00,37.900001525878906,37.95000076293945,37.54999923706055,37.650001525878906,106376,0.0,0.0
2022-12-19 11:00:00+08:00,37.650001525878906,37.79999923706055,37.400001525878906,37.400001525878906,134101,0.0,0.0
2022-12-19 12:00:00+08:00,37.400001525878906,37.400001525878906,37.29999923706055,37.400001525878906,110885,0.0,0.0
2022-12-19 13:00:00+08:00,37.349998474121094,37.75,37.349998474121094,37.54999923706055,161959,0.0,0.0
2022-12-20 09:00:00+08:00,37.349998474121094,38.79999923706055,37.349998474121094,38.25,0,0.0,0.0
2022-12-20 10:00:00+08:00,38.25,38.599998474121094,37.849998474121094,37.849998474121094,309300,0.0,0.0
2022-12-20 11:00:00+08:00,37.849998474121094,37.849998474121094,37.29999923706055,37.349998474121094,220802,0.0,0.0
2022-12-20 12:00:00+08:00,37.349998474121094,37.349998474121094,36.650001525878906,36.900001525878906,225571,0.0,0.0
2022-12-20 13:00:00+08:00,36.900001525878906,37.0,36.70000076293945,36.900001525878906,112421,0.0,0.0
2022-12-21 09:00:00+08:00,36.849998474121094,37.20000076293945,36.150001525878906,36.25,0,0.0,0.0
2022-12-21 10:00:00+08:00,36.25,36.75,36.20000076293945,36.349998474121094,105501,0.0,0.0
2022-12-21 11:00:00+08:00,36.349998474121094,36.650001525878906,36.349998474121094,36.599998474121094,38509,0.0,0.0
2022-12-21 12:00:00+08:00,36.349998474121094,36.599998474121094,36.099998474121094,36.349998474121094,131166,0.0,0.0
2022-12-21 13:00:00+08:00,36.29999923706055,36.79999923706055,36.25,36.75,164729,0.0,0.0
2022-12-22 09:00:00+08:00,37.5,37.5,36.75,36.79999923706055,0,0.0,0.0
2022-12-22 10:00:00+08:00,36.79999923706055,36.79999923706055,36.29999923706055,36.400001525878906,71234,0.0,0.0
2022-12-22 11:00:00+08:00,36.400001525878906,36.75,36.349998474121094,36.650001525878906,49496,0.0,0.0
2022-12-22 12:00:00+08:00,36.650001525878906,36.650001525878906,36.29999923706055,36.54999923706055,96642,0.0,0.0
2022-12-22 13:00:00+08:00,36.54999923706055,36.599998474121094,36.04999923706055,36.099998474121094,112446,0.0,0.0
2022-12-23 09:00:00+08:00,35.099998474121094,36.79999923706055,35.099998474121094,36.25,0,0.0,0.0
2022-12-23 10:00:00+08:00,36.150001525878906,36.599998474121094,36.0,36.099998474121094,57143,0.0,0.0
2022-12-23 11:00:00+08:00,36.150001525878906,36.25,36.150001525878906,36.20000076293945,22050,0.0,0.0
2022-12-23 12:00:00+08:00,36.20000076293945,36.25,35.70000076293945,35.70000076293945,127714,0.0,0.0
2022-12-23 13:00:00+08:00,35.79999923706055,35.95000076293945,35.650001525878906,35.75,73292,0.0,0.0
2022-12-26 09:00:00+08:00,35.75,36.0,35.29999923706055,36.0,0,0.0,0.0
2022-12-26 10:00:00+08:00,35.70000076293945,35.900001525878906,35.599998474121094,35.599998474121094,43056,0.0,0.0
2022-12-26 11:00:00+08:00,35.599998474121094,37.20000076293945,35.20000076293945,36.5,499155,0.0,0.0
2022-12-26 12:00:00+08:00,36.5,36.75,36.5,36.599998474121094,152000,0.0,0.0
2022-12-26 13:00:00+08:00,36.650001525878906,36.70000076293945,36.400001525878906,36.45000076293945,60550,0.0,0.0
2022-12-27 09:00:00+08:00,36.900001525878906,37.0,36.29999923706055,36.400001525878906,0,0.0,0.0
2022-12-27 10:00:00+08:00,36.400001525878906,36.70000076293945,36.400001525878906,36.70000076293945,62009,0.0,0.0
2022-12-27 11:00:00+08:00,36.70000076293945,36.900001525878906,36.599998474121094,36.599998474121094,128380,0.0,0.0
2022-12-27 12:00:00+08:00,36.599998474121094,36.599998474121094,36.400001525878906,36.400001525878906,60274,0.0,0.0
2022-12-27 13:00:00+08:00,36.400001525878906,36.45000076293945,36.400001525878906,36.45000076293945,42101,0.0,0.0
2022-12-28 09:00:00+08:00,36.400001525878906,36.650001525878906,35.79999923706055,35.849998474121094,0,0.0,0.0
2022-12-28 10:00:00+08:00,35.900001525878906,36.0,35.5,35.599998474121094,185358,0.0,0.0
2022-12-28 11:00:00+08:00,35.599998474121094,35.599998474121094,35.45000076293945,35.54999923706055,59003,0.0,0.0
2022-12-28 12:00:00+08:00,35.599998474121094,35.599998474121094,35.29999923706055,35.349998474121094,106267,0.0,0.0
2022-12-28 13:00:00+08:00,35.29999923706055,35.349998474121094,35.04999923706055,35.04999923706055,147634,0.0,0.0
2022-12-29 09:00:00+08:00,35.04999923706055,35.099998474121094,34.099998474121094,34.5,0,0.0,0.0
2022-12-29 10:00:00+08:00,35.099998474121094,35.5,35.0,35.20000076293945,104358,0.0,0.0
2022-12-29 11:00:00+08:00,35.349998474121094,35.349998474121094,35.04999923706055,35.04999923706055,80210,0.0,0.0
2022-12-29 12:00:00+08:00,35.0,35.599998474121094,34.900001525878906,35.54999923706055,100763,0.0,0.0
2022-12-29 13:00:00+08:00,35.5,35.599998474121094,35.400001525878906,35.45000076293945,64002,0.0,0.0
2022-12-30 09:00:00+08:00,36.849998474121094,38.04999923706055,36.5,37.400001525878906,822435,0.0,0.0
2022-12-30 10:00:00+08:00,37.400001525878906,37.400001525878906,37.099998474121094,37.25,196818,0.0,0.0
2022-12-30 11:00:00+08:00,37.099998474121094,37.29999923706055,37.099998474121094,37.29999923706055,118507,0.0,0.0
2022-12-30 12:00:00+08:00,37.349998474121094,38.95000076293945,37.349998474121094,38.95000076293945,2647843,0.0,0.0
2022-12-30 13:00:00+08:00,38.95000076293945,38.95000076293945,38.95000076293945,38.95000076293945,376793,0.0,0.0
2023-01-03 09:00:00+08:00,38.79999923706055,38.79999923706055,37.5,38.400001525878906,0,0.0,0.0
2023-01-03 10:00:00+08:00,38.29999923706055,38.5,38.04999923706055,38.400001525878906,251918,0.0,0.0
2023-01-03 11:00:00+08:00,38.400001525878906,40.0,38.150001525878906,39.150001525878906,990232,0.0,0.0
2023-01-03 12:00:00+08:00,39.099998474121094,39.150001525878906,38.45000076293945,38.70000076293945,331361,0.0,0.0
2023-01-03 13:00:00+08:00,38.849998474121094,38.95000076293945,38.45000076293945,38.54999923706055,154160,0.0,0.0
2023-01-04 09:00:00+08:00,38.400001525878906,39.45000076293945,38.04999923706055,38.70000076293945,0,0.0,0.0
2023-01-04 10:00:00+08:00,38.70000076293945,39.20000076293945,38.25,38.45000076293945,311424,0.0,0.0
2023-01-04 11:00:00+08:00,38.5,38.70000076293945,38.25,38.349998474121094,165192,0.0,0.0
2023-01-04 12:00:00+08:00,38.400001525878906,38.75,38.099998474121094,38.400001525878906,186836,0.0,0.0
2023-01-04 13:00:00+08:00,38.349998474121094,38.400001525878906,37.95000076293945,37.95000076293945,261141,0.0,0.0
2023-01-05 09:00:00+08:00,38.20000076293945,38.650001525878906,38.0,38.45000076293945,0,0.0,0.0
2023-01-05 10:00:00+08:00,38.400001525878906,38.5,38.150001525878906,38.349998474121094,122131,0.0,0.0
2023-01-05 11:00:00+08:00,38.349998474121094,38.349998474121094,38.0,38.0,110878,0.0,0.0
2023-01-05 12:00:00+08:00,38.04999923706055,38.04999923706055,37.400001525878906,37.45000076293945,233451,0.0,0.0
2023-01-05 13:00:00+08:00,37.5,37.5,37.25,37.349998474121094,143743,0.0,0.0
2023-01-06 09:00:00+08:00,37.349998474121094,37.54999923706055,36.79999923706055,37.349998474121094,0,0.0,0.0
2023-01-06 10:00:00+08:00,37.349998474121094,37.599998474121094,37.29999923706055,37.54999923706055,100220,0.0,0.0
2023-01-06 11:00:00+08:00,37.5,37.70000076293945,37.400001525878906,37.400001525878906,88606,0.0,0.0
2023-01-06 12:00:00+08:00,37.400001525878906,38.0,37.400001525878906,37.95000076293945,178285,0.0,0.0
2023-01-06 13:00:00+08:00,37.95000076293945,38.04999923706055,37.599998474121094,37.599998474121094,116695,0.0,0.0
2023-01-09 09:00:00+08:00,38.5,38.650001525878906,37.849998474121094,38.099998474121094,0,0.0,0.0
2023-01-09 10:00:00+08:00,38.099998474121094,38.099998474121094,37.75,37.79999923706055,185777,0.0,0.0
2023-01-09 11:00:00+08:00,37.79999923706055,37.900001525878906,37.75,37.900001525878906,57161,0.0,0.0
2023-01-09 12:00:00+08:00,37.900001525878906,37.900001525878906,37.79999923706055,37.849998474121094,68828,0.0,0.0
2023-01-09 13:00:00+08:00,37.849998474121094,37.900001525878906,37.75,37.900001525878906,131002,0.0,0.0
2023-01-10 09:00:00+08:00,37.95000076293945,37.95000076293945,37.25,37.599998474121094,0,0.0,0.0
2023-01-10 10:00:00+08:00,37.599998474121094,37.599998474121094,37.20000076293945,37.5,100033,0.0,0.0
2023-01-10 11:00:00+08:00,37.5,37.5,37.25,37.25,20052,0.0,0.0
2023-01-10 12:00:00+08:00,37.25,37.29999923706055,37.099998474121094,37.099998474121094,89192,0.0,0.0
2023-01-10 13:00:00+08:00,37.150001525878906,37.20000076293945,37.0,37.04999923706055,107255,0.0,0.0
2023-01-11 09:00:00+08:00,37.400001525878906,37.5,37.0,37.400001525878906,0,0.0,0.0
2023-01-11 10:00:00+08:00,37.25,37.25,37.04999923706055,37.04999923706055,53067,0.0,0.0
2023-01-11 11:00:00+08:00,37.04999923706055,37.04999923706055,36.95000076293945,37.0,84378,0.0,0.0
2023-01-11 12:00:00+08:00,37.0,37.04999923706055,37.0,37.04999923706055,97357,0.0,0.0
2023-01-11 13:00:00+08:00,37.04999923706055,37.04999923706055,36.900001525878906,36.900001525878906,107315,0.0,0.0
2023-01-12 09:00:00+08:00,37.400001525878906,37.75,36.70000076293945,37.599998474121094,0,0.0,0.0
2023-01-12 10:00:00+08:00,37.54999923706055,37.599998474121094,37.04999923706055,37.349998474121094,83240,0.0,0.0
2023-01-12 11:00:00+08:00,37.349998474121094,37.45000076293945,37.04999923706055,37.04999923706055,48003,0.0,0.0
2023-01-12 12:00:00+08:00,37.25,37.29999923706055,36.900001525878906,36.900001525878906,70102,0.0,0.0
2023-01-12 13:00:00+08:00,36.900001525878906,37.0,36.900001525878906,36.95000076293945,27000,0.0,0.0
2023-01-13 09:00:00+08:00,37.45000076293945,37.45000076293945,36.54999923706055,36.54999923706055,0,0.0,0.0
2023-01-13 10:00:00+08:00,36.54999923706055,36.599998474121094,36.099998474121094,36.20000076293945,155133,0.0,0.0
2023-01-13 11:00:00+08:00,36.29999923706055,36.349998474121094,36.04999923706055,36.099998474121094,76079,0.0,0.0
2023-01-13 12:00:00+08:00,36.099998474121094,36.150001525878906,35.900001525878906,35.95000076293945,198178,0.0,0.0
2023-01-13 13:00:00+08:00,35.900001525878906,35.95000076293945,35.79999923706055,35.900001525878906,89100,0.0,0.0
2023-01-16 09:00:00+08:00,36.0,36.099998474121094,35.5,35.849998474121094,0,0.0,0.0
2023-01-16 10:00:00+08:00,35.900001525878906,35.95000076293945,35.599998474121094,35.900001525878906,67154,0.0,0.0
2023-01-16 11:00:00+08:00,35.900001525878906,35.900001525878906,35.70000076293945,35.900001525878906,66090,0.0,0.0
2023-01-16 12:00:00+08:00,35.70000076293945,35.70000076293945,35.599998474121094,35.650001525878906,75135,0.0,0.0
2023-01-16 13:00:00+08:00,35.650001525878906,35.70000076293945,35.5,35.5,71016,0.0,0.0
2023-01-17 09:00:00+08:00,35.5,35.79999923706055,35.400001525878906,35.70000076293945,0,0.0,0.0
2023-01-17 10:00:00+08:00,35.70000076293945,35.75,35.349998474121094,35.5,150305,0.0,0.0
2023-01-17 11:00:00+08:00,35.5,35.54999923706055,35.45000076293945,35.54999923706055,50478,0.0,0.0
2023-01-17 12:00:00+08:00,35.54999923706055,35.70000076293945,35.45000076293945,35.45000076293945,82010,0.0,0.0
2023-01-17 13:00:00+08:00,35.45000076293945,35.599998474121094,35.45000076293945,35.599998474121094,79081,0.0,0.0
2023-01-30 09:00:00+08:00,36.0,36.45000076293945,35.849998474121094,36.25,0,0.0,0.0
2023-01-30 10:00:00+08:00,36.20000076293945,36.599998474121094,36.099998474121094,36.599998474121094,92106,0.0,0.0
2023-01-30 11:00:00+08:00,36.5,36.5,36.349998474121094,36.400001525878906,60001,0.0,0.0
2023-01-30 12:00:00+08:00,36.400001525878906,36.5,36.349998474121094,36.5,74002,0.0,0.0
2023-01-30 13:00:00+08:00,36.45000076293945,36.5,36.400001525878906,36.5,46103,0.0,0.0
2023-01-31 09:00:00+08:00,36.400001525878906,36.75,36.20000076293945,36.650001525878906,0,0.0,0.0
2023-01-31 10:00:00+08:00,36.650001525878906,37.650001525878906,36.650001525878906,37.29999923706055,304689,0.0,0.0
2023-01-31 11:00:00+08:00,37.29999923706055,37.400001525878906,37.04999923706055,37.04999923706055,68286,0.0,0.0
2023-01-31 12:00:00+08:00,37.04999923706055,37.099998474121094,36.95000076293945,37.04999923706055,85216,0.0,0.0
2023-01-31 13:00:00+08:00,37.04999923706055,37.20000076293945,37.0,37.04999923706055,37151,0.0,0.0
2023-02-01 09:00:00+08:00,37.70000076293945,37.70000076293945,36.900001525878906,37.25,0,0.0,0.0
2023-02-01 10:00:00+08:00,37.20000076293945,37.20000076293945,36.650001525878906,36.79999923706055,103134,0.0,0.0
2023-02-01 11:00:00+08:00,36.70000076293945,37.20000076293945,36.70000076293945,37.150001525878906,56662,0.0,0.0
2023-02-01 12:00:00+08:00,37.150001525878906,37.150001525878906,36.849998474121094,37.04999923706055,42655,0.0,0.0
2023-02-01 13:00:00+08:00,37.0,37.20000076293945,36.95000076293945,37.0,67399,0.0,0.0
2023-02-02 09:00:00+08:00,38.5,40.75,38.5,40.75,2170182,0.0,0.0
2023-02-02 10:00:00+08:00,40.75,40.75,40.75,40.75,199689,0.0,0.0
2023-02-02 11:00:00+08:00,40.75,40.75,40.75,40.75,60018,0.0,0.0
2023-02-02 12:00:00+08:00,40.75,40.75,40.75,40.75,58990,0.0,0.0
2023-02-02 13:00:00+08:00,40.75,40.75,40.75,40.75,30200,0.0,0.0
2023-02-03 09:00:00+08:00,43.099998474121094,43.20000076293945,39.5,39.79999923706055,2762195,0.0,0.0
2023-02-03 10:00:00+08:00,39.79999923706055,40.5,39.5,40.45000076293945,569511,0.0,0.0
2023-02-03 11:00:00+08:00,40.5,40.599998474121094,39.900001525878906,40.20000076293945,122608,0.0,0.0
2023-02-03 12:00:00+08:00,40.20000076293945,40.20000076293945,39.5,39.54999923706055,311728,0.0,0.0
2023-02-03 13:00:00+08:00,39.54999923706055,39.54999923706055,39.29999923706055,39.45000076293945,252391,0.0,0.0
2023-02-06 09:00:00+08:00,39.75,39.75,38.5,38.849998474121094,0,0.0,0.0
2023-02-06 10:00:00+08:00,38.849998474121094,38.849998474121094,38.400001525878906,38.5,324396,0.0,0.0
2023-02-06 11:00:00+08:00,38.599998474121094,38.650001525878906,38.400001525878906,38.650001525878906,144122,0.0,0.0
2023-02-06 12:00:00+08:00,38.650001525878906,39.75,38.5,39.599998474121094,743487,0.0,0.0
2023-02-06 13:00:00+08:00,39.70000076293945,40.25,39.70000076293945,39.95000076293945,651610,0.0,0.0
2023-02-07 09:00:00+08:00,39.5,39.5,38.70000076293945,39.20000076293945,0,0.0,0.0
2023-02-07 10:00:00+08:00,39.20000076293945,39.25,39.0,39.0,111313,0.0,0.0
2023-02-07 11:00:00+08:00,39.0,39.25,39.0,39.20000076293945,147702,0.0,0.0
2023-02-07 12:00:00+08:00,39.25,39.29999923706055,39.04999923706055,39.099998474121094,119218,0.0,0.0
2023-02-07 13:00:00+08:00,39.099998474121094,39.099998474121094,38.95000076293945,39.0,151153,0.0,0.0
2023-02-08 09:00:00+08:00,39.20000076293945,39.5,38.75,39.0,0,0.0,0.0
2023-02-08 10:00:00+08:00,39.0,39.099998474121094,38.79999923706055,38.79999923706055,164638,0.0,0.0
2023-02-08 11:00:00+08:00,38.79999923706055,39.0,38.75,38.95000076293945,76528,0.0,0.0
2023-02-08 12:00:00+08:00,38.900001525878906,39.5,38.75,39.400001525878906,302948,0.0,0.0
2023-02-08 13:00:00+08:00,39.400001525878906,39.400001525878906,39.20000076293945,39.20000076293945,93211,0.0,0.0
2023-02-09 09:00:00+08:00,39.400001525878906,39.95000076293945,39.0,39.20000076293945,0,0.0,0.0
2023-02-09 10:00:00+08:00,39.150001525878906,39.29999923706055,39.0,39.29999923706055,124336,0.0,0.0
2023-02-09 11:00:00+08:00,39.29999923706055,39.29999923706055,39.099998474121094,39.099998474121094,57270,0.0,0.0
2023-02-09 12:00:00+08:00,39.099998474121094,39.400001525878906,38.79999923706055,39.400001525878906,278169,0.0,0.0
2023-02-09 13:00:00+08:00,39.349998474121094,39.349998474121094,39.099998474121094,39.20000076293945,116232,0.0,0.0
2023-02-10 09:00:00+08:00,39.5,39.599998474121094,38.650001525878906,38.75,0,0.0,0.0
2023-02-10 10:00:00+08:00,38.70000076293945,39.0,38.599998474121094,38.599998474121094,162183,0.0,0.0
2023-02-10 11:00:00+08:00,38.599998474121094,38.70000076293945,38.54999923706055,38.70000076293945,66005,0.0,0.0
2023-02-10 12:00:00+08:00,38.70000076293945,38.70000076293945,38.5,38.54999923706055,98204,0.0,0.0
2023-02-10 13:00:00+08:00,38.5,38.79999923706055,38.45000076293945,38.79999923706055,136402,0.0,0.0
2023-02-13 09:00:00+08:00,38.599998474121094,38.650001525878906,38.0,38.5,0,0.0,0.0
2023-02-13 10:00:00+08:00,38.5,38.54999923706055,38.20000076293945,38.25,61105,0.0,0.0
2023-02-13 11:00:00+08:00,38.25,38.29999923706055,38.20000076293945,38.25,37138,0.0,0.0
2023-02-13 12:00:00+08:00,38.20000076293945,38.25,38.150001525878906,38.150001525878906,71028,0.0,0.0
2023-02-13 13:00:00+08:00,38.099998474121094,38.150001525878906,38.04999923706055,38.099998474121094,76014,0.0,0.0
2023-02-14 09:00:00+08:00,38.5,38.5,38.04999923706055,38.29999923706055,0,0.0,0.0
2023-02-14 10:00:00+08:00,38.29999923706055,38.400001525878906,38.25,38.25,100034,0.0,0.0
2023-02-14 11:00:00+08:00,38.25,38.29999923706055,38.099998474121094,38.099998474121094,67023,0.0,0.0
2023-02-14 12:00:00+08:00,38.20000076293945,38.25,37.900001525878906,37.900001525878906,129640,0.0,0.0
2023-02-14 13:00:00+08:00,37.900001525878906,37.900001525878906,37.650001525878906,37.75,132083,0.0,0.0
2023-02-15 09:00:00+08:00,37.79999923706055,37.79999923706055,37.54999923706055,37.70000076293945,0,0.0,0.0
2023-02-15 10:00:00+08:00,37.70000076293945,37.75,37.400001525878906,37.400001525878906,178274,0.0,0.0
2023-02-15 11:00:00+08:00,37.349998474121094,37.400001525878906,37.20000076293945,37.400001525878906,92316,0.0,0.0
2023-02-15 12:00:00+08:00,37.400001525878906,37.45000076293945,37.20000076293945,37.29999923706055,131002,0.0,0.0
2023-02-15 13:00:00+08:00,37.349998474121094,37.70000076293945,37.25,37.650001525878906,102005,0.0,0.0
2023-02-16 09:00:00+08:00,37.79999923706055,38.20000076293945,37.79999923706055,38.099998474121094,0,0.0,0.0
2023-02-16 10:00:00+08:00,38.099998474121094,38.150001525878906,37.900001525878906,38.099998474121094,103053,0.0,0.0
2023-02-16 11:00:00+08:00,38.099998474121094,38.349998474121094,38.04999923706055,38.29999923706055,114057,0.0,0.0
2023-02-16 12:00:00+08:00,38.349998474121094,38.400001525878906,38.20000076293945,38.25,72322,0.0,0.0
2023-02-16 13:00:00+08:00,38.25,38.349998474121094,38.20000076293945,38.29999923706055,48004,0.0,0.0
2023-02-17 09:00:00+08:00,38.0,38.099998474121094,37.79999923706055,37.900001525878906,0,0.0,0.0
2023-02-17 10:00:00+08:00,38.0,38.349998474121094,38.0,38.150001525878906,71366,0.0,0.0
2023-02-17 11:00:00+08:00,38.150001525878906,38.29999923706055,38.099998474121094,38.29999923706055,33042,0.0,0.0
2023-02-17 12:00:00+08:00,38.20000076293945,38.29999923706055,38.099998474121094,38.20000076293945,70011,0.0,0.0
2023-02-17 13:00:00+08:00,38.20000076293945,38.20000076293945,38.150001525878906,38.20000076293945,39028,0.0,0.0
2023-02-20 09:00:00+08:00,38.54999923706055,38.54999923706055,38.099998474121094,38.29999923706055,0,0.0,0.0
2023-02-20 10:00:00+08:00,38.29999923706055,38.400001525878906,38.20000076293945,38.20000076293945,194229,0.0,0.0
2023-02-20 11:00:00+08:00,38.20000076293945,39.150001525878906,38.150001525878906,39.04999923706055,352976,0.0,0.0
2023-02-20 12:00:00+08:00,39.0,39.29999923706055,38.900001525878906,39.25,323083,0.0,0.0
2023-02-20 13:00:00+08:00,39.20000076293945,39.20000076293945,39.099998474121094,39.150001525878906,112243,0.0,0.0
2023-02-21 09:00:00+08:00,39.099998474121094,39.29999923706055,38.650001525878906,38.79999923706055,0,0.0,0.0
2023-02-21 10:00:00+08:00,38.75,39.900001525878906,38.75,39.70000076293945,760076,0.0,0.0
2023-02-21 11:00:00+08:00,39.70000076293945,39.900001525878906,39.29999923706055,39.29999923706055,321406,0.0,0.0
2023-02-21 12:00:00+08:00,39.29999923706055,39.5,39.29999923706055,39.29999923706055,109415,0.0,0.0
2023-02-21 13:00:00+08:00,39.20000076293945,39.29999923706055,39.150001525878906,39.20000076293945,146205,0.0,0.0
2023-02-22 09:00:00+08:00,38.5,38.79999923706055,38.400001525878906,38.5,0,0.0,0.0
2023-02-22 10:00:00+08:00,38.54999923706055,38.75,38.45000076293945,38.75,139750,0.0,0.0
2023-02-22 11:00:00+08:00,38.75,39.099998474121094,38.650001525878906,39.0,145389,0.0,0.0
2023-02-22 12:00:00+08:00,38.95000076293945,39.0,38.79999923706055,38.849998474121094,154148,0.0,0.0
2023-02-22 13:00:00+08:00,38.900001525878906,38.900001525878906,38.599998474121094,38.75,78953,0.0,0.0
2023-02-23 09:00:00+08:00,39.599998474121094,39.95000076293945,39.29999923706055,39.95000076293945,183529,0.0,0.0
2023-02-23 10:00:00+08:00,39.900001525878906,40.95000076293945,39.849998474121094,40.70000076293945,1692654,0.0,0.0
2023-02-23 11:00:00+08:00,40.70000076293945,40.70000076293945,40.150001525878906,40.20000076293945,308344,0.0,0.0
2023-02-23 12:00:00+08:00,40.20000076293945,40.29999923706055,40.099998474121094,40.29999923706055,0,0.0,0.0
2023-02-23 13:00:00+08:00,40.20000076293945,40.29999923706055,40.0,40.0,3668460,0.0,0.0
2023-02-24 09:00:00+08:00,40.04999923706055,40.25,39.0,39.29999923706055,0,0.0,0.0
2023-02-24 10:00:00+08:00,39.29999923706055,39.79999923706055,39.150001525878906,39.25,276559,0.0,0.0
2023-02-24 11:00:00+08:00,39.25,39.400001525878906,39.150001525878906,39.20000076293945,139248,0.0,0.0
2023-02-24 12:00:00+08:00,39.25,39.400001525878906,39.20000076293945,39.400001525878906,151291,0.0,0.0
2023-02-24 13:00:00+08:00,39.400001525878906,39.400001525878906,39.25,39.400001525878906,103037,0.0,0.0
2023-03-01 09:00:00+08:00,39.5,40.29999923706055,39.5,39.54999923706055,0,0.0,0.0
2023-03-01 10:00:00+08:00,39.599998474121094,39.70000076293945,39.400001525878906,39.599998474121094,86109,0.0,0.0
2023-03-01 11:00:00+08:00,39.5,39.70000076293945,39.400001525878906,39.5,61157,0.0,0.0
2023-03-01 12:00:00+08:00,39.45000076293945,39.599998474121094,39.29999923706055,39.349998474121094,121116,0.0,0.0
2023-03-01 13:00:00+08:00,39.29999923706055,39.400001525878906,39.29999923706055,39.29999923706055,85017,0.0,0.0
2023-03-02 09:00:00+08:00,39.25,39.29999923706055,38.400001525878906,38.5,0,0.0,0.0
2023-03-02 10:00:00+08:00,38.54999923706055,38.75,38.5,38.70000076293945,71336,0.0,0.0
2023-03-02 11:00:00+08:00,38.650001525878906,38.70000076293945,38.599998474121094,38.650001525878906,49337,0.0,0.0
2023-03-02 12:00:00+08:00,38.70000076293945,38.70000076293945,38.5,38.599998474121094,128218,0.0,0.0
2023-03-02 13:00:00+08:00,38.54999923706055,38.599998474121094,38.5,38.5,109023,0.0,0.0
2023-03-03 09:00:00+08:00,38.70000076293945,39.0,38.54999923706055,38.599998474121094,0,0.0,0.0
2023-03-03 10:00:00+08:00,38.54999923706055,38.79999923706055,38.5,38.70000076293945,70471,0.0,0.0
2023-03-03 11:00:00+08:00,38.70000076293945,38.70000076293945,38.54999923706055,38.599998474121094,77198,0.0,0.0
2023-03-03 12:00:00+08:00,38.599998474121094,38.599998474121094,38.25,38.25,214255,0.0,0.0
2023-03-03 13:00:00+08:00,38.29999923706055,38.5,38.29999923706055,38.400001525878906,53265,0.0,0.0
2023-03-06 09:00:00+08:00,38.5,39.0,38.5,38.70000076293945,0,0.0,0.0
2023-03-06 10:00:00+08:00,38.849998474121094,38.900001525878906,38.70000076293945,38.75,66323,0.0,0.0
2023-03-06 11:00:00+08:00,38.70000076293945,39.099998474121094,38.70000076293945,39.04999923706055,145208,0.0,0.0
2023-03-06 12:00:00+08:00,39.04999923706055,39.04999923706055,38.75,39.0,85057,0.0,0.0
2023-03-06 13:00:00+08:00,39.0,39.0,38.75,38.95000076293945,53171,0.0,0.0
2023-03-07 09:00:00+08:00,39.099998474121094,39.150001525878906,38.599998474121094,39.0,101053,0.0,0.0
2023-03-07 10:00:00+08:00,39.0,39.04999923706055,38.79999923706055,38.79999923706055,68143,0.0,0.0
2023-03-07 11:00:00+08:00,38.79999923706055,38.79999923706055,38.650001525878906,38.75,80132,0.0,0.0
2023-03-07 12:00:00+08:00,38.75,38.75,38.599998474121094,38.650001525878906,110792,0.0,0.0
2023-03-07 13:00:00+08:00,38.650001525878906,38.75,38.599998474121094,38.599998474121094,99270,0.0,0.0
2023-03-08 09:00:00+08:00,38.29999923706055,38.599998474121094,38.20000076293945,38.599998474121094,0,0.0,0.0
2023-03-08 10:00:00+08:00,38.54999923706055,38.599998474121094,38.5,38.5,53041,0.0,0.0
2023-03-08 11:00:00+08:00,38.5,38.5,38.25,38.349998474121094,176499,0.0,0.0
2023-03-08 12:00:00+08:00,38.349998474121094,38.5,38.29999923706055,38.349998474121094,84517,0.0,0.0
2023-03-08 13:00:00+08:00,38.29999923706055,38.45000076293945,38.29999923706055,38.45000076293945,71359,0.0,0.0
2023-03-09 09:00:00+08:00,38.20000076293945,40.20000076293945,38.20000076293945,39.599998474121094,488167,0.0,0.0
2023-03-09 10:00:00+08:00,39.650001525878906,40.0,39.599998474121094,39.650001525878906,859822,0.0,0.0
2023-03-09 11:00:00+08:00,39.70000076293945,39.75,39.599998474121094,39.650001525878906,219468,0.0,0.0
2023-03-09 12:00:00+08:00,39.70000076293945,39.79999923706055,39.54999923706055,39.599998474121094,316158,0.0,0.0
2023-03-09 13:00:00+08:00,39.599998474121094,39.599998474121094,39.5,39.54999923706055,204040,0.0,0.0
2023-03-10 09:00:00+08:00,38.79999923706055,39.04999923706055,38.29999923706055,38.400001525878906,0,0.0,0.0
2023-03-10 10:00:00+08:00,38.400001525878906,38.45000076293945,38.349998474121094,38.400001525878906,140007,0.0,0.0
2023-03-10 11:00:00+08:00,38.349998474121094,38.45000076293945,38.20000076293945,38.25,196016,0.0,0.0
2023-03-10 12:00:00+08:00,38.25,38.25,38.04999923706055,38.099998474121094,167676,0.0,0.0
2023-03-10 13:00:00+08:00,38.099998474121094,38.25,38.04999923706055,38.25,113112,0.0,0.0
2023-03-13 09:00:00+08:00,38.0,38.0,36.70000076293945,36.900001525878906,0,0.0,0.0
2023-03-13 10:00:00+08:00,36.95000076293945,37.5,36.95000076293945,37.400001525878906,122901,0.0,0.0
2023-03-13 11:00:00+08:00,37.5,37.70000076293945,37.5,37.599998474121094,44192,0.0,0.0
2023-03-13 12:00:00+08:00,37.54999923706055,37.54999923706055,37.29999923706055,37.349998474121094,85089,0.0,0.0
2023-03-13 13:00:00+08:00,37.400001525878906,37.400001525878906,37.29999923706055,37.29999923706055,52718,0.0,0.0
2023-03-14 09:00:00+08:00,37.5,37.70000076293945,37.400001525878906,37.400001525878906,0,0.0,0.0
2023-03-14 10:00:00+08:00,37.400001525878906,37.70000076293945,37.349998474121094,37.599998474121094,76102,0.0,0.0
2023-03-14 11:00:00+08:00,37.599998474121094,37.900001525878906,37.5,37.79999923706055,60023,0.0,0.0
2023-03-14 12:00:00+08:00,37.79999923706055,37.79999923706055,37.400001525878906,37.400001525878906,77945,0.0,0.0
2023-03-14 13:00:00+08:00,37.400001525878906,37.400001525878906,37.0,37.04999923706055,113230,0.0,0.0
2023-03-15 09:00:00+08:00,37.599998474121094,37.650001525878906,37.04999923706055,37.400001525878906,0,0.0,0.0
2023-03-15 10:00:00+08:00,37.349998474121094,37.400001525878906,37.349998474121094,37.349998474121094,54113,0.0,0.0
2023-03-15 11:00:00+08:00,37.349998474121094,37.349998474121094,37.04999923706055,37.099998474121094,72053,0.0,0.0
2023-03-15 12:00:00+08:00,37.150001525878906,37.150001525878906,37.0,37.150001525878906,111109,0.0,0.0
2023-03-15 13:00:00+08:00,37.150001525878906,37.150001525878906,37.0,37.0,63115,0.0,0.0
2023-03-16 09:00:00+08:00,36.70000076293945,36.900001525878906,36.099998474121094,36.5,0,0.0,0.0
2023-03-16 10:00:00+08:00,36.400001525878906,36.45000076293945,36.20000076293945,36.25,69410,0.0,0.0
2023-03-16 11:00:00+08:00,36.25,36.25,36.099998474121094,36.099998474121094,72640,0.0,0.0
2023-03-16 12:00:00+08:00,36.099998474121094,36.099998474121094,36.0,36.099998474121094,183092,0.0,0.0
2023-03-16 13:00:00+08:00,36.04999923706055,36.04999923706055,35.79999923706055,35.79999923706055,149135,0.0,0.0
2023-03-17 09:00:00+08:00,36.0,36.599998474121094,36.0,36.25,0,0.0,0.0
2023-03-17 10:00:00+08:00,36.29999923706055,36.349998474121094,36.150001525878906,36.150001525878906,32111,0.0,0.0
2023-03-17 11:00:00+08:00,36.150001525878906,36.150001525878906,35.900001525878906,35.95000076293945,117006,0.0,0.0
2023-03-17 12:00:00+08:00,35.900001525878906,35.95000076293945,35.849998474121094,35.95000076293945,95032,0.0,0.0
2023-03-17 13:00:00+08:00,35.95000076293945,36.29999923706055,35.95000076293945,36.25,52037,0.0,0.0
2023-03-20 09:00:00+08:00,36.650001525878906,37.0,36.099998474121094,36.099998474121094,0,0.0,0.0
2023-03-20 10:00:00+08:00,36.099998474121094,36.70000076293945,36.099998474121094,36.70000076293945,65057,0.0,0.0
2023-03-20 11:00:00+08:00,36.599998474121094,36.599998474121094,36.400001525878906,36.400001525878906,34007,0.0,0.0
2023-03-20 12:00:00+08:00,36.400001525878906,36.400001525878906,36.150001525878906,36.20000076293945,85185,0.0,0.0
2023-03-20 13:00:00+08:00,36.20000076293945,36.400001525878906,36.150001525878906,36.400001525878906,37003,0.0,0.0
2023-03-21 09:00:00+08:00,36.79999923706055,36.79999923706055,36.599998474121094,36.650001525878906,0,0.0,0.0
2023-03-21 10:00:00+08:00,36.650001525878906,36.70000076293945,36.599998474121094,36.599998474121094,61022,0.0,0.0
2023-03-21 11:00:00+08:00,36.599998474121094,36.900001525878906,36.599998474121094,36.79999923706055,82005,0.0,0.0
2023-03-21 12:00:00+08:00,36.75,36.79999923706055,36.54999923706055,36.599998474121094,50098,0.0,0.0
2023-03-21 13:00:00+08:00,36.599998474121094,36.599998474121094,36.54999923706055,36.54999923706055,20202,0.0,0.0
2023-03-22 09:00:00+08:00,36.900001525878906,37.400001525878906,36.900001525878906,37.20000076293945,0,0.0,0.0
2023-03-22 10:00:00+08:00,37.20000076293945,37.25,37.04999923706055,37.04999923706055,47048,0.0,0.0
2023-03-22 11:00:00+08:00,37.099998474121094,37.29999923706055,36.900001525878906,37.29999923706055,53046,0.0,0.0
2023-03-22 12:00:00+08:00,37.04999923706055,37.29999923706055,36.900001525878906,37.150001525878906,46028,0.0,0.0
2023-03-22 13:00:00+08:00,37.04999923706055,37.150001525878906,37.04999923706055,37.150001525878906,28311,0.0,0.0
2023-03-23 09:00:00+08:00,36.849998474121094,36.849998474121094,36.45000076293945,36.54999923706055,0,0.0,0.0
2023-03-23 10:00:00+08:00,36.599998474121094,36.79999923706055,36.54999923706055,36.75,65215,0.0,0.0
2023-03-23 11:00:00+08:00,36.79999923706055,36.849998474121094,36.75,36.75,51206,0.0,0.0
2023-03-23 12:00:00+08:00,36.75,36.79999923706055,36.70000076293945,36.70000076293945,58020,0.0,0.0
2023-03-23 13:00:00+08:00,36.70000076293945,36.79999923706055,36.70000076293945,36.75,27030,0.0,0.0
2023-03-24 09:00:00+08:00,36.900001525878906,37.20000076293945,36.849998474121094,36.95000076293945,0,0.0,0.0
2023-03-24 10:00:00+08:00,36.95000076293945,37.04999923706055,36.849998474121094,36.849998474121094,59121,0.0,0.0
2023-03-24 11:00:00+08:00,36.849998474121094,36.849998474121094,36.599998474121094,36.79999923706055,99784,0.0,0.0
2023-03-24 12:00:00+08:00,36.79999923706055,36.79999923706055,36.599998474121094,36.650001525878906,94304,0.0,0.0
2023-03-24 13:00:00+08:00,36.650001525878906,36.70000076293945,36.650001525878906,36.650001525878906,47117,0.0,0.0
2023-03-27 09:00:00+08:00,36.70000076293945,37.150001525878906,36.5,36.900001525878906,0,0.0,0.0
2023-03-27 10:00:00+08:00,36.900001525878906,37.0,36.900001525878906,37.0,28072,0.0,0.0
2023-03-27 11:00:00+08:00,37.0,37.0,36.900001525878906,36.95000076293945,35636,0.0,0.0
2023-03-27 12:00:00+08:00,36.95000076293945,36.95000076293945,36.650001525878906,36.650001525878906,82034,0.0,0.0
2023-03-27 13:00:00+08:00,36.650001525878906,36.70000076293945,36.54999923706055,36.54999923706055,32338,0.0,0.0
2023-03-28 09:00:00+08:00,36.70000076293945,36.95000076293945,36.04999923706055,36.04999923706055,0,0.0,0.0
2023-03-28 10:00:00+08:00,36.04999923706055,36.099998474121094,36.0,36.099998474121094,76459,0.0,0.0
2023-03-28 11:00:00+08:00,36.04999923706055,36.04999923706055,35.900001525878906,35.95000076293945,141231,0.0,0.0
2023-03-28 12:00:00+08:00,35.900001525878906,36.0,35.900001525878906,35.95000076293945,89032,0.0,0.0
2023-03-28 13:00:00+08:00,35.95000076293945,35.95000076293945,35.849998474121094,35.849998474121094,75024,0.0,0.0
2023-03-29 09:00:00+08:00,36.099998474121094,36.099998474121094,35.75,35.849998474121094,0,0.0,0.0
2023-03-29 10:00:00+08:00,35.849998474121094,35.849998474121094,35.29999923706055,35.400001525878906,307658,0.0,0.0
2023-03-29 11:00:00+08:00,35.400001525878906,35.45000076293945,35.29999923706055,35.45000076293945,73170,0.0,0.0
2023-03-29 12:00:00+08:00,35.400001525878906,35.599998474121094,35.29999923706055,35.5,107198,0.0,0.0
2023-03-29 13:00:00+08:00,35.5,35.650001525878906,35.45000076293945,35.5,40084,0.0,0.0
2023-03-30 09:00:00+08:00,35.599998474121094,35.75,35.349998474121094,35.45000076293945,0,0.0,0.0
2023-03-30 10:00:00+08:00,35.5,35.75,35.45000076293945,35.70000076293945,50070,0.0,0.0
2023-03-30 11:00:00+08:00,35.70000076293945,35.70000076293945,35.54999923706055,35.599998474121094,12223,0.0,0.0
2023-03-30 12:00:00+08:00,35.599998474121094,35.70000076293945,35.54999923706055,35.70000076293945,78013,0.0,0.0
2023-03-30 13:00:00+08:00,35.70000076293945,35.79999923706055,35.650001525878906,35.79999923706055,49544,0.0,0.0
2023-03-31 09:00:00+08:00,35.79999923706055,35.79999923706055,35.400001525878906,35.45000076293945,0,0.0,0.0
2023-03-31 10:00:00+08:00,35.45000076293945,35.5,35.349998474121094,35.400001525878906,106040,0.0,0.0
2023-03-31 11:00:00+08:00,35.400001525878906,35.79999923706055,35.400001525878906,35.599998474121094,70253,0.0,0.0
2023-03-31 12:00:00+08:00,35.599998474121094,35.70000076293945,35.5,35.70000076293945,46104,0.0,0.0
2023-03-31 13:00:00+08:00,35.70000076293945,35.849998474121094,35.70000076293945,35.849998474121094,53134,0.0,0.0
2023-04-06 09:00:00+08:00,35.900001525878906,35.95000076293945,35.25,35.599998474121094,0,0.0,0.0
2023-04-06 10:00:00+08:00,35.599998474121094,35.599998474121094,35.599998474121094,35.599998474121094,7041,0.0,0.0
2023-04-06 11:00:00+08:00,35.599998474121094,35.650001525878906,35.599998474121094,35.650001525878906,35084,0.0,0.0
2023-04-06 12:00:00+08:00,35.599998474121094,35.650001525878906,35.5,35.650001525878906,57034,0.0,0.0
2023-04-06 13:00:00+08:00,35.650001525878906,35.650001525878906,35.5,35.54999923706055,24009,0.0,0.0
2023-04-07 09:00:00+08:00,36.45000076293945,36.45000076293945,35.650001525878906,35.650001525878906,0,0.0,0.0
2023-04-07 10:00:00+08:00,35.650001525878906,35.79999923706055,35.650001525878906,35.70000076293945,37212,0.0,0.0
2023-04-07 11:00:00+08:00,35.70000076293945,35.79999923706055,35.70000076293945,35.75,23025,0.0,0.0
2023-04-07 12:00:00+08:00,35.70000076293945,35.75,35.650001525878906,35.70000076293945,28476,0.0,0.0
2023-04-07 13:00:00+08:00,35.70000076293945,35.75,35.650001525878906,35.75,41131,0.0,0.0
2023-04-10 09:00:00+08:00,35.79999923706055,35.95000076293945,35.599998474121094,35.599998474121094,0,0.0,0.0
2023-04-10 10:00:00+08:00,35.599998474121094,35.79999923706055,35.5,35.599998474121094,46546,0.0,0.0
2023-04-10 11:00:00+08:00,35.599998474121094,35.70000076293945,35.599998474121094,35.599998474121094,22143,0.0,0.0
2023-04-10 12:00:00+08:00,35.599998474121094,35.75,35.599998474121094,35.75,43075,0.0,0.0
2023-04-10 13:00:00+08:00,35.70000076293945,35.900001525878906,35.70000076293945,35.900001525878906,79348,0.0,0.0
2023-04-11 09:00:00+08:00,36.04999923706055,36.20000076293945,35.95000076293945,36.0,0,0.0,0.0
2023-04-11 10:00:00+08:00,36.0,36.099998474121094,36.0,36.04999923706055,42031,0.0,0.0
2023-04-11 11:00:00+08:00,36.04999923706055,36.150001525878906,36.04999923706055,36.099998474121094,80137,0.0,0.0
2023-04-11 12:00:00+08:00,36.099998474121094,36.20000076293945,36.04999923706055,36.150001525878906,67114,0.0,0.0
2023-04-11 13:00:00+08:00,36.150001525878906,36.20000076293945,36.150001525878906,36.20000076293945,63015,0.0,0.0
2023-04-12 09:00:00+08:00,36.849998474121094,36.849998474121094,36.400001525878906,36.400001525878906,0,0.0,0.0
2023-04-12 10:00:00+08:00,36.400001525878906,36.5,36.400001525878906,36.45000076293945,174223,0.0,0.0
2023-04-12 11:00:00+08:00,36.5,36.54999923706055,36.400001525878906,36.400001525878906,40057,0.0,0.0
2023-04-12 12:00:00+08:00,36.5,36.5,36.400001525878906,36.5,80082,0.0,0.0
2023-04-12 13:00:00+08:00,36.5,36.54999923706055,36.45000076293945,36.54999923706055,54012,0.0,0.0
2023-04-13 09:00:00+08:00,36.79999923706055,36.79999923706055,36.25,36.29999923706055,0,0.0,0.0
2023-04-13 10:00:00+08:00,36.29999923706055,36.349998474121094,36.20000076293945,36.349998474121094,72084,0.0,0.0
2023-04-13 11:00:00+08:00,36.349998474121094,36.400001525878906,36.25,36.25,88050,0.0,0.0
2023-04-13 12:00:00+08:00,36.25,36.45000076293945,36.25,36.349998474121094,68042,0.0,0.0
2023-04-13 13:00:00+08:00,36.349998474121094,36.400001525878906,36.25,36.400001525878906,53093,0.0,0.0
2023-04-14 09:00:00+08:00,36.400001525878906,36.45000076293945,36.0,36.099998474121094,0,0.0,0.0
2023-04-14 10:00:00+08:00,36.099998474121094,36.150001525878906,36.04999923706055,36.099998474121094,51139,0.0,0.0
2023-04-14 11:00:00+08:00,36.099998474121094,36.20000076293945,36.04999923706055,36.04999923706055,67137,0.0,0.0
2023-04-14 12:00:00+08:00,36.099998474121094,36.25,36.0,36.04999923706055,74034,0.0,0.0
2023-04-14 13:00:00+08:00,36.0,36.04999923706055,36.0,36.0,52038,0.0,0.0
2023-04-17 09:00:00+08:00,35.95000076293945,36.150001525878906,35.900001525878906,36.0,0,0.0,0.0
2023-04-17 10:00:00+08:00,36.0,36.04999923706055,35.95000076293945,36.0,87302,0.0,0.0
2023-04-17 11:00:00+08:00,36.0,36.0,35.95000076293945,36.0,46689,0.0,0.0
2023-04-17 12:00:00+08:00,36.0,36.0,35.95000076293945,36.0,46464,0.0,0.0
2023-04-17 13:00:00+08:00,36.0,36.04999923706055,35.95000076293945,35.95000076293945,47393,0.0,0.0
2023-04-18 09:00:00+08:00,36.29999923706055,36.29999923706055,35.599998474121094,35.900001525878906,0,0.0,0.0
2023-04-18 10:00:00+08:00,35.75,35.79999923706055,35.599998474121094,35.79999923706055,42070,0.0,0.0
2023-04-18 11:00:00+08:00,35.79999923706055,35.79999923706055,35.70000076293945,35.70000076293945,49061,0.0,0.0
2023-04-18 12:00:00+08:00,35.70000076293945,35.70000076293945,35.45000076293945,35.45000076293945,240208,0.0,0.0
2023-04-18 13:00:00+08:00,35.45000076293945,35.45000076293945,35.400001525878906,35.45000076293945,43084,0.0,0.0
2023-04-19 09:00:00+08:00,35.45000076293945,35.650001525878906,35.04999923706055,35.099998474121094,0,0.0,0.0
2023-04-19 10:00:00+08:00,35.04999923706055,35.099998474121094,35.0,35.0,157160,0.0,0.0
2023-04-19 11:00:00+08:00,35.0,35.04999923706055,34.95000076293945,34.95000076293945,75196,0.0,0.0
2023-04-19 12:00:00+08:00,34.900001525878906,34.900001525878906,34.79999923706055,34.79999923706055,149787,0.0,0.0
2023-04-19 13:00:00+08:00,34.849998474121094,34.849998474121094,34.79999923706055,34.849998474121094,89004,0.0,0.0
2023-04-20 09:00:00+08:00,35.0,35.099998474121094,34.599998474121094,35.0,0,0.0,0.0
2023-04-20 10:00:00+08:00,35.0,35.04999923706055,34.75,34.79999923706055,48100,0.0,0.0
2023-04-20 11:00:00+08:00,34.75,34.79999923706055,34.70000076293945,34.70000076293945,18298,0.0,0.0
2023-04-20 12:00:00+08:00,34.70000076293945,34.75,34.5,34.54999923706055,115277,0.0,0.0
2023-04-20 13:00:00+08:00,34.5,34.54999923706055,34.29999923706055,34.29999923706055,73257,0.0,0.0
2023-04-21 09:00:00+08:00,34.29999923706055,34.599998474121094,34.29999923706055,34.349998474121094,0,0.0,0.0
2023-04-21 10:00:00+08:00,34.349998474121094,34.349998474121094,33.70000076293945,33.75,121123,0.0,0.0
2023-04-21 11:00:00+08:00,33.75,34.0,33.70000076293945,33.75,39232,0.0,0.0
2023-04-21 12:00:00+08:00,33.79999923706055,33.79999923706055,33.25,33.25,137257,0.0,0.0
2023-04-21 13:00:00+08:00,33.25,33.25,33.099998474121094,33.099998474121094,43414,0.0,0.0
2023-04-24 09:00:00+08:00,33.5,33.5,33.099998474121094,33.400001525878906,0,0.0,0.0
2023-04-24 10:00:00+08:00,33.400001525878906,33.5,33.349998474121094,33.349998474121094,42498,0.0,0.0
2023-04-24 11:00:00+08:00,33.349998474121094,33.400001525878906,33.349998474121094,33.349998474121094,14042,0.0,0.0
2023-04-24 12:00:00+08:00,33.29999923706055,33.29999923706055,33.20000076293945,33.20000076293945,15052,0.0,0.0
2023-04-24 13:00:00+08:00,33.20000076293945,33.29999923706055,33.150001525878906,33.29999923706055,27001,0.0,0.0
2023-04-25 09:00:00+08:00,33.5,33.5,32.95000076293945,32.95000076293945,0,0.0,0.0
2023-04-25 10:00:00+08:00,32.95000076293945,32.95000076293945,32.54999923706055,32.599998474121094,114272,0.0,0.0
2023-04-25 11:00:00+08:00,32.599998474121094,32.599998474121094,31.799999237060547,31.799999237060547,119494,0.0,0.0
2023-04-25 12:00:00+08:00,31.799999237060547,31.899999618530273,31.5,31.549999237060547,78091,0.0,0.0
2023-04-25 13:00:00+08:00,31.700000762939453,31.899999618530273,31.600000381469727,31.700000762939453,59902,0.0,0.0
2023-04-26 09:00:00+08:00,31.600000381469727,31.600000381469727,30.850000381469727,31.100000381469727,0,0.0,0.0
2023-04-26 10:00:00+08:00,31.100000381469727,31.899999618530273,30.950000762939453,31.649999618530273,37001,0.0,0.0
2023-04-26 11:00:00+08:00,31.649999618530273,31.649999618530273,31.5,31.5,29202,0.0,0.0
2023-04-26 12:00:00+08:00,31.5,31.600000381469727,31.399999618530273,31.600000381469727,24002,0.0,0.0
2023-04-26 13:00:00+08:00,31.649999618530273,31.700000762939453,31.600000381469727,31.600000381469727,17000,0.0,0.0
2023-04-27 09:00:00+08:00,32.099998474121094,32.29999923706055,32.0,32.29999923706055,0,0.0,0.0
2023-04-27 10:00:00+08:00,32.29999923706055,32.79999923706055,32.29999923706055,32.5,80143,0.0,0.0
2023-04-27 11:00:00+08:00,32.5,32.5,32.29999923706055,32.29999923706055,21037,0.0,0.0
2023-04-27 12:00:00+08:00,32.45000076293945,32.54999923706055,32.29999923706055,32.349998474121094,25018,0.0,0.0
2023-04-27 13:00:00+08:00,32.5,32.599998474121094,32.29999923706055,32.29999923706055,44002,0.0,0.0
2023-04-28 09:00:00+08:00,33.29999923706055,33.45000076293945,32.900001525878906,33.25,0,0.0,0.0
2023-04-28 10:00:00+08:00,33.099998474121094,33.25,32.849998474121094,33.0,22009,0.0,0.0
2023-04-28 11:00:00+08:00,33.04999923706055,33.04999923706055,32.900001525878906,32.900001525878906,22104,0.0,0.0
2023-04-28 12:00:00+08:00,32.900001525878906,33.0,32.849998474121094,32.900001525878906,20001,0.0,0.0
2023-04-28 13:00:00+08:00,32.900001525878906,32.900001525878906,32.79999923706055,32.849998474121094,28021,0.0,0.0
2023-05-02 09:00:00+08:00,33.0,33.400001525878906,33.0,33.25,0,0.0,0.0
2023-05-02 10:00:00+08:00,33.20000076293945,33.20000076293945,32.79999923706055,32.95000076293945,59002,0.0,0.0
2023-05-02 11:00:00+08:00,33.0,33.04999923706055,32.79999923706055,32.900001525878906,32009,0.0,0.0
2023-05-02 12:00:00+08:00,32.900001525878906,32.900001525878906,32.79999923706055,32.900001525878906,44015,0.0,0.0
2023-05-02 13:00:00+08:00,33.0,33.5,32.95000076293945,33.0,63001,0.0,0.0
2023-05-03 09:00:00+08:00,32.599998474121094,33.0,32.25,33.0,0,0.0,0.0
2023-05-03 10:00:00+08:00,32.650001525878906,32.650001525878906,32.45000076293945,32.45000076293945,16217,0.0,0.0
2023-05-03 11:00:00+08:00,32.45000076293945,32.5,32.20000076293945,32.20000076293945,42001,0.0,0.0
2023-05-03 12:00:00+08:00,32.29999923706055,32.29999923706055,32.20000076293945,32.20000076293945,23008,0.0,0.0
2023-05-03 13:00:00+08:00,32.25,32.29999923706055,32.099998474121094,32.29999923706055,32285,0.0,0.0
2023-05-04 09:00:00+08:00,32.20000076293945,32.25,32.099998474121094,32.099998474121094,0,0.0,0.0
2023-05-04 10:00:00+08:00,32.099998474121094,32.25,32.099998474121094,32.099998474121094,23085,0.0,0.0
2023-05-04 11:00:00+08:00,32.099998474121094,32.099998474121094,31.799999237060547,31.850000381469727,57034,0.0,0.0
2023-05-04 12:00:00+08:00,31.799999237060547,31.799999237060547,31.600000381469727,31.799999237060547,76147,0.0,0.0
2023-05-04 13:00:00+08:00,31.75,31.75,31.700000762939453,31.700000762939453,28410,0.0,0.0
2023-05-05 09:00:00+08:00,31.850000381469727,31.850000381469727,31.649999618530273,31.700000762939453,0,0.0,0.0
2023-05-05 10:00:00+08:00,31.700000762939453,31.799999237060547,31.700000762939453,31.700000762939453,75504,0.0,0.0
2023-05-05 11:00:00+08:00,31.700000762939453,31.700000762939453,31.600000381469727,31.649999618530273,16078,0.0,0.0
2023-05-05 12:00:00+08:00,31.700000762939453,31.700000762939453,31.600000381469727,31.600000381469727,28001,0.0,0.0
2023-05-05 13:00:00+08:00,31.649999618530273,31.649999618530273,31.600000381469727,31.600000381469727,12105,0.0,0.0
2023-05-08 09:00:00+08:00,31.899999618530273,31.899999618530273,31.5,31.5,0,0.0,0.0
2023-05-08 10:00:00+08:00,31.5,31.600000381469727,31.5,31.600000381469727,32009,0.0,0.0
2023-05-08 11:00:00+08:00,31.549999237060547,31.600000381469727,31.5,31.5,33004,0.0,0.0
2023-05-08 12:00:00+08:00,31.5,31.549999237060547,31.5,31.5,19175,0.0,0.0
2023-05-08 13:00:00+08:00,31.5,31.600000381469727,31.450000762939453,31.600000381469727,19008,0.0,0.0
2023-05-09 09:00:00+08:00,31.5,31.5,31.0,31.0,0,0.0,0.0
2023-05-09 10:00:00+08:00,31.0,31.0,30.950000762939453,31.0,50270,0.0,0.0
2023-05-09 11:00:00+08:00,30.950000762939453,31.0,30.950000762939453,30.950000762939453,17460,0.0,0.0
2023-05-09 12:00:00+08:00,30.950000762939453,31.0,30.899999618530273,30.899999618530273,25142,0.0,0.0
2023-05-09 13:00:00+08:00,30.899999618530273,30.950000762939453,30.899999618530273,30.950000762939453,25001,0.0,0.0
2023-05-10 09:00:00+08:00,31.0,31.399999618530273,30.950000762939453,31.350000381469727,0,0.0,0.0
2023-05-10 10:00:00+08:00,31.25,31.25,31.0,31.0,25416,0.0,0.0
2023-05-10 11:00:00+08:00,31.0,31.100000381469727,31.0,31.100000381469727,22001,0.0,0.0
2023-05-10 12:00:00+08:00,31.100000381469727,31.100000381469727,31.049999237060547,31.049999237060547,17016,0.0,0.0
2023-05-10 13:00:00+08:00,31.049999237060547,31.200000762939453,31.0,31.149999618530273,39069,0.0,0.0
2023-05-11 09:00:00+08:00,31.299999237060547,31.799999237060547,31.25,31.350000381469727,0,0.0,0.0
2023-05-11 10:00:00+08:00,31.350000381469727,31.399999618530273,31.25,31.350000381469727,33210,0.0,0.0
2023-05-11 11:00:00+08:00,31.450000762939453,31.450000762939453,31.350000381469727,31.350000381469727,14000,0.0,0.0
2023-05-11 12:00:00+08:00,31.350000381469727,31.350000381469727,30.299999237060547,30.450000762939453,77999,0.0,0.0
2023-05-11 13:00:00+08:00,30.450000762939453,30.950000762939453,30.299999237060547,30.350000381469727,31306,0.0,0.0
2023-05-12 09:00:00+08:00,30.350000381469727,30.5,30.049999237060547,30.100000381469727,69291,0.0,0.0
2023-05-12 10:00:00+08:00,30.100000381469727,30.100000381469727,30.0,30.100000381469727,112555,0.0,0.0
2023-05-12 11:00:00+08:00,30.100000381469727,30.399999618530273,30.100000381469727,30.299999237060547,42003,0.0,0.0
2023-05-12 12:00:00+08:00,30.399999618530273,30.549999237060547,30.350000381469727,30.549999237060547,33209,0.0,0.0
2023-05-12 13:00:00+08:00,30.700000762939453,30.799999237060547,30.5,30.5,34031,0.0,0.0
2023-05-15 09:00:00+08:00,30.399999618530273,30.399999618530273,30.100000381469727,30.100000381469727,0,0.0,0.0
2023-05-15 10:00:00+08:00,30.200000762939453,30.200000762939453,30.0,30.0,52339,0.0,0.0
2023-05-15 11:00:00+08:00,30.049999237060547,30.149999618530273,30.049999237060547,30.149999618530273,16281,0.0,0.0
2023-05-15 12:00:00+08:00,30.149999618530273,30.200000762939453,30.149999618530273,30.200000762939453,29083,0.0,0.0
2023-05-15 13:00:00+08:00,30.149999618530273,30.200000762939453,30.049999237060547,30.100000381469727,29192,0.0,0.0
2023-05-16 09:00:00+08:00,31.0,31.149999618530273,30.850000381469727,31.0,0,0.0,0.0
2023-05-16 10:00:00+08:00,31.0,31.0,30.850000381469727,30.899999618530273,19004,0.0,0.0
2023-05-16 11:00:00+08:00,30.850000381469727,30.899999618530273,30.799999237060547,30.799999237060547,34114,0.0,0.0
2023-05-16 12:00:00+08:00,30.799999237060547,30.850000381469727,30.75,30.75,24200,0.0,0.0
2023-05-16 13:00:00+08:00,30.75,30.75,30.649999618530273,30.700000762939453,6037,0.0,0.0
2023-05-17 09:00:00+08:00,31.100000381469727,31.200000762939453,31.100000381469727,31.200000762939453,0,0.0,0.0
2023-05-17 10:00:00+08:00,31.100000381469727,31.299999237060547,31.100000381469727,31.100000381469727,39000,0.0,0.0
2023-05-17 11:00:00+08:00,31.100000381469727,31.200000762939453,31.0,31.100000381469727,79044,0.0,0.0
2023-05-17 12:00:00+08:00,31.049999237060547,31.149999618530273,31.049999237060547,31.049999237060547,24404,0.0,0.0
2023-05-17 13:00:00+08:00,31.100000381469727,31.100000381469727,31.049999237060547,31.049999237060547,26000,0.0,0.0
2023-05-18 09:00:00+08:00,31.299999237060547,31.850000381469727,31.0,31.649999618530273,168102,0.0,0.0
2023-05-18 10:00:00+08:00,31.649999618530273,32.0,31.649999618530273,31.700000762939453,129101,0.0,0.0
2023-05-18 11:00:00+08:00,31.700000762939453,31.799999237060547,31.700000762939453,31.75,17193,0.0,0.0
2023-05-18 12:00:00+08:00,31.700000762939453,31.700000762939453,31.600000381469727,31.649999618530273,24000,0.0,0.0
2023-05-18 13:00:00+08:00,31.649999618530273,31.799999237060547,31.600000381469727,31.600000381469727,17097,0.0,0.0
2023-05-19 09:00:00+08:00,31.299999237060547,31.75,31.049999237060547,31.100000381469727,0,0.0,0.0
2023-05-19 10:00:00+08:00,31.149999618530273,31.200000762939453,31.0,31.049999237060547,33767,0.0,0.0
2023-05-19 11:00:00+08:00,31.049999237060547,31.149999618530273,31.049999237060547,31.100000381469727,14000,0.0,0.0
2023-05-19 12:00:00+08:00,31.100000381469727,31.149999618530273,31.049999237060547,31.100000381469727,47405,0.0,0.0
2023-05-19 13:00:00+08:00,31.100000381469727,31.149999618530273,31.0,31.149999618530273,37000,0.0,0.0
2023-05-22 09:00:00+08:00,31.100000381469727,31.5,31.100000381469727,31.299999237060547,54054,0.0,0.0
2023-05-22 10:00:00+08:00,31.299999237060547,31.450000762939453,31.25,31.350000381469727,35492,0.0,0.0
2023-05-22 11:00:00+08:00,31.350000381469727,31.450000762939453,31.25,31.450000762939453,35294,0.0,0.0
2023-05-22 12:00:00+08:00,31.5,32.20000076293945,31.399999618530273,32.099998474121094,211361,0.0,0.0
2023-05-22 13:00:00+08:00,32.150001525878906,32.349998474121094,32.150001525878906,32.25,52601,0.0,0.0
2023-05-23 09:00:00+08:00,32.20000076293945,32.599998474121094,31.899999618530273,32.150001525878906,0,0.0,0.0
2023-05-23 10:00:00+08:00,32.150001525878906,32.20000076293945,32.04999923706055,32.20000076293945,50531,0.0,0.0
2023-05-23 11:00:00+08:00,32.20000076293945,32.20000076293945,32.0,32.0,49034,0.0,0.0
2023-05-23 12:00:00+08:00,32.0,32.0,31.850000381469727,31.899999618530273,53162,0.0,0.0
2023-05-23 13:00:00+08:00,31.899999618530273,31.899999618530273,31.799999237060547,31.850000381469727,20239,0.0,0.0
2023-05-24 09:00:00+08:00,31.850000381469727,32.25,31.850000381469727,31.850000381469727,0,0.0,0.0
2023-05-24 10:00:00+08:00,31.950000762939453,31.950000762939453,31.850000381469727,31.850000381469727,42150,0.0,0.0
2023-05-24 11:00:00+08:00,31.850000381469727,31.850000381469727,31.799999237060547,31.850000381469727,23053,0.0,0.0
2023-05-24 12:00:00+08:00,31.899999618530273,31.899999618530273,31.850000381469727,31.850000381469727,34156,0.0,0.0
2023-05-24 13:00:00+08:00,31.850000381469727,31.850000381469727,31.799999237060547,31.850000381469727,28245,0.0,0.0
2023-05-25 09:00:00+08:00,32.0,32.54999923706055,32.0,32.400001525878906,0,0.0,0.0
2023-05-25 10:00:00+08:00,32.400001525878906,32.45000076293945,32.099998474121094,32.29999923706055,58206,0.0,0.0
2023-05-25 11:00:00+08:00,32.29999923706055,34.29999923706055,32.25,34.29999923706055,477883,0.0,0.0
2023-05-25 12:00:00+08:00,34.29999923706055,34.95000076293945,34.20000076293945,34.5,582022,0.0,0.0
2023-05-25 13:00:00+08:00,34.45000076293945,34.5,34.349998474121094,34.400001525878906,124463,0.0,0.0
2023-05-26 09:00:00+08:00,35.0,35.45000076293945,34.5,34.95000076293945,0,0.0,0.0
2023-05-26 10:00:00+08:00,34.95000076293945,35.95000076293945,34.95000076293945,35.400001525878906,693457,0.0,0.0
2023-05-26 11:00:00+08:00,35.400001525878906,35.400001525878906,35.0,35.099998474121094,116117,0.0,0.0
2023-05-26 12:00:00+08:00,35.099998474121094,35.29999923706055,35.04999923706055,35.25,138790,0.0,0.0
2023-05-26 13:00:00+08:00,35.150001525878906,35.45000076293945,35.0,35.45000076293945,157313,0.0,0.0
2023-05-29 09:00:00+08:00,35.0,35.099998474121094,34.0,34.5,0,0.0,0.0
2023-05-29 10:00:00+08:00,34.650001525878906,36.95000076293945,34.54999923706055,36.099998474121094,754119,0.0,0.0
2023-05-29 11:00:00+08:00,36.150001525878906,36.20000076293945,36.0,36.099998474121094,102805,0.0,0.0
2023-05-29 12:00:00+08:00,36.099998474121094,36.099998474121094,35.29999923706055,35.349998474121094,203883,0.0,0.0
2023-05-29 13:00:00+08:00,35.349998474121094,35.650001525878906,35.349998474121094,35.45000076293945,85007,0.0,0.0
2023-05-30 09:00:00+08:00,35.849998474121094,35.849998474121094,34.349998474121094,34.900001525878906,0,0.0,0.0
2023-05-30 10:00:00+08:00,34.900001525878906,34.900001525878906,34.599998474121094,34.75,56478,0.0,0.0
2023-05-30 11:00:00+08:00,34.75,34.75,34.599998474121094,34.599998474121094,54805,0.0,0.0
2023-05-30 12:00:00+08:00,34.599998474121094,34.900001525878906,34.54999923706055,34.900001525878906,153018,0.0,0.0
2023-05-30 13:00:00+08:00,34.849998474121094,34.849998474121094,34.70000076293945,34.70000076293945,42430,0.0,0.0
2023-05-31 09:00:00+08:00,34.650001525878906,35.099998474121094,34.650001525878906,34.849998474121094,0,0.0,0.0
2023-05-31 10:00:00+08:00,34.79999923706055,34.79999923706055,34.54999923706055,34.599998474121094,68190,0.0,0.0
2023-05-31 11:00:00+08:00,34.599998474121094,34.650001525878906,34.20000076293945,34.25,93173,0.0,0.0
2023-05-31 12:00:00+08:00,34.25,34.29999923706055,34.0,34.04999923706055,127659,0.0,0.0
2023-05-31 13:00:00+08:00,34.099998474121094,34.45000076293945,34.04999923706055,34.20000076293945,86436,0.0,0.0
2023-06-01 09:00:00+08:00,34.400001525878906,34.70000076293945,34.25,34.54999923706055,0,0.0,0.0
2023-06-01 10:00:00+08:00,34.54999923706055,34.54999923706055,34.25,34.349998474121094,87143,0.0,0.0
2023-06-01 11:00:00+08:00,34.400001525878906,34.400001525878906,34.04999923706055,34.349998474121094,92035,0.0,0.0
2023-06-01 12:00:00+08:00,34.29999923706055,34.29999923706055,33.900001525878906,34.099998474121094,128193,0.0,0.0
2023-06-01 13:00:00+08:00,34.099998474121094,34.29999923706055,34.099998474121094,34.20000076293945,26002,0.0,0.0
2023-06-02 09:00:00+08:00,34.20000076293945,34.599998474121094,34.0,34.150001525878906,0,0.0,0.0
2023-06-02 10:00:00+08:00,34.150001525878906,34.150001525878906,33.849998474121094,34.0,111653,0.0,0.0
2023-06-02 11:00:00+08:00,34.0,34.75,33.900001525878906,34.75,163547,0.0,0.0
2023-06-02 12:00:00+08:00,34.70000076293945,34.70000076293945,34.20000076293945,34.20000076293945,82415,0.0,0.0
2023-06-02 13:00:00+08:00,34.20000076293945,34.25,34.150001525878906,34.20000076293945,36088,0.0,0.0
2023-06-05 09:00:00+08:00,34.70000076293945,35.79999923706055,34.70000076293945,35.79999923706055,0,0.0,0.0
2023-06-05 10:00:00+08:00,35.79999923706055,35.900001525878906,35.599998474121094,35.75,282998,0.0,0.0
2023-06-05 11:00:00+08:00,35.75,35.75,35.400001525878906,35.599998474121094,98310,0.0,0.0
2023-06-05 12:00:00+08:00,35.54999923706055,35.599998474121094,35.400001525878906,35.400001525878906,68573,0.0,0.0
2023-06-05 13:00:00+08:00,35.400001525878906,35.5,35.20000076293945,35.5,51159,0.0,0.0
2023-06-06 09:00:00+08:00,35.70000076293945,35.70000076293945,34.20000076293945,34.25,0,0.0,0.0
2023-06-06 10:00:00+08:00,34.29999923706055,34.5,34.29999923706055,34.5,27219,0.0,0.0
2023-06-06 11:00:00+08:00,34.45000076293945,34.45000076293945,34.25,34.25,37436,0.0,0.0
2023-06-06 12:00:00+08:00,34.29999923706055,34.349998474121094,34.25,34.349998474121094,46511,0.0,0.0
2023-06-06 13:00:00+08:00,34.349998474121094,34.5,34.29999923706055,34.400001525878906,54192,0.0,0.0
2023-06-07 09:00:00+08:00,34.349998474121094,34.400001525878906,33.95000076293945,34.0,0,0.0,0.0
2023-06-07 10:00:00+08:00,34.0,34.20000076293945,34.0,34.099998474121094,42150,0.0,0.0
2023-06-07 11:00:00+08:00,34.099998474121094,34.099998474121094,33.95000076293945,33.95000076293945,79450,0.0,0.0
2023-06-07 12:00:00+08:00,33.900001525878906,33.95000076293945,33.599998474121094,33.650001525878906,187523,0.0,0.0
2023-06-07 13:00:00+08:00,33.70000076293945,33.95000076293945,33.70000076293945,33.849998474121094,67386,0.0,0.0
2023-06-08 09:00:00+08:00,33.849998474121094,33.849998474121094,33.099998474121094,33.29999923706055,0,0.0,0.0
2023-06-08 10:00:00+08:00,33.29999923706055,33.400001525878906,33.20000076293945,33.29999923706055,26122,0.0,0.0
2023-06-08 11:00:00+08:00,33.29999923706055,33.349998474121094,33.150001525878906,33.25,58271,0.0,0.0
2023-06-08 12:00:00+08:00,33.20000076293945,33.25,33.099998474121094,33.150001525878906,157560,0.0,0.0
2023-06-08 13:00:00+08:00,33.150001525878906,33.150001525878906,33.099998474121094,33.150001525878906,56004,0.0,0.0
2023-06-09 09:00:00+08:00,33.150001525878906,33.75,33.0,33.5,0,0.0,0.0
2023-06-09 10:00:00+08:00,33.25,33.5,33.25,33.29999923706055,60301,0.0,0.0
2023-06-09 11:00:00+08:00,33.400001525878906,33.400001525878906,33.29999923706055,33.29999923706055,39001,0.0,0.0
2023-06-09 12:00:00+08:00,33.25,33.25,33.150001525878906,33.25,38872,0.0,0.0
2023-06-09 13:00:00+08:00,33.20000076293945,33.20000076293945,33.099998474121094,33.099998474121094,40051,0.0,0.0
2023-06-12 09:00:00+08:00,33.04999923706055,33.650001525878906,33.04999923706055,33.20000076293945,0,0.0,0.0
2023-06-12 10:00:00+08:00,33.20000076293945,33.20000076293945,33.0,33.0,156188,0.0,0.0
2023-06-12 11:00:00+08:00,32.95000076293945,33.20000076293945,32.900001525878906,33.099998474121094,38401,0.0,0.0
2023-06-12 12:00:00+08:00,33.0,33.0,32.599998474121094,32.650001525878906,122505,0.0,0.0
2023-06-12 13:00:00+08:00,32.650001525878906,32.650001525878906,32.349998474121094,32.5,90810,0.0,0.0
2023-06-13 09:00:00+08:00,32.95000076293945,33.04999923706055,32.599998474121094,32.599998474121094,0,0.0,0.0
2023-06-13 10:00:00+08:00,32.70000076293945,32.70000076293945,32.349998474121094,32.400001525878906,62117,0.0,0.0
2023-06-13 11:00:00+08:00,32.400001525878906,32.599998474121094,32.400001525878906,32.599998474121094,54525,0.0,0.0
2023-06-13 12:00:00+08:00,32.54999923706055,32.75,32.5,32.70000076293945,52821,0.0,0.0
2023-06-13 13:00:00+08:00,32.70000076293945,32.70000076293945,32.45000076293945,32.45000076293945,23006,0.0,0.0
2023-06-14 09:00:00+08:00,32.5,32.650001525878906,32.45000076293945,32.599998474121094,0,0.0,0.0
2023-06-14 10:00:00+08:00,32.599998474121094,32.650001525878906,32.5,32.5,48271,0.0,0.0
2023-06-14 11:00:00+08:00,32.5,32.5,32.349998474121094,32.349998474121094,51595,0.0,0.0
2023-06-14 12:00:00+08:00,32.349998474121094,32.349998474121094,32.04999923706055,32.04999923706055,77206,0.0,0.0
2023-06-14 13:00:00+08:00,32.099998474121094,32.25,32.0,32.04999923706055,78482,0.0,0.0
2023-06-15 09:00:00+08:00,32.45000076293945,32.45000076293945,32.0,32.0,0,0.0,0.0
2023-06-15 10:00:00+08:00,32.0,32.0,31.899999618530273,31.899999618530273,96789,0.0,0.0
2023-06-15 11:00:00+08:00,31.899999618530273,31.950000762939453,31.850000381469727,31.950000762939453,80000,0.0,0.0
2023-06-15 12:00:00+08:00,31.950000762939453,31.950000762939453,31.850000381469727,31.899999618530273,59057,0.0,0.0
2023-06-15 13:00:00+08:00,31.899999618530273,32.0,31.799999237060547,31.950000762939453,59658,0.0,0.0
2023-06-16 09:00:00+08:00,32.099998474121094,32.150001525878906,32.0,32.150001525878906,0,0.0,0.0
2023-06-16 10:00:00+08:00,32.150001525878906,32.400001525878906,32.099998474121094,32.29999923706055,61019,0.0,0.0
2023-06-16 11:00:00+08:00,32.400001525878906,32.54999923706055,32.349998474121094,32.5,78450,0.0,0.0
2023-06-16 12:00:00+08:00,32.5,32.54999923706055,32.5,32.5,74004,0.0,0.0
2023-06-16 13:00:00+08:00,32.5,33.150001525878906,32.5,32.95000076293945,123314,0.0,0.0
2023-06-19 09:00:00+08:00,33.25,33.29999923706055,32.70000076293945,32.79999923706055,0,0.0,0.0
2023-06-19 10:00:00+08:00,32.75,32.75,32.400001525878906,32.45000076293945,68294,0.0,0.0
2023-06-19 11:00:00+08:00,32.45000076293945,32.45000076293945,32.20000076293945,32.25,73471,0.0,0.0
2023-06-19 12:00:00+08:00,32.20000076293945,32.400001525878906,32.20000076293945,32.29999923706055,65000,0.0,0.0
2023-06-19 13:00:00+08:00,32.29999923706055,32.29999923706055,32.20000076293945,32.29999923706055,24757,0.0,0.0
2023-06-20 09:00:00+08:00,32.099998474121094,32.20000076293945,32.099998474121094,32.099998474121094,0,0.0,0.0
2023-06-20 10:00:00+08:00,32.349998474121094,32.349998474121094,32.099998474121094,32.099998474121094,36179,0.0,0.0
2023-06-20 11:00:00+08:00,32.150001525878906,32.150001525878906,32.099998474121094,32.150001525878906,18006,0.0,0.0
2023-06-20 12:00:00+08:00,32.150001525878906,32.29999923706055,32.099998474121094,32.29999923706055,25357,0.0,0.0
2023-06-20 13:00:00+08:00,32.29999923706055,32.5,32.25,32.25,26899,0.0,0.0
2023-06-21 09:00:00+08:00,32.29999923706055,32.29999923706055,32.25,32.25,0,0.0,0.0
2023-06-21 10:00:00+08:00,32.25,32.54999923706055,32.25,32.29999923706055,44250,0.0,0.0
2023-06-21 11:00:00+08:00,32.29999923706055,32.45000076293945,32.29999923706055,32.29999923706055,39051,0.0,0.0
2023-06-21 12:00:00+08:00,32.349998474121094,32.400001525878906,32.29999923706055,32.29999923706055,29220,0.0,0.0
2023-06-21 13:00:00+08:00,32.29999923706055,32.29999923706055,32.25,32.25,22000,0.0,0.0
2023-06-26 09:00:00+08:00,32.400001525878906,32.400001525878906,32.099998474121094,32.099998474121094,0,0.0,0.0
2023-06-26 10:00:00+08:00,32.099998474121094,32.150001525878906,32.04999923706055,32.150001525878906,46048,0.0,0.0
2023-06-26 11:00:00+08:00,32.150001525878906,32.20000076293945,32.099998474121094,32.099998474121094,14005,0.0,0.0
2023-06-26 12:00:00+08:00,32.099998474121094,32.099998474121094,32.0,32.0,59099,0.0,0.0
2023-06-26 13:00:00+08:00,32.0,32.0,31.950000762939453,31.950000762939453,29248,0.0,0.0
2023-06-27 09:00:00+08:00,31.899999618530273,32.25,31.899999618530273,32.04999923706055,0,0.0,0.0
2023-06-27 10:00:00+08:00,32.04999923706055,32.20000076293945,32.0,32.0,28168,0.0,0.0
2023-06-27 11:00:00+08:00,31.950000762939453,31.950000762939453,31.950000762939453,31.950000762939453,23031,0.0,0.0
2023-06-27 12:00:00+08:00,31.899999618530273,31.950000762939453,31.850000381469727,31.950000762939453,49208,0.0,0.0
2023-06-27 13:00:00+08:00,31.950000762939453,31.950000762939453,31.850000381469727,31.899999618530273,25091,0.0,0.0
2023-06-28 09:00:00+08:00,32.599998474121094,32.599998474121094,31.799999237060547,32.04999923706055,0,0.0,0.0
2023-06-28 10:00:00+08:00,32.0,32.0,31.899999618530273,31.899999618530273,8200,0.0,0.0
2023-06-28 11:00:00+08:00,31.899999618530273,32.0,31.799999237060547,31.850000381469727,41351,0.0,0.0
2023-06-28 12:00:00+08:00,31.950000762939453,32.0,31.700000762939453,31.899999618530273,38108,0.0,0.0
2023-06-28 13:00:00+08:00,31.899999618530273,31.899999618530273,31.75,31.850000381469727,17000,0.0,0.0
2023-06-29 09:00:00+08:00,32.0,32.20000076293945,31.950000762939453,31.950000762939453,0,0.0,0.0
2023-06-29 10:00:00+08:00,31.950000762939453,32.0,31.799999237060547,31.850000381469727,21001,0.0,0.0
2023-06-29 11:00:00+08:00,31.850000381469727,31.850000381469727,31.799999237060547,31.799999237060547,16000,0.0,0.0
2023-06-29 12:00:00+08:00,31.799999237060547,31.799999237060547,31.799999237060547,31.799999237060547,36000,0.0,0.0
2023-06-29 13:00:00+08:00,31.799999237060547,32.0,31.799999237060547,31.899999618530273,14600,0.0,0.0
2023-06-30 09:00:00+08:00,31.850000381469727,32.0,31.649999618530273,32.0,25084,0.0,0.0
2023-06-30 10:00:00+08:00,31.950000762939453,31.950000762939453,31.5,31.549999237060547,59247,0.0,0.0
2023-06-30 11:00:00+08:00,31.700000762939453,31.850000381469727,31.549999237060547,31.600000381469727,20000,0.0,0.0
2023-06-30 12:00:00+08:00,31.600000381469727,31.600000381469727,31.549999237060547,31.600000381469727,28000,0.0,0.0
2023-06-30 13:00:00+08:00,31.600000381469727,31.600000381469727,31.549999237060547,31.549999237060547,42000,0.0,0.0
2023-07-03 09:00:00+08:00,31.5,31.600000381469727,31.5,31.549999237060547,0,0.0,0.0
2023-07-03 10:00:00+08:00,31.549999237060547,31.75,31.549999237060547,31.549999237060547,33115,0.0,0.0
2023-07-03 11:00:00+08:00,31.549999237060547,31.549999237060547,31.450000762939453,31.450000762939453,82333,0.0,0.0
2023-07-03 12:00:00+08:00,31.450000762939453,31.549999237060547,31.399999618530273,31.450000762939453,74181,0.0,0.0
2023-07-03 13:00:00+08:00,31.450000762939453,31.5,31.399999618530273,31.399999618530273,73003,0.0,0.0
2023-07-04 09:00:00+08:00,31.600000381469727,31.600000381469727,31.450000762939453,31.5,0,0.0,0.0
2023-07-04 10:00:00+08:00,31.5,31.5,31.399999618530273,31.450000762939453,39104,0.0,0.0
2023-07-04 11:00:00+08:00,31.450000762939453,31.549999237060547,31.450000762939453,31.5,28002,0.0,0.0
2023-07-04 12:00:00+08:00,31.5,31.5,31.200000762939453,31.200000762939453,129058,0.0,0.0
2023-07-04 13:00:00+08:00,31.200000762939453,31.25,31.100000381469727,31.200000762939453,31949,0.0,0.0
2023-07-05 09:00:00+08:00,31.200000762939453,31.200000762939453,31.0,31.100000381469727,0,0.0,0.0
2023-07-05 10:00:00+08:00,31.149999618530273,31.149999618530273,31.049999237060547,31.049999237060547,47327,0.0,0.0
2023-07-05 11:00:00+08:00,31.049999237060547,31.149999618530273,31.0,31.049999237060547,69080,0.0,0.0
2023-07-05 12:00:00+08:00,31.049999237060547,31.100000381469727,31.0,31.0,34598,0.0,0.0
2023-07-05 13:00:00+08:00,31.0,31.100000381469727,31.0,31.0,28004,0.0,0.0
2023-07-06 09:00:00+08:00,31.5,31.5,31.25,31.5,0,0.0,0.0
2023-07-06 10:00:00+08:00,31.5,32.400001525878906,31.450000762939453,32.04999923706055,183006,0.0,0.0
2023-07-06 11:00:00+08:00,32.150001525878906,32.150001525878906,31.75,31.75,44015,0.0,0.0
2023-07-06 12:00:00+08:00,31.75,31.950000762939453,31.700000762939453,31.899999618530273,72023,0.0,0.0
2023-07-06 13:00:00+08:00,31.899999618530273,31.950000762939453,31.799999237060547,31.950000762939453,26147,0.0,0.0
2023-07-07 09:00:00+08:00,31.700000762939453,31.700000762939453,31.0,31.049999237060547,0,0.0,0.0
2023-07-07 10:00:00+08:00,31.100000381469727,31.399999618530273,31.049999237060547,31.100000381469727,29003,0.0,0.0
2023-07-07 11:00:00+08:00,31.100000381469727,31.299999237060547,31.100000381469727,31.25,18127,0.0,0.0
2023-07-07 12:00:00+08:00,31.200000762939453,31.25,31.149999618530273,31.149999618530273,43001,0.0,0.0
2023-07-07 13:00:00+08:00,31.149999618530273,31.200000762939453,31.100000381469727,31.100000381469727,31250,0.0,0.0
2023-07-10 09:00:00+08:00,31.100000381469727,31.200000762939453,30.899999618530273,30.950000762939453,0,0.0,0.0
2023-07-10 10:00:00+08:00,31.049999237060547,31.049999237060547,30.850000381469727,30.899999618530273,63475,0.0,0.0
2023-07-10 11:00:00+08:00,31.0,31.100000381469727,30.75,30.75,55000,0.0,0.0
2023-07-10 12:00:00+08:00,30.799999237060547,30.799999237060547,30.649999618530273,30.649999618530273,43941,0.0,0.0
2023-07-10 13:00:00+08:00,30.799999237060547,30.799999237060547,30.649999618530273,30.75,29000,0.0,0.0
2023-07-11 09:00:00+08:00,31.299999237060547,31.700000762939453,31.100000381469727,31.549999237060547,0,0.0,0.0
2023-07-11 10:00:00+08:00,31.549999237060547,31.75,31.549999237060547,31.75,100025,0.0,0.0
2023-07-11 11:00:00+08:00,31.75,31.799999237060547,31.649999618530273,31.649999618530273,61139,0.0,0.0
2023-07-11 12:00:00+08:00,31.700000762939453,31.75,31.5,31.700000762939453,80060,0.0,0.0
2023-07-11 13:00:00+08:00,31.549999237060547,31.75,31.399999618530273,31.75,27272,0.0,0.0
2023-07-12 09:00:00+08:00,31.450000762939453,33.75,31.450000762939453,33.04999923706055,261526,0.0,0.0
2023-07-12 10:00:00+08:00,33.04999923706055,33.5,33.0,33.099998474121094,226982,0.0,0.0
2023-07-12 11:00:00+08:00,33.150001525878906,33.29999923706055,33.0,33.29999923706055,139852,0.0,0.0
2023-07-12 12:00:00+08:00,33.25,33.29999923706055,33.099998474121094,33.20000076293945,119032,0.0,0.0
2023-07-12 13:00:00+08:00,33.099998474121094,33.20000076293945,33.099998474121094,33.150001525878906,81960,0.0,0.0
2023-07-13 09:00:00+08:00,33.349998474121094,33.5,32.25,33.400001525878906,0,0.0,0.0
2023-07-13 10:00:00+08:00,33.400001525878906,33.45000076293945,33.150001525878906,33.150001525878906,244148,0.0,0.0
2023-07-13 11:00:00+08:00,33.20000076293945,33.400001525878906,33.099998474121094,33.25,177201,0.0,0.0
2023-07-13 12:00:00+08:00,33.20000076293945,33.650001525878906,33.20000076293945,33.20000076293945,379268,0.0,0.0
2023-07-13 13:00:00+08:00,33.20000076293945,33.29999923706055,33.150001525878906,33.20000076293945,62501,0.0,0.0
2023-07-14 09:00:00+08:00,34.0,34.849998474121094,33.5,34.29999923706055,0,0.0,0.0
2023-07-14 10:00:00+08:00,34.29999923706055,36.0,34.29999923706055,35.54999923706055,1438667,0.0,0.0
2023-07-14 11:00:00+08:00,35.54999923706055,35.849998474121094,35.54999923706055,35.599998474121094,310113,0.0,0.0
2023-07-14 12:00:00+08:00,35.54999923706055,35.599998474121094,35.150001525878906,35.5,227845,0.0,0.0
2023-07-14 13:00:00+08:00,35.5,35.79999923706055,35.5,35.650001525878906,202791,0.0,0.0
2023-07-17 09:00:00+08:00,34.54999923706055,35.29999923706055,33.5,33.75,0,0.0,0.0
2023-07-17 10:00:00+08:00,33.849998474121094,34.150001525878906,33.5,33.70000076293945,211189,0.0,0.0
2023-07-17 11:00:00+08:00,33.75,34.0,33.650001525878906,33.70000076293945,142241,0.0,0.0
2023-07-17 12:00:00+08:00,33.70000076293945,33.849998474121094,33.650001525878906,33.75,114664,0.0,0.0
2023-07-17 13:00:00+08:00,33.75,33.75,33.650001525878906,33.70000076293945,124545,0.0,0.0
2023-07-18 09:00:00+08:00,33.70000076293945,33.900001525878906,32.5,32.70000076293945,354054,0.0,0.0
2023-07-18 10:00:00+08:00,32.650001525878906,32.70000076293945,32.54999923706055,32.599998474121094,134299,0.0,0.0
2023-07-18 11:00:00+08:00,32.599998474121094,32.70000076293945,32.599998474121094,32.599998474121094,65165,0.0,0.0
2023-07-18 12:00:00+08:00,32.599998474121094,32.70000076293945,32.5,32.70000076293945,99530,0.0,0.0
2023-07-18 13:00:00+08:00,32.70000076293945,32.70000076293945,32.54999923706055,32.54999923706055,55214,0.0,0.0
2023-07-19 09:00:00+08:00,32.54999923706055,32.54999923706055,32.04999923706055,32.5,109207,0.0,0.0
2023-07-19 10:00:00+08:00,32.5,32.5,32.04999923706055,32.25,101344,0.0,0.0
2023-07-19 11:00:00+08:00,32.25,32.29999923706055,32.04999923706055,32.099998474121094,58172,0.0,0.0
2023-07-19 12:00:00+08:00,32.099998474121094,32.099998474121094,31.899999618530273,31.899999618530273,177952,0.0,0.0
2023-07-19 13:00:00+08:00,31.899999618530273,31.950000762939453,31.700000762939453,31.75,74474,0.0,0.0
2023-07-20 09:00:00+08:00,31.799999237060547,32.29999923706055,31.799999237060547,32.25,73188,0.0,0.0
2023-07-20 10:00:00+08:00,32.25,32.5,32.25,32.29999923706055,116066,0.0,0.0
2023-07-20 11:00:00+08:00,32.29999923706055,32.29999923706055,32.25,32.29999923706055,20001,0.0,0.0
2023-07-20 12:00:00+08:00,32.29999923706055,32.349998474121094,32.099998474121094,32.099998474121094,44200,0.0,0.0
2023-07-20 13:00:00+08:00,32.099998474121094,32.099998474121094,32.0,32.0,33003,0.0,0.0
2023-07-21 09:00:00+08:00,31.700000762939453,31.700000762939453,31.350000381469727,31.600000381469727,66256,0.0,0.0
2023-07-21 10:00:00+08:00,31.600000381469727,32.45000076293945,31.5,32.400001525878906,83101,0.0,0.0
2023-07-21 11:00:00+08:00,32.349998474121094,32.400001525878906,31.899999618530273,31.899999618530273,44031,0.0,0.0
2023-07-21 12:00:00+08:00,31.850000381469727,31.899999618530273,31.799999237060547,31.899999618530273,15003,0.0,0.0
2023-07-21 13:00:00+08:00,31.899999618530273,31.899999618530273,31.799999237060547,31.799999237060547,33121,0.0,0.0
2023-07-24 09:00:00+08:00,31.700000762939453,31.75,31.450000762939453,31.450000762939453,0,0.0,0.0
2023-07-24 10:00:00+08:00,31.399999618530273,31.5,31.350000381469727,31.350000381469727,35011,0.0,0.0
2023-07-24 11:00:00+08:00,31.350000381469727,31.399999618530273,31.200000762939453,31.200000762939453,41925,0.0,0.0
2023-07-24 12:00:00+08:00,31.200000762939453,31.25,31.200000762939453,31.25,32105,0.0,0.0
2023-07-24 13:00:00+08:00,31.200000762939453,31.25,31.200000762939453,31.200000762939453,36000,0.0,0.0
2023-07-25 09:00:00+08:00,31.0,31.299999237060547,31.0,31.049999237060547,137004,0.0,0.0
2023-07-25 10:00:00+08:00,31.0,31.299999237060547,31.0,31.200000762939453,74000,0.0,0.0
2023-07-25 11:00:00+08:00,31.149999618530273,31.25,31.0,31.25,60002,0.0,0.0
2023-07-25 12:00:00+08:00,31.25,31.299999237060547,31.200000762939453,31.299999237060547,110301,0.0,0.0
2023-07-25 13:00:00+08:00,31.299999237060547,31.450000762939453,31.25,31.399999618530273,24537,0.0,0.0
2023-07-26 09:00:00+08:00,31.200000762939453,31.450000762939453,31.049999237060547,31.049999237060547,0,0.0,0.0
2023-07-26 10:00:00+08:00,31.049999237060547,31.200000762939453,31.049999237060547,31.149999618530273,41038,0.0,0.0
2023-07-26 11:00:00+08:00,31.100000381469727,31.200000762939453,31.049999237060547,31.149999618530273,59215,0.0,0.0
2023-07-26 12:00:00+08:00,31.200000762939453,31.200000762939453,31.049999237060547,31.049999237060547,52220,0.0,0.0
2023-07-26 13:00:00+08:00,31.049999237060547,31.049999237060547,30.899999618530273,30.950000762939453,70380,0.0,0.0
2023-07-27 09:00:00+08:00,31.200000762939453,31.399999618530273,31.200000762939453,31.299999237060547,51233,0.0,0.0
2023-07-27 10:00:00+08:00,31.299999237060547,31.399999618530273,31.100000381469727,31.299999237060547,38302,0.0,0.0
2023-07-27 11:00:00+08:00,31.25,31.25,31.100000381469727,31.200000762939453,34013,0.0,0.0
2023-07-27 12:00:00+08:00,31.200000762939453,31.5,31.200000762939453,31.5,72049,0.0,0.0
2023-07-27 13:00:00+08:00,31.600000381469727,31.75,31.399999618530273,31.399999618530273,43256,0.0,0.0
2023-07-28 09:00:00+08:00,31.850000381469727,31.850000381469727,31.649999618530273,31.75,86171,0.0,0.0
2023-07-28 10:00:00+08:00,31.799999237060547,31.799999237060547,31.649999618530273,31.649999618530273,29529,0.0,0.0
2023-07-28 11:00:00+08:00,31.649999618530273,31.649999618530273,31.399999618530273,31.399999618530273,53117,0.0,0.0
2023-07-28 12:00:00+08:00,31.399999618530273,31.5,31.350000381469727,31.5,24347,0.0,0.0
2023-07-28 13:00:00+08:00,31.5,31.649999618530273,31.5,31.649999618530273,21120,0.0,0.0
2023-07-31 09:00:00+08:00,31.399999618530273,31.899999618530273,31.100000381469727,31.450000762939453,0,0.0,0.0
2023-07-31 10:00:00+08:00,31.450000762939453,31.450000762939453,31.149999618530273,31.149999618530273,44138,0.0,0.0
2023-07-31 11:00:00+08:00,31.149999618530273,31.200000762939453,30.899999618530273,30.899999618530273,189050,0.0,0.0
2023-07-31 12:00:00+08:00,31.0,31.149999618530273,30.950000762939453,31.0,34000,0.0,0.0
2023-07-31 13:00:00+08:00,31.049999237060547,31.049999237060547,30.899999618530273,30.899999618530273,77000,0.0,0.0
2023-08-01 09:00:00+08:00,31.049999237060547,31.450000762939453,31.049999237060547,31.149999618530273,59025,0.0,0.0
2023-08-01 10:00:00+08:00,31.149999618530273,31.25,31.0,31.0,64022,0.0,0.0
2023-08-01 11:00:00+08:00,31.0,31.049999237060547,31.0,31.049999237060547,39419,0.0,0.0
2023-08-01 12:00:00+08:00,31.049999237060547,31.100000381469727,31.049999237060547,31.049999237060547,28016,0.0,0.0
2023-08-01 13:00:00+08:00,31.049999237060547,31.149999618530273,31.0,31.0,41002,0.0,0.0
2023-08-02 09:00:00+08:00,31.049999237060547,31.299999237060547,31.049999237060547,31.049999237060547,19000,0.0,0.0
2023-08-02 10:00:00+08:00,31.049999237060547,31.049999237060547,30.799999237060547,30.850000381469727,145783,0.0,0.0
2023-08-02 11:00:00+08:00,30.850000381469727,30.850000381469727,30.75,30.75,66089,0.0,0.0
2023-08-02 12:00:00+08:00,30.75,30.75,30.649999618530273,30.700000762939453,36418,0.0,0.0
2023-08-02 13:00:00+08:00,30.75,30.75,30.700000762939453,30.700000762939453,27000,0.0,0.0
2023-08-04 09:00:00+08:00,30.700000762939453,30.700000762939453,30.600000381469727,30.649999618530273,0,0.0,0.0
2023-08-04 10:00:00+08:00,30.649999618530273,30.700000762939453,30.399999618530273,30.5,93000,0.0,0.0
2023-08-04 11:00:00+08:00,30.549999237060547,30.700000762939453,30.5,30.700000762939453,64053,0.0,0.0
2023-08-04 12:00:00+08:00,30.649999618530273,30.649999618530273,30.549999237060547,30.600000381469727,30255,0.0,0.0
2023-08-04 13:00:00+08:00,30.600000381469727,30.700000762939453,30.549999237060547,30.600000381469727,31044,0.0,0.0
2023-08-07 09:00:00+08:00,31.0,31.0,30.549999237060547,30.549999237060547,0,0.0,0.0
2023-08-07 10:00:00+08:00,30.600000381469727,30.649999618530273,30.549999237060547,30.600000381469727,34001,0.0,0.0
2023-08-07 11:00:00+08:00,30.600000381469727,30.600000381469727,30.5,30.5,49136,0.0,0.0
2023-08-07 12:00:00+08:00,30.549999237060547,30.649999618530273,30.5,30.600000381469727,53552,0.0,0.0
2023-08-07 13:00:00+08:00,30.549999237060547,30.649999618530273,30.5,30.600000381469727,31100,0.0,0.0
2023-08-08 09:00:00+08:00,30.600000381469727,30.600000381469727,30.399999618530273,30.399999618530273,70000,0.0,0.0
2023-08-08 10:00:00+08:00,30.399999618530273,30.450000762939453,30.399999618530273,30.450000762939453,37030,0.0,0.0
2023-08-08 11:00:00+08:00,30.399999618530273,30.5,30.399999618530273,30.399999618530273,52142,0.0,0.0
2023-08-08 12:00:00+08:00,30.399999618530273,30.450000762939453,30.399999618530273,30.450000762939453,32006,0.0,0.0
2023-08-08 13:00:00+08:00,30.399999618530273,30.399999618530273,30.350000381469727,30.399999618530273,21009,0.0,0.0
2023-08-09 09:00:00+08:00,30.299999237060547,30.299999237060547,30.0,30.049999237060547,92616,0.0,0.0
2023-08-09 10:00:00+08:00,30.049999237060547,30.149999618530273,30.0,30.100000381469727,19237,0.0,0.0
2023-08-09 11:00:00+08:00,30.100000381469727,30.200000762939453,30.0,30.200000762939453,36705,0.0,0.0
2023-08-09 12:00:00+08:00,30.100000381469727,30.149999618530273,30.0,30.149999618530273,0,0.0,0.0
2023-08-09 13:00:00+08:00,30.049999237060547,30.049999237060547,30.0,30.049999237060547,234790,0.0,0.0
2023-08-10 09:00:00+08:00,30.0,30.0,29.350000381469727,29.5,138969,0.0,0.0
2023-08-10 10:00:00+08:00,29.5,29.5,29.350000381469727,29.350000381469727,42810,0.0,0.0
2023-08-10 11:00:00+08:00,29.350000381469727,30.0,29.350000381469727,29.950000762939453,39000,0.0,0.0
2023-08-10 12:00:00+08:00,29.950000762939453,29.950000762939453,29.399999618530273,29.399999618530273,42509,0.0,0.0
2023-08-10 13:00:00+08:00,29.450000762939453,29.450000762939453,29.399999618530273,29.450000762939453,13269,0.0,0.0
2023-08-11 09:00:00+08:00,29.299999237060547,29.649999618530273,29.299999237060547,29.5,30726,0.0,0.0
2023-08-11 10:00:00+08:00,29.5,29.5,29.450000762939453,29.450000762939453,15279,0.0,0.0
2023-08-11 11:00:00+08:00,29.450000762939453,29.5,29.399999618530273,29.399999618530273,54000,0.0,0.0
2023-08-11 12:00:00+08:00,29.450000762939453,29.450000762939453,29.350000381469727,29.399999618530273,16175,0.0,0.0
2023-08-11 13:00:00+08:00,29.399999618530273,29.450000762939453,29.399999618530273,29.399999618530273,34000,0.0,0.0
2023-08-14 09:00:00+08:00,29.399999618530273,29.399999618530273,29.200000762939453,29.350000381469727,0,0.0,0.0
2023-08-14 10:00:00+08:00,29.350000381469727,29.350000381469727,29.200000762939453,29.200000762939453,31278,0.0,0.0
2023-08-14 11:00:00+08:00,29.200000762939453,29.200000762939453,28.950000762939453,28.950000762939453,80445,0.0,0.0
2023-08-14 12:00:00+08:00,28.950000762939453,29.049999237060547,28.950000762939453,29.049999237060547,48094,0.0,0.0
2023-08-14 13:00:00+08:00,29.0,29.0,28.950000762939453,28.950000762939453,25049,0.0,0.0
2023-08-15 09:00:00+08:00,28.950000762939453,29.899999618530273,28.899999618530273,29.399999618530273,35015,0.0,0.0
2023-08-15 10:00:00+08:00,29.200000762939453,29.200000762939453,29.100000381469727,29.100000381469727,13049,0.0,0.0
2023-08-15 11:00:00+08:00,29.100000381469727,29.100000381469727,29.049999237060547,29.049999237060547,4168,0.0,0.0
2023-08-15 12:00:00+08:00,29.049999237060547,29.100000381469727,29.049999237060547,29.100000381469727,52029,0.0,0.0
2023-08-15 13:00:00+08:00,29.100000381469727,29.200000762939453,29.100000381469727,29.200000762939453,11000,0.0,0.0
2023-08-16 09:00:00+08:00,29.200000762939453,29.5,29.0,29.049999237060547,37005,0.0,0.0
2023-08-16 10:00:00+08:00,29.049999237060547,29.200000762939453,29.049999237060547,29.200000762939453,17700,0.0,0.0
2023-08-16 11:00:00+08:00,29.200000762939453,29.200000762939453,29.100000381469727,29.100000381469727,22103,0.0,0.0
2023-08-16 12:00:00+08:00,29.100000381469727,29.100000381469727,29.049999237060547,29.049999237060547,8152,0.0,0.0
2023-08-16 13:00:00+08:00,29.049999237060547,29.100000381469727,29.049999237060547,29.100000381469727,10001,0.0,0.0
2023-08-17 09:00:00+08:00,29.100000381469727,29.399999618530273,29.100000381469727,29.25,42107,0.0,0.0
2023-08-17 10:00:00+08:00,29.299999237060547,29.649999618530273,29.299999237060547,29.600000381469727,32233,0.0,0.0
2023-08-17 11:00:00+08:00,29.700000762939453,29.799999237060547,29.700000762939453,29.799999237060547,26000,0.0,0.0
2023-08-17 12:00:00+08:00,29.799999237060547,30.399999618530273,29.799999237060547,30.399999618530273,72430,0.0,0.0
2023-08-17 13:00:00+08:00,30.399999618530273,30.399999618530273,30.200000762939453,30.200000762939453,30001,0.0,0.0
2023-08-18 09:00:00+08:00,30.350000381469727,30.350000381469727,29.899999618530273,29.899999618530273,57156,0.0,0.0
2023-08-18 10:00:00+08:00,29.899999618530273,29.899999618530273,29.75,29.75,38007,0.0,0.0
2023-08-18 11:00:00+08:00,29.899999618530273,29.899999618530273,29.899999618530273,29.899999618530273,12014,0.0,0.0
2023-08-18 12:00:00+08:00,29.850000381469727,29.850000381469727,29.600000381469727,29.600000381469727,54016,0.0,0.0
2023-08-18 13:00:00+08:00,29.600000381469727,29.649999618530273,29.600000381469727,29.649999618530273,6125,0.0,0.0
2023-08-21 09:00:00+08:00,29.649999618530273,29.649999618530273,29.100000381469727,29.200000762939453,0,0.0,0.0
2023-08-21 10:00:00+08:00,29.200000762939453,29.600000381469727,29.200000762939453,29.600000381469727,45000,0.0,0.0
2023-08-21 11:00:00+08:00,29.450000762939453,29.450000762939453,29.299999237060547,29.299999237060547,9001,0.0,0.0
2023-08-21 12:00:00+08:00,29.299999237060547,29.399999618530273,29.299999237060547,29.299999237060547,17003,0.0,0.0
2023-08-21 13:00:00+08:00,29.350000381469727,29.350000381469727,29.25,29.25,36024,0.0,0.0
2023-08-22 09:00:00+08:00,29.25,29.25,29.0,29.0,61260,0.0,0.0
2023-08-22 10:00:00+08:00,29.0,29.0,28.799999237060547,28.850000381469727,60625,0.0,0.0
2023-08-22 11:00:00+08:00,28.850000381469727,28.950000762939453,28.850000381469727,28.950000762939453,11075,0.0,0.0
2023-08-22 12:00:00+08:00,28.899999618530273,28.899999618530273,28.850000381469727,28.850000381469727,32000,0.0,0.0
2023-08-22 13:00:00+08:00,28.899999618530273,29.100000381469727,28.899999618530273,29.100000381469727,21000,0.0,0.0
2023-08-23 09:00:00+08:00,28.850000381469727,28.899999618530273,28.850000381469727,28.899999618530273,8096,0.0,0.0
2023-08-23 10:00:00+08:00,28.899999618530273,29.100000381469727,28.899999618530273,29.049999237060547,31185,0.0,0.0
2023-08-23 11:00:00+08:00,29.100000381469727,29.5,29.100000381469727,29.399999618530273,17684,0.0,0.0
2023-08-23 12:00:00+08:00,29.399999618530273,29.399999618530273,29.0,29.149999618530273,34000,0.0,0.0
2023-08-23 13:00:00+08:00,29.149999618530273,29.149999618530273,29.100000381469727,29.100000381469727,11011,0.0,0.0
2023-08-24 09:00:00+08:00,29.600000381469727,30.299999237060547,29.549999237060547,29.799999237060547,0,0.0,0.0
2023-08-24 10:00:00+08:00,29.700000762939453,29.700000762939453,29.649999618530273,29.649999618530273,33149,0.0,0.0
2023-08-24 11:00:00+08:00,29.700000762939453,29.899999618530273,29.649999618530273,29.649999618530273,19835,0.0,0.0
2023-08-24 12:00:00+08:00,29.700000762939453,29.75,29.649999618530273,29.700000762939453,44003,0.0,0.0
2023-08-24 13:00:00+08:00,29.700000762939453,29.799999237060547,29.649999618530273,29.799999237060547,58000,0.0,0.0
2023-08-25 09:00:00+08:00,29.899999618530273,29.899999618530273,29.600000381469727,29.649999618530273,38452,0.0,0.0
2023-08-25 10:00:00+08:00,29.700000762939453,29.899999618530273,29.649999618530273,29.649999618530273,0,0.0,0.0
2023-08-25 11:00:00+08:00,29.649999618530273,29.649999618530273,29.600000381469727,29.600000381469727,85477,0.0,0.0
2023-08-25 12:00:00+08:00,29.600000381469727,29.799999237060547,29.600000381469727,29.700000762939453,25679,0.0,0.0
2023-08-25 13:00:00+08:00,29.700000762939453,29.799999237060547,29.700000762939453,29.700000762939453,7000,0.0,0.0
2023-08-28 09:00:00+08:00,30.0,30.0,29.850000381469727,29.850000381469727,0,0.0,0.0
2023-08-28 10:00:00+08:00,29.850000381469727,29.899999618530273,29.549999237060547,29.549999237060547,36006,0.0,0.0
2023-08-28 11:00:00+08:00,29.549999237060547,29.700000762939453,29.549999237060547,29.600000381469727,21303,0.0,0.0
2023-08-28 12:00:00+08:00,29.549999237060547,29.549999237060547,29.5,29.5,24000,0.0,0.0
2023-08-28 13:00:00+08:00,29.549999237060547,29.549999237060547,29.299999237060547,29.299999237060547,16501,0.0,0.0
2023-08-29 09:00:00+08:00,29.600000381469727,29.600000381469727,29.100000381469727,29.200000762939453,17005,0.0,0.0
2023-08-29 10:00:00+08:00,29.200000762939453,29.299999237060547,29.149999618530273,29.299999237060547,9151,0.0,0.0
2023-08-29 11:00:00+08:00,29.25,29.25,29.149999618530273,29.149999618530273,17099,0.0,0.0
2023-08-29 12:00:00+08:00,29.149999618530273,29.200000762939453,29.049999237060547,29.100000381469727,26233,0.0,0.0
2023-08-29 13:00:00+08:00,29.149999618530273,29.5,29.149999618530273,29.5,8001,0.0,0.0
2023-08-30 09:00:00+08:00,29.5,29.5,29.299999237060547,29.350000381469727,28166,0.0,0.0
2023-08-30 10:00:00+08:00,29.399999618530273,29.549999237060547,29.399999618530273,29.5,23001,0.0,0.0
2023-08-30 11:00:00+08:00,29.399999618530273,29.549999237060547,29.399999618530273,29.5,15412,0.0,0.0
2023-08-30 12:00:00+08:00,29.5,29.5,29.5,29.5,19089,0.0,0.0
2023-08-30 13:00:00+08:00,29.549999237060547,29.549999237060547,29.450000762939453,29.5,13010,0.0,0.0
2023-08-31 09:00:00+08:00,29.450000762939453,29.450000762939453,29.25,29.25,0,0.0,0.0
2023-08-31 10:00:00+08:00,29.350000381469727,29.350000381469727,29.299999237060547,29.299999237060547,6361,0.0,0.0
2023-08-31 11:00:00+08:00,29.350000381469727,29.399999618530273,29.350000381469727,29.399999618530273,7001,0.0,0.0
2023-08-31 12:00:00+08:00,29.399999618530273,29.399999618530273,29.299999237060547,29.350000381469727,29048,0.0,0.0
2023-08-31 13:00:00+08:00,29.299999237060547,29.350000381469727,29.200000762939453,29.200000762939453,47646,0.0,0.0
2023-09-01 09:00:00+08:00,29.649999618530273,29.649999618530273,29.200000762939453,29.299999237060547,0,0.0,0.0
2023-09-01 10:00:00+08:00,29.399999618530273,29.700000762939453,29.399999618530273,29.600000381469727,43005,0.0,0.0
2023-09-01 11:00:00+08:00,29.600000381469727,29.700000762939453,29.350000381469727,29.350000381469727,39002,0.0,0.0
2023-09-01 12:00:00+08:00,29.299999237060547,29.75,29.0,29.299999237060547,69022,0.0,0.0
2023-09-01 13:00:00+08:00,29.299999237060547,29.350000381469727,29.25,29.25,11620,0.0,0.0
2023-09-04 09:00:00+08:00,29.299999237060547,29.350000381469727,29.0,29.299999237060547,0,0.0,0.0
2023-09-04 10:00:00+08:00,29.200000762939453,29.5,29.200000762939453,29.350000381469727,38007,0.0,0.0
2023-09-04 11:00:00+08:00,29.350000381469727,29.5,29.299999237060547,29.450000762939453,20058,0.0,0.0
2023-09-04 12:00:00+08:00,29.5,29.600000381469727,29.399999618530273,29.450000762939453,47035,0.0,0.0
2023-09-04 13:00:00+08:00,29.450000762939453,29.5,29.450000762939453,29.5,6001,0.0,0.0
2023-09-05 09:00:00+08:00,30.549999237060547,30.600000381469727,29.450000762939453,30.5,0,0.0,0.0
2023-09-05 10:00:00+08:00,30.450000762939453,31.799999237060547,30.299999237060547,31.700000762939453,396384,0.0,0.0
2023-09-05 11:00:00+08:00,31.549999237060547,32.400001525878906,31.450000762939453,32.20000076293945,352642,0.0,0.0
2023-09-05 12:00:00+08:00,32.20000076293945,32.400001525878906,32.099998474121094,32.20000076293945,246917,0.0,0.0
2023-09-05 13:00:00+08:00,32.20000076293945,32.25,32.099998474121094,32.25,63010,0.0,0.0
2023-09-06 09:00:00+08:00,32.400001525878906,33.099998474121094,32.20000076293945,32.29999923706055,0,0.0,0.0
2023-09-06 10:00:00+08:00,32.349998474121094,32.400001525878906,32.29999923706055,32.29999923706055,65203,0.0,0.0
2023-09-06 11:00:00+08:00,32.29999923706055,32.29999923706055,31.850000381469727,31.850000381469727,185858,0.0,0.0
2023-09-06 12:00:00+08:00,31.899999618530273,32.0,31.899999618530273,32.0,44445,0.0,0.0
2023-09-06 13:00:00+08:00,32.0,32.150001525878906,31.899999618530273,32.150001525878906,33111,0.0,0.0
2023-09-07 09:00:00+08:00,32.099998474121094,32.099998474121094,31.200000762939453,31.399999618530273,0,0.0,0.0
2023-09-07 10:00:00+08:00,31.450000762939453,32.099998474121094,31.350000381469727,31.350000381469727,53335,0.0,0.0
2023-09-07 11:00:00+08:00,31.350000381469727,31.799999237060547,31.350000381469727,31.5,17143,0.0,0.0
2023-09-07 12:00:00+08:00,31.399999618530273,31.399999618530273,31.299999237060547,31.350000381469727,39068,0.0,0.0
2023-09-07 13:00:00+08:00,31.350000381469727,31.350000381469727,31.25,31.299999237060547,35241,0.0,0.0
2023-09-08 09:00:00+08:00,31.25,31.299999237060547,30.75,30.75,0,0.0,0.0
2023-09-08 10:00:00+08:00,30.799999237060547,30.850000381469727,30.700000762939453,30.700000762939453,62375,0.0,0.0
2023-09-08 11:00:00+08:00,30.700000762939453,31.149999618530273,30.649999618530273,31.149999618530273,29053,0.0,0.0
2023-09-08 12:00:00+08:00,31.049999237060547,31.100000381469727,30.899999618530273,30.899999618530273,16016,0.0,0.0
2023-09-08 13:00:00+08:00,30.899999618530273,30.899999618530273,30.700000762939453,30.700000762939453,19105,0.0,0.0
2023-09-11 09:00:00+08:00,30.75,30.75,30.399999618530273,30.399999618530273,0,0.0,0.0
2023-09-11 10:00:00+08:00,30.450000762939453,30.450000762939453,30.0,30.049999237060547,60166,0.0,0.0
2023-09-11 11:00:00+08:00,30.25,30.25,29.850000381469727,30.0,38003,0.0,0.0
2023-09-11 12:00:00+08:00,30.0,30.25,30.0,30.100000381469727,7205,0.0,0.0
2023-09-11 13:00:00+08:00,30.100000381469727,30.100000381469727,30.0,30.0,21192,0.0,0.0
2023-09-12 09:00:00+08:00,30.049999237060547,30.450000762939453,30.0,30.0,0,0.0,0.0
2023-09-12 10:00:00+08:00,30.149999618530273,30.149999618530273,30.0,30.0,19009,0.0,0.0
2023-09-12 11:00:00+08:00,30.0,30.100000381469727,29.950000762939453,29.950000762939453,23002,0.0,0.0
2023-09-12 12:00:00+08:00,30.0,30.049999237060547,29.899999618530273,29.950000762939453,38333,0.0,0.0
2023-09-12 13:00:00+08:00,30.0,30.200000762939453,30.0,30.0,16052,0.0,0.0
2023-09-13 09:00:00+08:00,29.850000381469727,30.399999618530273,29.850000381469727,30.0,0,0.0,0.0
2023-09-13 10:00:00+08:00,30.0,30.0,29.899999618530273,29.899999618530273,16003,0.0,0.0
2023-09-13 11:00:00+08:00,29.899999618530273,30.0,29.899999618530273,30.0,17161,0.0,0.0
2023-09-13 12:00:00+08:00,29.899999618530273,30.0,29.850000381469727,29.899999618530273,0,0.0,0.0
2023-09-13 13:00:00+08:00,29.899999618530273,29.950000762939453,29.850000381469727,29.950000762939453,94176,0.0,0.0
2023-09-14 09:00:00+08:00,30.299999237060547,30.549999237060547,29.899999618530273,30.299999237060547,0,0.0,0.0
2023-09-14 10:00:00+08:00,30.299999237060547,31.899999618530273,30.25,31.600000381469727,149369,0.0,0.0
2023-09-14 11:00:00+08:00,31.600000381469727,32.0,31.5,31.75,186236,0.0,0.0
2023-09-14 12:00:00+08:00,31.75,31.899999618530273,31.450000762939453,31.450000762939453,98041,0.0,0.0
2023-09-14 13:00:00+08:00,31.5,31.5,31.450000762939453,31.5,38100,0.0,0.0
2023-09-15 09:00:00+08:00,32.20000076293945,32.25,31.5,32.0,0,0.0,0.0
2023-09-15 10:00:00+08:00,32.0,32.0,31.399999618530273,31.75,102804,0.0,0.0
2023-09-15 11:00:00+08:00,31.75,31.75,31.5,31.75,65006,0.0,0.0
2023-09-15 12:00:00+08:00,31.799999237060547,31.850000381469727,31.700000762939453,31.799999237060547,56064,0.0,0.0
2023-09-15 13:00:00+08:00,31.799999237060547,31.899999618530273,31.799999237060547,31.850000381469727,89001,0.0,0.0
2023-09-18 09:00:00+08:00,30.149999618530273,31.5,30.149999618530273,31.100000381469727,0,0.0,0.0
2023-09-18 10:00:00+08:00,31.049999237060547,31.200000762939453,31.0,31.100000381469727,18012,0.0,0.0
2023-09-18 11:00:00+08:00,31.100000381469727,31.149999618530273,31.0,31.100000381469727,30040,0.0,0.0
2023-09-18 12:00:00+08:00,31.100000381469727,31.100000381469727,31.0,31.0,23003,0.0,0.0
2023-09-18 13:00:00+08:00,31.0,31.0,30.899999618530273,30.899999618530273,14000,0.0,0.0
2023-09-19 09:00:00+08:00,30.700000762939453,31.200000762939453,30.700000762939453,30.899999618530273,30002,0.0,0.0
2023-09-19 10:00:00+08:00,30.899999618530273,30.899999618530273,30.649999618530273,30.649999618530273,22393,0.0,0.0
2023-09-19 11:00:00+08:00,30.649999618530273,30.649999618530273,30.5,30.5,42112,0.0,0.0
2023-09-19 12:00:00+08:00,30.5,30.549999237060547,30.450000762939453,30.450000762939453,20288,0.0,0.0
2023-09-19 13:00:00+08:00,30.450000762939453,30.799999237060547,30.450000762939453,30.799999237060547,13001,0.0,0.0
2023-09-20 09:00:00+08:00,30.600000381469727,30.850000381469727,30.5,30.600000381469727,0,0.0,0.0
2023-09-20 10:00:00+08:00,30.600000381469727,30.649999618530273,30.399999618530273,30.399999618530273,23055,0.0,0.0
2023-09-20 11:00:00+08:00,30.399999618530273,30.450000762939453,30.399999618530273,30.399999618530273,9044,0.0,0.0
2023-09-20 12:00:00+08:00,30.350000381469727,30.350000381469727,30.25,30.299999237060547,23474,0.0,0.0
2023-09-20 13:00:00+08:00,30.25,30.299999237060547,30.25,30.299999237060547,15001,0.0,0.0
2023-09-21 09:00:00+08:00,30.200000762939453,31.700000762939453,30.200000762939453,31.399999618530273,0,0.0,0.0
2023-09-21 10:00:00+08:00,31.100000381469727,31.200000762939453,30.899999618530273,30.899999618530273,35009,0.0,0.0
2023-09-21 11:00:00+08:00,30.850000381469727,30.899999618530273,30.850000381469727,30.899999618530273,11002,0.0,0.0
2023-09-21 12:00:00+08:00,30.850000381469727,30.850000381469727,30.649999618530273,30.649999618530273,10203,0.0,0.0
2023-09-21 13:00:00+08:00,30.649999618530273,30.799999237060547,30.600000381469727,30.600000381469727,21255,0.0,0.0
2023-09-22 09:00:00+08:00,30.049999237060547,30.850000381469727,30.049999237060547,30.350000381469727,0,0.0,0.0
2023-09-22 10:00:00+08:00,30.399999618530273,30.399999618530273,30.100000381469727,30.200000762939453,0,0.0,0.0
2023-09-22 11:00:00+08:00,30.25,30.649999618530273,30.25,30.649999618530273,95601,0.0,0.0
2023-09-22 12:00:00+08:00,30.5,30.549999237060547,30.5,30.549999237060547,8001,0.0,0.0
2023-09-22 13:00:00+08:00,30.350000381469727,30.5,30.350000381469727,30.350000381469727,9036,0.0,0.0
2023-09-25 09:00:00+08:00,30.299999237060547,30.700000762939453,30.299999237060547,30.350000381469727,0,0.0,0.0
2023-09-25 10:00:00+08:00,30.399999618530273,30.549999237060547,30.299999237060547,30.399999618530273,21000,0.0,0.0
2023-09-25 11:00:00+08:00,30.5,30.5,30.399999618530273,30.399999618530273,9251,0.0,0.0
2023-09-25 12:00:00+08:00,30.399999618530273,30.450000762939453,30.350000381469727,30.450000762939453,18069,0.0,0.0
2023-09-25 13:00:00+08:00,30.399999618530273,30.399999618530273,30.350000381469727,30.399999618530273,6250,0.0,0.0
2023-09-26 09:00:00+08:00,30.399999618530273,30.399999618530273,30.049999237060547,30.100000381469727,0,0.0,0.0
2023-09-26 10:00:00+08:00,30.100000381469727,30.149999618530273,30.100000381469727,30.149999618530273,7053,0.0,0.0
2023-09-26 11:00:00+08:00,30.149999618530273,30.149999618530273,30.0,30.0,33121,0.0,0.0
2023-09-26 12:00:00+08:00,30.0,30.049999237060547,29.899999618530273,30.049999237060547,45117,0.0,0.0
2023-09-26 13:00:00+08:00,30.049999237060547,30.200000762939453,29.899999618530273,29.899999618530273,15000,0.0,0.0
2023-09-27 09:00:00+08:00,29.899999618530273,30.0,29.899999618530273,30.0,0,0.0,0.0
2023-09-27 10:00:00+08:00,30.0,30.0,29.950000762939453,29.950000762939453,5002,0.0,0.0
2023-09-27 11:00:00+08:00,29.899999618530273,29.899999618530273,29.799999237060547,29.850000381469727,15001,0.0,0.0
2023-09-27 12:00:00+08:00,29.899999618530273,29.899999618530273,29.850000381469727,29.850000381469727,12054,0.0,0.0
2023-09-27 13:00:00+08:00,29.850000381469727,29.899999618530273,29.799999237060547,29.850000381469727,14039,0.0,0.0
2023-09-28 09:00:00+08:00,30.0,30.0,29.799999237060547,29.850000381469727,16024,0.0,0.0
2023-09-28 10:00:00+08:00,29.850000381469727,29.899999618530273,29.799999237060547,29.799999237060547,21002,0.0,0.0
2023-09-28 11:00:00+08:00,29.799999237060547,29.799999237060547,29.75,29.799999237060547,10284,0.0,0.0
2023-09-28 12:00:00+08:00,29.799999237060547,29.799999237060547,29.700000762939453,29.700000762939453,31021,0.0,0.0
2023-09-28 13:00:00+08:00,29.700000762939453,29.799999237060547,29.700000762939453,29.799999237060547,24001,0.0,0.0
2023-10-02 09:00:00+08:00,30.0,30.0,29.75,29.799999237060547,0,0.0,0.0
2023-10-02 10:00:00+08:00,29.799999237060547,29.850000381469727,29.799999237060547,29.850000381469727,7002,0.0,0.0
2023-10-02 11:00:00+08:00,29.850000381469727,29.850000381469727,29.799999237060547,29.799999237060547,28031,0.0,0.0
2023-10-02 12:00:00+08:00,29.75,29.799999237060547,29.75,29.75,19027,0.0,0.0
2023-10-02 13:00:00+08:00,29.75,29.75,29.75,29.75,8201,0.0,0.0
2023-10-03 09:00:00+08:00,30.0,30.049999237060547,29.799999237060547,29.799999237060547,0,0.0,0.0
2023-10-03 10:00:00+08:00,29.799999237060547,29.950000762939453,29.799999237060547,29.950000762939453,24215,0.0,0.0
2023-10-03 11:00:00+08:00,29.899999618530273,29.899999618530273,29.799999237060547,29.799999237060547,12052,0.0,0.0
2023-10-03 12:00:00+08:00,29.799999237060547,29.799999237060547,29.700000762939453,29.700000762939453,18760,0.0,0.0
2023-10-03 13:00:00+08:00,29.700000762939453,29.700000762939453,29.649999618530273,29.649999618530273,14000,0.0,0.0
2023-10-04 09:00:00+08:00,29.5,29.5,29.0,29.100000381469727,0,0.0,0.0
2023-10-04 10:00:00+08:00,29.100000381469727,29.200000762939453,29.100000381469727,29.100000381469727,22003,0.0,0.0
2023-10-04 11:00:00+08:00,29.100000381469727,29.100000381469727,29.100000381469727,29.100000381469727,10099,0.0,0.0
2023-10-04 12:00:00+08:00,29.100000381469727,29.149999618530273,29.049999237060547,29.049999237060547,38267,0.0,0.0
2023-10-04 13:00:00+08:00,29.100000381469727,29.100000381469727,28.899999618530273,28.950000762939453,86079,0.0,0.0
2023-10-05 09:00:00+08:00,29.299999237060547,29.850000381469727,29.299999237060547,29.799999237060547,0,0.0,0.0
2023-10-05 10:00:00+08:00,29.799999237060547,29.799999237060547,29.600000381469727,29.75,21001,0.0,0.0
2023-10-05 11:00:00+08:00,29.75,29.799999237060547,29.700000762939453,29.700000762939453,6005,0.0,0.0
2023-10-05 12:00:00+08:00,29.700000762939453,29.799999237060547,29.649999618530273,29.75,28029,0.0,0.0
2023-10-05 13:00:00+08:00,29.700000762939453,29.700000762939453,29.5,29.700000762939453,18001,0.0,0.0
2023-10-06 09:00:00+08:00,29.700000762939453,30.25,29.649999618530273,29.649999618530273,0,0.0,0.0
2023-10-06 10:00:00+08:00,29.649999618530273,29.700000762939453,29.649999618530273,29.700000762939453,9001,0.0,0.0
2023-10-06 11:00:00+08:00,29.649999618530273,29.649999618530273,29.649999618530273,29.649999618530273,12006,0.0,0.0
2023-10-06 12:00:00+08:00,29.649999618530273,29.649999618530273,29.549999237060547,29.549999237060547,11035,0.0,0.0
2023-10-06 13:00:00+08:00,29.549999237060547,29.549999237060547,29.5,29.5,10000,0.0,0.0
2023-10-11 09:00:00+08:00,29.799999237060547,30.0,29.5,29.5,0,0.0,0.0
2023-10-11 10:00:00+08:00,29.5,29.5,29.25,29.25,17062,0.0,0.0
2023-10-11 11:00:00+08:00,29.25,29.299999237060547,29.200000762939453,29.299999237060547,22012,0.0,0.0
2023-10-11 12:00:00+08:00,29.350000381469727,29.5,29.200000762939453,29.200000762939453,8004,0.0,0.0
2023-10-11 13:00:00+08:00,29.350000381469727,29.350000381469727,29.25,29.25,15000,0.0,0.0
2023-10-12 09:00:00+08:00,29.149999618530273,29.5,29.149999618530273,29.5,15104,0.0,0.0
2023-10-12 10:00:00+08:00,29.5,29.600000381469727,29.5,29.600000381469727,23333,0.0,0.0
2023-10-12 11:00:00+08:00,29.600000381469727,29.600000381469727,29.350000381469727,29.399999618530273,9102,0.0,0.0
2023-10-12 12:00:00+08:00,29.399999618530273,29.450000762939453,29.399999618530273,29.450000762939453,3065,0.0,0.0
2023-10-12 13:00:00+08:00,29.450000762939453,29.5,29.399999618530273,29.399999618530273,8000,0.0,0.0
2023-10-13 09:00:00+08:00,29.149999618530273,29.149999618530273,29.0,29.100000381469727,21360,0.0,0.0
2023-10-13 10:00:00+08:00,29.149999618530273,29.149999618530273,29.0,29.0,55051,0.0,0.0
2023-10-13 11:00:00+08:00,29.0,29.149999618530273,29.0,29.149999618530273,6298,0.0,0.0
2023-10-13 12:00:00+08:00,29.100000381469727,29.100000381469727,29.0,29.0,13037,0.0,0.0
2023-10-13 13:00:00+08:00,29.049999237060547,29.049999237060547,29.0,29.0,16302,0.0,0.0
2023-10-16 09:00:00+08:00,29.049999237060547,29.200000762939453,29.049999237060547,29.149999618530273,0,0.0,0.0
2023-10-16 10:00:00+08:00,29.100000381469727,29.100000381469727,29.0,29.0,12151,0.0,0.0
2023-10-16 11:00:00+08:00,29.0,29.0,28.950000762939453,28.950000762939453,12196,0.0,0.0
2023-10-16 12:00:00+08:00,28.950000762939453,29.0,28.950000762939453,29.0,19302,0.0,0.0
2023-10-16 13:00:00+08:00,28.950000762939453,29.0,28.899999618530273,28.899999618530273,10041,0.0,0.0
2023-10-17 09:00:00+08:00,29.350000381469727,30.200000762939453,29.350000381469727,29.5,0,0.0,0.0
2023-10-17 10:00:00+08:00,29.549999237060547,29.600000381469727,29.549999237060547,29.600000381469727,4000,0.0,0.0
2023-10-17 11:00:00+08:00,29.600000381469727,29.600000381469727,29.299999237060547,29.299999237060547,46299,0.0,0.0
2023-10-17 12:00:00+08:00,29.299999237060547,29.299999237060547,29.0,29.100000381469727,21003,0.0,0.0
2023-10-17 13:00:00+08:00,29.299999237060547,29.299999237060547,29.0,29.0,8000,0.0,0.0
2023-10-18 09:00:00+08:00,29.100000381469727,29.100000381469727,28.649999618530273,28.649999618530273,0,0.0,0.0
2023-10-18 10:00:00+08:00,28.700000762939453,28.75,28.600000381469727,28.600000381469727,27690,0.0,0.0
2023-10-18 11:00:00+08:00,28.600000381469727,28.799999237060547,28.549999237060547,28.799999237060547,16712,0.0,0.0
2023-10-18 12:00:00+08:00,28.600000381469727,28.649999618530273,28.5,28.5,55425,0.0,0.0
2023-10-18 13:00:00+08:00,28.5,28.5,28.450000762939453,28.450000762939453,13175,0.0,0.0
2023-10-19 09:00:00+08:00,28.700000762939453,28.799999237060547,28.5,28.549999237060547,0,0.0,0.0
2023-10-19 10:00:00+08:00,28.549999237060547,28.549999237060547,28.450000762939453,28.450000762939453,39017,0.0,0.0
2023-10-19 11:00:00+08:00,28.5,28.5,28.350000381469727,28.350000381469727,69210,0.0,0.0
2023-10-19 12:00:00+08:00,28.399999618530273,28.450000762939453,28.100000381469727,28.100000381469727,23001,0.0,0.0
2023-10-19 13:00:00+08:00,28.5,28.5,28.200000762939453,28.25,12648,0.0,0.0
2023-10-20 09:00:00+08:00,28.350000381469727,28.399999618530273,27.700000762939453,27.799999237060547,0,0.0,0.0
2023-10-20 10:00:00+08:00,27.75,27.799999237060547,27.600000381469727,27.600000381469727,45674,0.0,0.0
2023-10-20 11:00:00+08:00,27.700000762939453,27.799999237060547,27.700000762939453,27.799999237060547,16245,0.0,0.0
2023-10-20 12:00:00+08:00,27.75,27.899999618530273,27.700000762939453,27.799999237060547,18103,0.0,0.0
2023-10-20 13:00:00+08:00,27.75,28.049999237060547,27.700000762939453,27.700000762939453,21010,0.0,0.0
2023-10-23 09:00:00+08:00,28.0,28.0,27.799999237060547,27.899999618530273,0,0.0,0.0
2023-10-23 10:00:00+08:00,27.850000381469727,27.850000381469727,27.799999237060547,27.850000381469727,11012,0.0,0.0
2023-10-23 11:00:00+08:00,27.850000381469727,27.850000381469727,27.850000381469727,27.850000381469727,5000,0.0,0.0
2023-10-23 12:00:00+08:00,27.850000381469727,27.850000381469727,27.799999237060547,27.799999237060547,11001,0.0,0.0
2023-10-23 13:00:00+08:00,27.799999237060547,27.850000381469727,27.799999237060547,27.850000381469727,0,0.0,0.0
2023-10-24 09:00:00+08:00,28.25,28.25,27.799999237060547,27.850000381469727,22058,0.0,0.0
2023-10-24 10:00:00+08:00,27.850000381469727,27.899999618530273,27.399999618530273,27.700000762939453,26001,0.0,0.0
2023-10-24 11:00:00+08:00,27.700000762939453,27.799999237060547,27.600000381469727,27.799999237060547,6796,0.0,0.0
2023-10-24 12:00:00+08:00,27.799999237060547,27.850000381469727,27.799999237060547,27.799999237060547,8501,0.0,0.0
2023-10-24 13:00:00+08:00,27.700000762939453,27.700000762939453,27.600000381469727,27.600000381469727,15000,0.0,0.0
2023-10-25 09:00:00+08:00,27.799999237060547,28.149999618530273,27.700000762939453,28.149999618530273,0,0.0,0.0
2023-10-25 10:00:00+08:00,28.100000381469727,28.200000762939453,28.100000381469727,28.149999618530273,24052,0.0,0.0
2023-10-25 11:00:00+08:00,28.100000381469727,28.100000381469727,27.950000762939453,28.0,13230,0.0,0.0
2023-10-25 12:00:00+08:00,28.0,28.149999618530273,28.0,28.149999618530273,6003,0.0,0.0
2023-10-25 13:00:00+08:00,28.100000381469727,28.149999618530273,28.100000381469727,28.149999618530273,9197,0.0,0.0
2023-10-26 09:00:00+08:00,27.700000762939453,27.850000381469727,27.649999618530273,27.75,0,0.0,0.0
2023-10-26 10:00:00+08:00,27.700000762939453,27.75,27.649999618530273,27.649999618530273,12163,0.0,0.0
2023-10-26 11:00:00+08:00,27.649999618530273,27.700000762939453,27.649999618530273,27.649999618530273,4002,0.0,0.0
2023-10-26 12:00:00+08:00,27.649999618530273,27.799999237060547,27.649999618530273,27.799999237060547,24374,0.0,0.0
2023-10-26 13:00:00+08:00,27.799999237060547,27.799999237060547,27.700000762939453,27.700000762939453,15000,0.0,0.0
2023-10-27 09:00:00+08:00,27.700000762939453,28.100000381469727,27.700000762939453,27.899999618530273,0,0.0,0.0
2023-10-27 10:00:00+08:00,27.850000381469727,27.850000381469727,27.700000762939453,27.75,22126,0.0,0.0
2023-10-27 11:00:00+08:00,27.799999237060547,27.799999237060547,27.700000762939453,27.75,10036,0.0,0.0
2023-10-27 12:00:00+08:00,27.75,27.75,27.649999618530273,27.649999618530273,13057,0.0,0.0
2023-10-27 13:00:00+08:00,27.649999618530273,27.649999618530273,27.600000381469727,27.600000381469727,17000,0.0,0.0
2023-10-30 09:00:00+08:00,27.799999237060547,28.0,27.549999237060547,27.600000381469727,0,0.0,0.0
2023-10-30 10:00:00+08:00,27.649999618530273,27.75,27.649999618530273,27.75,29222,0.0,0.0
2023-10-30 11:00:00+08:00,27.700000762939453,27.799999237060547,27.649999618530273,27.799999237060547,9002,0.0,0.0
2023-10-30 12:00:00+08:00,27.649999618530273,27.700000762939453,27.600000381469727,27.649999618530273,21005,0.0,0.0
2023-10-30 13:00:00+08:00,27.700000762939453,27.700000762939453,27.600000381469727,27.600000381469727,15000,0.0,0.0
2023-10-31 09:00:00+08:00,27.600000381469727,27.600000381469727,27.25,27.25,0,0.0,0.0
2023-10-31 10:00:00+08:00,27.200000762939453,27.200000762939453,27.049999237060547,27.100000381469727,24713,0.0,0.0
2023-10-31 11:00:00+08:00,27.100000381469727,27.149999618530273,27.049999237060547,27.100000381469727,31000,0.0,0.0
2023-10-31 12:00:00+08:00,27.100000381469727,27.100000381469727,27.0,27.049999237060547,28528,0.0,0.0
2023-10-31 13:00:00+08:00,27.049999237060547,27.049999237060547,27.0,27.0,20000,0.0,0.0
2023-11-01 09:00:00+08:00,27.149999618530273,27.700000762939453,27.149999618530273,27.149999618530273,0,0.0,0.0
2023-11-01 10:00:00+08:00,27.149999618530273,27.200000762939453,27.149999618530273,27.200000762939453,5003,0.0,0.0
2023-11-01 11:00:00+08:00,27.200000762939453,27.200000762939453,27.149999618530273,27.149999618530273,8000,0.0,0.0
2023-11-01 12:00:00+08:00,27.200000762939453,27.399999618530273,27.200000762939453,27.25,10004,0.0,0.0
2023-11-01 13:00:00+08:00,27.200000762939453,27.200000762939453,27.200000762939453,27.200000762939453,10393,0.0,0.0
2023-11-02 09:00:00+08:00,27.5,27.5,27.399999618530273,27.399999618530273,28002,0.0,0.0
2023-11-02 10:00:00+08:00,27.450000762939453,27.450000762939453,27.299999237060547,27.299999237060547,14233,0.0,0.0
2023-11-02 11:00:00+08:00,27.350000381469727,27.350000381469727,27.200000762939453,27.200000762939453,22338,0.0,0.0
2023-11-02 12:00:00+08:00,27.25,27.25,27.149999618530273,27.200000762939453,86107,0.0,0.0
2023-11-02 13:00:00+08:00,27.299999237060547,27.350000381469727,27.200000762939453,27.350000381469727,22073,0.0,0.0
2023-11-03 09:00:00+08:00,27.700000762939453,27.899999618530273,27.399999618530273,27.600000381469727,0,0.0,0.0
2023-11-03 10:00:00+08:00,27.600000381469727,29.899999618530273,27.600000381469727,29.700000762939453,299907,0.0,0.0
2023-11-03 11:00:00+08:00,29.700000762939453,29.75,29.299999237060547,29.5,156207,0.0,0.0
2023-11-03 12:00:00+08:00,29.5,29.950000762939453,29.200000762939453,29.799999237060547,152295,0.0,0.0
2023-11-03 13:00:00+08:00,29.799999237060547,30.0,29.700000762939453,30.0,162629,0.0,0.0
2023-11-06 09:00:00+08:00,31.350000381469727,31.450000762939453,30.200000762939453,30.549999237060547,0,0.0,0.0
2023-11-06 10:00:00+08:00,30.600000381469727,30.700000762939453,30.0,30.0,204444,0.0,0.0
2023-11-06 11:00:00+08:00,29.799999237060547,30.0,29.600000381469727,30.0,93762,0.0,0.0
2023-11-06 12:00:00+08:00,30.0,30.100000381469727,29.799999237060547,30.100000381469727,49506,0.0,0.0
2023-11-06 13:00:00+08:00,30.100000381469727,30.5,30.100000381469727,30.100000381469727,39195,0.0,0.0
2023-11-07 09:00:00+08:00,30.0,30.0,29.5,29.600000381469727,0,0.0,0.0
2023-11-07 10:00:00+08:00,29.549999237060547,29.600000381469727,29.399999618530273,29.399999618530273,66162,0.0,0.0
2023-11-07 11:00:00+08:00,29.399999618530273,29.399999618530273,29.049999237060547,29.200000762939453,55041,0.0,0.0
2023-11-07 12:00:00+08:00,29.25,29.25,29.200000762939453,29.200000762939453,11101,0.0,0.0
2023-11-07 13:00:00+08:00,29.200000762939453,29.200000762939453,29.049999237060547,29.049999237060547,38259,0.0,0.0
2023-11-08 09:00:00+08:00,28.850000381469727,29.299999237060547,28.299999237060547,29.299999237060547,0,0.0,0.0
2023-11-08 10:00:00+08:00,29.25,29.25,29.0,29.200000762939453,19256,0.0,0.0
2023-11-08 11:00:00+08:00,29.149999618530273,29.25,29.0,29.0,15008,0.0,0.0
2023-11-08 12:00:00+08:00,29.0,29.0,28.75,28.75,30198,0.0,0.0
2023-11-08 13:00:00+08:00,28.75,28.799999237060547,28.700000762939453,28.700000762939453,34200,0.0,0.0
2023-11-09 09:00:00+08:00,28.700000762939453,28.799999237060547,28.600000381469727,28.600000381469727,0,0.0,0.0
2023-11-09 10:00:00+08:00,28.549999237060547,28.549999237060547,28.5,28.549999237060547,7030,0.0,0.0
2023-11-09 11:00:00+08:00,28.549999237060547,28.600000381469727,28.5,28.600000381469727,12024,0.0,0.0
2023-11-09 12:00:00+08:00,28.600000381469727,28.600000381469727,28.5,28.549999237060547,11102,0.0,0.0
2023-11-09 13:00:00+08:00,28.549999237060547,28.549999237060547,28.399999618530273,28.5,40518,0.0,0.0
2023-11-10 09:00:00+08:00,28.399999618530273,28.399999618530273,28.399999618530273,28.399999618530273,0,0.0,0.0
2023-11-10 10:00:00+08:00,28.399999618530273,28.399999618530273,28.200000762939453,28.299999237060547,10501,0.0,0.0
2023-11-10 11:00:00+08:00,28.299999237060547,28.399999618530273,28.200000762939453,28.399999618530273,11053,0.0,0.0
2023-11-10 12:00:00+08:00,28.399999618530273,28.399999618530273,28.350000381469727,28.350000381469727,20015,0.0,0.0
2023-11-10 13:00:00+08:00,28.299999237060547,28.299999237060547,28.299999237060547,28.299999237060547,6002,0.0,0.0
2023-11-13 09:00:00+08:00,28.399999618530273,30.0,28.399999618530273,29.149999618530273,56294,0.0,0.0
2023-11-13 10:00:00+08:00,29.200000762939453,29.200000762939453,29.0,29.0,16003,0.0,0.0
2023-11-13 11:00:00+08:00,29.0,29.0,28.899999618530273,29.0,18031,0.0,0.0
2023-11-13 12:00:00+08:00,28.950000762939453,29.149999618530273,28.950000762939453,29.149999618530273,32001,0.0,0.0
2023-11-13 13:00:00+08:00,29.149999618530273,29.149999618530273,29.0,29.100000381469727,13001,0.0,0.0
2023-11-14 09:00:00+08:00,29.149999618530273,29.149999618530273,28.600000381469727,28.700000762939453,0,0.0,0.0
2023-11-14 10:00:00+08:00,28.700000762939453,28.799999237060547,28.700000762939453,28.700000762939453,42052,0.0,0.0
2023-11-14 11:00:00+08:00,28.75,28.799999237060547,28.649999618530273,28.649999618530273,20001,0.0,0.0
2023-11-14 12:00:00+08:00,28.700000762939453,28.75,28.649999618530273,28.75,18122,0.0,0.0
2023-11-14 13:00:00+08:00,28.799999237060547,28.799999237060547,28.75,28.75,11000,0.0,0.0
2023-11-15 09:00:00+08:00,29.299999237060547,29.299999237060547,28.75,28.950000762939453,0,0.0,0.0
2023-11-15 10:00:00+08:00,28.950000762939453,28.950000762939453,28.850000381469727,28.850000381469727,14000,0.0,0.0
2023-11-15 11:00:00+08:00,28.850000381469727,28.899999618530273,28.75,28.75,13219,0.0,0.0
2023-11-15 12:00:00+08:00,28.75,28.899999618530273,28.75,28.899999618530273,30128,0.0,0.0
2023-11-15 13:00:00+08:00,28.850000381469727,28.850000381469727,28.75,28.75,26020,0.0,0.0
2023-11-16 09:00:00+08:00,28.75,29.200000762939453,28.75,28.850000381469727,0,0.0,0.0
2023-11-16 10:00:00+08:00,28.850000381469727,28.899999618530273,28.850000381469727,28.899999618530273,7612,0.0,0.0
2023-11-16 11:00:00+08:00,28.850000381469727,28.850000381469727,28.799999237060547,28.850000381469727,22000,0.0,0.0
2023-11-16 12:00:00+08:00,28.850000381469727,28.850000381469727,28.850000381469727,28.850000381469727,19203,0.0,0.0
2023-11-16 13:00:00+08:00,28.850000381469727,28.850000381469727,28.799999237060547,28.799999237060547,10001,0.0,0.0
2023-11-17 09:00:00+08:00,29.200000762939453,29.200000762939453,29.0,29.149999618530273,0,0.0,0.0
2023-11-17 10:00:00+08:00,29.200000762939453,29.200000762939453,29.0,29.049999237060547,22209,0.0,0.0
2023-11-17 11:00:00+08:00,29.0,29.0,28.899999618530273,29.0,16105,0.0,0.0
2023-11-17 12:00:00+08:00,29.0,29.100000381469727,29.0,29.0,45001,0.0,0.0
2023-11-17 13:00:00+08:00,29.049999237060547,29.25,29.049999237060547,29.100000381469727,30158,0.0,0.0
2023-11-20 09:00:00+08:00,29.450000762939453,29.5,29.100000381469727,29.399999618530273,0,0.0,0.0
2023-11-20 10:00:00+08:00,29.450000762939453,29.5,29.299999237060547,29.399999618530273,38352,0.0,0.0
2023-11-20 11:00:00+08:00,29.399999618530273,29.450000762939453,29.350000381469727,29.350000381469727,13285,0.0,0.0
2023-11-20 12:00:00+08:00,29.299999237060547,29.299999237060547,29.100000381469727,29.149999618530273,22001,0.0,0.0
2023-11-20 13:00:00+08:00,29.200000762939453,29.399999618530273,29.200000762939453,29.399999618530273,12000,0.0,0.0
2023-11-21 09:00:00+08:00,29.600000381469727,29.600000381469727,29.0,29.200000762939453,0,0.0,0.0
2023-11-21 10:00:00+08:00,29.200000762939453,29.299999237060547,29.200000762939453,29.299999237060547,13004,0.0,0.0
2023-11-21 11:00:00+08:00,29.350000381469727,29.399999618530273,29.299999237060547,29.299999237060547,16025,0.0,0.0
2023-11-21 12:00:00+08:00,29.299999237060547,29.299999237060547,29.100000381469727,29.149999618530273,17186,0.0,0.0
2023-11-21 13:00:00+08:00,29.200000762939453,29.299999237060547,29.100000381469727,29.100000381469727,14000,0.0,0.0
2023-11-22 09:00:00+08:00,29.100000381469727,29.299999237060547,29.100000381469727,29.100000381469727,0,0.0,0.0
2023-11-22 10:00:00+08:00,29.100000381469727,29.450000762939453,29.049999237060547,29.450000762939453,60607,0.0,0.0
2023-11-22 11:00:00+08:00,29.5,29.850000381469727,29.450000762939453,29.600000381469727,116243,0.0,0.0
2023-11-22 12:00:00+08:00,29.600000381469727,29.700000762939453,29.5,29.600000381469727,39004,0.0,0.0
2023-11-22 13:00:00+08:00,29.600000381469727,29.649999618530273,29.549999237060547,29.649999618530273,12023,0.0,0.0
2023-11-23 09:00:00+08:00,29.549999237060547,29.75,29.549999237060547,29.600000381469727,0,0.0,0.0
2023-11-23 10:00:00+08:00,29.600000381469727,29.600000381469727,29.200000762939453,29.25,47599,0.0,0.0
2023-11-23 11:00:00+08:00,29.399999618530273,29.450000762939453,29.350000381469727,29.350000381469727,9101,0.0,0.0
2023-11-23 12:00:00+08:00,29.299999237060547,29.350000381469727,29.299999237060547,29.350000381469727,13203,0.0,0.0
2023-11-23 13:00:00+08:00,29.299999237060547,29.450000762939453,29.25,29.25,33135,0.0,0.0
2023-11-24 09:00:00+08:00,29.399999618530273,29.399999618530273,29.0,29.049999237060547,0,0.0,0.0
2023-11-24 10:00:00+08:00,29.100000381469727,29.100000381469727,29.0,29.049999237060547,31252,0.0,0.0
2023-11-24 11:00:00+08:00,29.049999237060547,29.049999237060547,29.049999237060547,29.049999237060547,6052,0.0,0.0
2023-11-24 12:00:00+08:00,29.049999237060547,29.100000381469727,29.0,29.049999237060547,29250,0.0,0.0
2023-11-24 13:00:00+08:00,29.049999237060547,29.049999237060547,29.0,29.0,8000,0.0,0.0
2023-11-27 09:00:00+08:00,29.100000381469727,29.5,29.049999237060547,29.100000381469727,0,0.0,0.0
2023-11-27 10:00:00+08:00,29.100000381469727,29.100000381469727,29.049999237060547,29.049999237060547,12384,0.0,0.0
2023-11-27 11:00:00+08:00,29.049999237060547,29.049999237060547,28.950000762939453,29.0,39430,0.0,0.0
2023-11-27 12:00:00+08:00,28.950000762939453,28.950000762939453,28.850000381469727,28.899999618530273,16368,0.0,0.0
2023-11-27 13:00:00+08:00,28.899999618530273,29.200000762939453,28.850000381469727,29.200000762939453,26218,0.0,0.0
2023-11-28 09:00:00+08:00,29.200000762939453,29.200000762939453,29.0,29.100000381469727,0,0.0,0.0
2023-11-28 10:00:00+08:00,29.100000381469727,29.200000762939453,29.049999237060547,29.149999618530273,25461,0.0,0.0
2023-11-28 11:00:00+08:00,29.149999618530273,29.149999618530273,29.0,29.049999237060547,35000,0.0,0.0
2023-11-28 12:00:00+08:00,29.200000762939453,29.200000762939453,29.049999237060547,29.100000381469727,35371,0.0,0.0
2023-11-28 13:00:00+08:00,29.100000381469727,29.200000762939453,29.049999237060547,29.100000381469727,15001,0.0,0.0
2023-11-29 09:00:00+08:00,29.350000381469727,29.450000762939453,29.299999237060547,29.399999618530273,42356,0.0,0.0
2023-11-29 10:00:00+08:00,29.350000381469727,29.350000381469727,29.200000762939453,29.200000762939453,25343,0.0,0.0
2023-11-29 11:00:00+08:00,29.200000762939453,29.200000762939453,29.200000762939453,29.200000762939453,5590,0.0,0.0
2023-11-29 12:00:00+08:00,29.25,29.25,29.200000762939453,29.200000762939453,10006,0.0,0.0
2023-11-29 13:00:00+08:00,29.200000762939453,29.25,29.149999618530273,29.149999618530273,21683,0.0,0.0
2023-11-30 09:00:00+08:00,29.200000762939453,29.200000762939453,28.899999618530273,28.950000762939453,0,0.0,0.0
2023-11-30 10:00:00+08:00,28.950000762939453,29.049999237060547,28.950000762939453,29.049999237060547,29342,0.0,0.0
2023-11-30 11:00:00+08:00,29.0,29.149999618530273,28.950000762939453,29.149999618530273,12001,0.0,0.0
2023-11-30 12:00:00+08:00,29.149999618530273,29.149999618530273,28.950000762939453,28.950000762939453,28715,0.0,0.0
2023-11-30 13:00:00+08:00,29.0,29.100000381469727,29.0,29.0,18045,0.0,0.0
2023-12-01 09:00:00+08:00,29.0,29.25,29.0,29.200000762939453,0,0.0,0.0
2023-12-01 10:00:00+08:00,29.200000762939453,29.200000762939453,29.149999618530273,29.149999618530273,12018,0.0,0.0
2023-12-01 11:00:00+08:00,29.149999618530273,29.200000762939453,29.0,29.0,45042,0.0,0.0
2023-12-01 12:00:00+08:00,29.0,29.049999237060547,28.950000762939453,29.049999237060547,49302,0.0,0.0
2023-12-01 13:00:00+08:00,29.049999237060547,29.149999618530273,29.0,29.0,21001,0.0,0.0
2023-12-04 09:00:00+08:00,28.950000762939453,29.200000762939453,28.649999618530273,29.149999618530273,0,0.0,0.0
2023-12-04 10:00:00+08:00,29.0,29.049999237060547,28.950000762939453,29.0,14003,0.0,0.0
2023-12-04 11:00:00+08:00,28.950000762939453,29.0,28.75,28.75,87505,0.0,0.0
2023-12-04 12:00:00+08:00,28.799999237060547,28.850000381469727,28.75,28.799999237060547,36160,0.0,0.0
2023-12-04 13:00:00+08:00,28.799999237060547,28.799999237060547,28.649999618530273,28.799999237060547,59157,0.0,0.0
2023-12-05 09:00:00+08:00,28.799999237060547,28.850000381469727,28.299999237060547,28.5,0,0.0,0.0
2023-12-05 10:00:00+08:00,28.5,28.5,28.399999618530273,28.399999618530273,25097,0.0,0.0
2023-12-05 11:00:00+08:00,28.399999618530273,28.600000381469727,28.299999237060547,28.299999237060547,47357,0.0,0.0
2023-12-05 12:00:00+08:00,28.450000762939453,28.5,28.299999237060547,28.450000762939453,20029,0.0,0.0
2023-12-05 13:00:00+08:00,28.399999618530273,28.5,28.299999237060547,28.5,35001,0.0,0.0
2023-12-06 09:00:00+08:00,28.350000381469727,28.75,28.350000381469727,28.5,0,0.0,0.0
2023-12-06 10:00:00+08:00,28.5,28.549999237060547,28.5,28.549999237060547,14200,0.0,0.0
2023-12-06 11:00:00+08:00,28.549999237060547,28.549999237060547,28.399999618530273,28.450000762939453,43105,0.0,0.0
2023-12-06 12:00:00+08:00,28.450000762939453,28.5,28.399999618530273,28.5,26138,0.0,0.0
2023-12-06 13:00:00+08:00,28.5,28.600000381469727,28.450000762939453,28.600000381469727,17000,0.0,0.0
2023-12-07 09:00:00+08:00,28.600000381469727,28.600000381469727,28.200000762939453,28.299999237060547,0,0.0,0.0
2023-12-07 10:00:00+08:00,28.299999237060547,28.5,28.299999237060547,28.5,14132,0.0,0.0
2023-12-07 11:00:00+08:00,28.450000762939453,28.5,28.299999237060547,28.399999618530273,23317,0.0,0.0
2023-12-07 12:00:00+08:00,28.350000381469727,28.350000381469727,28.25,28.350000381469727,57564,0.0,0.0
2023-12-07 13:00:00+08:00,28.299999237060547,28.299999237060547,28.149999618530273,28.299999237060547,63000,0.0,0.0
2023-12-08 09:00:00+08:00,28.350000381469727,28.450000762939453,28.350000381469727,28.350000381469727,0,0.0,0.0
2023-12-08 10:00:00+08:00,28.350000381469727,28.399999618530273,28.299999237060547,28.350000381469727,19187,0.0,0.0
2023-12-08 11:00:00+08:00,28.350000381469727,28.5,28.350000381469727,28.5,35004,0.0,0.0
2023-12-08 12:00:00+08:00,28.5,28.5,28.350000381469727,28.399999618530273,0,0.0,0.0
2023-12-08 13:00:00+08:00,28.399999618530273,28.75,28.350000381469727,28.75,165929,0.0,0.0
2023-12-11 09:00:00+08:00,28.350000381469727,28.350000381469727,28.0,28.299999237060547,0,0.0,0.0
2023-12-11 10:00:00+08:00,28.299999237060547,28.299999237060547,28.100000381469727,28.100000381469727,8026,0.0,0.0
2023-12-11 11:00:00+08:00,28.100000381469727,28.149999618530273,28.100000381469727,28.149999618530273,6156,0.0,0.0
2023-12-11 12:00:00+08:00,28.200000762939453,28.200000762939453,28.149999618530273,28.149999618530273,24144,0.0,0.0
2023-12-11 13:00:00+08:00,28.149999618530273,28.149999618530273,28.0,28.0,109000,0.0,0.0
2023-12-12 09:00:00+08:00,28.5,28.5,27.850000381469727,28.049999237060547,0,0.0,0.0
2023-12-12 10:00:00+08:00,28.049999237060547,28.450000762939453,28.049999237060547,28.450000762939453,35048,0.0,0.0
2023-12-12 11:00:00+08:00,28.399999618530273,28.399999618530273,28.200000762939453,28.200000762939453,30521,0.0,0.0
2023-12-12 12:00:00+08:00,28.25,28.25,28.049999237060547,28.049999237060547,36205,0.0,0.0
2023-12-12 13:00:00+08:00,28.049999237060547,28.149999618530273,28.0,28.149999618530273,33500,0.0,0.0
2023-12-13 09:00:00+08:00,28.049999237060547,28.299999237060547,27.950000762939453,28.299999237060547,45351,0.0,0.0
2023-12-13 10:00:00+08:00,28.299999237060547,28.450000762939453,28.25,28.25,29013,0.0,0.0
2023-12-13 11:00:00+08:00,28.25,28.25,28.149999618530273,28.25,11087,0.0,0.0
2023-12-13 12:00:00+08:00,28.25,28.25,28.100000381469727,28.100000381469727,12016,0.0,0.0
2023-12-13 13:00:00+08:00,28.100000381469727,28.200000762939453,28.0,28.200000762939453,61300,0.0,0.0
2023-12-14 09:00:00+08:00,28.399999618530273,29.799999237060547,28.200000762939453,29.299999237060547,73359,0.0,0.0
2023-12-14 10:00:00+08:00,29.350000381469727,29.75,29.100000381469727,29.700000762939453,351704,0.0,0.0
2023-12-14 11:00:00+08:00,29.549999237060547,29.600000381469727,29.299999237060547,29.299999237060547,108138,0.0,0.0
2023-12-14 12:00:00+08:00,29.299999237060547,29.5,29.200000762939453,29.399999618530273,104420,0.0,0.0
2023-12-14 13:00:00+08:00,29.399999618530273,29.5,29.200000762939453,29.200000762939453,58855,0.0,0.0
2023-12-15 09:00:00+08:00,29.5,29.5,28.600000381469727,28.799999237060547,0,0.0,0.0
2023-12-15 10:00:00+08:00,28.850000381469727,28.950000762939453,28.700000762939453,28.950000762939453,35055,0.0,0.0
2023-12-15 11:00:00+08:00,28.899999618530273,29.0,28.700000762939453,28.75,17012,0.0,0.0
2023-12-15 12:00:00+08:00,28.75,28.75,28.600000381469727,28.600000381469727,96563,0.0,0.0
2023-12-15 13:00:00+08:00,28.600000381469727,28.649999618530273,28.5,28.549999237060547,91042,0.0,0.0
2023-12-18 09:00:00+08:00,28.5,28.700000762939453,28.200000762939453,28.299999237060547,0,0.0,0.0
2023-12-18 10:00:00+08:00,28.299999237060547,28.350000381469727,28.25,28.299999237060547,39146,0.0,0.0
2023-12-18 11:00:00+08:00,28.299999237060547,28.299999237060547,28.200000762939453,28.200000762939453,27495,0.0,0.0
2023-12-18 12:00:00+08:00,28.200000762939453,28.299999237060547,28.200000762939453,28.299999237060547,14515,0.0,0.0
2023-12-18 13:00:00+08:00,28.350000381469727,28.399999618530273,28.350000381469727,28.350000381469727,8326,0.0,0.0
2023-12-19 09:00:00+08:00,28.399999618530273,28.399999618530273,28.100000381469727,28.100000381469727,34140,0.0,0.0
2023-12-19 10:00:00+08:00,28.100000381469727,28.100000381469727,28.0,28.100000381469727,38333,0.0,0.0
2023-12-19 11:00:00+08:00,28.149999618530273,28.200000762939453,28.149999618530273,28.200000762939453,2000,0.0,0.0
2023-12-19 12:00:00+08:00,28.149999618530273,28.149999618530273,28.0,28.049999237060547,47032,0.0,0.0
2023-12-19 13:00:00+08:00,28.200000762939453,28.200000762939453,28.100000381469727,28.100000381469727,9005,0.0,0.0
2023-12-20 09:00:00+08:00,28.100000381469727,28.200000762939453,28.100000381469727,28.200000762939453,18003,0.0,0.0
2023-12-20 10:00:00+08:00,28.200000762939453,28.25,28.200000762939453,28.200000762939453,6000,0.0,0.0
2023-12-20 11:00:00+08:00,28.149999618530273,28.200000762939453,28.149999618530273,28.149999618530273,8641,0.0,0.0
2023-12-20 12:00:00+08:00,28.149999618530273,28.200000762939453,28.100000381469727,28.149999618530273,43431,0.0,0.0
2023-12-20 13:00:00+08:00,28.200000762939453,28.25,28.149999618530273,28.149999618530273,31000,0.0,0.0
2023-12-21 09:00:00+08:00,28.200000762939453,28.200000762939453,28.0,28.0,0,0.0,0.0
2023-12-21 10:00:00+08:00,28.049999237060547,28.100000381469727,28.0,28.0,27001,0.0,0.0
2023-12-21 11:00:00+08:00,28.0,28.049999237060547,28.0,28.049999237060547,20004,0.0,0.0
2023-12-21 12:00:00+08:00,28.100000381469727,28.149999618530273,28.100000381469727,28.149999618530273,9001,0.0,0.0
2023-12-21 13:00:00+08:00,28.200000762939453,28.299999237060547,28.200000762939453,28.299999237060547,20000,0.0,0.0
2023-12-22 09:00:00+08:00,28.149999618530273,28.600000381469727,28.0,28.600000381469727,128008,0.0,0.0
2023-12-22 10:00:00+08:00,28.600000381469727,28.700000762939453,28.450000762939453,28.649999618530273,43104,0.0,0.0
2023-12-22 11:00:00+08:00,28.649999618530273,28.649999618530273,28.549999237060547,28.600000381469727,16001,0.0,0.0
2023-12-22 12:00:00+08:00,28.5,28.549999237060547,28.5,28.549999237060547,11002,0.0,0.0
2023-12-22 13:00:00+08:00,28.5,28.549999237060547,28.450000762939453,28.549999237060547,14024,0.0,0.0
2023-12-25 09:00:00+08:00,28.549999237060547,29.299999237060547,28.549999237060547,28.899999618530273,0,0.0,0.0
2023-12-25 10:00:00+08:00,28.950000762939453,29.149999618530273,28.850000381469727,28.850000381469727,79653,0.0,0.0
2023-12-25 11:00:00+08:00,28.850000381469727,29.100000381469727,28.850000381469727,28.950000762939453,25200,0.0,0.0
2023-12-25 12:00:00+08:00,28.899999618530273,28.899999618530273,28.75,28.75,14103,0.0,0.0
2023-12-25 13:00:00+08:00,28.75,28.950000762939453,28.75,28.950000762939453,24720,0.0,0.0
2023-12-26 09:00:00+08:00,28.850000381469727,28.850000381469727,28.549999237060547,28.549999237060547,0,0.0,0.0
2023-12-26 10:00:00+08:00,28.549999237060547,28.549999237060547,28.5,28.549999237060547,22051,0.0,0.0
2023-12-26 11:00:00+08:00,28.549999237060547,28.549999237060547,28.549999237060547,28.549999237060547,17001,0.0,0.0
2023-12-26 12:00:00+08:00,28.549999237060547,28.600000381469727,28.5,28.600000381469727,28054,0.0,0.0
2023-12-26 13:00:00+08:00,28.5,28.5,28.450000762939453,28.450000762939453,32062,0.0,0.0
2023-12-27 09:00:00+08:00,28.5,28.75,28.299999237060547,28.549999237060547,0,0.0,0.0
2023-12-27 10:00:00+08:00,28.5,28.600000381469727,28.399999618530273,28.399999618530273,27159,0.0,0.0
2023-12-27 11:00:00+08:00,28.399999618530273,28.399999618530273,28.350000381469727,28.399999618530273,16240,0.0,0.0
2023-12-27 12:00:00+08:00,28.399999618530273,28.75,28.350000381469727,28.450000762939453,48001,0.0,0.0
2023-12-27 13:00:00+08:00,28.399999618530273,28.450000762939453,28.350000381469727,28.350000381469727,32000,0.0,0.0
2023-12-28 09:00:00+08:00,28.399999618530273,28.600000381469727,28.399999618530273,28.600000381469727,0,0.0,0.0
2023-12-28 10:00:00+08:00,28.5,28.5,28.450000762939453,28.450000762939453,25014,0.0,0.0
2023-12-28 11:00:00+08:00,28.399999618530273,28.399999618530273,28.100000381469727,28.299999237060547,24103,0.0,0.0
2023-12-28 12:00:00+08:00,28.299999237060547,28.299999237060547,28.200000762939453,28.200000762939453,32585,0.0,0.0
2023-12-28 13:00:00+08:00,28.149999618530273,28.299999237060547,28.149999618530273,28.299999237060547,31011,0.0,0.0
2023-12-29 09:00:00+08:00,28.299999237060547,28.299999237060547,27.799999237060547,28.25,0,0.0,0.0
2023-12-29 10:00:00+08:00,28.25,28.25,28.100000381469727,28.200000762939453,48002,0.0,0.0
2023-12-29 11:00:00+08:00,28.200000762939453,28.200000762939453,28.200000762939453,28.200000762939453,8005,0.0,0.0
2023-12-29 12:00:00+08:00,28.200000762939453,28.299999237060547,28.200000762939453,28.25,19001,0.0,0.0
2023-12-29 13:00:00+08:00,28.25,28.25,28.200000762939453,28.200000762939453,13049,0.0,0.0
2024-01-02 09:00:00+08:00,28.200000762939453,28.200000762939453,28.100000381469727,28.149999618530273,0,0.0,0.0
2024-01-02 10:00:00+08:00,28.200000762939453,28.200000762939453,28.0,28.100000381469727,30214,0.0,0.0
2024-01-02 11:00:00+08:00,28.049999237060547,28.100000381469727,28.0,28.049999237060547,16001,0.0,0.0
2024-01-02 12:00:00+08:00,28.049999237060547,28.100000381469727,28.0,28.100000381469727,26000,0.0,0.0
2024-01-02 13:00:00+08:00,28.100000381469727,28.100000381469727,28.049999237060547,28.049999237060547,17000,0.0,0.0
2024-01-03 09:00:00+08:00,28.049999237060547,28.049999237060547,28.0,28.0,0,0.0,0.0
2024-01-03 10:00:00+08:00,28.0,28.049999237060547,28.0,28.0,54107,0.0,0.0
2024-01-03 11:00:00+08:00,28.0,28.0,27.950000762939453,27.950000762939453,22012,0.0,0.0
2024-01-03 12:00:00+08:00,27.950000762939453,28.0,27.950000762939453,27.950000762939453,25321,0.0,0.0
2024-01-03 13:00:00+08:00,27.950000762939453,27.950000762939453,27.899999618530273,27.899999618530273,7217,0.0,0.0
2024-01-04 09:00:00+08:00,28.0,28.049999237060547,28.0,28.0,20004,0.0,0.0
2024-01-04 10:00:00+08:00,28.0,28.0,27.899999618530273,27.950000762939453,15280,0.0,0.0
2024-01-04 11:00:00+08:00,27.950000762939453,27.950000762939453,27.950000762939453,27.950000762939453,3000,0.0,0.0
2024-01-04 12:00:00+08:00,27.950000762939453,28.0,27.899999618530273,28.0,30002,0.0,0.0
2024-01-04 13:00:00+08:00,27.950000762939453,27.950000762939453,27.950000762939453,27.950000762939453,3000,0.0,0.0
2024-01-05 09:00:00+08:00,27.850000381469727,28.0,27.799999237060547,27.799999237060547,0,0.0,0.0
2024-01-05 10:00:00+08:00,27.899999618530273,27.899999618530273,27.850000381469727,27.850000381469727,23494,0.0,0.0
2024-01-05 11:00:00+08:00,27.850000381469727,27.899999618530273,27.850000381469727,27.899999618530273,8003,0.0,0.0
2024-01-05 12:00:00+08:00,27.899999618530273,28.0,27.850000381469727,27.850000381469727,34585,0.0,0.0
2024-01-05 13:00:00+08:00,27.899999618530273,28.049999237060547,27.899999618530273,28.049999237060547,6521,0.0,0.0
2024-01-08 09:00:00+08:00,28.299999237060547,29.399999618530273,28.299999237060547,29.049999237060547,359471,0.0,0.0
2024-01-08 10:00:00+08:00,29.0,29.149999618530273,29.0,29.100000381469727,74424,0.0,0.0
2024-01-08 11:00:00+08:00,29.049999237060547,29.100000381469727,29.0,29.049999237060547,52518,0.0,0.0
2024-01-08 12:00:00+08:00,29.049999237060547,29.149999618530273,29.0,29.0,126287,0.0,0.0
2024-01-08 13:00:00+08:00,29.0,29.049999237060547,28.950000762939453,28.950000762939453,21003,0.0,0.0
2024-01-09 09:00:00+08:00,28.850000381469727,28.899999618530273,28.399999618530273,28.600000381469727,0,0.0,0.0
2024-01-09 10:00:00+08:00,28.549999237060547,28.549999237060547,28.450000762939453,28.450000762939453,60656,0.0,0.0
2024-01-09 11:00:00+08:00,28.450000762939453,28.5,28.399999618530273,28.450000762939453,28247,0.0,0.0
2024-01-09 12:00:00+08:00,28.450000762939453,28.600000381469727,28.450000762939453,28.5,50218,0.0,0.0
2024-01-09 13:00:00+08:00,28.450000762939453,28.450000762939453,28.350000381469727,28.350000381469727,33000,0.0,0.0
2024-01-10 09:00:00+08:00,28.100000381469727,28.149999618530273,28.0,28.100000381469727,0,0.0,0.0
2024-01-10 10:00:00+08:00,28.049999237060547,28.100000381469727,28.0,28.0,32076,0.0,0.0
2024-01-10 11:00:00+08:00,28.049999237060547,28.100000381469727,28.0,28.100000381469727,29322,0.0,0.0
2024-01-10 12:00:00+08:00,28.100000381469727,28.100000381469727,28.0,28.0,14571,0.0,0.0
2024-01-10 13:00:00+08:00,28.0,28.0,28.0,28.0,23183,0.0,0.0
2024-01-11 09:00:00+08:00,27.75,28.0,27.75,28.0,0,0.0,0.0
2024-01-11 10:00:00+08:00,28.0,28.0,27.799999237060547,27.899999618530273,47185,0.0,0.0
2024-01-11 11:00:00+08:00,28.0,28.0,27.799999237060547,27.850000381469727,23104,0.0,0.0
2024-01-11 12:00:00+08:00,27.850000381469727,28.0,27.850000381469727,28.0,12102,0.0,0.0
2024-01-11 13:00:00+08:00,28.0,28.0,27.899999618530273,27.899999618530273,10007,0.0,0.0
2024-01-12 09:00:00+08:00,27.850000381469727,28.049999237060547,27.700000762939453,28.0,16002,0.0,0.0
2024-01-12 10:00:00+08:00,28.0,28.0,27.799999237060547,27.799999237060547,12002,0.0,0.0
2024-01-12 11:00:00+08:00,27.799999237060547,27.899999618530273,27.799999237060547,27.899999618530273,3004,0.0,0.0
2024-01-12 12:00:00+08:00,27.899999618530273,27.899999618530273,27.799999237060547,27.799999237060547,51024,0.0,0.0
2024-01-12 13:00:00+08:00,27.799999237060547,27.899999618530273,27.799999237060547,27.899999618530273,9000,0.0,0.0
2024-01-15 09:00:00+08:00,28.100000381469727,28.149999618530273,28.0,28.0,0,0.0,0.0
2024-01-15 10:00:00+08:00,28.0,28.100000381469727,28.0,28.100000381469727,9003,0.0,0.0
2024-01-15 11:00:00+08:00,28.0,28.049999237060547,27.899999618530273,28.049999237060547,30603,0.0,0.0
2024-01-15 12:00:00+08:00,28.0,28.0,27.950000762939453,27.950000762939453,13000,0.0,0.0
2024-01-15 13:00:00+08:00,27.950000762939453,27.950000762939453,27.950000762939453,27.950000762939453,4000,0.0,0.0
2024-01-16 09:00:00+08:00,27.899999618530273,27.950000762939453,27.899999618530273,27.950000762939453,0,0.0,0.0
2024-01-16 10:00:00+08:00,27.950000762939453,27.950000762939453,27.850000381469727,27.899999618530273,16006,0.0,0.0
2024-01-16 11:00:00+08:00,27.899999618530273,27.899999618530273,27.799999237060547,27.799999237060547,12197,0.0,0.0
2024-01-16 12:00:00+08:00,27.799999237060547,27.899999618530273,27.799999237060547,27.899999618530273,14198,0.0,0.0
2024-01-16 13:00:00+08:00,27.899999618530273,28.0,27.899999618530273,28.0,11000,0.0,0.0
2024-01-17 09:00:00+08:00,27.799999237060547,27.899999618530273,27.75,27.899999618530273,23001,0.0,0.0
2024-01-17 10:00:00+08:00,27.899999618530273,27.899999618530273,27.75,27.799999237060547,14106,0.0,0.0
2024-01-17 11:00:00+08:00,27.850000381469727,27.850000381469727,27.700000762939453,27.700000762939453,11237,0.0,0.0
2024-01-17 12:00:00+08:00,27.700000762939453,27.700000762939453,27.25,27.299999237060547,108072,0.0,0.0
2024-01-17 13:00:00+08:00,27.350000381469727,27.350000381469727,27.25,27.299999237060547,26571,0.0,0.0
2024-01-18 09:00:00+08:00,27.299999237060547,27.549999237060547,27.100000381469727,27.100000381469727,0,0.0,0.0
2024-01-18 10:00:00+08:00,27.100000381469727,27.149999618530273,27.100000381469727,27.100000381469727,8013,0.0,0.0
2024-01-18 11:00:00+08:00,27.200000762939453,27.25,27.149999618530273,27.25,17441,0.0,0.0
2024-01-18 12:00:00+08:00,27.25,27.5,27.25,27.299999237060547,34010,0.0,0.0
2024-01-18 13:00:00+08:00,27.25,27.25,27.25,27.25,8009,0.0,0.0
2024-01-19 09:00:00+08:00,27.350000381469727,27.5,27.200000762939453,27.399999618530273,0,0.0,0.0
2024-01-19 10:00:00+08:00,27.399999618530273,27.450000762939453,27.350000381469727,27.450000762939453,7014,0.0,0.0
2024-01-19 11:00:00+08:00,27.450000762939453,27.450000762939453,27.100000381469727,27.299999237060547,40356,0.0,0.0
2024-01-19 12:00:00+08:00,27.25,27.299999237060547,27.200000762939453,27.299999237060547,37016,0.0,0.0
2024-01-19 13:00:00+08:00,27.399999618530273,27.399999618530273,27.299999237060547,27.399999618530273,19112,0.0,0.0
2024-01-22 09:00:00+08:00,27.25,27.799999237060547,27.25,27.25,0,0.0,0.0
2024-01-22 10:00:00+08:00,27.299999237060547,27.399999618530273,27.25,27.399999618530273,15103,0.0,0.0
2024-01-22 11:00:00+08:00,27.350000381469727,27.350000381469727,27.299999237060547,27.299999237060547,10318,0.0,0.0
2024-01-22 12:00:00+08:00,27.350000381469727,27.350000381469727,27.350000381469727,27.350000381469727,3159,0.0,0.0
2024-01-22 13:00:00+08:00,27.350000381469727,27.5,27.299999237060547,27.5,13020,0.0,0.0
2024-01-23 09:00:00+08:00,27.5,27.5,27.299999237060547,27.299999237060547,0,0.0,0.0
2024-01-23 10:00:00+08:00,27.25,27.450000762939453,27.25,27.350000381469727,0,0.0,0.0
2024-01-23 11:00:00+08:00,27.350000381469727,27.350000381469727,27.299999237060547,27.299999237060547,72240,0.0,0.0
2024-01-23 12:00:00+08:00,27.350000381469727,27.399999618530273,27.25,27.299999237060547,34088,0.0,0.0
2024-01-23 13:00:00+08:00,27.299999237060547,27.299999237060547,27.299999237060547,27.299999237060547,3117,0.0,0.0
2024-01-24 09:00:00+08:00,27.299999237060547,27.549999237060547,27.299999237060547,27.450000762939453,57002,0.0,0.0
2024-01-24 10:00:00+08:00,27.399999618530273,27.5,27.399999618530273,27.399999618530273,52102,0.0,0.0
2024-01-24 11:00:00+08:00,27.399999618530273,27.600000381469727,27.350000381469727,27.549999237060547,27002,0.0,0.0
2024-01-24 12:00:00+08:00,27.549999237060547,28.049999237060547,27.549999237060547,27.950000762939453,67138,0.0,0.0
2024-01-24 13:00:00+08:00,27.950000762939453,27.950000762939453,27.799999237060547,27.850000381469727,20135,0.0,0.0
2024-01-25 09:00:00+08:00,27.850000381469727,28.0,27.799999237060547,27.799999237060547,0,0.0,0.0
2024-01-25 10:00:00+08:00,27.700000762939453,27.700000762939453,27.600000381469727,27.700000762939453,14003,0.0,0.0
2024-01-25 11:00:00+08:00,27.700000762939453,27.700000762939453,27.649999618530273,27.700000762939453,12325,0.0,0.0
2024-01-25 12:00:00+08:00,27.649999618530273,27.649999618530273,27.549999237060547,27.549999237060547,21896,0.0,0.0
2024-01-25 13:00:00+08:00,27.5,27.5,27.5,27.5,13293,0.0,0.0
2024-01-26 09:00:00+08:00,27.350000381469727,27.350000381469727,27.299999237060547,27.299999237060547,0,0.0,0.0
2024-01-26 10:00:00+08:00,27.350000381469727,27.350000381469727,27.299999237060547,27.299999237060547,9004,0.0,0.0
2024-01-26 11:00:00+08:00,27.350000381469727,27.399999618530273,27.299999237060547,27.399999618530273,16053,0.0,0.0
2024-01-26 12:00:00+08:00,27.399999618530273,27.450000762939453,27.200000762939453,27.200000762939453,53612,0.0,0.0
2024-01-26 13:00:00+08:00,27.200000762939453,27.299999237060547,27.200000762939453,27.299999237060547,41176,0.0,0.0
2024-01-29 09:00:00+08:00,27.200000762939453,27.350000381469727,27.200000762939453,27.299999237060547,0,0.0,0.0
2024-01-29 10:00:00+08:00,27.25,27.299999237060547,27.200000762939453,27.25,21104,0.0,0.0
2024-01-29 11:00:00+08:00,27.25,27.299999237060547,27.200000762939453,27.299999237060547,14089,0.0,0.0
2024-01-29 12:00:00+08:00,27.25,27.25,27.200000762939453,27.200000762939453,21012,0.0,0.0
2024-01-29 13:00:00+08:00,27.200000762939453,27.25,27.200000762939453,27.200000762939453,9000,0.0,0.0
2024-01-30 09:00:00+08:00,27.5,27.5,27.100000381469727,27.100000381469727,0,0.0,0.0
2024-01-30 10:00:00+08:00,27.100000381469727,27.200000762939453,27.100000381469727,27.149999618530273,28176,0.0,0.0
2024-01-30 11:00:00+08:00,27.200000762939453,27.200000762939453,27.149999618530273,27.149999618530273,17050,0.0,0.0
2024-01-30 12:00:00+08:00,27.149999618530273,27.149999618530273,27.100000381469727,27.149999618530273,16537,0.0,0.0
2024-01-30 13:00:00+08:00,27.149999618530273,27.149999618530273,27.100000381469727,27.149999618530273,17002,0.0,0.0
2024-01-31 09:00:00+08:00,27.200000762939453,27.200000762939453,27.0,27.049999237060547,25127,0.0,0.0
2024-01-31 10:00:00+08:00,27.100000381469727,27.100000381469727,27.049999237060547,27.049999237060547,20106,0.0,0.0
2024-01-31 11:00:00+08:00,27.049999237060547,27.149999618530273,27.0,27.149999618530273,28308,0.0,0.0
2024-01-31 12:00:00+08:00,27.0,27.149999618530273,27.0,27.149999618530273,5003,0.0,0.0
2024-01-31 13:00:00+08:00,27.149999618530273,27.200000762939453,27.0,27.0,28013,0.0,0.0
2024-02-01 09:00:00+08:00,26.899999618530273,27.0,26.899999618530273,27.0,0,0.0,0.0
2024-02-01 10:00:00+08:00,26.950000762939453,27.0,26.899999618530273,27.0,41238,0.0,0.0
2024-02-01 11:00:00+08:00,27.0,27.0,26.950000762939453,27.0,16049,0.0,0.0
2024-02-01 12:00:00+08:00,26.950000762939453,26.950000762939453,26.899999618530273,26.950000762939453,18104,0.0,0.0
2024-02-01 13:00:00+08:00,26.899999618530273,26.950000762939453,26.899999618530273,26.950000762939453,19003,0.0,0.0
2024-02-02 09:00:00+08:00,26.950000762939453,27.0,26.899999618530273,27.0,39194,0.0,0.0
2024-02-02 10:00:00+08:00,26.950000762939453,27.0,26.850000381469727,26.850000381469727,35087,0.0,0.0
2024-02-02 11:00:00+08:00,26.899999618530273,26.950000762939453,26.75,26.799999237060547,50495,0.0,0.0
2024-02-02 12:00:00+08:00,26.799999237060547,26.850000381469727,26.700000762939453,26.700000762939453,58018,0.0,0.0
2024-02-02 13:00:00+08:00,26.700000762939453,26.799999237060547,26.700000762939453,26.75,30112,0.0,0.0
2024-02-05 09:00:00+08:00,26.600000381469727,26.600000381469727,26.399999618530273,26.399999618530273,0,0.0,0.0
2024-02-05 10:00:00+08:00,26.399999618530273,26.5,26.350000381469727,26.399999618530273,29488,0.0,0.0
2024-02-05 11:00:00+08:00,26.399999618530273,26.399999618530273,26.299999237060547,26.299999237060547,58867,0.0,0.0
2024-02-05 12:00:00+08:00,26.350000381469727,26.399999618530273,26.299999237060547,26.299999237060547,38553,0.0,0.0
2024-02-05 13:00:00+08:00,26.299999237060547,26.399999618530273,26.25,26.299999237060547,45223,0.0,0.0
2024-02-15 09:00:00+08:00,26.200000762939453,26.200000762939453,26.149999618530273,26.149999618530273,0,0.0,0.0
2024-02-15 10:00:00+08:00,26.149999618530273,26.25,26.100000381469727,26.100000381469727,22280,0.0,0.0
2024-02-15 11:00:00+08:00,26.100000381469727,26.149999618530273,26.100000381469727,26.149999618530273,16128,0.0,0.0
2024-02-15 12:00:00+08:00,26.149999618530273,27.0,26.149999618530273,27.0,23267,0.0,0.0
2024-02-15 13:00:00+08:00,26.899999618530273,26.899999618530273,26.5,26.5,6010,0.0,0.0
2024-02-16 09:00:00+08:00,26.5,26.799999237060547,26.5,26.75,41189,0.0,0.0
2024-02-16 10:00:00+08:00,26.700000762939453,26.700000762939453,26.600000381469727,26.600000381469727,24111,0.0,0.0
2024-02-16 11:00:00+08:00,26.600000381469727,26.950000762939453,26.600000381469727,26.950000762939453,30252,0.0,0.0
2024-02-16 12:00:00+08:00,27.0,27.0,26.850000381469727,26.950000762939453,32625,0.0,0.0
2024-02-16 13:00:00+08:00,26.950000762939453,26.950000762939453,26.850000381469727,26.850000381469727,12017,0.0,0.0
2024-02-19 09:00:00+08:00,27.399999618530273,27.399999618530273,27.0,27.049999237060547,0,0.0,0.0
2024-02-19 10:00:00+08:00,27.049999237060547,27.049999237060547,27.0,27.0,19059,0.0,0.0
2024-02-19 11:00:00+08:00,27.0,27.100000381469727,27.0,27.100000381469727,20221,0.0,0.0
2024-02-19 12:00:00+08:00,27.100000381469727,27.5,27.049999237060547,27.350000381469727,85785,0.0,0.0
2024-02-19 13:00:00+08:00,27.350000381469727,27.350000381469727,27.049999237060547,27.350000381469727,13061,0.0,0.0
2024-02-20 09:00:00+08:00,27.299999237060547,27.450000762939453,27.25,27.25,0,0.0,0.0
2024-02-20 10:00:00+08:00,27.25,27.299999237060547,27.149999618530273,27.149999618530273,34149,0.0,0.0
2024-02-20 11:00:00+08:00,27.100000381469727,27.100000381469727,27.0,27.0,12075,0.0,0.0
2024-02-20 12:00:00+08:00,27.0,27.149999618530273,27.0,27.149999618530273,17532,0.0,0.0
2024-02-20 13:00:00+08:00,27.0,27.100000381469727,27.0,27.100000381469727,9008,0.0,0.0
2024-02-21 09:00:00+08:00,27.0,27.0,26.899999618530273,26.899999618530273,25439,0.0,0.0
2024-02-21 10:00:00+08:00,26.850000381469727,26.850000381469727,26.799999237060547,26.799999237060547,28423,0.0,0.0
2024-02-21 11:00:00+08:00,26.799999237060547,27.0,26.799999237060547,26.899999618530273,20105,0.0,0.0
2024-02-21 12:00:00+08:00,26.899999618530273,27.0,26.799999237060547,26.950000762939453,53013,0.0,0.0
2024-02-21 13:00:00+08:00,26.899999618530273,26.899999618530273,26.899999618530273,26.899999618530273,13006,0.0,0.0
2024-02-22 09:00:00+08:00,26.850000381469727,26.950000762939453,26.799999237060547,26.850000381469727,36009,0.0,0.0
2024-02-22 10:00:00+08:00,26.899999618530273,26.950000762939453,26.799999237060547,26.850000381469727,37425,0.0,0.0
2024-02-22 11:00:00+08:00,26.850000381469727,26.850000381469727,26.75,26.75,25057,0.0,0.0
2024-02-22 12:00:00+08:00,26.75,26.75,26.5,26.649999618530273,59474,0.0,0.0
2024-02-22 13:00:00+08:00,26.649999618530273,27.0,26.649999618530273,26.649999618530273,45007,0.0,0.0
2024-02-23 09:00:00+08:00,26.649999618530273,26.649999618530273,26.299999237060547,26.350000381469727,67321,0.0,0.0
2024-02-23 10:00:00+08:00,26.399999618530273,26.5,26.350000381469727,26.399999618530273,27007,0.0,0.0
2024-02-23 11:00:00+08:00,26.399999618530273,26.399999618530273,26.299999237060547,26.350000381469727,45024,0.0,0.0
2024-02-23 12:00:00+08:00,26.399999618530273,26.450000762939453,26.299999237060547,26.299999237060547,37259,0.0,0.0
2024-02-23 13:00:00+08:00,26.299999237060547,26.399999618530273,26.299999237060547,26.299999237060547,22569,0.0,0.0
2024-02-26 09:00:00+08:00,26.350000381469727,26.799999237060547,26.25,26.450000762939453,0,0.0,0.0
2024-02-26 10:00:00+08:00,26.450000762939453,26.450000762939453,26.350000381469727,26.350000381469727,31013,0.0,0.0
2024-02-26 11:00:00+08:00,26.350000381469727,26.399999618530273,26.350000381469727,26.399999618530273,25150,0.0,0.0
2024-02-26 12:00:00+08:00,26.399999618530273,26.399999618530273,26.350000381469727,26.399999618530273,21010,0.0,0.0
2024-02-26 13:00:00+08:00,26.399999618530273,26.450000762939453,26.350000381469727,26.350000381469727,12055,0.0,0.0
2024-02-27 09:00:00+08:00,26.799999237060547,26.799999237060547,26.350000381469727,26.350000381469727,0,0.0,0.0
2024-02-27 10:00:00+08:00,26.399999618530273,26.399999618530273,26.200000762939453,26.299999237060547,50593,0.0,0.0
2024-02-27 11:00:00+08:00,26.299999237060547,26.399999618530273,26.200000762939453,26.200000762939453,17270,0.0,0.0
2024-02-27 12:00:00+08:00,26.25,26.299999237060547,26.200000762939453,26.200000762939453,21216,0.0,0.0
2024-02-27 13:00:00+08:00,26.200000762939453,26.399999618530273,26.200000762939453,26.299999237060547,39005,0.0,0.0
2024-02-29 09:00:00+08:00,26.350000381469727,26.350000381469727,26.100000381469727,26.100000381469727,0,0.0,0.0
2024-02-29 10:00:00+08:00,26.100000381469727,26.149999618530273,26.100000381469727,26.100000381469727,27927,0.0,0.0
2024-02-29 11:00:00+08:00,26.149999618530273,26.25,26.149999618530273,26.200000762939453,40050,0.0,0.0
2024-02-29 12:00:00+08:00,26.200000762939453,26.25,26.149999618530273,26.200000762939453,18203,0.0,0.0
2024-02-29 13:00:00+08:00,26.200000762939453,26.200000762939453,26.149999618530273,26.149999618530273,25067,0.0,0.0
2024-03-01 09:00:00+08:00,26.399999618530273,26.700000762939453,26.200000762939453,26.200000762939453,0,0.0,0.0
2024-03-01 10:00:00+08:00,26.200000762939453,26.200000762939453,26.149999618530273,26.200000762939453,13014,0.0,0.0
2024-03-01 11:00:00+08:00,26.200000762939453,26.200000762939453,26.100000381469727,26.100000381469727,52009,0.0,0.0
2024-03-01 12:00:00+08:00,26.100000381469727,26.149999618530273,26.100000381469727,26.100000381469727,34028,0.0,0.0
2024-03-01 13:00:00+08:00,26.149999618530273,26.149999618530273,26.100000381469727,26.100000381469727,25008,0.0,0.0
2024-03-04 09:00:00+08:00,26.299999237060547,26.299999237060547,26.049999237060547,26.049999237060547,0,0.0,0.0
2024-03-04 10:00:00+08:00,26.049999237060547,26.200000762939453,26.0,26.049999237060547,48084,0.0,0.0
2024-03-04 11:00:00+08:00,26.100000381469727,26.200000762939453,26.100000381469727,26.100000381469727,33512,0.0,0.0
2024-03-04 12:00:00+08:00,26.100000381469727,26.200000762939453,26.049999237060547,26.049999237060547,61743,0.0,0.0
2024-03-04 13:00:00+08:00,26.100000381469727,26.200000762939453,26.049999237060547,26.100000381469727,52350,0.0,0.0
2024-03-05 09:00:00+08:00,26.0,26.100000381469727,25.899999618530273,25.950000762939453,0,0.0,0.0
2024-03-05 10:00:00+08:00,26.0,26.049999237060547,25.950000762939453,26.0,48295,0.0,0.0
2024-03-05 11:00:00+08:00,26.0,26.0,25.850000381469727,25.899999618530273,82194,0.0,0.0
2024-03-05 12:00:00+08:00,25.899999618530273,25.950000762939453,25.799999237060547,25.799999237060547,50079,0.0,0.0
2024-03-05 13:00:00+08:00,25.799999237060547,25.950000762939453,25.799999237060547,25.799999237060547,87278,0.0,0.0
2024-03-06 09:00:00+08:00,25.799999237060547,25.799999237060547,25.100000381469727,25.350000381469727,0,0.0,0.0
2024-03-06 10:00:00+08:00,25.350000381469727,25.450000762939453,25.350000381469727,25.450000762939453,43614,0.0,0.0
2024-03-06 11:00:00+08:00,25.399999618530273,25.450000762939453,25.299999237060547,25.399999618530273,42739,0.0,0.0
2024-03-06 12:00:00+08:00,25.399999618530273,25.399999618530273,25.299999237060547,25.299999237060547,50785,0.0,0.0
2024-03-06 13:00:00+08:00,25.299999237060547,25.350000381469727,25.25,25.25,27906,0.0,0.0
2024-03-07 09:00:00+08:00,25.200000762939453,25.299999237060547,25.049999237060547,25.049999237060547,0,0.0,0.0
2024-03-07 10:00:00+08:00,25.049999237060547,25.049999237060547,23.899999618530273,24.399999618530273,247327,0.0,0.0
2024-03-07 11:00:00+08:00,24.399999618530273,24.700000762939453,24.200000762939453,24.399999618530273,56814,0.0,0.0
2024-03-07 12:00:00+08:00,24.5,24.799999237060547,24.5,24.600000381469727,53174,0.0,0.0
2024-03-07 13:00:00+08:00,24.549999237060547,24.649999618530273,24.5,24.549999237060547,46161,0.0,0.0
2024-03-08 09:00:00+08:00,24.5,24.799999237060547,24.100000381469727,24.100000381469727,121277,0.0,0.0
2024-03-08 10:00:00+08:00,24.100000381469727,24.100000381469727,23.600000381469727,23.75,134666,0.0,0.0
2024-03-08 11:00:00+08:00,23.75,23.75,23.600000381469727,23.649999618530273,76971,0.0,0.0
2024-03-08 12:00:00+08:00,23.649999618530273,23.899999618530273,23.600000381469727,23.850000381469727,65239,0.0,0.0
2024-03-08 13:00:00+08:00,23.850000381469727,24.0,23.799999237060547,23.899999618530273,32259,0.0,0.0
2024-03-11 09:00:00+08:00,23.799999237060547,23.799999237060547,23.649999618530273,23.799999237060547,0,0.0,0.0
2024-03-11 10:00:00+08:00,23.799999237060547,23.850000381469727,23.799999237060547,23.850000381469727,18128,0.0,0.0
2024-03-11 11:00:00+08:00,23.850000381469727,24.649999618530273,23.850000381469727,24.5,74598,0.0,0.0
2024-03-11 12:00:00+08:00,24.5,24.600000381469727,24.350000381469727,24.350000381469727,37978,0.0,0.0
2024-03-11 13:00:00+08:00,24.450000762939453,24.700000762939453,24.450000762939453,24.700000762939453,40146,0.0,0.0
2024-03-12 09:00:00+08:00,25.200000762939453,25.200000762939453,24.5,24.700000762939453,0,0.0,0.0
2024-03-12 10:00:00+08:00,24.700000762939453,24.700000762939453,24.600000381469727,24.600000381469727,41269,0.0,0.0
2024-03-12 11:00:00+08:00,24.649999618530273,24.700000762939453,24.549999237060547,24.649999618530273,29385,0.0,0.0
2024-03-12 12:00:00+08:00,24.549999237060547,24.700000762939453,24.450000762939453,24.600000381469727,48151,0.0,0.0
2024-03-12 13:00:00+08:00,24.700000762939453,24.799999237060547,24.600000381469727,24.649999618530273,23174,0.0,0.0
2024-03-13 09:00:00+08:00,25.0,25.0,24.200000762939453,24.200000762939453,0,0.0,0.0
2024-03-13 10:00:00+08:00,24.100000381469727,24.200000762939453,24.100000381469727,24.200000762939453,8056,0.0,0.0
2024-03-13 11:00:00+08:00,24.200000762939453,24.200000762939453,24.100000381469727,24.100000381469727,23105,0.0,0.0
2024-03-13 12:00:00+08:00,24.100000381469727,24.200000762939453,24.0,24.049999237060547,43088,0.0,0.0
2024-03-13 13:00:00+08:00,24.049999237060547,24.049999237060547,23.899999618530273,24.0,74179,0.0,0.0
2024-03-14 09:00:00+08:00,24.0,24.049999237060547,23.850000381469727,23.950000762939453,0,0.0,0.0
2024-03-14 10:00:00+08:00,23.950000762939453,23.950000762939453,23.799999237060547,23.799999237060547,20212,0.0,0.0
2024-03-14 11:00:00+08:00,23.799999237060547,23.850000381469727,23.799999237060547,23.850000381469727,32576,0.0,0.0
2024-03-14 12:00:00+08:00,23.850000381469727,23.850000381469727,23.700000762939453,23.700000762939453,44199,0.0,0.0
2024-03-14 13:00:00+08:00,23.75,23.75,23.649999618530273,23.649999618530273,25809,0.0,0.0
2024-03-15 09:00:00+08:00,23.399999618530273,23.399999618530273,22.450000762939453,22.799999237060547,0,0.0,0.0
2024-03-15 10:00:00+08:00,22.799999237060547,23.0,22.75,22.799999237060547,61539,0.0,0.0
2024-03-15 11:00:00+08:00,22.850000381469727,23.100000381469727,22.850000381469727,23.100000381469727,29710,0.0,0.0
2024-03-15 12:00:00+08:00,23.0,23.049999237060547,23.0,23.0,14345,0.0,0.0
2024-03-15 13:00:00+08:00,23.0,23.049999237060547,22.899999618530273,23.049999237060547,42036,0.0,0.0
2024-03-18 09:00:00+08:00,24.0,24.0,23.399999618530273,23.399999618530273,0,0.0,0.0
2024-03-18 10:00:00+08:00,23.200000762939453,23.5,23.100000381469727,23.299999237060547,25570,0.0,0.0
2024-03-18 11:00:00+08:00,23.399999618530273,23.399999618530273,23.350000381469727,23.350000381469727,11242,0.0,0.0
2024-03-18 12:00:00+08:00,23.399999618530273,23.450000762939453,23.350000381469727,23.399999618530273,31187,0.0,0.0
2024-03-18 13:00:00+08:00,23.450000762939453,23.450000762939453,23.399999618530273,23.399999618530273,4355,0.0,0.0
2024-03-19 09:00:00+08:00,23.200000762939453,24.149999618530273,23.200000762939453,24.0,0,0.0,0.0
2024-03-19 10:00:00+08:00,24.0,25.200000762939453,24.0,25.149999618530273,179607,0.0,0.0
2024-03-19 11:00:00+08:00,25.149999618530273,25.649999618530273,25.149999618530273,25.649999618530273,275926,0.0,0.0
2024-03-19 12:00:00+08:00,25.649999618530273,25.649999618530273,25.649999618530273,25.649999618530273,22172,0.0,0.0
2024-03-19 13:00:00+08:00,25.649999618530273,25.649999618530273,25.649999618530273,25.649999618530273,0,0.0,0.0
2024-03-20 09:00:00+08:00,27.0,27.899999618530273,26.649999618530273,27.549999237060547,1612578,0.0,0.0
2024-03-20 10:00:00+08:00,27.549999237060547,27.600000381469727,27.399999618530273,27.450000762939453,215969,0.0,0.0
2024-03-20 11:00:00+08:00,27.450000762939453,27.600000381469727,27.399999618530273,27.549999237060547,142363,0.0,0.0
2024-03-20 12:00:00+08:00,27.549999237060547,28.200000762939453,27.5,28.200000762939453,708458,0.0,0.0
2024-03-20 13:00:00+08:00,28.200000762939453,28.200000762939453,28.200000762939453,28.200000762939453,96430,0.0,0.0
2024-03-21 09:00:00+08:00,28.200000762939453,29.299999237060547,27.5,28.299999237060547,0,0.0,0.0
2024-03-21 10:00:00+08:00,28.299999237060547,28.350000381469727,27.549999237060547,27.899999618530273,197502,0.0,0.0
2024-03-21 11:00:00+08:00,27.899999618530273,28.299999237060547,27.899999618530273,28.100000381469727,73516,0.0,0.0
2024-03-21 12:00:00+08:00,28.0,28.25,27.899999618530273,28.0,112163,0.0,0.0
2024-03-21 13:00:00+08:00,27.950000762939453,27.950000762939453,27.799999237060547,27.950000762939453,110210,0.0,0.0
2024-03-22 09:00:00+08:00,28.850000381469727,28.850000381469727,27.0,27.049999237060547,0,0.0,0.0
2024-03-22 10:00:00+08:00,27.100000381469727,27.350000381469727,27.0,27.200000762939453,161365,0.0,0.0
2024-03-22 11:00:00+08:00,27.100000381469727,27.100000381469727,26.700000762939453,27.100000381469727,104067,0.0,0.0
2024-03-22 12:00:00+08:00,27.049999237060547,27.049999237060547,26.850000381469727,26.899999618530273,53013,0.0,0.0
2024-03-22 13:00:00+08:00,26.899999618530273,26.950000762939453,26.799999237060547,26.850000381469727,75212,0.0,0.0
2024-03-25 09:00:00+08:00,27.399999618530273,27.700000762939453,26.850000381469727,27.399999618530273,0,0.0,0.0
2024-03-25 10:00:00+08:00,27.399999618530273,27.5,27.25,27.299999237060547,31714,0.0,0.0
2024-03-25 11:00:00+08:00,27.299999237060547,27.399999618530273,27.299999237060547,27.350000381469727,33142,0.0,0.0
2024-03-25 12:00:00+08:00,27.350000381469727,27.399999618530273,27.25,27.25,41301,0.0,0.0
2024-03-25 13:00:00+08:00,27.25,27.25,27.149999618530273,27.149999618530273,34021,0.0,0.0
2024-03-26 09:00:00+08:00,27.049999237060547,27.100000381469727,26.5,26.5,0,0.0,0.0
2024-03-26 10:00:00+08:00,26.600000381469727,26.600000381469727,26.200000762939453,26.200000762939453,80008,0.0,0.0
2024-03-26 11:00:00+08:00,26.200000762939453,26.200000762939453,25.899999618530273,26.0,116448,0.0,0.0
2024-03-26 12:00:00+08:00,26.0,26.149999618530273,25.850000381469727,26.149999618530273,41181,0.0,0.0
2024-03-26 13:00:00+08:00,26.149999618530273,26.149999618530273,25.850000381469727,25.850000381469727,45072,0.0,0.0
2024-03-27 09:00:00+08:00,26.649999618530273,26.649999618530273,25.899999618530273,25.950000762939453,0,0.0,0.0
2024-03-27 10:00:00+08:00,25.950000762939453,26.299999237060547,25.899999618530273,26.299999237060547,65550,0.0,0.0
2024-03-27 11:00:00+08:00,26.350000381469727,26.450000762939453,26.200000762939453,26.450000762939453,36231,0.0,0.0
2024-03-27 12:00:00+08:00,26.450000762939453,27.75,26.450000762939453,27.75,183871,0.0,0.0
2024-03-27 13:00:00+08:00,27.799999237060547,28.0,27.399999618530273,27.899999618530273,144925,0.0,0.0
2024-03-28 09:00:00+08:00,27.950000762939453,27.950000762939453,27.0,27.450000762939453,0,0.0,0.0
2024-03-28 10:00:00+08:00,27.5,27.5,27.299999237060547,27.299999237060547,38427,0.0,0.0
2024-03-28 11:00:00+08:00,27.299999237060547,27.299999237060547,27.149999618530273,27.149999618530273,28858,0.0,0.0
2024-03-28 12:00:00+08:00,27.149999618530273,27.149999618530273,26.950000762939453,26.950000762939453,60361,0.0,0.0
2024-03-28 13:00:00+08:00,26.950000762939453,27.049999237060547,26.899999618530273,26.899999618530273,27102,0.0,0.0
2024-03-29 09:00:00+08:00,27.5,27.899999618530273,27.200000762939453,27.399999618530273,64128,0.0,0.0
2024-03-29 10:00:00+08:00,27.25,27.25,26.899999618530273,27.0,43773,0.0,0.0
2024-03-29 11:00:00+08:00,26.950000762939453,27.0,26.950000762939453,27.0,15011,0.0,0.0
2024-03-29 12:00:00+08:00,27.0,27.0,26.850000381469727,26.850000381469727,40241,0.0,0.0
2024-03-29 13:00:00+08:00,26.850000381469727,26.899999618530273,26.75,26.899999618530273,44192,0.0,0.0
2024-04-01 09:00:00+08:00,26.75,27.0,26.75,26.899999618530273,0,0.0,0.0
2024-04-01 10:00:00+08:00,26.950000762939453,27.0,26.899999618530273,27.0,31075,0.0,0.0
2024-04-01 11:00:00+08:00,27.0,27.299999237060547,27.0,27.149999618530273,17457,0.0,0.0
2024-04-01 12:00:00+08:00,27.149999618530273,27.149999618530273,26.700000762939453,26.700000762939453,49355,0.0,0.0
2024-04-01 13:00:00+08:00,26.700000762939453,27.0,26.399999618530273,27.0,38075,0.0,0.0
2024-04-02 09:00:00+08:00,26.549999237060547,26.75,26.5,26.549999237060547,0,0.0,0.0
2024-04-02 10:00:00+08:00,26.600000381469727,26.700000762939453,26.600000381469727,26.649999618530273,7790,0.0,0.0
2024-04-02 11:00:00+08:00,26.649999618530273,26.649999618530273,26.5,26.549999237060547,54338,0.0,0.0
2024-04-02 12:00:00+08:00,26.549999237060547,26.649999618530273,26.299999237060547,26.399999618530273,57855,0.0,0.0
2024-04-02 13:00:00+08:00,26.350000381469727,26.399999618530273,26.350000381469727,26.399999618530273,7006,0.0,0.0
2024-04-03 09:00:00+08:00,26.200000762939453,26.350000381469727,26.049999237060547,26.200000762939453,0,0.0,0.0
2024-04-03 10:00:00+08:00,26.299999237060547,26.299999237060547,26.100000381469727,26.149999618530273,10092,0.0,0.0
2024-04-03 11:00:00+08:00,26.149999618530273,26.149999618530273,26.049999237060547,26.049999237060547,25399,0.0,0.0
2024-04-03 12:00:00+08:00,26.049999237060547,26.200000762939453,26.049999237060547,26.200000762939453,31043,0.0,0.0
2024-04-03 13:00:00+08:00,26.200000762939453,26.200000762939453,26.049999237060547,26.049999237060547,16007,0.0,0.0
2024-04-08 09:00:00+08:00,25.799999237060547,26.149999618530273,25.799999237060547,26.100000381469727,0,0.0,0.0
2024-04-08 10:00:00+08:00,26.0,26.149999618530273,26.0,26.049999237060547,24024,0.0,0.0
2024-04-08 11:00:00+08:00,26.049999237060547,26.149999618530273,26.049999237060547,26.149999618530273,12063,0.0,0.0
2024-04-08 12:00:00+08:00,26.100000381469727,26.149999618530273,26.049999237060547,26.100000381469727,34053,0.0,0.0
2024-04-08 13:00:00+08:00,26.100000381469727,26.149999618530273,26.049999237060547,26.149999618530273,30009,0.0,0.0
2024-04-09 09:00:00+08:00,26.299999237060547,26.399999618530273,25.799999237060547,25.799999237060547,0,0.0,0.0
2024-04-09 10:00:00+08:00,25.850000381469727,26.0,25.799999237060547,25.950000762939453,43325,0.0,0.0
2024-04-09 11:00:00+08:00,26.0,26.299999237060547,25.899999618530273,26.299999237060547,57011,0.0,0.0
2024-04-09 12:00:00+08:00,26.100000381469727,26.25,26.049999237060547,26.049999237060547,17100,0.0,0.0
2024-04-09 13:00:00+08:00,26.100000381469727,26.200000762939453,25.950000762939453,26.0,47408,0.0,0.0
2024-04-10 09:00:00+08:00,25.75,26.200000762939453,25.75,26.200000762939453,0,0.0,0.0
2024-04-10 10:00:00+08:00,26.350000381469727,26.450000762939453,26.200000762939453,26.200000762939453,21147,0.0,0.0
2024-04-10 11:00:00+08:00,26.25,26.25,26.100000381469727,26.100000381469727,21365,0.0,0.0
2024-04-10 12:00:00+08:00,26.100000381469727,26.25,26.0,26.049999237060547,22141,0.0,0.0
2024-04-10 13:00:00+08:00,26.049999237060547,26.049999237060547,26.0,26.0,16022,0.0,0.0
2024-04-11 09:00:00+08:00,25.700000762939453,25.799999237060547,25.399999618530273,25.600000381469727,0,0.0,0.0
2024-04-11 10:00:00+08:00,25.600000381469727,25.600000381469727,25.600000381469727,25.600000381469727,11015,0.0,0.0
2024-04-11 11:00:00+08:00,25.600000381469727,25.649999618530273,25.549999237060547,25.649999618530273,13077,0.0,0.0
2024-04-11 12:00:00+08:00,25.600000381469727,25.600000381469727,25.5,25.600000381469727,31055,0.0,0.0
2024-04-11 13:00:00+08:00,25.600000381469727,25.600000381469727,25.399999618530273,25.399999618530273,22407,0.0,0.0
2024-04-12 09:00:00+08:00,25.5,25.700000762939453,25.450000762939453,25.549999237060547,38118,0.0,0.0
2024-04-12 10:00:00+08:00,25.600000381469727,26.100000381469727,25.600000381469727,25.850000381469727,33479,0.0,0.0
2024-04-12 11:00:00+08:00,25.799999237060547,25.799999237060547,25.649999618530273,25.700000762939453,43018,0.0,0.0
2024-04-12 12:00:00+08:00,25.799999237060547,25.850000381469727,25.799999237060547,25.850000381469727,13029,0.0,0.0
2024-04-12 13:00:00+08:00,25.799999237060547,25.799999237060547,25.75,25.799999237060547,8047,0.0,0.0
2024-04-15 09:00:00+08:00,25.600000381469727,25.950000762939453,25.100000381469727,25.5,0,0.0,0.0
2024-04-15 10:00:00+08:00,25.5,25.5,25.25,25.299999237060547,26232,0.0,0.0
2024-04-15 11:00:00+08:00,25.299999237060547,25.299999237060547,25.200000762939453,25.299999237060547,27120,0.0,0.0
2024-04-15 12:00:00+08:00,25.25,25.25,25.049999237060547,25.049999237060547,51171,0.0,0.0
2024-04-15 13:00:00+08:00,25.0,25.100000381469727,25.0,25.0,23028,0.0,0.0
2024-04-16 09:00:00+08:00,24.799999237060547,24.799999237060547,24.200000762939453,24.5,70417,0.0,0.0
2024-04-16 10:00:00+08:00,24.350000381469727,24.350000381469727,24.299999237060547,24.350000381469727,13357,0.0,0.0
2024-04-16 11:00:00+08:00,24.350000381469727,24.350000381469727,24.0,24.0,113049,0.0,0.0
2024-04-16 12:00:00+08:00,24.049999237060547,24.399999618530273,24.0,24.0,52358,0.0,0.0
2024-04-16 13:00:00+08:00,24.200000762939453,24.299999237060547,24.100000381469727,24.200000762939453,27014,0.0,0.0
2024-04-17 09:00:00+08:00,24.200000762939453,24.549999237060547,24.200000762939453,24.350000381469727,0,0.0,0.0
2024-04-17 10:00:00+08:00,24.350000381469727,24.5,24.299999237060547,24.299999237060547,18333,0.0,0.0
2024-04-17 11:00:00+08:00,24.299999237060547,24.350000381469727,24.200000762939453,24.350000381469727,27180,0.0,0.0
2024-04-17 12:00:00+08:00,24.25,24.5,24.0,24.299999237060547,64086,0.0,0.0
2024-04-17 13:00:00+08:00,24.299999237060547,24.5,24.25,24.5,4113,0.0,0.0
2024-04-18 09:00:00+08:00,24.100000381469727,24.700000762939453,24.100000381469727,24.450000762939453,23348,0.0,0.0
2024-04-18 10:00:00+08:00,24.5,24.899999618530273,24.5,24.75,32245,0.0,0.0
2024-04-18 11:00:00+08:00,24.850000381469727,24.850000381469727,24.700000762939453,24.799999237060547,9046,0.0,0.0
2024-04-18 12:00:00+08:00,24.700000762939453,24.700000762939453,24.5,24.5,29043,0.0,0.0
2024-04-18 13:00:00+08:00,24.549999237060547,24.549999237060547,24.399999618530273,24.549999237060547,35100,0.0,0.0
2024-04-19 09:00:00+08:00,24.399999618530273,24.399999618530273,24.149999618530273,24.149999618530273,0,0.0,0.0
2024-04-19 10:00:00+08:00,24.100000381469727,24.100000381469727,23.700000762939453,23.75,93840,0.0,0.0
2024-04-19 11:00:00+08:00,23.700000762939453,24.049999237060547,23.700000762939453,23.899999618530273,42310,0.0,0.0
2024-04-19 12:00:00+08:00,23.950000762939453,24.0,23.799999237060547,23.899999618530273,26322,0.0,0.0
2024-04-19 13:00:00+08:00,23.899999618530273,23.899999618530273,23.850000381469727,23.850000381469727,12026,0.0,0.0
2024-04-22 09:00:00+08:00,23.299999237060547,24.600000381469727,23.299999237060547,23.649999618530273,0,0.0,0.0
2024-04-22 10:00:00+08:00,23.799999237060547,23.850000381469727,23.75,23.850000381469727,40702,0.0,0.0
2024-04-22 11:00:00+08:00,23.799999237060547,23.799999237060547,23.75,23.75,11289,0.0,0.0
2024-04-22 12:00:00+08:00,23.75,23.799999237060547,23.700000762939453,23.799999237060547,39072,0.0,0.0
2024-04-22 13:00:00+08:00,23.799999237060547,23.799999237060547,23.5,23.75,37072,0.0,0.0
2024-04-23 09:00:00+08:00,23.600000381469727,23.649999618530273,23.5,23.5,22238,0.0,0.0
2024-04-23 10:00:00+08:00,23.5,23.600000381469727,23.5,23.5,21095,0.0,0.0
2024-04-23 11:00:00+08:00,23.5,23.950000762939453,23.5,23.799999237060547,6486,0.0,0.0
2024-04-23 12:00:00+08:00,23.75,23.799999237060547,23.649999618530273,23.649999618530273,9319,0.0,0.0
2024-04-23 13:00:00+08:00,23.700000762939453,23.700000762939453,23.649999618530273,23.649999618530273,15080,0.0,0.0
2024-04-24 09:00:00+08:00,23.600000381469727,23.850000381469727,23.600000381469727,23.799999237060547,57489,0.0,0.0
2024-04-24 10:00:00+08:00,23.799999237060547,23.850000381469727,23.799999237060547,23.850000381469727,20807,0.0,0.0
2024-04-24 11:00:00+08:00,23.950000762939453,24.149999618530273,23.850000381469727,24.100000381469727,27889,0.0,0.0
2024-04-24 12:00:00+08:00,24.100000381469727,24.200000762939453,24.100000381469727,24.149999618530273,15445,0.0,0.0
2024-04-24 13:00:00+08:00,24.149999618530273,24.200000762939453,24.100000381469727,24.100000381469727,8135,0.0,0.0
2024-04-25 09:00:00+08:00,23.75,23.799999237060547,23.700000762939453,23.799999237060547,14057,0.0,0.0
2024-04-25 10:00:00+08:00,23.899999618530273,24.0,23.899999618530273,23.950000762939453,11014,0.0,0.0
2024-04-25 11:00:00+08:00,23.950000762939453,24.5,23.950000762939453,24.299999237060547,41058,0.0,0.0
2024-04-25 12:00:00+08:00,24.25,24.25,24.0,24.100000381469727,0,0.0,0.0
2024-04-25 13:00:00+08:00,24.299999237060547,24.299999237060547,24.100000381469727,24.100000381469727,120302,0.0,0.0
2024-04-26 09:00:00+08:00,24.200000762939453,24.25,24.200000762939453,24.25,16045,0.0,0.0
2024-04-26 10:00:00+08:00,24.25,24.399999618530273,24.25,24.399999618530273,23025,0.0,0.0
2024-04-26 11:00:00+08:00,24.399999618530273,24.399999618530273,24.350000381469727,24.350000381469727,12035,0.0,0.0
2024-04-26 12:00:00+08:00,24.350000381469727,24.399999618530273,24.25,24.25,66270,0.0,0.0
2024-04-26 13:00:00+08:00,24.25,24.25,24.25,24.25,8145,0.0,0.0
2024-04-29 09:00:00+08:00,24.350000381469727,24.600000381469727,24.350000381469727,24.5,0,0.0,0.0
2024-04-29 10:00:00+08:00,24.5,24.5,24.350000381469727,24.450000762939453,43084,0.0,0.0
2024-04-29 11:00:00+08:00,24.450000762939453,24.450000762939453,24.399999618530273,24.399999618530273,12133,0.0,0.0
2024-04-29 12:00:00+08:00,24.399999618530273,24.5,24.350000381469727,24.350000381469727,19109,0.0,0.0
2024-04-29 13:00:00+08:00,24.350000381469727,24.450000762939453,24.350000381469727,24.450000762939453,10004,0.0,0.0
2024-04-30 09:00:00+08:00,24.450000762939453,24.450000762939453,24.299999237060547,24.299999237060547,0,0.0,0.0
2024-04-30 10:00:00+08:00,24.299999237060547,24.299999237060547,24.25,24.299999237060547,28016,0.0,0.0
2024-04-30 11:00:00+08:00,24.299999237060547,24.299999237060547,24.299999237060547,24.299999237060547,9012,0.0,0.0
2024-04-30 12:00:00+08:00,24.299999237060547,24.299999237060547,24.25,24.25,24006,0.0,0.0
2024-04-30 13:00:00+08:00,24.299999237060547,24.299999237060547,24.25,24.25,19006,0.0,0.0
2024-05-02 09:00:00+08:00,23.850000381469727,24.5,23.850000381469727,24.049999237060547,0,0.0,0.0
2024-05-02 10:00:00+08:00,24.5,24.5,24.299999237060547,24.299999237060547,7305,0.0,0.0
2024-05-02 11:00:00+08:00,24.399999618530273,24.399999618530273,24.399999618530273,24.399999618530273,5001,0.0,0.0
2024-05-02 12:00:00+08:00,24.149999618530273,24.149999618530273,24.149999618530273,24.149999618530273,12040,0.0,0.0
2024-05-02 13:00:00+08:00,24.149999618530273,24.399999618530273,24.149999618530273,24.399999618530273,0,0.0,0.0
2024-05-03 09:00:00+08:00,24.200000762939453,24.350000381469727,24.200000762939453,24.350000381469727,16008,0.0,0.0
2024-05-03 10:00:00+08:00,24.350000381469727,24.350000381469727,24.200000762939453,24.299999237060547,57011,0.0,0.0
2024-05-03 11:00:00+08:00,24.299999237060547,24.299999237060547,24.200000762939453,24.299999237060547,10004,0.0,0.0
2024-05-03 12:00:00+08:00,24.299999237060547,24.399999618530273,24.299999237060547,24.399999618530273,20018,0.0,0.0
2024-05-03 13:00:00+08:00,24.399999618530273,24.399999618530273,24.200000762939453,24.299999237060547,18001,0.0,0.0
2024-05-06 09:00:00+08:00,24.399999618530273,24.5,24.299999237060547,24.399999618530273,0,0.0,0.0
2024-05-06 10:00:00+08:00,24.399999618530273,24.399999618530273,24.299999237060547,24.299999237060547,14022,0.0,0.0
2024-05-06 11:00:00+08:00,24.299999237060547,24.350000381469727,24.299999237060547,24.350000381469727,20354,0.0,0.0
2024-05-06 12:00:00+08:00,24.350000381469727,24.350000381469727,24.350000381469727,24.350000381469727,7011,0.0,0.0
2024-05-06 13:00:00+08:00,24.450000762939453,24.450000762939453,24.350000381469727,24.450000762939453,8101,0.0,0.0
2024-05-07 09:00:00+08:00,24.5,24.799999237060547,24.399999618530273,24.399999618530273,38243,0.0,0.0
2024-05-07 10:00:00+08:00,24.399999618530273,24.399999618530273,24.25,24.25,15942,0.0,0.0
2024-05-07 11:00:00+08:00,24.25,24.25,24.200000762939453,24.200000762939453,15067,0.0,0.0
2024-05-07 12:00:00+08:00,24.200000762939453,24.200000762939453,24.100000381469727,24.100000381469727,42151,0.0,0.0
2024-05-07 13:00:00+08:00,24.100000381469727,24.100000381469727,24.100000381469727,24.100000381469727,5003,0.0,0.0
2024-05-08 09:00:00+08:00,24.200000762939453,24.200000762939453,24.100000381469727,24.100000381469727,4004,0.0,0.0
2024-05-08 10:00:00+08:00,24.100000381469727,24.100000381469727,24.100000381469727,24.100000381469727,2202,0.0,0.0
2024-05-08 11:00:00+08:00,24.149999618530273,24.200000762939453,24.149999618530273,24.200000762939453,16002,0.0,0.0
2024-05-08 12:00:00+08:00,24.149999618530273,24.200000762939453,24.100000381469727,24.200000762939453,20001,0.0,0.0
2024-05-08 13:00:00+08:00,24.149999618530273,24.149999618530273,24.100000381469727,24.100000381469727,4000,0.0,0.0
2024-05-09 09:00:00+08:00,24.399999618530273,24.399999618530273,24.100000381469727,24.149999618530273,0,0.0,0.0
2024-05-09 10:00:00+08:00,24.100000381469727,24.299999237060547,24.100000381469727,24.100000381469727,20304,0.0,0.0
2024-05-09 11:00:00+08:00,24.100000381469727,24.299999237060547,24.100000381469727,24.299999237060547,16004,0.0,0.0
2024-05-09 12:00:00+08:00,24.25,24.25,24.100000381469727,24.100000381469727,23159,0.0,0.0
2024-05-09 13:00:00+08:00,24.149999618530273,24.149999618530273,24.149999618530273,24.149999618530273,4113,0.0,0.0
2024-05-10 09:00:00+08:00,24.149999618530273,24.149999618530273,23.899999618530273,23.899999618530273,0,0.0,0.0
2024-05-10 10:00:00+08:00,23.899999618530273,23.950000762939453,23.799999237060547,23.799999237060547,27005,0.0,0.0
2024-05-10 11:00:00+08:00,23.799999237060547,23.799999237060547,23.75,23.799999237060547,23388,0.0,0.0
2024-05-10 12:00:00+08:00,23.799999237060547,23.899999618530273,23.75,23.850000381469727,16122,0.0,0.0
2024-05-10 13:00:00+08:00,23.850000381469727,23.850000381469727,23.799999237060547,23.850000381469727,7157,0.0,0.0
2024-05-13 09:00:00+08:00,23.75,23.799999237060547,23.75,23.799999237060547,0,0.0,0.0
2024-05-13 10:00:00+08:00,23.799999237060547,24.0,23.799999237060547,24.0,34248,0.0,0.0
2024-05-13 11:00:00+08:00,24.0,24.200000762939453,23.799999237060547,23.850000381469727,33231,0.0,0.0
2024-05-13 12:00:00+08:00,23.850000381469727,23.899999618530273,23.700000762939453,23.700000762939453,69189,0.0,0.0
2024-05-13 13:00:00+08:00,23.700000762939453,23.75,23.700000762939453,23.75,11025,0.0,0.0
2024-05-14 09:00:00+08:00,23.799999237060547,23.799999237060547,23.5,23.5,29094,0.0,0.0
2024-05-14 10:00:00+08:00,23.549999237060547,23.75,23.549999237060547,23.700000762939453,0,0.0,0.0
2024-05-14 11:00:00+08:00,23.700000762939453,23.799999237060547,23.700000762939453,23.799999237060547,54180,0.0,0.0
2024-05-14 12:00:00+08:00,23.799999237060547,23.950000762939453,23.75,23.75,17316,0.0,0.0
2024-05-14 13:00:00+08:00,23.75,23.950000762939453,23.75,23.950000762939453,7000,0.0,0.0
2024-05-15 09:00:00+08:00,23.75,23.75,23.649999618530273,23.700000762939453,0,0.0,0.0
2024-05-15 10:00:00+08:00,23.700000762939453,23.75,23.649999618530273,23.649999618530273,44954,0.0,0.0
2024-05-15 11:00:00+08:00,23.600000381469727,23.700000762939453,23.549999237060547,23.700000762939453,45041,0.0,0.0
2024-05-15 12:00:00+08:00,23.700000762939453,23.700000762939453,23.5,23.5,31442,0.0,0.0
2024-05-15 13:00:00+08:00,23.549999237060547,23.700000762939453,23.5,23.649999618530273,19000,0.0,0.0
2024-05-16 09:00:00+08:00,23.549999237060547,23.799999237060547,23.549999237060547,23.600000381469727,27007,0.0,0.0
2024-05-16 10:00:00+08:00,23.649999618530273,23.649999618530273,23.600000381469727,23.600000381469727,21416,0.0,0.0
2024-05-16 11:00:00+08:00,23.600000381469727,23.700000762939453,23.600000381469727,23.649999618530273,8001,0.0,0.0
2024-05-16 12:00:00+08:00,23.649999618530273,23.899999618530273,23.649999618530273,23.899999618530273,35003,0.0,0.0
2024-05-16 13:00:00+08:00,23.899999618530273,23.899999618530273,23.799999237060547,23.899999618530273,5002,0.0,0.0
2024-05-17 09:00:00+08:00,23.950000762939453,23.950000762939453,23.799999237060547,23.850000381469727,0,0.0,0.0
2024-05-17 10:00:00+08:00,23.950000762939453,24.200000762939453,23.799999237060547,23.899999618530273,44617,0.0,0.0
2024-05-17 11:00:00+08:00,23.899999618530273,23.899999618530273,23.799999237060547,23.799999237060547,6010,0.0,0.0
2024-05-17 12:00:00+08:00,23.799999237060547,24.149999618530273,23.799999237060547,24.049999237060547,16109,0.0,0.0
2024-05-17 13:00:00+08:00,24.049999237060547,24.100000381469727,24.0,24.100000381469727,13700,0.0,0.0
2024-05-20 09:00:00+08:00,24.399999618530273,24.399999618530273,24.100000381469727,24.149999618530273,0,0.0,0.0
2024-05-20 10:00:00+08:00,24.100000381469727,24.200000762939453,24.0,24.100000381469727,19084,0.0,0.0
2024-05-20 11:00:00+08:00,24.149999618530273,24.149999618530273,24.049999237060547,24.049999237060547,20034,0.0,0.0
2024-05-20 12:00:00+08:00,24.100000381469727,24.200000762939453,24.100000381469727,24.149999618530273,23256,0.0,0.0
2024-05-20 13:00:00+08:00,24.149999618530273,24.149999618530273,24.149999618530273,24.149999618530273,3101,0.0,0.0
2024-05-21 09:00:00+08:00,24.200000762939453,24.450000762939453,24.200000762939453,24.200000762939453,0,0.0,0.0
2024-05-21 10:00:00+08:00,24.25,24.350000381469727,24.25,24.25,31253,0.0,0.0
2024-05-21 11:00:00+08:00,24.25,24.350000381469727,24.149999618530273,24.350000381469727,25734,0.0,0.0
2024-05-21 12:00:00+08:00,24.299999237060547,24.399999618530273,24.200000762939453,24.399999618530273,31100,0.0,0.0
2024-05-21 13:00:00+08:00,24.350000381469727,24.399999618530273,24.350000381469727,24.399999618530273,6200,0.0,0.0
2024-05-22 09:00:00+08:00,24.399999618530273,25.399999618530273,24.399999618530273,25.350000381469727,33422,0.0,0.0
2024-05-22 10:00:00+08:00,25.299999237060547,25.5,25.100000381469727,25.200000762939453,122301,0.0,0.0
2024-05-22 11:00:00+08:00,25.200000762939453,25.200000762939453,25.149999618530273,25.149999618530273,43276,0.0,0.0
2024-05-22 12:00:00+08:00,25.149999618530273,25.399999618530273,25.149999618530273,25.200000762939453,45592,0.0,0.0
2024-05-22 13:00:00+08:00,25.25,25.299999237060547,25.200000762939453,25.25,15168,0.0,0.0
2024-05-23 09:00:00+08:00,25.299999237060547,25.399999618530273,25.0,25.299999237060547,0,0.0,0.0
2024-05-23 10:00:00+08:00,25.149999618530273,25.149999618530273,25.0,25.049999237060547,28646,0.0,0.0
2024-05-23 11:00:00+08:00,25.049999237060547,25.049999237060547,24.799999237060547,24.799999237060547,23487,0.0,0.0
2024-05-23 12:00:00+08:00,24.799999237060547,24.850000381469727,24.75,24.75,31023,0.0,0.0
2024-05-23 13:00:00+08:00,24.75,24.75,24.649999618530273,24.649999618530273,20550,0.0,0.0
2024-05-24 09:00:00+08:00,24.700000762939453,24.700000762939453,23.299999237060547,24.299999237060547,108857,0.0,0.0
2024-05-24 10:00:00+08:00,24.25,24.25,24.0,24.100000381469727,17254,0.0,0.0
2024-05-24 12:00:00+08:00,24.25,24.25,24.149999618530273,24.149999618530273,15069,0.0,0.0
2024-05-24 13:00:00+08:00,24.399999618530273,24.399999618530273,24.350000381469727,24.399999618530273,16003,0.0,0.0
2024-05-27 09:00:00+08:00,24.399999618530273,25.149999618530273,24.200000762939453,24.299999237060547,0,0.0,0.0
2024-05-27 10:00:00+08:00,24.299999237060547,24.299999237060547,24.100000381469727,24.200000762939453,30992,0.0,0.0
2024-05-27 11:00:00+08:00,24.200000762939453,24.5,24.200000762939453,24.5,24214,0.0,0.0
2024-05-27 12:00:00+08:00,24.5,24.5,24.399999618530273,24.450000762939453,16200,0.0,0.0
2024-05-27 13:00:00+08:00,24.450000762939453,24.600000381469727,24.399999618530273,24.600000381469727,28010,0.0,0.0
2024-05-28 09:00:00+08:00,24.649999618530273,24.799999237060547,24.600000381469727,24.700000762939453,0,0.0,0.0
2024-05-28 10:00:00+08:00,24.799999237060547,25.200000762939453,24.75,24.950000762939453,82255,0.0,0.0
2024-05-28 11:00:00+08:00,24.950000762939453,24.950000762939453,24.799999237060547,24.899999618530273,17299,0.0,0.0
2024-05-28 12:00:00+08:00,24.899999618530273,24.899999618530273,24.75,24.75,60352,0.0,0.0
2024-05-28 13:00:00+08:00,24.799999237060547,24.899999618530273,24.799999237060547,24.899999618530273,13003,0.0,0.0
2024-05-29 09:00:00+08:00,25.0,25.0,24.649999618530273,24.799999237060547,0,0.0,0.0
2024-05-29 10:00:00+08:00,24.850000381469727,25.75,24.850000381469727,25.700000762939453,148662,0.0,0.0
2024-05-29 11:00:00+08:00,25.600000381469727,25.850000381469727,25.399999618530273,25.5,133121,0.0,0.0
2024-05-29 12:00:00+08:00,25.5,25.5,25.299999237060547,25.399999618530273,80491,0.0,0.0
2024-05-29 13:00:00+08:00,25.450000762939453,25.75,25.399999618530273,25.600000381469727,50368,0.0,0.0
2024-05-30 09:00:00+08:00,25.600000381469727,25.75,25.25,25.700000762939453,0,0.0,0.0
2024-05-30 10:00:00+08:00,25.700000762939453,25.75,25.299999237060547,25.350000381469727,58003,0.0,0.0
2024-05-30 11:00:00+08:00,25.350000381469727,25.450000762939453,25.350000381469727,25.350000381469727,9000,0.0,0.0
2024-05-30 12:00:00+08:00,25.350000381469727,25.450000762939453,25.350000381469727,25.450000762939453,28015,0.0,0.0
2024-05-30 13:00:00+08:00,25.399999618530273,25.399999618530273,25.299999237060547,25.299999237060547,29160,0.0,0.0
2024-05-31 09:00:00+08:00,25.049999237060547,25.700000762939453,25.049999237060547,25.700000762939453,0,0.0,0.0
2024-05-31 10:00:00+08:00,25.700000762939453,25.75,25.600000381469727,25.649999618530273,69288,0.0,0.0
2024-05-31 11:00:00+08:00,25.600000381469727,25.799999237060547,25.549999237060547,25.649999618530273,61789,0.0,0.0
2024-05-31 12:00:00+08:00,25.600000381469727,25.600000381469727,25.299999237060547,25.5,17378,0.0,0.0
2024-05-31 13:00:00+08:00,25.75,25.75,25.5,25.649999618530273,15001,0.0,0.0
2024-06-03 09:00:00+08:00,26.0,26.100000381469727,25.600000381469727,25.799999237060547,0,0.0,0.0
2024-06-03 10:00:00+08:00,25.75,25.799999237060547,25.549999237060547,25.75,47164,0.0,0.0
2024-06-03 11:00:00+08:00,25.799999237060547,25.899999618530273,25.700000762939453,25.700000762939453,16134,0.0,0.0
2024-06-03 12:00:00+08:00,25.700000762939453,25.75,25.649999618530273,25.649999618530273,15086,0.0,0.0
2024-06-03 13:00:00+08:00,25.649999618530273,25.700000762939453,25.549999237060547,25.549999237060547,26073,0.0,0.0
2024-06-04 09:00:00+08:00,25.600000381469727,25.799999237060547,25.299999237060547,25.799999237060547,0,0.0,0.0
2024-06-04 10:00:00+08:00,25.799999237060547,25.799999237060547,25.600000381469727,25.600000381469727,33575,0.0,0.0
2024-06-04 11:00:00+08:00,25.5,25.5,25.299999237060547,25.299999237060547,56214,0.0,0.0
2024-06-04 12:00:00+08:00,25.299999237060547,25.350000381469727,25.25,25.299999237060547,36512,0.0,0.0
2024-06-04 13:00:00+08:00,25.299999237060547,25.299999237060547,25.25,25.299999237060547,33050,0.0,0.0
2024-06-05 09:00:00+08:00,25.600000381469727,25.600000381469727,25.399999618530273,25.450000762939453,0,0.0,0.0
2024-06-05 10:00:00+08:00,25.399999618530273,25.399999618530273,25.299999237060547,25.399999618530273,36021,0.0,0.0
2024-06-05 11:00:00+08:00,25.350000381469727,25.350000381469727,25.299999237060547,25.350000381469727,14357,0.0,0.0
2024-06-05 12:00:00+08:00,25.299999237060547,25.5,25.299999237060547,25.450000762939453,61101,0.0,0.0
2024-06-05 13:00:00+08:00,25.399999618530273,25.450000762939453,25.299999237060547,25.299999237060547,34039,0.0,0.0
2024-06-06 09:00:00+08:00,25.5,25.700000762939453,25.5,25.5,0,0.0,0.0
2024-06-06 10:00:00+08:00,25.350000381469727,25.350000381469727,25.049999237060547,25.049999237060547,38688,0.0,0.0
2024-06-06 11:00:00+08:00,25.049999237060547,25.200000762939453,25.049999237060547,25.200000762939453,12263,0.0,0.0
2024-06-06 12:00:00+08:00,25.100000381469727,25.100000381469727,24.799999237060547,24.899999618530273,75206,0.0,0.0
2024-06-06 13:00:00+08:00,24.899999618530273,24.899999618530273,24.700000762939453,24.700000762939453,29090,0.0,0.0
2024-06-07 09:00:00+08:00,25.5,25.5,24.75,24.799999237060547,0,0.0,0.0
2024-06-07 10:00:00+08:00,25.0,25.299999237060547,25.0,25.200000762939453,43451,0.0,0.0
2024-06-07 11:00:00+08:00,25.200000762939453,27.149999618530273,25.200000762939453,26.799999237060547,862073,0.0,0.0
2024-06-07 12:00:00+08:00,26.799999237060547,27.149999618530273,26.799999237060547,27.149999618530273,581437,0.0,0.0
2024-06-07 13:00:00+08:00,27.149999618530273,27.149999618530273,27.149999618530273,27.149999618530273,47219,0.0,0.0
2024-06-11 09:00:00+08:00,27.200000762939453,28.350000381469727,27.200000762939453,28.049999237060547,0,0.0,0.0
2024-06-11 10:00:00+08:00,27.899999618530273,28.0,27.450000762939453,27.75,272386,0.0,0.0
2024-06-11 11:00:00+08:00,27.600000381469727,28.149999618530273,27.5,27.850000381469727,284948,0.0,0.0
2024-06-11 12:00:00+08:00,27.899999618530273,28.200000762939453,27.549999237060547,27.549999237060547,249293,0.0,0.0
2024-06-11 13:00:00+08:00,27.600000381469727,27.700000762939453,27.549999237060547,27.600000381469727,77471,0.0,0.0
2024-06-12 09:00:00+08:00,26.0,27.399999618530273,26.0,26.799999237060547,0,0.0,0.0
2024-06-12 10:00:00+08:00,26.799999237060547,26.799999237060547,26.5,26.549999237060547,90327,0.0,0.0
2024-06-12 11:00:00+08:00,26.549999237060547,26.600000381469727,26.299999237060547,26.399999618530273,86231,0.0,0.0
2024-06-12 12:00:00+08:00,26.600000381469727,27.0,26.5,26.799999237060547,67464,0.0,0.0
2024-06-12 13:00:00+08:00,26.799999237060547,27.100000381469727,26.649999618530273,27.0,16649,0.0,0.0
2024-06-13 09:00:00+08:00,27.149999618530273,27.149999618530273,26.600000381469727,26.600000381469727,0,0.0,0.0
2024-06-13 10:00:00+08:00,26.600000381469727,26.649999618530273,26.549999237060547,26.600000381469727,73654,0.0,0.0
2024-06-13 11:00:00+08:00,26.600000381469727,26.700000762939453,26.600000381469727,26.649999618530273,33978,0.0,0.0
2024-06-13 12:00:00+08:00,26.700000762939453,27.0,26.600000381469727,26.899999618530273,51302,0.0,0.0
2024-06-13 13:00:00+08:00,26.899999618530273,27.399999618530273,26.850000381469727,27.299999237060547,104543,0.0,0.0
2024-06-14 09:00:00+08:00,27.350000381469727,27.600000381469727,27.149999618530273,27.200000762939453,0,0.0,0.0
2024-06-14 10:00:00+08:00,27.350000381469727,27.350000381469727,27.149999618530273,27.149999618530273,50143,0.0,0.0
2024-06-14 11:00:00+08:00,27.149999618530273,27.549999237060547,27.049999237060547,27.549999237060547,52163,0.0,0.0
2024-06-14 12:00:00+08:00,27.600000381469727,28.899999618530273,27.350000381469727,28.5,679440,0.0,0.0
2024-06-14 13:00:00+08:00,28.450000762939453,28.799999237060547,28.450000762939453,28.600000381469727,213853,0.0,0.0
2024-06-17 09:00:00+08:00,28.899999618530273,28.899999618530273,28.149999618530273,28.399999618530273,0,0.0,0.0
2024-06-17 10:00:00+08:00,28.399999618530273,28.5,28.299999237060547,28.399999618530273,85320,0.0,0.0
2024-06-17 11:00:00+08:00,28.399999618530273,30.450000762939453,28.399999618530273,30.0,1090908,0.0,0.0
2024-06-17 12:00:00+08:00,30.0,30.0,29.049999237060547,29.299999237060547,146325,0.0,0.0
2024-06-17 13:00:00+08:00,29.25,29.649999618530273,29.149999618530273,29.649999618530273,136326,0.0,0.0
2024-06-18 09:00:00+08:00,29.950000762939453,29.950000762939453,29.0,29.0,0,0.0,0.0
2024-06-18 10:00:00+08:00,29.0,29.5,28.899999618530273,29.5,190429,0.0,0.0
2024-06-18 11:00:00+08:00,29.600000381469727,30.0,29.299999237060547,29.350000381469727,121022,0.0,0.0
2024-06-18 12:00:00+08:00,29.350000381469727,29.350000381469727,29.200000762939453,29.25,77264,0.0,0.0
2024-06-18 13:00:00+08:00,29.25,29.25,29.100000381469727,29.149999618530273,72553,0.0,0.0
2024-06-19 09:00:00+08:00,29.549999237060547,29.549999237060547,28.899999618530273,29.0,0,0.0,0.0
2024-06-19 10:00:00+08:00,29.0,29.100000381469727,28.899999618530273,29.0,0,0.0,0.0
2024-06-19 11:00:00+08:00,29.0,29.0,28.450000762939453,28.450000762939453,364292,0.0,0.0
2024-06-19 12:00:00+08:00,28.450000762939453,28.5,27.799999237060547,28.149999618530273,171745,0.0,0.0
2024-06-19 13:00:00+08:00,28.149999618530273,28.450000762939453,28.100000381469727,28.100000381469727,66252,0.0,0.0
2024-06-20 09:00:00+08:00,28.549999237060547,31.0,28.549999237060547,31.0,737753,0.0,0.0
2024-06-20 10:00:00+08:00,31.0,31.0,30.799999237060547,31.0,1082787,0.0,0.0
2024-06-20 11:00:00+08:00,31.0,31.0,31.0,31.0,54699,0.0,0.0
2024-06-20 12:00:00+08:00,31.0,31.0,31.0,31.0,111825,0.0,0.0
2024-06-20 13:00:00+08:00,31.0,31.0,31.0,31.0,19486,0.0,0.0
2024-06-21 09:00:00+08:00,31.0,33.75,30.450000762939453,32.599998474121094,0,0.0,0.0
2024-06-21 10:00:00+08:00,32.599998474121094,33.0,32.20000076293945,32.20000076293945,338492,0.0,0.0
2024-06-21 11:00:00+08:00,32.20000076293945,33.20000076293945,32.04999923706055,32.75,401580,0.0,0.0
2024-06-21 12:00:00+08:00,32.79999923706055,32.79999923706055,32.099998474121094,32.25,210376,0.0,0.0
2024-06-21 13:00:00+08:00,32.29999923706055,32.45000076293945,32.099998474121094,32.25,138432,0.0,0.0
2024-06-24 09:00:00+08:00,32.0,32.04999923706055,31.25,31.399999618530273,0,0.0,0.0
2024-06-24 10:00:00+08:00,31.399999618530273,32.04999923706055,31.399999618530273,31.549999237060547,207811,0.0,0.0
2024-06-24 11:00:00+08:00,31.549999237060547,31.600000381469727,31.299999237060547,31.299999237060547,204806,0.0,0.0
2024-06-24 12:00:00+08:00,31.399999618530273,31.649999618530273,31.299999237060547,31.5,204163,0.0,0.0
2024-06-24 13:00:00+08:00,31.549999237060547,31.700000762939453,31.5,31.5,131523,0.0,0.0
2024-06-25 09:00:00+08:00,32.04999923706055,32.29999923706055,31.450000762939453,32.29999923706055,0,0.0,0.0
2024-06-25 10:00:00+08:00,32.25,32.349998474121094,31.850000381469727,31.850000381469727,269001,0.0,0.0
2024-06-25 11:00:00+08:00,31.850000381469727,31.850000381469727,31.549999237060547,31.549999237060547,154025,0.0,0.0
2024-06-25 12:00:00+08:00,31.549999237060547,31.799999237060547,31.5,31.75,74751,0.0,0.0
2024-06-25 13:00:00+08:00,31.799999237060547,31.950000762939453,31.799999237060547,31.799999237060547,71253,0.0,0.0
2024-06-26 09:00:00+08:00,32.54999923706055,32.54999923706055,31.549999237060547,31.799999237060547,0,0.0,0.0
2024-06-26 10:00:00+08:00,31.700000762939453,31.799999237060547,31.600000381469727,31.799999237060547,79105,0.0,0.0
2024-06-26 11:00:00+08:00,31.899999618530273,32.099998474121094,31.899999618530273,31.899999618530273,106452,0.0,0.0
2024-06-26 12:00:00+08:00,31.950000762939453,32.099998474121094,31.799999237060547,31.799999237060547,134663,0.0,0.0
2024-06-26 13:00:00+08:00,31.899999618530273,31.950000762939453,31.799999237060547,31.899999618530273,43021,0.0,0.0
2024-06-27 09:00:00+08:00,31.549999237060547,31.950000762939453,31.549999237060547,31.899999618530273,0,0.0,0.0
2024-06-27 10:00:00+08:00,31.899999618530273,31.950000762939453,31.649999618530273,31.700000762939453,93221,0.0,0.0
2024-06-27 11:00:00+08:00,31.700000762939453,31.899999618530273,31.700000762939453,31.799999237060547,68078,0.0,0.0
2024-06-27 12:00:00+08:00,31.75,31.799999237060547,31.649999618530273,31.700000762939453,138873,0.0,0.0
2024-06-27 13:00:00+08:00,31.700000762939453,31.700000762939453,31.600000381469727,31.649999618530273,101674,0.0,0.0
2024-06-28 09:00:00+08:00,31.799999237060547,33.0,31.799999237060547,32.099998474121094,0,0.0,0.0
2024-06-28 10:00:00+08:00,32.29999923706055,32.400001525878906,32.04999923706055,32.04999923706055,90568,0.0,0.0
2024-06-28 11:00:00+08:00,32.0,32.099998474121094,31.600000381469727,31.850000381469727,237701,0.0,0.0
2024-06-28 12:00:00+08:00,31.799999237060547,32.0,31.75,32.0,46146,0.0,0.0
2024-06-28 13:00:00+08:00,31.950000762939453,32.0,31.950000762939453,32.0,52327,0.0,0.0
2024-07-01 09:00:00+08:00,32.79999923706055,32.79999923706055,32.099998474121094,32.099998474121094,0,0.0,0.0
2024-07-01 10:00:00+08:00,32.099998474121094,32.20000076293945,31.899999618530273,32.20000076293945,87289,0.0,0.0
2024-07-01 11:00:00+08:00,32.150001525878906,32.20000076293945,32.0,32.150001525878906,79082,0.0,0.0
2024-07-01 12:00:00+08:00,32.150001525878906,32.150001525878906,32.0,32.04999923706055,78252,0.0,0.0
2024-07-01 13:00:00+08:00,32.04999923706055,32.04999923706055,31.700000762939453,31.75,125542,0.0,0.0
2024-07-02 09:00:00+08:00,31.100000381469727,31.299999237060547,30.350000381469727,31.0,8484,0.0,0.0
2024-07-02 10:00:00+08:00,31.0,31.0,30.549999237060547,30.549999237060547,104405,0.0,0.0
2024-07-02 11:00:00+08:00,30.600000381469727,30.649999618530273,30.299999237060547,30.399999618530273,135845,0.0,0.0
2024-07-02 12:00:00+08:00,30.399999618530273,30.5,30.399999618530273,30.450000762939453,78174,0.0,0.0
2024-07-02 13:00:00+08:00,30.450000762939453,30.450000762939453,30.25,30.350000381469727,75621,0.0,0.0
2024-07-03 09:00:00+08:00,30.399999618530273,30.700000762939453,30.399999618530273,30.399999618530273,62337,0.0,0.0
2024-07-03 10:00:00+08:00,30.450000762939453,30.450000762939453,30.25,30.299999237060547,50637,0.0,0.0
2024-07-03 11:00:00+08:00,30.25,30.350000381469727,29.950000762939453,29.950000762939453,139449,0.0,0.0
2024-07-03 12:00:00+08:00,30.25,30.299999237060547,30.049999237060547,30.100000381469727,83915,0.0,0.0
2024-07-03 13:00:00+08:00,30.149999618530273,30.25,30.0,30.25,57935,0.0,0.0
2024-07-04 09:00:00+08:00,30.600000381469727,30.649999618530273,30.200000762939453,30.450000762939453,61201,0.0,0.0
2024-07-04 10:00:00+08:00,30.450000762939453,31.0,30.450000762939453,30.950000762939453,112912,0.0,0.0
2024-07-04 11:00:00+08:00,30.950000762939453,30.950000762939453,30.700000762939453,30.799999237060547,51052,0.0,0.0
2024-07-04 12:00:00+08:00,30.850000381469727,31.25,30.850000381469727,31.149999618530273,170374,0.0,0.0
2024-07-04 13:00:00+08:00,31.200000762939453,31.200000762939453,30.899999618530273,31.149999618530273,58261,0.0,0.0
2024-07-05 09:00:00+08:00,31.299999237060547,31.899999618530273,31.049999237060547,31.100000381469727,0,0.0,0.0
2024-07-05 10:00:00+08:00,31.100000381469727,32.20000076293945,31.100000381469727,32.150001525878906,267349,0.0,0.0
2024-07-05 11:00:00+08:00,32.150001525878906,32.650001525878906,31.899999618530273,32.20000076293945,375930,0.0,0.0
2024-07-05 12:00:00+08:00,32.150001525878906,32.150001525878906,31.799999237060547,31.799999237060547,62076,0.0,0.0
2024-07-05 13:00:00+08:00,31.950000762939453,32.25,31.899999618530273,32.20000076293945,74173,0.0,0.0
2024-07-08 09:00:00+08:00,32.5,32.5,31.850000381469727,32.29999923706055,0,0.0,0.0
2024-07-08 10:00:00+08:00,32.29999923706055,32.29999923706055,31.899999618530273,32.04999923706055,88769,0.0,0.0
2024-07-08 11:00:00+08:00,32.099998474121094,32.29999923706055,32.0,32.150001525878906,144686,0.0,0.0
2024-07-08 12:00:00+08:00,32.349998474121094,32.349998474121094,32.0,32.0,82152,0.0,0.0
2024-07-08 13:00:00+08:00,32.0,32.0,31.75,31.75,96096,0.0,0.0
2024-07-09 09:00:00+08:00,31.799999237060547,31.899999618530273,30.350000381469727,30.399999618530273,250407,0.0,0.0
2024-07-09 10:00:00+08:00,30.5,31.200000762939453,30.450000762939453,30.899999618530273,143875,0.0,0.0
2024-07-09 11:00:00+08:00,30.899999618530273,31.0,30.75,30.850000381469727,57012,0.0,0.0
2024-07-09 12:00:00+08:00,30.799999237060547,31.149999618530273,30.799999237060547,31.100000381469727,74579,0.0,0.0
2024-07-09 13:00:00+08:00,31.100000381469727,31.299999237060547,31.100000381469727,31.149999618530273,66702,0.0,0.0
2024-07-10 09:00:00+08:00,31.350000381469727,31.75,31.100000381469727,31.549999237060547,63294,0.0,0.0
2024-07-10 10:00:00+08:00,31.5,31.549999237060547,31.299999237060547,31.549999237060547,36032,0.0,0.0
2024-07-10 11:00:00+08:00,31.600000381469727,31.600000381469727,31.350000381469727,31.350000381469727,26000,0.0,0.0
2024-07-10 12:00:00+08:00,31.350000381469727,31.399999618530273,31.100000381469727,31.100000381469727,36366,0.0,0.0
2024-07-10 13:00:00+08:00,31.100000381469727,31.399999618530273,31.100000381469727,31.399999618530273,73164,0.0,0.0
2024-07-11 09:00:00+08:00,30.899999618530273,30.899999618530273,30.350000381469727,30.549999237060547,159384,0.0,0.0
2024-07-11 10:00:00+08:00,30.549999237060547,30.549999237060547,30.149999618530273,30.350000381469727,242143,0.0,0.0
2024-07-11 11:00:00+08:00,30.299999237060547,30.350000381469727,30.149999618530273,30.200000762939453,107076,0.0,0.0
2024-07-11 12:00:00+08:00,30.200000762939453,30.299999237060547,30.149999618530273,30.299999237060547,111491,0.0,0.0
2024-07-11 13:00:00+08:00,30.299999237060547,30.299999237060547,30.149999618530273,30.299999237060547,36001,0.0,0.0
2024-07-12 09:00:00+08:00,29.950000762939453,30.299999237060547,29.950000762939453,30.299999237060547,89191,0.0,0.0
2024-07-12 10:00:00+08:00,30.25,30.600000381469727,30.25,30.5,73232,0.0,0.0
2024-07-12 11:00:00+08:00,30.5,30.549999237060547,30.299999237060547,30.299999237060547,51439,0.0,0.0
2024-07-12 12:00:00+08:00,30.350000381469727,30.350000381469727,30.25,30.299999237060547,43346,0.0,0.0
2024-07-12 13:00:00+08:00,30.25,30.350000381469727,30.25,30.25,28000,0.0,0.0
2024-07-15 09:00:00+08:00,30.299999237060547,30.299999237060547,29.649999618530273,30.299999237060547,0,0.0,0.0
2024-07-15 10:00:00+08:00,30.299999237060547,30.299999237060547,30.049999237060547,30.149999618530273,10050,0.0,0.0
2024-07-15 11:00:00+08:00,30.25,30.25,29.850000381469727,29.899999618530273,40219,0.0,0.0
2024-07-15 12:00:00+08:00,30.0,30.0,29.700000762939453,29.799999237060547,52036,0.0,0.0
2024-07-15 13:00:00+08:00,29.75,29.799999237060547,29.649999618530273,29.700000762939453,58043,0.0,0.0
2024-07-16 09:00:00+08:00,30.0,30.100000381469727,29.700000762939453,29.799999237060547,61618,0.0,0.0
2024-07-16 10:00:00+08:00,29.799999237060547,29.799999237060547,29.700000762939453,29.700000762939453,18002,0.0,0.0
2024-07-16 11:00:00+08:00,29.75,29.799999237060547,29.649999618530273,29.649999618530273,41051,0.0,0.0
2024-07-16 12:00:00+08:00,29.649999618530273,29.700000762939453,29.649999618530273,29.700000762939453,0,0.0,0.0
2024-07-16 13:00:00+08:00,29.700000762939453,29.700000762939453,29.600000381469727,29.649999618530273,165609,0.0,0.0
2024-07-17 09:00:00+08:00,29.549999237060547,29.799999237060547,29.5,29.799999237060547,31024,0.0,0.0
2024-07-17 10:00:00+08:00,29.799999237060547,30.049999237060547,29.700000762939453,30.0,91108,0.0,0.0
2024-07-17 11:00:00+08:00,29.950000762939453,30.0,29.799999237060547,29.799999237060547,11004,0.0,0.0
2024-07-17 12:00:00+08:00,29.75,29.799999237060547,29.75,29.75,21101,0.0,0.0
2024-07-17 13:00:00+08:00,29.700000762939453,29.799999237060547,29.649999618530273,29.799999237060547,40000,0.0,0.0
2024-07-18 09:00:00+08:00,29.200000762939453,29.25,29.049999237060547,29.049999237060547,42220,0.0,0.0
2024-07-18 10:00:00+08:00,29.100000381469727,29.100000381469727,28.5,28.899999618530273,168667,0.0,0.0
2024-07-18 11:00:00+08:00,28.899999618530273,29.0,28.899999618530273,29.0,10031,0.0,0.0
2024-07-18 12:00:00+08:00,28.899999618530273,28.899999618530273,28.799999237060547,28.899999618530273,14232,0.0,0.0
2024-07-18 13:00:00+08:00,28.899999618530273,28.899999618530273,28.850000381469727,28.899999618530273,18000,0.0,0.0
2024-07-19 09:00:00+08:00,28.850000381469727,28.850000381469727,28.450000762939453,28.5,65755,0.0,0.0
2024-07-19 10:00:00+08:00,28.399999618530273,28.5,28.200000762939453,28.5,81437,0.0,0.0
2024-07-19 11:00:00+08:00,28.5,28.5,28.450000762939453,28.5,20002,0.0,0.0
2024-07-19 12:00:00+08:00,28.5,28.549999237060547,28.299999237060547,28.299999237060547,22101,0.0,0.0
2024-07-19 13:00:00+08:00,28.25,28.450000762939453,28.200000762939453,28.25,57516,0.0,0.0
