Datetime,Open,High,Low,Close,Volume,Dividends,Stock Splits
2024-10-07 09:30:00-04:00,17.969999313354492,17.969999313354492,17.920000076293945,17.920000076293945,24352,0.0,0.0
2024-10-07 09:31:00-04:00,17.84000015258789,17.8799991607666,17.84000015258789,17.8799991607666,2159,0.0,0.0
2024-10-07 09:32:00-04:00,17.889999389648438,17.899999618530273,17.8799991607666,17.895000457763672,1393,0.0,0.0
2024-10-07 09:33:00-04:00,17.899999618530273,17.940000534057617,17.899999618530273,17.940000534057617,1375,0.0,0.0
2024-10-07 09:34:00-04:00,17.920000076293945,17.920000076293945,17.899999618530273,17.899999618530273,613,0.0,0.0
2024-10-07 09:35:00-04:00,17.899999618530273,17.899999618530273,17.8799991607666,17.8799991607666,556,0.0,0.0
2024-10-07 09:36:00-04:00,17.864999771118164,17.8799991607666,17.864999771118164,17.8799991607666,734,0.0,0.0
2024-10-07 09:37:00-04:00,17.8799991607666,17.8799991607666,17.8799991607666,17.8799991607666,463,0.0,0.0
2024-10-07 09:39:00-04:00,17.860000610351562,17.860000610351562,17.860000610351562,17.860000610351562,201,0.0,0.0
2024-10-07 09:40:00-04:00,17.860000610351562,17.860000610351562,17.780000686645508,17.834999084472656,2881,0.0,0.0
2024-10-07 09:41:00-04:00,17.84000015258789,17.84000015258789,17.829999923706055,17.829999923706055,273,0.0,0.0
2024-10-07 09:42:00-04:00,17.829999923706055,17.829999923706055,17.799999237060547,17.799999237060547,341,0.0,0.0
2024-10-07 09:43:00-04:00,17.799999237060547,17.809999465942383,17.790000915527344,17.80500030517578,743,0.0,0.0
2024-10-07 09:44:00-04:00,17.780000686645508,17.790000915527344,17.780000686645508,17.790000915527344,220,0.0,0.0
2024-10-07 09:45:00-04:00,17.795000076293945,17.795000076293945,17.795000076293945,17.795000076293945,323,0.0,0.0
2024-10-07 09:46:00-04:00,17.790000915527344,17.819000244140625,17.790000915527344,17.819000244140625,489,0.0,0.0
2024-10-07 09:47:00-04:00,17.81999969482422,17.84000015258789,17.760000228881836,17.760000228881836,994,0.0,0.0
2024-10-07 09:48:00-04:00,17.75,17.770000457763672,17.75,17.770000457763672,694,0.0,0.0
2024-10-07 09:49:00-04:00,17.780000686645508,17.780000686645508,17.770000457763672,17.770000457763672,324,0.0,0.0
2024-10-07 09:50:00-04:00,17.770000457763672,17.770000457763672,17.729999542236328,17.739999771118164,465,0.0,0.0
2024-10-07 09:51:00-04:00,17.729999542236328,17.739999771118164,17.725000381469727,17.729999542236328,2205,0.0,0.0
2024-10-07 09:52:00-04:00,17.709999084472656,17.71500015258789,17.700000762939453,17.71500015258789,2507,0.0,0.0
2024-10-07 09:53:00-04:00,17.729999542236328,17.729999542236328,17.719999313354492,17.719999313354492,1179,0.0,0.0
2024-10-07 09:54:00-04:00,17.655000686645508,17.65999984741211,17.6299991607666,17.65999984741211,920,0.0,0.0
2024-10-07 09:55:00-04:00,17.670000076293945,17.679899215698242,17.670000076293945,17.670000076293945,2266,0.0,0.0
2024-10-07 09:56:00-04:00,17.66990089416504,17.670000076293945,17.645000457763672,17.670000076293945,1993,0.0,0.0
2024-10-07 09:57:00-04:00,17.670000076293945,17.670000076293945,17.670000076293945,17.670000076293945,222,0.0,0.0
2024-10-07 09:58:00-04:00,17.690000534057617,17.709999084472656,17.690000534057617,17.709999084472656,557,0.0,0.0
2024-10-07 09:59:00-04:00,17.71500015258789,17.729999542236328,17.690000534057617,17.690000534057617,2147,0.0,0.0
2024-10-07 10:00:00-04:00,17.700000762939453,17.719999313354492,17.684999465942383,17.719999313354492,967,0.0,0.0
2024-10-07 10:01:00-04:00,17.719999313354492,17.719999313354492,17.690000534057617,17.690000534057617,741,0.0,0.0
2024-10-07 10:02:00-04:00,17.684999465942383,17.709999084472656,17.68000030517578,17.700000762939453,1518,0.0,0.0
2024-10-07 10:03:00-04:00,17.739999771118164,17.75,17.700000762939453,17.725000381469727,9046,0.0,0.0
2024-10-07 10:04:00-04:00,17.73900032043457,17.780000686645508,17.73900032043457,17.780000686645508,852,0.0,0.0
2024-10-07 10:05:00-04:00,17.780000686645508,17.780000686645508,17.770000457763672,17.770000457763672,401,0.0,0.0
2024-10-07 10:06:00-04:00,17.770000457763672,17.770000457763672,17.770000457763672,17.770000457763672,632,0.0,0.0
2024-10-07 10:07:00-04:00,17.792299270629883,17.792299270629883,17.790000915527344,17.790000915527344,648,0.0,0.0
2024-10-07 10:08:00-04:00,17.809999465942383,17.809999465942383,17.780000686645508,17.780000686645508,526,0.0,0.0
2024-10-07 10:09:00-04:00,17.799999237060547,17.84000015258789,17.799999237060547,17.84000015258789,872,0.0,0.0
2024-10-07 10:10:00-04:00,17.850000381469727,17.8700008392334,17.829999923706055,17.829999923706055,3958,0.0,0.0
2024-10-07 10:11:00-04:00,17.84000015258789,17.850000381469727,17.84000015258789,17.850000381469727,316,0.0,0.0
2024-10-07 10:12:00-04:00,17.860000610351562,17.8799991607666,17.860000610351562,17.8700008392334,903,0.0,0.0
2024-10-07 10:13:00-04:00,17.8700008392334,17.889999389648438,17.8700008392334,17.889999389648438,242,0.0,0.0
2024-10-07 10:14:00-04:00,17.899999618530273,17.899999618530273,17.889999389648438,17.889999389648438,938,0.0,0.0
2024-10-07 10:15:00-04:00,17.8799991607666,17.8799991607666,17.8799991607666,17.8799991607666,109,0.0,0.0
2024-10-07 10:16:00-04:00,17.8799991607666,17.93000030517578,17.878999710083008,17.93000030517578,1369,0.0,0.0
2024-10-07 10:17:00-04:00,17.93000030517578,17.93000030517578,17.93000030517578,17.93000030517578,132,0.0,0.0
2024-10-07 10:18:00-04:00,17.940000534057617,17.959999084472656,17.93000030517578,17.940000534057617,1123,0.0,0.0
2024-10-07 10:19:00-04:00,17.940000534057617,17.940000534057617,17.940000534057617,17.940000534057617,444,0.0,0.0
2024-10-07 10:21:00-04:00,17.920000076293945,17.93000030517578,17.90999984741211,17.93000030517578,918,0.0,0.0
2024-10-07 10:22:00-04:00,17.950000762939453,17.950000762939453,17.940000534057617,17.940000534057617,366,0.0,0.0
2024-10-07 10:23:00-04:00,17.940000534057617,17.940000534057617,17.940000534057617,17.940000534057617,365,0.0,0.0
2024-10-07 10:24:00-04:00,17.950000762939453,17.950000762939453,17.90999984741211,17.920000076293945,2084,0.0,0.0
2024-10-07 10:25:00-04:00,17.90999984741211,17.90999984741211,17.90999984741211,17.90999984741211,413,0.0,0.0
2024-10-07 10:26:00-04:00,17.899999618530273,17.90999984741211,17.899999618530273,17.90999984741211,327,0.0,0.0
2024-10-07 10:27:00-04:00,17.899999618530273,17.899999618530273,17.899999618530273,17.899999618530273,651,0.0,0.0
2024-10-07 10:28:00-04:00,17.9060001373291,17.9060001373291,17.889999389648438,17.889999389648438,544,0.0,0.0
2024-10-07 10:29:00-04:00,17.889999389648438,17.899999618530273,17.889999389648438,17.899999618530273,620,0.0,0.0
2024-10-07 10:30:00-04:00,17.889999389648438,17.889999389648438,17.8799991607666,17.8799991607666,1047,0.0,0.0
2024-10-07 10:31:00-04:00,17.8700008392334,17.8700008392334,17.84375,17.860000610351562,2079,0.0,0.0
2024-10-07 10:32:00-04:00,17.8700008392334,17.8700008392334,17.81999969482422,17.81999969482422,590,0.0,0.0
2024-10-07 10:33:00-04:00,17.8341007232666,17.8341007232666,17.829999923706055,17.829999923706055,558,0.0,0.0
2024-10-07 10:34:00-04:00,17.799999237060547,17.81999969482422,17.790000915527344,17.81999969482422,12231,0.0,0.0
2024-10-07 10:35:00-04:00,17.809999465942383,17.854999542236328,17.809999465942383,17.854999542236328,1329,0.0,0.0
2024-10-07 10:36:00-04:00,17.860000610351562,17.886999130249023,17.860000610351562,17.8700008392334,1506,0.0,0.0
2024-10-07 10:37:00-04:00,17.8700008392334,17.8700008392334,17.8700008392334,17.8700008392334,710,0.0,0.0
2024-10-07 10:38:00-04:00,17.850000381469727,17.850000381469727,17.84000015258789,17.84000015258789,603,0.0,0.0
2024-10-07 10:39:00-04:00,17.850000381469727,17.860000610351562,17.850000381469727,17.850000381469727,1790,0.0,0.0
2024-10-07 10:40:00-04:00,17.850000381469727,17.850000381469727,17.850000381469727,17.850000381469727,634,0.0,0.0
2024-10-07 10:41:00-04:00,17.860000610351562,17.860000610351562,17.860000610351562,17.860000610351562,706,0.0,0.0
2024-10-07 10:42:00-04:00,17.860000610351562,17.8799991607666,17.860000610351562,17.8700008392334,1164,0.0,0.0
2024-10-07 10:43:00-04:00,17.8700008392334,17.8700008392334,17.860000610351562,17.860000610351562,1085,0.0,0.0
2024-10-07 10:44:00-04:00,17.860000610351562,17.864999771118164,17.860000610351562,17.864999771118164,786,0.0,0.0
2024-10-07 10:45:00-04:00,17.8700008392334,17.8700008392334,17.84000015258789,17.84000015258789,1364,0.0,0.0
2024-10-07 10:46:00-04:00,17.84000015258789,17.84000015258789,17.84000015258789,17.84000015258789,470,0.0,0.0
2024-10-07 10:47:00-04:00,17.850000381469727,17.850000381469727,17.809999465942383,17.809999465942383,2792,0.0,0.0
2024-10-07 10:48:00-04:00,17.829999923706055,17.829999923706055,17.829999923706055,17.829999923706055,161,0.0,0.0
2024-10-07 10:49:00-04:00,17.84000015258789,17.84000015258789,17.81999969482422,17.829999923706055,1058,0.0,0.0
2024-10-07 10:50:00-04:00,17.829999923706055,17.829999923706055,17.829999923706055,17.829999923706055,296,0.0,0.0
2024-10-07 10:51:00-04:00,17.84000015258789,17.84000015258789,17.84000015258789,17.84000015258789,1040,0.0,0.0
2024-10-07 10:52:00-04:00,17.84000015258789,17.84000015258789,17.84000015258789,17.84000015258789,781,0.0,0.0
2024-10-07 10:53:00-04:00,17.81999969482422,17.83989906311035,17.81999969482422,17.81999969482422,4013,0.0,0.0
2024-10-07 10:54:00-04:00,17.829999923706055,17.829999923706055,17.829999923706055,17.829999923706055,232,0.0,0.0
2024-10-07 10:55:00-04:00,17.81999969482422,17.81999969482422,17.81999969482422,17.81999969482422,782,0.0,0.0
2024-10-07 10:56:00-04:00,17.825000762939453,17.84000015258789,17.825000762939453,17.84000015258789,1584,0.0,0.0
2024-10-07 10:57:00-04:00,17.84000015258789,17.84000015258789,17.84000015258789,17.84000015258789,792,0.0,0.0
2024-10-07 10:58:00-04:00,17.850000381469727,17.850000381469727,17.850000381469727,17.850000381469727,621,0.0,0.0
2024-10-07 10:59:00-04:00,17.84000015258789,17.84000015258789,17.84000015258789,17.84000015258789,296,0.0,0.0
2024-10-07 11:00:00-04:00,17.809999465942383,17.809999465942383,17.770000457763672,17.780000686645508,1136,0.0,0.0
2024-10-07 11:01:00-04:00,17.774999618530273,17.774999618530273,17.760000228881836,17.760000228881836,1573,0.0,0.0
2024-10-07 11:02:00-04:00,17.75,17.75,17.75,17.75,500,0.0,0.0
2024-10-07 11:03:00-04:00,17.7549991607666,17.760000228881836,17.7549991607666,17.760000228881836,763,0.0,0.0
2024-10-07 11:04:00-04:00,17.75,17.764999389648438,17.75,17.75,1339,0.0,0.0
2024-10-07 11:05:00-04:00,17.75,17.75,17.719999313354492,17.719999313354492,971,0.0,0.0
2024-10-07 11:06:00-04:00,17.719999313354492,17.729999542236328,17.709999084472656,17.709999084472656,620,0.0,0.0
2024-10-07 11:07:00-04:00,17.719999313354492,17.719999313354492,17.719999313354492,17.719999313354492,594,0.0,0.0
2024-10-07 11:08:00-04:00,17.739999771118164,17.75,17.739999771118164,17.75,773,0.0,0.0
2024-10-07 11:09:00-04:00,17.75,17.75,17.75,17.75,248,0.0,0.0
2024-10-07 11:10:00-04:00,17.760000228881836,17.760000228881836,17.760000228881836,17.760000228881836,547,0.0,0.0
2024-10-07 11:11:00-04:00,17.770000457763672,17.799999237060547,17.760000228881836,17.790000915527344,8158,0.0,0.0
2024-10-07 11:12:00-04:00,17.790000915527344,17.809999465942383,17.780000686645508,17.809999465942383,1269,0.0,0.0
2024-10-07 11:13:00-04:00,17.799999237060547,17.800100326538086,17.780000686645508,17.780000686645508,641,0.0,0.0
2024-10-07 11:14:00-04:00,17.790000915527344,17.790000915527344,17.790000915527344,17.790000915527344,846,0.0,0.0
2024-10-07 11:15:00-04:00,17.780000686645508,17.780000686645508,17.760000228881836,17.760000228881836,304,0.0,0.0
2024-10-07 11:16:00-04:00,17.770000457763672,17.770000457763672,17.770000457763672,17.770000457763672,369,0.0,0.0
2024-10-07 11:17:00-04:00,17.770000457763672,17.770000457763672,17.75612449645996,17.75612449645996,698,0.0,0.0
2024-10-07 11:18:00-04:00,17.760000228881836,17.760000228881836,17.760000228881836,17.760000228881836,485,0.0,0.0
2024-10-07 11:19:00-04:00,17.768999099731445,17.768999099731445,17.768999099731445,17.768999099731445,1914,0.0,0.0
2024-10-07 11:20:00-04:00,17.770000457763672,17.770000457763672,17.760000228881836,17.760000228881836,385,0.0,0.0
2024-10-07 11:21:00-04:00,17.760000228881836,17.780000686645508,17.760000228881836,17.780000686645508,992,0.0,0.0
2024-10-07 11:22:00-04:00,17.790000915527344,17.790000915527344,17.780000686645508,17.790000915527344,3687,0.0,0.0
2024-10-07 11:23:00-04:00,17.770000457763672,17.770000457763672,17.770000457763672,17.770000457763672,200,0.0,0.0
2024-10-07 11:24:00-04:00,17.764999389648438,17.770000457763672,17.750099182128906,17.750099182128906,3130,0.0,0.0
2024-10-07 11:25:00-04:00,17.770000457763672,17.770000457763672,17.770000457763672,17.770000457763672,702,0.0,0.0
2024-10-07 11:26:00-04:00,17.770000457763672,17.770000457763672,17.770000457763672,17.770000457763672,505,0.0,0.0
2024-10-07 11:27:00-04:00,17.770000457763672,17.770000457763672,17.770000457763672,17.770000457763672,661,0.0,0.0
2024-10-07 11:28:00-04:00,17.760000228881836,17.760000228881836,17.7450008392334,17.7450008392334,613,0.0,0.0
2024-10-07 11:29:00-04:00,17.75,17.75,17.729999542236328,17.729999542236328,426,0.0,0.0
2024-10-07 11:30:00-04:00,17.725000381469727,17.739999771118164,17.725000381469727,17.739999771118164,724,0.0,0.0
2024-10-07 11:31:00-04:00,17.739999771118164,17.75,17.739999771118164,17.75,1151,0.0,0.0
2024-10-07 11:32:00-04:00,17.739999771118164,17.75,17.739999771118164,17.739999771118164,686,0.0,0.0
2024-10-07 11:33:00-04:00,17.7450008392334,17.764999389648438,17.7450008392334,17.764999389648438,1654,0.0,0.0
2024-10-07 11:34:00-04:00,17.760000228881836,17.764999389648438,17.760000228881836,17.764999389648438,1320,0.0,0.0
2024-10-07 11:35:00-04:00,17.760000228881836,17.760000228881836,17.760000228881836,17.760000228881836,891,0.0,0.0
2024-10-07 11:36:00-04:00,17.770000457763672,17.790000915527344,17.770000457763672,17.790000915527344,1590,0.0,0.0
2024-10-07 11:37:00-04:00,17.780000686645508,17.780000686645508,17.780000686645508,17.780000686645508,754,0.0,0.0
2024-10-07 11:38:00-04:00,17.770000457763672,17.770000457763672,17.760000228881836,17.760000228881836,817,0.0,0.0
2024-10-07 11:39:00-04:00,17.760000228881836,17.760000228881836,17.760000228881836,17.760000228881836,1021,0.0,0.0
2024-10-07 11:40:00-04:00,17.760000228881836,17.760000228881836,17.760000228881836,17.760000228881836,403,0.0,0.0
2024-10-07 11:41:00-04:00,17.760000228881836,17.760000228881836,17.75,17.75950050354004,1678,0.0,0.0
2024-10-07 11:43:00-04:00,17.760000228881836,17.760000228881836,17.729999542236328,17.729999542236328,1530,0.0,0.0
2024-10-07 11:44:00-04:00,17.729999542236328,17.739999771118164,17.719999313354492,17.739999771118164,1518,0.0,0.0
2024-10-07 11:45:00-04:00,17.7450008392334,17.75,17.7450008392334,17.75,472,0.0,0.0
2024-10-07 11:46:00-04:00,17.75,17.75,17.75,17.75,2849,0.0,0.0
2024-10-07 11:47:00-04:00,17.739999771118164,17.739999771118164,17.739999771118164,17.739999771118164,264,0.0,0.0
2024-10-07 11:48:00-04:00,17.7450008392334,17.75,17.739999771118164,17.739999771118164,1257,0.0,0.0
2024-10-07 11:49:00-04:00,17.739999771118164,17.739999771118164,17.739999771118164,17.739999771118164,331,0.0,0.0
2024-10-07 11:50:00-04:00,17.75,17.75,17.75,17.75,1058,0.0,0.0
2024-10-07 11:51:00-04:00,17.760000228881836,17.790000915527344,17.760000228881836,17.790000915527344,1064,0.0,0.0
2024-10-07 11:52:00-04:00,17.780000686645508,17.790000915527344,17.770000457763672,17.790000915527344,492,0.0,0.0
2024-10-07 11:53:00-04:00,17.770000457763672,17.770000457763672,17.760000228881836,17.764999389648438,721,0.0,0.0
2024-10-07 11:54:00-04:00,17.770000457763672,17.770000457763672,17.760000228881836,17.770000457763672,1011,0.0,0.0
2024-10-07 11:55:00-04:00,17.760000228881836,17.760000228881836,17.75,17.75,705,0.0,0.0
2024-10-07 11:56:00-04:00,17.760000228881836,17.760000228881836,17.760000228881836,17.760000228881836,279,0.0,0.0
2024-10-07 11:57:00-04:00,17.770000457763672,17.790000915527344,17.770000457763672,17.780000686645508,1564,0.0,0.0
2024-10-07 11:58:00-04:00,17.780000686645508,17.780000686645508,17.780000686645508,17.780000686645508,171,0.0,0.0
2024-10-07 11:59:00-04:00,17.780000686645508,17.780000686645508,17.770000457763672,17.770000457763672,853,0.0,0.0
2024-10-07 12:00:00-04:00,17.774999618530273,17.774999618530273,17.774999618530273,17.774999618530273,741,0.0,0.0
2024-10-07 12:01:00-04:00,17.795000076293945,17.799999237060547,17.795000076293945,17.799999237060547,670,0.0,0.0
2024-10-07 12:02:00-04:00,17.799999237060547,17.809999465942383,17.799999237060547,17.809999465942383,651,0.0,0.0
2024-10-07 12:03:00-04:00,17.809999465942383,17.809999465942383,17.790000915527344,17.795000076293945,1491,0.0,0.0
2024-10-07 12:05:00-04:00,17.79400062561035,17.81999969482422,17.79400062561035,17.809999465942383,2916,0.0,0.0
2024-10-07 12:06:00-04:00,17.809999465942383,17.81999969482422,17.809999465942383,17.809999465942383,1441,0.0,0.0
2024-10-07 12:08:00-04:00,17.81999969482422,17.81999969482422,17.80500030517578,17.80500030517578,2300,0.0,0.0
2024-10-07 12:09:00-04:00,17.80500030517578,17.80500030517578,17.795000076293945,17.795000076293945,585,0.0,0.0
2024-10-07 12:10:00-04:00,17.790000915527344,17.825000762939453,17.790000915527344,17.825000762939453,2764,0.0,0.0
2024-10-07 12:11:00-04:00,17.81999969482422,17.81999969482422,17.81999969482422,17.81999969482422,285,0.0,0.0
2024-10-07 12:12:00-04:00,17.809999465942383,17.809999465942383,17.809999465942383,17.809999465942383,637,0.0,0.0
2024-10-07 12:13:00-04:00,17.809999465942383,17.829999923706055,17.809999465942383,17.829999923706055,1285,0.0,0.0
2024-10-07 12:14:00-04:00,17.81999969482422,17.81999969482422,17.81999969482422,17.81999969482422,460,0.0,0.0
2024-10-07 12:15:00-04:00,17.829999923706055,17.84000015258789,17.829999923706055,17.84000015258789,1050,0.0,0.0
2024-10-07 12:16:00-04:00,17.8700008392334,17.8700008392334,17.860000610351562,17.860000610351562,1399,0.0,0.0
2024-10-07 12:17:00-04:00,17.860000610351562,17.860000610351562,17.860000610351562,17.860000610351562,571,0.0,0.0
2024-10-07 12:18:00-04:00,17.860000610351562,17.860000610351562,17.850000381469727,17.850000381469727,1270,0.0,0.0
2024-10-07 12:19:00-04:00,17.84000015258789,17.84000015258789,17.829999923706055,17.829999923706055,591,0.0,0.0
2024-10-07 12:20:00-04:00,17.829999923706055,17.829999923706055,17.829999923706055,17.829999923706055,536,0.0,0.0
2024-10-07 12:21:00-04:00,17.829999923706055,17.829999923706055,17.825000762939453,17.825000762939453,308,0.0,0.0
2024-10-07 12:22:00-04:00,17.829999923706055,17.834999084472656,17.829999923706055,17.832500457763672,1128,0.0,0.0
2024-10-07 12:23:00-04:00,17.829999923706055,17.829999923706055,17.81999969482422,17.825000762939453,1668,0.0,0.0
2024-10-07 12:24:00-04:00,17.834999084472656,17.834999084472656,17.834999084472656,17.834999084472656,351,0.0,0.0
2024-10-07 12:25:00-04:00,17.834999084472656,17.834999084472656,17.834999084472656,17.834999084472656,268,0.0,0.0
2024-10-07 12:26:00-04:00,17.84000015258789,17.84000015258789,17.829999923706055,17.829999923706055,744,0.0,0.0
2024-10-07 12:27:00-04:00,17.829999923706055,17.829999923706055,17.829999923706055,17.829999923706055,131,0.0,0.0
2024-10-07 12:28:00-04:00,17.829999923706055,17.829999923706055,17.829999923706055,17.829999923706055,307,0.0,0.0
2024-10-07 12:30:00-04:00,17.836000442504883,17.836000442504883,17.829999923706055,17.834999084472656,2835,0.0,0.0
2024-10-07 12:31:00-04:00,17.84000015258789,17.84000015258789,17.829999923706055,17.829999923706055,969,0.0,0.0
2024-10-07 12:33:00-04:00,17.829999923706055,17.829999923706055,17.829999923706055,17.829999923706055,3791,0.0,0.0
2024-10-07 12:34:00-04:00,17.829999923706055,17.84000015258789,17.829999923706055,17.829999923706055,688,0.0,0.0
2024-10-07 12:35:00-04:00,17.829999923706055,17.829999923706055,17.81999969482422,17.829999923706055,575,0.0,0.0
2024-10-07 12:36:00-04:00,17.829999923706055,17.829999923706055,17.829999923706055,17.829999923706055,188,0.0,0.0
2024-10-07 12:37:00-04:00,17.829999923706055,17.829999923706055,17.829999923706055,17.829999923706055,388,0.0,0.0
2024-10-07 12:38:00-04:00,17.829999923706055,17.834999084472656,17.829999923706055,17.829999923706055,910,0.0,0.0
2024-10-07 12:39:00-04:00,17.81999969482422,17.829999923706055,17.81999969482422,17.829999923706055,500,0.0,0.0
2024-10-07 12:40:00-04:00,17.829999923706055,17.83099937438965,17.829999923706055,17.83099937438965,982,0.0,0.0
2024-10-07 12:41:00-04:00,17.829999923706055,17.829999923706055,17.81999969482422,17.81999969482422,558,0.0,0.0
2024-10-07 12:42:00-04:00,17.829999923706055,17.829999923706055,17.829999923706055,17.829999923706055,319,0.0,0.0
2024-10-07 12:43:00-04:00,17.81999969482422,17.81999969482422,17.809999465942383,17.809999465942383,633,0.0,0.0
2024-10-07 12:44:00-04:00,17.809999465942383,17.809999465942383,17.799999237060547,17.799999237060547,2058,0.0,0.0
2024-10-07 12:45:00-04:00,17.799999237060547,17.799999237060547,17.799999237060547,17.799999237060547,991,0.0,0.0
2024-10-07 12:46:00-04:00,17.790000915527344,17.790000915527344,17.790000915527344,17.790000915527344,492,0.0,0.0
2024-10-07 12:47:00-04:00,17.790000915527344,17.799999237060547,17.790000915527344,17.799999237060547,696,0.0,0.0
2024-10-07 12:48:00-04:00,17.799999237060547,17.809999465942383,17.799999237060547,17.809999465942383,1890,0.0,0.0
2024-10-07 12:51:00-04:00,17.790000915527344,17.799999237060547,17.790000915527344,17.799999237060547,620,0.0,0.0
2024-10-07 12:53:00-04:00,17.799999237060547,17.80500030517578,17.799999237060547,17.80500030517578,431,0.0,0.0
2024-10-07 12:56:00-04:00,17.81999969482422,17.81999969482422,17.81999969482422,17.81999969482422,2219,0.0,0.0
2024-10-07 12:57:00-04:00,17.809999465942383,17.809999465942383,17.809999465942383,17.809999465942383,845,0.0,0.0
2024-10-07 13:00:00-04:00,17.809999465942383,17.809999465942383,17.809999465942383,17.809999465942383,555,0.0,0.0
2024-10-07 13:01:00-04:00,17.805999755859375,17.805999755859375,17.805999755859375,17.805999755859375,142,0.0,0.0
2024-10-07 13:02:00-04:00,17.80500030517578,17.80699920654297,17.804500579833984,17.80699920654297,1008,0.0,0.0
2024-10-07 13:03:00-04:00,17.799999237060547,17.825000762939453,17.799999237060547,17.825000762939453,1735,0.0,0.0
2024-10-07 13:04:00-04:00,17.81999969482422,17.829999923706055,17.81999969482422,17.81999969482422,1181,0.0,0.0
2024-10-07 13:07:00-04:00,17.84000015258789,17.854999542236328,17.84000015258789,17.854700088500977,1100,0.0,0.0
2024-10-07 13:08:00-04:00,17.858999252319336,17.860000610351562,17.854000091552734,17.860000610351562,1541,0.0,0.0
2024-10-07 13:11:00-04:00,17.850000381469727,17.850000381469727,17.850000381469727,17.850000381469727,1438,0.0,0.0
2024-10-07 13:12:00-04:00,17.850000381469727,17.850000381469727,17.844999313354492,17.850000381469727,802,0.0,0.0
2024-10-07 13:13:00-04:00,17.850000381469727,17.860000610351562,17.850000381469727,17.860000610351562,1088,0.0,0.0
2024-10-07 13:14:00-04:00,17.850000381469727,17.850000381469727,17.850000381469727,17.850000381469727,462,0.0,0.0
2024-10-07 13:15:00-04:00,17.850000381469727,17.860000610351562,17.850000381469727,17.860000610351562,360,0.0,0.0
2024-10-07 13:16:00-04:00,17.850000381469727,17.850000381469727,17.850000381469727,17.850000381469727,933,0.0,0.0
2024-10-07 13:17:00-04:00,17.850000381469727,17.850000381469727,17.844999313354492,17.844999313354492,365,0.0,0.0
2024-10-07 13:18:00-04:00,17.84000015258789,17.84000015258789,17.81999969482422,17.829999923706055,1806,0.0,0.0
2024-10-07 13:19:00-04:00,17.829999923706055,17.84000015258789,17.829999923706055,17.84000015258789,1416,0.0,0.0
2024-10-07 13:20:00-04:00,17.829999923706055,17.829999923706055,17.829999923706055,17.829999923706055,384,0.0,0.0
2024-10-07 13:21:00-04:00,17.81999969482422,17.829999923706055,17.809999465942383,17.829999923706055,948,0.0,0.0
2024-10-07 13:22:00-04:00,17.80069923400879,17.81999969482422,17.80069923400879,17.81999969482422,1442,0.0,0.0
2024-10-07 13:23:00-04:00,17.799999237060547,17.799999237060547,17.799999237060547,17.799999237060547,964,0.0,0.0
2024-10-07 13:24:00-04:00,17.799999237060547,17.799999237060547,17.799999237060547,17.799999237060547,964,0.0,0.0
2024-10-07 13:26:00-04:00,17.799999237060547,17.809999465942383,17.799999237060547,17.799999237060547,562,0.0,0.0
2024-10-07 13:27:00-04:00,17.799999237060547,17.808799743652344,17.799999237060547,17.808799743652344,503,0.0,0.0
2024-10-07 13:28:00-04:00,17.809900283813477,17.809999465942383,17.764999389648438,17.790000915527344,12101,0.0,0.0
2024-10-07 13:29:00-04:00,17.799999237060547,17.799999237060547,17.799999237060547,17.799999237060547,184,0.0,0.0
2024-10-07 13:30:00-04:00,17.780000686645508,17.780000686645508,17.780000686645508,17.780000686645508,400,0.0,0.0
2024-10-07 13:31:00-04:00,17.770000457763672,17.770000457763672,17.770000457763672,17.770000457763672,288,0.0,0.0
2024-10-07 13:32:00-04:00,17.764999389648438,17.770000457763672,17.764999389648438,17.770000457763672,1808,0.0,0.0
2024-10-07 13:33:00-04:00,17.780000686645508,17.780000686645508,17.780000686645508,17.780000686645508,545,0.0,0.0
2024-10-07 13:34:00-04:00,17.78499984741211,17.78499984741211,17.78499984741211,17.78499984741211,263,0.0,0.0
2024-10-07 13:37:00-04:00,17.780000686645508,17.790000915527344,17.780000686645508,17.790000915527344,1099,0.0,0.0
2024-10-07 13:39:00-04:00,17.795000076293945,17.795000076293945,17.790000915527344,17.790000915527344,1022,0.0,0.0
2024-10-07 13:40:00-04:00,17.780000686645508,17.790000915527344,17.770000457763672,17.790000915527344,723,0.0,0.0
2024-10-07 13:41:00-04:00,17.78499984741211,17.78499984741211,17.780000686645508,17.780000686645508,808,0.0,0.0
2024-10-07 13:43:00-04:00,17.780000686645508,17.780000686645508,17.780000686645508,17.780000686645508,198,0.0,0.0
2024-10-07 13:44:00-04:00,17.770000457763672,17.78499984741211,17.770000457763672,17.78499984741211,1698,0.0,0.0
2024-10-07 13:45:00-04:00,17.790000915527344,17.790000915527344,17.790000915527344,17.790000915527344,413,0.0,0.0
2024-10-07 13:46:00-04:00,17.790000915527344,17.790000915527344,17.790000915527344,17.790000915527344,325,0.0,0.0
2024-10-07 13:47:00-04:00,17.780000686645508,17.780000686645508,17.770000457763672,17.770000457763672,878,0.0,0.0
2024-10-07 13:48:00-04:00,17.770000457763672,17.770000457763672,17.770000457763672,17.770000457763672,2292,0.0,0.0
2024-10-07 13:49:00-04:00,17.764999389648438,17.764999389648438,17.760000228881836,17.760000228881836,382,0.0,0.0
2024-10-07 13:50:00-04:00,17.760000228881836,17.760000228881836,17.75,17.760000228881836,861,0.0,0.0
2024-10-07 13:51:00-04:00,17.760000228881836,17.764999389648438,17.760000228881836,17.764999389648438,492,0.0,0.0
2024-10-07 13:52:00-04:00,17.760000228881836,17.764999389648438,17.75,17.75,478,0.0,0.0
2024-10-07 13:53:00-04:00,17.768999099731445,17.768999099731445,17.768999099731445,17.768999099731445,960,0.0,0.0
2024-10-07 13:54:00-04:00,17.770000457763672,17.770000457763672,17.770000457763672,17.770000457763672,205,0.0,0.0
2024-10-07 13:55:00-04:00,17.770000457763672,17.770000457763672,17.770000457763672,17.770000457763672,472,0.0,0.0
2024-10-07 13:58:00-04:00,17.770000457763672,17.770000457763672,17.770000457763672,17.770000457763672,424,0.0,0.0
2024-10-07 13:59:00-04:00,17.760000228881836,17.770000457763672,17.760000228881836,17.763999938964844,1411,0.0,0.0
2024-10-07 14:00:00-04:00,17.760000228881836,17.760000228881836,17.760000228881836,17.760000228881836,638,0.0,0.0
2024-10-07 14:01:00-04:00,17.760000228881836,17.760000228881836,17.739999771118164,17.739999771118164,956,0.0,0.0
2024-10-07 14:02:00-04:00,17.739999771118164,17.739999771118164,17.739999771118164,17.739999771118164,509,0.0,0.0
2024-10-07 14:03:00-04:00,17.729999542236328,17.729999542236328,17.719999313354492,17.719999313354492,2010,0.0,0.0
2024-10-07 14:04:00-04:00,17.719999313354492,17.719999313354492,17.700000762939453,17.700000762939453,1325,0.0,0.0
2024-10-07 14:05:00-04:00,17.69499969482422,17.729999542236328,17.69499969482422,17.729999542236328,3673,0.0,0.0
2024-10-07 14:06:00-04:00,17.739999771118164,17.739999771118164,17.729999542236328,17.729999542236328,371,0.0,0.0
2024-10-07 14:07:00-04:00,17.739999771118164,17.739999771118164,17.739999771118164,17.739999771118164,495,0.0,0.0
2024-10-07 14:08:00-04:00,17.719999313354492,17.729999542236328,17.719999313354492,17.729999542236328,609,0.0,0.0
2024-10-07 14:09:00-04:00,17.739999771118164,17.739999771118164,17.729999542236328,17.729999542236328,292,0.0,0.0
2024-10-07 14:10:00-04:00,17.739999771118164,17.770000457763672,17.739999771118164,17.770000457763672,1329,0.0,0.0
2024-10-07 14:11:00-04:00,17.780000686645508,17.780000686645508,17.770000457763672,17.780000686645508,1073,0.0,0.0
2024-10-07 14:12:00-04:00,17.774999618530273,17.774999618530273,17.770000457763672,17.770000457763672,1169,0.0,0.0
2024-10-07 14:14:00-04:00,17.760000228881836,17.760000228881836,17.760000228881836,17.760000228881836,714,0.0,0.0
2024-10-07 14:15:00-04:00,17.75,17.760000228881836,17.75,17.760000228881836,1262,0.0,0.0
2024-10-07 14:16:00-04:00,17.760000228881836,17.760000228881836,17.760000228881836,17.760000228881836,603,0.0,0.0
2024-10-07 14:18:00-04:00,17.760000228881836,17.760000228881836,17.760000228881836,17.760000228881836,1826,0.0,0.0
2024-10-07 14:19:00-04:00,17.760000228881836,17.760000228881836,17.760000228881836,17.760000228881836,629,0.0,0.0
2024-10-07 14:22:00-04:00,17.770000457763672,17.780000686645508,17.770000457763672,17.780000686645508,1639,0.0,0.0
2024-10-07 14:23:00-04:00,17.770000457763672,17.770000457763672,17.770000457763672,17.770000457763672,840,0.0,0.0
2024-10-07 14:24:00-04:00,17.770000457763672,17.770000457763672,17.75,17.760000228881836,1783,0.0,0.0
2024-10-07 14:25:00-04:00,17.760000228881836,17.760000228881836,17.760000228881836,17.760000228881836,215,0.0,0.0
2024-10-07 14:26:00-04:00,17.760000228881836,17.760000228881836,17.760000228881836,17.760000228881836,966,0.0,0.0
2024-10-07 14:27:00-04:00,17.760000228881836,17.760000228881836,17.760000228881836,17.760000228881836,951,0.0,0.0
2024-10-07 14:28:00-04:00,17.760000228881836,17.780000686645508,17.760000228881836,17.770000457763672,3299,0.0,0.0
2024-10-07 14:29:00-04:00,17.790000915527344,17.790000915527344,17.770000457763672,17.770000457763672,1602,0.0,0.0
2024-10-07 14:30:00-04:00,17.770000457763672,17.770000457763672,17.690000534057617,17.75,8559,0.0,0.0
2024-10-07 14:31:00-04:00,17.770000457763672,17.770000457763672,17.760000228881836,17.760000228881836,1289,0.0,0.0
2024-10-07 14:32:00-04:00,17.770000457763672,17.770000457763672,17.760000228881836,17.760000228881836,576,0.0,0.0
2024-10-07 14:33:00-04:00,17.760000228881836,17.760000228881836,17.760000228881836,17.760000228881836,539,0.0,0.0
2024-10-07 14:34:00-04:00,17.75,17.760000228881836,17.75,17.760000228881836,795,0.0,0.0
2024-10-07 14:35:00-04:00,17.75,17.75,17.739999771118164,17.75,2480,0.0,0.0
2024-10-07 14:36:00-04:00,17.75,17.790000915527344,17.75,17.790000915527344,1707,0.0,0.0
2024-10-07 14:37:00-04:00,17.770000457763672,17.770000457763672,17.76729965209961,17.76729965209961,859,0.0,0.0
2024-10-07 14:38:00-04:00,17.770000457763672,17.770000457763672,17.760000228881836,17.760000228881836,801,0.0,0.0
2024-10-07 14:39:00-04:00,17.760000228881836,17.760000228881836,17.75,17.75,479,0.0,0.0
2024-10-07 14:40:00-04:00,17.759899139404297,17.759899139404297,17.759899139404297,17.759899139404297,1096,0.0,0.0
2024-10-07 14:41:00-04:00,17.75,17.75,17.75,17.75,716,0.0,0.0
2024-10-07 14:42:00-04:00,17.7549991607666,17.780000686645508,17.7549991607666,17.780000686645508,2062,0.0,0.0
2024-10-07 14:43:00-04:00,17.780000686645508,17.780000686645508,17.770000457763672,17.770000457763672,1564,0.0,0.0
2024-10-07 14:44:00-04:00,17.770000457763672,17.770000457763672,17.770000457763672,17.770000457763672,325,0.0,0.0
2024-10-07 14:45:00-04:00,17.760000228881836,17.760000228881836,17.760000228881836,17.760000228881836,1333,0.0,0.0
2024-10-07 14:46:00-04:00,17.75,17.75,17.729999542236328,17.729999542236328,2424,0.0,0.0
2024-10-07 14:47:00-04:00,17.729999542236328,17.729999542236328,17.71500015258789,17.719999313354492,1612,0.0,0.0
2024-10-07 14:48:00-04:00,17.719999313354492,17.719999313354492,17.690000534057617,17.690000534057617,1869,0.0,0.0
2024-10-07 14:49:00-04:00,17.670000076293945,17.690000534057617,17.670000076293945,17.690000534057617,2450,0.0,0.0
2024-10-07 14:50:00-04:00,17.699899673461914,17.700000762939453,17.699899673461914,17.700000762939453,1430,0.0,0.0
2024-10-07 14:51:00-04:00,17.700000762939453,17.700000762939453,17.700000762939453,17.700000762939453,1154,0.0,0.0
2024-10-07 14:54:00-04:00,17.68000030517578,17.68000030517578,17.670000076293945,17.674999237060547,1585,0.0,0.0
2024-10-07 14:55:00-04:00,17.68000030517578,17.690000534057617,17.670000076293945,17.670000076293945,2923,0.0,0.0
2024-10-07 14:56:00-04:00,17.670000076293945,17.670000076293945,17.670000076293945,17.670000076293945,637,0.0,0.0
2024-10-07 14:57:00-04:00,17.670000076293945,17.670000076293945,17.670000076293945,17.670000076293945,1037,0.0,0.0
2024-10-07 14:58:00-04:00,17.670000076293945,17.670000076293945,17.65999984741211,17.65999984741211,723,0.0,0.0
2024-10-07 14:59:00-04:00,17.649999618530273,17.649999618530273,17.6299991607666,17.645000457763672,4296,0.0,0.0
2024-10-07 15:00:00-04:00,17.645000457763672,17.645000457763672,17.6299991607666,17.6299991607666,1913,0.0,0.0
2024-10-07 15:01:00-04:00,17.639999389648438,17.639999389648438,17.639999389648438,17.639999389648438,569,0.0,0.0
2024-10-07 15:02:00-04:00,17.63290023803711,17.63290023803711,17.63290023803711,17.63290023803711,679,0.0,0.0
2024-10-07 15:03:00-04:00,17.635000228881836,17.635000228881836,17.6299991607666,17.6299991607666,1104,0.0,0.0
2024-10-07 15:04:00-04:00,17.6299991607666,17.6299991607666,17.625,17.6299991607666,1740,0.0,0.0
2024-10-07 15:05:00-04:00,17.6299991607666,17.65999984741211,17.6299991607666,17.65999984741211,2758,0.0,0.0
2024-10-07 15:06:00-04:00,17.659900665283203,17.719999313354492,17.659900665283203,17.69499969482422,9553,0.0,0.0
2024-10-07 15:07:00-04:00,17.709999084472656,17.709999084472656,17.700000762939453,17.700000762939453,1695,0.0,0.0
2024-10-07 15:09:00-04:00,17.704999923706055,17.739999771118164,17.704999923706055,17.739999771118164,2313,0.0,0.0
2024-10-07 15:11:00-04:00,17.75,17.75,17.75,17.75,7392,0.0,0.0
2024-10-07 15:12:00-04:00,17.75,17.75,17.75,17.75,497,0.0,0.0
2024-10-07 15:13:00-04:00,17.7549991607666,17.7549991607666,17.739999771118164,17.75,4433,0.0,0.0
2024-10-07 15:14:00-04:00,17.7549991607666,17.7549991607666,17.75,17.75,3958,0.0,0.0
2024-10-07 15:16:00-04:00,17.760000228881836,17.770000457763672,17.760000228881836,17.770000457763672,990,0.0,0.0
2024-10-07 15:17:00-04:00,17.770000457763672,17.770000457763672,17.765100479125977,17.770000457763672,1039,0.0,0.0
2024-10-07 15:18:00-04:00,17.770000457763672,17.780000686645508,17.770000457763672,17.774999618530273,2398,0.0,0.0
2024-10-07 15:19:00-04:00,17.780000686645508,17.799999237060547,17.780000686645508,17.799999237060547,6887,0.0,0.0
2024-10-07 15:20:00-04:00,17.799999237060547,17.809999465942383,17.790000915527344,17.799999237060547,9239,0.0,0.0
2024-10-07 15:21:00-04:00,17.799999237060547,17.799999237060547,17.78499984741211,17.790000915527344,4131,0.0,0.0
2024-10-07 15:22:00-04:00,17.790000915527344,17.799999237060547,17.790000915527344,17.799999237060547,1643,0.0,0.0
2024-10-07 15:23:00-04:00,17.799999237060547,17.799999237060547,17.790000915527344,17.799999237060547,11576,0.0,0.0
2024-10-07 15:24:00-04:00,17.799999237060547,17.809999465942383,17.790000915527344,17.809999465942383,9590,0.0,0.0
2024-10-07 15:25:00-04:00,17.809999465942383,17.829999923706055,17.809999465942383,17.829999923706055,2286,0.0,0.0
2024-10-07 15:26:00-04:00,17.81999969482422,17.825000762939453,17.809999465942383,17.815000534057617,4105,0.0,0.0
2024-10-07 15:27:00-04:00,17.809999465942383,17.815000534057617,17.80500030517578,17.809999465942383,2343,0.0,0.0
2024-10-07 15:28:00-04:00,17.809999465942383,17.809999465942383,17.809999465942383,17.809999465942383,1394,0.0,0.0
2024-10-07 15:29:00-04:00,17.809999465942383,17.854999542236328,17.790000915527344,17.854999542236328,15334,0.0,0.0
2024-10-07 15:30:00-04:00,17.854999542236328,17.860000610351562,17.81999969482422,17.81999969482422,20209,0.0,0.0
2024-10-07 15:31:00-04:00,17.809999465942383,17.850000381469727,17.809999465942383,17.850000381469727,3981,0.0,0.0
2024-10-07 15:32:00-04:00,17.84000015258789,17.84000015258789,17.834999084472656,17.834999084472656,433,0.0,0.0
2024-10-07 15:33:00-04:00,17.81999969482422,17.829999923706055,17.81999969482422,17.829999923706055,2783,0.0,0.0
2024-10-07 15:34:00-04:00,17.84000015258789,17.850000381469727,17.84000015258789,17.84000015258789,2357,0.0,0.0
2024-10-07 15:35:00-04:00,17.850000381469727,17.850000381469727,17.834999084472656,17.844999313354492,3200,0.0,0.0
2024-10-07 15:36:00-04:00,17.850000381469727,17.850000381469727,17.840200424194336,17.850000381469727,3207,0.0,0.0
2024-10-07 15:37:00-04:00,17.860000610351562,17.8799991607666,17.860000610351562,17.8799991607666,3025,0.0,0.0
2024-10-07 15:38:00-04:00,17.8799991607666,17.8799991607666,17.8700008392334,17.875,1717,0.0,0.0
2024-10-07 15:39:00-04:00,17.8799991607666,17.889999389648438,17.8799991607666,17.885000228881836,3813,0.0,0.0
2024-10-07 15:40:00-04:00,17.885000228881836,17.889999389648438,17.850000381469727,17.860000610351562,3213,0.0,0.0
2024-10-07 15:41:00-04:00,17.850000381469727,17.860000610351562,17.850000381469727,17.850000381469727,1787,0.0,0.0
2024-10-07 15:42:00-04:00,17.84000015258789,17.84000015258789,17.829999923706055,17.829999923706055,1107,0.0,0.0
2024-10-07 15:43:00-04:00,17.834999084472656,17.834999084472656,17.829999923706055,17.83009910583496,797,0.0,0.0
2024-10-07 15:44:00-04:00,17.829999923706055,17.84000015258789,17.809999465942383,17.809999465942383,3630,0.0,0.0
2024-10-07 15:45:00-04:00,17.81999969482422,17.81999969482422,17.799999237060547,17.799999237060547,1618,0.0,0.0
2024-10-07 15:46:00-04:00,17.78499984741211,17.80500030517578,17.78499984741211,17.80500030517578,4141,0.0,0.0
2024-10-07 15:47:00-04:00,17.799999237060547,17.825000762939453,17.799999237060547,17.825000762939453,3896,0.0,0.0
2024-10-07 15:48:00-04:00,17.825000762939453,17.825000762939453,17.81999969482422,17.81999969482422,1838,0.0,0.0
2024-10-07 15:49:00-04:00,17.825000762939453,17.825000762939453,17.809999465942383,17.825000762939453,4935,0.0,0.0
2024-10-07 15:50:00-04:00,17.81999969482422,17.81999969482422,17.780000686645508,17.802499771118164,7061,0.0,0.0
2024-10-07 15:51:00-04:00,17.80500030517578,17.815000534057617,17.802499771118164,17.815000534057617,3755,0.0,0.0
2024-10-07 15:52:00-04:00,17.81100082397461,17.81100082397461,17.799999237060547,17.799999237060547,7199,0.0,0.0
2024-10-07 15:53:00-04:00,17.790000915527344,17.790000915527344,17.780000686645508,17.780000686645508,2798,0.0,0.0
2024-10-07 15:54:00-04:00,17.795000076293945,17.795000076293945,17.78499984741211,17.78499984741211,6179,0.0,0.0
2024-10-07 15:55:00-04:00,17.780000686645508,17.780000686645508,17.739999771118164,17.739999771118164,7494,0.0,0.0
2024-10-07 15:56:00-04:00,17.739999771118164,17.774999618530273,17.729999542236328,17.770000457763672,16515,0.0,0.0
2024-10-07 15:57:00-04:00,17.774999618530273,17.799999237060547,17.760000228881836,17.799999237060547,15351,0.0,0.0
2024-10-07 15:58:00-04:00,17.799999237060547,17.809999465942383,17.78499984741211,17.78499984741211,16129,0.0,0.0
2024-10-07 15:59:00-04:00,17.78499984741211,17.809999465942383,17.770000457763672,17.809999465942383,30214,0.0,0.0
2024-10-08 09:30:00-04:00,17.799999237060547,17.969600677490234,17.78499984741211,17.78499984741211,11332,0.0,0.0
2024-10-08 09:31:00-04:00,17.770000457763672,17.809999465942383,17.760000228881836,17.764999389648438,1203,0.0,0.0
2024-10-08 09:32:00-04:00,17.905000686645508,17.940000534057617,17.905000686645508,17.940000534057617,303,0.0,0.0
2024-10-08 09:33:00-04:00,17.93000030517578,17.969999313354492,17.920000076293945,17.950000762939453,732,0.0,0.0
2024-10-08 09:34:00-04:00,17.950000762939453,17.950000762939453,17.8700008392334,17.940000534057617,3954,0.0,0.0
2024-10-08 09:35:00-04:00,17.950000762939453,17.969999313354492,17.950000762939453,17.969999313354492,606,0.0,0.0
2024-10-08 09:36:00-04:00,17.969999313354492,17.979999542236328,17.96500015258789,17.979999542236328,337,0.0,0.0
2024-10-08 09:37:00-04:00,17.979999542236328,17.979999542236328,17.969999313354492,17.969999313354492,921,0.0,0.0
2024-10-08 09:39:00-04:00,17.950000762939453,17.950000762939453,17.899999618530273,17.924999237060547,2417,0.0,0.0
2024-10-08 09:40:00-04:00,17.924999237060547,17.924999237060547,17.924999237060547,17.924999237060547,632,0.0,0.0
2024-10-08 09:42:00-04:00,17.950000762939453,17.950000762939453,17.950000762939453,17.950000762939453,365,0.0,0.0
2024-10-08 09:43:00-04:00,17.959999084472656,17.959999084472656,17.93000030517578,17.93000030517578,750,0.0,0.0
2024-10-08 09:44:00-04:00,17.93000030517578,17.940000534057617,17.93000030517578,17.940000534057617,804,0.0,0.0
2024-10-08 09:45:00-04:00,17.975000381469727,17.975000381469727,17.975000381469727,17.975000381469727,631,0.0,0.0
2024-10-08 09:46:00-04:00,17.920000076293945,17.920000076293945,17.920000076293945,17.920000076293945,104,0.0,0.0
2024-10-08 09:47:00-04:00,17.920000076293945,17.920000076293945,17.90999984741211,17.90999984741211,316,0.0,0.0
2024-10-08 09:48:00-04:00,17.90999984741211,17.90999984741211,17.8700008392334,17.8700008392334,568,0.0,0.0
2024-10-08 09:49:00-04:00,17.899999618530273,17.899999618530273,17.899999618530273,17.899999618530273,311,0.0,0.0
2024-10-08 09:50:00-04:00,17.899999618530273,17.899999618530273,17.899999618530273,17.899999618530273,384,0.0,0.0
2024-10-08 09:51:00-04:00,17.889999389648438,17.889999389648438,17.889999389648438,17.889999389648438,1513,0.0,0.0
2024-10-08 09:52:00-04:00,17.920000076293945,17.920000076293945,17.90999984741211,17.90999984741211,768,0.0,0.0
2024-10-08 09:53:00-04:00,17.920000076293945,17.920000076293945,17.889999389648438,17.899999618530273,600,0.0,0.0
2024-10-08 09:54:00-04:00,17.899999618530273,17.899999618530273,17.899999618530273,17.899999618530273,112,0.0,0.0
2024-10-08 09:55:00-04:00,17.90999984741211,17.90999984741211,17.8799991607666,17.899999618530273,1247,0.0,0.0
2024-10-08 09:56:00-04:00,17.889999389648438,17.889999389648438,17.854999542236328,17.854999542236328,1411,0.0,0.0
2024-10-08 09:57:00-04:00,17.889999389648438,17.899999618530273,17.889999389648438,17.899999618530273,861,0.0,0.0
2024-10-08 09:58:00-04:00,17.889999389648438,17.889999389648438,17.889999389648438,17.889999389648438,127,0.0,0.0
2024-10-08 09:59:00-04:00,17.899999618530273,17.899999618530273,17.895000457763672,17.899999618530273,1256,0.0,0.0
2024-10-08 10:00:00-04:00,17.920000076293945,17.979999542236328,17.920000076293945,17.979999542236328,2948,0.0,0.0
2024-10-08 10:01:00-04:00,17.959999084472656,17.969999313354492,17.959999084472656,17.969999313354492,966,0.0,0.0
2024-10-08 10:02:00-04:00,17.989999771118164,17.989999771118164,17.979999542236328,17.984500885009766,1210,0.0,0.0
2024-10-08 10:03:00-04:00,17.959999084472656,17.959999084472656,17.959999084472656,17.959999084472656,111,0.0,0.0
2024-10-08 10:04:00-04:00,17.959999084472656,17.959999084472656,17.959999084472656,17.959999084472656,287,0.0,0.0
2024-10-08 10:05:00-04:00,17.950000762939453,17.950000762939453,17.889999389648438,17.889999389648438,1200,0.0,0.0
2024-10-08 10:06:00-04:00,17.875,17.875,17.829999923706055,17.829999923706055,789,0.0,0.0
2024-10-08 10:07:00-04:00,17.850000381469727,17.860000610351562,17.81999969482422,17.81999969482422,639,0.0,0.0
2024-10-08 10:08:00-04:00,17.829999923706055,17.829999923706055,17.81999969482422,17.829999923706055,555,0.0,0.0
2024-10-08 10:09:00-04:00,17.829999923706055,17.84000015258789,17.829999923706055,17.84000015258789,363,0.0,0.0
2024-10-08 10:10:00-04:00,17.829999923706055,17.829999923706055,17.799999237060547,17.799999237060547,1145,0.0,0.0
2024-10-08 10:11:00-04:00,17.799999237060547,17.799999237060547,17.764999389648438,17.780000686645508,932,0.0,0.0
2024-10-08 10:12:00-04:00,17.780000686645508,17.790000915527344,17.780000686645508,17.790000915527344,573,0.0,0.0
2024-10-08 10:13:00-04:00,17.780000686645508,17.795000076293945,17.75,17.75,1037,0.0,0.0
2024-10-08 10:14:00-04:00,17.7549991607666,17.7549991607666,17.735000610351562,17.75,944,0.0,0.0
2024-10-08 10:15:00-04:00,17.75,17.774999618530273,17.719999313354492,17.774999618530273,4123,0.0,0.0
2024-10-08 10:16:00-04:00,17.764999389648438,17.764999389648438,17.735000610351562,17.75,1632,0.0,0.0
2024-10-08 10:17:00-04:00,17.7549991607666,17.7549991607666,17.739999771118164,17.75,2059,0.0,0.0
2024-10-08 10:18:00-04:00,17.7549991607666,17.760000228881836,17.7549991607666,17.760000228881836,327,0.0,0.0
2024-10-08 10:19:00-04:00,17.760000228881836,17.760000228881836,17.75,17.760000228881836,971,0.0,0.0
2024-10-08 10:20:00-04:00,17.760000228881836,17.760000228881836,17.719999313354492,17.739999771118164,1279,0.0,0.0
2024-10-08 10:21:00-04:00,17.739999771118164,17.739999771118164,17.729999542236328,17.729999542236328,641,0.0,0.0
2024-10-08 10:22:00-04:00,17.729999542236328,17.729999542236328,17.71500015258789,17.71500015258789,642,0.0,0.0
2024-10-08 10:23:00-04:00,17.719999313354492,17.725000381469727,17.719999313354492,17.725000381469727,2860,0.0,0.0
2024-10-08 10:24:00-04:00,17.719999313354492,17.729999542236328,17.719999313354492,17.725000381469727,541,0.0,0.0
2024-10-08 10:25:00-04:00,17.739999771118164,17.739999771118164,17.739999771118164,17.739999771118164,491,0.0,0.0
2024-10-08 10:26:00-04:00,17.75,17.7549991607666,17.75,17.7549991607666,313,0.0,0.0
2024-10-08 10:27:00-04:00,17.760000228881836,17.760000228881836,17.7450008392334,17.7450008392334,1115,0.0,0.0
2024-10-08 10:28:00-04:00,17.75,17.75,17.75,17.75,208,0.0,0.0
2024-10-08 10:29:00-04:00,17.75,17.75,17.739999771118164,17.75,730,0.0,0.0
2024-10-08 10:30:00-04:00,17.7549991607666,17.760000228881836,17.7549991607666,17.760000228881836,958,0.0,0.0
2024-10-08 10:31:00-04:00,17.75,17.75,17.733999252319336,17.75,668,0.0,0.0
2024-10-08 10:32:00-04:00,17.75,17.75,17.735000610351562,17.735000610351562,617,0.0,0.0
2024-10-08 10:33:00-04:00,17.729999542236328,17.739999771118164,17.729999542236328,17.739999771118164,1120,0.0,0.0
2024-10-08 10:34:00-04:00,17.75,17.760000228881836,17.75,17.760000228881836,715,0.0,0.0
2024-10-08 10:35:00-04:00,17.760000228881836,17.81999969482422,17.760000228881836,17.81999969482422,85934,0.0,0.0
2024-10-08 10:36:00-04:00,17.81999969482422,17.875,17.81999969482422,17.875,7969,0.0,0.0
2024-10-08 10:37:00-04:00,17.8799991607666,17.8799991607666,17.829999923706055,17.8700008392334,1961,0.0,0.0
2024-10-08 10:38:00-04:00,17.8799991607666,17.924999237060547,17.8799991607666,17.924999237060547,3352,0.0,0.0
2024-10-08 10:39:00-04:00,17.940000534057617,17.940000534057617,17.890300750732422,17.90999984741211,3230,0.0,0.0
2024-10-08 10:40:00-04:00,17.916900634765625,17.940000534057617,17.90999984741211,17.924999237060547,1035,0.0,0.0
2024-10-08 10:41:00-04:00,17.940000534057617,17.959999084472656,17.940000534057617,17.959999084472656,534,0.0,0.0
2024-10-08 10:42:00-04:00,17.959999084472656,17.975000381469727,17.954999923706055,17.975000381469727,2838,0.0,0.0
2024-10-08 10:43:00-04:00,17.969999313354492,17.969999313354492,17.899999618530273,17.899999618530273,2588,0.0,0.0
2024-10-08 10:44:00-04:00,17.90999984741211,17.940000534057617,17.90999984741211,17.940000534057617,661,0.0,0.0
2024-10-08 10:45:00-04:00,17.950000762939453,17.950000762939453,17.950000762939453,17.950000762939453,559,0.0,0.0
2024-10-08 10:46:00-04:00,17.96500015258789,17.96500015258789,17.96500015258789,17.96500015258789,124,0.0,0.0
2024-10-08 10:47:00-04:00,17.969999313354492,17.979999542236328,17.969999313354492,17.979999542236328,1770,0.0,0.0
2024-10-08 10:48:00-04:00,17.979999542236328,17.989999771118164,17.979999542236328,17.985000610351562,1542,0.0,0.0
2024-10-08 10:49:00-04:00,17.975000381469727,17.975000381469727,17.975000381469727,17.975000381469727,107,0.0,0.0
2024-10-08 10:50:00-04:00,17.979999542236328,17.979999542236328,17.969999313354492,17.969999313354492,883,0.0,0.0
2024-10-08 10:51:00-04:00,17.969999313354492,17.979999542236328,17.969999313354492,17.979999542236328,394,0.0,0.0
2024-10-08 10:52:00-04:00,17.979999542236328,17.985000610351562,17.979999542236328,17.979999542236328,563,0.0,0.0
2024-10-08 10:54:00-04:00,17.989999771118164,17.989999771118164,17.989999771118164,17.989999771118164,129,0.0,0.0
2024-10-08 10:55:00-04:00,17.989999771118164,17.989999771118164,17.989999771118164,17.989999771118164,531,0.0,0.0
2024-10-08 10:56:00-04:00,18.0,18.0,17.989999771118164,17.989999771118164,1957,0.0,0.0
2024-10-08 10:57:00-04:00,17.985000610351562,17.985000610351562,17.985000610351562,17.985000610351562,109,0.0,0.0
2024-10-08 10:58:00-04:00,17.979999542236328,17.979999542236328,17.979999542236328,17.979999542236328,1469,0.0,0.0
2024-10-08 10:59:00-04:00,17.959999084472656,17.959999084472656,17.959999084472656,17.959999084472656,308,0.0,0.0
2024-10-08 11:00:00-04:00,17.940000534057617,17.940000534057617,17.940000534057617,17.940000534057617,228,0.0,0.0
2024-10-08 11:01:00-04:00,17.940000534057617,17.940000534057617,17.93000030517578,17.938100814819336,732,0.0,0.0
2024-10-08 11:02:00-04:00,17.950000762939453,17.950000762939453,17.950000762939453,17.950000762939453,277,0.0,0.0
2024-10-08 11:03:00-04:00,17.950000762939453,17.950000762939453,17.934999465942383,17.934999465942383,540,0.0,0.0
2024-10-08 11:04:00-04:00,17.950000762939453,17.954999923706055,17.950000762939453,17.954999923706055,560,0.0,0.0
2024-10-08 11:05:00-04:00,17.950000762939453,17.950000762939453,17.93000030517578,17.93000030517578,989,0.0,0.0
2024-10-08 11:06:00-04:00,17.934999465942383,17.934999465942383,17.934999465942383,17.934999465942383,395,0.0,0.0
2024-10-08 11:08:00-04:00,17.940000534057617,17.940000534057617,17.924999237060547,17.924999237060547,1517,0.0,0.0
2024-10-08 11:09:00-04:00,17.940000534057617,17.94499969482422,17.93000030517578,17.94499969482422,544,0.0,0.0
2024-10-08 11:11:00-04:00,17.94499969482422,17.94499969482422,17.940000534057617,17.940000534057617,1459,0.0,0.0
2024-10-08 11:12:00-04:00,17.934999465942383,17.95050048828125,17.934999465942383,17.950000762939453,825,0.0,0.0
2024-10-08 11:13:00-04:00,17.950000762939453,17.979999542236328,17.940000534057617,17.979999542236328,4140,0.0,0.0
2024-10-08 11:14:00-04:00,17.989999771118164,18.0,17.94499969482422,17.94499969482422,6324,0.0,0.0
2024-10-08 11:15:00-04:00,17.90999984741211,17.93000030517578,17.90999984741211,17.93000030517578,360,0.0,0.0
2024-10-08 11:16:00-04:00,17.90999984741211,17.90999984741211,17.90999984741211,17.90999984741211,103,0.0,0.0
2024-10-08 11:17:00-04:00,17.93000030517578,17.93000030517578,17.93000030517578,17.93000030517578,311,0.0,0.0
2024-10-08 11:18:00-04:00,17.93000030517578,17.93000030517578,17.93000030517578,17.93000030517578,639,0.0,0.0
2024-10-08 11:19:00-04:00,17.93000030517578,17.940000534057617,17.93000030517578,17.940000534057617,754,0.0,0.0
2024-10-08 11:20:00-04:00,17.96500015258789,17.96500015258789,17.96500015258789,17.96500015258789,116,0.0,0.0
2024-10-08 11:21:00-04:00,17.969999313354492,17.969999313354492,17.94499969482422,17.959999084472656,1189,0.0,0.0
2024-10-08 11:22:00-04:00,17.964000701904297,17.969999313354492,17.964000701904297,17.969999313354492,561,0.0,0.0
2024-10-08 11:23:00-04:00,17.973400115966797,17.973400115966797,17.934999465942383,17.934999465942383,1681,0.0,0.0
2024-10-08 11:24:00-04:00,17.93000030517578,17.93000030517578,17.889999389648438,17.93000030517578,1476,0.0,0.0
2024-10-08 11:25:00-04:00,17.93000030517578,17.93000030517578,17.90999984741211,17.90999984741211,439,0.0,0.0
2024-10-08 11:26:00-04:00,17.90999984741211,17.90999984741211,17.899999618530273,17.90999984741211,977,0.0,0.0
2024-10-08 11:27:00-04:00,17.90999984741211,17.920000076293945,17.90999984741211,17.920000076293945,1471,0.0,0.0
2024-10-08 11:28:00-04:00,17.90999984741211,17.90999984741211,17.889999389648438,17.889999389648438,450,0.0,0.0
2024-10-08 11:29:00-04:00,17.889999389648438,17.899999618530273,17.889999389648438,17.899999618530273,600,0.0,0.0
2024-10-08 11:30:00-04:00,17.8799991607666,17.920000076293945,17.8799991607666,17.920000076293945,530,0.0,0.0
2024-10-08 11:31:00-04:00,17.90999984741211,17.90999984741211,17.895000457763672,17.899999618530273,1035,0.0,0.0
2024-10-08 11:32:00-04:00,17.905000686645508,17.905000686645508,17.899999618530273,17.899999618530273,775,0.0,0.0
2024-10-08 11:33:00-04:00,17.905000686645508,17.915000915527344,17.905000686645508,17.90999984741211,1205,0.0,0.0
2024-10-08 11:34:00-04:00,17.905000686645508,17.905000686645508,17.899999618530273,17.899999618530273,578,0.0,0.0
2024-10-08 11:35:00-04:00,17.899999618530273,17.899999618530273,17.899999618530273,17.899999618530273,687,0.0,0.0
2024-10-08 11:36:00-04:00,17.889999389648438,17.895000457763672,17.889999389648438,17.895000457763672,547,0.0,0.0
2024-10-08 11:37:00-04:00,17.940000534057617,17.940000534057617,17.920000076293945,17.920000076293945,1274,0.0,0.0
2024-10-08 11:38:00-04:00,17.90999984741211,17.920000076293945,17.90999984741211,17.920000076293945,543,0.0,0.0
2024-10-08 11:39:00-04:00,17.959999084472656,17.959999084472656,17.959999084472656,17.959999084472656,200,0.0,0.0
2024-10-08 11:40:00-04:00,17.959999084472656,17.959999084472656,17.959999084472656,17.959999084472656,525,0.0,0.0
2024-10-08 11:41:00-04:00,17.979999542236328,17.979999542236328,17.95400047302246,17.95400047302246,1830,0.0,0.0
2024-10-08 11:42:00-04:00,17.954999923706055,17.959999084472656,17.950000762939453,17.954999923706055,1306,0.0,0.0
2024-10-08 11:43:00-04:00,17.959999084472656,17.959999084472656,17.950000762939453,17.950000762939453,577,0.0,0.0
2024-10-08 11:44:00-04:00,17.950000762939453,17.950000762939453,17.950000762939453,17.950000762939453,692,0.0,0.0
2024-10-08 11:45:00-04:00,17.940000534057617,17.940000534057617,17.90999984741211,17.90999984741211,1437,0.0,0.0
2024-10-08 11:46:00-04:00,17.93000030517578,17.93000030517578,17.93000030517578,17.93000030517578,303,0.0,0.0
2024-10-08 11:48:00-04:00,17.924999237060547,17.93000030517578,17.924999237060547,17.93000030517578,582,0.0,0.0
2024-10-08 11:49:00-04:00,17.940000534057617,17.940000534057617,17.940000534057617,17.940000534057617,1146,0.0,0.0
2024-10-08 11:50:00-04:00,17.940000534057617,17.940000534057617,17.940000534057617,17.940000534057617,162,0.0,0.0
2024-10-08 11:51:00-04:00,17.940000534057617,17.940000534057617,17.940000534057617,17.940000534057617,549,0.0,0.0
2024-10-08 11:52:00-04:00,17.940000534057617,17.940000534057617,17.93000030517578,17.93000030517578,431,0.0,0.0
2024-10-08 11:53:00-04:00,17.950000762939453,17.96500015258789,17.950000762939453,17.96500015258789,852,0.0,0.0
2024-10-08 11:54:00-04:00,17.969999313354492,17.969999313354492,17.959999084472656,17.959999084472656,213,0.0,0.0
2024-10-08 11:55:00-04:00,17.969999313354492,17.969999313354492,17.959999084472656,17.959999084472656,466,0.0,0.0
2024-10-08 11:56:00-04:00,17.979999542236328,17.989999771118164,17.969999313354492,17.969999313354492,1530,0.0,0.0
2024-10-08 11:57:00-04:00,17.954999923706055,17.969999313354492,17.954999923706055,17.969999313354492,280,0.0,0.0
2024-10-08 11:58:00-04:00,17.975000381469727,17.975000381469727,17.975000381469727,17.975000381469727,117,0.0,0.0
2024-10-08 11:59:00-04:00,17.989999771118164,17.989999771118164,17.940000534057617,17.959999084472656,1980,0.0,0.0
2024-10-08 12:00:00-04:00,17.969999313354492,17.969999313354492,17.959999084472656,17.969999313354492,759,0.0,0.0
2024-10-08 12:01:00-04:00,17.959999084472656,17.959999084472656,17.950000762939453,17.950000762939453,815,0.0,0.0
2024-10-08 12:02:00-04:00,17.94879913330078,17.950000762939453,17.94879913330078,17.950000762939453,705,0.0,0.0
2024-10-08 12:03:00-04:00,17.950000762939453,17.950000762939453,17.93000030517578,17.940000534057617,1757,0.0,0.0
2024-10-08 12:04:00-04:00,17.940000534057617,17.940000534057617,17.920000076293945,17.93000030517578,961,0.0,0.0
2024-10-08 12:06:00-04:00,17.93000030517578,17.93000030517578,17.899999618530273,17.899999618530273,1483,0.0,0.0
2024-10-08 12:07:00-04:00,17.889999389648438,17.889999389648438,17.889999389648438,17.889999389648438,601,0.0,0.0
2024-10-08 12:08:00-04:00,17.895000457763672,17.895000457763672,17.895000457763672,17.895000457763672,210,0.0,0.0
2024-10-08 12:09:00-04:00,17.899999618530273,17.915000915527344,17.899999618530273,17.915000915527344,3002,0.0,0.0
2024-10-08 12:10:00-04:00,17.924999237060547,17.93000030517578,17.924999237060547,17.924999237060547,799,0.0,0.0
2024-10-08 12:11:00-04:00,17.924999237060547,17.924999237060547,17.90999984741211,17.915000915527344,2819,0.0,0.0
2024-10-08 12:12:00-04:00,17.915000915527344,17.915000915527344,17.915000915527344,17.915000915527344,404,0.0,0.0
2024-10-08 12:13:00-04:00,17.915000915527344,17.915000915527344,17.905000686645508,17.905000686645508,2528,0.0,0.0
2024-10-08 12:14:00-04:00,17.905000686645508,17.90999984741211,17.905000686645508,17.90999984741211,420,0.0,0.0
2024-10-08 12:15:00-04:00,17.90999984741211,17.90999984741211,17.90999984741211,17.90999984741211,511,0.0,0.0
2024-10-08 12:16:00-04:00,17.920000076293945,17.920000076293945,17.90999984741211,17.920000076293945,1396,0.0,0.0
2024-10-08 12:17:00-04:00,17.924999237060547,17.924999237060547,17.899999618530273,17.899999618530273,1318,0.0,0.0
2024-10-08 12:18:00-04:00,17.90999984741211,17.90999984741211,17.90999984741211,17.90999984741211,727,0.0,0.0
2024-10-08 12:19:00-04:00,17.90999984741211,17.90999984741211,17.90999984741211,17.90999984741211,316,0.0,0.0
2024-10-08 12:20:00-04:00,17.905000686645508,17.90999984741211,17.905000686645508,17.90999984741211,1161,0.0,0.0
2024-10-08 12:21:00-04:00,17.90999984741211,17.90999984741211,17.90999984741211,17.90999984741211,251,0.0,0.0
2024-10-08 12:22:00-04:00,17.905000686645508,17.90999984741211,17.899999618530273,17.899999618530273,805,0.0,0.0
2024-10-08 12:23:00-04:00,17.899999618530273,17.899999618530273,17.889999389648438,17.889999389648438,1235,0.0,0.0
2024-10-08 12:25:00-04:00,17.899999618530273,17.90999984741211,17.895000457763672,17.90999984741211,779,0.0,0.0
2024-10-08 12:26:00-04:00,17.899999618530273,17.899999618530273,17.899999618530273,17.899999618530273,637,0.0,0.0
2024-10-08 12:27:00-04:00,17.899999618530273,17.899999618530273,17.885000228881836,17.885000228881836,514,0.0,0.0
2024-10-08 12:28:00-04:00,17.899999618530273,17.899999618530273,17.899999618530273,17.899999618530273,255,0.0,0.0
2024-10-08 12:29:00-04:00,17.885000228881836,17.885000228881836,17.8700008392334,17.885000228881836,992,0.0,0.0
2024-10-08 12:30:00-04:00,17.889999389648438,17.889999389648438,17.889999389648438,17.889999389648438,340,0.0,0.0
2024-10-08 12:32:00-04:00,17.889999389648438,17.889999389648438,17.885000228881836,17.889999389648438,3211,0.0,0.0
2024-10-08 12:33:00-04:00,17.885000228881836,17.889999389648438,17.885000228881836,17.885000228881836,563,0.0,0.0
2024-10-08 12:35:00-04:00,17.88990020751953,17.889999389648438,17.885000228881836,17.885000228881836,1581,0.0,0.0
2024-10-08 12:36:00-04:00,17.885000228881836,17.885000228881836,17.8799991607666,17.8799991607666,1683,0.0,0.0
2024-10-08 12:37:00-04:00,17.889999389648438,17.899999618530273,17.889999389648438,17.899999618530273,915,0.0,0.0
2024-10-08 12:38:00-04:00,17.920000076293945,17.920000076293945,17.90999984741211,17.90999984741211,981,0.0,0.0
2024-10-08 12:39:00-04:00,17.90999984741211,17.90999984741211,17.90999984741211,17.90999984741211,235,0.0,0.0
2024-10-08 12:40:00-04:00,17.90999984741211,17.90999984741211,17.90999984741211,17.90999984741211,441,0.0,0.0
2024-10-08 12:41:00-04:00,17.90999984741211,17.920000076293945,17.90999984741211,17.90999984741211,1891,0.0,0.0
2024-10-08 12:42:00-04:00,17.899999618530273,17.90999984741211,17.899999618530273,17.90999984741211,439,0.0,0.0
2024-10-08 12:45:00-04:00,17.899999618530273,17.90999984741211,17.899999618530273,17.899999618530273,1694,0.0,0.0
2024-10-08 12:46:00-04:00,17.90999984741211,17.90999984741211,17.899999618530273,17.899999618530273,1160,0.0,0.0
2024-10-08 12:47:00-04:00,17.8799991607666,17.889999389648438,17.8799991607666,17.885000228881836,656,0.0,0.0
2024-10-08 12:48:00-04:00,17.8700008392334,17.8799991607666,17.8700008392334,17.8799991607666,1656,0.0,0.0
2024-10-08 12:49:00-04:00,17.8700008392334,17.8700008392334,17.864999771118164,17.864999771118164,528,0.0,0.0
2024-10-08 12:50:00-04:00,17.8700008392334,17.8700008392334,17.8700008392334,17.8700008392334,125,0.0,0.0
2024-10-08 12:51:00-04:00,17.8700008392334,17.8700008392334,17.8700008392334,17.8700008392334,581,0.0,0.0
2024-10-08 12:52:00-04:00,17.8700008392334,17.8799991607666,17.8700008392334,17.8799991607666,1337,0.0,0.0
2024-10-08 12:53:00-04:00,17.875,17.875,17.875,17.875,106,0.0,0.0
2024-10-08 12:54:00-04:00,17.889999389648438,17.889999389648438,17.889999389648438,17.889999389648438,1083,0.0,0.0
2024-10-08 12:56:00-04:00,17.889999389648438,17.889999389648438,17.885000228881836,17.885000228881836,843,0.0,0.0
2024-10-08 12:57:00-04:00,17.885000228881836,17.885000228881836,17.860000610351562,17.860000610351562,1775,0.0,0.0
2024-10-08 12:59:00-04:00,17.860000610351562,17.860000610351562,17.860000610351562,17.860000610351562,135,0.0,0.0
2024-10-08 13:00:00-04:00,17.8700008392334,17.8700008392334,17.8700008392334,17.8700008392334,264,0.0,0.0
2024-10-08 13:01:00-04:00,17.885000228881836,17.885000228881836,17.860000610351562,17.860000610351562,1542,0.0,0.0
2024-10-08 13:02:00-04:00,17.8700008392334,17.8700008392334,17.860000610351562,17.8700008392334,621,0.0,0.0
2024-10-08 13:03:00-04:00,17.860000610351562,17.860000610351562,17.850000381469727,17.850000381469727,607,0.0,0.0
2024-10-08 13:04:00-04:00,17.84000015258789,17.84000015258789,17.84000015258789,17.84000015258789,114,0.0,0.0
2024-10-08 13:05:00-04:00,17.829999923706055,17.829999923706055,17.81999969482422,17.81999969482422,1047,0.0,0.0
2024-10-08 13:06:00-04:00,17.809999465942383,17.809999465942383,17.809999465942383,17.809999465942383,2892,0.0,0.0
2024-10-08 13:07:00-04:00,17.809999465942383,17.81999969482422,17.799999237060547,17.815000534057617,1486,0.0,0.0
2024-10-08 13:08:00-04:00,17.809999465942383,17.81999969482422,17.809999465942383,17.81999969482422,1513,0.0,0.0
2024-10-08 13:09:00-04:00,17.809999465942383,17.81999969482422,17.809999465942383,17.815000534057617,330,0.0,0.0
2024-10-08 13:11:00-04:00,17.815000534057617,17.825000762939453,17.809999465942383,17.825000762939453,2929,0.0,0.0
2024-10-08 13:12:00-04:00,17.834999084472656,17.850000381469727,17.834999084472656,17.850000381469727,601,0.0,0.0
2024-10-08 13:13:00-04:00,17.860000610351562,17.860000610351562,17.829999923706055,17.84000015258789,2633,0.0,0.0
2024-10-08 13:14:00-04:00,17.829999923706055,17.84000015258789,17.829999923706055,17.84000015258789,4238,0.0,0.0
2024-10-08 13:15:00-04:00,17.829999923706055,17.84000015258789,17.829999923706055,17.834999084472656,733,0.0,0.0
2024-10-08 13:16:00-04:00,17.834999084472656,17.834999084472656,17.829999923706055,17.829999923706055,1761,0.0,0.0
2024-10-08 13:17:00-04:00,17.825000762939453,17.829999923706055,17.825000762939453,17.829999923706055,1054,0.0,0.0
2024-10-08 13:18:00-04:00,17.84000015258789,17.850000381469727,17.84000015258789,17.850000381469727,469,0.0,0.0
2024-10-08 13:19:00-04:00,17.860000610351562,17.860000610351562,17.844999313354492,17.844999313354492,820,0.0,0.0
2024-10-08 13:21:00-04:00,17.854999542236328,17.854999542236328,17.850200653076172,17.854999542236328,4067,0.0,0.0
2024-10-08 13:22:00-04:00,17.850000381469727,17.860000610351562,17.844999313354492,17.854999542236328,1837,0.0,0.0
2024-10-08 13:23:00-04:00,17.860000610351562,17.8700008392334,17.860000610351562,17.864999771118164,634,0.0,0.0
2024-10-08 13:24:00-04:00,17.864999771118164,17.864999771118164,17.864999771118164,17.864999771118164,113,0.0,0.0
2024-10-08 13:25:00-04:00,17.860000610351562,17.8700008392334,17.860000610351562,17.8700008392334,469,0.0,0.0
2024-10-08 13:26:00-04:00,17.864999771118164,17.8700008392334,17.860000610351562,17.860000610351562,1227,0.0,0.0
2024-10-08 13:27:00-04:00,17.860000610351562,17.860000610351562,17.854999542236328,17.854999542236328,517,0.0,0.0
2024-10-08 13:28:00-04:00,17.860000610351562,17.860000610351562,17.854999542236328,17.854999542236328,563,0.0,0.0
2024-10-08 13:29:00-04:00,17.854999542236328,17.860000610351562,17.854999542236328,17.854999542236328,997,0.0,0.0
2024-10-08 13:31:00-04:00,17.854999542236328,17.854999542236328,17.850000381469727,17.850000381469727,1601,0.0,0.0
2024-10-08 13:32:00-04:00,17.850000381469727,17.850000381469727,17.825000762939453,17.84000015258789,2579,0.0,0.0
2024-10-08 13:33:00-04:00,17.850000381469727,17.8799991607666,17.850000381469727,17.875,2328,0.0,0.0
2024-10-08 13:34:00-04:00,17.8799991607666,17.8799991607666,17.850000381469727,17.850000381469727,2478,0.0,0.0
2024-10-08 13:35:00-04:00,17.854999542236328,17.854999542236328,17.854999542236328,17.854999542236328,234,0.0,0.0
2024-10-08 13:36:00-04:00,17.864999771118164,17.864999771118164,17.864999771118164,17.864999771118164,140,0.0,0.0
2024-10-08 13:37:00-04:00,17.860000610351562,17.860000610351562,17.860000610351562,17.860000610351562,218,0.0,0.0
2024-10-08 13:38:00-04:00,17.864999771118164,17.864999771118164,17.860000610351562,17.860000610351562,1056,0.0,0.0
2024-10-08 13:40:00-04:00,17.864999771118164,17.8700008392334,17.860000610351562,17.8700008392334,870,0.0,0.0
2024-10-08 13:41:00-04:00,17.864999771118164,17.864999771118164,17.864999771118164,17.864999771118164,349,0.0,0.0
2024-10-08 13:42:00-04:00,17.860000610351562,17.860000610351562,17.850000381469727,17.860000610351562,1271,0.0,0.0
2024-10-08 13:43:00-04:00,17.864999771118164,17.864999771118164,17.864999771118164,17.864999771118164,102,0.0,0.0
2024-10-08 13:44:00-04:00,17.8700008392334,17.8799991607666,17.8700008392334,17.8799991607666,1280,0.0,0.0
2024-10-08 13:45:00-04:00,17.8799991607666,17.889999389648438,17.8799991607666,17.889999389648438,1107,0.0,0.0
2024-10-08 13:46:00-04:00,17.889999389648438,17.889999389648438,17.8799991607666,17.8799991607666,2093,0.0,0.0
2024-10-08 13:47:00-04:00,17.8799991607666,17.8799991607666,17.8700008392334,17.8799991607666,1732,0.0,0.0
2024-10-08 13:48:00-04:00,17.8799991607666,17.8799991607666,17.8700008392334,17.8799991607666,422,0.0,0.0
2024-10-08 13:49:00-04:00,17.876800537109375,17.8799991607666,17.876300811767578,17.8799991607666,1275,0.0,0.0
2024-10-08 13:50:00-04:00,17.8799991607666,17.8799991607666,17.8799991607666,17.8799991607666,202,0.0,0.0
2024-10-08 13:51:00-04:00,17.885000228881836,17.889999389648438,17.885000228881836,17.889999389648438,1007,0.0,0.0
2024-10-08 13:53:00-04:00,17.889999389648438,17.889999389648438,17.8799991607666,17.889999389648438,2022,0.0,0.0
2024-10-08 13:55:00-04:00,17.889999389648438,17.889999389648438,17.889999389648438,17.889999389648438,649,0.0,0.0
2024-10-08 13:56:00-04:00,17.889999389648438,17.889999389648438,17.889999389648438,17.889999389648438,819,0.0,0.0
2024-10-08 13:57:00-04:00,17.889999389648438,17.895000457763672,17.889999389648438,17.895000457763672,614,0.0,0.0
2024-10-08 13:58:00-04:00,17.889999389648438,17.895000457763672,17.889999389648438,17.895000457763672,920,0.0,0.0
2024-10-08 13:59:00-04:00,17.895000457763672,17.899999618530273,17.895000457763672,17.899999618530273,1644,0.0,0.0
2024-10-08 14:00:00-04:00,17.899999618530273,17.899999618530273,17.899999618530273,17.899999618530273,650,0.0,0.0
2024-10-08 14:02:00-04:00,17.895000457763672,17.895000457763672,17.889999389648438,17.895000457763672,478,0.0,0.0
2024-10-08 14:03:00-04:00,17.895000457763672,17.895000457763672,17.889999389648438,17.889999389648438,1594,0.0,0.0
2024-10-08 14:04:00-04:00,17.889999389648438,17.889999389648438,17.8799991607666,17.889999389648438,876,0.0,0.0
2024-10-08 14:05:00-04:00,17.889999389648438,17.895000457763672,17.889999389648438,17.895000457763672,640,0.0,0.0
2024-10-08 14:06:00-04:00,17.895000457763672,17.895000457763672,17.8799991607666,17.8799991607666,1066,0.0,0.0
2024-10-08 14:07:00-04:00,17.8799991607666,17.8799991607666,17.8799991607666,17.8799991607666,176,0.0,0.0
2024-10-08 14:08:00-04:00,17.889999389648438,17.889999389648438,17.889999389648438,17.889999389648438,450,0.0,0.0
2024-10-08 14:09:00-04:00,17.885000228881836,17.889999389648438,17.885000228881836,17.889999389648438,438,0.0,0.0
2024-10-08 14:11:00-04:00,17.885000228881836,17.889999389648438,17.885000228881836,17.88610076904297,720,0.0,0.0
2024-10-08 14:12:00-04:00,17.885000228881836,17.885000228881836,17.885000228881836,17.885000228881836,126,0.0,0.0
2024-10-08 14:13:00-04:00,17.885000228881836,17.885000228881836,17.885000228881836,17.885000228881836,291,0.0,0.0
2024-10-08 14:15:00-04:00,17.889999389648438,17.889999389648438,17.889999389648438,17.889999389648438,1130,0.0,0.0
2024-10-08 14:16:00-04:00,17.885000228881836,17.889999389648438,17.885000228881836,17.889999389648438,1125,0.0,0.0
2024-10-08 14:17:00-04:00,17.884000778198242,17.889999389648438,17.884000778198242,17.889999389648438,1030,0.0,0.0
2024-10-08 14:18:00-04:00,17.885000228881836,17.885000228881836,17.884000778198242,17.884000778198242,660,0.0,0.0
2024-10-08 14:20:00-04:00,17.889999389648438,17.889999389648438,17.8799991607666,17.8799991607666,2173,0.0,0.0
2024-10-08 14:21:00-04:00,17.875,17.8799991607666,17.8700008392334,17.875,2539,0.0,0.0
2024-10-08 14:22:00-04:00,17.8700008392334,17.8700008392334,17.854999542236328,17.854999542236328,2078,0.0,0.0
2024-10-08 14:23:00-04:00,17.854999542236328,17.854999542236328,17.829999923706055,17.829999923706055,4567,0.0,0.0
2024-10-08 14:24:00-04:00,17.829999923706055,17.834999084472656,17.829999923706055,17.834999084472656,563,0.0,0.0
2024-10-08 14:25:00-04:00,17.834999084472656,17.834999084472656,17.825000762939453,17.829999923706055,1571,0.0,0.0
2024-10-08 14:27:00-04:00,17.829999923706055,17.84000015258789,17.829999923706055,17.84000015258789,803,0.0,0.0
2024-10-08 14:28:00-04:00,17.84000015258789,17.850000381469727,17.834999084472656,17.850000381469727,1550,0.0,0.0
2024-10-08 14:29:00-04:00,17.860000610351562,17.8700008392334,17.860000610351562,17.8700008392334,558,0.0,0.0
2024-10-08 14:30:00-04:00,17.8700008392334,17.875,17.860000610351562,17.860000610351562,3519,0.0,0.0
2024-10-08 14:31:00-04:00,17.864999771118164,17.864999771118164,17.860000610351562,17.864999771118164,1299,0.0,0.0
2024-10-08 14:32:00-04:00,17.864999771118164,17.864999771118164,17.864999771118164,17.864999771118164,390,0.0,0.0
2024-10-08 14:33:00-04:00,17.8700008392334,17.8700008392334,17.8700008392334,17.8700008392334,623,0.0,0.0
2024-10-08 14:34:00-04:00,17.8700008392334,17.8700008392334,17.8700008392334,17.8700008392334,875,0.0,0.0
2024-10-08 14:35:00-04:00,17.873699188232422,17.875,17.8700008392334,17.8700008392334,1963,0.0,0.0
2024-10-08 14:36:00-04:00,17.8700008392334,17.8700008392334,17.8700008392334,17.8700008392334,1038,0.0,0.0
2024-10-08 14:37:00-04:00,17.8700008392334,17.875,17.8700008392334,17.8700008392334,3448,0.0,0.0
2024-10-08 14:38:00-04:00,17.8799991607666,17.8799991607666,17.8700008392334,17.8799991607666,5230,0.0,0.0
2024-10-08 14:39:00-04:00,17.875,17.8799991607666,17.875,17.8799991607666,222,0.0,0.0
2024-10-08 14:40:00-04:00,17.8799991607666,17.889999389648438,17.8799991607666,17.889999389648438,1708,0.0,0.0
2024-10-08 14:41:00-04:00,17.899999618530273,17.899999618530273,17.899999618530273,17.899999618530273,202,0.0,0.0
2024-10-08 14:42:00-04:00,17.899999618530273,17.905000686645508,17.899999618530273,17.899999618530273,1765,0.0,0.0
2024-10-08 14:43:00-04:00,17.90999984741211,17.90999984741211,17.90999984741211,17.90999984741211,566,0.0,0.0
2024-10-08 14:44:00-04:00,17.90999984741211,17.915000915527344,17.90999984741211,17.90999984741211,2032,0.0,0.0
2024-10-08 14:45:00-04:00,17.920000076293945,17.920000076293945,17.905000686645508,17.905000686645508,1589,0.0,0.0
2024-10-08 14:46:00-04:00,17.90999984741211,17.90999984741211,17.905000686645508,17.905000686645508,686,0.0,0.0
2024-10-08 14:47:00-04:00,17.905000686645508,17.905000686645508,17.905000686645508,17.905000686645508,997,0.0,0.0
2024-10-08 14:48:00-04:00,17.905000686645508,17.905000686645508,17.895000457763672,17.899999618530273,1869,0.0,0.0
2024-10-08 14:49:00-04:00,17.915000915527344,17.93000030517578,17.915000915527344,17.93000030517578,890,0.0,0.0
2024-10-08 14:50:00-04:00,17.93000030517578,17.93000030517578,17.910200119018555,17.910200119018555,2629,0.0,0.0
2024-10-08 14:51:00-04:00,17.915000915527344,17.915000915527344,17.915000915527344,17.915000915527344,150,0.0,0.0
2024-10-08 14:52:00-04:00,17.920000076293945,17.940000534057617,17.905000686645508,17.940000534057617,9142,0.0,0.0
2024-10-08 14:53:00-04:00,17.944000244140625,17.959999084472656,17.944000244140625,17.950000762939453,3052,0.0,0.0
2024-10-08 14:54:00-04:00,17.950000762939453,17.950000762939453,17.950000762939453,17.950000762939453,372,0.0,0.0
2024-10-08 14:55:00-04:00,17.959999084472656,17.959999084472656,17.940000534057617,17.944000244140625,599,0.0,0.0
2024-10-08 14:56:00-04:00,17.940099716186523,17.96500015258789,17.940000534057617,17.959999084472656,7055,0.0,0.0
2024-10-08 14:57:00-04:00,17.959999084472656,17.959999084472656,17.954999923706055,17.954999923706055,753,0.0,0.0
2024-10-08 14:58:00-04:00,17.959999084472656,17.959999084472656,17.959999084472656,17.959999084472656,1284,0.0,0.0
2024-10-08 14:59:00-04:00,17.96500015258789,17.979999542236328,17.96500015258789,17.979999542236328,1544,0.0,0.0
2024-10-08 15:00:00-04:00,17.979999542236328,17.979999542236328,17.979999542236328,17.979999542236328,829,0.0,0.0
2024-10-08 15:01:00-04:00,17.979999542236328,17.979999542236328,17.959999084472656,17.969999313354492,4501,0.0,0.0
2024-10-08 15:02:00-04:00,17.979999542236328,17.985000610351562,17.979999542236328,17.985000610351562,2597,0.0,0.0
2024-10-08 15:03:00-04:00,17.985000610351562,17.989999771118164,17.985000610351562,17.989999771118164,1004,0.0,0.0
2024-10-08 15:04:00-04:00,17.989999771118164,17.989999771118164,17.983999252319336,17.983999252319336,787,0.0,0.0
2024-10-08 15:05:00-04:00,17.989999771118164,17.989999771118164,17.979999542236328,17.979999542236328,2328,0.0,0.0
2024-10-08 15:06:00-04:00,17.969999313354492,17.969999313354492,17.964000701904297,17.964000701904297,1720,0.0,0.0
2024-10-08 15:07:00-04:00,17.969999313354492,17.969999313354492,17.93400001525879,17.93400001525879,3576,0.0,0.0
2024-10-08 15:08:00-04:00,17.934999465942383,17.934999465942383,17.934999465942383,17.934999465942383,454,0.0,0.0
2024-10-08 15:09:00-04:00,17.940000534057617,17.940000534057617,17.940000534057617,17.940000534057617,1465,0.0,0.0
2024-10-08 15:10:00-04:00,17.940000534057617,17.969999313354492,17.940000534057617,17.96500015258789,1562,0.0,0.0
2024-10-08 15:11:00-04:00,17.96500015258789,17.96500015258789,17.950000762939453,17.959999084472656,1778,0.0,0.0
2024-10-08 15:12:00-04:00,17.959999084472656,17.959999084472656,17.954999923706055,17.959999084472656,1444,0.0,0.0
2024-10-08 15:13:00-04:00,17.959999084472656,17.959999084472656,17.959999084472656,17.959999084472656,688,0.0,0.0
2024-10-08 15:14:00-04:00,17.969999313354492,17.975000381469727,17.969999313354492,17.969999313354492,2462,0.0,0.0
2024-10-08 15:15:00-04:00,17.969999313354492,17.979999542236328,17.969999313354492,17.969999313354492,1681,0.0,0.0
2024-10-08 15:16:00-04:00,17.969999313354492,17.969999313354492,17.969999313354492,17.969999313354492,302,0.0,0.0
2024-10-08 15:17:00-04:00,17.969999313354492,17.975000381469727,17.969999313354492,17.975000381469727,1011,0.0,0.0
2024-10-08 15:18:00-04:00,17.975000381469727,17.975000381469727,17.90999984741211,17.90999984741211,4437,0.0,0.0
2024-10-08 15:19:00-04:00,17.90999984741211,17.90999984741211,17.90999984741211,17.90999984741211,429,0.0,0.0
2024-10-08 15:20:00-04:00,17.90999984741211,17.915000915527344,17.90999984741211,17.915000915527344,852,0.0,0.0
2024-10-08 15:21:00-04:00,17.915000915527344,17.920000076293945,17.889999389648438,17.90999984741211,4535,0.0,0.0
2024-10-08 15:22:00-04:00,17.899999618530273,17.90999984741211,17.8700008392334,17.889999389648438,3598,0.0,0.0
2024-10-08 15:23:00-04:00,17.889999389648438,17.920000076293945,17.889999389648438,17.920000076293945,2060,0.0,0.0
2024-10-08 15:24:00-04:00,17.90999984741211,17.950000762939453,17.90999984741211,17.950000762939453,6019,0.0,0.0
2024-10-08 15:25:00-04:00,17.959999084472656,17.959999084472656,17.940000534057617,17.950000762939453,4824,0.0,0.0
2024-10-08 15:26:00-04:00,17.950000762939453,17.959999084472656,17.950000762939453,17.959999084472656,2090,0.0,0.0
2024-10-08 15:27:00-04:00,17.959999084472656,17.969999313354492,17.951000213623047,17.969999313354492,3149,0.0,0.0
2024-10-08 15:28:00-04:00,17.959999084472656,17.969999313354492,17.94099998474121,17.94099998474121,5330,0.0,0.0
2024-10-08 15:29:00-04:00,17.950000762939453,17.969999313354492,17.950000762939453,17.969999313354492,2245,0.0,0.0
2024-10-08 15:30:00-04:00,17.969999313354492,17.969999313354492,17.959999084472656,17.969999313354492,4014,0.0,0.0
2024-10-08 15:31:00-04:00,17.979999542236328,18.0,17.979999542236328,18.0,20759,0.0,0.0
2024-10-08 15:32:00-04:00,18.0,18.0,17.969999313354492,17.989999771118164,4703,0.0,0.0
2024-10-08 15:33:00-04:00,18.0,18.0,18.0,18.0,6799,0.0,0.0
2024-10-08 15:34:00-04:00,18.0,18.0,17.985000610351562,17.985000610351562,3397,0.0,0.0
2024-10-08 15:35:00-04:00,17.9950008392334,18.0049991607666,17.990999221801758,18.0,4463,0.0,0.0
2024-10-08 15:36:00-04:00,18.010000228881836,18.020000457763672,18.010000228881836,18.020000457763672,2004,0.0,0.0
2024-10-08 15:37:00-04:00,18.020000457763672,18.020000457763672,18.0,18.0,7561,0.0,0.0
2024-10-08 15:38:00-04:00,18.0049991607666,18.010000228881836,18.0,18.010000228881836,903,0.0,0.0
2024-10-08 15:39:00-04:00,18.0049991607666,18.010000228881836,17.979999542236328,17.989999771118164,11923,0.0,0.0
2024-10-08 15:40:00-04:00,17.9950008392334,18.0,17.990999221801758,18.0,1037,0.0,0.0
2024-10-08 15:41:00-04:00,18.0,18.0,17.990999221801758,18.0,935,0.0,0.0
2024-10-08 15:42:00-04:00,17.9950008392334,18.010000228881836,17.985000610351562,17.985000610351562,7564,0.0,0.0
2024-10-08 15:43:00-04:00,17.981000900268555,17.989999771118164,17.979999542236328,17.979999542236328,2313,0.0,0.0
2024-10-08 15:44:00-04:00,17.979999542236328,17.985000610351562,17.950000762939453,17.959999084472656,6875,0.0,0.0
2024-10-08 15:45:00-04:00,17.954999923706055,17.954999923706055,17.924999237060547,17.924999237060547,4642,0.0,0.0
2024-10-08 15:46:00-04:00,17.920000076293945,17.924999237060547,17.899999618530273,17.90999984741211,4352,0.0,0.0
2024-10-08 15:47:00-04:00,17.90999984741211,17.924999237060547,17.90999984741211,17.915000915527344,3803,0.0,0.0
2024-10-08 15:48:00-04:00,17.920000076293945,17.920000076293945,17.910999298095703,17.920000076293945,1832,0.0,0.0
2024-10-08 15:49:00-04:00,17.915000915527344,17.940000534057617,17.915000915527344,17.940000534057617,4134,0.0,0.0
2024-10-08 15:50:00-04:00,17.940000534057617,17.959999084472656,17.93000030517578,17.93000030517578,10129,0.0,0.0
2024-10-08 15:51:00-04:00,17.93000030517578,17.954999923706055,17.93000030517578,17.940000534057617,7067,0.0,0.0
2024-10-08 15:52:00-04:00,17.94499969482422,17.94499969482422,17.93000030517578,17.940000534057617,4189,0.0,0.0
2024-10-08 15:53:00-04:00,17.940000534057617,17.959999084472656,17.940000534057617,17.959999084472656,4754,0.0,0.0
2024-10-08 15:54:00-04:00,17.959999084472656,17.959999084472656,17.924999237060547,17.940000534057617,8611,0.0,0.0
2024-10-08 15:55:00-04:00,17.934999465942383,17.950000762939453,17.920000076293945,17.924999237060547,7669,0.0,0.0
2024-10-08 15:56:00-04:00,17.93000030517578,17.950000762939453,17.920000076293945,17.950000762939453,9879,0.0,0.0
2024-10-08 15:57:00-04:00,17.950000762939453,17.979999542236328,17.940000534057617,17.979999542236328,19260,0.0,0.0
2024-10-08 15:58:00-04:00,17.979999542236328,17.979999542236328,17.969999313354492,17.975000381469727,35430,0.0,0.0
2024-10-08 15:59:00-04:00,17.975000381469727,17.979999542236328,17.899999618530273,17.899999618530273,46096,0.0,0.0
2024-10-09 09:30:00-04:00,17.8700008392334,17.8700008392334,17.80590057373047,17.80590057373047,6925,0.0,0.0
2024-10-09 09:31:00-04:00,17.81999969482422,17.84000015258789,17.81999969482422,17.84000015258789,809,0.0,0.0
2024-10-09 09:33:00-04:00,17.924999237060547,17.950000762939453,17.920000076293945,17.950000762939453,949,0.0,0.0
2024-10-09 09:34:00-04:00,17.950000762939453,17.950000762939453,17.934999465942383,17.934999465942383,527,0.0,0.0
2024-10-09 09:35:00-04:00,17.959999084472656,17.959999084472656,17.959999084472656,17.959999084472656,411,0.0,0.0
2024-10-09 09:36:00-04:00,17.959999084472656,18.020000457763672,17.959999084472656,18.0049991607666,2599,0.0,0.0
2024-10-09 09:37:00-04:00,17.96500015258789,18.0,17.93000030517578,17.93000030517578,2261,0.0,0.0
2024-10-09 09:38:00-04:00,18.0,18.020000457763672,17.989999771118164,18.014999389648438,2644,0.0,0.0
2024-10-09 09:39:00-04:00,18.020000457763672,18.020000457763672,18.020000457763672,18.020000457763672,423,0.0,0.0
2024-10-09 09:40:00-04:00,18.010000228881836,18.040000915527344,18.0049991607666,18.030000686645508,2397,0.0,0.0
2024-10-09 09:41:00-04:00,18.020099639892578,18.049999237060547,18.020000457763672,18.030000686645508,2466,0.0,0.0
2024-10-09 09:42:00-04:00,18.020000457763672,18.059999465942383,18.0,18.040000915527344,3881,0.0,0.0
2024-10-09 09:44:00-04:00,18.024999618530273,18.040000915527344,18.024999618530273,18.040000915527344,1325,0.0,0.0
2024-10-09 09:45:00-04:00,18.049999237060547,18.06999969482422,18.049999237060547,18.059999465942383,1583,0.0,0.0
2024-10-09 09:46:00-04:00,18.049999237060547,18.049999237060547,18.030000686645508,18.030000686645508,544,0.0,0.0
2024-10-09 09:48:00-04:00,18.040000915527344,18.040000915527344,18.040000915527344,18.040000915527344,520,0.0,0.0
2024-10-09 09:49:00-04:00,18.040000915527344,18.049999237060547,18.040000915527344,18.040000915527344,1195,0.0,0.0
2024-10-09 09:50:00-04:00,18.040000915527344,18.049999237060547,18.040000915527344,18.049999237060547,1468,0.0,0.0
2024-10-09 09:51:00-04:00,18.059999465942383,18.059999465942383,18.059999465942383,18.059999465942383,384,0.0,0.0
2024-10-09 09:52:00-04:00,18.06999969482422,18.079999923706055,18.06999969482422,18.079999923706055,1661,0.0,0.0
2024-10-09 09:53:00-04:00,18.079999923706055,18.079999923706055,18.079999923706055,18.079999923706055,222,0.0,0.0
2024-10-09 09:54:00-04:00,18.08099937438965,18.08099937438965,18.079999923706055,18.079999923706055,665,0.0,0.0
2024-10-09 09:55:00-04:00,18.079999923706055,18.09000015258789,18.079999923706055,18.085100173950195,1040,0.0,0.0
2024-10-09 09:56:00-04:00,18.09000015258789,18.094999313354492,18.079999923706055,18.09000015258789,1742,0.0,0.0
2024-10-09 09:57:00-04:00,18.100000381469727,18.1200008392334,18.100000381469727,18.1200008392334,1750,0.0,0.0
2024-10-09 09:58:00-04:00,18.125,18.190000534057617,18.1200008392334,18.190000534057617,16814,0.0,0.0
2024-10-09 09:59:00-04:00,18.190000534057617,18.190000534057617,18.190000534057617,18.190000534057617,810,0.0,0.0
2024-10-09 10:00:00-04:00,18.18000030517578,18.18000030517578,18.18000030517578,18.18000030517578,390,0.0,0.0
2024-10-09 10:01:00-04:00,18.190000534057617,18.190000534057617,18.190000534057617,18.190000534057617,337,0.0,0.0
2024-10-09 10:03:00-04:00,18.209999084472656,18.209999084472656,18.204999923706055,18.209999084472656,1687,0.0,0.0
2024-10-09 10:04:00-04:00,18.209999084472656,18.209999084472656,18.209999084472656,18.209999084472656,733,0.0,0.0
2024-10-09 10:05:00-04:00,18.209999084472656,18.219999313354492,18.209999084472656,18.219999313354492,800,0.0,0.0
2024-10-09 10:06:00-04:00,18.190000534057617,18.219999313354492,18.190000534057617,18.219999313354492,1940,0.0,0.0
2024-10-09 10:08:00-04:00,18.219999313354492,18.219999313354492,18.170000076293945,18.170000076293945,1435,0.0,0.0
2024-10-09 10:09:00-04:00,18.15999984741211,18.170000076293945,18.15999984741211,18.170000076293945,822,0.0,0.0
2024-10-09 10:10:00-04:00,18.18000030517578,18.18000030517578,18.165199279785156,18.165199279785156,2150,0.0,0.0
2024-10-09 10:11:00-04:00,18.170000076293945,18.170000076293945,18.139999389648438,18.149999618530273,1838,0.0,0.0
2024-10-09 10:13:00-04:00,18.200000762939453,18.200000762939453,18.200000762939453,18.200000762939453,543,0.0,0.0
2024-10-09 10:15:00-04:00,18.200000762939453,18.200000762939453,18.184999465942383,18.184999465942383,1101,0.0,0.0
2024-10-09 10:16:00-04:00,18.18000030517578,18.18000030517578,18.170000076293945,18.170000076293945,1369,0.0,0.0
2024-10-09 10:17:00-04:00,18.170000076293945,18.170000076293945,18.170000076293945,18.170000076293945,833,0.0,0.0
2024-10-09 10:18:00-04:00,18.18000030517578,18.18000030517578,18.18000030517578,18.18000030517578,572,0.0,0.0
2024-10-09 10:19:00-04:00,18.18000030517578,18.18000030517578,18.18000030517578,18.18000030517578,104,0.0,0.0
2024-10-09 10:20:00-04:00,18.18000030517578,18.190000534057617,18.170000076293945,18.190000534057617,1493,0.0,0.0
2024-10-09 10:21:00-04:00,18.18000030517578,18.180299758911133,18.149999618530273,18.15999984741211,1796,0.0,0.0
2024-10-09 10:22:00-04:00,18.16230010986328,18.16230010986328,18.16230010986328,18.16230010986328,1322,0.0,0.0
2024-10-09 10:23:00-04:00,18.15999984741211,18.170000076293945,18.15999984741211,18.170000076293945,474,0.0,0.0
2024-10-09 10:24:00-04:00,18.172100067138672,18.172100067138672,18.172100067138672,18.172100067138672,157,0.0,0.0
2024-10-09 10:25:00-04:00,18.170000076293945,18.200000762939453,18.170000076293945,18.190000534057617,3637,0.0,0.0
2024-10-09 10:26:00-04:00,18.170000076293945,18.190000534057617,18.170000076293945,18.190000534057617,887,0.0,0.0
2024-10-09 10:27:00-04:00,18.18000030517578,18.204999923706055,18.170000076293945,18.204999923706055,1098,0.0,0.0
2024-10-09 10:28:00-04:00,18.20009994506836,18.20009994506836,18.20009994506836,18.20009994506836,3245,0.0,0.0
2024-10-09 10:29:00-04:00,18.209999084472656,18.209999084472656,18.190000534057617,18.190000534057617,659,0.0,0.0
2024-10-09 10:30:00-04:00,18.18000030517578,18.18000030517578,18.149999618530273,18.149999618530273,1075,0.0,0.0
2024-10-09 10:31:00-04:00,18.149999618530273,18.149999618530273,18.149999618530273,18.149999618530273,281,0.0,0.0
2024-10-09 10:32:00-04:00,18.149999618530273,18.149999618530273,18.138999938964844,18.138999938964844,1230,0.0,0.0
2024-10-09 10:34:00-04:00,18.1200008392334,18.1200008392334,18.100000381469727,18.100000381469727,1740,0.0,0.0
2024-10-09 10:35:00-04:00,18.110000610351562,18.114999771118164,18.100000381469727,18.11009979248047,3589,0.0,0.0
2024-10-09 10:36:00-04:00,18.1200008392334,18.1200008392334,18.1200008392334,18.1200008392334,834,0.0,0.0
2024-10-09 10:37:00-04:00,18.1299991607666,18.1299991607666,18.1299991607666,18.1299991607666,333,0.0,0.0
2024-10-09 10:38:00-04:00,18.1299991607666,18.1299991607666,18.1299991607666,18.1299991607666,747,0.0,0.0
2024-10-09 10:39:00-04:00,18.131799697875977,18.131799697875977,18.131799697875977,18.131799697875977,329,0.0,0.0
2024-10-09 10:40:00-04:00,18.1299991607666,18.1299991607666,18.1200008392334,18.1200008392334,642,0.0,0.0
2024-10-09 10:41:00-04:00,18.104999542236328,18.110000610351562,18.104999542236328,18.110000610351562,514,0.0,0.0
2024-10-09 10:42:00-04:00,18.1200008392334,18.1200008392334,18.1200008392334,18.1200008392334,1122,0.0,0.0
2024-10-09 10:46:00-04:00,18.1299991607666,18.1299991607666,18.110000610351562,18.110000610351562,958,0.0,0.0
2024-10-09 10:47:00-04:00,18.1200008392334,18.1200008392334,18.1200008392334,18.1200008392334,107,0.0,0.0
2024-10-09 10:48:00-04:00,18.1200008392334,18.149999618530273,18.1200008392334,18.149999618530273,1735,0.0,0.0
2024-10-09 10:51:00-04:00,18.200000762939453,18.229999542236328,18.200000762939453,18.229999542236328,971,0.0,0.0
2024-10-09 10:52:00-04:00,18.229999542236328,18.229999542236328,18.209999084472656,18.209999084472656,732,0.0,0.0
2024-10-09 10:53:00-04:00,18.190000534057617,18.190000534057617,18.190000534057617,18.190000534057617,699,0.0,0.0
2024-10-09 10:55:00-04:00,18.200000762939453,18.202499389648438,18.200000762939453,18.200199127197266,839,0.0,0.0
2024-10-09 10:56:00-04:00,18.200000762939453,18.200000762939453,18.200000762939453,18.200000762939453,202,0.0,0.0
2024-10-09 10:57:00-04:00,18.200000762939453,18.209999084472656,18.200000762939453,18.209999084472656,1603,0.0,0.0
2024-10-09 10:58:00-04:00,18.219999313354492,18.219999313354492,18.219999313354492,18.219999313354492,359,0.0,0.0
2024-10-09 10:59:00-04:00,18.209999084472656,18.209999084472656,18.209999084472656,18.209999084472656,588,0.0,0.0
2024-10-09 11:00:00-04:00,18.209999084472656,18.209999084472656,18.209999084472656,18.209999084472656,666,0.0,0.0
2024-10-09 11:02:00-04:00,18.200300216674805,18.200300216674805,18.200300216674805,18.200300216674805,409,0.0,0.0
2024-10-09 11:03:00-04:00,18.184999465942383,18.184999465942383,18.174999237060547,18.18000030517578,1028,0.0,0.0
2024-10-09 11:04:00-04:00,18.18000030517578,18.182199478149414,18.170000076293945,18.170000076293945,690,0.0,0.0
2024-10-09 11:05:00-04:00,18.170000076293945,18.170000076293945,18.170000076293945,18.170000076293945,374,0.0,0.0
2024-10-09 11:07:00-04:00,18.170000076293945,18.190000534057617,18.170000076293945,18.190000534057617,1136,0.0,0.0
2024-10-09 11:08:00-04:00,18.200000762939453,18.204999923706055,18.19499969482422,18.19499969482422,532,0.0,0.0
2024-10-09 11:09:00-04:00,18.200000762939453,18.200000762939453,18.200000762939453,18.200000762939453,319,0.0,0.0
2024-10-09 11:11:00-04:00,18.190000534057617,18.190000534057617,18.190000534057617,18.190000534057617,223,0.0,0.0
2024-10-09 11:13:00-04:00,18.189899444580078,18.189899444580078,18.189899444580078,18.189899444580078,307,0.0,0.0
2024-10-09 11:15:00-04:00,18.190000534057617,18.190000534057617,18.190000534057617,18.190000534057617,262,0.0,0.0
2024-10-09 11:17:00-04:00,18.19499969482422,18.200000762939453,18.19499969482422,18.200000762939453,1369,0.0,0.0
2024-10-09 11:18:00-04:00,18.203800201416016,18.225000381469727,18.203800201416016,18.219999313354492,3828,0.0,0.0
2024-10-09 11:19:00-04:00,18.219999313354492,18.219999313354492,18.219999313354492,18.219999313354492,331,0.0,0.0
2024-10-09 11:20:00-04:00,18.239999771118164,18.239999771118164,18.229999542236328,18.229999542236328,758,0.0,0.0
2024-10-09 11:21:00-04:00,18.229999542236328,18.229999542236328,18.229999542236328,18.229999542236328,388,0.0,0.0
2024-10-09 11:22:00-04:00,18.229999542236328,18.229999542236328,18.200000762939453,18.200000762939453,1275,0.0,0.0
2024-10-09 11:23:00-04:00,18.185300827026367,18.185300827026367,18.185300827026367,18.185300827026367,206,0.0,0.0
2024-10-09 11:24:00-04:00,18.190000534057617,18.200000762939453,18.18000030517578,18.200000762939453,1071,0.0,0.0
2024-10-09 11:25:00-04:00,18.209999084472656,18.219999313354492,18.209999084472656,18.219999313354492,822,0.0,0.0
2024-10-09 11:27:00-04:00,18.229999542236328,18.239999771118164,18.229999542236328,18.239999771118164,5232,0.0,0.0
2024-10-09 11:28:00-04:00,18.25,18.2549991607666,18.25,18.2549991607666,1013,0.0,0.0
2024-10-09 11:29:00-04:00,18.25909996032715,18.25909996032715,18.25,18.2549991607666,1320,0.0,0.0
2024-10-09 11:30:00-04:00,18.260000228881836,18.299999237060547,18.260000228881836,18.299999237060547,1410,0.0,0.0
2024-10-09 11:31:00-04:00,18.299999237060547,18.309999465942383,18.299999237060547,18.309999465942383,890,0.0,0.0
2024-10-09 11:32:00-04:00,18.31999969482422,18.31999969482422,18.31999969482422,18.31999969482422,581,0.0,0.0
2024-10-09 11:33:00-04:00,18.34000015258789,18.34000015258789,18.34000015258789,18.34000015258789,423,0.0,0.0
2024-10-09 11:34:00-04:00,18.34000015258789,18.34000015258789,18.34000015258789,18.34000015258789,1208,0.0,0.0
2024-10-09 11:35:00-04:00,18.329999923706055,18.329999923706055,18.31999969482422,18.31999969482422,1049,0.0,0.0
2024-10-09 11:36:00-04:00,18.299999237060547,18.309999465942383,18.299999237060547,18.309999465942383,951,0.0,0.0
2024-10-09 11:37:00-04:00,18.329999923706055,18.329999923706055,18.329999923706055,18.329999923706055,554,0.0,0.0
2024-10-09 11:39:00-04:00,18.299999237060547,18.299999237060547,18.270000457763672,18.270000457763672,877,0.0,0.0
2024-10-09 11:40:00-04:00,18.280000686645508,18.31999969482422,18.280000686645508,18.31999969482422,618,0.0,0.0
2024-10-09 11:41:00-04:00,18.309999465942383,18.31999969482422,18.309999465942383,18.31999969482422,498,0.0,0.0
2024-10-09 11:42:00-04:00,18.299999237060547,18.302200317382812,18.290000915527344,18.290000915527344,490,0.0,0.0
2024-10-09 11:45:00-04:00,18.299999237060547,18.299999237060547,18.299999237060547,18.299999237060547,458,0.0,0.0
2024-10-09 11:46:00-04:00,18.280000686645508,18.290000915527344,18.280000686645508,18.290000915527344,604,0.0,0.0
2024-10-09 11:49:00-04:00,18.295000076293945,18.295000076293945,18.293399810791016,18.293399810791016,471,0.0,0.0
2024-10-09 11:50:00-04:00,18.299999237060547,18.299999237060547,18.299999237060547,18.299999237060547,980,0.0,0.0
2024-10-09 11:51:00-04:00,18.299999237060547,18.309999465942383,18.299999237060547,18.309999465942383,359,0.0,0.0
2024-10-09 11:52:00-04:00,18.31999969482422,18.325000762939453,18.31999969482422,18.31999969482422,916,0.0,0.0
2024-10-09 11:53:00-04:00,18.309999465942383,18.329999923706055,18.309999465942383,18.329999923706055,704,0.0,0.0
2024-10-09 11:54:00-04:00,18.329999923706055,18.34000015258789,18.329999923706055,18.34000015258789,901,0.0,0.0
2024-10-09 11:55:00-04:00,18.34000015258789,18.350000381469727,18.329999923706055,18.34000015258789,1896,0.0,0.0
2024-10-09 11:56:00-04:00,18.350000381469727,18.350000381469727,18.309999465942383,18.309999465942383,1296,0.0,0.0
2024-10-09 11:57:00-04:00,18.31999969482422,18.31999969482422,18.31999969482422,18.31999969482422,256,0.0,0.0
2024-10-09 11:58:00-04:00,18.31999969482422,18.31999969482422,18.31999969482422,18.31999969482422,1704,0.0,0.0
2024-10-09 11:59:00-04:00,18.329999923706055,18.329999923706055,18.329999923706055,18.329999923706055,692,0.0,0.0
2024-10-09 12:00:00-04:00,18.329999923706055,18.329999923706055,18.329999923706055,18.329999923706055,588,0.0,0.0
2024-10-09 12:01:00-04:00,18.31999969482422,18.31999969482422,18.31999969482422,18.31999969482422,1781,0.0,0.0
2024-10-09 12:02:00-04:00,18.350000381469727,18.350000381469727,18.329999923706055,18.329999923706055,1157,0.0,0.0
2024-10-09 12:03:00-04:00,18.329999923706055,18.329999923706055,18.299999237060547,18.299999237060547,2237,0.0,0.0
2024-10-09 12:04:00-04:00,18.309999465942383,18.334999084472656,18.309999465942383,18.329999923706055,856,0.0,0.0
2024-10-09 12:05:00-04:00,18.334999084472656,18.334999084472656,18.309999465942383,18.31999969482422,1564,0.0,0.0
2024-10-09 12:07:00-04:00,18.34000015258789,18.34000015258789,18.34000015258789,18.34000015258789,1287,0.0,0.0
2024-10-09 12:09:00-04:00,18.360000610351562,18.360000610351562,18.360000610351562,18.360000610351562,560,0.0,0.0
2024-10-09 12:10:00-04:00,18.360000610351562,18.3700008392334,18.360000610351562,18.3700008392334,1472,0.0,0.0
2024-10-09 12:11:00-04:00,18.3799991607666,18.399999618530273,18.3799991607666,18.399999618530273,1846,0.0,0.0
2024-10-09 12:12:00-04:00,18.420000076293945,18.420000076293945,18.420000076293945,18.420000076293945,1181,0.0,0.0
2024-10-09 12:13:00-04:00,18.40999984741211,18.40999984741211,18.40999984741211,18.40999984741211,226,0.0,0.0
2024-10-09 12:14:00-04:00,18.40999984741211,18.40999984741211,18.399999618530273,18.40999984741211,905,0.0,0.0
2024-10-09 12:15:00-04:00,18.399999618530273,18.410999298095703,18.399999618530273,18.410999298095703,864,0.0,0.0
2024-10-09 12:16:00-04:00,18.399999618530273,18.4064998626709,18.399999618530273,18.399999618530273,1330,0.0,0.0
2024-10-09 12:17:00-04:00,18.399999618530273,18.399999618530273,18.389999389648438,18.389999389648438,1410,0.0,0.0
2024-10-09 12:18:00-04:00,18.389999389648438,18.389999389648438,18.389999389648438,18.389999389648438,230,0.0,0.0
2024-10-09 12:19:00-04:00,18.3799991607666,18.3799991607666,18.3700008392334,18.3700008392334,662,0.0,0.0
2024-10-09 12:20:00-04:00,18.360000610351562,18.360000610351562,18.350000381469727,18.360000610351562,1284,0.0,0.0
2024-10-09 12:21:00-04:00,18.3700008392334,18.3700008392334,18.3700008392334,18.3700008392334,1134,0.0,0.0
2024-10-09 12:23:00-04:00,18.3700008392334,18.3700008392334,18.3700008392334,18.3700008392334,726,0.0,0.0
2024-10-09 12:24:00-04:00,18.350000381469727,18.3700008392334,18.350000381469727,18.3700008392334,713,0.0,0.0
2024-10-09 12:25:00-04:00,18.365999221801758,18.365999221801758,18.36090087890625,18.36090087890625,914,0.0,0.0
2024-10-09 12:26:00-04:00,18.364099502563477,18.3700008392334,18.364099502563477,18.3700008392334,1228,0.0,0.0
2024-10-09 12:27:00-04:00,18.3799991607666,18.3799991607666,18.3799991607666,18.3799991607666,667,0.0,0.0
2024-10-09 12:28:00-04:00,18.389999389648438,18.389999389648438,18.389999389648438,18.389999389648438,327,0.0,0.0
2024-10-09 12:29:00-04:00,18.389999389648438,18.395000457763672,18.3799991607666,18.385000228881836,1688,0.0,0.0
2024-10-09 12:30:00-04:00,18.3799991607666,18.3799991607666,18.3799991607666,18.3799991607666,916,0.0,0.0
2024-10-09 12:31:00-04:00,18.3700008392334,18.3700008392334,18.3700008392334,18.3700008392334,482,0.0,0.0
2024-10-09 12:32:00-04:00,18.3700008392334,18.3700008392334,18.3700008392334,18.3700008392334,155,0.0,0.0
2024-10-09 12:33:00-04:00,18.350000381469727,18.350000381469727,18.34000015258789,18.34000015258789,902,0.0,0.0
2024-10-09 12:34:00-04:00,18.34000015258789,18.34000015258789,18.34000015258789,18.34000015258789,129,0.0,0.0
2024-10-09 12:35:00-04:00,18.329999923706055,18.344999313354492,18.329999923706055,18.344999313354492,1386,0.0,0.0
2024-10-09 12:36:00-04:00,18.354999542236328,18.354999542236328,18.354999542236328,18.354999542236328,229,0.0,0.0
2024-10-09 12:37:00-04:00,18.360000610351562,18.395000457763672,18.360000610351562,18.395000457763672,1461,0.0,0.0
2024-10-09 12:38:00-04:00,18.389999389648438,18.399999618530273,18.381999969482422,18.389999389648438,1447,0.0,0.0
2024-10-09 12:39:00-04:00,18.389999389648438,18.389999389648438,18.354999542236328,18.354999542236328,774,0.0,0.0
2024-10-09 12:40:00-04:00,18.360000610351562,18.360000610351562,18.350000381469727,18.360000610351562,895,0.0,0.0
2024-10-09 12:42:00-04:00,18.350000381469727,18.360000610351562,18.350000381469727,18.360000610351562,979,0.0,0.0
2024-10-09 12:43:00-04:00,18.3700008392334,18.3700008392334,18.350000381469727,18.350000381469727,390,0.0,0.0
2024-10-09 12:44:00-04:00,18.354999542236328,18.354999542236328,18.354999542236328,18.354999542236328,262,0.0,0.0
2024-10-09 12:45:00-04:00,18.350000381469727,18.350000381469727,18.350000381469727,18.350000381469727,961,0.0,0.0
2024-10-09 12:46:00-04:00,18.344999313354492,18.344999313354492,18.34000015258789,18.34000015258789,856,0.0,0.0
2024-10-09 12:47:00-04:00,18.329999923706055,18.34000015258789,18.329999923706055,18.34000015258789,745,0.0,0.0
2024-10-09 12:48:00-04:00,18.34000015258789,18.34000015258789,18.34000015258789,18.34000015258789,214,0.0,0.0
2024-10-09 12:49:00-04:00,18.350000381469727,18.350000381469727,18.33180046081543,18.33180046081543,804,0.0,0.0
2024-10-09 12:50:00-04:00,18.34000015258789,18.34000015258789,18.34000015258789,18.34000015258789,575,0.0,0.0
2024-10-09 12:52:00-04:00,18.344999313354492,18.350000381469727,18.34000015258789,18.34000015258789,2084,0.0,0.0
2024-10-09 12:53:00-04:00,18.34000015258789,18.34000015258789,18.329999923706055,18.334999084472656,1116,0.0,0.0
2024-10-09 12:54:00-04:00,18.329999923706055,18.329999923706055,18.30500030517578,18.30500030517578,2712,0.0,0.0
2024-10-09 12:55:00-04:00,18.30500030517578,18.30500030517578,18.290000915527344,18.299999237060547,1267,0.0,0.0
2024-10-09 12:56:00-04:00,18.299999237060547,18.299999237060547,18.299999237060547,18.299999237060547,466,0.0,0.0
2024-10-09 12:57:00-04:00,18.309999465942383,18.309999465942383,18.299999237060547,18.299999237060547,1877,0.0,0.0
2024-10-09 12:58:00-04:00,18.31999969482422,18.31999969482422,18.31999969482422,18.31999969482422,442,0.0,0.0
2024-10-09 12:59:00-04:00,18.31999969482422,18.31999969482422,18.31999969482422,18.31999969482422,1298,0.0,0.0
2024-10-09 13:03:00-04:00,18.299999237060547,18.299999237060547,18.299999237060547,18.299999237060547,903,0.0,0.0
2024-10-09 13:05:00-04:00,18.309999465942383,18.309999465942383,18.309999465942383,18.309999465942383,349,0.0,0.0
2024-10-09 13:08:00-04:00,18.31999969482422,18.329999923706055,18.31999969482422,18.329999923706055,1180,0.0,0.0
2024-10-09 13:10:00-04:00,18.329999923706055,18.350000381469727,18.329999923706055,18.34000015258789,1632,0.0,0.0
2024-10-09 13:11:00-04:00,18.329999923706055,18.329999923706055,18.329999923706055,18.329999923706055,518,0.0,0.0
2024-10-09 13:12:00-04:00,18.329999923706055,18.329999923706055,18.329999923706055,18.329999923706055,450,0.0,0.0
2024-10-09 13:13:00-04:00,18.34000015258789,18.34000015258789,18.34000015258789,18.34000015258789,209,0.0,0.0
2024-10-09 13:14:00-04:00,18.350000381469727,18.350000381469727,18.350000381469727,18.350000381469727,521,0.0,0.0
2024-10-09 13:16:00-04:00,18.355300903320312,18.355300903320312,18.34000015258789,18.34000015258789,1822,0.0,0.0
2024-10-09 13:17:00-04:00,18.329999923706055,18.329999923706055,18.325000762939453,18.329999923706055,1059,0.0,0.0
2024-10-09 13:18:00-04:00,18.329999923706055,18.329999923706055,18.329999923706055,18.329999923706055,913,0.0,0.0
2024-10-09 13:20:00-04:00,18.329999923706055,18.329999923706055,18.31999969482422,18.31999969482422,676,0.0,0.0
2024-10-09 13:21:00-04:00,18.329999923706055,18.329999923706055,18.329999923706055,18.329999923706055,204,0.0,0.0
2024-10-09 13:23:00-04:00,18.329999923706055,18.329999923706055,18.329999923706055,18.329999923706055,586,0.0,0.0
2024-10-09 13:24:00-04:00,18.31999969482422,18.329999923706055,18.31999969482422,18.31999969482422,683,0.0,0.0
2024-10-09 13:25:00-04:00,18.31999969482422,18.31999969482422,18.31999969482422,18.31999969482422,149,0.0,0.0
2024-10-09 13:26:00-04:00,18.329999923706055,18.329999923706055,18.31999969482422,18.31999969482422,370,0.0,0.0
2024-10-09 13:27:00-04:00,18.31999969482422,18.31999969482422,18.309999465942383,18.309999465942383,745,0.0,0.0
2024-10-09 13:28:00-04:00,18.309999465942383,18.31999969482422,18.309999465942383,18.31999969482422,1447,0.0,0.0
2024-10-09 13:30:00-04:00,18.31999969482422,18.31999969482422,18.309999465942383,18.309999465942383,1358,0.0,0.0
2024-10-09 13:31:00-04:00,18.31999969482422,18.329999923706055,18.309999465942383,18.31999969482422,1232,0.0,0.0
2024-10-09 13:35:00-04:00,18.334999084472656,18.34000015258789,18.309999465942383,18.309999465942383,1296,0.0,0.0
2024-10-09 13:36:00-04:00,18.309999465942383,18.34000015258789,18.309999465942383,18.34000015258789,1068,0.0,0.0
2024-10-09 13:37:00-04:00,18.34000015258789,18.34000015258789,18.34000015258789,18.34000015258789,174,0.0,0.0
2024-10-09 13:38:00-04:00,18.329999923706055,18.34000015258789,18.329999923706055,18.34000015258789,393,0.0,0.0
2024-10-09 13:40:00-04:00,18.329999923706055,18.329999923706055,18.329999923706055,18.329999923706055,218,0.0,0.0
2024-10-09 13:45:00-04:00,18.34000015258789,18.350000381469727,18.334999084472656,18.34000015258789,2593,0.0,0.0
2024-10-09 13:46:00-04:00,18.34000015258789,18.34000015258789,18.34000015258789,18.34000015258789,431,0.0,0.0
2024-10-09 13:48:00-04:00,18.329999923706055,18.329999923706055,18.329999923706055,18.329999923706055,384,0.0,0.0
2024-10-09 13:50:00-04:00,18.34000015258789,18.34000015258789,18.34000015258789,18.34000015258789,427,0.0,0.0
2024-10-09 13:51:00-04:00,18.34000015258789,18.34000015258789,18.34000015258789,18.34000015258789,919,0.0,0.0
2024-10-09 13:53:00-04:00,18.329999923706055,18.329999923706055,18.299999237060547,18.309999465942383,3277,0.0,0.0
2024-10-09 13:54:00-04:00,18.329999923706055,18.329999923706055,18.329999923706055,18.329999923706055,132,0.0,0.0
2024-10-09 13:55:00-04:00,18.34000015258789,18.344999313354492,18.34000015258789,18.34000015258789,887,0.0,0.0
2024-10-09 13:56:00-04:00,18.350000381469727,18.350000381469727,18.350000381469727,18.350000381469727,985,0.0,0.0
2024-10-09 13:57:00-04:00,18.360000610351562,18.389999389648438,18.360000610351562,18.3799991607666,1331,0.0,0.0
2024-10-09 13:59:00-04:00,18.360200881958008,18.360200881958008,18.360000610351562,18.360000610351562,1039,0.0,0.0
2024-10-09 14:00:00-04:00,18.34000015258789,18.360000610351562,18.34000015258789,18.360000610351562,1097,0.0,0.0
2024-10-09 14:02:00-04:00,18.360000610351562,18.360000610351562,18.360000610351562,18.360000610351562,940,0.0,0.0
2024-10-09 14:04:00-04:00,18.360000610351562,18.360000610351562,18.360000610351562,18.360000610351562,212,0.0,0.0
2024-10-09 14:05:00-04:00,18.3700008392334,18.3700008392334,18.3700008392334,18.3700008392334,688,0.0,0.0
2024-10-09 14:06:00-04:00,18.364999771118164,18.364999771118164,18.280000686645508,18.299999237060547,46792,0.0,0.0
2024-10-09 14:07:00-04:00,18.30500030517578,18.31999969482422,18.30500030517578,18.309999465942383,2580,0.0,0.0
2024-10-09 14:08:00-04:00,18.329999923706055,18.329999923706055,18.329999923706055,18.329999923706055,326,0.0,0.0
2024-10-09 14:10:00-04:00,18.31999969482422,18.31999969482422,18.309999465942383,18.309999465942383,1338,0.0,0.0
2024-10-09 14:11:00-04:00,18.30500030517578,18.309999465942383,18.299999237060547,18.299999237060547,2242,0.0,0.0
2024-10-09 14:12:00-04:00,18.299999237060547,18.299999237060547,18.299999237060547,18.299999237060547,522,0.0,0.0
2024-10-09 14:13:00-04:00,18.299999237060547,18.299999237060547,18.299999237060547,18.299999237060547,1068,0.0,0.0
2024-10-09 14:14:00-04:00,18.299999237060547,18.309999465942383,18.299999237060547,18.309999465942383,742,0.0,0.0
2024-10-09 14:15:00-04:00,18.290000915527344,18.290000915527344,18.280000686645508,18.280000686645508,1532,0.0,0.0
2024-10-09 14:17:00-04:00,18.280000686645508,18.290000915527344,18.280000686645508,18.290000915527344,664,0.0,0.0
2024-10-09 14:18:00-04:00,18.282699584960938,18.299999237060547,18.282699584960938,18.299999237060547,2428,0.0,0.0
2024-10-09 14:19:00-04:00,18.299999237060547,18.299999237060547,18.299999237060547,18.299999237060547,762,0.0,0.0
2024-10-09 14:20:00-04:00,18.291000366210938,18.291000366210938,18.291000366210938,18.291000366210938,380,0.0,0.0
2024-10-09 14:21:00-04:00,18.295000076293945,18.299999237060547,18.295000076293945,18.299999237060547,310,0.0,0.0
2024-10-09 14:22:00-04:00,18.290000915527344,18.309999465942383,18.290000915527344,18.309999465942383,2238,0.0,0.0
2024-10-09 14:23:00-04:00,18.31999969482422,18.31999969482422,18.31999969482422,18.31999969482422,846,0.0,0.0
2024-10-09 14:24:00-04:00,18.309999465942383,18.309999465942383,18.299999237060547,18.309999465942383,961,0.0,0.0
2024-10-09 14:25:00-04:00,18.322099685668945,18.322099685668945,18.322099685668945,18.322099685668945,128,0.0,0.0
2024-10-09 14:26:00-04:00,18.31999969482422,18.31999969482422,18.299999237060547,18.299999237060547,1643,0.0,0.0
2024-10-09 14:27:00-04:00,18.309999465942383,18.309999465942383,18.309999465942383,18.309999465942383,705,0.0,0.0
2024-10-09 14:29:00-04:00,18.329999923706055,18.329999923706055,18.329999923706055,18.329999923706055,545,0.0,0.0
2024-10-09 14:30:00-04:00,18.334999084472656,18.334999084472656,18.334999084472656,18.334999084472656,193,0.0,0.0
2024-10-09 14:31:00-04:00,18.239999771118164,18.239999771118164,18.239999771118164,18.239999771118164,17901,0.0,0.0
2024-10-09 14:32:00-04:00,18.239999771118164,18.25,18.229999542236328,18.229999542236328,818,0.0,0.0
2024-10-09 14:33:00-04:00,18.219999313354492,18.219999313354492,18.200000762939453,18.200000762939453,381,0.0,0.0
2024-10-09 14:34:00-04:00,18.200000762939453,18.200000762939453,18.18000030517578,18.200000762939453,2543,0.0,0.0
2024-10-09 14:37:00-04:00,18.21500015258789,18.229999542236328,18.209999084472656,18.219999313354492,1594,0.0,0.0
2024-10-09 14:38:00-04:00,18.209999084472656,18.21500015258789,18.209999084472656,18.209999084472656,457,0.0,0.0
2024-10-09 14:39:00-04:00,18.209999084472656,18.209999084472656,18.170000076293945,18.170000076293945,1597,0.0,0.0
2024-10-09 14:40:00-04:00,18.15999984741211,18.18000030517578,18.15999984741211,18.16010093688965,1532,0.0,0.0
2024-10-09 14:41:00-04:00,18.170000076293945,18.170000076293945,18.149999618530273,18.149999618530273,433,0.0,0.0
2024-10-09 14:42:00-04:00,18.15999984741211,18.170000076293945,18.15999984741211,18.170000076293945,599,0.0,0.0
2024-10-09 14:43:00-04:00,18.18000030517578,18.18000030517578,18.170000076293945,18.170000076293945,240,0.0,0.0
2024-10-09 14:44:00-04:00,18.170000076293945,18.170000076293945,18.170000076293945,18.170000076293945,395,0.0,0.0
2024-10-09 14:45:00-04:00,18.18000030517578,18.190000534057617,18.18000030517578,18.190000534057617,937,0.0,0.0
2024-10-09 14:46:00-04:00,18.190000534057617,18.190000534057617,18.190000534057617,18.190000534057617,428,0.0,0.0
2024-10-09 14:47:00-04:00,18.15999984741211,18.18000030517578,18.15999984741211,18.18000030517578,1748,0.0,0.0
2024-10-09 14:48:00-04:00,18.18000030517578,18.18000030517578,18.18000030517578,18.18000030517578,370,0.0,0.0
2024-10-09 14:49:00-04:00,18.18000030517578,18.18000030517578,18.18000030517578,18.18000030517578,530,0.0,0.0
2024-10-09 14:50:00-04:00,18.18000030517578,18.190000534057617,18.18000030517578,18.190000534057617,736,0.0,0.0
2024-10-09 14:51:00-04:00,18.18000030517578,18.190000534057617,18.18000030517578,18.190000534057617,1124,0.0,0.0
2024-10-09 14:52:00-04:00,18.209999084472656,18.21500015258789,18.204999923706055,18.209999084472656,1592,0.0,0.0
2024-10-09 14:53:00-04:00,18.209999084472656,18.209999084472656,18.209999084472656,18.209999084472656,171,0.0,0.0
2024-10-09 14:54:00-04:00,18.209999084472656,18.209999084472656,18.190000534057617,18.209999084472656,1302,0.0,0.0
2024-10-09 14:56:00-04:00,18.18000030517578,18.18000030517578,18.15999984741211,18.15999984741211,1098,0.0,0.0
2024-10-09 14:57:00-04:00,18.18000030517578,18.18000030517578,18.18000030517578,18.18000030517578,434,0.0,0.0
2024-10-09 14:58:00-04:00,18.149999618530273,18.149999618530273,18.139999389648438,18.139999389648438,329,0.0,0.0
2024-10-09 14:59:00-04:00,18.1299991607666,18.149999618530273,18.114999771118164,18.1200008392334,3309,0.0,0.0
2024-10-09 15:00:00-04:00,18.110000610351562,18.1200008392334,18.110000610351562,18.1200008392334,2140,0.0,0.0
2024-10-09 15:01:00-04:00,18.1200008392334,18.1200008392334,18.110000610351562,18.110000610351562,563,0.0,0.0
2024-10-09 15:02:00-04:00,18.1200008392334,18.1200008392334,18.1200008392334,18.1200008392334,1163,0.0,0.0
2024-10-09 15:03:00-04:00,18.1299991607666,18.1299991607666,18.1299991607666,18.1299991607666,613,0.0,0.0
2024-10-09 15:04:00-04:00,18.1200008392334,18.1200008392334,18.104999542236328,18.114999771118164,1286,0.0,0.0
2024-10-09 15:05:00-04:00,18.110000610351562,18.110000610351562,18.100000381469727,18.10770034790039,1287,0.0,0.0
2024-10-09 15:07:00-04:00,18.09000015258789,18.09000015258789,18.079999923706055,18.079999923706055,2224,0.0,0.0
2024-10-09 15:08:00-04:00,18.09000015258789,18.100000381469727,18.09000015258789,18.100000381469727,815,0.0,0.0
2024-10-09 15:09:00-04:00,18.100000381469727,18.100000381469727,18.100000381469727,18.100000381469727,576,0.0,0.0
2024-10-09 15:10:00-04:00,18.100000381469727,18.100000381469727,18.090599060058594,18.100000381469727,881,0.0,0.0
2024-10-09 15:11:00-04:00,18.100000381469727,18.100000381469727,18.100000381469727,18.100000381469727,409,0.0,0.0
2024-10-09 15:12:00-04:00,18.09000015258789,18.09000015258789,18.09000015258789,18.09000015258789,318,0.0,0.0
2024-10-09 15:13:00-04:00,18.100000381469727,18.100000381469727,18.094999313354492,18.100000381469727,2212,0.0,0.0
2024-10-09 15:14:00-04:00,18.09000015258789,18.09000015258789,18.09000015258789,18.09000015258789,629,0.0,0.0
2024-10-09 15:16:00-04:00,18.09000015258789,18.100000381469727,18.09000015258789,18.100000381469727,779,0.0,0.0
2024-10-09 15:17:00-04:00,18.110000610351562,18.110000610351562,18.110000610351562,18.110000610351562,830,0.0,0.0
2024-10-09 15:18:00-04:00,18.110000610351562,18.110000610351562,18.100000381469727,18.100000381469727,1371,0.0,0.0
2024-10-09 15:19:00-04:00,18.0802001953125,18.0802001953125,18.079999923706055,18.079999923706055,4704,0.0,0.0
2024-10-09 15:20:00-04:00,18.06999969482422,18.079999923706055,18.06999969482422,18.079999923706055,1001,0.0,0.0
2024-10-09 15:21:00-04:00,18.079999923706055,18.079999923706055,18.06999969482422,18.06999969482422,516,0.0,0.0
2024-10-09 15:22:00-04:00,18.06999969482422,18.06999969482422,18.059999465942383,18.059999465942383,1481,0.0,0.0
2024-10-09 15:23:00-04:00,18.05500030517578,18.05500030517578,18.05500030517578,18.05500030517578,372,0.0,0.0
2024-10-09 15:24:00-04:00,18.05500030517578,18.05500030517578,18.045000076293945,18.045000076293945,983,0.0,0.0
2024-10-09 15:25:00-04:00,18.049999237060547,18.065000534057617,18.049999237060547,18.059999465942383,1458,0.0,0.0
2024-10-09 15:26:00-04:00,18.06999969482422,18.06999969482422,18.06999969482422,18.06999969482422,892,0.0,0.0
2024-10-09 15:27:00-04:00,18.070999145507812,18.09000015258789,18.070999145507812,18.09000015258789,1421,0.0,0.0
2024-10-09 15:28:00-04:00,18.079999923706055,18.079999923706055,18.079999923706055,18.079999923706055,1345,0.0,0.0
2024-10-09 15:29:00-04:00,18.09000015258789,18.110000610351562,18.09000015258789,18.100000381469727,4474,0.0,0.0
2024-10-09 15:32:00-04:00,18.084999084472656,18.09000015258789,18.084999084472656,18.09000015258789,852,0.0,0.0
2024-10-09 15:33:00-04:00,18.079999923706055,18.079999923706055,18.06999969482422,18.06999969482422,1525,0.0,0.0
2024-10-09 15:34:00-04:00,18.06999969482422,18.06999969482422,18.06999969482422,18.06999969482422,528,0.0,0.0
2024-10-09 15:35:00-04:00,18.06999969482422,18.079999923706055,18.049999237060547,18.06999969482422,3054,0.0,0.0
2024-10-09 15:36:00-04:00,18.059999465942383,18.059999465942383,18.059999465942383,18.059999465942383,247,0.0,0.0
2024-10-09 15:38:00-04:00,18.075000762939453,18.079999923706055,18.075000762939453,18.075000762939453,631,0.0,0.0
2024-10-09 15:39:00-04:00,18.075000762939453,18.084999084472656,18.075000762939453,18.084999084472656,1839,0.0,0.0
2024-10-09 15:40:00-04:00,18.09000015258789,18.100000381469727,18.09000015258789,18.100000381469727,5901,0.0,0.0
2024-10-09 15:42:00-04:00,18.110000610351562,18.110000610351562,18.09000015258789,18.09000015258789,2696,0.0,0.0
2024-10-09 15:43:00-04:00,18.084999084472656,18.084999084472656,18.079999923706055,18.084999084472656,966,0.0,0.0
2024-10-09 15:44:00-04:00,18.08139991760254,18.08139991760254,18.075000762939453,18.075000762939453,1484,0.0,0.0
2024-10-09 15:45:00-04:00,18.06999969482422,18.06999969482422,18.049999237060547,18.049999237060547,2375,0.0,0.0
2024-10-09 15:46:00-04:00,18.059999465942383,18.059999465942383,18.049999237060547,18.049999237060547,964,0.0,0.0
2024-10-09 15:47:00-04:00,18.045000076293945,18.045000076293945,18.030000686645508,18.030000686645508,1943,0.0,0.0
2024-10-09 15:48:00-04:00,18.030000686645508,18.040000915527344,18.030000686645508,18.03499984741211,2513,0.0,0.0
2024-10-09 15:49:00-04:00,18.038799285888672,18.038799285888672,18.038799285888672,18.038799285888672,403,0.0,0.0
2024-10-09 15:50:00-04:00,18.040000915527344,18.059999465942383,18.040000915527344,18.059999465942383,3708,0.0,0.0
2024-10-09 15:51:00-04:00,18.05500030517578,18.06999969482422,18.05500030517578,18.0674991607666,2840,0.0,0.0
2024-10-09 15:52:00-04:00,18.075000762939453,18.075000762939453,18.059999465942383,18.065000534057617,3659,0.0,0.0
2024-10-09 15:53:00-04:00,18.065000534057617,18.09000015258789,18.065000534057617,18.084999084472656,3127,0.0,0.0
2024-10-09 15:54:00-04:00,18.084999084472656,18.09000015258789,18.084999084472656,18.09000015258789,698,0.0,0.0
2024-10-09 15:55:00-04:00,18.084999084472656,18.100000381469727,18.079999923706055,18.084999084472656,6814,0.0,0.0
2024-10-09 15:56:00-04:00,18.084999084472656,18.084999084472656,18.06999969482422,18.084999084472656,9670,0.0,0.0
2024-10-09 15:57:00-04:00,18.079999923706055,18.079999923706055,18.059999465942383,18.06999969482422,9536,0.0,0.0
2024-10-09 15:58:00-04:00,18.06999969482422,18.09000015258789,18.06999969482422,18.084999084472656,13881,0.0,0.0
2024-10-09 15:59:00-04:00,18.084999084472656,18.094999313354492,18.059999465942383,18.06999969482422,15177,0.0,0.0
2024-10-10 09:30:00-04:00,17.739999771118164,17.799999237060547,17.63990020751953,17.799999237060547,14797,0.0,0.0
2024-10-10 09:31:00-04:00,17.700000762939453,17.780000686645508,17.700000762939453,17.780000686645508,2089,0.0,0.0
2024-10-10 09:32:00-04:00,17.756000518798828,17.790000915527344,17.68000030517578,17.684999465942383,2209,0.0,0.0
2024-10-10 09:33:00-04:00,17.68000030517578,17.809999465942383,17.68000030517578,17.809999465942383,1621,0.0,0.0
2024-10-10 09:34:00-04:00,17.799999237060547,17.799999237060547,17.690000534057617,17.690000534057617,3314,0.0,0.0
2024-10-10 09:35:00-04:00,17.670000076293945,17.75,17.670000076293945,17.75,3303,0.0,0.0
2024-10-10 09:36:00-04:00,17.760000228881836,17.760000228881836,17.729999542236328,17.75,1293,0.0,0.0
2024-10-10 09:37:00-04:00,17.709999084472656,17.81999969482422,17.709999084472656,17.81999969482422,1271,0.0,0.0
2024-10-10 09:38:00-04:00,17.850000381469727,17.850000381469727,17.799999237060547,17.81999969482422,1447,0.0,0.0
2024-10-10 09:39:00-04:00,17.829999923706055,17.850000381469727,17.829999923706055,17.829999923706055,1059,0.0,0.0
2024-10-10 09:40:00-04:00,17.844999313354492,17.844999313354492,17.829999923706055,17.829999923706055,833,0.0,0.0
2024-10-10 09:41:00-04:00,17.84000015258789,17.84000015258789,17.84000015258789,17.84000015258789,535,0.0,0.0
2024-10-10 09:42:00-04:00,17.84000015258789,17.860000610351562,17.825000762939453,17.860000610351562,1259,0.0,0.0
2024-10-10 09:43:00-04:00,17.889999389648438,17.93000030517578,17.860000610351562,17.915000915527344,2048,0.0,0.0
2024-10-10 09:44:00-04:00,17.93000030517578,17.93000030517578,17.93000030517578,17.93000030517578,680,0.0,0.0
2024-10-10 09:46:00-04:00,17.920000076293945,17.920000076293945,17.899999618530273,17.899999618530273,1993,0.0,0.0
2024-10-10 09:47:00-04:00,17.90999984741211,17.90999984741211,17.81999969482422,17.829999923706055,1728,0.0,0.0
2024-10-10 09:48:00-04:00,17.829999923706055,17.860000610351562,17.829999923706055,17.854999542236328,714,0.0,0.0
2024-10-10 09:49:00-04:00,17.8700008392334,17.8799991607666,17.8700008392334,17.8799991607666,2457,0.0,0.0
2024-10-10 09:50:00-04:00,17.84000015258789,17.8700008392334,17.84000015258789,17.8700008392334,557,0.0,0.0
2024-10-10 09:51:00-04:00,17.8799991607666,17.8799991607666,17.8799991607666,17.8799991607666,400,0.0,0.0
2024-10-10 09:52:00-04:00,17.81999969482422,17.860000610351562,17.81999969482422,17.850000381469727,1054,0.0,0.0
2024-10-10 09:54:00-04:00,17.8700008392334,17.920000076293945,17.8700008392334,17.90999984741211,1899,0.0,0.0
2024-10-10 09:55:00-04:00,17.93000030517578,17.959999084472656,17.93000030517578,17.959999084472656,661,0.0,0.0
2024-10-10 09:56:00-04:00,17.969999313354492,17.969999313354492,17.969999313354492,17.969999313354492,367,0.0,0.0
2024-10-10 09:57:00-04:00,17.969999313354492,17.969999313354492,17.959999084472656,17.959999084472656,1731,0.0,0.0
2024-10-10 09:58:00-04:00,17.969999313354492,17.989999771118164,17.969999313354492,17.989999771118164,1978,0.0,0.0
2024-10-10 09:59:00-04:00,17.979999542236328,17.989999771118164,17.979999542236328,17.989999771118164,817,0.0,0.0
2024-10-10 10:00:00-04:00,17.985000610351562,18.049999237060547,17.985000610351562,18.049999237060547,1534,0.0,0.0
2024-10-10 10:01:00-04:00,18.059999465942383,18.059999465942383,18.040000915527344,18.040000915527344,768,0.0,0.0
2024-10-10 10:02:00-04:00,18.040000915527344,18.040000915527344,18.020000457763672,18.020000457763672,657,0.0,0.0
2024-10-10 10:03:00-04:00,18.024999618530273,18.059999465942383,18.024999618530273,18.059999465942383,1005,0.0,0.0
2024-10-10 10:04:00-04:00,18.049999237060547,18.049999237060547,18.010000228881836,18.030000686645508,853,0.0,0.0
2024-10-10 10:05:00-04:00,18.024999618530273,18.024999618530273,18.020000457763672,18.020000457763672,492,0.0,0.0
2024-10-10 10:06:00-04:00,18.020000457763672,18.03499984741211,18.020000457763672,18.03499984741211,1251,0.0,0.0
2024-10-10 10:07:00-04:00,18.049999237060547,18.049999237060547,18.020000457763672,18.045000076293945,1282,0.0,0.0
2024-10-10 10:08:00-04:00,18.059999465942383,18.059999465942383,18.05500030517578,18.05500030517578,559,0.0,0.0
2024-10-10 10:09:00-04:00,18.079999923706055,18.09000015258789,18.079999923706055,18.09000015258789,1013,0.0,0.0
2024-10-10 10:10:00-04:00,18.145000457763672,18.145000457763672,18.139999389648438,18.139999389648438,200,0.0,0.0
2024-10-10 10:11:00-04:00,18.1299991607666,18.139999389648438,18.114999771118164,18.1299991607666,1590,0.0,0.0
2024-10-10 10:12:00-04:00,18.100000381469727,18.110000610351562,18.094999313354492,18.100000381469727,2064,0.0,0.0
2024-10-10 10:13:00-04:00,18.110000610351562,18.1200008392334,18.100000381469727,18.1200008392334,1026,0.0,0.0
2024-10-10 10:14:00-04:00,18.1200008392334,18.1200008392334,18.107500076293945,18.1200008392334,1014,0.0,0.0
2024-10-10 10:15:00-04:00,18.1299991607666,18.1299991607666,18.1200008392334,18.1200008392334,768,0.0,0.0
2024-10-10 10:16:00-04:00,18.1299991607666,18.1299991607666,18.1200008392334,18.125,991,0.0,0.0
2024-10-10 10:17:00-04:00,18.1200008392334,18.1200008392334,18.110000610351562,18.1200008392334,942,0.0,0.0
2024-10-10 10:18:00-04:00,18.1200008392334,18.1200008392334,18.1200008392334,18.1200008392334,523,0.0,0.0
2024-10-10 10:19:00-04:00,18.110000610351562,18.110000610351562,18.09000015258789,18.110000610351562,3899,0.0,0.0
2024-10-10 10:20:00-04:00,18.06999969482422,18.079999923706055,18.06999969482422,18.06999969482422,878,0.0,0.0
2024-10-10 10:21:00-04:00,18.079999923706055,18.079999923706055,18.079999923706055,18.079999923706055,387,0.0,0.0
2024-10-10 10:22:00-04:00,18.09000015258789,18.09000015258789,18.06999969482422,18.06999969482422,1338,0.0,0.0
2024-10-10 10:23:00-04:00,18.059999465942383,18.059999465942383,18.040000915527344,18.040000915527344,358,0.0,0.0
2024-10-10 10:24:00-04:00,18.049999237060547,18.052000045776367,18.040000915527344,18.052000045776367,710,0.0,0.0
2024-10-10 10:25:00-04:00,18.049999237060547,18.049999237060547,18.049999237060547,18.049999237060547,144,0.0,0.0
2024-10-10 10:26:00-04:00,18.049999237060547,18.059999465942383,18.049999237060547,18.049999237060547,851,0.0,0.0
2024-10-10 10:27:00-04:00,18.059999465942383,18.059999465942383,18.05500030517578,18.059999465942383,959,0.0,0.0
2024-10-10 10:28:00-04:00,18.059999465942383,18.06999969482422,18.059999465942383,18.06999969482422,461,0.0,0.0
2024-10-10 10:29:00-04:00,18.079999923706055,18.084999084472656,18.079999923706055,18.084999084472656,587,0.0,0.0
2024-10-10 10:30:00-04:00,18.09000015258789,18.094999313354492,18.09000015258789,18.09000015258789,1032,0.0,0.0
2024-10-10 10:31:00-04:00,18.089000701904297,18.089000701904297,18.079999923706055,18.079999923706055,965,0.0,0.0
2024-10-10 10:33:00-04:00,18.09000015258789,18.09000015258789,18.079999923706055,18.079999923706055,988,0.0,0.0
2024-10-10 10:35:00-04:00,18.079999923706055,18.079999923706055,18.06999969482422,18.06999969482422,1078,0.0,0.0
2024-10-10 10:36:00-04:00,18.059999465942383,18.065000534057617,18.059999465942383,18.065000534057617,565,0.0,0.0
2024-10-10 10:37:00-04:00,18.030000686645508,18.030000686645508,18.030000686645508,18.030000686645508,416,0.0,0.0
2024-10-10 10:38:00-04:00,18.030000686645508,18.030000686645508,18.010000228881836,18.010000228881836,698,0.0,0.0
2024-10-10 10:39:00-04:00,18.030000686645508,18.030000686645508,18.010000228881836,18.020000457763672,1615,0.0,0.0
2024-10-10 10:40:00-04:00,18.0,18.0,17.979999542236328,17.979999542236328,1436,0.0,0.0
2024-10-10 10:41:00-04:00,17.987499237060547,17.989999771118164,17.987499237060547,17.989999771118164,738,0.0,0.0
2024-10-10 10:42:00-04:00,18.0,18.0049991607666,18.0,18.0049991607666,1099,0.0,0.0
2024-10-10 10:43:00-04:00,18.0049991607666,18.040000915527344,18.0049991607666,18.040000915527344,3433,0.0,0.0
2024-10-10 10:44:00-04:00,18.040000915527344,18.040000915527344,18.010000228881836,18.010000228881836,1342,0.0,0.0
2024-10-10 10:45:00-04:00,18.0,18.030000686645508,18.0,18.010000228881836,3312,0.0,0.0
2024-10-10 10:46:00-04:00,18.010000228881836,18.010000228881836,18.010000228881836,18.010000228881836,111,0.0,0.0
2024-10-10 10:47:00-04:00,18.020000457763672,18.030000686645508,18.020000457763672,18.030000686645508,1592,0.0,0.0
2024-10-10 10:48:00-04:00,18.030000686645508,18.030000686645508,18.0,18.0,436,0.0,0.0
2024-10-10 10:49:00-04:00,18.0,18.010000228881836,18.0,18.005199432373047,1390,0.0,0.0
2024-10-10 10:50:00-04:00,18.020000457763672,18.030000686645508,18.020000457763672,18.030000686645508,914,0.0,0.0
2024-10-10 10:51:00-04:00,18.030000686645508,18.030000686645508,18.030000686645508,18.030000686645508,534,0.0,0.0
2024-10-10 10:52:00-04:00,18.0,18.0,17.985000610351562,17.985000610351562,357,0.0,0.0
2024-10-10 10:54:00-04:00,17.979999542236328,17.989999771118164,17.979999542236328,17.989999771118164,1056,0.0,0.0
2024-10-10 10:55:00-04:00,18.010000228881836,18.010000228881836,18.010000228881836,18.010000228881836,230,0.0,0.0
2024-10-10 10:56:00-04:00,18.010000228881836,18.010000228881836,18.010000228881836,18.010000228881836,103,0.0,0.0
2024-10-10 10:57:00-04:00,18.020000457763672,18.020000457763672,18.020000457763672,18.020000457763672,405,0.0,0.0
2024-10-10 10:58:00-04:00,18.030000686645508,18.030000686645508,18.030000686645508,18.030000686645508,501,0.0,0.0
2024-10-10 10:59:00-04:00,18.020000457763672,18.020000457763672,18.0,18.0,808,0.0,0.0
2024-10-10 11:00:00-04:00,18.0,18.0,18.0,18.0,464,0.0,0.0
2024-10-10 11:01:00-04:00,18.0,18.0,17.989999771118164,17.989999771118164,1430,0.0,0.0
2024-10-10 11:02:00-04:00,17.969999313354492,17.979999542236328,17.969999313354492,17.969999313354492,1227,0.0,0.0
2024-10-10 11:03:00-04:00,17.979999542236328,17.995948791503906,17.979999542236328,17.995948791503906,1290,0.0,0.0
2024-10-10 11:04:00-04:00,18.020000457763672,18.030000686645508,18.020000457763672,18.030000686645508,3274,0.0,0.0
2024-10-10 11:05:00-04:00,18.030000686645508,18.030000686645508,18.024999618530273,18.030000686645508,1722,0.0,0.0
2024-10-10 11:06:00-04:00,18.020000457763672,18.030000686645508,18.020000457763672,18.030000686645508,2541,0.0,0.0
2024-10-10 11:07:00-04:00,18.040000915527344,18.045000076293945,18.040000915527344,18.040000915527344,1423,0.0,0.0
2024-10-10 11:08:00-04:00,18.049999237060547,18.059999465942383,18.049999237060547,18.049999237060547,2918,0.0,0.0
2024-10-10 11:09:00-04:00,18.059999465942383,18.059999465942383,18.049999237060547,18.049999237060547,1192,0.0,0.0
2024-10-10 11:10:00-04:00,18.030000686645508,18.030000686645508,18.020000457763672,18.030000686645508,1117,0.0,0.0
2024-10-10 11:11:00-04:00,18.030000686645508,18.030000686645508,18.030000686645508,18.030000686645508,1102,0.0,0.0
2024-10-10 11:12:00-04:00,18.030000686645508,18.030000686645508,18.010000228881836,18.020000457763672,1045,0.0,0.0
2024-10-10 11:13:00-04:00,18.030000686645508,18.040000915527344,18.030000686645508,18.030000686645508,2144,0.0,0.0
2024-10-10 11:15:00-04:00,18.040000915527344,18.040000915527344,18.020000457763672,18.020000457763672,880,0.0,0.0
2024-10-10 11:16:00-04:00,18.030000686645508,18.040000915527344,18.030000686645508,18.040000915527344,617,0.0,0.0
2024-10-10 11:17:00-04:00,18.040000915527344,18.040000915527344,18.030000686645508,18.040000915527344,1465,0.0,0.0
2024-10-10 11:18:00-04:00,18.040000915527344,18.040000915527344,18.030000686645508,18.030000686645508,1451,0.0,0.0
2024-10-10 11:19:00-04:00,18.030000686645508,18.030000686645508,18.020000457763672,18.020000457763672,382,0.0,0.0
2024-10-10 11:20:00-04:00,18.010000228881836,18.010000228881836,18.010000228881836,18.010000228881836,900,0.0,0.0
2024-10-10 11:22:00-04:00,18.020000457763672,18.020000457763672,18.020000457763672,18.020000457763672,409,0.0,0.0
2024-10-10 11:23:00-04:00,18.020000457763672,18.024999618530273,18.020000457763672,18.024999618530273,250,0.0,0.0
2024-10-10 11:24:00-04:00,18.020000457763672,18.020000457763672,18.020000457763672,18.020000457763672,686,0.0,0.0
2024-10-10 11:26:00-04:00,18.010000228881836,18.010000228881836,17.985000610351562,18.0,708,0.0,0.0
2024-10-10 11:27:00-04:00,17.989999771118164,18.0,17.989999771118164,18.0,383,0.0,0.0
2024-10-10 11:28:00-04:00,18.0,18.010000228881836,18.0,18.010000228881836,1936,0.0,0.0
2024-10-10 11:29:00-04:00,18.010000228881836,18.010000228881836,18.010000228881836,18.010000228881836,279,0.0,0.0
2024-10-10 11:30:00-04:00,18.010000228881836,18.010000228881836,17.989999771118164,17.989999771118164,807,0.0,0.0
2024-10-10 11:31:00-04:00,17.989999771118164,17.989999771118164,17.989999771118164,17.989999771118164,866,0.0,0.0
2024-10-10 11:32:00-04:00,18.0,18.0,18.0,18.0,429,0.0,0.0
2024-10-10 11:33:00-04:00,18.010000228881836,18.020000457763672,18.010000228881836,18.020000457763672,391,0.0,0.0
2024-10-10 11:34:00-04:00,18.003400802612305,18.020000457763672,18.003400802612305,18.020000457763672,821,0.0,0.0
2024-10-10 11:35:00-04:00,18.014999389648438,18.040000915527344,18.010000228881836,18.030000686645508,4264,0.0,0.0
2024-10-10 11:36:00-04:00,18.030000686645508,18.030000686645508,18.030000686645508,18.030000686645508,296,0.0,0.0
2024-10-10 11:37:00-04:00,18.010000228881836,18.010000228881836,18.0,18.0,228,0.0,0.0
2024-10-10 11:38:00-04:00,18.020000457763672,18.020000457763672,18.010000228881836,18.010000228881836,334,0.0,0.0
2024-10-10 11:39:00-04:00,18.020000457763672,18.030000686645508,18.020000457763672,18.030000686645508,435,0.0,0.0
2024-10-10 11:40:00-04:00,18.03499984741211,18.03499984741211,18.030000686645508,18.030000686645508,534,0.0,0.0
2024-10-10 11:41:00-04:00,18.059999465942383,18.06999969482422,18.049999237060547,18.06999969482422,1565,0.0,0.0
2024-10-10 11:42:00-04:00,18.09000015258789,18.100000381469727,18.09000015258789,18.100000381469727,690,0.0,0.0
2024-10-10 11:43:00-04:00,18.139999389648438,18.139999389648438,18.139999389648438,18.139999389648438,481,0.0,0.0
2024-10-10 11:44:00-04:00,18.149999618530273,18.15999984741211,18.149999618530273,18.149999618530273,1952,0.0,0.0
2024-10-10 11:45:00-04:00,18.149999618530273,18.149999618530273,18.149999618530273,18.149999618530273,312,0.0,0.0
2024-10-10 11:46:00-04:00,18.139999389648438,18.139999389648438,18.139999389648438,18.139999389648438,572,0.0,0.0
2024-10-10 11:47:00-04:00,18.1299991607666,18.15999984741211,18.1299991607666,18.1299991607666,3536,0.0,0.0
2024-10-10 11:48:00-04:00,18.139999389648438,18.139999389648438,18.139999389648438,18.139999389648438,306,0.0,0.0
2024-10-10 11:49:00-04:00,18.1299991607666,18.1299991607666,18.128999710083008,18.128999710083008,691,0.0,0.0
2024-10-10 11:50:00-04:00,18.1200008392334,18.1200008392334,18.1200008392334,18.1200008392334,144,0.0,0.0
2024-10-10 11:51:00-04:00,18.110000610351562,18.110000610351562,18.079999923706055,18.079999923706055,1390,0.0,0.0
2024-10-10 11:52:00-04:00,18.059999465942383,18.075000762939453,18.059999465942383,18.075000762939453,252,0.0,0.0
2024-10-10 11:53:00-04:00,18.059999465942383,18.059999465942383,18.040000915527344,18.040000915527344,757,0.0,0.0
2024-10-10 11:54:00-04:00,18.040000915527344,18.049999237060547,18.030000686645508,18.030000686645508,1635,0.0,0.0
2024-10-10 11:55:00-04:00,18.049999237060547,18.049999237060547,18.030000686645508,18.049999237060547,1042,0.0,0.0
2024-10-10 11:56:00-04:00,18.045000076293945,18.049999237060547,18.020000457763672,18.040000915527344,1413,0.0,0.0
2024-10-10 11:57:00-04:00,18.040000915527344,18.059999465942383,18.040000915527344,18.045000076293945,1764,0.0,0.0
2024-10-10 11:58:00-04:00,18.049999237060547,18.059999465942383,18.040000915527344,18.049999237060547,5732,0.0,0.0
2024-10-10 11:59:00-04:00,18.049999237060547,18.05500030517578,18.049999237060547,18.049999237060547,2310,0.0,0.0
2024-10-10 12:00:00-04:00,18.05500030517578,18.05500030517578,18.030000686645508,18.03499984741211,2162,0.0,0.0
2024-10-10 12:01:00-04:00,18.045400619506836,18.049999237060547,18.040000915527344,18.040000915527344,676,0.0,0.0
2024-10-10 12:02:00-04:00,18.049999237060547,18.049999237060547,18.040000915527344,18.040000915527344,1399,0.0,0.0
2024-10-10 12:03:00-04:00,18.030000686645508,18.030000686645508,18.0,18.010000228881836,1790,0.0,0.0
2024-10-10 12:04:00-04:00,18.010000228881836,18.014999389648438,18.0,18.014999389648438,598,0.0,0.0
2024-10-10 12:05:00-04:00,18.014999389648438,18.014999389648438,18.010000228881836,18.010000228881836,527,0.0,0.0
2024-10-10 12:06:00-04:00,18.014999389648438,18.014999389648438,18.014999389648438,18.014999389648438,873,0.0,0.0
2024-10-10 12:07:00-04:00,18.014999389648438,18.014999389648438,18.014999389648438,18.014999389648438,455,0.0,0.0
2024-10-10 12:08:00-04:00,18.014999389648438,18.020000457763672,18.014999389648438,18.014999389648438,865,0.0,0.0
2024-10-10 12:09:00-04:00,18.020000457763672,18.020000457763672,18.014999389648438,18.014999389648438,1518,0.0,0.0
2024-10-10 12:10:00-04:00,18.020000457763672,18.059999465942383,18.020000457763672,18.049999237060547,3149,0.0,0.0
2024-10-10 12:11:00-04:00,18.030000686645508,18.030000686645508,18.030000686645508,18.030000686645508,406,0.0,0.0
2024-10-10 12:12:00-04:00,18.045000076293945,18.049999237060547,18.040000915527344,18.040000915527344,1816,0.0,0.0
2024-10-10 12:13:00-04:00,18.030000686645508,18.030000686645508,18.014999389648438,18.014999389648438,637,0.0,0.0
2024-10-10 12:14:00-04:00,18.014999389648438,18.020000457763672,18.0,18.014999389648438,665,0.0,0.0
2024-10-10 12:15:00-04:00,18.0049991607666,18.010000228881836,18.0,18.010000228881836,2979,0.0,0.0
2024-10-10 12:16:00-04:00,18.0,18.010000228881836,18.0,18.010000228881836,740,0.0,0.0
2024-10-10 12:17:00-04:00,18.010000228881836,18.010000228881836,18.010000228881836,18.010000228881836,1066,0.0,0.0
2024-10-10 12:19:00-04:00,18.020000457763672,18.065000534057617,18.020000457763672,18.040000915527344,2054,0.0,0.0
2024-10-10 12:20:00-04:00,18.049999237060547,18.049999237060547,18.049999237060547,18.049999237060547,484,0.0,0.0
2024-10-10 12:21:00-04:00,18.040000915527344,18.040000915527344,18.030000686645508,18.030000686645508,1230,0.0,0.0
2024-10-10 12:22:00-04:00,18.030000686645508,18.030000686645508,18.030000686645508,18.030000686645508,124,0.0,0.0
2024-10-10 12:23:00-04:00,18.030000686645508,18.040000915527344,18.030000686645508,18.040000915527344,685,0.0,0.0
2024-10-10 12:24:00-04:00,18.030000686645508,18.030000686645508,18.020000457763672,18.020000457763672,248,0.0,0.0
2024-10-10 12:25:00-04:00,18.020000457763672,18.020000457763672,18.020000457763672,18.020000457763672,107,0.0,0.0
2024-10-10 12:26:00-04:00,18.030000686645508,18.034000396728516,18.030000686645508,18.034000396728516,895,0.0,0.0
2024-10-10 12:27:00-04:00,18.040000915527344,18.040000915527344,18.040000915527344,18.040000915527344,1178,0.0,0.0
2024-10-10 12:28:00-04:00,18.040000915527344,18.049999237060547,18.040000915527344,18.049999237060547,623,0.0,0.0
2024-10-10 12:29:00-04:00,18.040000915527344,18.040000915527344,18.040000915527344,18.040000915527344,544,0.0,0.0
2024-10-10 12:30:00-04:00,18.045000076293945,18.045000076293945,18.010000228881836,18.010000228881836,1480,0.0,0.0
2024-10-10 12:31:00-04:00,18.0,18.0,17.989999771118164,17.989999771118164,848,0.0,0.0
2024-10-10 12:32:00-04:00,18.010000228881836,18.020000457763672,18.010000228881836,18.010000228881836,573,0.0,0.0
2024-10-10 12:33:00-04:00,18.000200271606445,18.000200271606445,18.000200271606445,18.000200271606445,679,0.0,0.0
2024-10-10 12:34:00-04:00,18.010000228881836,18.010000228881836,18.010000228881836,18.010000228881836,468,0.0,0.0
2024-10-10 12:35:00-04:00,18.0,18.00860023498535,18.0,18.00860023498535,427,0.0,0.0
2024-10-10 12:36:00-04:00,18.010000228881836,18.010000228881836,17.979999542236328,17.979999542236328,4246,0.0,0.0
2024-10-10 12:37:00-04:00,17.979999542236328,18.0,17.979999542236328,18.0,4011,0.0,0.0
2024-10-10 12:38:00-04:00,18.020000457763672,18.020000457763672,18.020000457763672,18.020000457763672,335,0.0,0.0
2024-10-10 12:39:00-04:00,18.010000228881836,18.010000228881836,18.010000228881836,18.010000228881836,104,0.0,0.0
2024-10-10 12:40:00-04:00,18.027299880981445,18.040000915527344,18.025999069213867,18.040000915527344,1456,0.0,0.0
2024-10-10 12:41:00-04:00,18.030000686645508,18.030000686645508,18.030000686645508,18.030000686645508,372,0.0,0.0
2024-10-10 12:43:00-04:00,18.040000915527344,18.049999237060547,18.040000915527344,18.049999237060547,782,0.0,0.0
2024-10-10 12:44:00-04:00,18.049999237060547,18.05500030517578,18.010000228881836,18.010000228881836,3155,0.0,0.0
2024-10-10 12:45:00-04:00,18.010000228881836,18.010000228881836,18.0,18.0,1480,0.0,0.0
2024-10-10 12:46:00-04:00,18.010000228881836,18.010000228881836,18.0,18.0,1601,0.0,0.0
2024-10-10 12:47:00-04:00,18.010000228881836,18.010000228881836,18.010000228881836,18.010000228881836,202,0.0,0.0
2024-10-10 12:48:00-04:00,18.0,18.0,17.989999771118164,18.0,1656,0.0,0.0
2024-10-10 12:49:00-04:00,18.014999389648438,18.014999389648438,18.014999389648438,18.014999389648438,100,0.0,0.0
2024-10-10 12:50:00-04:00,18.010000228881836,18.020000457763672,18.010000228881836,18.020000457763672,575,0.0,0.0
2024-10-10 12:51:00-04:00,18.030000686645508,18.049999237060547,18.030000686645508,18.040000915527344,1201,0.0,0.0
2024-10-10 12:53:00-04:00,18.06999969482422,18.06999969482422,18.06999969482422,18.06999969482422,233,0.0,0.0
2024-10-10 12:54:00-04:00,18.06999969482422,18.06999969482422,18.06999969482422,18.06999969482422,226,0.0,0.0
2024-10-10 12:55:00-04:00,18.06999969482422,18.075000762939453,18.06999969482422,18.06999969482422,912,0.0,0.0
2024-10-10 12:56:00-04:00,18.06999969482422,18.06999969482422,18.06999969482422,18.06999969482422,642,0.0,0.0
2024-10-10 12:57:00-04:00,18.06999969482422,18.06999969482422,18.059999465942383,18.059999465942383,630,0.0,0.0
2024-10-10 12:58:00-04:00,18.059999465942383,18.059999465942383,18.059999465942383,18.059999465942383,569,0.0,0.0
2024-10-10 13:00:00-04:00,18.059999465942383,18.059999465942383,18.059999465942383,18.059999465942383,148,0.0,0.0
2024-10-10 13:01:00-04:00,18.06999969482422,18.06999969482422,18.06999969482422,18.06999969482422,241,0.0,0.0
2024-10-10 13:02:00-04:00,18.06999969482422,18.073299407958984,18.06999969482422,18.073299407958984,1312,0.0,0.0
2024-10-10 13:03:00-04:00,18.06999969482422,18.079999923706055,18.059999465942383,18.079999923706055,784,0.0,0.0
2024-10-10 13:04:00-04:00,18.059999465942383,18.059999465942383,18.059999465942383,18.059999465942383,318,0.0,0.0
2024-10-10 13:06:00-04:00,18.059999465942383,18.059999465942383,18.059999465942383,18.059999465942383,557,0.0,0.0
2024-10-10 13:07:00-04:00,18.06999969482422,18.06999969482422,18.049999237060547,18.049999237060547,944,0.0,0.0
2024-10-10 13:08:00-04:00,18.049999237060547,18.049999237060547,18.049999237060547,18.049999237060547,131,0.0,0.0
2024-10-10 13:09:00-04:00,18.05699920654297,18.05900001525879,18.040000915527344,18.040000915527344,812,0.0,0.0
2024-10-10 13:10:00-04:00,18.045000076293945,18.045000076293945,18.040000915527344,18.040000915527344,262,0.0,0.0
2024-10-10 13:11:00-04:00,18.047500610351562,18.049999237060547,18.047500610351562,18.049999237060547,643,0.0,0.0
2024-10-10 13:12:00-04:00,18.05500030517578,18.059999465942383,18.05500030517578,18.059999465942383,618,0.0,0.0
2024-10-10 13:15:00-04:00,18.049999237060547,18.05500030517578,18.040000915527344,18.040000915527344,1499,0.0,0.0
2024-10-10 13:16:00-04:00,18.03499984741211,18.03499984741211,18.03499984741211,18.03499984741211,248,0.0,0.0
2024-10-10 13:17:00-04:00,18.049999237060547,18.049999237060547,18.045000076293945,18.045000076293945,856,0.0,0.0
2024-10-10 13:18:00-04:00,18.049999237060547,18.06999969482422,18.049999237060547,18.06999969482422,1613,0.0,0.0
2024-10-10 13:19:00-04:00,18.075000762939453,18.079999923706055,18.075000762939453,18.079999923706055,1310,0.0,0.0
2024-10-10 13:20:00-04:00,18.09000015258789,18.09000015258789,18.09000015258789,18.09000015258789,386,0.0,0.0
2024-10-10 13:21:00-04:00,18.079999923706055,18.09000015258789,18.079999923706055,18.09000015258789,519,0.0,0.0
2024-10-10 13:23:00-04:00,18.100000381469727,18.110000610351562,18.100000381469727,18.100000381469727,956,0.0,0.0
2024-10-10 13:25:00-04:00,18.100000381469727,18.100000381469727,18.100000381469727,18.100000381469727,210,0.0,0.0
2024-10-10 13:26:00-04:00,18.100000381469727,18.100000381469727,18.079999923706055,18.079999923706055,756,0.0,0.0
2024-10-10 13:27:00-04:00,18.100000381469727,18.104999542236328,18.100000381469727,18.100000381469727,1616,0.0,0.0
2024-10-10 13:29:00-04:00,18.103500366210938,18.103500366210938,18.103500366210938,18.103500366210938,1096,0.0,0.0
2024-10-10 13:30:00-04:00,18.110000610351562,18.110000610351562,18.110000610351562,18.110000610351562,613,0.0,0.0
2024-10-10 13:31:00-04:00,18.100000381469727,18.1200008392334,18.100000381469727,18.1200008392334,830,0.0,0.0
2024-10-10 13:32:00-04:00,18.1299991607666,18.1299991607666,18.1299991607666,18.1299991607666,352,0.0,0.0
2024-10-10 13:33:00-04:00,18.1200008392334,18.1200008392334,18.1200008392334,18.1200008392334,108,0.0,0.0
2024-10-10 13:34:00-04:00,18.1200008392334,18.1299991607666,18.1200008392334,18.1299991607666,608,0.0,0.0
2024-10-10 13:35:00-04:00,18.1200008392334,18.1200008392334,18.110000610351562,18.1200008392334,2049,0.0,0.0
2024-10-10 13:36:00-04:00,18.1200008392334,18.1200008392334,18.1200008392334,18.1200008392334,209,0.0,0.0
2024-10-10 13:37:00-04:00,18.110000610351562,18.11210060119629,18.110000610351562,18.11210060119629,431,0.0,0.0
2024-10-10 13:38:00-04:00,18.110000610351562,18.110000610351562,18.110000610351562,18.110000610351562,449,0.0,0.0
2024-10-10 13:39:00-04:00,18.104999542236328,18.104999542236328,18.100000381469727,18.100000381469727,326,0.0,0.0
2024-10-10 13:40:00-04:00,18.100000381469727,18.100000381469727,18.100000381469727,18.100000381469727,418,0.0,0.0
2024-10-10 13:41:00-04:00,18.079999923706055,18.079999923706055,18.06999969482422,18.06999969482422,308,0.0,0.0
2024-10-10 13:42:00-04:00,18.06999969482422,18.104999542236328,18.06999969482422,18.104999542236328,1495,0.0,0.0
2024-10-10 13:45:00-04:00,18.10930061340332,18.10930061340332,18.10930061340332,18.10930061340332,488,0.0,0.0
2024-10-10 13:46:00-04:00,18.110000610351562,18.110000610351562,18.100000381469727,18.110000610351562,1232,0.0,0.0
2024-10-10 13:47:00-04:00,18.100000381469727,18.100000381469727,18.100000381469727,18.100000381469727,1089,0.0,0.0
2024-10-10 13:48:00-04:00,18.09000015258789,18.09000015258789,18.09000015258789,18.09000015258789,164,0.0,0.0
2024-10-10 13:49:00-04:00,18.100000381469727,18.100000381469727,18.09000015258789,18.09000015258789,886,0.0,0.0
2024-10-10 13:50:00-04:00,18.100000381469727,18.100000381469727,18.094999313354492,18.094999313354492,464,0.0,0.0
2024-10-10 13:51:00-04:00,18.09000015258789,18.09000015258789,18.09000015258789,18.09000015258789,924,0.0,0.0
2024-10-10 13:52:00-04:00,18.084999084472656,18.100000381469727,18.084999084472656,18.100000381469727,1524,0.0,0.0
2024-10-10 13:53:00-04:00,18.1200008392334,18.1200008392334,18.1200008392334,18.1200008392334,518,0.0,0.0
2024-10-10 13:55:00-04:00,18.135000228881836,18.135000228881836,18.1200008392334,18.1200008392334,298,0.0,0.0
2024-10-10 13:56:00-04:00,18.1299991607666,18.139999389648438,18.1299991607666,18.139999389648438,1343,0.0,0.0
2024-10-10 13:57:00-04:00,18.149999618530273,18.149999618530273,18.149999618530273,18.149999618530273,528,0.0,0.0
2024-10-10 13:58:00-04:00,18.15999984741211,18.15999984741211,18.15999984741211,18.15999984741211,830,0.0,0.0
2024-10-10 13:59:00-04:00,18.15999984741211,18.15999984741211,18.149999618530273,18.15999984741211,994,0.0,0.0
2024-10-10 14:00:00-04:00,18.139999389648438,18.149999618530273,18.139999389648438,18.139999389648438,1474,0.0,0.0
2024-10-10 14:01:00-04:00,18.1299991607666,18.1299991607666,18.079999923706055,18.079999923706055,2181,0.0,0.0
2024-10-10 14:02:00-04:00,18.059999465942383,18.06999969482422,18.049999237060547,18.05500030517578,1543,0.0,0.0
2024-10-10 14:03:00-04:00,18.059999465942383,18.059999465942383,18.059999465942383,18.059999465942383,1302,0.0,0.0
2024-10-10 14:04:00-04:00,18.05500030517578,18.05500030517578,18.05500030517578,18.05500030517578,247,0.0,0.0
2024-10-10 14:05:00-04:00,18.059999465942383,18.06999969482422,18.059999465942383,18.06999969482422,1256,0.0,0.0
2024-10-10 14:06:00-04:00,18.075000762939453,18.079999923706055,18.075000762939453,18.079999923706055,597,0.0,0.0
2024-10-10 14:07:00-04:00,18.079999923706055,18.09000015258789,18.079999923706055,18.079999923706055,1364,0.0,0.0
2024-10-10 14:09:00-04:00,18.06999969482422,18.06999969482422,18.049999237060547,18.049999237060547,768,0.0,0.0
2024-10-10 14:10:00-04:00,18.06999969482422,18.06999969482422,18.06999969482422,18.06999969482422,911,0.0,0.0
2024-10-10 14:12:00-04:00,18.06999969482422,18.06999969482422,18.06999969482422,18.06999969482422,281,0.0,0.0
2024-10-10 14:13:00-04:00,18.07699966430664,18.07699966430664,18.07699966430664,18.07699966430664,334,0.0,0.0
2024-10-10 14:14:00-04:00,18.06999969482422,18.079999923706055,18.06999969482422,18.079999923706055,749,0.0,0.0
2024-10-10 14:16:00-04:00,18.06999969482422,18.06999969482422,18.05500030517578,18.059999465942383,1766,0.0,0.0
2024-10-10 14:17:00-04:00,18.059999465942383,18.059999465942383,18.059999465942383,18.059999465942383,641,0.0,0.0
2024-10-10 14:18:00-04:00,18.059999465942383,18.059999465942383,18.059999465942383,18.059999465942383,314,0.0,0.0
2024-10-10 14:19:00-04:00,18.065000534057617,18.065000534057617,18.049999237060547,18.049999237060547,1060,0.0,0.0
2024-10-10 14:21:00-04:00,18.059999465942383,18.059999465942383,18.049999237060547,18.049999237060547,421,0.0,0.0
2024-10-10 14:22:00-04:00,18.059999465942383,18.06999969482422,18.059999465942383,18.06999969482422,1088,0.0,0.0
2024-10-10 14:23:00-04:00,18.06999969482422,18.075000762939453,18.06999969482422,18.075000762939453,434,0.0,0.0
2024-10-10 14:24:00-04:00,18.079999923706055,18.079999923706055,18.079999923706055,18.079999923706055,533,0.0,0.0
2024-10-10 14:25:00-04:00,18.09000015258789,18.09000015258789,18.079999923706055,18.079999923706055,1461,0.0,0.0
2024-10-10 14:26:00-04:00,18.079999923706055,18.079999923706055,18.06999969482422,18.06999969482422,1812,0.0,0.0
2024-10-10 14:27:00-04:00,18.079999923706055,18.084999084472656,18.079999923706055,18.08139991760254,717,0.0,0.0
2024-10-10 14:28:00-04:00,18.06999969482422,18.084999084472656,18.06999969482422,18.084999084472656,230358,0.0,0.0
2024-10-10 14:29:00-04:00,18.084999084472656,18.104999542236328,18.06999969482422,18.06999969482422,6998,0.0,0.0
2024-10-10 14:30:00-04:00,18.070600509643555,18.09000015258789,18.070600509643555,18.09000015258789,1202,0.0,0.0
2024-10-10 14:31:00-04:00,18.09000015258789,18.09000015258789,18.09000015258789,18.09000015258789,752,0.0,0.0
2024-10-10 14:32:00-04:00,18.09000015258789,18.09000015258789,18.079999923706055,18.09000015258789,842,0.0,0.0
2024-10-10 14:33:00-04:00,18.100000381469727,18.110000610351562,18.100000381469727,18.110000610351562,990,0.0,0.0
2024-10-10 14:34:00-04:00,18.1200008392334,18.1200008392334,18.116899490356445,18.1200008392334,882,0.0,0.0
2024-10-10 14:35:00-04:00,18.110000610351562,18.110000610351562,18.100000381469727,18.110000610351562,743,0.0,0.0
2024-10-10 14:36:00-04:00,18.1200008392334,18.1200008392334,18.1200008392334,18.1200008392334,1778,0.0,0.0
2024-10-10 14:37:00-04:00,18.1200008392334,18.139999389648438,18.1200008392334,18.1299991607666,1405,0.0,0.0
2024-10-10 14:38:00-04:00,18.149999618530273,18.15999984741211,18.149999618530273,18.15999984741211,694,0.0,0.0
2024-10-10 14:39:00-04:00,18.15999984741211,18.15999984741211,18.15999984741211,18.15999984741211,865,0.0,0.0
2024-10-10 14:40:00-04:00,18.165000915527344,18.165000915527344,18.149999618530273,18.149999618530273,1232,0.0,0.0
2024-10-10 14:41:00-04:00,18.149999618530273,18.15999984741211,18.149999618530273,18.15999984741211,976,0.0,0.0
2024-10-10 14:42:00-04:00,18.170000076293945,18.170000076293945,18.15999984741211,18.15999984741211,550,0.0,0.0
2024-10-10 14:43:00-04:00,18.15999984741211,18.15999984741211,18.1200008392334,18.139999389648438,2251,0.0,0.0
2024-10-10 14:44:00-04:00,18.1299991607666,18.149999618530273,18.1299991607666,18.149999618530273,1026,0.0,0.0
2024-10-10 14:45:00-04:00,18.170000076293945,18.170000076293945,18.15999984741211,18.15999984741211,2578,0.0,0.0
2024-10-10 14:46:00-04:00,18.149999618530273,18.18000030517578,18.149999618530273,18.170000076293945,1583,0.0,0.0
2024-10-10 14:47:00-04:00,18.149999618530273,18.15999984741211,18.149999618530273,18.15999984741211,625,0.0,0.0
2024-10-10 14:48:00-04:00,18.149999618530273,18.15999984741211,18.149999618530273,18.149999618530273,1485,0.0,0.0
2024-10-10 14:49:00-04:00,18.15999984741211,18.15999984741211,18.149999618530273,18.149999618530273,579,0.0,0.0
2024-10-10 14:50:00-04:00,18.149999618530273,18.149999618530273,18.149999618530273,18.149999618530273,611,0.0,0.0
2024-10-10 14:51:00-04:00,18.149999618530273,18.149999618530273,18.149999618530273,18.149999618530273,137,0.0,0.0
2024-10-10 14:52:00-04:00,18.149999618530273,18.149999618530273,18.149999618530273,18.149999618530273,179,0.0,0.0
2024-10-10 14:53:00-04:00,18.15999984741211,18.15999984741211,18.149999618530273,18.15999984741211,1147,0.0,0.0
2024-10-10 14:54:00-04:00,18.15999984741211,18.15999984741211,18.15999984741211,18.15999984741211,324,0.0,0.0
2024-10-10 14:55:00-04:00,18.155000686645508,18.15999984741211,18.155000686645508,18.15999984741211,1162,0.0,0.0
2024-10-10 14:56:00-04:00,18.15999984741211,18.15999984741211,18.15999984741211,18.15999984741211,226,0.0,0.0
2024-10-10 14:57:00-04:00,18.15999984741211,18.15999984741211,18.15999984741211,18.15999984741211,1081,0.0,0.0
2024-10-10 14:58:00-04:00,18.15999984741211,18.15999984741211,18.15999984741211,18.15999984741211,359,0.0,0.0
2024-10-10 14:59:00-04:00,18.170000076293945,18.174999237060547,18.165000915527344,18.170000076293945,2164,0.0,0.0
2024-10-10 15:00:00-04:00,18.165000915527344,18.18000030517578,18.165000915527344,18.18000030517578,1152,0.0,0.0
2024-10-10 15:01:00-04:00,18.18000030517578,18.184999465942383,18.18000030517578,18.184999465942383,253,0.0,0.0
2024-10-10 15:02:00-04:00,18.18000030517578,18.18000030517578,18.149999618530273,18.15999984741211,1970,0.0,0.0
2024-10-10 15:03:00-04:00,18.15999984741211,18.200000762939453,18.15999984741211,18.170000076293945,3571,0.0,0.0
2024-10-10 15:04:00-04:00,18.170000076293945,18.170000076293945,18.15999984741211,18.15999984741211,1288,0.0,0.0
2024-10-10 15:05:00-04:00,18.145000457763672,18.145000457763672,18.139999389648438,18.142099380493164,955,0.0,0.0
2024-10-10 15:06:00-04:00,18.139999389648438,18.149999618530273,18.139999389648438,18.145000457763672,1605,0.0,0.0
2024-10-10 15:07:00-04:00,18.110000610351562,18.110000610351562,18.110000610351562,18.110000610351562,248,0.0,0.0
2024-10-10 15:08:00-04:00,18.1200008392334,18.1200008392334,18.100000381469727,18.1200008392334,1058,0.0,0.0
2024-10-10 15:09:00-04:00,18.1200008392334,18.1200008392334,18.100000381469727,18.1200008392334,1016,0.0,0.0
2024-10-10 15:10:00-04:00,18.110000610351562,18.1200008392334,18.110000610351562,18.1200008392334,1489,0.0,0.0
2024-10-10 15:11:00-04:00,18.1200008392334,18.1200008392334,18.11989974975586,18.1200008392334,1451,0.0,0.0
2024-10-10 15:12:00-04:00,18.125,18.125,18.125,18.125,135,0.0,0.0
2024-10-10 15:13:00-04:00,18.125,18.125,18.1200008392334,18.1200008392334,957,0.0,0.0
2024-10-10 15:14:00-04:00,18.1200008392334,18.1299991607666,18.1200008392334,18.1200008392334,3252,0.0,0.0
2024-10-10 15:15:00-04:00,18.1200008392334,18.128074645996094,18.110000610351562,18.128074645996094,1035,0.0,0.0
2024-10-10 15:16:00-04:00,18.1200008392334,18.1200008392334,18.110000610351562,18.110000610351562,1406,0.0,0.0
2024-10-10 15:17:00-04:00,18.1200008392334,18.1200008392334,18.110000610351562,18.1200008392334,924,0.0,0.0
2024-10-10 15:18:00-04:00,18.12350082397461,18.12350082397461,18.100000381469727,18.1200008392334,1953,0.0,0.0
2024-10-10 15:19:00-04:00,18.1200008392334,18.1299991607666,18.1200008392334,18.125,1255,0.0,0.0
2024-10-10 15:20:00-04:00,18.1299991607666,18.1299991607666,18.110000610351562,18.110000610351562,3975,0.0,0.0
2024-10-10 15:21:00-04:00,18.110000610351562,18.1200008392334,18.110000610351562,18.1200008392334,1920,0.0,0.0
2024-10-10 15:22:00-04:00,18.1200008392334,18.1200008392334,18.114999771118164,18.1200008392334,1367,0.0,0.0
2024-10-10 15:23:00-04:00,18.114999771118164,18.1299991607666,18.114999771118164,18.1299991607666,1198,0.0,0.0
2024-10-10 15:24:00-04:00,18.1200008392334,18.125,18.1200008392334,18.125,933,0.0,0.0
2024-10-10 15:25:00-04:00,18.125,18.1299991607666,18.12019920349121,18.1299991607666,5176,0.0,0.0
2024-10-10 15:26:00-04:00,18.139999389648438,18.145000457763672,18.110000610351562,18.1200008392334,3182,0.0,0.0
2024-10-10 15:27:00-04:00,18.1200008392334,18.1299991607666,18.1200008392334,18.1200008392334,1359,0.0,0.0
2024-10-10 15:28:00-04:00,18.1299991607666,18.15999984741211,18.1299991607666,18.15999984741211,1912,0.0,0.0
2024-10-10 15:29:00-04:00,18.155000686645508,18.155000686645508,18.149999618530273,18.149999618530273,606,0.0,0.0
2024-10-10 15:30:00-04:00,18.145000457763672,18.149999618530273,18.145000457763672,18.145000457763672,1141,0.0,0.0
2024-10-10 15:31:00-04:00,18.139999389648438,18.145000457763672,18.1299991607666,18.1299991607666,2631,0.0,0.0
2024-10-10 15:32:00-04:00,18.1200008392334,18.1299991607666,18.1200008392334,18.1200008392334,1376,0.0,0.0
2024-10-10 15:33:00-04:00,18.1200008392334,18.139999389648438,18.1200008392334,18.1299991607666,2040,0.0,0.0
2024-10-10 15:34:00-04:00,18.1200008392334,18.1200008392334,18.110000610351562,18.1200008392334,2515,0.0,0.0
2024-10-10 15:35:00-04:00,18.1200008392334,18.1299991607666,18.110000610351562,18.125,3048,0.0,0.0
2024-10-10 15:36:00-04:00,18.1299991607666,18.1299991607666,18.1200008392334,18.1299991607666,4982,0.0,0.0
2024-10-10 15:37:00-04:00,18.1299991607666,18.1299991607666,18.1200008392334,18.1200008392334,2576,0.0,0.0
2024-10-10 15:38:00-04:00,18.114999771118164,18.1200008392334,18.114999771118164,18.1200008392334,734,0.0,0.0
2024-10-10 15:39:00-04:00,18.1200008392334,18.1299991607666,18.1200008392334,18.1299991607666,1778,0.0,0.0
2024-10-10 15:40:00-04:00,18.1299991607666,18.1299991607666,18.1200008392334,18.1200008392334,806,0.0,0.0
2024-10-10 15:41:00-04:00,18.139999389648438,18.139999389648438,18.1299991607666,18.135000228881836,1507,0.0,0.0
2024-10-10 15:42:00-04:00,18.1299991607666,18.1299991607666,18.09000015258789,18.110000610351562,2978,0.0,0.0
2024-10-10 15:43:00-04:00,18.104999542236328,18.125,18.100000381469727,18.1200008392334,2214,0.0,0.0
2024-10-10 15:44:00-04:00,18.1200008392334,18.1200008392334,18.114999771118164,18.114999771118164,799,0.0,0.0
2024-10-10 15:45:00-04:00,18.114999771118164,18.1200008392334,18.110000610351562,18.110000610351562,1944,0.0,0.0
2024-10-10 15:46:00-04:00,18.110000610351562,18.114999771118164,18.110000610351562,18.114999771118164,824,0.0,0.0
2024-10-10 15:47:00-04:00,18.114999771118164,18.1200008392334,18.114999771118164,18.1200008392334,1728,0.0,0.0
2024-10-10 15:48:00-04:00,18.120100021362305,18.1299991607666,18.1200008392334,18.1200008392334,5336,0.0,0.0
2024-10-10 15:49:00-04:00,18.125,18.139999389648438,18.125,18.1299991607666,2965,0.0,0.0
2024-10-10 15:50:00-04:00,18.1200008392334,18.1200008392334,18.110000610351562,18.1200008392334,4343,0.0,0.0
2024-10-10 15:51:00-04:00,18.125,18.125,18.114999771118164,18.114999771118164,1921,0.0,0.0
2024-10-10 15:52:00-04:00,18.110000610351562,18.1299991607666,18.110000610351562,18.125,3601,0.0,0.0
2024-10-10 15:53:00-04:00,18.125,18.139999389648438,18.125,18.139999389648438,2264,0.0,0.0
2024-10-10 15:54:00-04:00,18.139999389648438,18.145000457763672,18.139999389648438,18.145000457763672,1587,0.0,0.0
2024-10-10 15:55:00-04:00,18.145000457763672,18.15999984741211,18.145000457763672,18.15999984741211,4032,0.0,0.0
2024-10-10 15:56:00-04:00,18.15999984741211,18.174999237060547,18.149999618530273,18.15999984741211,7612,0.0,0.0
2024-10-10 15:57:00-04:00,18.15999984741211,18.15999984741211,18.149999618530273,18.155000686645508,7509,0.0,0.0
2024-10-10 15:58:00-04:00,18.155000686645508,18.165000915527344,18.1299991607666,18.135000228881836,11123,0.0,0.0
2024-10-10 15:59:00-04:00,18.135000228881836,18.165000915527344,18.110000610351562,18.114999771118164,27776,0.0,0.0
2024-10-11 09:30:00-04:00,17.979999542236328,17.989999771118164,17.979999542236328,17.989999771118164,4422,0.0,0.0
2024-10-11 09:31:00-04:00,18.06999969482422,18.06999969482422,18.06999969482422,18.06999969482422,404,0.0,0.0
2024-10-11 09:32:00-04:00,18.06999969482422,18.06999969482422,18.010000228881836,18.06999969482422,701,0.0,0.0
2024-10-11 09:33:00-04:00,18.079999923706055,18.079999923706055,18.079999923706055,18.079999923706055,304,0.0,0.0
2024-10-11 09:34:00-04:00,18.100000381469727,18.100000381469727,18.059999465942383,18.059999465942383,689,0.0,0.0
2024-10-11 09:35:00-04:00,18.079999923706055,18.09000015258789,18.059999465942383,18.09000015258789,2282,0.0,0.0
2024-10-11 09:37:00-04:00,18.100000381469727,18.100000381469727,18.09000015258789,18.09000015258789,503,0.0,0.0
2024-10-11 09:38:00-04:00,18.1200008392334,18.1200008392334,18.079999923706055,18.079999923706055,625,0.0,0.0
2024-10-11 09:39:00-04:00,18.079999923706055,18.079999923706055,18.079999923706055,18.079999923706055,234,0.0,0.0
2024-10-11 09:40:00-04:00,18.020000457763672,18.040000915527344,18.020000457763672,18.040000915527344,786,0.0,0.0
2024-10-11 09:41:00-04:00,18.06999969482422,18.100000381469727,18.06999969482422,18.100000381469727,946,0.0,0.0
2024-10-11 09:42:00-04:00,18.1299991607666,18.1299991607666,18.1200008392334,18.1200008392334,762,0.0,0.0
2024-10-11 09:43:00-04:00,18.1200008392334,18.1200008392334,18.09000015258789,18.09000015258789,594,0.0,0.0
2024-10-11 09:44:00-04:00,18.06999969482422,18.06999969482422,18.040000915527344,18.05500030517578,1593,0.0,0.0
2024-10-11 09:45:00-04:00,18.049999237060547,18.049999237060547,18.040000915527344,18.040000915527344,244,0.0,0.0
2024-10-11 09:46:00-04:00,18.054399490356445,18.059999465942383,18.049999237060547,18.049999237060547,1883,0.0,0.0
2024-10-11 09:47:00-04:00,18.030000686645508,18.030000686645508,18.020000457763672,18.030000686645508,2632,0.0,0.0
2024-10-11 09:48:00-04:00,18.040000915527344,18.049999237060547,18.040000915527344,18.040000915527344,830,0.0,0.0
2024-10-11 09:49:00-04:00,18.049999237060547,18.049999237060547,18.049999237060547,18.049999237060547,205,0.0,0.0
2024-10-11 09:50:00-04:00,18.040000915527344,18.040000915527344,18.030000686645508,18.040000915527344,484,0.0,0.0
2024-10-11 09:51:00-04:00,18.040000915527344,18.040000915527344,17.989999771118164,18.0,1515,0.0,0.0
2024-10-11 09:52:00-04:00,18.0,18.010000228881836,18.0,18.010000228881836,496,0.0,0.0
2024-10-11 09:53:00-04:00,18.010000228881836,18.020000457763672,18.010000228881836,18.020000457763672,323,0.0,0.0
2024-10-11 09:54:00-04:00,18.020000457763672,18.020000457763672,18.0,18.0,482,0.0,0.0
2024-10-11 09:55:00-04:00,18.0,18.010000228881836,17.979999542236328,18.010000228881836,1157,0.0,0.0
2024-10-11 09:56:00-04:00,18.010000228881836,18.020000457763672,18.010000228881836,18.020000457763672,1224,0.0,0.0
2024-10-11 09:57:00-04:00,18.0,18.0,17.989999771118164,17.989999771118164,378,0.0,0.0
2024-10-11 09:58:00-04:00,17.96500015258789,17.96500015258789,17.959999084472656,17.959999084472656,832,0.0,0.0
2024-10-11 09:59:00-04:00,17.959999084472656,17.969999313354492,17.94499969482422,17.94499969482422,991,0.0,0.0
2024-10-11 10:00:00-04:00,17.920000076293945,17.969999313354492,17.920000076293945,17.969999313354492,1594,0.0,0.0
2024-10-11 10:01:00-04:00,17.979999542236328,17.989999771118164,17.979900360107422,17.989999771118164,1540,0.0,0.0
2024-10-11 10:02:00-04:00,17.979999542236328,18.020000457763672,17.979999542236328,17.989999771118164,1378,0.0,0.0
2024-10-11 10:03:00-04:00,17.989999771118164,18.020000457763672,17.989999771118164,18.020000457763672,1533,0.0,0.0
2024-10-11 10:05:00-04:00,18.010000228881836,18.010000228881836,18.010000228881836,18.010000228881836,834,0.0,0.0
2024-10-11 10:06:00-04:00,18.009899139404297,18.020000457763672,18.009899139404297,18.020000457763672,645,0.0,0.0
2024-10-11 10:07:00-04:00,18.040000915527344,18.049999237060547,18.035200119018555,18.049999237060547,1229,0.0,0.0
2024-10-11 10:08:00-04:00,18.040000915527344,18.049999237060547,18.040000915527344,18.040000915527344,1663,0.0,0.0
2024-10-11 10:09:00-04:00,18.031999588012695,18.040000915527344,18.024999618530273,18.024999618530273,948,0.0,0.0
2024-10-11 10:10:00-04:00,18.03499984741211,18.03499984741211,18.03499984741211,18.03499984741211,507,0.0,0.0
2024-10-11 10:11:00-04:00,18.040000915527344,18.04990005493164,18.03890037536621,18.04840087890625,3702,0.0,0.0
2024-10-11 10:12:00-04:00,18.040000915527344,18.059999465942383,18.040000915527344,18.059999465942383,982,0.0,0.0
2024-10-11 10:13:00-04:00,18.09000015258789,18.09000015258789,18.09000015258789,18.09000015258789,942,0.0,0.0
2024-10-11 10:14:00-04:00,18.09000015258789,18.100000381469727,18.09000015258789,18.100000381469727,444,0.0,0.0
2024-10-11 10:15:00-04:00,18.09000015258789,18.100000381469727,18.09000015258789,18.100000381469727,571,0.0,0.0
2024-10-11 10:16:00-04:00,18.06999969482422,18.079999923706055,18.06999969482422,18.079999923706055,813,0.0,0.0
2024-10-11 10:18:00-04:00,18.09000015258789,18.09000015258789,18.09000015258789,18.09000015258789,229,0.0,0.0
2024-10-11 10:19:00-04:00,18.079999923706055,18.079999923706055,18.079999923706055,18.079999923706055,495,0.0,0.0
2024-10-11 10:20:00-04:00,18.100000381469727,18.100000381469727,18.09000015258789,18.09000015258789,760,0.0,0.0
2024-10-11 10:21:00-04:00,18.079999923706055,18.079999923706055,18.07029914855957,18.079999923706055,1127,0.0,0.0
2024-10-11 10:22:00-04:00,18.064899444580078,18.09000015258789,18.064899444580078,18.09000015258789,857,0.0,0.0
2024-10-11 10:23:00-04:00,18.100000381469727,18.100000381469727,18.100000381469727,18.100000381469727,399,0.0,0.0
2024-10-11 10:24:00-04:00,18.110000610351562,18.1299991607666,18.110000610351562,18.1299991607666,1076,0.0,0.0
2024-10-11 10:25:00-04:00,18.139999389648438,18.139999389648438,18.110000610351562,18.1200008392334,2054,0.0,0.0
2024-10-11 10:26:00-04:00,18.1299991607666,18.1299991607666,18.1299991607666,18.1299991607666,266,0.0,0.0
2024-10-11 10:27:00-04:00,18.125,18.125,18.1200008392334,18.1200008392334,610,0.0,0.0
2024-10-11 10:28:00-04:00,18.1299991607666,18.1299991607666,18.1299991607666,18.1299991607666,536,0.0,0.0
2024-10-11 10:29:00-04:00,18.1200008392334,18.1200008392334,18.079999923706055,18.079999923706055,865,0.0,0.0
2024-10-11 10:30:00-04:00,18.06999969482422,18.114999771118164,18.06999969482422,18.114999771118164,1522,0.0,0.0
2024-10-11 10:31:00-04:00,18.114299774169922,18.114299774169922,18.06999969482422,18.06999969482422,1670,0.0,0.0
2024-10-11 10:32:00-04:00,18.09000015258789,18.100000381469727,18.079999923706055,18.100000381469727,977,0.0,0.0
2024-10-11 10:33:00-04:00,18.110000610351562,18.1200008392334,18.110000610351562,18.1200008392334,1010,0.0,0.0
2024-10-11 10:34:00-04:00,18.1299991607666,18.1299991607666,18.1299991607666,18.1299991607666,437,0.0,0.0
2024-10-11 10:35:00-04:00,18.1200008392334,18.1299991607666,18.1200008392334,18.1299991607666,436,0.0,0.0
2024-10-11 10:36:00-04:00,18.1299991607666,18.1299991607666,18.1299991607666,18.1299991607666,557,0.0,0.0
2024-10-11 10:37:00-04:00,18.110000610351562,18.1200008392334,18.110000610351562,18.110000610351562,1285,0.0,0.0
2024-10-11 10:38:00-04:00,18.139999389648438,18.139999389648438,18.139999389648438,18.139999389648438,690,0.0,0.0
2024-10-11 10:39:00-04:00,18.149999618530273,18.149999618530273,18.149999618530273,18.149999618530273,463,0.0,0.0
2024-10-11 10:40:00-04:00,18.149999618530273,18.149999618530273,18.149999618530273,18.149999618530273,522,0.0,0.0
2024-10-11 10:42:00-04:00,18.149999618530273,18.149999618530273,18.139999389648438,18.139999389648438,582,0.0,0.0
2024-10-11 10:43:00-04:00,18.139999389648438,18.139999389648438,18.139999389648438,18.139999389648438,843,0.0,0.0
2024-10-11 10:45:00-04:00,18.1299991607666,18.1299991607666,18.1200008392334,18.1200008392334,446,0.0,0.0
2024-10-11 10:46:00-04:00,18.1299991607666,18.149999618530273,18.1200008392334,18.149999618530273,1097,0.0,0.0
2024-10-11 10:47:00-04:00,18.15999984741211,18.15999984741211,18.15999984741211,18.15999984741211,744,0.0,0.0
2024-10-11 10:48:00-04:00,18.149999618530273,18.149999618530273,18.1200008392334,18.1200008392334,2419,0.0,0.0
2024-10-11 10:49:00-04:00,18.1299991607666,18.1299991607666,18.1299991607666,18.1299991607666,549,0.0,0.0
2024-10-11 10:50:00-04:00,18.139999389648438,18.149999618530273,18.139999389648438,18.149999618530273,798,0.0,0.0
2024-10-11 10:51:00-04:00,18.139999389648438,18.149999618530273,18.139999389648438,18.149999618530273,720,0.0,0.0
2024-10-11 10:52:00-04:00,18.15999984741211,18.170000076293945,18.15999984741211,18.164899826049805,1416,0.0,0.0
2024-10-11 10:53:00-04:00,18.15999984741211,18.15999984741211,18.15999984741211,18.15999984741211,132,0.0,0.0
2024-10-11 10:54:00-04:00,18.170000076293945,18.170000076293945,18.16010093688965,18.16010093688965,734,0.0,0.0
2024-10-11 10:55:00-04:00,18.18000030517578,18.18000030517578,18.18000030517578,18.18000030517578,315,0.0,0.0
2024-10-11 10:56:00-04:00,18.18000030517578,18.190000534057617,18.18000030517578,18.190000534057617,609,0.0,0.0
2024-10-11 10:57:00-04:00,18.200000762939453,18.200000762939453,18.200000762939453,18.200000762939453,339,0.0,0.0
2024-10-11 10:58:00-04:00,18.21619987487793,18.21619987487793,18.21619987487793,18.21619987487793,689,0.0,0.0
2024-10-11 10:59:00-04:00,18.219999313354492,18.219999313354492,18.190000534057617,18.190000534057617,1460,0.0,0.0
2024-10-11 11:00:00-04:00,18.200000762939453,18.209999084472656,18.200000762939453,18.200000762939453,369,0.0,0.0
2024-10-11 11:01:00-04:00,18.21500015258789,18.229999542236328,18.21500015258789,18.229999542236328,803,0.0,0.0
2024-10-11 11:02:00-04:00,18.239999771118164,18.239999771118164,18.239999771118164,18.239999771118164,419,0.0,0.0
2024-10-11 11:03:00-04:00,18.239999771118164,18.239999771118164,18.239999771118164,18.239999771118164,558,0.0,0.0
2024-10-11 11:04:00-04:00,18.239999771118164,18.239999771118164,18.239999771118164,18.239999771118164,619,0.0,0.0
2024-10-11 11:06:00-04:00,18.239999771118164,18.239999771118164,18.239999771118164,18.239999771118164,328,0.0,0.0
2024-10-11 11:07:00-04:00,18.25,18.25,18.2450008392334,18.2450008392334,884,0.0,0.0
2024-10-11 11:08:00-04:00,18.24209976196289,18.24209976196289,18.239999771118164,18.239999771118164,384,0.0,0.0
2024-10-11 11:09:00-04:00,18.25,18.25,18.25,18.25,986,0.0,0.0
2024-10-11 11:12:00-04:00,18.25,18.25,18.2450008392334,18.25,1578,0.0,0.0
2024-10-11 11:13:00-04:00,18.239999771118164,18.239999771118164,18.209999084472656,18.209999084472656,2410,0.0,0.0
2024-10-11 11:16:00-04:00,18.204999923706055,18.204999923706055,18.18000030517578,18.18000030517578,1132,0.0,0.0
2024-10-11 11:17:00-04:00,18.18000030517578,18.18000030517578,18.18000030517578,18.18000030517578,478,0.0,0.0
2024-10-11 11:18:00-04:00,18.170000076293945,18.174999237060547,18.170000076293945,18.174999237060547,506,0.0,0.0
2024-10-11 11:20:00-04:00,18.18000030517578,18.18000030517578,18.18000030517578,18.18000030517578,139,0.0,0.0
2024-10-11 11:21:00-04:00,18.180299758911133,18.180299758911133,18.180299758911133,18.180299758911133,278,0.0,0.0
2024-10-11 11:22:00-04:00,18.190000534057617,18.190000534057617,18.190000534057617,18.190000534057617,1265,0.0,0.0
2024-10-11 11:23:00-04:00,18.190000534057617,18.190000534057617,18.190000534057617,18.190000534057617,803,0.0,0.0
2024-10-11 11:25:00-04:00,18.190000534057617,18.190000534057617,18.190000534057617,18.190000534057617,731,0.0,0.0
2024-10-11 11:27:00-04:00,18.19499969482422,18.19499969482422,18.184999465942383,18.190000534057617,901,0.0,0.0
2024-10-11 11:28:00-04:00,18.190000534057617,18.219999313354492,18.190000534057617,18.219999313354492,2150,0.0,0.0
2024-10-11 11:29:00-04:00,18.229999542236328,18.270000457763672,18.229999542236328,18.270000457763672,1668,0.0,0.0
2024-10-11 11:30:00-04:00,18.270000457763672,18.309999465942383,18.260000228881836,18.309999465942383,2160,0.0,0.0
2024-10-11 11:31:00-04:00,18.309999465942383,18.360000610351562,18.309999465942383,18.350000381469727,1589,0.0,0.0
2024-10-11 11:32:00-04:00,18.350000381469727,18.360000610351562,18.350000381469727,18.360000610351562,743,0.0,0.0
2024-10-11 11:33:00-04:00,18.360000610351562,18.360000610351562,18.34000015258789,18.350000381469727,997,0.0,0.0
2024-10-11 11:34:00-04:00,18.360000610351562,18.360000610351562,18.31999969482422,18.31999969482422,3522,0.0,0.0
2024-10-11 11:35:00-04:00,18.329999923706055,18.334999084472656,18.329999923706055,18.334999084472656,721,0.0,0.0
2024-10-11 11:36:00-04:00,18.360000610351562,18.3799991607666,18.360000610351562,18.3799991607666,3206,0.0,0.0
2024-10-11 11:37:00-04:00,18.375,18.389999389648438,18.375,18.389999389648438,685,0.0,0.0
2024-10-11 11:38:00-04:00,18.420000076293945,18.440000534057617,18.420000076293945,18.43000030517578,1653,0.0,0.0
2024-10-11 11:39:00-04:00,18.43000030517578,18.43000030517578,18.420000076293945,18.420000076293945,1351,0.0,0.0
2024-10-11 11:40:00-04:00,18.43000030517578,18.440000534057617,18.43000030517578,18.433000564575195,2611,0.0,0.0
2024-10-11 11:41:00-04:00,18.43000030517578,18.44499969482422,18.43000030517578,18.44499969482422,1427,0.0,0.0
2024-10-11 11:42:00-04:00,18.440000534057617,18.469999313354492,18.440000534057617,18.459999084472656,1908,0.0,0.0
2024-10-11 11:43:00-04:00,18.469999313354492,18.469999313354492,18.450000762939453,18.450000762939453,1089,0.0,0.0
2024-10-11 11:45:00-04:00,18.450000762939453,18.479999542236328,18.450000762939453,18.479999542236328,1572,0.0,0.0
2024-10-11 11:46:00-04:00,18.479999542236328,18.479999542236328,18.454999923706055,18.459999084472656,2572,0.0,0.0
2024-10-11 11:47:00-04:00,18.459999084472656,18.459999084472656,18.459999084472656,18.459999084472656,516,0.0,0.0
2024-10-11 11:48:00-04:00,18.459999084472656,18.489999771118164,18.459999084472656,18.489999771118164,979,0.0,0.0
2024-10-11 11:49:00-04:00,18.5,18.530000686645508,18.5,18.506500244140625,2864,0.0,0.0
2024-10-11 11:50:00-04:00,18.510000228881836,18.510000228881836,18.5,18.510000228881836,1871,0.0,0.0
2024-10-11 11:51:00-04:00,18.520000457763672,18.530000686645508,18.510000228881836,18.510000228881836,2281,0.0,0.0
2024-10-11 11:52:00-04:00,18.514999389648438,18.514999389648438,18.50819969177246,18.50819969177246,1078,0.0,0.0
2024-10-11 11:53:00-04:00,18.520000457763672,18.540000915527344,18.520000457763672,18.530000686645508,1113,0.0,0.0
2024-10-11 11:54:00-04:00,18.540000915527344,18.549999237060547,18.540000915527344,18.540000915527344,1461,0.0,0.0
2024-10-11 11:55:00-04:00,18.530000686645508,18.530000686645508,18.510000228881836,18.510000228881836,2045,0.0,0.0
2024-10-11 11:56:00-04:00,18.520000457763672,18.520000457763672,18.5,18.510000228881836,2493,0.0,0.0
2024-10-11 11:57:00-04:00,18.5,18.5,18.5,18.5,548,0.0,0.0
2024-10-11 11:58:00-04:00,18.5,18.5,18.489999771118164,18.489999771118164,330,0.0,0.0
2024-10-11 11:59:00-04:00,18.5,18.510000228881836,18.489999771118164,18.510000228881836,1176,0.0,0.0
2024-10-11 12:00:00-04:00,18.50950050354004,18.520000457763672,18.50950050354004,18.520000457763672,2083,0.0,0.0
2024-10-11 12:01:00-04:00,18.520000457763672,18.520000457763672,18.520000457763672,18.520000457763672,465,0.0,0.0
2024-10-11 12:02:00-04:00,18.510000228881836,18.510000228881836,18.510000228881836,18.510000228881836,932,0.0,0.0
2024-10-11 12:03:00-04:00,18.5049991607666,18.5049991607666,18.489999771118164,18.5,2350,0.0,0.0
2024-10-11 12:04:00-04:00,18.510000228881836,18.510000228881836,18.479999542236328,18.479999542236328,2575,0.0,0.0
2024-10-11 12:05:00-04:00,18.469999313354492,18.469999313354492,18.469999313354492,18.469999313354492,431,0.0,0.0
2024-10-11 12:06:00-04:00,18.46500015258789,18.46500015258789,18.420000076293945,18.420000076293945,1913,0.0,0.0
2024-10-11 12:07:00-04:00,18.40999984741211,18.40999984741211,18.40999984741211,18.40999984741211,387,0.0,0.0
2024-10-11 12:08:00-04:00,18.43000030517578,18.43000030517578,18.43000030517578,18.43000030517578,239,0.0,0.0
2024-10-11 12:09:00-04:00,18.43000030517578,18.43000030517578,18.420000076293945,18.43000030517578,639,0.0,0.0
2024-10-11 12:10:00-04:00,18.43000030517578,18.450000762939453,18.43000030517578,18.450000762939453,2066,0.0,0.0
2024-10-11 12:11:00-04:00,18.459999084472656,18.469999313354492,18.459999084472656,18.469999313354492,1636,0.0,0.0
2024-10-11 12:12:00-04:00,18.459999084472656,18.459999084472656,18.440000534057617,18.459999084472656,1397,0.0,0.0
2024-10-11 12:13:00-04:00,18.459999084472656,18.459999084472656,18.440000534057617,18.440000534057617,992,0.0,0.0
2024-10-11 12:14:00-04:00,18.459999084472656,18.459999084472656,18.420000076293945,18.420000076293945,3652,0.0,0.0
2024-10-11 12:15:00-04:00,18.43000030517578,18.43000030517578,18.43000030517578,18.43000030517578,383,0.0,0.0
2024-10-11 12:17:00-04:00,18.43000030517578,18.440000534057617,18.43000030517578,18.440000534057617,580,0.0,0.0
2024-10-11 12:18:00-04:00,18.43000030517578,18.43000030517578,18.40999984741211,18.40999984741211,3412,0.0,0.0
2024-10-11 12:19:00-04:00,18.395000457763672,18.399999618530273,18.3799991607666,18.399999618530273,2316,0.0,0.0
2024-10-11 12:20:00-04:00,18.399999618530273,18.399999618530273,18.399999618530273,18.399999618530273,524,0.0,0.0
2024-10-11 12:21:00-04:00,18.420000076293945,18.420000076293945,18.41790008544922,18.41790008544922,851,0.0,0.0
2024-10-11 12:22:00-04:00,18.415000915527344,18.420000076293945,18.40999984741211,18.410200119018555,1604,0.0,0.0
2024-10-11 12:23:00-04:00,18.420000076293945,18.420000076293945,18.420000076293945,18.420000076293945,1029,0.0,0.0
2024-10-11 12:24:00-04:00,18.43000030517578,18.43000030517578,18.43000030517578,18.43000030517578,479,0.0,0.0
2024-10-11 12:25:00-04:00,18.420000076293945,18.420000076293945,18.420000076293945,18.420000076293945,655,0.0,0.0
2024-10-11 12:26:00-04:00,18.43000030517578,18.43000030517578,18.399999618530273,18.399999618530273,3399,0.0,0.0
2024-10-11 12:27:00-04:00,18.405000686645508,18.40999984741211,18.399999618530273,18.399999618530273,923,0.0,0.0
2024-10-11 12:28:00-04:00,18.40999984741211,18.415000915527344,18.40999984741211,18.415000915527344,645,0.0,0.0
2024-10-11 12:29:00-04:00,18.420000076293945,18.424999237060547,18.400699615478516,18.405000686645508,2801,0.0,0.0
2024-10-11 12:30:00-04:00,18.40999984741211,18.40999984741211,18.40999984741211,18.40999984741211,765,0.0,0.0
2024-10-11 12:31:00-04:00,18.405000686645508,18.405000686645508,18.3700008392334,18.3700008392334,2371,0.0,0.0
2024-10-11 12:32:00-04:00,18.3799991607666,18.3799991607666,18.3799991607666,18.3799991607666,322,0.0,0.0
2024-10-11 12:33:00-04:00,18.3799991607666,18.3799991607666,18.354999542236328,18.354999542236328,1338,0.0,0.0
2024-10-11 12:34:00-04:00,18.360000610351562,18.360000610351562,18.354999542236328,18.354999542236328,337,0.0,0.0
2024-10-11 12:35:00-04:00,18.354999542236328,18.354999542236328,18.354999542236328,18.354999542236328,417,0.0,0.0
2024-10-11 12:36:00-04:00,18.360000610351562,18.3799991607666,18.360000610351562,18.3799991607666,3131,0.0,0.0
2024-10-11 12:37:00-04:00,18.3799991607666,18.3799991607666,18.3700008392334,18.3700008392334,420,0.0,0.0
2024-10-11 12:38:00-04:00,18.375,18.3799991607666,18.375,18.3799991607666,1201,0.0,0.0
2024-10-11 12:39:00-04:00,18.3799991607666,18.389999389648438,18.3799991607666,18.389999389648438,1148,0.0,0.0
2024-10-11 12:40:00-04:00,18.389999389648438,18.399999618530273,18.38010025024414,18.389999389648438,2065,0.0,0.0
2024-10-11 12:41:00-04:00,18.3799991607666,18.405000686645508,18.3799991607666,18.405000686645508,1742,0.0,0.0
2024-10-11 12:42:00-04:00,18.420000076293945,18.43000030517578,18.389999389648438,18.389999389648438,880,0.0,0.0
2024-10-11 12:43:00-04:00,18.399999618530273,18.40999984741211,18.399999618530273,18.40999984741211,1087,0.0,0.0
2024-10-11 12:44:00-04:00,18.399999618530273,18.399999618530273,18.399999618530273,18.399999618530273,591,0.0,0.0
2024-10-11 12:45:00-04:00,18.399999618530273,18.399999618530273,18.399999618530273,18.399999618530273,660,0.0,0.0
2024-10-11 12:46:00-04:00,18.399999618530273,18.40999984741211,18.389999389648438,18.389999389648438,3089,0.0,0.0
2024-10-11 12:48:00-04:00,18.389999389648438,18.389999389648438,18.385000228881836,18.385000228881836,341,0.0,0.0
2024-10-11 12:49:00-04:00,18.385000228881836,18.389999389648438,18.3799991607666,18.385000228881836,920,0.0,0.0
2024-10-11 12:50:00-04:00,18.399999618530273,18.399999618530273,18.399999618530273,18.399999618530273,502,0.0,0.0
2024-10-11 12:51:00-04:00,18.399999618530273,18.40999984741211,18.399999618530273,18.40999984741211,1508,0.0,0.0
2024-10-11 12:53:00-04:00,18.405000686645508,18.405000686645508,18.395000457763672,18.399999618530273,2393,0.0,0.0
2024-10-11 12:54:00-04:00,18.399999618530273,18.399999618530273,18.399999618530273,18.399999618530273,225,0.0,0.0
2024-10-11 12:55:00-04:00,18.399999618530273,18.399999618530273,18.399999618530273,18.399999618530273,674,0.0,0.0
2024-10-11 12:56:00-04:00,18.399999618530273,18.399999618530273,18.399999618530273,18.399999618530273,647,0.0,0.0
2024-10-11 12:57:00-04:00,18.399999618530273,18.40999984741211,18.399999618530273,18.399999618530273,1184,0.0,0.0
2024-10-11 12:58:00-04:00,18.399999618530273,18.40999984741211,18.399999618530273,18.40999984741211,1266,0.0,0.0
2024-10-11 12:59:00-04:00,18.40999984741211,18.420000076293945,18.40999984741211,18.420000076293945,2338,0.0,0.0
2024-10-11 13:00:00-04:00,18.420000076293945,18.420000076293945,18.415000915527344,18.415000915527344,1729,0.0,0.0
2024-10-11 13:01:00-04:00,18.40999984741211,18.420000076293945,18.40999984741211,18.413999557495117,1632,0.0,0.0
2024-10-11 13:02:00-04:00,18.40999984741211,18.40999984741211,18.40999984741211,18.40999984741211,641,0.0,0.0
2024-10-11 13:03:00-04:00,18.40399932861328,18.405000686645508,18.389999389648438,18.399999618530273,3576,0.0,0.0
2024-10-11 13:04:00-04:00,18.40999984741211,18.40999984741211,18.399999618530273,18.399999618530273,430,0.0,0.0
2024-10-11 13:05:00-04:00,18.389999389648438,18.389999389648438,18.385000228881836,18.389999389648438,1057,0.0,0.0
2024-10-11 13:06:00-04:00,18.3799991607666,18.389999389648438,18.3799991607666,18.389999389648438,711,0.0,0.0
2024-10-11 13:07:00-04:00,18.38990020751953,18.38990020751953,18.38990020751953,18.38990020751953,173,0.0,0.0
2024-10-11 13:08:00-04:00,18.389999389648438,18.420000076293945,18.389999389648438,18.420000076293945,1998,0.0,0.0
2024-10-11 13:09:00-04:00,18.43000030517578,18.43000030517578,18.420000076293945,18.420000076293945,454,0.0,0.0
2024-10-11 13:10:00-04:00,18.440000534057617,18.450000762939453,18.440000534057617,18.450000762939453,1790,0.0,0.0
2024-10-11 13:11:00-04:00,18.450000762939453,18.450000762939453,18.450000762939453,18.450000762939453,681,0.0,0.0
2024-10-11 13:12:00-04:00,18.459999084472656,18.459999084472656,18.459999084472656,18.459999084472656,391,0.0,0.0
2024-10-11 13:13:00-04:00,18.459999084472656,18.459999084472656,18.450000762939453,18.459999084472656,2031,0.0,0.0
2024-10-11 13:14:00-04:00,18.450000762939453,18.459999084472656,18.450000762939453,18.450000762939453,627,0.0,0.0
2024-10-11 13:15:00-04:00,18.459999084472656,18.469999313354492,18.450000762939453,18.46500015258789,1949,0.0,0.0
2024-10-11 13:17:00-04:00,18.459999084472656,18.459999084472656,18.459999084472656,18.459999084472656,575,0.0,0.0
2024-10-11 13:18:00-04:00,18.459999084472656,18.479999542236328,18.459999084472656,18.46500015258789,1291,0.0,0.0
2024-10-11 13:19:00-04:00,18.479999542236328,18.479999542236328,18.459999084472656,18.459999084472656,2387,0.0,0.0
2024-10-11 13:21:00-04:00,18.469999313354492,18.475000381469727,18.469999313354492,18.475000381469727,1050,0.0,0.0
2024-10-11 13:22:00-04:00,18.469999313354492,18.469999313354492,18.44499969482422,18.459999084472656,1877,0.0,0.0
2024-10-11 13:23:00-04:00,18.459999084472656,18.459999084472656,18.459999084472656,18.459999084472656,460,0.0,0.0
2024-10-11 13:24:00-04:00,18.469999313354492,18.469999313354492,18.469999313354492,18.469999313354492,220,0.0,0.0
2024-10-11 13:25:00-04:00,18.459999084472656,18.489999771118164,18.459999084472656,18.489999771118164,1218,0.0,0.0
2024-10-11 13:26:00-04:00,18.489999771118164,18.489999771118164,18.489999771118164,18.489999771118164,1432,0.0,0.0
2024-10-11 13:27:00-04:00,18.510000228881836,18.510000228881836,18.5,18.510000228881836,824,0.0,0.0
2024-10-11 13:28:00-04:00,18.510000228881836,18.510000228881836,18.459999084472656,18.479999542236328,3168,0.0,0.0
2024-10-11 13:29:00-04:00,18.469999313354492,18.469999313354492,18.459999084472656,18.459999084472656,1854,0.0,0.0
2024-10-11 13:30:00-04:00,18.450000762939453,18.450000762939453,18.440000534057617,18.440000534057617,1304,0.0,0.0
2024-10-11 13:31:00-04:00,18.450000762939453,18.450000762939453,18.44499969482422,18.44499969482422,402,0.0,0.0
2024-10-11 13:32:00-04:00,18.44499969482422,18.450000762939453,18.44499969482422,18.450000762939453,830,0.0,0.0
2024-10-11 13:33:00-04:00,18.459999084472656,18.459999084472656,18.450000762939453,18.459999084472656,879,0.0,0.0
2024-10-11 13:34:00-04:00,18.450000762939453,18.469999313354492,18.450000762939453,18.469999313354492,763,0.0,0.0
2024-10-11 13:35:00-04:00,18.469999313354492,18.469999313354492,18.43000030517578,18.434999465942383,2247,0.0,0.0
2024-10-11 13:36:00-04:00,18.420000076293945,18.420000076293945,18.420000076293945,18.420000076293945,424,0.0,0.0
2024-10-11 13:37:00-04:00,18.40999984741211,18.43000030517578,18.40999984741211,18.420000076293945,1691,0.0,0.0
2024-10-11 13:38:00-04:00,18.420000076293945,18.420000076293945,18.420000076293945,18.420000076293945,358,0.0,0.0
2024-10-11 13:39:00-04:00,18.420000076293945,18.424999237060547,18.40999984741211,18.420000076293945,1157,0.0,0.0
2024-10-11 13:40:00-04:00,18.420000076293945,18.423099517822266,18.420000076293945,18.423099517822266,526,0.0,0.0
2024-10-11 13:41:00-04:00,18.420000076293945,18.420000076293945,18.40999984741211,18.415000915527344,2119,0.0,0.0
2024-10-11 13:42:00-04:00,18.420000076293945,18.424999237060547,18.40999984741211,18.40999984741211,1774,0.0,0.0
2024-10-11 13:43:00-04:00,18.40999984741211,18.40999984741211,18.405000686645508,18.405000686645508,457,0.0,0.0
2024-10-11 13:44:00-04:00,18.405000686645508,18.40999984741211,18.405000686645508,18.40999984741211,480,0.0,0.0
2024-10-11 13:45:00-04:00,18.40999984741211,18.40999984741211,18.40999984741211,18.40999984741211,517,0.0,0.0
2024-10-11 13:46:00-04:00,18.405000686645508,18.40999984741211,18.405000686645508,18.40999984741211,857,0.0,0.0
2024-10-11 13:47:00-04:00,18.399999618530273,18.420000076293945,18.399999618530273,18.420000076293945,1351,0.0,0.0
2024-10-11 13:48:00-04:00,18.40999984741211,18.40999984741211,18.399999618530273,18.40999984741211,1971,0.0,0.0
2024-10-11 13:49:00-04:00,18.399999618530273,18.399999618530273,18.399999618530273,18.399999618530273,505,0.0,0.0
2024-10-11 13:50:00-04:00,18.420000076293945,18.420000076293945,18.420000076293945,18.420000076293945,292,0.0,0.0
2024-10-11 13:51:00-04:00,18.420000076293945,18.420000076293945,18.40999984741211,18.420000076293945,968,0.0,0.0
2024-10-11 13:52:00-04:00,18.43000030517578,18.440000534057617,18.420000076293945,18.420000076293945,2667,0.0,0.0
2024-10-11 13:53:00-04:00,18.420000076293945,18.420000076293945,18.399999618530273,18.40999984741211,2295,0.0,0.0
2024-10-11 13:55:00-04:00,18.420000076293945,18.424999237060547,18.420000076293945,18.424999237060547,1418,0.0,0.0
2024-10-11 13:56:00-04:00,18.415000915527344,18.415000915527344,18.389999389648438,18.399999618530273,1587,0.0,0.0
2024-10-11 13:57:00-04:00,18.40999984741211,18.40999984741211,18.40999984741211,18.40999984741211,379,0.0,0.0
2024-10-11 13:58:00-04:00,18.40999984741211,18.420000076293945,18.40999984741211,18.420000076293945,957,0.0,0.0
2024-10-11 13:59:00-04:00,18.424999237060547,18.43000030517578,18.420000076293945,18.420000076293945,1573,0.0,0.0
2024-10-11 14:00:00-04:00,18.420000076293945,18.420000076293945,18.420000076293945,18.420000076293945,778,0.0,0.0
2024-10-11 14:01:00-04:00,18.40999984741211,18.415000915527344,18.40999984741211,18.415000915527344,850,0.0,0.0
2024-10-11 14:02:00-04:00,18.40999984741211,18.420000076293945,18.40999984741211,18.420000076293945,931,0.0,0.0
2024-10-11 14:03:00-04:00,18.40999984741211,18.40999984741211,18.405000686645508,18.405000686645508,2392,0.0,0.0
2024-10-11 14:05:00-04:00,18.40999984741211,18.424999237060547,18.40999984741211,18.420000076293945,2577,0.0,0.0
2024-10-11 14:06:00-04:00,18.40999984741211,18.420000076293945,18.40999984741211,18.420000076293945,600,0.0,0.0
2024-10-11 14:07:00-04:00,18.420000076293945,18.420000076293945,18.420000076293945,18.420000076293945,498,0.0,0.0
2024-10-11 14:08:00-04:00,18.420000076293945,18.420000076293945,18.40999984741211,18.415000915527344,821,0.0,0.0
2024-10-11 14:09:00-04:00,18.413999557495117,18.420000076293945,18.40999984741211,18.415000915527344,1667,0.0,0.0
2024-10-11 14:10:00-04:00,18.415000915527344,18.420000076293945,18.40999984741211,18.40999984741211,1121,0.0,0.0
2024-10-11 14:11:00-04:00,18.399999618530273,18.405000686645508,18.399999618530273,18.405000686645508,940,0.0,0.0
2024-10-11 14:12:00-04:00,18.40999984741211,18.40999984741211,18.40999984741211,18.40999984741211,140,0.0,0.0
2024-10-11 14:13:00-04:00,18.40999984741211,18.40999984741211,18.40999984741211,18.40999984741211,1067,0.0,0.0
2024-10-11 14:14:00-04:00,18.399999618530273,18.40999984741211,18.399999618530273,18.405000686645508,918,0.0,0.0
2024-10-11 14:15:00-04:00,18.40999984741211,18.40999984741211,18.40999984741211,18.40999984741211,695,0.0,0.0
2024-10-11 14:16:00-04:00,18.40999984741211,18.420000076293945,18.40999984741211,18.420000076293945,1048,0.0,0.0
2024-10-11 14:17:00-04:00,18.420000076293945,18.420000076293945,18.40999984741211,18.420000076293945,1641,0.0,0.0
2024-10-11 14:18:00-04:00,18.420000076293945,18.450000762939453,18.420000076293945,18.450000762939453,967,0.0,0.0
2024-10-11 14:19:00-04:00,18.450000762939453,18.450000762939453,18.440000534057617,18.440000534057617,921,0.0,0.0
2024-10-11 14:20:00-04:00,18.450000762939453,18.450000762939453,18.43000030517578,18.43000030517578,1424,0.0,0.0
2024-10-11 14:21:00-04:00,18.420000076293945,18.440000534057617,18.420000076293945,18.440000534057617,1396,0.0,0.0
2024-10-11 14:22:00-04:00,18.43000030517578,18.440000534057617,18.43000030517578,18.440000534057617,541,0.0,0.0
2024-10-11 14:23:00-04:00,18.440000534057617,18.440000534057617,18.43000030517578,18.43000030517578,1840,0.0,0.0
2024-10-11 14:24:00-04:00,18.43000030517578,18.440000534057617,18.43000030517578,18.43000030517578,589,0.0,0.0
2024-10-11 14:25:00-04:00,18.43000030517578,18.440000534057617,18.43000030517578,18.43000030517578,2441,0.0,0.0
2024-10-11 14:26:00-04:00,18.43000030517578,18.43000030517578,18.43000030517578,18.43000030517578,239,0.0,0.0
2024-10-11 14:27:00-04:00,18.420000076293945,18.420000076293945,18.399999618530273,18.420000076293945,2287,0.0,0.0
2024-10-11 14:28:00-04:00,18.40999984741211,18.420000076293945,18.40999984741211,18.415000915527344,466,0.0,0.0
2024-10-11 14:29:00-04:00,18.420000076293945,18.43000030517578,18.420000076293945,18.43000030517578,797,0.0,0.0
2024-10-11 14:30:00-04:00,18.43000030517578,18.440000534057617,18.424999237060547,18.43000030517578,2091,0.0,0.0
2024-10-11 14:31:00-04:00,18.43000030517578,18.43000030517578,18.43000030517578,18.43000030517578,259,0.0,0.0
2024-10-11 14:32:00-04:00,18.43000030517578,18.43000030517578,18.43000030517578,18.43000030517578,452,0.0,0.0
2024-10-11 14:33:00-04:00,18.424999237060547,18.43000030517578,18.420000076293945,18.43000030517578,617,0.0,0.0
2024-10-11 14:34:00-04:00,18.43000030517578,18.43000030517578,18.43000030517578,18.43000030517578,952,0.0,0.0
2024-10-11 14:35:00-04:00,18.440000534057617,18.450000762939453,18.434999465942383,18.434999465942383,1446,0.0,0.0
2024-10-11 14:36:00-04:00,18.43000030517578,18.440000534057617,18.420000076293945,18.420000076293945,2225,0.0,0.0
2024-10-11 14:37:00-04:00,18.424999237060547,18.424999237060547,18.424999237060547,18.424999237060547,357,0.0,0.0
2024-10-11 14:38:00-04:00,18.43000030517578,18.43000030517578,18.399999618530273,18.399999618530273,2873,0.0,0.0
2024-10-11 14:39:00-04:00,18.389999389648438,18.40999984741211,18.389999389648438,18.40999984741211,1758,0.0,0.0
2024-10-11 14:40:00-04:00,18.420000076293945,18.420000076293945,18.420000076293945,18.420000076293945,366,0.0,0.0
2024-10-11 14:41:00-04:00,18.43000030517578,18.440000534057617,18.43000030517578,18.440000534057617,715,0.0,0.0
2024-10-11 14:42:00-04:00,18.440000534057617,18.440000534057617,18.43000030517578,18.43000030517578,2527,0.0,0.0
2024-10-11 14:43:00-04:00,18.440000534057617,18.440000534057617,18.440000534057617,18.440000534057617,830,0.0,0.0
2024-10-11 14:44:00-04:00,18.450000762939453,18.459999084472656,18.450000762939453,18.459999084472656,4823,0.0,0.0
2024-10-11 14:45:00-04:00,18.459999084472656,18.459999084472656,18.459999084472656,18.459999084472656,400,0.0,0.0
2024-10-11 14:46:00-04:00,18.469999313354492,18.479999542236328,18.469999313354492,18.479999542236328,608,0.0,0.0
2024-10-11 14:47:00-04:00,18.489999771118164,18.489999771118164,18.479999542236328,18.479999542236328,1119,0.0,0.0
2024-10-11 14:48:00-04:00,18.479999542236328,18.479999542236328,18.469999313354492,18.469999313354492,664,0.0,0.0
2024-10-11 14:49:00-04:00,18.489999771118164,18.5,18.489999771118164,18.5,1664,0.0,0.0
2024-10-11 14:50:00-04:00,18.5,18.5,18.489999771118164,18.489999771118164,2299,0.0,0.0
2024-10-11 14:51:00-04:00,18.489999771118164,18.5,18.489999771118164,18.5,1415,0.0,0.0
2024-10-11 14:52:00-04:00,18.489999771118164,18.5,18.489999771118164,18.5,244,0.0,0.0
2024-10-11 14:53:00-04:00,18.489999771118164,18.489999771118164,18.489999771118164,18.489999771118164,1964,0.0,0.0
2024-10-11 14:54:00-04:00,18.479999542236328,18.479999542236328,18.450000762939453,18.459999084472656,3143,0.0,0.0
2024-10-11 14:55:00-04:00,18.450000762939453,18.450000762939453,18.44499969482422,18.450000762939453,1516,0.0,0.0
2024-10-11 14:56:00-04:00,18.459999084472656,18.459999084472656,18.459999084472656,18.459999084472656,897,0.0,0.0
2024-10-11 14:57:00-04:00,18.459999084472656,18.459999084472656,18.454999923706055,18.454999923706055,961,0.0,0.0
2024-10-11 14:58:00-04:00,18.459999084472656,18.459999084472656,18.450000762939453,18.450000762939453,887,0.0,0.0
2024-10-11 14:59:00-04:00,18.450000762939453,18.450000762939453,18.440000534057617,18.440000534057617,1287,0.0,0.0
2024-10-11 15:00:00-04:00,18.440000534057617,18.440000534057617,18.440000534057617,18.440000534057617,972,0.0,0.0
2024-10-11 15:01:00-04:00,18.43000030517578,18.440000534057617,18.43000030517578,18.440000534057617,1186,0.0,0.0
2024-10-11 15:02:00-04:00,18.43400001525879,18.440000534057617,18.43400001525879,18.440000534057617,1509,0.0,0.0
2024-10-11 15:03:00-04:00,18.440000534057617,18.450000762939453,18.440000534057617,18.450000762939453,1432,0.0,0.0
2024-10-11 15:04:00-04:00,18.450000762939453,18.450000762939453,18.44499969482422,18.44499969482422,1039,0.0,0.0
2024-10-11 15:05:00-04:00,18.440000534057617,18.459999084472656,18.440000534057617,18.454999923706055,1998,0.0,0.0
2024-10-11 15:06:00-04:00,18.459999084472656,18.469999313354492,18.459999084472656,18.469999313354492,1394,0.0,0.0
2024-10-11 15:07:00-04:00,18.469999313354492,18.469999313354492,18.450000762939453,18.459999084472656,1632,0.0,0.0
2024-10-11 15:08:00-04:00,18.459999084472656,18.459999084472656,18.450000762939453,18.459999084472656,1992,0.0,0.0
2024-10-11 15:09:00-04:00,18.469999313354492,18.469999313354492,18.450000762939453,18.450000762939453,2396,0.0,0.0
2024-10-11 15:10:00-04:00,18.450000762939453,18.450000762939453,18.450000762939453,18.450000762939453,1242,0.0,0.0
2024-10-11 15:11:00-04:00,18.44499969482422,18.450000762939453,18.44499969482422,18.44499969482422,410,0.0,0.0
2024-10-11 15:12:00-04:00,18.450000762939453,18.459999084472656,18.450000762939453,18.459999084472656,1292,0.0,0.0
2024-10-11 15:13:00-04:00,18.469999313354492,18.469999313354492,18.459999084472656,18.469999313354492,1122,0.0,0.0
2024-10-11 15:14:00-04:00,18.459999084472656,18.479999542236328,18.459999084472656,18.479999542236328,1187,0.0,0.0
2024-10-11 15:15:00-04:00,18.47599983215332,18.479999542236328,18.459999084472656,18.479999542236328,2713,0.0,0.0
2024-10-11 15:16:00-04:00,18.479999542236328,18.479999542236328,18.469999313354492,18.469999313354492,1661,0.0,0.0
2024-10-11 15:17:00-04:00,18.479999542236328,18.479999542236328,18.469999313354492,18.469999313354492,1843,0.0,0.0
2024-10-11 15:18:00-04:00,18.469999313354492,18.479999542236328,18.469999313354492,18.475000381469727,1332,0.0,0.0
2024-10-11 15:19:00-04:00,18.475000381469727,18.475000381469727,18.469999313354492,18.475000381469727,536,0.0,0.0
2024-10-11 15:20:00-04:00,18.469999313354492,18.469999313354492,18.450000762939453,18.450000762939453,1708,0.0,0.0
2024-10-11 15:21:00-04:00,18.434999465942383,18.440000534057617,18.43000030517578,18.440000534057617,2181,0.0,0.0
2024-10-11 15:22:00-04:00,18.450000762939453,18.450000762939453,18.440000534057617,18.44499969482422,1065,0.0,0.0
2024-10-11 15:23:00-04:00,18.44499969482422,18.44499969482422,18.43000030517578,18.440000534057617,473,0.0,0.0
2024-10-11 15:24:00-04:00,18.43000030517578,18.440000534057617,18.43000030517578,18.434999465942383,1281,0.0,0.0
2024-10-11 15:25:00-04:00,18.43000030517578,18.440000534057617,18.43000030517578,18.434999465942383,1304,0.0,0.0
2024-10-11 15:26:00-04:00,18.434999465942383,18.434999465942383,18.434999465942383,18.434999465942383,511,0.0,0.0
2024-10-11 15:27:00-04:00,18.434999465942383,18.440000534057617,18.434999465942383,18.440000534057617,688,0.0,0.0
2024-10-11 15:28:00-04:00,18.434999465942383,18.440000534057617,18.43000030517578,18.43000030517578,1336,0.0,0.0
2024-10-11 15:29:00-04:00,18.43000030517578,18.43000030517578,18.43000030517578,18.43000030517578,551,0.0,0.0
2024-10-11 15:30:00-04:00,18.434999465942383,18.450000762939453,18.40999984741211,18.40999984741211,3248,0.0,0.0
2024-10-11 15:31:00-04:00,18.420000076293945,18.420000076293945,18.40999984741211,18.420000076293945,1451,0.0,0.0
2024-10-11 15:32:00-04:00,18.420000076293945,18.420000076293945,18.389999389648438,18.389999389648438,1223,0.0,0.0
2024-10-11 15:33:00-04:00,18.405000686645508,18.405000686645508,18.399999618530273,18.399999618530273,1886,0.0,0.0
2024-10-11 15:34:00-04:00,18.40999984741211,18.415000915527344,18.405000686645508,18.415000915527344,1187,0.0,0.0
2024-10-11 15:35:00-04:00,18.40999984741211,18.40999984741211,18.360000610351562,18.376699447631836,6573,0.0,0.0
2024-10-11 15:36:00-04:00,18.3700008392334,18.3700008392334,18.34000015258789,18.34000015258789,2920,0.0,0.0
2024-10-11 15:37:00-04:00,18.329999923706055,18.34000015258789,18.329999923706055,18.334999084472656,1872,0.0,0.0
2024-10-11 15:38:00-04:00,18.334999084472656,18.334999084472656,18.31999969482422,18.329999923706055,978,0.0,0.0
2024-10-11 15:39:00-04:00,18.34000015258789,18.34000015258789,18.334999084472656,18.34000015258789,1606,0.0,0.0
2024-10-11 15:40:00-04:00,18.34000015258789,18.350000381469727,18.34000015258789,18.350000381469727,958,0.0,0.0
2024-10-11 15:41:00-04:00,18.344999313354492,18.344999313354492,18.34000015258789,18.34000015258789,799,0.0,0.0
2024-10-11 15:42:00-04:00,18.350000381469727,18.350000381469727,18.344999313354492,18.350000381469727,782,0.0,0.0
2024-10-11 15:43:00-04:00,18.344999313354492,18.350000381469727,18.344999313354492,18.350000381469727,900,0.0,0.0
2024-10-11 15:44:00-04:00,18.344999313354492,18.344999313354492,18.34000015258789,18.34000015258789,1460,0.0,0.0
2024-10-11 15:45:00-04:00,18.329999923706055,18.34000015258789,18.329999923706055,18.34000015258789,1412,0.0,0.0
2024-10-11 15:46:00-04:00,18.334999084472656,18.350000381469727,18.334999084472656,18.350000381469727,3908,0.0,0.0
2024-10-11 15:47:00-04:00,18.344999313354492,18.344999313354492,18.31999969482422,18.31999969482422,3408,0.0,0.0
2024-10-11 15:48:00-04:00,18.325000762939453,18.325000762939453,18.280000686645508,18.280000686645508,3222,0.0,0.0
2024-10-11 15:49:00-04:00,18.280000686645508,18.280000686645508,18.260000228881836,18.264999389648438,32305,0.0,0.0
2024-10-11 15:50:00-04:00,18.264999389648438,18.280000686645508,18.260000228881836,18.280000686645508,2011,0.0,0.0
2024-10-11 15:51:00-04:00,18.28499984741211,18.30500030517578,18.28499984741211,18.295000076293945,3896,0.0,0.0
2024-10-11 15:52:00-04:00,18.299999237060547,18.350000381469727,18.299999237060547,18.344999313354492,10461,0.0,0.0
2024-10-11 15:53:00-04:00,18.350000381469727,18.360000610351562,18.315000534057617,18.315000534057617,9083,0.0,0.0
2024-10-11 15:54:00-04:00,18.309999465942383,18.31999969482422,18.299999237060547,18.309999465942383,5236,0.0,0.0
2024-10-11 15:55:00-04:00,18.30500030517578,18.309999465942383,18.290000915527344,18.30500030517578,6731,0.0,0.0
2024-10-11 15:56:00-04:00,18.309999465942383,18.31999969482422,18.309999465942383,18.309999465942383,6058,0.0,0.0
2024-10-11 15:57:00-04:00,18.309999465942383,18.31999969482422,18.309999465942383,18.31999969482422,8736,0.0,0.0
2024-10-11 15:58:00-04:00,18.3125,18.315000534057617,18.280000686645508,18.299999237060547,24705,0.0,0.0
2024-10-11 15:59:00-04:00,18.299999237060547,18.309999465942383,18.260000228881836,18.274999618530273,24296,0.0,0.0
