Datetime,Open,High,Low,Close,Volume,Dividends,Stock Splits
2024-09-23 09:00:00+09:00,13910.0,13910.0,13900.0,13900.0,0,0.0,0.0
2024-09-23 09:01:00+09:00,13800.0,13900.0,13760.0,13770.0,121,0.0,0.0
2024-09-23 09:04:00+09:00,13810.0,13810.0,13810.0,13810.0,5,0.0,0.0
2024-09-23 09:05:00+09:00,13810.0,13810.0,13810.0,13810.0,0,0.0,0.0
2024-09-23 09:08:00+09:00,13820.0,13820.0,13820.0,13820.0,10,0.0,0.0
2024-09-23 09:10:00+09:00,13830.0,13900.0,13820.0,13900.0,84,0.0,0.0
2024-09-23 09:11:00+09:00,13900.0,13900.0,13900.0,13900.0,122,0.0,0.0
2024-09-23 09:13:00+09:00,13900.0,13910.0,13900.0,13910.0,304,0.0,0.0
2024-09-23 09:15:00+09:00,13900.0,13900.0,13900.0,13900.0,0,0.0,0.0
2024-09-23 09:16:00+09:00,13880.0,13880.0,13880.0,13880.0,0,0.0,0.0
2024-09-23 09:18:00+09:00,13880.0,13880.0,13880.0,13880.0,29,0.0,0.0
2024-09-23 09:19:00+09:00,13880.0,13880.0,13880.0,13880.0,0,0.0,0.0
2024-09-23 09:21:00+09:00,13880.0,13880.0,13880.0,13880.0,20,0.0,0.0
2024-09-23 09:23:00+09:00,13880.0,13880.0,13880.0,13880.0,0,0.0,0.0
2024-09-23 09:24:00+09:00,13880.0,13880.0,13830.0,13830.0,2,0.0,0.0
2024-09-23 09:25:00+09:00,13830.0,13830.0,13800.0,13800.0,244,0.0,0.0
2024-09-23 09:26:00+09:00,13800.0,13880.0,13800.0,13880.0,1135,0.0,0.0
2024-09-23 09:27:00+09:00,13880.0,13880.0,13880.0,13880.0,0,0.0,0.0
2024-09-23 09:32:00+09:00,13990.0,14000.0,13990.0,14000.0,72,0.0,0.0
2024-09-23 09:33:00+09:00,14100.0,14110.0,14000.0,14110.0,0,0.0,0.0
2024-09-23 09:34:00+09:00,14000.0,14090.0,14000.0,14090.0,25,0.0,0.0
2024-09-23 09:37:00+09:00,14020.0,14020.0,14000.0,14000.0,31,0.0,0.0
2024-09-23 09:38:00+09:00,14000.0,14000.0,13980.0,13980.0,135,0.0,0.0
2024-09-23 09:40:00+09:00,13980.0,13980.0,13980.0,13980.0,0,0.0,0.0
2024-09-23 09:42:00+09:00,13990.0,13990.0,13990.0,13990.0,0,0.0,0.0
2024-09-23 09:43:00+09:00,13990.0,13990.0,13990.0,13990.0,1,0.0,0.0
2024-09-23 09:44:00+09:00,13990.0,13990.0,13990.0,13990.0,79,0.0,0.0
2024-09-23 09:45:00+09:00,13890.0,13890.0,13850.0,13850.0,181,0.0,0.0
2024-09-23 09:46:00+09:00,13990.0,13990.0,13990.0,13990.0,0,0.0,0.0
2024-09-23 09:47:00+09:00,13990.0,13990.0,13990.0,13990.0,1,0.0,0.0
2024-09-23 09:48:00+09:00,13990.0,13990.0,13990.0,13990.0,2,0.0,0.0
2024-09-23 09:52:00+09:00,13890.0,13890.0,13890.0,13890.0,28,0.0,0.0
2024-09-23 09:54:00+09:00,13890.0,13890.0,13890.0,13890.0,20,0.0,0.0
2024-09-23 09:57:00+09:00,13890.0,13890.0,13890.0,13890.0,13,0.0,0.0
2024-09-23 10:00:00+09:00,13970.0,13970.0,13970.0,13970.0,0,0.0,0.0
2024-09-23 10:01:00+09:00,13970.0,13970.0,13970.0,13970.0,1,0.0,0.0
2024-09-23 10:03:00+09:00,13970.0,13970.0,13970.0,13970.0,3,0.0,0.0
2024-09-23 10:04:00+09:00,13970.0,13970.0,13970.0,13970.0,2,0.0,0.0
2024-09-23 10:05:00+09:00,13970.0,13970.0,13970.0,13970.0,21,0.0,0.0
2024-09-23 10:07:00+09:00,13960.0,13960.0,13960.0,13960.0,2,0.0,0.0
2024-09-23 10:09:00+09:00,13970.0,14000.0,13960.0,14000.0,352,0.0,0.0
2024-09-23 10:10:00+09:00,14000.0,14000.0,14000.0,14000.0,196,0.0,0.0
2024-09-23 10:11:00+09:00,14070.0,14140.0,14070.0,14140.0,166,0.0,0.0
2024-09-23 10:12:00+09:00,14140.0,14170.0,14140.0,14170.0,61,0.0,0.0
2024-09-23 10:13:00+09:00,14160.0,14170.0,14160.0,14170.0,37,0.0,0.0
2024-09-23 10:14:00+09:00,14170.0,14170.0,14170.0,14170.0,33,0.0,0.0
2024-09-23 10:15:00+09:00,14170.0,14170.0,14170.0,14170.0,0,0.0,0.0
2024-09-23 10:16:00+09:00,14170.0,14170.0,14160.0,14160.0,89,0.0,0.0
2024-09-23 10:29:00+09:00,14130.0,14130.0,14130.0,14130.0,2,0.0,0.0
2024-09-23 10:33:00+09:00,14130.0,14130.0,14130.0,14130.0,60,0.0,0.0
2024-09-23 10:34:00+09:00,14140.0,14170.0,14130.0,14170.0,312,0.0,0.0
2024-09-23 10:38:00+09:00,14130.0,14130.0,14130.0,14130.0,98,0.0,0.0
2024-09-23 10:39:00+09:00,14130.0,14170.0,14120.0,14120.0,57,0.0,0.0
2024-09-23 10:40:00+09:00,14120.0,14120.0,14120.0,14120.0,175,0.0,0.0
2024-09-23 10:41:00+09:00,14120.0,14120.0,14110.0,14110.0,0,0.0,0.0
2024-09-23 10:43:00+09:00,14140.0,14140.0,14110.0,14110.0,18,0.0,0.0
2024-09-23 10:46:00+09:00,14170.0,14170.0,14110.0,14110.0,0,0.0,0.0
2024-09-23 10:50:00+09:00,14110.0,14110.0,14110.0,14110.0,16,0.0,0.0
2024-09-23 10:51:00+09:00,14160.0,14160.0,14110.0,14110.0,0,0.0,0.0
2024-09-23 10:52:00+09:00,14120.0,14120.0,14120.0,14120.0,8,0.0,0.0
2024-09-23 10:56:00+09:00,14120.0,14120.0,14120.0,14120.0,82,0.0,0.0
2024-09-23 10:57:00+09:00,14120.0,14120.0,14120.0,14120.0,0,0.0,0.0
2024-09-23 10:58:00+09:00,14120.0,14130.0,14120.0,14130.0,42,0.0,0.0
2024-09-23 11:03:00+09:00,14110.0,14130.0,14070.0,14070.0,766,0.0,0.0
2024-09-23 11:07:00+09:00,14150.0,14150.0,14150.0,14150.0,1,0.0,0.0
2024-09-23 11:08:00+09:00,14150.0,14150.0,14150.0,14150.0,21,0.0,0.0
2024-09-23 11:14:00+09:00,14140.0,14180.0,14140.0,14180.0,396,0.0,0.0
2024-09-23 11:15:00+09:00,14200.0,14300.0,14200.0,14240.0,456,0.0,0.0
2024-09-23 11:16:00+09:00,14300.0,14300.0,14300.0,14300.0,34,0.0,0.0
2024-09-23 11:17:00+09:00,14290.0,14290.0,14290.0,14290.0,0,0.0,0.0
2024-09-23 11:24:00+09:00,14270.0,14290.0,14270.0,14290.0,151,0.0,0.0
2024-09-23 11:27:00+09:00,14240.0,14240.0,14240.0,14240.0,16,0.0,0.0
2024-09-23 11:30:00+09:00,14240.0,14240.0,14240.0,14240.0,226,0.0,0.0
2024-09-23 11:31:00+09:00,14290.0,14290.0,14290.0,14290.0,0,0.0,0.0
2024-09-23 11:33:00+09:00,14290.0,14290.0,14290.0,14290.0,169,0.0,0.0
2024-09-23 11:35:00+09:00,14220.0,14220.0,14220.0,14220.0,0,0.0,0.0
2024-09-23 11:36:00+09:00,14220.0,14220.0,14220.0,14220.0,58,0.0,0.0
2024-09-23 11:41:00+09:00,14210.0,14220.0,14210.0,14220.0,134,0.0,0.0
2024-09-23 11:43:00+09:00,14220.0,14220.0,14220.0,14220.0,19,0.0,0.0
2024-09-23 11:51:00+09:00,14210.0,14210.0,14200.0,14200.0,251,0.0,0.0
2024-09-23 11:58:00+09:00,14200.0,14200.0,14200.0,14200.0,0,0.0,0.0
2024-09-23 12:02:00+09:00,14220.0,14220.0,14220.0,14220.0,71,0.0,0.0
2024-09-23 12:07:00+09:00,14210.0,14210.0,14210.0,14210.0,20,0.0,0.0
2024-09-23 12:09:00+09:00,14210.0,14210.0,14210.0,14210.0,76,0.0,0.0
2024-09-23 12:10:00+09:00,14200.0,14210.0,14200.0,14210.0,88,0.0,0.0
2024-09-23 12:12:00+09:00,14210.0,14210.0,14210.0,14210.0,0,0.0,0.0
2024-09-23 12:17:00+09:00,14210.0,14210.0,14210.0,14210.0,5,0.0,0.0
2024-09-23 12:19:00+09:00,14280.0,14280.0,14280.0,14280.0,81,0.0,0.0
2024-09-23 12:25:00+09:00,14270.0,14270.0,14270.0,14270.0,0,0.0,0.0
2024-09-23 12:26:00+09:00,14270.0,14270.0,14260.0,14260.0,0,0.0,0.0
2024-09-23 12:28:00+09:00,14260.0,14260.0,14260.0,14260.0,17,0.0,0.0
2024-09-23 12:30:00+09:00,14260.0,14260.0,14260.0,14260.0,0,0.0,0.0
2024-09-23 12:31:00+09:00,14250.0,14250.0,14250.0,14250.0,13,0.0,0.0
2024-09-23 12:34:00+09:00,14250.0,14250.0,14250.0,14250.0,26,0.0,0.0
2024-09-23 12:36:00+09:00,14250.0,14250.0,14250.0,14250.0,0,0.0,0.0
2024-09-23 12:38:00+09:00,14250.0,14250.0,14250.0,14250.0,241,0.0,0.0
2024-09-23 12:40:00+09:00,14240.0,14240.0,14240.0,14240.0,0,0.0,0.0
2024-09-23 12:41:00+09:00,14240.0,14240.0,14240.0,14240.0,22,0.0,0.0
2024-09-23 12:42:00+09:00,14240.0,14240.0,14240.0,14240.0,36,0.0,0.0
2024-09-23 12:45:00+09:00,14250.0,14250.0,14250.0,14250.0,96,0.0,0.0
2024-09-23 12:46:00+09:00,14260.0,14270.0,14260.0,14270.0,56,0.0,0.0
2024-09-23 12:48:00+09:00,14250.0,14290.0,14250.0,14290.0,448,0.0,0.0
2024-09-23 12:54:00+09:00,14280.0,14280.0,14280.0,14280.0,0,0.0,0.0
2024-09-23 12:58:00+09:00,14280.0,14280.0,14280.0,14280.0,1,0.0,0.0
2024-09-23 13:05:00+09:00,14280.0,14280.0,14280.0,14280.0,139,0.0,0.0
2024-09-23 13:07:00+09:00,14280.0,14280.0,14280.0,14280.0,1,0.0,0.0
2024-09-23 13:11:00+09:00,14240.0,14240.0,14230.0,14230.0,380,0.0,0.0
2024-09-23 13:12:00+09:00,14230.0,14230.0,14230.0,14230.0,207,0.0,0.0
2024-09-23 13:13:00+09:00,14230.0,14230.0,14220.0,14220.0,0,0.0,0.0
2024-09-23 13:14:00+09:00,14210.0,14210.0,14210.0,14210.0,74,0.0,0.0
2024-09-23 13:20:00+09:00,14200.0,14200.0,14200.0,14200.0,3,0.0,0.0
2024-09-23 13:21:00+09:00,14200.0,14200.0,14200.0,14200.0,136,0.0,0.0
2024-09-23 13:22:00+09:00,14190.0,14190.0,14190.0,14190.0,44,0.0,0.0
2024-09-23 13:23:00+09:00,14200.0,14200.0,14200.0,14200.0,14,0.0,0.0
2024-09-23 13:24:00+09:00,14200.0,14200.0,14200.0,14200.0,7,0.0,0.0
2024-09-23 13:26:00+09:00,14210.0,14270.0,14210.0,14260.0,65,0.0,0.0
2024-09-23 13:29:00+09:00,14260.0,14260.0,14260.0,14260.0,22,0.0,0.0
2024-09-23 13:30:00+09:00,14260.0,14260.0,14260.0,14260.0,10,0.0,0.0
2024-09-23 13:38:00+09:00,14260.0,14260.0,14260.0,14260.0,300,0.0,0.0
2024-09-23 13:44:00+09:00,14270.0,14270.0,14270.0,14270.0,0,0.0,0.0
2024-09-23 13:48:00+09:00,14250.0,14250.0,14240.0,14240.0,31,0.0,0.0
2024-09-23 13:49:00+09:00,14240.0,14240.0,14240.0,14240.0,182,0.0,0.0
2024-09-23 13:51:00+09:00,14230.0,14230.0,14200.0,14200.0,0,0.0,0.0
2024-09-23 13:52:00+09:00,14190.0,14190.0,14190.0,14190.0,31,0.0,0.0
2024-09-23 13:55:00+09:00,14230.0,14230.0,14230.0,14230.0,2,0.0,0.0
2024-09-23 14:02:00+09:00,14230.0,14230.0,14230.0,14230.0,1,0.0,0.0
2024-09-23 14:04:00+09:00,14240.0,14240.0,14240.0,14240.0,99,0.0,0.0
2024-09-23 14:10:00+09:00,14240.0,14240.0,14240.0,14240.0,0,0.0,0.0
2024-09-23 14:13:00+09:00,14240.0,14240.0,14240.0,14240.0,41,0.0,0.0
2024-09-23 14:17:00+09:00,14240.0,14240.0,14230.0,14230.0,14,0.0,0.0
2024-09-23 14:18:00+09:00,14250.0,14270.0,14250.0,14260.0,343,0.0,0.0
2024-09-23 14:19:00+09:00,14280.0,14280.0,14280.0,14280.0,96,0.0,0.0
2024-09-23 14:23:00+09:00,14290.0,14300.0,14290.0,14300.0,35,0.0,0.0
2024-09-23 14:35:00+09:00,14290.0,14290.0,14290.0,14290.0,0,0.0,0.0
2024-09-23 14:36:00+09:00,14290.0,14290.0,14290.0,14290.0,0,0.0,0.0
2024-09-23 14:37:00+09:00,14290.0,14290.0,14290.0,14290.0,2,0.0,0.0
2024-09-23 14:39:00+09:00,14290.0,14290.0,14290.0,14290.0,42,0.0,0.0
2024-09-23 14:40:00+09:00,14280.0,14280.0,14280.0,14280.0,60,0.0,0.0
2024-09-23 14:41:00+09:00,14280.0,14280.0,14280.0,14280.0,0,0.0,0.0
2024-09-23 14:42:00+09:00,14270.0,14270.0,14270.0,14270.0,24,0.0,0.0
2024-09-23 14:43:00+09:00,14200.0,14200.0,14070.0,14070.0,405,0.0,0.0
2024-09-23 14:45:00+09:00,14120.0,14120.0,14110.0,14110.0,122,0.0,0.0
2024-09-23 14:48:00+09:00,14120.0,14120.0,14120.0,14120.0,55,0.0,0.0
2024-09-23 14:49:00+09:00,14120.0,14120.0,14120.0,14120.0,170,0.0,0.0
2024-09-23 14:50:00+09:00,14120.0,14120.0,14120.0,14120.0,0,0.0,0.0
2024-09-23 14:53:00+09:00,14120.0,14120.0,14120.0,14120.0,99,0.0,0.0
2024-09-24 09:00:00+09:00,14220.0,14290.0,14220.0,14290.0,598,0.0,0.0
2024-09-24 09:01:00+09:00,14360.0,14400.0,14360.0,14400.0,101,0.0,0.0
2024-09-24 09:02:00+09:00,14480.0,14480.0,14300.0,14390.0,26,0.0,0.0
2024-09-24 09:04:00+09:00,14300.0,14300.0,14300.0,14300.0,128,0.0,0.0
2024-09-24 09:05:00+09:00,14390.0,14390.0,14390.0,14390.0,0,0.0,0.0
2024-09-24 09:06:00+09:00,14390.0,14390.0,14390.0,14390.0,177,0.0,0.0
2024-09-24 09:07:00+09:00,14390.0,14500.0,14390.0,14500.0,404,0.0,0.0
2024-09-24 09:08:00+09:00,14500.0,14500.0,14500.0,14500.0,154,0.0,0.0
2024-09-24 09:09:00+09:00,14500.0,14500.0,14500.0,14500.0,22,0.0,0.0
2024-09-24 09:10:00+09:00,14540.0,14600.0,14510.0,14600.0,130,0.0,0.0
2024-09-24 09:11:00+09:00,14600.0,14800.0,14600.0,14740.0,696,0.0,0.0
2024-09-24 09:12:00+09:00,14740.0,14770.0,14740.0,14770.0,178,0.0,0.0
2024-09-24 09:13:00+09:00,14790.0,14790.0,14790.0,14790.0,132,0.0,0.0
2024-09-24 09:14:00+09:00,14790.0,14790.0,14780.0,14780.0,85,0.0,0.0
2024-09-24 09:15:00+09:00,14780.0,14780.0,14770.0,14770.0,45,0.0,0.0
2024-09-24 09:16:00+09:00,14780.0,14780.0,14770.0,14770.0,116,0.0,0.0
2024-09-24 09:17:00+09:00,14770.0,14770.0,14760.0,14760.0,8,0.0,0.0
2024-09-24 09:18:00+09:00,14760.0,14760.0,14690.0,14690.0,0,0.0,0.0
2024-09-24 09:19:00+09:00,14690.0,14690.0,14690.0,14690.0,85,0.0,0.0
2024-09-24 09:20:00+09:00,14690.0,14690.0,14690.0,14690.0,61,0.0,0.0
2024-09-24 09:21:00+09:00,14690.0,14690.0,14680.0,14680.0,135,0.0,0.0
2024-09-24 09:23:00+09:00,14680.0,14680.0,14680.0,14680.0,21,0.0,0.0
2024-09-24 09:24:00+09:00,14610.0,14610.0,14500.0,14510.0,102,0.0,0.0
2024-09-24 09:25:00+09:00,14510.0,14510.0,14500.0,14500.0,1214,0.0,0.0
2024-09-24 09:26:00+09:00,14510.0,14510.0,14500.0,14500.0,388,0.0,0.0
2024-09-24 09:27:00+09:00,14510.0,14510.0,14500.0,14500.0,0,0.0,0.0
2024-09-24 09:28:00+09:00,14650.0,14650.0,14650.0,14650.0,1,0.0,0.0
2024-09-24 09:29:00+09:00,14650.0,14660.0,14650.0,14660.0,45,0.0,0.0
2024-09-24 09:31:00+09:00,14660.0,14660.0,14660.0,14660.0,1,0.0,0.0
2024-09-24 09:34:00+09:00,14500.0,14500.0,14500.0,14500.0,250,0.0,0.0
2024-09-24 09:35:00+09:00,14500.0,14500.0,14500.0,14500.0,0,0.0,0.0
2024-09-24 09:36:00+09:00,14500.0,14500.0,14500.0,14500.0,19,0.0,0.0
2024-09-24 09:37:00+09:00,14500.0,14500.0,14500.0,14500.0,2,0.0,0.0
2024-09-24 09:38:00+09:00,14500.0,14500.0,14500.0,14500.0,29,0.0,0.0
2024-09-24 09:39:00+09:00,14640.0,14640.0,14640.0,14640.0,3,0.0,0.0
2024-09-24 09:43:00+09:00,14630.0,14630.0,14630.0,14630.0,1,0.0,0.0
2024-09-24 09:44:00+09:00,14520.0,14520.0,14420.0,14420.0,442,0.0,0.0
2024-09-24 09:47:00+09:00,14560.0,14560.0,14530.0,14530.0,0,0.0,0.0
2024-09-24 09:50:00+09:00,14420.0,14530.0,14420.0,14420.0,102,0.0,0.0
2024-09-24 09:53:00+09:00,14530.0,14540.0,14530.0,14540.0,114,0.0,0.0
2024-09-24 09:56:00+09:00,14540.0,14540.0,14540.0,14540.0,0,0.0,0.0
2024-09-24 09:59:00+09:00,14540.0,14540.0,14450.0,14450.0,84,0.0,0.0
2024-09-24 10:02:00+09:00,14520.0,14530.0,14520.0,14530.0,0,0.0,0.0
2024-09-24 10:05:00+09:00,14460.0,14460.0,14460.0,14460.0,3,0.0,0.0
2024-09-24 10:06:00+09:00,14530.0,14530.0,14530.0,14530.0,1,0.0,0.0
2024-09-24 10:07:00+09:00,14530.0,14530.0,14510.0,14520.0,38,0.0,0.0
2024-09-24 10:08:00+09:00,14520.0,14540.0,14520.0,14540.0,46,0.0,0.0
2024-09-24 10:09:00+09:00,14540.0,14540.0,14540.0,14540.0,8,0.0,0.0
2024-09-24 10:13:00+09:00,14520.0,14540.0,14510.0,14510.0,654,0.0,0.0
2024-09-24 10:14:00+09:00,14560.0,14560.0,14560.0,14560.0,56,0.0,0.0
2024-09-24 10:15:00+09:00,14520.0,14520.0,14520.0,14520.0,0,0.0,0.0
2024-09-24 10:16:00+09:00,14500.0,14500.0,14500.0,14500.0,395,0.0,0.0
2024-09-24 10:17:00+09:00,14580.0,14580.0,14580.0,14580.0,0,0.0,0.0
2024-09-24 10:22:00+09:00,14580.0,14580.0,14580.0,14580.0,135,0.0,0.0
2024-09-24 10:29:00+09:00,14580.0,14580.0,14580.0,14580.0,17,0.0,0.0
2024-09-24 10:32:00+09:00,14500.0,14500.0,14500.0,14500.0,8,0.0,0.0
2024-09-24 10:34:00+09:00,14500.0,14500.0,14500.0,14500.0,103,0.0,0.0
2024-09-24 10:36:00+09:00,14500.0,14500.0,14500.0,14500.0,0,0.0,0.0
2024-09-24 10:37:00+09:00,14500.0,14500.0,14500.0,14500.0,19,0.0,0.0
2024-09-24 10:38:00+09:00,14500.0,14500.0,14500.0,14500.0,10,0.0,0.0
2024-09-24 10:40:00+09:00,14480.0,14480.0,14480.0,14480.0,6,0.0,0.0
2024-09-24 10:41:00+09:00,14480.0,14480.0,14480.0,14480.0,58,0.0,0.0
2024-09-24 10:43:00+09:00,14560.0,14560.0,14560.0,14560.0,0,0.0,0.0
2024-09-24 10:51:00+09:00,14470.0,14470.0,14460.0,14460.0,66,0.0,0.0
2024-09-24 10:52:00+09:00,14550.0,14550.0,14550.0,14550.0,1,0.0,0.0
2024-09-24 10:58:00+09:00,14450.0,14450.0,14450.0,14450.0,40,0.0,0.0
2024-09-24 11:00:00+09:00,14550.0,14550.0,14550.0,14550.0,119,0.0,0.0
2024-09-24 11:02:00+09:00,14550.0,14550.0,14550.0,14550.0,0,0.0,0.0
2024-09-24 11:05:00+09:00,14540.0,14540.0,14540.0,14540.0,30,0.0,0.0
2024-09-24 11:07:00+09:00,14540.0,14540.0,14530.0,14530.0,67,0.0,0.0
2024-09-24 11:12:00+09:00,14460.0,14460.0,14460.0,14460.0,2,0.0,0.0
2024-09-24 11:15:00+09:00,14460.0,14460.0,14460.0,14460.0,186,0.0,0.0
2024-09-24 11:18:00+09:00,14460.0,14460.0,14460.0,14460.0,8,0.0,0.0
2024-09-24 11:21:00+09:00,14460.0,14460.0,14460.0,14460.0,0,0.0,0.0
2024-09-24 11:24:00+09:00,14460.0,14460.0,14460.0,14460.0,3,0.0,0.0
2024-09-24 11:25:00+09:00,14450.0,14500.0,14420.0,14500.0,357,0.0,0.0
2024-09-24 11:26:00+09:00,14500.0,14500.0,14500.0,14500.0,147,0.0,0.0
2024-09-24 11:32:00+09:00,14500.0,14500.0,14500.0,14500.0,0,0.0,0.0
2024-09-24 11:37:00+09:00,14440.0,14440.0,14440.0,14440.0,83,0.0,0.0
2024-09-24 11:39:00+09:00,14440.0,14440.0,14440.0,14440.0,10,0.0,0.0
2024-09-24 11:55:00+09:00,14450.0,14450.0,14440.0,14440.0,60,0.0,0.0
2024-09-24 11:57:00+09:00,14500.0,14540.0,14500.0,14540.0,0,0.0,0.0
2024-09-24 11:58:00+09:00,14540.0,14540.0,14540.0,14540.0,1,0.0,0.0
2024-09-24 12:00:00+09:00,14540.0,14540.0,14540.0,14540.0,1,0.0,0.0
2024-09-24 12:05:00+09:00,14440.0,14440.0,14420.0,14420.0,395,0.0,0.0
2024-09-24 12:09:00+09:00,14530.0,14530.0,14530.0,14530.0,0,0.0,0.0
2024-09-24 12:10:00+09:00,14420.0,14420.0,14420.0,14420.0,19,0.0,0.0
2024-09-24 12:12:00+09:00,14420.0,14420.0,14420.0,14420.0,0,0.0,0.0
2024-09-24 12:16:00+09:00,14530.0,14530.0,14530.0,14530.0,1,0.0,0.0
2024-09-24 12:22:00+09:00,14530.0,14530.0,14530.0,14530.0,47,0.0,0.0
2024-09-24 12:23:00+09:00,14530.0,14530.0,14530.0,14530.0,0,0.0,0.0
2024-09-24 12:27:00+09:00,14430.0,14430.0,14420.0,14420.0,57,0.0,0.0
2024-09-24 12:29:00+09:00,14500.0,14500.0,14500.0,14500.0,0,0.0,0.0
2024-09-24 12:30:00+09:00,14490.0,14490.0,14490.0,14490.0,3,0.0,0.0
2024-09-24 12:33:00+09:00,14490.0,14490.0,14490.0,14490.0,10,0.0,0.0
2024-09-24 12:40:00+09:00,14490.0,14490.0,14490.0,14490.0,46,0.0,0.0
2024-09-24 12:42:00+09:00,14490.0,14490.0,14490.0,14490.0,14,0.0,0.0
2024-09-24 12:43:00+09:00,14500.0,14520.0,14500.0,14520.0,21,0.0,0.0
2024-09-24 12:44:00+09:00,14530.0,14530.0,14530.0,14530.0,0,0.0,0.0
2024-09-24 12:47:00+09:00,14530.0,14530.0,14530.0,14530.0,19,0.0,0.0
2024-09-24 12:50:00+09:00,14530.0,14540.0,14530.0,14540.0,172,0.0,0.0
2024-09-24 12:51:00+09:00,14550.0,14580.0,14550.0,14580.0,118,0.0,0.0
2024-09-24 12:53:00+09:00,14570.0,14570.0,14570.0,14570.0,40,0.0,0.0
2024-09-24 12:54:00+09:00,14570.0,14570.0,14570.0,14570.0,0,0.0,0.0
2024-09-24 13:06:00+09:00,14520.0,14520.0,14520.0,14520.0,5,0.0,0.0
2024-09-24 13:08:00+09:00,14510.0,14510.0,14500.0,14500.0,138,0.0,0.0
2024-09-24 13:12:00+09:00,14500.0,14520.0,14500.0,14520.0,0,0.0,0.0
2024-09-24 13:23:00+09:00,14520.0,14520.0,14520.0,14520.0,0,0.0,0.0
2024-09-24 13:27:00+09:00,14490.0,14490.0,14490.0,14490.0,65,0.0,0.0
2024-09-24 13:30:00+09:00,14490.0,14490.0,14490.0,14490.0,0,0.0,0.0
2024-09-24 13:31:00+09:00,14490.0,14490.0,14490.0,14490.0,8,0.0,0.0
2024-09-24 13:34:00+09:00,14500.0,14500.0,14500.0,14500.0,395,0.0,0.0
2024-09-24 13:35:00+09:00,14500.0,14500.0,14500.0,14500.0,0,0.0,0.0
2024-09-24 13:36:00+09:00,14490.0,14490.0,14490.0,14490.0,96,0.0,0.0
2024-09-24 13:43:00+09:00,14470.0,14470.0,14450.0,14450.0,227,0.0,0.0
2024-09-24 13:47:00+09:00,14460.0,14460.0,14460.0,14460.0,7,0.0,0.0
2024-09-24 13:48:00+09:00,14460.0,14460.0,14460.0,14460.0,0,0.0,0.0
2024-09-24 13:52:00+09:00,14490.0,14500.0,14490.0,14500.0,36,0.0,0.0
2024-09-24 13:53:00+09:00,14520.0,14520.0,14520.0,14520.0,4,0.0,0.0
2024-09-24 14:00:00+09:00,14550.0,14570.0,14550.0,14570.0,47,0.0,0.0
2024-09-24 14:03:00+09:00,14520.0,14520.0,14510.0,14510.0,9,0.0,0.0
2024-09-24 14:07:00+09:00,14510.0,14510.0,14510.0,14510.0,4,0.0,0.0
2024-09-24 14:12:00+09:00,14510.0,14510.0,14510.0,14510.0,280,0.0,0.0
2024-09-24 14:13:00+09:00,14510.0,14510.0,14500.0,14500.0,0,0.0,0.0
2024-09-24 14:14:00+09:00,14500.0,14500.0,14490.0,14490.0,193,0.0,0.0
2024-09-24 14:16:00+09:00,14530.0,14530.0,14530.0,14530.0,95,0.0,0.0
2024-09-24 14:18:00+09:00,14530.0,14530.0,14500.0,14500.0,1,0.0,0.0
2024-09-24 14:19:00+09:00,14520.0,14530.0,14520.0,14530.0,82,0.0,0.0
2024-09-24 14:23:00+09:00,14500.0,14500.0,14500.0,14500.0,45,0.0,0.0
2024-09-24 14:24:00+09:00,14530.0,14530.0,14530.0,14530.0,0,0.0,0.0
2024-09-24 14:28:00+09:00,14500.0,14520.0,14500.0,14520.0,171,0.0,0.0
2024-09-24 14:29:00+09:00,14490.0,14490.0,14490.0,14490.0,0,0.0,0.0
2024-09-24 14:32:00+09:00,14480.0,14490.0,14480.0,14490.0,72,0.0,0.0
2024-09-24 14:35:00+09:00,14500.0,14500.0,14490.0,14490.0,162,0.0,0.0
2024-09-24 14:36:00+09:00,14490.0,14490.0,14490.0,14490.0,9,0.0,0.0
2024-09-24 14:42:00+09:00,14490.0,14490.0,14490.0,14490.0,0,0.0,0.0
2024-09-24 14:47:00+09:00,14530.0,14530.0,14530.0,14530.0,59,0.0,0.0
2024-09-24 14:49:00+09:00,14500.0,14500.0,14500.0,14500.0,0,0.0,0.0
2024-09-24 14:52:00+09:00,14500.0,14500.0,14500.0,14500.0,10,0.0,0.0
2024-09-25 09:00:00+09:00,14410.0,14600.0,14410.0,14600.0,923,0.0,0.0
2024-09-25 09:01:00+09:00,14650.0,14650.0,14440.0,14440.0,0,0.0,0.0
2024-09-25 09:03:00+09:00,14550.0,14550.0,14550.0,14550.0,10,0.0,0.0
2024-09-25 09:04:00+09:00,14550.0,14550.0,14550.0,14550.0,0,0.0,0.0
2024-09-25 09:05:00+09:00,14540.0,14540.0,14450.0,14450.0,22,0.0,0.0
2024-09-25 09:06:00+09:00,14530.0,14530.0,14530.0,14530.0,0,0.0,0.0
2024-09-25 09:07:00+09:00,14480.0,14540.0,14480.0,14540.0,182,0.0,0.0
2024-09-25 09:08:00+09:00,14540.0,14540.0,14540.0,14540.0,59,0.0,0.0
2024-09-25 09:09:00+09:00,14570.0,14570.0,14540.0,14540.0,124,0.0,0.0
2024-09-25 09:10:00+09:00,14570.0,14580.0,14570.0,14580.0,0,0.0,0.0
2024-09-25 09:11:00+09:00,14600.0,14600.0,14600.0,14600.0,105,0.0,0.0
2024-09-25 09:12:00+09:00,14600.0,14600.0,14600.0,14600.0,97,0.0,0.0
2024-09-25 09:14:00+09:00,14600.0,14600.0,14600.0,14600.0,0,0.0,0.0
2024-09-25 09:17:00+09:00,14630.0,14630.0,14630.0,14630.0,2,0.0,0.0
2024-09-25 09:20:00+09:00,14630.0,14710.0,14630.0,14700.0,330,0.0,0.0
2024-09-25 09:21:00+09:00,14710.0,14710.0,14710.0,14710.0,0,0.0,0.0
2024-09-25 09:22:00+09:00,14650.0,14680.0,14650.0,14680.0,33,0.0,0.0
2024-09-25 09:24:00+09:00,14670.0,14670.0,14670.0,14670.0,10,0.0,0.0
2024-09-25 09:27:00+09:00,14690.0,14700.0,14670.0,14670.0,95,0.0,0.0
2024-09-25 09:28:00+09:00,14700.0,14800.0,14700.0,14750.0,725,0.0,0.0
2024-09-25 09:31:00+09:00,14840.0,14850.0,14740.0,14850.0,503,0.0,0.0
2024-09-25 09:32:00+09:00,14870.0,14890.0,14870.0,14870.0,257,0.0,0.0
2024-09-25 09:33:00+09:00,14870.0,14900.0,14870.0,14890.0,64,0.0,0.0
2024-09-25 09:34:00+09:00,14870.0,14900.0,14870.0,14900.0,350,0.0,0.0
2024-09-25 09:35:00+09:00,14930.0,14930.0,14930.0,14930.0,0,0.0,0.0
2024-09-25 09:36:00+09:00,14930.0,14930.0,14930.0,14930.0,11,0.0,0.0
2024-09-25 09:37:00+09:00,14930.0,14930.0,14930.0,14930.0,45,0.0,0.0
2024-09-25 09:38:00+09:00,14930.0,14930.0,14910.0,14910.0,74,0.0,0.0
2024-09-25 09:39:00+09:00,14910.0,14910.0,14900.0,14900.0,9,0.0,0.0
2024-09-25 09:40:00+09:00,14910.0,14920.0,14910.0,14920.0,25,0.0,0.0
2024-09-25 09:41:00+09:00,14900.0,14900.0,14870.0,14870.0,39,0.0,0.0
2024-09-25 09:42:00+09:00,14900.0,14960.0,14900.0,14960.0,531,0.0,0.0
2024-09-25 09:43:00+09:00,14950.0,14970.0,14940.0,14960.0,224,0.0,0.0
2024-09-25 09:44:00+09:00,14950.0,15000.0,14950.0,15000.0,1053,0.0,0.0
2024-09-25 09:45:00+09:00,15000.0,15020.0,15000.0,15000.0,19,0.0,0.0
2024-09-25 09:46:00+09:00,15020.0,15020.0,15000.0,15000.0,59,0.0,0.0
2024-09-25 09:47:00+09:00,15000.0,15010.0,15000.0,15010.0,57,0.0,0.0
2024-09-25 09:48:00+09:00,15020.0,15020.0,15020.0,15020.0,88,0.0,0.0
2024-09-25 09:49:00+09:00,15030.0,15040.0,15030.0,15040.0,14,0.0,0.0
2024-09-25 09:50:00+09:00,15050.0,15080.0,15050.0,15080.0,634,0.0,0.0
2024-09-25 09:51:00+09:00,15080.0,15080.0,15080.0,15080.0,252,0.0,0.0
2024-09-25 09:52:00+09:00,15080.0,15100.0,15070.0,15100.0,88,0.0,0.0
2024-09-25 09:53:00+09:00,15090.0,15100.0,15090.0,15100.0,114,0.0,0.0
2024-09-25 09:54:00+09:00,15090.0,15090.0,15080.0,15080.0,149,0.0,0.0
2024-09-25 09:55:00+09:00,15070.0,15100.0,15070.0,15100.0,0,0.0,0.0
2024-09-25 09:56:00+09:00,15110.0,15110.0,15110.0,15110.0,20,0.0,0.0
2024-09-25 09:58:00+09:00,15100.0,15100.0,15090.0,15090.0,15,0.0,0.0
2024-09-25 09:59:00+09:00,15100.0,15110.0,15100.0,15110.0,81,0.0,0.0
2024-09-25 10:00:00+09:00,15110.0,15110.0,15080.0,15080.0,345,0.0,0.0
2024-09-25 10:01:00+09:00,15110.0,15110.0,15110.0,15110.0,30,0.0,0.0
2024-09-25 10:02:00+09:00,15100.0,15100.0,15100.0,15100.0,28,0.0,0.0
2024-09-25 10:03:00+09:00,15100.0,15100.0,15100.0,15100.0,0,0.0,0.0
2024-09-25 10:04:00+09:00,15100.0,15100.0,15080.0,15090.0,383,0.0,0.0
2024-09-25 10:05:00+09:00,15080.0,15090.0,15070.0,15070.0,500,0.0,0.0
2024-09-25 10:06:00+09:00,15070.0,15070.0,15060.0,15060.0,249,0.0,0.0
2024-09-25 10:07:00+09:00,15050.0,15050.0,15000.0,15000.0,799,0.0,0.0
2024-09-25 10:09:00+09:00,15000.0,15000.0,15000.0,15000.0,0,0.0,0.0
2024-09-25 10:12:00+09:00,15020.0,15020.0,15000.0,15000.0,43,0.0,0.0
2024-09-25 10:13:00+09:00,15000.0,15000.0,15000.0,15000.0,34,0.0,0.0
2024-09-25 10:14:00+09:00,14990.0,14990.0,14990.0,14990.0,0,0.0,0.0
2024-09-25 10:15:00+09:00,14990.0,15000.0,14950.0,15000.0,111,0.0,0.0
2024-09-25 10:16:00+09:00,15000.0,15000.0,15000.0,15000.0,67,0.0,0.0
2024-09-25 10:19:00+09:00,15000.0,15000.0,14950.0,14950.0,367,0.0,0.0
2024-09-25 10:20:00+09:00,14940.0,14950.0,14940.0,14950.0,9,0.0,0.0
2024-09-25 10:21:00+09:00,15000.0,15000.0,15000.0,15000.0,0,0.0,0.0
2024-09-25 10:25:00+09:00,14940.0,14940.0,14940.0,14940.0,341,0.0,0.0
2024-09-25 10:27:00+09:00,14940.0,14940.0,14940.0,14940.0,0,0.0,0.0
2024-09-25 10:30:00+09:00,14940.0,14940.0,14940.0,14940.0,65,0.0,0.0
2024-09-25 10:31:00+09:00,15000.0,15000.0,15000.0,15000.0,0,0.0,0.0
2024-09-25 10:35:00+09:00,14990.0,15000.0,14990.0,15000.0,4,0.0,0.0
2024-09-25 10:37:00+09:00,15000.0,15000.0,15000.0,15000.0,11,0.0,0.0
2024-09-25 10:38:00+09:00,15000.0,15000.0,15000.0,15000.0,420,0.0,0.0
2024-09-25 10:40:00+09:00,14990.0,14990.0,14990.0,14990.0,0,0.0,0.0
2024-09-25 10:43:00+09:00,14990.0,14990.0,14990.0,14990.0,0,0.0,0.0
2024-09-25 10:45:00+09:00,14940.0,14940.0,14940.0,14940.0,10,0.0,0.0
2024-09-25 10:46:00+09:00,14940.0,14940.0,14940.0,14940.0,35,0.0,0.0
2024-09-25 10:48:00+09:00,14940.0,14940.0,14940.0,14940.0,0,0.0,0.0
2024-09-25 10:49:00+09:00,14940.0,14940.0,14940.0,14940.0,0,0.0,0.0
2024-09-25 10:54:00+09:00,14940.0,14940.0,14940.0,14940.0,18,0.0,0.0
2024-09-25 10:58:00+09:00,14950.0,14950.0,14950.0,14950.0,0,0.0,0.0
2024-09-25 11:00:00+09:00,14950.0,14950.0,14950.0,14950.0,2,0.0,0.0
2024-09-25 11:03:00+09:00,14950.0,14950.0,14940.0,14940.0,18,0.0,0.0
2024-09-25 11:04:00+09:00,14940.0,14940.0,14940.0,14940.0,71,0.0,0.0
2024-09-25 11:05:00+09:00,14940.0,14990.0,14940.0,14990.0,0,0.0,0.0
2024-09-25 11:07:00+09:00,14950.0,14950.0,14950.0,14950.0,20,0.0,0.0
2024-09-25 11:08:00+09:00,14950.0,14950.0,14950.0,14950.0,12,0.0,0.0
2024-09-25 11:11:00+09:00,14950.0,14950.0,14940.0,14940.0,140,0.0,0.0
2024-09-25 11:12:00+09:00,14940.0,14940.0,14940.0,14940.0,0,0.0,0.0
2024-09-25 11:16:00+09:00,14990.0,14990.0,14990.0,14990.0,113,0.0,0.0
2024-09-25 11:17:00+09:00,14990.0,15000.0,14990.0,15000.0,103,0.0,0.0
2024-09-25 11:18:00+09:00,14950.0,14950.0,14950.0,14950.0,0,0.0,0.0
2024-09-25 11:19:00+09:00,14950.0,14950.0,14950.0,14950.0,20,0.0,0.0
2024-09-25 11:24:00+09:00,14950.0,14950.0,14950.0,14950.0,0,0.0,0.0
2024-09-25 11:29:00+09:00,14990.0,14990.0,14990.0,14990.0,73,0.0,0.0
2024-09-25 11:30:00+09:00,15000.0,15000.0,14990.0,14990.0,74,0.0,0.0
2024-09-25 11:31:00+09:00,15000.0,15010.0,15000.0,15010.0,191,0.0,0.0
2024-09-25 11:33:00+09:00,15010.0,15010.0,15010.0,15010.0,0,0.0,0.0
2024-09-25 11:34:00+09:00,15010.0,15010.0,14990.0,14990.0,7,0.0,0.0
2024-09-25 11:35:00+09:00,14990.0,14990.0,14990.0,14990.0,5,0.0,0.0
2024-09-25 11:37:00+09:00,15000.0,15020.0,15000.0,15020.0,152,0.0,0.0
2024-09-25 11:39:00+09:00,15000.0,15000.0,14950.0,14950.0,347,0.0,0.0
2024-09-25 11:43:00+09:00,15030.0,15030.0,15030.0,15030.0,0,0.0,0.0
2024-09-25 11:52:00+09:00,15030.0,15030.0,15030.0,15030.0,60,0.0,0.0
2024-09-25 11:59:00+09:00,14960.0,15040.0,14960.0,15040.0,415,0.0,0.0
2024-09-25 12:01:00+09:00,15040.0,15040.0,15040.0,15040.0,0,0.0,0.0
2024-09-25 12:02:00+09:00,15040.0,15040.0,15040.0,15040.0,117,0.0,0.0
2024-09-25 12:03:00+09:00,14960.0,14960.0,14960.0,14960.0,0,0.0,0.0
2024-09-25 12:06:00+09:00,14960.0,14960.0,14960.0,14960.0,22,0.0,0.0
2024-09-25 12:12:00+09:00,14960.0,14960.0,14950.0,14950.0,162,0.0,0.0
2024-09-25 12:13:00+09:00,14940.0,14940.0,14940.0,14940.0,0,0.0,0.0
2024-09-25 12:14:00+09:00,14940.0,14940.0,14940.0,14940.0,124,0.0,0.0
2024-09-25 12:17:00+09:00,14950.0,14950.0,14950.0,14950.0,0,0.0,0.0
2024-09-25 12:21:00+09:00,14970.0,14970.0,14970.0,14970.0,46,0.0,0.0
2024-09-25 12:22:00+09:00,14970.0,14970.0,14970.0,14970.0,0,0.0,0.0
2024-09-25 12:25:00+09:00,14970.0,14970.0,14970.0,14970.0,16,0.0,0.0
2024-09-25 12:26:00+09:00,14970.0,14970.0,14970.0,14970.0,16,0.0,0.0
2024-09-25 12:28:00+09:00,14950.0,14950.0,14950.0,14950.0,16,0.0,0.0
2024-09-25 12:31:00+09:00,14950.0,14950.0,14950.0,14950.0,118,0.0,0.0
2024-09-25 12:35:00+09:00,14940.0,14940.0,14940.0,14940.0,56,0.0,0.0
2024-09-25 12:39:00+09:00,14940.0,14940.0,14930.0,14930.0,597,0.0,0.0
2024-09-25 12:48:00+09:00,14930.0,14930.0,14930.0,14930.0,0,0.0,0.0
2024-09-25 12:49:00+09:00,14930.0,14930.0,14930.0,14930.0,0,0.0,0.0
2024-09-25 12:50:00+09:00,14930.0,14930.0,14930.0,14930.0,8,0.0,0.0
2024-09-25 12:53:00+09:00,14900.0,14900.0,14860.0,14860.0,235,0.0,0.0
2024-09-25 12:58:00+09:00,14850.0,14850.0,14850.0,14850.0,197,0.0,0.0
2024-09-25 12:59:00+09:00,14890.0,14890.0,14890.0,14890.0,0,0.0,0.0
2024-09-25 13:06:00+09:00,14890.0,14890.0,14890.0,14890.0,0,0.0,0.0
2024-09-25 13:07:00+09:00,14890.0,14890.0,14890.0,14890.0,7,0.0,0.0
2024-09-25 13:12:00+09:00,14910.0,14920.0,14910.0,14920.0,199,0.0,0.0
2024-09-25 13:21:00+09:00,14900.0,14900.0,14900.0,14900.0,0,0.0,0.0
2024-09-25 13:27:00+09:00,14900.0,14900.0,14900.0,14900.0,7,0.0,0.0
2024-09-25 13:31:00+09:00,14900.0,14920.0,14900.0,14920.0,37,0.0,0.0
2024-09-25 13:32:00+09:00,14920.0,14920.0,14920.0,14920.0,48,0.0,0.0
2024-09-25 13:33:00+09:00,14910.0,14930.0,14900.0,14930.0,92,0.0,0.0
2024-09-25 13:37:00+09:00,14930.0,14930.0,14930.0,14930.0,232,0.0,0.0
2024-09-25 13:39:00+09:00,14930.0,14930.0,14930.0,14930.0,120,0.0,0.0
2024-09-25 13:43:00+09:00,14920.0,14930.0,14910.0,14910.0,2,0.0,0.0
2024-09-25 13:44:00+09:00,14920.0,14920.0,14920.0,14920.0,1,0.0,0.0
2024-09-25 13:46:00+09:00,14930.0,14930.0,14930.0,14930.0,3,0.0,0.0
2024-09-25 13:48:00+09:00,14910.0,14910.0,14890.0,14900.0,91,0.0,0.0
2024-09-25 13:49:00+09:00,14920.0,14920.0,14920.0,14920.0,0,0.0,0.0
2024-09-25 13:59:00+09:00,14920.0,14920.0,14920.0,14920.0,0,0.0,0.0
2024-09-25 14:02:00+09:00,14900.0,14900.0,14900.0,14900.0,4,0.0,0.0
2024-09-25 14:03:00+09:00,14900.0,14900.0,14900.0,14900.0,0,0.0,0.0
2024-09-25 14:04:00+09:00,14900.0,14900.0,14900.0,14900.0,54,0.0,0.0
2024-09-25 14:05:00+09:00,14920.0,14920.0,14920.0,14920.0,0,0.0,0.0
2024-09-25 14:07:00+09:00,14900.0,14900.0,14900.0,14900.0,20,0.0,0.0
2024-09-25 14:08:00+09:00,14900.0,14900.0,14900.0,14900.0,6,0.0,0.0
2024-09-25 14:09:00+09:00,14900.0,14900.0,14900.0,14900.0,0,0.0,0.0
2024-09-25 14:11:00+09:00,14910.0,14910.0,14910.0,14910.0,19,0.0,0.0
2024-09-25 14:12:00+09:00,14920.0,14930.0,14920.0,14930.0,30,0.0,0.0
2024-09-25 14:15:00+09:00,14930.0,14930.0,14930.0,14930.0,0,0.0,0.0
2024-09-25 14:16:00+09:00,14930.0,14930.0,14930.0,14930.0,100,0.0,0.0
2024-09-25 14:17:00+09:00,14930.0,14930.0,14930.0,14930.0,0,0.0,0.0
2024-09-25 14:18:00+09:00,14930.0,14930.0,14930.0,14930.0,40,0.0,0.0
2024-09-25 14:19:00+09:00,14920.0,14920.0,14870.0,14870.0,111,0.0,0.0
2024-09-25 14:23:00+09:00,14870.0,14870.0,14860.0,14860.0,52,0.0,0.0
2024-09-25 14:24:00+09:00,14850.0,14920.0,14830.0,14920.0,30,0.0,0.0
2024-09-25 14:30:00+09:00,14920.0,14920.0,14920.0,14920.0,1,0.0,0.0
2024-09-25 14:32:00+09:00,14900.0,14900.0,14900.0,14900.0,17,0.0,0.0
2024-09-25 14:34:00+09:00,14870.0,14870.0,14870.0,14870.0,75,0.0,0.0
2024-09-25 14:35:00+09:00,14920.0,14920.0,14920.0,14920.0,0,0.0,0.0
2024-09-25 14:36:00+09:00,14870.0,14870.0,14870.0,14870.0,0,0.0,0.0
2024-09-25 14:37:00+09:00,14870.0,14880.0,14870.0,14880.0,11,0.0,0.0
2024-09-25 14:38:00+09:00,14880.0,14880.0,14870.0,14870.0,6,0.0,0.0
2024-09-25 14:39:00+09:00,14870.0,14870.0,14870.0,14870.0,50,0.0,0.0
2024-09-25 14:40:00+09:00,14860.0,14860.0,14860.0,14860.0,11,0.0,0.0
2024-09-25 14:42:00+09:00,14860.0,14860.0,14860.0,14860.0,42,0.0,0.0
2024-09-25 14:43:00+09:00,14840.0,14840.0,14830.0,14830.0,74,0.0,0.0
2024-09-25 14:45:00+09:00,14860.0,14860.0,14860.0,14860.0,0,0.0,0.0
2024-09-25 14:47:00+09:00,14860.0,14860.0,14830.0,14830.0,47,0.0,0.0
2024-09-25 14:48:00+09:00,14830.0,14830.0,14790.0,14790.0,277,0.0,0.0
2024-09-25 14:49:00+09:00,14760.0,14760.0,14760.0,14760.0,2,0.0,0.0
2024-09-25 14:54:00+09:00,14760.0,14760.0,14760.0,14760.0,77,0.0,0.0
2024-09-25 14:59:00+09:00,14760.0,14760.0,14760.0,14760.0,0,0.0,0.0
2024-09-26 09:00:00+09:00,14830.0,14900.0,14830.0,14900.0,597,0.0,0.0
2024-09-26 09:01:00+09:00,14910.0,15000.0,14910.0,15000.0,128,0.0,0.0
2024-09-26 09:02:00+09:00,15000.0,15150.0,15000.0,15150.0,192,0.0,0.0
2024-09-26 09:05:00+09:00,15010.0,15010.0,15000.0,15000.0,159,0.0,0.0
2024-09-26 09:06:00+09:00,15010.0,15060.0,14920.0,15060.0,351,0.0,0.0
2024-09-26 09:07:00+09:00,14980.0,14980.0,14980.0,14980.0,96,0.0,0.0
2024-09-26 09:10:00+09:00,14990.0,14990.0,14980.0,14980.0,49,0.0,0.0
2024-09-26 09:12:00+09:00,15070.0,15100.0,15070.0,15100.0,179,0.0,0.0
2024-09-26 09:13:00+09:00,15130.0,15250.0,15130.0,15240.0,2536,0.0,0.0
2024-09-26 09:14:00+09:00,15240.0,15300.0,15240.0,15300.0,247,0.0,0.0
2024-09-26 09:15:00+09:00,15300.0,15300.0,15300.0,15300.0,20,0.0,0.0
2024-09-26 09:16:00+09:00,15270.0,15290.0,15270.0,15290.0,26,0.0,0.0
2024-09-26 09:17:00+09:00,15190.0,15280.0,14970.0,15280.0,106,0.0,0.0
2024-09-26 09:18:00+09:00,15270.0,15280.0,15270.0,15280.0,12,0.0,0.0
2024-09-26 09:19:00+09:00,15270.0,15270.0,15270.0,15270.0,559,0.0,0.0
2024-09-26 09:20:00+09:00,15270.0,15270.0,15270.0,15270.0,0,0.0,0.0
2024-09-26 09:21:00+09:00,15270.0,15270.0,15270.0,15270.0,40,0.0,0.0
2024-09-26 09:23:00+09:00,15250.0,15250.0,15180.0,15180.0,121,0.0,0.0
2024-09-26 09:24:00+09:00,15170.0,15170.0,15090.0,15090.0,121,0.0,0.0
2024-09-26 09:26:00+09:00,15100.0,15100.0,15100.0,15100.0,0,0.0,0.0
2024-09-26 09:27:00+09:00,15100.0,15100.0,15100.0,15100.0,6,0.0,0.0
2024-09-26 09:29:00+09:00,15130.0,15130.0,15130.0,15130.0,0,0.0,0.0
2024-09-26 09:31:00+09:00,15130.0,15130.0,15130.0,15130.0,84,0.0,0.0
2024-09-26 09:32:00+09:00,15120.0,15120.0,15120.0,15120.0,197,0.0,0.0
2024-09-26 09:33:00+09:00,15110.0,15120.0,15110.0,15120.0,0,0.0,0.0
2024-09-26 09:34:00+09:00,15110.0,15110.0,15110.0,15110.0,18,0.0,0.0
2024-09-26 09:35:00+09:00,15120.0,15120.0,15120.0,15120.0,25,0.0,0.0
2024-09-26 09:36:00+09:00,15110.0,15110.0,15090.0,15090.0,152,0.0,0.0
2024-09-26 09:37:00+09:00,15090.0,15090.0,15090.0,15090.0,18,0.0,0.0
2024-09-26 09:38:00+09:00,15090.0,15090.0,15090.0,15090.0,3,0.0,0.0
2024-09-26 09:41:00+09:00,15110.0,15110.0,15090.0,15090.0,68,0.0,0.0
2024-09-26 09:42:00+09:00,15090.0,15090.0,15070.0,15090.0,250,0.0,0.0
2024-09-26 09:43:00+09:00,15090.0,15090.0,15090.0,15090.0,526,0.0,0.0
2024-09-26 09:44:00+09:00,15090.0,15090.0,15090.0,15090.0,0,0.0,0.0
2024-09-26 09:45:00+09:00,15060.0,15060.0,15060.0,15060.0,0,0.0,0.0
2024-09-26 09:46:00+09:00,15060.0,15060.0,15060.0,15060.0,47,0.0,0.0
2024-09-26 09:48:00+09:00,15060.0,15060.0,15060.0,15060.0,40,0.0,0.0
2024-09-26 09:51:00+09:00,15070.0,15070.0,15070.0,15070.0,1,0.0,0.0
2024-09-26 09:54:00+09:00,15070.0,15070.0,15070.0,15070.0,108,0.0,0.0
2024-09-26 09:55:00+09:00,15090.0,15090.0,15080.0,15080.0,225,0.0,0.0
2024-09-26 09:58:00+09:00,15090.0,15110.0,15090.0,15110.0,74,0.0,0.0
2024-09-26 10:00:00+09:00,15110.0,15110.0,15110.0,15110.0,591,0.0,0.0
2024-09-26 10:01:00+09:00,15110.0,15120.0,15110.0,15120.0,48,0.0,0.0
2024-09-26 10:02:00+09:00,15140.0,15150.0,15140.0,15150.0,17,0.0,0.0
2024-09-26 10:05:00+09:00,15150.0,15150.0,15150.0,15150.0,1,0.0,0.0
2024-09-26 10:07:00+09:00,15160.0,15160.0,15160.0,15160.0,5,0.0,0.0
2024-09-26 10:12:00+09:00,15130.0,15130.0,15130.0,15130.0,54,0.0,0.0
2024-09-26 10:14:00+09:00,15120.0,15190.0,15120.0,15190.0,102,0.0,0.0
2024-09-26 10:16:00+09:00,15120.0,15120.0,15120.0,15120.0,1,0.0,0.0
2024-09-26 10:17:00+09:00,15120.0,15120.0,15120.0,15120.0,53,0.0,0.0
2024-09-26 10:19:00+09:00,15190.0,15200.0,15190.0,15200.0,198,0.0,0.0
2024-09-26 10:20:00+09:00,15200.0,15200.0,15200.0,15200.0,0,0.0,0.0
2024-09-26 10:21:00+09:00,15200.0,15200.0,15200.0,15200.0,8,0.0,0.0
2024-09-26 10:23:00+09:00,15230.0,15230.0,15230.0,15230.0,2,0.0,0.0
2024-09-26 10:24:00+09:00,15220.0,15220.0,15210.0,15210.0,44,0.0,0.0
2024-09-26 10:25:00+09:00,15210.0,15210.0,15210.0,15210.0,103,0.0,0.0
2024-09-26 10:26:00+09:00,15230.0,15240.0,15230.0,15240.0,28,0.0,0.0
2024-09-26 10:28:00+09:00,15210.0,15210.0,15210.0,15210.0,0,0.0,0.0
2024-09-26 10:29:00+09:00,15210.0,15210.0,15210.0,15210.0,0,0.0,0.0
2024-09-26 10:30:00+09:00,15210.0,15210.0,15200.0,15200.0,30,0.0,0.0
2024-09-26 10:31:00+09:00,15190.0,15190.0,15170.0,15170.0,0,0.0,0.0
2024-09-26 10:32:00+09:00,15160.0,15160.0,15140.0,15140.0,3,0.0,0.0
2024-09-26 10:33:00+09:00,15140.0,15140.0,15140.0,15140.0,207,0.0,0.0
2024-09-26 10:34:00+09:00,15130.0,15130.0,15130.0,15130.0,206,0.0,0.0
2024-09-26 10:37:00+09:00,15130.0,15130.0,15130.0,15130.0,0,0.0,0.0
2024-09-26 10:38:00+09:00,15120.0,15130.0,15120.0,15130.0,17,0.0,0.0
2024-09-26 10:39:00+09:00,15140.0,15140.0,15140.0,15140.0,275,0.0,0.0
2024-09-26 10:42:00+09:00,15130.0,15160.0,15100.0,15100.0,7,0.0,0.0
2024-09-26 10:45:00+09:00,15100.0,15100.0,15100.0,15100.0,10,0.0,0.0
2024-09-26 10:46:00+09:00,15160.0,15160.0,15160.0,15160.0,0,0.0,0.0
2024-09-26 10:47:00+09:00,15160.0,15160.0,15160.0,15160.0,7,0.0,0.0
2024-09-26 10:49:00+09:00,15160.0,15160.0,15160.0,15160.0,22,0.0,0.0
2024-09-26 10:54:00+09:00,15160.0,15160.0,15160.0,15160.0,11,0.0,0.0
2024-09-26 10:55:00+09:00,15180.0,15180.0,15180.0,15180.0,0,0.0,0.0
2024-09-26 10:58:00+09:00,15180.0,15180.0,15180.0,15180.0,282,0.0,0.0
2024-09-26 11:00:00+09:00,15160.0,15160.0,15160.0,15160.0,0,0.0,0.0
2024-09-26 11:06:00+09:00,15160.0,15160.0,15160.0,15160.0,205,0.0,0.0
2024-09-26 11:14:00+09:00,15150.0,15160.0,15150.0,15160.0,0,0.0,0.0
2024-09-26 11:15:00+09:00,15160.0,15160.0,15160.0,15160.0,59,0.0,0.0
2024-09-26 11:20:00+09:00,15140.0,15160.0,15140.0,15160.0,109,0.0,0.0
2024-09-26 11:21:00+09:00,15160.0,15160.0,15160.0,15160.0,1,0.0,0.0
2024-09-26 11:27:00+09:00,15170.0,15170.0,15170.0,15170.0,200,0.0,0.0
2024-09-26 11:32:00+09:00,15170.0,15180.0,15170.0,15180.0,0,0.0,0.0
2024-09-26 11:34:00+09:00,15180.0,15180.0,15180.0,15180.0,11,0.0,0.0
2024-09-26 11:36:00+09:00,15170.0,15170.0,15170.0,15170.0,6,0.0,0.0
2024-09-26 11:40:00+09:00,15170.0,15170.0,15170.0,15170.0,138,0.0,0.0
2024-09-26 11:41:00+09:00,15170.0,15170.0,15170.0,15170.0,0,0.0,0.0
2024-09-26 11:44:00+09:00,15170.0,15180.0,15170.0,15180.0,564,0.0,0.0
2024-09-26 11:45:00+09:00,15180.0,15190.0,15180.0,15190.0,62,0.0,0.0
2024-09-26 11:46:00+09:00,15180.0,15210.0,15180.0,15210.0,173,0.0,0.0
2024-09-26 11:47:00+09:00,15210.0,15210.0,15210.0,15210.0,134,0.0,0.0
2024-09-26 11:48:00+09:00,15220.0,15240.0,15220.0,15240.0,0,0.0,0.0
2024-09-26 11:49:00+09:00,15250.0,15330.0,15250.0,15330.0,3088,0.0,0.0
2024-09-26 11:50:00+09:00,15310.0,15310.0,15300.0,15300.0,0,0.0,0.0
2024-09-26 11:51:00+09:00,15300.0,15350.0,15300.0,15320.0,125,0.0,0.0
2024-09-26 11:52:00+09:00,15350.0,15400.0,15350.0,15390.0,563,0.0,0.0
2024-09-26 11:53:00+09:00,15400.0,15420.0,15400.0,15420.0,179,0.0,0.0
2024-09-26 11:54:00+09:00,15430.0,15430.0,15430.0,15430.0,0,0.0,0.0
2024-09-26 11:55:00+09:00,15430.0,15430.0,15410.0,15410.0,23,0.0,0.0
2024-09-26 11:56:00+09:00,15410.0,15410.0,15400.0,15400.0,74,0.0,0.0
2024-09-26 11:58:00+09:00,15420.0,15420.0,15400.0,15400.0,0,0.0,0.0
2024-09-26 11:59:00+09:00,15400.0,15400.0,15400.0,15400.0,46,0.0,0.0
2024-09-26 12:00:00+09:00,15400.0,15400.0,15400.0,15400.0,0,0.0,0.0
2024-09-26 12:01:00+09:00,15420.0,15430.0,15420.0,15430.0,181,0.0,0.0
2024-09-26 12:02:00+09:00,15440.0,15440.0,15440.0,15440.0,0,0.0,0.0
2024-09-26 12:03:00+09:00,15440.0,15440.0,15440.0,15440.0,1,0.0,0.0
2024-09-26 12:04:00+09:00,15460.0,15460.0,15440.0,15440.0,18,0.0,0.0
2024-09-26 12:05:00+09:00,15460.0,15460.0,15440.0,15460.0,24,0.0,0.0
2024-09-26 12:06:00+09:00,15460.0,15460.0,15440.0,15440.0,106,0.0,0.0
2024-09-26 12:08:00+09:00,15440.0,15440.0,15440.0,15440.0,0,0.0,0.0
2024-09-26 12:09:00+09:00,15470.0,15480.0,15470.0,15480.0,424,0.0,0.0
2024-09-26 12:10:00+09:00,15470.0,15480.0,15470.0,15480.0,0,0.0,0.0
2024-09-26 12:11:00+09:00,15490.0,15500.0,15490.0,15500.0,302,0.0,0.0
2024-09-26 12:12:00+09:00,15500.0,15520.0,15500.0,15520.0,227,0.0,0.0
2024-09-26 12:13:00+09:00,15520.0,15610.0,15520.0,15540.0,1086,0.0,0.0
2024-09-26 12:14:00+09:00,15600.0,15600.0,15540.0,15540.0,0,0.0,0.0
2024-09-26 12:15:00+09:00,15540.0,15540.0,15540.0,15540.0,106,0.0,0.0
2024-09-26 12:18:00+09:00,15540.0,15540.0,15540.0,15540.0,221,0.0,0.0
2024-09-26 12:19:00+09:00,15540.0,15540.0,15530.0,15530.0,226,0.0,0.0
2024-09-26 12:20:00+09:00,15530.0,15530.0,15530.0,15530.0,347,0.0,0.0
2024-09-26 12:21:00+09:00,15530.0,15530.0,15530.0,15530.0,4,0.0,0.0
2024-09-26 12:22:00+09:00,15530.0,15530.0,15530.0,15530.0,20,0.0,0.0
2024-09-26 12:23:00+09:00,15580.0,15580.0,15580.0,15580.0,11,0.0,0.0
2024-09-26 12:24:00+09:00,15580.0,15580.0,15580.0,15580.0,113,0.0,0.0
2024-09-26 12:25:00+09:00,15570.0,15570.0,15570.0,15570.0,0,0.0,0.0
2024-09-26 12:26:00+09:00,15570.0,15570.0,15570.0,15570.0,1,0.0,0.0
2024-09-26 12:27:00+09:00,15550.0,15600.0,15540.0,15600.0,330,0.0,0.0
2024-09-26 12:28:00+09:00,15600.0,15600.0,15550.0,15550.0,106,0.0,0.0
2024-09-26 12:29:00+09:00,15560.0,15570.0,15560.0,15570.0,0,0.0,0.0
2024-09-26 12:32:00+09:00,15600.0,15600.0,15590.0,15590.0,268,0.0,0.0
2024-09-26 12:34:00+09:00,15590.0,15590.0,15590.0,15590.0,26,0.0,0.0
2024-09-26 12:35:00+09:00,15590.0,15590.0,15590.0,15590.0,18,0.0,0.0
2024-09-26 12:36:00+09:00,15590.0,15600.0,15590.0,15590.0,845,0.0,0.0
2024-09-26 12:37:00+09:00,15590.0,15590.0,15560.0,15560.0,233,0.0,0.0
2024-09-26 12:39:00+09:00,15570.0,15580.0,15570.0,15580.0,34,0.0,0.0
2024-09-26 12:40:00+09:00,15580.0,15580.0,15560.0,15560.0,150,0.0,0.0
2024-09-26 12:41:00+09:00,15560.0,15570.0,15560.0,15570.0,0,0.0,0.0
2024-09-26 12:42:00+09:00,15570.0,15570.0,15560.0,15570.0,29,0.0,0.0
2024-09-26 12:44:00+09:00,15550.0,15570.0,15550.0,15570.0,100,0.0,0.0
2024-09-26 12:45:00+09:00,15560.0,15570.0,15560.0,15570.0,0,0.0,0.0
2024-09-26 12:46:00+09:00,15570.0,15570.0,15570.0,15570.0,8,0.0,0.0
2024-09-26 12:49:00+09:00,15570.0,15570.0,15570.0,15570.0,5,0.0,0.0
2024-09-26 12:51:00+09:00,15570.0,15570.0,15570.0,15570.0,20,0.0,0.0
2024-09-26 12:52:00+09:00,15570.0,15570.0,15570.0,15570.0,2,0.0,0.0
2024-09-26 12:53:00+09:00,15570.0,15570.0,15560.0,15560.0,22,0.0,0.0
2024-09-26 12:55:00+09:00,15570.0,15570.0,15570.0,15570.0,98,0.0,0.0
2024-09-26 12:56:00+09:00,15570.0,15570.0,15570.0,15570.0,1,0.0,0.0
2024-09-26 12:57:00+09:00,15580.0,15580.0,15580.0,15580.0,13,0.0,0.0
2024-09-26 12:58:00+09:00,15590.0,15590.0,15590.0,15590.0,368,0.0,0.0
2024-09-26 12:59:00+09:00,15590.0,15590.0,15590.0,15590.0,99,0.0,0.0
2024-09-26 13:00:00+09:00,15590.0,15590.0,15590.0,15590.0,0,0.0,0.0
2024-09-26 13:01:00+09:00,15580.0,15580.0,15580.0,15580.0,13,0.0,0.0
2024-09-26 13:02:00+09:00,15580.0,15580.0,15580.0,15580.0,39,0.0,0.0
2024-09-26 13:04:00+09:00,15580.0,15590.0,15580.0,15580.0,32,0.0,0.0
2024-09-26 13:05:00+09:00,15590.0,15600.0,15590.0,15600.0,115,0.0,0.0
2024-09-26 13:06:00+09:00,15580.0,15580.0,15580.0,15580.0,0,0.0,0.0
2024-09-26 13:07:00+09:00,15590.0,15590.0,15590.0,15590.0,60,0.0,0.0
2024-09-26 13:08:00+09:00,15580.0,15580.0,15570.0,15570.0,141,0.0,0.0
2024-09-26 13:11:00+09:00,15560.0,15560.0,15550.0,15550.0,38,0.0,0.0
2024-09-26 13:12:00+09:00,15550.0,15550.0,15530.0,15530.0,227,0.0,0.0
2024-09-26 13:14:00+09:00,15530.0,15540.0,15530.0,15540.0,0,0.0,0.0
2024-09-26 13:15:00+09:00,15540.0,15570.0,15540.0,15570.0,6,0.0,0.0
2024-09-26 13:18:00+09:00,15520.0,15520.0,15520.0,15520.0,3,0.0,0.0
2024-09-26 13:19:00+09:00,15530.0,15550.0,15530.0,15550.0,31,0.0,0.0
2024-09-26 13:20:00+09:00,15550.0,15550.0,15530.0,15530.0,4,0.0,0.0
2024-09-26 13:21:00+09:00,15530.0,15530.0,15530.0,15530.0,2,0.0,0.0
2024-09-26 13:23:00+09:00,15540.0,15540.0,15540.0,15540.0,19,0.0,0.0
2024-09-26 13:27:00+09:00,15540.0,15540.0,15540.0,15540.0,41,0.0,0.0
2024-09-26 13:28:00+09:00,15540.0,15540.0,15510.0,15510.0,132,0.0,0.0
2024-09-26 13:30:00+09:00,15560.0,15560.0,15560.0,15560.0,0,0.0,0.0
2024-09-26 13:37:00+09:00,15550.0,15550.0,15550.0,15550.0,0,0.0,0.0
2024-09-26 13:39:00+09:00,15550.0,15550.0,15550.0,15550.0,160,0.0,0.0
2024-09-26 13:40:00+09:00,15550.0,15550.0,15550.0,15550.0,67,0.0,0.0
2024-09-26 13:41:00+09:00,15550.0,15550.0,15550.0,15550.0,0,0.0,0.0
2024-09-26 13:43:00+09:00,15550.0,15550.0,15550.0,15550.0,2,0.0,0.0
2024-09-26 13:44:00+09:00,15540.0,15540.0,15530.0,15530.0,13,0.0,0.0
2024-09-26 13:45:00+09:00,15520.0,15520.0,15500.0,15500.0,302,0.0,0.0
2024-09-26 13:46:00+09:00,15510.0,15510.0,15510.0,15510.0,0,0.0,0.0
2024-09-26 13:48:00+09:00,15520.0,15520.0,15510.0,15510.0,7,0.0,0.0
2024-09-26 13:49:00+09:00,15510.0,15510.0,15510.0,15510.0,14,0.0,0.0
2024-09-26 13:50:00+09:00,15510.0,15510.0,15510.0,15510.0,12,0.0,0.0
2024-09-26 13:51:00+09:00,15500.0,15500.0,15500.0,15500.0,38,0.0,0.0
2024-09-26 13:52:00+09:00,15500.0,15500.0,15500.0,15500.0,50,0.0,0.0
2024-09-26 13:53:00+09:00,15500.0,15500.0,15500.0,15500.0,3,0.0,0.0
2024-09-26 13:57:00+09:00,15510.0,15510.0,15510.0,15510.0,5,0.0,0.0
2024-09-26 13:58:00+09:00,15500.0,15510.0,15490.0,15510.0,405,0.0,0.0
2024-09-26 13:59:00+09:00,15510.0,15510.0,15510.0,15510.0,0,0.0,0.0
2024-09-26 14:00:00+09:00,15490.0,15490.0,15470.0,15470.0,50,0.0,0.0
2024-09-26 14:03:00+09:00,15480.0,15480.0,15480.0,15480.0,15,0.0,0.0
2024-09-26 14:04:00+09:00,15480.0,15480.0,15480.0,15480.0,6,0.0,0.0
2024-09-26 14:05:00+09:00,15480.0,15480.0,15460.0,15460.0,248,0.0,0.0
2024-09-26 14:09:00+09:00,15450.0,15450.0,15450.0,15450.0,2,0.0,0.0
2024-09-26 14:10:00+09:00,15450.0,15450.0,15450.0,15450.0,86,0.0,0.0
2024-09-26 14:11:00+09:00,15450.0,15450.0,15450.0,15450.0,7,0.0,0.0
2024-09-26 14:12:00+09:00,15440.0,15440.0,15440.0,15440.0,101,0.0,0.0
2024-09-26 14:14:00+09:00,15430.0,15430.0,15420.0,15420.0,203,0.0,0.0
2024-09-26 14:15:00+09:00,15420.0,15440.0,15420.0,15440.0,0,0.0,0.0
2024-09-26 14:17:00+09:00,15440.0,15440.0,15440.0,15440.0,0,0.0,0.0
2024-09-26 14:21:00+09:00,15440.0,15440.0,15440.0,15440.0,21,0.0,0.0
2024-09-26 14:22:00+09:00,15500.0,15500.0,15500.0,15500.0,22,0.0,0.0
2024-09-26 14:24:00+09:00,15500.0,15500.0,15500.0,15500.0,0,0.0,0.0
2024-09-26 14:26:00+09:00,15500.0,15500.0,15440.0,15440.0,52,0.0,0.0
2024-09-26 14:27:00+09:00,15510.0,15510.0,15440.0,15510.0,41,0.0,0.0
2024-09-26 14:28:00+09:00,15510.0,15510.0,15510.0,15510.0,85,0.0,0.0
2024-09-26 14:30:00+09:00,15510.0,15510.0,15510.0,15510.0,0,0.0,0.0
2024-09-26 14:32:00+09:00,15500.0,15500.0,15500.0,15500.0,3,0.0,0.0
2024-09-26 14:35:00+09:00,15500.0,15500.0,15500.0,15500.0,4,0.0,0.0
2024-09-26 14:36:00+09:00,15500.0,15500.0,15500.0,15500.0,3,0.0,0.0
2024-09-26 14:37:00+09:00,15500.0,15500.0,15500.0,15500.0,168,0.0,0.0
2024-09-26 14:38:00+09:00,15500.0,15500.0,15500.0,15500.0,0,0.0,0.0
2024-09-26 14:40:00+09:00,15500.0,15500.0,15430.0,15430.0,114,0.0,0.0
2024-09-26 14:42:00+09:00,15430.0,15430.0,15430.0,15430.0,0,0.0,0.0
2024-09-26 14:43:00+09:00,15430.0,15430.0,15420.0,15420.0,33,0.0,0.0
2024-09-26 14:44:00+09:00,15500.0,15500.0,15500.0,15500.0,0,0.0,0.0
2024-09-26 14:45:00+09:00,15500.0,15500.0,15500.0,15500.0,5,0.0,0.0
2024-09-26 14:47:00+09:00,15490.0,15490.0,15490.0,15490.0,0,0.0,0.0
2024-09-26 14:48:00+09:00,15490.0,15490.0,15490.0,15490.0,1,0.0,0.0
2024-09-26 14:49:00+09:00,15480.0,15480.0,15420.0,15480.0,114,0.0,0.0
2024-09-26 14:50:00+09:00,15470.0,15480.0,15470.0,15480.0,100,0.0,0.0
2024-09-26 14:51:00+09:00,15420.0,15420.0,15380.0,15380.0,278,0.0,0.0
2024-09-26 14:52:00+09:00,15370.0,15480.0,15360.0,15480.0,179,0.0,0.0
2024-09-26 14:56:00+09:00,15480.0,15480.0,15480.0,15480.0,104,0.0,0.0
2024-09-26 14:59:00+09:00,15390.0,15390.0,15390.0,15390.0,159,0.0,0.0
2024-09-27 09:00:00+09:00,15860.0,15860.0,15530.0,15830.0,1988,0.0,0.0
2024-09-27 09:01:00+09:00,15830.0,15840.0,15500.0,15520.0,1346,0.0,0.0
2024-09-27 09:02:00+09:00,15520.0,15520.0,15520.0,15520.0,171,0.0,0.0
2024-09-27 09:03:00+09:00,15640.0,15790.0,15530.0,15790.0,131,0.0,0.0
2024-09-27 09:04:00+09:00,15550.0,15780.0,15550.0,15570.0,0,0.0,0.0
2024-09-27 09:05:00+09:00,15740.0,15780.0,15740.0,15780.0,718,0.0,0.0
2024-09-27 09:06:00+09:00,15770.0,15780.0,15610.0,15650.0,302,0.0,0.0
2024-09-27 09:07:00+09:00,15660.0,15660.0,15660.0,15660.0,1,0.0,0.0
2024-09-27 09:08:00+09:00,15660.0,15780.0,15660.0,15780.0,1014,0.0,0.0
2024-09-27 09:09:00+09:00,15780.0,15780.0,15780.0,15780.0,0,0.0,0.0
2024-09-27 09:10:00+09:00,15780.0,15810.0,15770.0,15810.0,756,0.0,0.0
2024-09-27 09:11:00+09:00,15800.0,15930.0,15780.0,15930.0,2539,0.0,0.0
2024-09-27 09:12:00+09:00,15930.0,16340.0,15930.0,16290.0,1676,0.0,0.0
2024-09-27 09:13:00+09:00,16290.0,16340.0,16120.0,16160.0,3704,0.0,0.0
2024-09-27 09:14:00+09:00,16170.0,16440.0,16170.0,16330.0,3197,0.0,0.0
2024-09-27 09:15:00+09:00,16350.0,16900.0,16350.0,16720.0,2959,0.0,0.0
2024-09-27 09:16:00+09:00,16800.0,16900.0,16730.0,16880.0,2638,0.0,0.0
2024-09-27 09:17:00+09:00,16880.0,16880.0,16820.0,16850.0,1350,0.0,0.0
2024-09-27 09:18:00+09:00,16830.0,17120.0,16830.0,17060.0,7416,0.0,0.0
2024-09-27 09:19:00+09:00,17090.0,17090.0,16830.0,16970.0,2412,0.0,0.0
2024-09-27 09:20:00+09:00,16960.0,17060.0,16960.0,16970.0,1716,0.0,0.0
2024-09-27 09:21:00+09:00,16970.0,17060.0,16910.0,16910.0,1696,0.0,0.0
2024-09-27 09:22:00+09:00,16910.0,16950.0,16880.0,16900.0,861,0.0,0.0
2024-09-27 09:23:00+09:00,16890.0,16890.0,16610.0,16610.0,2784,0.0,0.0
2024-09-27 09:24:00+09:00,16610.0,16720.0,16610.0,16720.0,279,0.0,0.0
2024-09-27 09:25:00+09:00,16720.0,16790.0,16680.0,16710.0,2650,0.0,0.0
2024-09-27 09:26:00+09:00,16720.0,16770.0,16720.0,16730.0,647,0.0,0.0
2024-09-27 09:27:00+09:00,16740.0,16740.0,16640.0,16640.0,1352,0.0,0.0
2024-09-27 09:28:00+09:00,16640.0,16640.0,16380.0,16380.0,1776,0.0,0.0
2024-09-27 09:29:00+09:00,16410.0,16500.0,16370.0,16500.0,1074,0.0,0.0
2024-09-27 09:30:00+09:00,16490.0,16490.0,16440.0,16450.0,1,0.0,0.0
2024-09-27 09:31:00+09:00,16450.0,16450.0,16450.0,16450.0,357,0.0,0.0
2024-09-27 09:32:00+09:00,16440.0,16490.0,16400.0,16460.0,101,0.0,0.0
2024-09-27 09:33:00+09:00,16450.0,16660.0,16450.0,16650.0,427,0.0,0.0
2024-09-27 09:34:00+09:00,16650.0,16690.0,16650.0,16690.0,439,0.0,0.0
2024-09-27 09:35:00+09:00,16680.0,16690.0,16640.0,16690.0,1374,0.0,0.0
2024-09-27 09:36:00+09:00,16690.0,16690.0,16630.0,16630.0,93,0.0,0.0
2024-09-27 09:37:00+09:00,16690.0,16690.0,16680.0,16690.0,516,0.0,0.0
2024-09-27 09:38:00+09:00,16690.0,16700.0,16690.0,16700.0,292,0.0,0.0
2024-09-27 09:39:00+09:00,16710.0,16720.0,16600.0,16710.0,1635,0.0,0.0
2024-09-27 09:40:00+09:00,16700.0,16700.0,16700.0,16700.0,0,0.0,0.0
2024-09-27 09:41:00+09:00,16680.0,16680.0,16580.0,16600.0,121,0.0,0.0
2024-09-27 09:42:00+09:00,16580.0,16580.0,16520.0,16520.0,171,0.0,0.0
2024-09-27 09:43:00+09:00,16600.0,16650.0,16600.0,16600.0,622,0.0,0.0
2024-09-27 09:44:00+09:00,16600.0,16600.0,16530.0,16530.0,943,0.0,0.0
2024-09-27 09:45:00+09:00,16520.0,16520.0,16500.0,16500.0,628,0.0,0.0
2024-09-27 09:46:00+09:00,16500.0,16500.0,16450.0,16450.0,418,0.0,0.0
2024-09-27 09:47:00+09:00,16450.0,16460.0,16450.0,16460.0,728,0.0,0.0
2024-09-27 09:48:00+09:00,16500.0,16500.0,16500.0,16500.0,89,0.0,0.0
2024-09-27 09:49:00+09:00,16500.0,16500.0,16460.0,16460.0,36,0.0,0.0
2024-09-27 09:50:00+09:00,16450.0,16450.0,16400.0,16400.0,146,0.0,0.0
2024-09-27 09:51:00+09:00,16440.0,16440.0,16400.0,16400.0,177,0.0,0.0
2024-09-27 09:52:00+09:00,16400.0,16400.0,16390.0,16390.0,130,0.0,0.0
2024-09-27 09:53:00+09:00,16390.0,16390.0,16350.0,16350.0,646,0.0,0.0
2024-09-27 09:54:00+09:00,16340.0,16370.0,16300.0,16350.0,1579,0.0,0.0
2024-09-27 09:55:00+09:00,16310.0,16310.0,16240.0,16240.0,267,0.0,0.0
2024-09-27 09:56:00+09:00,16260.0,16260.0,16150.0,16150.0,949,0.0,0.0
2024-09-27 09:57:00+09:00,16230.0,16260.0,16150.0,16230.0,930,0.0,0.0
2024-09-27 09:58:00+09:00,16240.0,16240.0,16240.0,16240.0,75,0.0,0.0
2024-09-27 09:59:00+09:00,16250.0,16250.0,16230.0,16250.0,75,0.0,0.0
2024-09-27 10:00:00+09:00,16300.0,16300.0,16300.0,16300.0,1,0.0,0.0
2024-09-27 10:01:00+09:00,16300.0,16300.0,16300.0,16300.0,5,0.0,0.0
2024-09-27 10:02:00+09:00,16310.0,16310.0,16310.0,16310.0,149,0.0,0.0
2024-09-27 10:03:00+09:00,16300.0,16300.0,16300.0,16300.0,7,0.0,0.0
2024-09-27 10:04:00+09:00,16240.0,16240.0,16230.0,16230.0,229,0.0,0.0
2024-09-27 10:05:00+09:00,16230.0,16230.0,16230.0,16230.0,0,0.0,0.0
2024-09-27 10:06:00+09:00,16220.0,16220.0,16210.0,16210.0,166,0.0,0.0
2024-09-27 10:07:00+09:00,16210.0,16210.0,16190.0,16200.0,179,0.0,0.0
2024-09-27 10:08:00+09:00,16190.0,16190.0,16180.0,16180.0,266,0.0,0.0
2024-09-27 10:09:00+09:00,16180.0,16180.0,16170.0,16170.0,334,0.0,0.0
2024-09-27 10:10:00+09:00,16160.0,16170.0,16110.0,16110.0,853,0.0,0.0
2024-09-27 10:11:00+09:00,16110.0,16110.0,16100.0,16100.0,374,0.0,0.0
2024-09-27 10:12:00+09:00,16110.0,16110.0,16060.0,16060.0,180,0.0,0.0
2024-09-27 10:13:00+09:00,16060.0,16140.0,16060.0,16090.0,213,0.0,0.0
2024-09-27 10:14:00+09:00,16270.0,16270.0,16090.0,16260.0,212,0.0,0.0
2024-09-27 10:15:00+09:00,16250.0,16250.0,16250.0,16250.0,22,0.0,0.0
2024-09-27 10:16:00+09:00,16180.0,16180.0,16180.0,16180.0,14,0.0,0.0
2024-09-27 10:17:00+09:00,16130.0,16130.0,16130.0,16130.0,38,0.0,0.0
2024-09-27 10:18:00+09:00,16130.0,16130.0,16120.0,16130.0,327,0.0,0.0
2024-09-27 10:21:00+09:00,16150.0,16150.0,16150.0,16150.0,4,0.0,0.0
2024-09-27 10:23:00+09:00,16180.0,16230.0,16180.0,16230.0,132,0.0,0.0
2024-09-27 10:24:00+09:00,16160.0,16160.0,16130.0,16130.0,114,0.0,0.0
2024-09-27 10:27:00+09:00,16130.0,16130.0,16090.0,16090.0,149,0.0,0.0
2024-09-27 10:28:00+09:00,16090.0,16090.0,16090.0,16090.0,119,0.0,0.0
2024-09-27 10:29:00+09:00,16090.0,16090.0,16060.0,16060.0,278,0.0,0.0
2024-09-27 10:30:00+09:00,16070.0,16070.0,16070.0,16070.0,13,0.0,0.0
2024-09-27 10:31:00+09:00,16070.0,16070.0,16070.0,16070.0,232,0.0,0.0
2024-09-27 10:32:00+09:00,16070.0,16090.0,16030.0,16030.0,491,0.0,0.0
2024-09-27 10:33:00+09:00,16030.0,16090.0,16000.0,16090.0,384,0.0,0.0
2024-09-27 10:34:00+09:00,16010.0,16010.0,15970.0,15970.0,797,0.0,0.0
2024-09-27 10:35:00+09:00,15960.0,15960.0,15920.0,15930.0,133,0.0,0.0
2024-09-27 10:36:00+09:00,15920.0,16000.0,15910.0,16000.0,301,0.0,0.0
2024-09-27 10:37:00+09:00,15920.0,15920.0,15870.0,15870.0,487,0.0,0.0
2024-09-27 10:38:00+09:00,15880.0,15880.0,15880.0,15880.0,67,0.0,0.0
2024-09-27 10:39:00+09:00,15990.0,15990.0,15900.0,15900.0,208,0.0,0.0
2024-09-27 10:41:00+09:00,15910.0,15910.0,15890.0,15890.0,333,0.0,0.0
2024-09-27 10:42:00+09:00,15880.0,15900.0,15850.0,15850.0,578,0.0,0.0
2024-09-27 10:43:00+09:00,15840.0,15850.0,15830.0,15830.0,434,0.0,0.0
2024-09-27 10:44:00+09:00,15820.0,15840.0,15790.0,15800.0,891,0.0,0.0
2024-09-27 10:45:00+09:00,15780.0,15850.0,15770.0,15780.0,1,0.0,0.0
2024-09-27 10:46:00+09:00,15780.0,15780.0,15740.0,15740.0,597,0.0,0.0
2024-09-27 10:47:00+09:00,15740.0,15750.0,15740.0,15750.0,140,0.0,0.0
2024-09-27 10:48:00+09:00,15830.0,15830.0,15830.0,15830.0,37,0.0,0.0
2024-09-27 10:49:00+09:00,15830.0,15830.0,15830.0,15830.0,0,0.0,0.0
2024-09-27 10:50:00+09:00,15830.0,15830.0,15830.0,15830.0,25,0.0,0.0
2024-09-27 10:56:00+09:00,15870.0,15950.0,15870.0,15950.0,171,0.0,0.0
2024-09-27 10:57:00+09:00,15950.0,15950.0,15920.0,15920.0,51,0.0,0.0
2024-09-27 10:58:00+09:00,15910.0,15910.0,15910.0,15910.0,10,0.0,0.0
2024-09-27 11:00:00+09:00,15920.0,15920.0,15890.0,15890.0,124,0.0,0.0
2024-09-27 11:01:00+09:00,15890.0,15900.0,15890.0,15900.0,32,0.0,0.0
2024-09-27 11:02:00+09:00,15900.0,15900.0,15890.0,15890.0,1,0.0,0.0
2024-09-27 11:03:00+09:00,15890.0,15890.0,15890.0,15890.0,2,0.0,0.0
2024-09-27 11:04:00+09:00,15890.0,15890.0,15890.0,15890.0,5,0.0,0.0
2024-09-27 11:06:00+09:00,15900.0,15900.0,15900.0,15900.0,4,0.0,0.0
2024-09-27 11:07:00+09:00,15910.0,15920.0,15910.0,15920.0,116,0.0,0.0
2024-09-27 11:08:00+09:00,15930.0,15930.0,15930.0,15930.0,0,0.0,0.0
2024-09-27 11:09:00+09:00,15940.0,15950.0,15940.0,15940.0,50,0.0,0.0
2024-09-27 11:10:00+09:00,15940.0,15950.0,15940.0,15950.0,51,0.0,0.0
2024-09-27 11:11:00+09:00,15960.0,15960.0,15950.0,15950.0,11,0.0,0.0
2024-09-27 11:12:00+09:00,15950.0,15980.0,15950.0,15980.0,120,0.0,0.0
2024-09-27 11:13:00+09:00,15980.0,15980.0,15940.0,15940.0,0,0.0,0.0
2024-09-27 11:14:00+09:00,15940.0,15940.0,15940.0,15940.0,0,0.0,0.0
2024-09-27 11:15:00+09:00,15940.0,15940.0,15940.0,15940.0,9,0.0,0.0
2024-09-27 11:19:00+09:00,15940.0,15940.0,15940.0,15940.0,72,0.0,0.0
2024-09-27 11:20:00+09:00,15960.0,15960.0,15960.0,15960.0,2,0.0,0.0
2024-09-27 11:21:00+09:00,15960.0,15960.0,15950.0,15950.0,41,0.0,0.0
2024-09-27 11:22:00+09:00,15950.0,15950.0,15950.0,15950.0,26,0.0,0.0
2024-09-27 11:23:00+09:00,15950.0,15970.0,15950.0,15970.0,74,0.0,0.0
2024-09-27 11:24:00+09:00,15980.0,15980.0,15980.0,15980.0,0,0.0,0.0
2024-09-27 11:25:00+09:00,15990.0,15990.0,15990.0,15990.0,9,0.0,0.0
2024-09-27 11:26:00+09:00,15990.0,16000.0,15920.0,15920.0,372,0.0,0.0
2024-09-27 11:28:00+09:00,15920.0,15920.0,15900.0,15900.0,101,0.0,0.0
2024-09-27 11:30:00+09:00,15930.0,15930.0,15930.0,15930.0,1,0.0,0.0
2024-09-27 11:31:00+09:00,15930.0,15930.0,15930.0,15930.0,16,0.0,0.0
2024-09-27 11:32:00+09:00,15910.0,15910.0,15910.0,15910.0,12,0.0,0.0
2024-09-27 11:33:00+09:00,15900.0,15900.0,15850.0,15850.0,170,0.0,0.0
2024-09-27 11:34:00+09:00,15850.0,15850.0,15820.0,15820.0,50,0.0,0.0
2024-09-27 11:35:00+09:00,15830.0,15830.0,15830.0,15830.0,2,0.0,0.0
2024-09-27 11:37:00+09:00,15850.0,15850.0,15850.0,15850.0,38,0.0,0.0
2024-09-27 11:39:00+09:00,15850.0,15850.0,15850.0,15850.0,37,0.0,0.0
2024-09-27 11:40:00+09:00,15850.0,15850.0,15850.0,15850.0,2,0.0,0.0
2024-09-27 11:41:00+09:00,15850.0,15850.0,15850.0,15850.0,130,0.0,0.0
2024-09-27 11:42:00+09:00,15850.0,15850.0,15840.0,15840.0,486,0.0,0.0
2024-09-27 11:43:00+09:00,15840.0,15840.0,15840.0,15840.0,0,0.0,0.0
2024-09-27 11:44:00+09:00,15840.0,15840.0,15840.0,15840.0,0,0.0,0.0
2024-09-27 11:47:00+09:00,15860.0,15860.0,15830.0,15840.0,200,0.0,0.0
2024-09-27 11:48:00+09:00,15840.0,15840.0,15840.0,15840.0,13,0.0,0.0
2024-09-27 11:50:00+09:00,15910.0,15910.0,15910.0,15910.0,27,0.0,0.0
2024-09-27 11:51:00+09:00,15910.0,15910.0,15910.0,15910.0,1,0.0,0.0
2024-09-27 11:57:00+09:00,15900.0,15900.0,15900.0,15900.0,22,0.0,0.0
2024-09-27 12:00:00+09:00,15900.0,15900.0,15900.0,15900.0,129,0.0,0.0
2024-09-27 12:01:00+09:00,15900.0,15900.0,15850.0,15850.0,0,0.0,0.0
2024-09-27 12:02:00+09:00,15860.0,15860.0,15860.0,15860.0,9,0.0,0.0
2024-09-27 12:03:00+09:00,15860.0,15860.0,15850.0,15850.0,193,0.0,0.0
2024-09-27 12:04:00+09:00,15850.0,15850.0,15850.0,15850.0,26,0.0,0.0
2024-09-27 12:05:00+09:00,15890.0,15890.0,15880.0,15880.0,58,0.0,0.0
2024-09-27 12:06:00+09:00,15880.0,15880.0,15880.0,15880.0,15,0.0,0.0
2024-09-27 12:07:00+09:00,15880.0,15880.0,15870.0,15870.0,0,0.0,0.0
2024-09-27 12:08:00+09:00,15880.0,15890.0,15880.0,15890.0,19,0.0,0.0
2024-09-27 12:09:00+09:00,15880.0,15880.0,15880.0,15880.0,34,0.0,0.0
2024-09-27 12:10:00+09:00,15870.0,15870.0,15870.0,15870.0,9,0.0,0.0
2024-09-27 12:13:00+09:00,15880.0,15880.0,15880.0,15880.0,0,0.0,0.0
2024-09-27 12:14:00+09:00,15880.0,15880.0,15870.0,15870.0,42,0.0,0.0
2024-09-27 12:17:00+09:00,15870.0,15870.0,15870.0,15870.0,0,0.0,0.0
2024-09-27 12:20:00+09:00,15880.0,15880.0,15880.0,15880.0,1,0.0,0.0
2024-09-27 12:22:00+09:00,15880.0,15880.0,15880.0,15880.0,41,0.0,0.0
2024-09-27 12:23:00+09:00,15890.0,15890.0,15890.0,15890.0,0,0.0,0.0
2024-09-27 12:24:00+09:00,15880.0,15880.0,15880.0,15880.0,38,0.0,0.0
2024-09-27 12:25:00+09:00,15890.0,15890.0,15890.0,15890.0,41,0.0,0.0
2024-09-27 12:26:00+09:00,15890.0,15910.0,15880.0,15880.0,0,0.0,0.0
2024-09-27 12:28:00+09:00,15910.0,15910.0,15910.0,15910.0,54,0.0,0.0
2024-09-27 12:29:00+09:00,15910.0,15910.0,15910.0,15910.0,53,0.0,0.0
2024-09-27 12:30:00+09:00,15910.0,15910.0,15910.0,15910.0,33,0.0,0.0
2024-09-27 12:33:00+09:00,15910.0,15910.0,15910.0,15910.0,5,0.0,0.0
2024-09-27 12:35:00+09:00,15910.0,15910.0,15910.0,15910.0,101,0.0,0.0
2024-09-27 12:37:00+09:00,15920.0,15920.0,15920.0,15920.0,21,0.0,0.0
2024-09-27 12:39:00+09:00,15920.0,15920.0,15920.0,15920.0,40,0.0,0.0
2024-09-27 12:40:00+09:00,15930.0,15930.0,15930.0,15930.0,48,0.0,0.0
2024-09-27 12:41:00+09:00,15930.0,15940.0,15930.0,15940.0,93,0.0,0.0
2024-09-27 12:43:00+09:00,15940.0,15940.0,15940.0,15940.0,0,0.0,0.0
2024-09-27 12:44:00+09:00,15940.0,15940.0,15930.0,15930.0,79,0.0,0.0
2024-09-27 12:45:00+09:00,15930.0,15930.0,15930.0,15930.0,0,0.0,0.0
2024-09-27 12:50:00+09:00,15930.0,15930.0,15880.0,15880.0,916,0.0,0.0
2024-09-27 12:51:00+09:00,15930.0,15930.0,15880.0,15930.0,207,0.0,0.0
2024-09-27 12:52:00+09:00,15930.0,15930.0,15930.0,15930.0,0,0.0,0.0
2024-09-27 12:54:00+09:00,15890.0,15930.0,15890.0,15920.0,56,0.0,0.0
2024-09-27 12:55:00+09:00,15930.0,15960.0,15930.0,15960.0,530,0.0,0.0
2024-09-27 12:56:00+09:00,15980.0,15990.0,15980.0,15990.0,22,0.0,0.0
2024-09-27 12:57:00+09:00,15990.0,16090.0,15990.0,16090.0,1091,0.0,0.0
2024-09-27 12:58:00+09:00,16100.0,16110.0,16100.0,16110.0,0,0.0,0.0
2024-09-27 12:59:00+09:00,16090.0,16090.0,16090.0,16090.0,45,0.0,0.0
2024-09-27 13:00:00+09:00,16090.0,16090.0,16090.0,16090.0,30,0.0,0.0
2024-09-27 13:01:00+09:00,16090.0,16090.0,15880.0,16080.0,197,0.0,0.0
2024-09-27 13:02:00+09:00,16080.0,16080.0,16080.0,16080.0,31,0.0,0.0
2024-09-27 13:03:00+09:00,16070.0,16070.0,16070.0,16070.0,1,0.0,0.0
2024-09-27 13:04:00+09:00,16010.0,16070.0,16010.0,16070.0,178,0.0,0.0
2024-09-27 13:05:00+09:00,16070.0,16070.0,16070.0,16070.0,0,0.0,0.0
2024-09-27 13:06:00+09:00,15940.0,15940.0,15920.0,15920.0,80,0.0,0.0
2024-09-27 13:08:00+09:00,15930.0,15930.0,15930.0,15930.0,0,0.0,0.0
2024-09-27 13:09:00+09:00,15930.0,15930.0,15930.0,15930.0,216,0.0,0.0
2024-09-27 13:10:00+09:00,15930.0,15930.0,15930.0,15930.0,182,0.0,0.0
2024-09-27 13:11:00+09:00,15930.0,15930.0,15920.0,15920.0,0,0.0,0.0
2024-09-27 13:13:00+09:00,16000.0,16000.0,16000.0,16000.0,1,0.0,0.0
2024-09-27 13:14:00+09:00,16000.0,16000.0,16000.0,16000.0,115,0.0,0.0
2024-09-27 13:16:00+09:00,16000.0,16000.0,16000.0,16000.0,0,0.0,0.0
2024-09-27 13:17:00+09:00,16000.0,16000.0,16000.0,16000.0,8,0.0,0.0
2024-09-27 13:18:00+09:00,16000.0,16000.0,15940.0,15940.0,42,0.0,0.0
2024-09-27 13:19:00+09:00,15940.0,15940.0,15940.0,15940.0,81,0.0,0.0
2024-09-27 13:23:00+09:00,16000.0,16000.0,15940.0,15940.0,406,0.0,0.0
2024-09-27 13:24:00+09:00,16000.0,16000.0,16000.0,16000.0,0,0.0,0.0
2024-09-27 13:25:00+09:00,15920.0,15920.0,15890.0,15890.0,393,0.0,0.0
2024-09-27 13:26:00+09:00,15890.0,15890.0,15840.0,15840.0,168,0.0,0.0
2024-09-27 13:32:00+09:00,15860.0,15860.0,15860.0,15860.0,26,0.0,0.0
2024-09-27 13:44:00+09:00,15920.0,15920.0,15920.0,15920.0,0,0.0,0.0
2024-09-27 13:46:00+09:00,15910.0,15910.0,15910.0,15910.0,5,0.0,0.0
2024-09-27 13:48:00+09:00,15910.0,15910.0,15910.0,15910.0,0,0.0,0.0
2024-09-27 13:50:00+09:00,15870.0,15870.0,15860.0,15860.0,297,0.0,0.0
2024-09-27 13:51:00+09:00,15850.0,15850.0,15830.0,15830.0,279,0.0,0.0
2024-09-27 13:54:00+09:00,15820.0,15820.0,15800.0,15800.0,108,0.0,0.0
2024-09-27 13:56:00+09:00,15800.0,15800.0,15800.0,15800.0,134,0.0,0.0
2024-09-27 13:57:00+09:00,15800.0,15800.0,15800.0,15800.0,0,0.0,0.0
2024-09-27 13:58:00+09:00,15800.0,15800.0,15800.0,15800.0,89,0.0,0.0
2024-09-27 13:59:00+09:00,15800.0,15800.0,15800.0,15800.0,80,0.0,0.0
2024-09-27 14:00:00+09:00,15790.0,15790.0,15780.0,15780.0,116,0.0,0.0
2024-09-27 14:01:00+09:00,15770.0,15840.0,15760.0,15760.0,42,0.0,0.0
2024-09-27 14:04:00+09:00,15760.0,15760.0,15760.0,15760.0,0,0.0,0.0
2024-09-27 14:05:00+09:00,15770.0,15770.0,15760.0,15770.0,129,0.0,0.0
2024-09-27 14:06:00+09:00,15760.0,15760.0,15760.0,15760.0,240,0.0,0.0
2024-09-27 14:08:00+09:00,15760.0,15760.0,15750.0,15750.0,154,0.0,0.0
2024-09-27 14:09:00+09:00,15750.0,15760.0,15750.0,15760.0,36,0.0,0.0
2024-09-27 14:11:00+09:00,15770.0,15770.0,15760.0,15760.0,267,0.0,0.0
2024-09-27 14:19:00+09:00,15770.0,15770.0,15770.0,15770.0,114,0.0,0.0
2024-09-27 14:20:00+09:00,15760.0,15760.0,15760.0,15760.0,0,0.0,0.0
2024-09-27 14:21:00+09:00,15760.0,15760.0,15760.0,15760.0,113,0.0,0.0
2024-09-27 14:23:00+09:00,15820.0,15840.0,15820.0,15840.0,30,0.0,0.0
2024-09-27 14:25:00+09:00,15840.0,15840.0,15840.0,15840.0,72,0.0,0.0
2024-09-27 14:27:00+09:00,15850.0,15850.0,15790.0,15790.0,193,0.0,0.0
2024-09-27 14:28:00+09:00,15790.0,15790.0,15760.0,15760.0,140,0.0,0.0
2024-09-27 14:29:00+09:00,15760.0,15850.0,15760.0,15760.0,9,0.0,0.0
2024-09-27 14:30:00+09:00,15760.0,15760.0,15760.0,15760.0,7,0.0,0.0
2024-09-27 14:31:00+09:00,15760.0,15760.0,15720.0,15720.0,301,0.0,0.0
2024-09-27 14:32:00+09:00,15720.0,15720.0,15660.0,15660.0,369,0.0,0.0
2024-09-27 14:33:00+09:00,15670.0,15670.0,15670.0,15670.0,177,0.0,0.0
2024-09-27 14:34:00+09:00,15660.0,15670.0,15660.0,15670.0,0,0.0,0.0
2024-09-27 14:35:00+09:00,15670.0,15670.0,15670.0,15670.0,7,0.0,0.0
2024-09-27 14:36:00+09:00,15670.0,15670.0,15670.0,15670.0,2,0.0,0.0
2024-09-27 14:37:00+09:00,15670.0,15670.0,15660.0,15660.0,9,0.0,0.0
2024-09-27 14:38:00+09:00,15660.0,15660.0,15660.0,15660.0,76,0.0,0.0
2024-09-27 14:39:00+09:00,15660.0,15660.0,15640.0,15640.0,439,0.0,0.0
2024-09-27 14:40:00+09:00,15630.0,15630.0,15630.0,15630.0,34,0.0,0.0
2024-09-27 14:41:00+09:00,15620.0,15620.0,15620.0,15620.0,52,0.0,0.0
2024-09-27 14:43:00+09:00,15610.0,15610.0,15600.0,15600.0,198,0.0,0.0
2024-09-27 14:44:00+09:00,15600.0,15600.0,15600.0,15600.0,0,0.0,0.0
2024-09-27 14:45:00+09:00,15590.0,15590.0,15590.0,15590.0,46,0.0,0.0
2024-09-27 14:46:00+09:00,15570.0,15600.0,15570.0,15580.0,485,0.0,0.0
2024-09-27 14:47:00+09:00,15580.0,15690.0,15580.0,15580.0,0,0.0,0.0
2024-09-27 14:48:00+09:00,15690.0,15690.0,15580.0,15690.0,4,0.0,0.0
2024-09-27 14:49:00+09:00,15680.0,15690.0,15680.0,15690.0,58,0.0,0.0
2024-09-27 14:50:00+09:00,15690.0,15690.0,15690.0,15690.0,0,0.0,0.0
2024-09-27 14:53:00+09:00,15690.0,15690.0,15690.0,15690.0,89,0.0,0.0
2024-09-27 14:57:00+09:00,15690.0,15690.0,15690.0,15690.0,0,0.0,0.0
2024-09-27 14:59:00+09:00,15660.0,15670.0,15660.0,15660.0,54,0.0,0.0
