Datetime,Open,High,Low,Close,Volume,Dividends,Stock Splits
2024-10-14 09:00:00+09:00,2155.0,2160.0,2155.0,2160.0,0,0.0,0.0
2024-10-14 09:01:00+09:00,2160.0,2160.0,2135.0,2145.0,1145,0.0,0.0
2024-10-14 09:02:00+09:00,2145.0,2145.0,2135.0,2135.0,360,0.0,0.0
2024-10-14 09:03:00+09:00,2140.0,2140.0,2130.0,2130.0,2180,0.0,0.0
2024-10-14 09:04:00+09:00,2135.0,2150.0,2135.0,2150.0,139,0.0,0.0
2024-10-14 09:06:00+09:00,2150.0,2150.0,2140.0,2140.0,350,0.0,0.0
2024-10-14 09:07:00+09:00,2140.0,2140.0,2140.0,2140.0,0,0.0,0.0
2024-10-14 09:09:00+09:00,2140.0,2140.0,2135.0,2135.0,657,0.0,0.0
2024-10-14 09:10:00+09:00,2130.0,2130.0,2120.0,2120.0,1810,0.0,0.0
2024-10-14 09:11:00+09:00,2115.0,2115.0,2115.0,2115.0,187,0.0,0.0
2024-10-14 09:12:00+09:00,2115.0,2125.0,2100.0,2125.0,3644,0.0,0.0
2024-10-14 09:13:00+09:00,2120.0,2130.0,2120.0,2130.0,0,0.0,0.0
2024-10-14 09:14:00+09:00,2130.0,2130.0,2105.0,2125.0,2453,0.0,0.0
2024-10-14 09:15:00+09:00,2130.0,2145.0,2125.0,2145.0,2578,0.0,0.0
2024-10-14 09:16:00+09:00,2145.0,2155.0,2135.0,2135.0,691,0.0,0.0
2024-10-14 09:17:00+09:00,2135.0,2135.0,2135.0,2135.0,4579,0.0,0.0
2024-10-14 09:18:00+09:00,2135.0,2150.0,2135.0,2150.0,0,0.0,0.0
2024-10-14 09:19:00+09:00,2150.0,2150.0,2150.0,2150.0,115,0.0,0.0
2024-10-14 09:20:00+09:00,2150.0,2155.0,2135.0,2135.0,5564,0.0,0.0
2024-10-14 09:21:00+09:00,2150.0,2155.0,2150.0,2155.0,0,0.0,0.0
2024-10-14 09:24:00+09:00,2150.0,2150.0,2150.0,2150.0,150,0.0,0.0
2024-10-14 09:25:00+09:00,2140.0,2145.0,2140.0,2145.0,331,0.0,0.0
2024-10-14 09:26:00+09:00,2145.0,2150.0,2145.0,2150.0,505,0.0,0.0
2024-10-14 09:28:00+09:00,2145.0,2145.0,2145.0,2145.0,97,0.0,0.0
2024-10-14 09:30:00+09:00,2140.0,2140.0,2140.0,2140.0,672,0.0,0.0
2024-10-14 09:31:00+09:00,2140.0,2145.0,2140.0,2145.0,4908,0.0,0.0
2024-10-14 09:32:00+09:00,2145.0,2145.0,2145.0,2145.0,0,0.0,0.0
2024-10-14 09:33:00+09:00,2150.0,2150.0,2150.0,2150.0,1,0.0,0.0
2024-10-14 09:35:00+09:00,2150.0,2150.0,2145.0,2150.0,2722,0.0,0.0
2024-10-14 09:36:00+09:00,2150.0,2150.0,2140.0,2140.0,1064,0.0,0.0
2024-10-14 09:37:00+09:00,2145.0,2145.0,2145.0,2145.0,0,0.0,0.0
2024-10-14 09:39:00+09:00,2145.0,2145.0,2145.0,2145.0,10,0.0,0.0
2024-10-14 09:41:00+09:00,2135.0,2145.0,2135.0,2140.0,52,0.0,0.0
2024-10-14 09:42:00+09:00,2140.0,2140.0,2140.0,2140.0,165,0.0,0.0
2024-10-14 09:45:00+09:00,2145.0,2145.0,2140.0,2145.0,265,0.0,0.0
2024-10-14 09:46:00+09:00,2145.0,2145.0,2140.0,2140.0,28,0.0,0.0
2024-10-14 09:47:00+09:00,2140.0,2140.0,2140.0,2140.0,0,0.0,0.0
2024-10-14 09:48:00+09:00,2140.0,2140.0,2140.0,2140.0,2578,0.0,0.0
2024-10-14 09:49:00+09:00,2140.0,2140.0,2140.0,2140.0,7,0.0,0.0
2024-10-14 09:50:00+09:00,2135.0,2140.0,2135.0,2140.0,8,0.0,0.0
2024-10-14 09:51:00+09:00,2140.0,2140.0,2135.0,2135.0,12,0.0,0.0
2024-10-14 09:52:00+09:00,2140.0,2140.0,2140.0,2140.0,10,0.0,0.0
2024-10-14 09:53:00+09:00,2140.0,2140.0,2135.0,2135.0,1037,0.0,0.0
2024-10-14 09:54:00+09:00,2140.0,2140.0,2140.0,2140.0,3426,0.0,0.0
2024-10-14 09:55:00+09:00,2145.0,2145.0,2145.0,2145.0,271,0.0,0.0
2024-10-14 09:56:00+09:00,2150.0,2150.0,2135.0,2150.0,6261,0.0,0.0
2024-10-14 10:00:00+09:00,2140.0,2140.0,2140.0,2140.0,56,0.0,0.0
2024-10-14 10:01:00+09:00,2140.0,2140.0,2140.0,2140.0,65,0.0,0.0
2024-10-14 10:02:00+09:00,2140.0,2140.0,2140.0,2140.0,506,0.0,0.0
2024-10-14 10:03:00+09:00,2140.0,2140.0,2135.0,2140.0,209,0.0,0.0
2024-10-14 10:04:00+09:00,2140.0,2140.0,2140.0,2140.0,29,0.0,0.0
2024-10-14 10:05:00+09:00,2140.0,2140.0,2140.0,2140.0,365,0.0,0.0
2024-10-14 10:06:00+09:00,2135.0,2145.0,2135.0,2145.0,589,0.0,0.0
2024-10-14 10:07:00+09:00,2145.0,2145.0,2145.0,2145.0,9,0.0,0.0
2024-10-14 10:09:00+09:00,2135.0,2135.0,2135.0,2135.0,2,0.0,0.0
2024-10-14 10:12:00+09:00,2145.0,2145.0,2145.0,2145.0,3909,0.0,0.0
2024-10-14 10:13:00+09:00,2135.0,2135.0,2130.0,2130.0,1136,0.0,0.0
2024-10-14 10:15:00+09:00,2130.0,2130.0,2130.0,2130.0,112,0.0,0.0
2024-10-14 10:16:00+09:00,2140.0,2140.0,2140.0,2140.0,0,0.0,0.0
2024-10-14 10:17:00+09:00,2130.0,2130.0,2125.0,2125.0,4775,0.0,0.0
2024-10-14 10:18:00+09:00,2120.0,2120.0,2120.0,2120.0,2723,0.0,0.0
2024-10-14 10:19:00+09:00,2120.0,2120.0,2120.0,2120.0,271,0.0,0.0
2024-10-14 10:20:00+09:00,2115.0,2115.0,2115.0,2115.0,0,0.0,0.0
2024-10-14 10:21:00+09:00,2120.0,2120.0,2120.0,2120.0,50,0.0,0.0
2024-10-14 10:22:00+09:00,2120.0,2120.0,2120.0,2120.0,0,0.0,0.0
2024-10-14 10:23:00+09:00,2115.0,2115.0,2110.0,2110.0,1218,0.0,0.0
2024-10-14 10:24:00+09:00,2110.0,2115.0,2110.0,2115.0,297,0.0,0.0
2024-10-14 10:25:00+09:00,2115.0,2115.0,2100.0,2100.0,10450,0.0,0.0
2024-10-14 10:26:00+09:00,2105.0,2105.0,2105.0,2105.0,2376,0.0,0.0
2024-10-14 10:27:00+09:00,2105.0,2115.0,2105.0,2105.0,2037,0.0,0.0
2024-10-14 10:28:00+09:00,2105.0,2105.0,2100.0,2100.0,4498,0.0,0.0
2024-10-14 10:29:00+09:00,2100.0,2105.0,2100.0,2105.0,0,0.0,0.0
2024-10-14 10:30:00+09:00,2105.0,2105.0,2095.0,2095.0,1799,0.0,0.0
2024-10-14 10:31:00+09:00,2095.0,2100.0,2090.0,2100.0,1038,0.0,0.0
2024-10-14 10:32:00+09:00,2105.0,2105.0,2085.0,2085.0,1794,0.0,0.0
2024-10-14 10:33:00+09:00,2085.0,2085.0,2080.0,2080.0,3807,0.0,0.0
2024-10-14 10:34:00+09:00,2085.0,2085.0,2080.0,2080.0,433,0.0,0.0
2024-10-14 10:35:00+09:00,2080.0,2085.0,2070.0,2075.0,3315,0.0,0.0
2024-10-14 10:36:00+09:00,2075.0,2085.0,2065.0,2085.0,1322,0.0,0.0
2024-10-14 10:37:00+09:00,2075.0,2090.0,2075.0,2090.0,1538,0.0,0.0
2024-10-14 10:41:00+09:00,2090.0,2095.0,2090.0,2095.0,1968,0.0,0.0
2024-10-14 10:43:00+09:00,2090.0,2090.0,2085.0,2085.0,0,0.0,0.0
2024-10-14 10:44:00+09:00,2100.0,2100.0,2100.0,2100.0,0,0.0,0.0
2024-10-14 10:45:00+09:00,2090.0,2090.0,2090.0,2090.0,200,0.0,0.0
2024-10-14 10:47:00+09:00,2090.0,2090.0,2090.0,2090.0,1410,0.0,0.0
2024-10-14 10:48:00+09:00,2095.0,2095.0,2095.0,2095.0,805,0.0,0.0
2024-10-14 10:49:00+09:00,2095.0,2095.0,2095.0,2095.0,0,0.0,0.0
2024-10-14 10:50:00+09:00,2100.0,2110.0,2100.0,2110.0,1133,0.0,0.0
2024-10-14 10:52:00+09:00,2100.0,2100.0,2090.0,2090.0,2836,0.0,0.0
2024-10-14 10:53:00+09:00,2110.0,2110.0,2110.0,2110.0,0,0.0,0.0
2024-10-14 10:55:00+09:00,2095.0,2095.0,2090.0,2090.0,1820,0.0,0.0
2024-10-14 10:57:00+09:00,2110.0,2110.0,2110.0,2110.0,221,0.0,0.0
2024-10-14 10:59:00+09:00,2110.0,2110.0,2110.0,2110.0,2451,0.0,0.0
2024-10-14 11:00:00+09:00,2115.0,2115.0,2115.0,2115.0,668,0.0,0.0
2024-10-14 11:03:00+09:00,2120.0,2120.0,2120.0,2120.0,0,0.0,0.0
2024-10-14 11:05:00+09:00,2115.0,2115.0,2115.0,2115.0,99,0.0,0.0
2024-10-14 11:08:00+09:00,2115.0,2115.0,2115.0,2115.0,0,0.0,0.0
2024-10-14 11:09:00+09:00,2115.0,2115.0,2115.0,2115.0,612,0.0,0.0
2024-10-14 11:10:00+09:00,2120.0,2120.0,2120.0,2120.0,0,0.0,0.0
2024-10-14 11:13:00+09:00,2115.0,2115.0,2115.0,2115.0,599,0.0,0.0
2024-10-14 11:14:00+09:00,2115.0,2115.0,2115.0,2115.0,0,0.0,0.0
2024-10-14 11:15:00+09:00,2115.0,2115.0,2115.0,2115.0,19,0.0,0.0
2024-10-14 11:17:00+09:00,2115.0,2115.0,2115.0,2115.0,26,0.0,0.0
2024-10-14 11:18:00+09:00,2115.0,2115.0,2115.0,2115.0,13,0.0,0.0
2024-10-14 11:19:00+09:00,2115.0,2115.0,2110.0,2110.0,14,0.0,0.0
2024-10-14 11:20:00+09:00,2115.0,2115.0,2110.0,2115.0,728,0.0,0.0
2024-10-14 11:21:00+09:00,2115.0,2115.0,2115.0,2115.0,0,0.0,0.0
2024-10-14 11:22:00+09:00,2125.0,2125.0,2125.0,2125.0,0,0.0,0.0
2024-10-14 11:23:00+09:00,2115.0,2115.0,2115.0,2115.0,10,0.0,0.0
2024-10-14 11:24:00+09:00,2115.0,2115.0,2115.0,2115.0,5,0.0,0.0
2024-10-14 11:25:00+09:00,2110.0,2110.0,2110.0,2110.0,1965,0.0,0.0
2024-10-14 11:27:00+09:00,2110.0,2110.0,2105.0,2105.0,0,0.0,0.0
2024-10-14 11:28:00+09:00,2115.0,2115.0,2115.0,2115.0,348,0.0,0.0
2024-10-14 11:29:00+09:00,2115.0,2115.0,2115.0,2115.0,0,0.0,0.0
2024-10-14 11:30:00+09:00,2115.0,2115.0,2115.0,2115.0,1,0.0,0.0
2024-10-14 11:33:00+09:00,2105.0,2105.0,2100.0,2100.0,400,0.0,0.0
2024-10-14 11:35:00+09:00,2115.0,2115.0,2115.0,2115.0,91,0.0,0.0
2024-10-14 11:37:00+09:00,2115.0,2115.0,2115.0,2115.0,6,0.0,0.0
2024-10-14 11:38:00+09:00,2115.0,2115.0,2115.0,2115.0,15,0.0,0.0
2024-10-14 11:40:00+09:00,2120.0,2125.0,2120.0,2125.0,0,0.0,0.0
2024-10-14 11:42:00+09:00,2125.0,2125.0,2125.0,2125.0,39,0.0,0.0
2024-10-14 11:52:00+09:00,2125.0,2125.0,2125.0,2125.0,68,0.0,0.0
2024-10-14 11:59:00+09:00,2120.0,2120.0,2120.0,2120.0,1312,0.0,0.0
2024-10-14 12:03:00+09:00,2115.0,2115.0,2115.0,2115.0,0,0.0,0.0
2024-10-14 12:04:00+09:00,2110.0,2115.0,2100.0,2115.0,201,0.0,0.0
2024-10-14 12:05:00+09:00,2115.0,2115.0,2115.0,2115.0,187,0.0,0.0
2024-10-14 12:09:00+09:00,2110.0,2110.0,2110.0,2110.0,186,0.0,0.0
2024-10-14 12:11:00+09:00,2115.0,2115.0,2115.0,2115.0,0,0.0,0.0
2024-10-14 12:12:00+09:00,2120.0,2120.0,2115.0,2115.0,57,0.0,0.0
2024-10-14 12:13:00+09:00,2115.0,2115.0,2115.0,2115.0,16,0.0,0.0
2024-10-14 12:14:00+09:00,2115.0,2115.0,2115.0,2115.0,28,0.0,0.0
2024-10-14 12:17:00+09:00,2120.0,2120.0,2120.0,2120.0,0,0.0,0.0
2024-10-14 12:18:00+09:00,2120.0,2120.0,2120.0,2120.0,116,0.0,0.0
2024-10-14 12:21:00+09:00,2120.0,2120.0,2115.0,2120.0,273,0.0,0.0
2024-10-14 12:22:00+09:00,2120.0,2120.0,2120.0,2120.0,19,0.0,0.0
2024-10-14 12:23:00+09:00,2120.0,2120.0,2120.0,2120.0,291,0.0,0.0
2024-10-14 12:24:00+09:00,2120.0,2120.0,2120.0,2120.0,697,0.0,0.0
2024-10-14 12:25:00+09:00,2120.0,2120.0,2120.0,2120.0,280,0.0,0.0
2024-10-14 12:26:00+09:00,2120.0,2120.0,2120.0,2120.0,0,0.0,0.0
2024-10-14 12:27:00+09:00,2125.0,2125.0,2125.0,2125.0,555,0.0,0.0
2024-10-14 12:28:00+09:00,2125.0,2125.0,2125.0,2125.0,96,0.0,0.0
2024-10-14 12:29:00+09:00,2125.0,2125.0,2125.0,2125.0,0,0.0,0.0
2024-10-14 12:30:00+09:00,2125.0,2125.0,2125.0,2125.0,86,0.0,0.0
2024-10-14 12:31:00+09:00,2130.0,2130.0,2130.0,2130.0,79,0.0,0.0
2024-10-14 12:34:00+09:00,2105.0,2105.0,2105.0,2105.0,1950,0.0,0.0
2024-10-14 12:37:00+09:00,2130.0,2130.0,2130.0,2130.0,77,0.0,0.0
2024-10-14 12:44:00+09:00,2120.0,2120.0,2120.0,2120.0,140,0.0,0.0
2024-10-14 12:45:00+09:00,2120.0,2120.0,2115.0,2115.0,391,0.0,0.0
2024-10-14 12:49:00+09:00,2125.0,2125.0,2125.0,2125.0,0,0.0,0.0
2024-10-14 12:50:00+09:00,2120.0,2120.0,2120.0,2120.0,71,0.0,0.0
2024-10-14 12:51:00+09:00,2125.0,2130.0,2125.0,2130.0,0,0.0,0.0
2024-10-14 12:54:00+09:00,2130.0,2130.0,2130.0,2130.0,1,0.0,0.0
2024-10-14 12:57:00+09:00,2120.0,2120.0,2120.0,2120.0,571,0.0,0.0
2024-10-14 12:58:00+09:00,2120.0,2130.0,2120.0,2130.0,0,0.0,0.0
2024-10-14 12:59:00+09:00,2125.0,2125.0,2125.0,2125.0,9,0.0,0.0
2024-10-14 13:00:00+09:00,2125.0,2130.0,2125.0,2125.0,266,0.0,0.0
2024-10-14 13:01:00+09:00,2125.0,2130.0,2125.0,2130.0,4,0.0,0.0
2024-10-14 13:02:00+09:00,2125.0,2125.0,2125.0,2125.0,227,0.0,0.0
2024-10-14 13:03:00+09:00,2125.0,2125.0,2125.0,2125.0,0,0.0,0.0
2024-10-14 13:04:00+09:00,2125.0,2125.0,2125.0,2125.0,11,0.0,0.0
2024-10-14 13:05:00+09:00,2125.0,2125.0,2125.0,2125.0,28,0.0,0.0
2024-10-14 13:06:00+09:00,2125.0,2125.0,2125.0,2125.0,35,0.0,0.0
2024-10-14 13:07:00+09:00,2125.0,2125.0,2120.0,2120.0,142,0.0,0.0
2024-10-14 13:08:00+09:00,2125.0,2125.0,2125.0,2125.0,0,0.0,0.0
2024-10-14 13:09:00+09:00,2125.0,2125.0,2125.0,2125.0,24,0.0,0.0
2024-10-14 13:10:00+09:00,2125.0,2125.0,2110.0,2120.0,1852,0.0,0.0
2024-10-14 13:11:00+09:00,2125.0,2125.0,2100.0,2100.0,2295,0.0,0.0
2024-10-14 13:12:00+09:00,2120.0,2120.0,2120.0,2120.0,645,0.0,0.0
2024-10-14 13:13:00+09:00,2120.0,2120.0,2120.0,2120.0,1,0.0,0.0
2024-10-14 13:16:00+09:00,2125.0,2125.0,2125.0,2125.0,738,0.0,0.0
2024-10-14 13:17:00+09:00,2120.0,2125.0,2120.0,2125.0,0,0.0,0.0
2024-10-14 13:18:00+09:00,2125.0,2125.0,2125.0,2125.0,26,0.0,0.0
2024-10-14 13:19:00+09:00,2130.0,2130.0,2130.0,2130.0,0,0.0,0.0
2024-10-14 13:23:00+09:00,2125.0,2125.0,2125.0,2125.0,65,0.0,0.0
2024-10-14 13:25:00+09:00,2130.0,2130.0,2130.0,2130.0,0,0.0,0.0
2024-10-14 13:26:00+09:00,2125.0,2125.0,2125.0,2125.0,49,0.0,0.0
2024-10-14 13:28:00+09:00,2125.0,2125.0,2125.0,2125.0,466,0.0,0.0
2024-10-14 13:29:00+09:00,2130.0,2130.0,2130.0,2130.0,0,0.0,0.0
2024-10-14 13:30:00+09:00,2125.0,2130.0,2125.0,2130.0,166,0.0,0.0
2024-10-14 13:32:00+09:00,2125.0,2125.0,2125.0,2125.0,0,0.0,0.0
2024-10-14 13:36:00+09:00,2130.0,2130.0,2130.0,2130.0,80,0.0,0.0
2024-10-14 13:37:00+09:00,2130.0,2130.0,2130.0,2130.0,0,0.0,0.0
2024-10-14 13:38:00+09:00,2130.0,2130.0,2130.0,2130.0,74,0.0,0.0
2024-10-14 13:39:00+09:00,2125.0,2125.0,2125.0,2125.0,1,0.0,0.0
2024-10-14 13:40:00+09:00,2130.0,2130.0,2130.0,2130.0,27,0.0,0.0
2024-10-14 13:41:00+09:00,2130.0,2130.0,2130.0,2130.0,80,0.0,0.0
2024-10-14 13:43:00+09:00,2130.0,2130.0,2130.0,2130.0,32,0.0,0.0
2024-10-14 13:45:00+09:00,2125.0,2125.0,2125.0,2125.0,163,0.0,0.0
2024-10-14 13:47:00+09:00,2130.0,2130.0,2130.0,2130.0,0,0.0,0.0
2024-10-14 13:48:00+09:00,2130.0,2130.0,2130.0,2130.0,33,0.0,0.0
2024-10-14 13:49:00+09:00,2130.0,2130.0,2130.0,2130.0,0,0.0,0.0
2024-10-14 13:50:00+09:00,2130.0,2130.0,2130.0,2130.0,72,0.0,0.0
2024-10-14 13:51:00+09:00,2130.0,2130.0,2130.0,2130.0,0,0.0,0.0
2024-10-14 13:54:00+09:00,2130.0,2130.0,2130.0,2130.0,6,0.0,0.0
2024-10-14 13:55:00+09:00,2130.0,2130.0,2130.0,2130.0,597,0.0,0.0
2024-10-14 13:56:00+09:00,2130.0,2130.0,2130.0,2130.0,0,0.0,0.0
2024-10-14 13:57:00+09:00,2135.0,2135.0,2135.0,2135.0,0,0.0,0.0
2024-10-14 13:58:00+09:00,2135.0,2140.0,2125.0,2140.0,394,0.0,0.0
2024-10-14 14:06:00+09:00,2140.0,2145.0,2140.0,2145.0,637,0.0,0.0
2024-10-14 14:10:00+09:00,2145.0,2145.0,2145.0,2145.0,40,0.0,0.0
2024-10-14 14:13:00+09:00,2130.0,2145.0,2130.0,2145.0,33,0.0,0.0
2024-10-14 14:14:00+09:00,2145.0,2145.0,2140.0,2140.0,6,0.0,0.0
2024-10-14 14:16:00+09:00,2145.0,2145.0,2145.0,2145.0,1,0.0,0.0
2024-10-14 14:18:00+09:00,2140.0,2140.0,2140.0,2140.0,1,0.0,0.0
2024-10-14 14:19:00+09:00,2135.0,2135.0,2135.0,2135.0,1,0.0,0.0
2024-10-14 14:20:00+09:00,2130.0,2140.0,2130.0,2140.0,72,0.0,0.0
2024-10-14 14:21:00+09:00,2130.0,2130.0,2130.0,2130.0,10,0.0,0.0
2024-10-14 14:24:00+09:00,2135.0,2140.0,2135.0,2140.0,12,0.0,0.0
2024-10-14 14:25:00+09:00,2130.0,2130.0,2130.0,2130.0,599,0.0,0.0
2024-10-14 14:27:00+09:00,2140.0,2140.0,2140.0,2140.0,0,0.0,0.0
2024-10-14 14:28:00+09:00,2140.0,2140.0,2135.0,2135.0,97,0.0,0.0
2024-10-14 14:29:00+09:00,2135.0,2135.0,2135.0,2135.0,22,0.0,0.0
2024-10-14 14:30:00+09:00,2135.0,2135.0,2135.0,2135.0,47,0.0,0.0
2024-10-14 14:32:00+09:00,2135.0,2135.0,2135.0,2135.0,27,0.0,0.0
2024-10-14 14:33:00+09:00,2135.0,2135.0,2135.0,2135.0,33,0.0,0.0
2024-10-14 14:34:00+09:00,2135.0,2135.0,2135.0,2135.0,45,0.0,0.0
2024-10-14 14:35:00+09:00,2135.0,2135.0,2135.0,2135.0,133,0.0,0.0
2024-10-14 14:36:00+09:00,2135.0,2135.0,2135.0,2135.0,192,0.0,0.0
2024-10-14 14:37:00+09:00,2135.0,2135.0,2135.0,2135.0,40,0.0,0.0
2024-10-14 14:38:00+09:00,2135.0,2145.0,2135.0,2145.0,26,0.0,0.0
2024-10-14 14:40:00+09:00,2135.0,2135.0,2135.0,2135.0,33,0.0,0.0
2024-10-14 14:41:00+09:00,2135.0,2145.0,2135.0,2145.0,138,0.0,0.0
2024-10-14 14:44:00+09:00,2140.0,2140.0,2140.0,2140.0,1,0.0,0.0
2024-10-14 14:45:00+09:00,2140.0,2140.0,2140.0,2140.0,199,0.0,0.0
2024-10-14 14:46:00+09:00,2140.0,2140.0,2140.0,2140.0,0,0.0,0.0
2024-10-14 14:47:00+09:00,2145.0,2145.0,2140.0,2140.0,0,0.0,0.0
2024-10-14 14:48:00+09:00,2145.0,2145.0,2145.0,2145.0,10,0.0,0.0
2024-10-14 14:52:00+09:00,2145.0,2145.0,2145.0,2145.0,1,0.0,0.0
2024-10-14 14:54:00+09:00,2145.0,2145.0,2145.0,2145.0,1800,0.0,0.0
2024-10-14 14:57:00+09:00,2145.0,2145.0,2145.0,2145.0,0,0.0,0.0
2024-10-15 09:00:00+09:00,2125.0,2125.0,2125.0,2125.0,2238,0.0,0.0
2024-10-15 09:01:00+09:00,2145.0,2160.0,2145.0,2160.0,1253,0.0,0.0
2024-10-15 09:02:00+09:00,2160.0,2160.0,2135.0,2135.0,0,0.0,0.0
2024-10-15 09:03:00+09:00,2155.0,2155.0,2155.0,2155.0,0,0.0,0.0
2024-10-15 09:07:00+09:00,2155.0,2155.0,2155.0,2155.0,208,0.0,0.0
2024-10-15 09:09:00+09:00,2150.0,2155.0,2150.0,2155.0,19,0.0,0.0
2024-10-15 09:10:00+09:00,2155.0,2155.0,2155.0,2155.0,0,0.0,0.0
2024-10-15 09:11:00+09:00,2155.0,2160.0,2155.0,2155.0,157,0.0,0.0
2024-10-15 09:12:00+09:00,2155.0,2155.0,2155.0,2155.0,5,0.0,0.0
2024-10-15 09:13:00+09:00,2155.0,2165.0,2155.0,2165.0,1209,0.0,0.0
2024-10-15 09:14:00+09:00,2165.0,2165.0,2165.0,2165.0,12,0.0,0.0
2024-10-15 09:15:00+09:00,2165.0,2165.0,2165.0,2165.0,7,0.0,0.0
2024-10-15 09:17:00+09:00,2155.0,2155.0,2155.0,2155.0,7,0.0,0.0
2024-10-15 09:18:00+09:00,2155.0,2170.0,2155.0,2170.0,1877,0.0,0.0
2024-10-15 09:19:00+09:00,2165.0,2170.0,2165.0,2170.0,1295,0.0,0.0
2024-10-15 09:21:00+09:00,2150.0,2165.0,2135.0,2165.0,181,0.0,0.0
2024-10-15 09:23:00+09:00,2145.0,2145.0,2145.0,2145.0,36,0.0,0.0
2024-10-15 09:24:00+09:00,2145.0,2145.0,2145.0,2145.0,28,0.0,0.0
2024-10-15 09:26:00+09:00,2145.0,2145.0,2135.0,2135.0,4517,0.0,0.0
2024-10-15 09:28:00+09:00,2135.0,2135.0,2135.0,2135.0,0,0.0,0.0
2024-10-15 09:29:00+09:00,2140.0,2140.0,2140.0,2140.0,331,0.0,0.0
2024-10-15 09:30:00+09:00,2150.0,2160.0,2150.0,2160.0,563,0.0,0.0
2024-10-15 09:31:00+09:00,2155.0,2155.0,2155.0,2155.0,69,0.0,0.0
2024-10-15 09:32:00+09:00,2155.0,2155.0,2155.0,2155.0,76,0.0,0.0
2024-10-15 09:33:00+09:00,2155.0,2155.0,2155.0,2155.0,5,0.0,0.0
2024-10-15 09:34:00+09:00,2145.0,2145.0,2135.0,2135.0,178,0.0,0.0
2024-10-15 09:35:00+09:00,2150.0,2150.0,2150.0,2150.0,1000,0.0,0.0
2024-10-15 09:36:00+09:00,2145.0,2145.0,2145.0,2145.0,0,0.0,0.0
2024-10-15 09:39:00+09:00,2150.0,2150.0,2150.0,2150.0,74,0.0,0.0
2024-10-15 09:40:00+09:00,2150.0,2150.0,2140.0,2150.0,50,0.0,0.0
2024-10-15 09:41:00+09:00,2150.0,2150.0,2135.0,2150.0,81,0.0,0.0
2024-10-15 09:42:00+09:00,2150.0,2155.0,2150.0,2155.0,966,0.0,0.0
2024-10-15 09:43:00+09:00,2150.0,2155.0,2150.0,2155.0,724,0.0,0.0
2024-10-15 09:44:00+09:00,2160.0,2160.0,2160.0,2160.0,0,0.0,0.0
2024-10-15 09:45:00+09:00,2150.0,2150.0,2150.0,2150.0,1,0.0,0.0
2024-10-15 09:47:00+09:00,2150.0,2150.0,2150.0,2150.0,1,0.0,0.0
2024-10-15 09:49:00+09:00,2140.0,2140.0,2140.0,2140.0,1381,0.0,0.0
2024-10-15 09:51:00+09:00,2135.0,2140.0,2135.0,2140.0,12,0.0,0.0
2024-10-15 09:52:00+09:00,2135.0,2140.0,2135.0,2140.0,533,0.0,0.0
2024-10-15 09:53:00+09:00,2140.0,2140.0,2140.0,2140.0,60,0.0,0.0
2024-10-15 09:54:00+09:00,2140.0,2140.0,2140.0,2140.0,82,0.0,0.0
2024-10-15 09:56:00+09:00,2140.0,2140.0,2140.0,2140.0,94,0.0,0.0
2024-10-15 09:57:00+09:00,2140.0,2140.0,2140.0,2140.0,110,0.0,0.0
2024-10-15 09:59:00+09:00,2150.0,2150.0,2150.0,2150.0,0,0.0,0.0
2024-10-15 10:04:00+09:00,2140.0,2140.0,2140.0,2140.0,40,0.0,0.0
2024-10-15 10:05:00+09:00,2140.0,2140.0,2135.0,2135.0,2044,0.0,0.0
2024-10-15 10:06:00+09:00,2130.0,2130.0,2110.0,2110.0,2868,0.0,0.0
2024-10-15 10:07:00+09:00,2110.0,2125.0,2110.0,2125.0,1577,0.0,0.0
2024-10-15 10:08:00+09:00,2120.0,2120.0,2115.0,2115.0,188,0.0,0.0
2024-10-15 10:10:00+09:00,2115.0,2115.0,2100.0,2100.0,2880,0.0,0.0
2024-10-15 10:11:00+09:00,2095.0,2095.0,2090.0,2090.0,17791,0.0,0.0
2024-10-15 10:12:00+09:00,2125.0,2125.0,2125.0,2125.0,0,0.0,0.0
2024-10-15 10:14:00+09:00,2125.0,2125.0,2125.0,2125.0,136,0.0,0.0
2024-10-15 10:15:00+09:00,2120.0,2120.0,2115.0,2115.0,0,0.0,0.0
2024-10-15 10:16:00+09:00,2115.0,2115.0,2115.0,2115.0,10,0.0,0.0
2024-10-15 10:18:00+09:00,2120.0,2120.0,2120.0,2120.0,38,0.0,0.0
2024-10-15 10:19:00+09:00,2120.0,2125.0,2120.0,2125.0,7,0.0,0.0
2024-10-15 10:20:00+09:00,2125.0,2125.0,2125.0,2125.0,448,0.0,0.0
2024-10-15 10:21:00+09:00,2135.0,2135.0,2135.0,2135.0,38,0.0,0.0
2024-10-15 10:23:00+09:00,2125.0,2130.0,2125.0,2130.0,1656,0.0,0.0
2024-10-15 10:24:00+09:00,2130.0,2130.0,2130.0,2130.0,0,0.0,0.0
2024-10-15 10:25:00+09:00,2125.0,2125.0,2125.0,2125.0,0,0.0,0.0
2024-10-15 10:27:00+09:00,2130.0,2135.0,2120.0,2120.0,28,0.0,0.0
2024-10-15 10:28:00+09:00,2120.0,2120.0,2120.0,2120.0,1,0.0,0.0
2024-10-15 10:29:00+09:00,2125.0,2135.0,2125.0,2135.0,3,0.0,0.0
2024-10-15 10:30:00+09:00,2125.0,2125.0,2110.0,2110.0,420,0.0,0.0
2024-10-15 10:33:00+09:00,2120.0,2120.0,2120.0,2120.0,0,0.0,0.0
2024-10-15 10:34:00+09:00,2135.0,2135.0,2125.0,2125.0,0,0.0,0.0
2024-10-15 10:35:00+09:00,2135.0,2135.0,2135.0,2135.0,170,0.0,0.0
2024-10-15 10:36:00+09:00,2120.0,2120.0,2120.0,2120.0,95,0.0,0.0
2024-10-15 10:37:00+09:00,2125.0,2125.0,2125.0,2125.0,545,0.0,0.0
2024-10-15 10:39:00+09:00,2125.0,2125.0,2125.0,2125.0,96,0.0,0.0
2024-10-15 10:40:00+09:00,2135.0,2135.0,2135.0,2135.0,1,0.0,0.0
2024-10-15 10:43:00+09:00,2120.0,2120.0,2120.0,2120.0,11,0.0,0.0
2024-10-15 10:44:00+09:00,2135.0,2135.0,2135.0,2135.0,0,0.0,0.0
2024-10-15 10:47:00+09:00,2125.0,2125.0,2125.0,2125.0,108,0.0,0.0
2024-10-15 10:50:00+09:00,2125.0,2125.0,2125.0,2125.0,20,0.0,0.0
2024-10-15 10:52:00+09:00,2130.0,2130.0,2130.0,2130.0,0,0.0,0.0
2024-10-15 10:55:00+09:00,2130.0,2135.0,2130.0,2135.0,103,0.0,0.0
2024-10-15 10:57:00+09:00,2125.0,2125.0,2125.0,2125.0,0,0.0,0.0
2024-10-15 10:59:00+09:00,2125.0,2125.0,2125.0,2125.0,5,0.0,0.0
2024-10-15 11:00:00+09:00,2120.0,2120.0,2120.0,2120.0,17,0.0,0.0
2024-10-15 11:01:00+09:00,2125.0,2125.0,2120.0,2120.0,748,0.0,0.0
2024-10-15 11:02:00+09:00,2120.0,2130.0,2120.0,2130.0,0,0.0,0.0
2024-10-15 11:03:00+09:00,2130.0,2130.0,2130.0,2130.0,3,0.0,0.0
2024-10-15 11:04:00+09:00,2130.0,2130.0,2130.0,2130.0,20,0.0,0.0
2024-10-15 11:06:00+09:00,2130.0,2130.0,2125.0,2125.0,148,0.0,0.0
2024-10-15 11:07:00+09:00,2120.0,2120.0,2120.0,2120.0,0,0.0,0.0
2024-10-15 11:10:00+09:00,2125.0,2125.0,2125.0,2125.0,2,0.0,0.0
2024-10-15 11:11:00+09:00,2125.0,2125.0,2125.0,2125.0,109,0.0,0.0
2024-10-15 11:13:00+09:00,2125.0,2125.0,2125.0,2125.0,0,0.0,0.0
2024-10-15 11:15:00+09:00,2130.0,2130.0,2130.0,2130.0,1,0.0,0.0
2024-10-15 11:19:00+09:00,2125.0,2125.0,2125.0,2125.0,38,0.0,0.0
2024-10-15 11:21:00+09:00,2125.0,2125.0,2125.0,2125.0,44,0.0,0.0
2024-10-15 11:22:00+09:00,2125.0,2125.0,2125.0,2125.0,266,0.0,0.0
2024-10-15 11:24:00+09:00,2130.0,2130.0,2130.0,2130.0,489,0.0,0.0
2024-10-15 11:25:00+09:00,2125.0,2125.0,2125.0,2125.0,1013,0.0,0.0
2024-10-15 11:26:00+09:00,2125.0,2125.0,2125.0,2125.0,0,0.0,0.0
2024-10-15 11:27:00+09:00,2130.0,2130.0,2130.0,2130.0,0,0.0,0.0
2024-10-15 11:28:00+09:00,2130.0,2130.0,2130.0,2130.0,1027,0.0,0.0
2024-10-15 11:31:00+09:00,2130.0,2130.0,2130.0,2130.0,0,0.0,0.0
2024-10-15 11:33:00+09:00,2135.0,2135.0,2135.0,2135.0,404,0.0,0.0
2024-10-15 11:36:00+09:00,2130.0,2130.0,2130.0,2130.0,52,0.0,0.0
2024-10-15 11:37:00+09:00,2125.0,2125.0,2125.0,2125.0,84,0.0,0.0
2024-10-15 11:38:00+09:00,2130.0,2130.0,2130.0,2130.0,2,0.0,0.0
2024-10-15 11:39:00+09:00,2130.0,2130.0,2130.0,2130.0,1024,0.0,0.0
2024-10-15 11:43:00+09:00,2120.0,2120.0,2120.0,2120.0,991,0.0,0.0
2024-10-15 11:44:00+09:00,2120.0,2120.0,2120.0,2120.0,236,0.0,0.0
2024-10-15 11:45:00+09:00,2130.0,2130.0,2130.0,2130.0,0,0.0,0.0
2024-10-15 11:47:00+09:00,2125.0,2125.0,2120.0,2120.0,747,0.0,0.0
2024-10-15 11:53:00+09:00,2130.0,2130.0,2130.0,2130.0,0,0.0,0.0
2024-10-15 11:55:00+09:00,2120.0,2135.0,2120.0,2135.0,203,0.0,0.0
2024-10-15 11:57:00+09:00,2125.0,2125.0,2125.0,2125.0,1567,0.0,0.0
2024-10-15 12:00:00+09:00,2125.0,2135.0,2125.0,2135.0,0,0.0,0.0
2024-10-15 12:03:00+09:00,2130.0,2130.0,2130.0,2130.0,259,0.0,0.0
2024-10-15 12:04:00+09:00,2130.0,2130.0,2130.0,2130.0,0,0.0,0.0
2024-10-15 12:07:00+09:00,2130.0,2130.0,2130.0,2130.0,72,0.0,0.0
2024-10-15 12:09:00+09:00,2130.0,2130.0,2130.0,2130.0,32,0.0,0.0
2024-10-15 12:11:00+09:00,2130.0,2130.0,2130.0,2130.0,608,0.0,0.0
2024-10-15 12:13:00+09:00,2135.0,2135.0,2135.0,2135.0,0,0.0,0.0
2024-10-15 12:16:00+09:00,2135.0,2135.0,2135.0,2135.0,0,0.0,0.0
2024-10-15 12:20:00+09:00,2135.0,2135.0,2135.0,2135.0,46,0.0,0.0
2024-10-15 12:26:00+09:00,2130.0,2130.0,2130.0,2130.0,34,0.0,0.0
2024-10-15 12:27:00+09:00,2135.0,2135.0,2135.0,2135.0,0,0.0,0.0
2024-10-15 12:29:00+09:00,2135.0,2135.0,2135.0,2135.0,9,0.0,0.0
2024-10-15 12:35:00+09:00,2130.0,2130.0,2130.0,2130.0,25,0.0,0.0
2024-10-15 12:36:00+09:00,2130.0,2135.0,2130.0,2135.0,15,0.0,0.0
2024-10-15 12:37:00+09:00,2130.0,2130.0,2130.0,2130.0,3,0.0,0.0
2024-10-15 12:39:00+09:00,2135.0,2140.0,2135.0,2140.0,313,0.0,0.0
2024-10-15 12:46:00+09:00,2135.0,2135.0,2135.0,2135.0,1,0.0,0.0
2024-10-15 12:47:00+09:00,2135.0,2135.0,2135.0,2135.0,2905,0.0,0.0
2024-10-15 12:48:00+09:00,2140.0,2140.0,2140.0,2140.0,0,0.0,0.0
2024-10-15 12:51:00+09:00,2140.0,2140.0,2140.0,2140.0,932,0.0,0.0
2024-10-15 12:53:00+09:00,2140.0,2140.0,2140.0,2140.0,0,0.0,0.0
2024-10-15 12:54:00+09:00,2140.0,2140.0,2140.0,2140.0,22,0.0,0.0
2024-10-15 12:55:00+09:00,2140.0,2140.0,2140.0,2140.0,198,0.0,0.0
2024-10-15 12:58:00+09:00,2140.0,2140.0,2140.0,2140.0,1740,0.0,0.0
2024-10-15 13:00:00+09:00,2135.0,2140.0,2130.0,2140.0,0,0.0,0.0
2024-10-15 13:06:00+09:00,2145.0,2145.0,2145.0,2145.0,4,0.0,0.0
2024-10-15 13:07:00+09:00,2145.0,2145.0,2145.0,2145.0,1,0.0,0.0
2024-10-15 13:09:00+09:00,2145.0,2145.0,2145.0,2145.0,704,0.0,0.0
2024-10-15 13:10:00+09:00,2135.0,2135.0,2130.0,2130.0,0,0.0,0.0
2024-10-15 13:12:00+09:00,2130.0,2130.0,2130.0,2130.0,1661,0.0,0.0
2024-10-15 13:14:00+09:00,2130.0,2130.0,2125.0,2125.0,1307,0.0,0.0
2024-10-15 13:16:00+09:00,2140.0,2140.0,2135.0,2140.0,0,0.0,0.0
2024-10-15 13:20:00+09:00,2135.0,2135.0,2135.0,2135.0,11,0.0,0.0
2024-10-15 13:23:00+09:00,2135.0,2135.0,2135.0,2135.0,300,0.0,0.0
2024-10-15 13:25:00+09:00,2135.0,2135.0,2135.0,2135.0,80,0.0,0.0
2024-10-15 13:28:00+09:00,2135.0,2135.0,2135.0,2135.0,0,0.0,0.0
2024-10-15 13:30:00+09:00,2135.0,2145.0,2135.0,2145.0,844,0.0,0.0
2024-10-15 13:32:00+09:00,2135.0,2135.0,2135.0,2135.0,55,0.0,0.0
2024-10-15 13:34:00+09:00,2140.0,2140.0,2140.0,2140.0,0,0.0,0.0
2024-10-15 13:39:00+09:00,2140.0,2140.0,2140.0,2140.0,394,0.0,0.0
2024-10-15 13:41:00+09:00,2140.0,2140.0,2140.0,2140.0,958,0.0,0.0
2024-10-15 13:43:00+09:00,2140.0,2140.0,2095.0,2120.0,6564,0.0,0.0
2024-10-15 13:44:00+09:00,2120.0,2120.0,2120.0,2120.0,764,0.0,0.0
2024-10-15 13:45:00+09:00,2125.0,2125.0,2120.0,2125.0,0,0.0,0.0
2024-10-15 13:47:00+09:00,2125.0,2125.0,2125.0,2125.0,499,0.0,0.0
2024-10-15 13:52:00+09:00,2125.0,2125.0,2125.0,2125.0,500,0.0,0.0
2024-10-15 13:58:00+09:00,2130.0,2130.0,2130.0,2130.0,822,0.0,0.0
2024-10-15 14:03:00+09:00,2125.0,2125.0,2125.0,2125.0,0,0.0,0.0
2024-10-15 14:08:00+09:00,2130.0,2130.0,2130.0,2130.0,100,0.0,0.0
2024-10-15 14:15:00+09:00,2130.0,2130.0,2130.0,2130.0,0,0.0,0.0
2024-10-15 14:16:00+09:00,2130.0,2130.0,2130.0,2130.0,294,0.0,0.0
2024-10-15 14:19:00+09:00,2135.0,2135.0,2135.0,2135.0,0,0.0,0.0
2024-10-15 14:22:00+09:00,2135.0,2135.0,2135.0,2135.0,44,0.0,0.0
2024-10-15 14:23:00+09:00,2135.0,2135.0,2135.0,2135.0,580,0.0,0.0
2024-10-15 14:24:00+09:00,2140.0,2140.0,2140.0,2140.0,0,0.0,0.0
2024-10-15 14:25:00+09:00,2135.0,2140.0,2135.0,2135.0,134,0.0,0.0
2024-10-15 14:27:00+09:00,2140.0,2140.0,2140.0,2140.0,0,0.0,0.0
2024-10-15 14:28:00+09:00,2140.0,2140.0,2140.0,2140.0,1327,0.0,0.0
2024-10-15 14:29:00+09:00,2140.0,2140.0,2140.0,2140.0,0,0.0,0.0
2024-10-15 14:30:00+09:00,2135.0,2140.0,2135.0,2140.0,750,0.0,0.0
2024-10-15 14:31:00+09:00,2135.0,2135.0,2135.0,2135.0,6,0.0,0.0
2024-10-15 14:34:00+09:00,2130.0,2140.0,2130.0,2140.0,51,0.0,0.0
2024-10-15 14:40:00+09:00,2140.0,2140.0,2140.0,2140.0,19,0.0,0.0
2024-10-15 14:44:00+09:00,2140.0,2140.0,2130.0,2130.0,40,0.0,0.0
2024-10-15 14:48:00+09:00,2135.0,2140.0,2135.0,2140.0,0,0.0,0.0
2024-10-15 14:50:00+09:00,2130.0,2130.0,2130.0,2130.0,22,0.0,0.0
2024-10-15 14:52:00+09:00,2135.0,2135.0,2135.0,2135.0,0,0.0,0.0
2024-10-15 14:53:00+09:00,2135.0,2135.0,2135.0,2135.0,2,0.0,0.0
2024-10-15 14:54:00+09:00,2135.0,2135.0,2135.0,2135.0,99,0.0,0.0
2024-10-15 14:56:00+09:00,2130.0,2130.0,2130.0,2130.0,616,0.0,0.0
2024-10-15 14:57:00+09:00,2125.0,2125.0,2125.0,2125.0,896,0.0,0.0
2024-10-15 14:59:00+09:00,2125.0,2125.0,2125.0,2125.0,0,0.0,0.0
2024-10-16 09:00:00+09:00,2150.0,2160.0,2150.0,2160.0,221,0.0,0.0
2024-10-16 09:01:00+09:00,2150.0,2150.0,2140.0,2150.0,2734,0.0,0.0
2024-10-16 09:02:00+09:00,2140.0,2140.0,2115.0,2130.0,1305,0.0,0.0
2024-10-16 09:03:00+09:00,2135.0,2160.0,2135.0,2160.0,28,0.0,0.0
2024-10-16 09:04:00+09:00,2145.0,2145.0,2110.0,2140.0,1581,0.0,0.0
2024-10-16 09:05:00+09:00,2135.0,2145.0,2095.0,2095.0,5502,0.0,0.0
2024-10-16 09:06:00+09:00,2115.0,2125.0,2115.0,2115.0,0,0.0,0.0
2024-10-16 09:07:00+09:00,2115.0,2120.0,2100.0,2120.0,135,0.0,0.0
2024-10-16 09:08:00+09:00,2120.0,2120.0,2040.0,2095.0,10288,0.0,0.0
2024-10-16 09:09:00+09:00,2100.0,2110.0,2100.0,2110.0,984,0.0,0.0
2024-10-16 09:10:00+09:00,2110.0,2115.0,2105.0,2105.0,767,0.0,0.0
2024-10-16 09:11:00+09:00,2105.0,2110.0,2105.0,2110.0,305,0.0,0.0
2024-10-16 09:12:00+09:00,2105.0,2105.0,2090.0,2090.0,835,0.0,0.0
2024-10-16 09:13:00+09:00,2110.0,2110.0,2100.0,2100.0,0,0.0,0.0
2024-10-16 09:14:00+09:00,2105.0,2105.0,2105.0,2105.0,169,0.0,0.0
2024-10-16 09:15:00+09:00,2105.0,2105.0,2100.0,2100.0,324,0.0,0.0
2024-10-16 09:16:00+09:00,2105.0,2105.0,2105.0,2105.0,0,0.0,0.0
2024-10-16 09:17:00+09:00,2105.0,2110.0,2100.0,2110.0,297,0.0,0.0
2024-10-16 09:18:00+09:00,2110.0,2110.0,2110.0,2110.0,63,0.0,0.0
2024-10-16 09:19:00+09:00,2110.0,2115.0,2110.0,2115.0,326,0.0,0.0
2024-10-16 09:20:00+09:00,2115.0,2115.0,2115.0,2115.0,0,0.0,0.0
2024-10-16 09:21:00+09:00,2115.0,2120.0,2115.0,2120.0,1111,0.0,0.0
2024-10-16 09:22:00+09:00,2125.0,2145.0,2125.0,2140.0,2105,0.0,0.0
2024-10-16 09:23:00+09:00,2140.0,2140.0,2130.0,2135.0,828,0.0,0.0
2024-10-16 09:24:00+09:00,2135.0,2135.0,2130.0,2130.0,268,0.0,0.0
2024-10-16 09:26:00+09:00,2130.0,2130.0,2130.0,2130.0,554,0.0,0.0
2024-10-16 09:28:00+09:00,2130.0,2130.0,2120.0,2120.0,1863,0.0,0.0
2024-10-16 09:29:00+09:00,2135.0,2135.0,2135.0,2135.0,0,0.0,0.0
2024-10-16 09:37:00+09:00,2125.0,2125.0,2125.0,2125.0,19,0.0,0.0
2024-10-16 09:38:00+09:00,2130.0,2130.0,2115.0,2130.0,95,0.0,0.0
2024-10-16 09:40:00+09:00,2130.0,2130.0,2130.0,2130.0,207,0.0,0.0
2024-10-16 09:41:00+09:00,2135.0,2135.0,2135.0,2135.0,0,0.0,0.0
2024-10-16 09:42:00+09:00,2135.0,2135.0,2135.0,2135.0,1890,0.0,0.0
2024-10-16 09:43:00+09:00,2135.0,2135.0,2135.0,2135.0,0,0.0,0.0
2024-10-16 09:44:00+09:00,2135.0,2135.0,2135.0,2135.0,905,0.0,0.0
2024-10-16 09:45:00+09:00,2130.0,2130.0,2130.0,2130.0,279,0.0,0.0
2024-10-16 09:48:00+09:00,2130.0,2130.0,2130.0,2130.0,0,0.0,0.0
2024-10-16 09:49:00+09:00,2125.0,2130.0,2125.0,2130.0,106,0.0,0.0
2024-10-16 09:51:00+09:00,2135.0,2135.0,2135.0,2135.0,0,0.0,0.0
2024-10-16 09:53:00+09:00,2130.0,2130.0,2130.0,2130.0,10,0.0,0.0
2024-10-16 09:54:00+09:00,2130.0,2130.0,2125.0,2125.0,936,0.0,0.0
2024-10-16 09:55:00+09:00,2130.0,2135.0,2130.0,2135.0,98,0.0,0.0
2024-10-16 09:56:00+09:00,2130.0,2135.0,2130.0,2130.0,122,0.0,0.0
2024-10-16 09:57:00+09:00,2130.0,2135.0,2130.0,2135.0,0,0.0,0.0
2024-10-16 09:58:00+09:00,2130.0,2130.0,2130.0,2130.0,31,0.0,0.0
2024-10-16 10:01:00+09:00,2125.0,2135.0,2115.0,2130.0,736,0.0,0.0
2024-10-16 10:04:00+09:00,2125.0,2130.0,2120.0,2130.0,801,0.0,0.0
2024-10-16 10:06:00+09:00,2135.0,2135.0,2135.0,2135.0,103,0.0,0.0
2024-10-16 10:08:00+09:00,2135.0,2135.0,2135.0,2135.0,30,0.0,0.0
2024-10-16 10:09:00+09:00,2130.0,2130.0,2130.0,2130.0,10,0.0,0.0
2024-10-16 10:10:00+09:00,2130.0,2135.0,2130.0,2135.0,496,0.0,0.0
2024-10-16 10:12:00+09:00,2135.0,2140.0,2135.0,2135.0,10179,0.0,0.0
2024-10-16 10:13:00+09:00,2140.0,2140.0,2140.0,2140.0,0,0.0,0.0
2024-10-16 10:14:00+09:00,2140.0,2140.0,2140.0,2140.0,9,0.0,0.0
2024-10-16 10:15:00+09:00,2135.0,2135.0,2135.0,2135.0,0,0.0,0.0
2024-10-16 10:17:00+09:00,2135.0,2135.0,2130.0,2130.0,32,0.0,0.0
2024-10-16 10:18:00+09:00,2140.0,2140.0,2140.0,2140.0,0,0.0,0.0
2024-10-16 10:19:00+09:00,2140.0,2140.0,2140.0,2140.0,100,0.0,0.0
2024-10-16 10:20:00+09:00,2140.0,2140.0,2140.0,2140.0,362,0.0,0.0
2024-10-16 10:22:00+09:00,2145.0,2145.0,2145.0,2145.0,0,0.0,0.0
2024-10-16 10:24:00+09:00,2145.0,2145.0,2145.0,2145.0,18,0.0,0.0
2024-10-16 10:26:00+09:00,2130.0,2145.0,2130.0,2145.0,558,0.0,0.0
2024-10-16 10:27:00+09:00,2145.0,2145.0,2145.0,2145.0,873,0.0,0.0
2024-10-16 10:29:00+09:00,2140.0,2140.0,2140.0,2140.0,0,0.0,0.0
2024-10-16 10:30:00+09:00,2140.0,2140.0,2140.0,2140.0,6520,0.0,0.0
2024-10-16 10:34:00+09:00,2140.0,2140.0,2140.0,2140.0,0,0.0,0.0
2024-10-16 10:40:00+09:00,2140.0,2140.0,2140.0,2140.0,18,0.0,0.0
2024-10-16 10:46:00+09:00,2135.0,2135.0,2135.0,2135.0,0,0.0,0.0
2024-10-16 10:48:00+09:00,2130.0,2135.0,2130.0,2135.0,2,0.0,0.0
2024-10-16 10:50:00+09:00,2140.0,2140.0,2140.0,2140.0,552,0.0,0.0
2024-10-16 10:54:00+09:00,2140.0,2140.0,2140.0,2140.0,485,0.0,0.0
2024-10-16 10:56:00+09:00,2140.0,2140.0,2140.0,2140.0,95,0.0,0.0
2024-10-16 10:57:00+09:00,2140.0,2140.0,2140.0,2140.0,150,0.0,0.0
2024-10-16 10:59:00+09:00,2140.0,2145.0,2140.0,2145.0,0,0.0,0.0
2024-10-16 11:01:00+09:00,2145.0,2145.0,2145.0,2145.0,99,0.0,0.0
2024-10-16 11:05:00+09:00,2145.0,2145.0,2145.0,2145.0,92,0.0,0.0
2024-10-16 11:06:00+09:00,2125.0,2125.0,2075.0,2095.0,5489,0.0,0.0
2024-10-16 11:07:00+09:00,2115.0,2140.0,2115.0,2140.0,421,0.0,0.0
2024-10-16 11:08:00+09:00,2115.0,2115.0,2110.0,2115.0,2401,0.0,0.0
2024-10-16 11:09:00+09:00,2115.0,2115.0,2110.0,2110.0,0,0.0,0.0
2024-10-16 11:11:00+09:00,2115.0,2115.0,2115.0,2115.0,1183,0.0,0.0
2024-10-16 11:12:00+09:00,2110.0,2110.0,2110.0,2110.0,0,0.0,0.0
2024-10-16 11:13:00+09:00,2120.0,2120.0,2120.0,2120.0,0,0.0,0.0
2024-10-16 11:14:00+09:00,2125.0,2125.0,2125.0,2125.0,0,0.0,0.0
2024-10-16 11:16:00+09:00,2125.0,2130.0,2125.0,2125.0,957,0.0,0.0
2024-10-16 11:17:00+09:00,2135.0,2135.0,2135.0,2135.0,893,0.0,0.0
2024-10-16 11:22:00+09:00,2135.0,2140.0,2135.0,2140.0,0,0.0,0.0
2024-10-16 11:25:00+09:00,2135.0,2135.0,2135.0,2135.0,21,0.0,0.0
2024-10-16 11:26:00+09:00,2135.0,2135.0,2135.0,2135.0,9,0.0,0.0
2024-10-16 11:30:00+09:00,2130.0,2130.0,2130.0,2130.0,416,0.0,0.0
2024-10-16 11:31:00+09:00,2130.0,2135.0,2130.0,2135.0,792,0.0,0.0
2024-10-16 11:34:00+09:00,2125.0,2135.0,2125.0,2135.0,7,0.0,0.0
2024-10-16 11:35:00+09:00,2135.0,2135.0,2135.0,2135.0,199,0.0,0.0
2024-10-16 11:36:00+09:00,2135.0,2135.0,2135.0,2135.0,0,0.0,0.0
2024-10-16 11:38:00+09:00,2135.0,2135.0,2135.0,2135.0,80,0.0,0.0
2024-10-16 11:39:00+09:00,2135.0,2135.0,2135.0,2135.0,12,0.0,0.0
2024-10-16 11:42:00+09:00,2125.0,2125.0,2125.0,2125.0,1,0.0,0.0
2024-10-16 11:43:00+09:00,2135.0,2135.0,2135.0,2135.0,1,0.0,0.0
2024-10-16 11:44:00+09:00,2135.0,2140.0,2135.0,2140.0,877,0.0,0.0
2024-10-16 11:45:00+09:00,2140.0,2140.0,2140.0,2140.0,481,0.0,0.0
2024-10-16 11:46:00+09:00,2140.0,2140.0,2140.0,2140.0,662,0.0,0.0
2024-10-16 11:47:00+09:00,2140.0,2140.0,2140.0,2140.0,927,0.0,0.0
2024-10-16 11:49:00+09:00,2140.0,2150.0,2140.0,2150.0,2886,0.0,0.0
2024-10-16 11:50:00+09:00,2155.0,2160.0,2155.0,2160.0,1059,0.0,0.0
2024-10-16 11:51:00+09:00,2155.0,2205.0,2155.0,2205.0,6313,0.0,0.0
2024-10-16 11:52:00+09:00,2200.0,2205.0,2185.0,2205.0,4412,0.0,0.0
2024-10-16 11:53:00+09:00,2190.0,2195.0,2180.0,2185.0,1427,0.0,0.0
2024-10-16 11:54:00+09:00,2180.0,2195.0,2175.0,2195.0,2673,0.0,0.0
2024-10-16 11:55:00+09:00,2195.0,2195.0,2175.0,2185.0,0,0.0,0.0
2024-10-16 11:56:00+09:00,2185.0,2190.0,2185.0,2185.0,169,0.0,0.0
2024-10-16 11:57:00+09:00,2185.0,2195.0,2185.0,2195.0,153,0.0,0.0
2024-10-16 11:58:00+09:00,2190.0,2200.0,2190.0,2200.0,616,0.0,0.0
2024-10-16 11:59:00+09:00,2200.0,2200.0,2190.0,2195.0,1785,0.0,0.0
2024-10-16 12:00:00+09:00,2190.0,2195.0,2190.0,2195.0,281,0.0,0.0
2024-10-16 12:02:00+09:00,2190.0,2190.0,2190.0,2190.0,255,0.0,0.0
2024-10-16 12:03:00+09:00,2185.0,2190.0,2185.0,2185.0,68,0.0,0.0
2024-10-16 12:04:00+09:00,2190.0,2210.0,2190.0,2190.0,3731,0.0,0.0
2024-10-16 12:05:00+09:00,2190.0,2205.0,2190.0,2190.0,2569,0.0,0.0
2024-10-16 12:06:00+09:00,2200.0,2220.0,2195.0,2200.0,3101,0.0,0.0
2024-10-16 12:07:00+09:00,2220.0,2235.0,2205.0,2205.0,8704,0.0,0.0
2024-10-16 12:08:00+09:00,2200.0,2250.0,2190.0,2190.0,10176,0.0,0.0
2024-10-16 12:09:00+09:00,2210.0,2215.0,2180.0,2185.0,1253,0.0,0.0
2024-10-16 12:10:00+09:00,2200.0,2210.0,2185.0,2190.0,3522,0.0,0.0
2024-10-16 12:11:00+09:00,2200.0,2200.0,2190.0,2195.0,0,0.0,0.0
2024-10-16 12:12:00+09:00,2185.0,2195.0,2185.0,2195.0,372,0.0,0.0
2024-10-16 12:13:00+09:00,2195.0,2205.0,2190.0,2205.0,139,0.0,0.0
2024-10-16 12:14:00+09:00,2195.0,2205.0,2185.0,2205.0,3,0.0,0.0
2024-10-16 12:15:00+09:00,2195.0,2205.0,2190.0,2205.0,1929,0.0,0.0
2024-10-16 12:16:00+09:00,2195.0,2195.0,2190.0,2190.0,1181,0.0,0.0
2024-10-16 12:17:00+09:00,2185.0,2190.0,2180.0,2190.0,1679,0.0,0.0
2024-10-16 12:18:00+09:00,2185.0,2190.0,2170.0,2170.0,5209,0.0,0.0
2024-10-16 12:19:00+09:00,2170.0,2175.0,2165.0,2170.0,2697,0.0,0.0
2024-10-16 12:20:00+09:00,2170.0,2185.0,2170.0,2185.0,1141,0.0,0.0
2024-10-16 12:21:00+09:00,2175.0,2185.0,2170.0,2185.0,657,0.0,0.0
2024-10-16 12:23:00+09:00,2180.0,2180.0,2180.0,2180.0,34,0.0,0.0
2024-10-16 12:24:00+09:00,2180.0,2180.0,2160.0,2160.0,1751,0.0,0.0
2024-10-16 12:25:00+09:00,2180.0,2180.0,2150.0,2155.0,911,0.0,0.0
2024-10-16 12:26:00+09:00,2155.0,2170.0,2155.0,2170.0,329,0.0,0.0
2024-10-16 12:27:00+09:00,2165.0,2175.0,2165.0,2175.0,197,0.0,0.0
2024-10-16 12:28:00+09:00,2170.0,2170.0,2165.0,2165.0,13,0.0,0.0
2024-10-16 12:29:00+09:00,2165.0,2170.0,2165.0,2170.0,660,0.0,0.0
2024-10-16 12:30:00+09:00,2165.0,2165.0,2165.0,2165.0,332,0.0,0.0
2024-10-16 12:32:00+09:00,2170.0,2170.0,2160.0,2160.0,1627,0.0,0.0
2024-10-16 12:33:00+09:00,2165.0,2165.0,2165.0,2165.0,0,0.0,0.0
2024-10-16 12:34:00+09:00,2165.0,2165.0,2165.0,2165.0,603,0.0,0.0
2024-10-16 12:35:00+09:00,2170.0,2170.0,2170.0,2170.0,0,0.0,0.0
2024-10-16 12:36:00+09:00,2165.0,2165.0,2165.0,2165.0,0,0.0,0.0
2024-10-16 12:38:00+09:00,2170.0,2175.0,2170.0,2175.0,563,0.0,0.0
2024-10-16 12:39:00+09:00,2175.0,2175.0,2175.0,2175.0,794,0.0,0.0
2024-10-16 12:40:00+09:00,2180.0,2180.0,2180.0,2180.0,0,0.0,0.0
2024-10-16 12:41:00+09:00,2180.0,2180.0,2180.0,2180.0,0,0.0,0.0
2024-10-16 12:46:00+09:00,2180.0,2180.0,2180.0,2180.0,950,0.0,0.0
2024-10-16 12:47:00+09:00,2180.0,2180.0,2180.0,2180.0,112,0.0,0.0
2024-10-16 12:49:00+09:00,2180.0,2180.0,2180.0,2180.0,2,0.0,0.0
2024-10-16 12:50:00+09:00,2175.0,2175.0,2175.0,2175.0,746,0.0,0.0
2024-10-16 12:53:00+09:00,2170.0,2170.0,2170.0,2170.0,400,0.0,0.0
2024-10-16 12:54:00+09:00,2170.0,2170.0,2170.0,2170.0,1200,0.0,0.0
2024-10-16 12:56:00+09:00,2170.0,2170.0,2170.0,2170.0,0,0.0,0.0
2024-10-16 12:57:00+09:00,2170.0,2170.0,2170.0,2170.0,0,0.0,0.0
2024-10-16 12:58:00+09:00,2170.0,2170.0,2170.0,2170.0,15,0.0,0.0
2024-10-16 12:59:00+09:00,2170.0,2175.0,2170.0,2175.0,131,0.0,0.0
2024-10-16 13:00:00+09:00,2170.0,2170.0,2170.0,2170.0,610,0.0,0.0
2024-10-16 13:01:00+09:00,2165.0,2170.0,2165.0,2170.0,659,0.0,0.0
2024-10-16 13:02:00+09:00,2170.0,2170.0,2170.0,2170.0,0,0.0,0.0
2024-10-16 13:03:00+09:00,2165.0,2165.0,2165.0,2165.0,903,0.0,0.0
2024-10-16 13:04:00+09:00,2170.0,2170.0,2170.0,2170.0,1108,0.0,0.0
2024-10-16 13:05:00+09:00,2170.0,2170.0,2170.0,2170.0,88,0.0,0.0
2024-10-16 13:06:00+09:00,2165.0,2165.0,2165.0,2165.0,0,0.0,0.0
2024-10-16 13:07:00+09:00,2175.0,2175.0,2175.0,2175.0,10,0.0,0.0
2024-10-16 13:08:00+09:00,2170.0,2175.0,2170.0,2175.0,697,0.0,0.0
2024-10-16 13:09:00+09:00,2175.0,2175.0,2175.0,2175.0,89,0.0,0.0
2024-10-16 13:10:00+09:00,2175.0,2175.0,2175.0,2175.0,85,0.0,0.0
2024-10-16 13:11:00+09:00,2175.0,2175.0,2165.0,2165.0,2527,0.0,0.0
2024-10-16 13:12:00+09:00,2160.0,2175.0,2160.0,2175.0,0,0.0,0.0
2024-10-16 13:15:00+09:00,2175.0,2175.0,2175.0,2175.0,30,0.0,0.0
2024-10-16 13:16:00+09:00,2175.0,2175.0,2175.0,2175.0,170,0.0,0.0
2024-10-16 13:23:00+09:00,2160.0,2160.0,2160.0,2160.0,1733,0.0,0.0
2024-10-16 13:24:00+09:00,2155.0,2155.0,2155.0,2155.0,0,0.0,0.0
2024-10-16 13:25:00+09:00,2155.0,2155.0,2155.0,2155.0,100,0.0,0.0
2024-10-16 13:26:00+09:00,2155.0,2155.0,2155.0,2155.0,100,0.0,0.0
2024-10-16 13:27:00+09:00,2170.0,2170.0,2170.0,2170.0,0,0.0,0.0
2024-10-16 13:31:00+09:00,2155.0,2155.0,2150.0,2150.0,758,0.0,0.0
2024-10-16 13:32:00+09:00,2155.0,2155.0,2150.0,2150.0,0,0.0,0.0
2024-10-16 13:35:00+09:00,2170.0,2170.0,2170.0,2170.0,1,0.0,0.0
2024-10-16 13:39:00+09:00,2155.0,2155.0,2155.0,2155.0,72,0.0,0.0
2024-10-16 13:40:00+09:00,2160.0,2165.0,2160.0,2165.0,1142,0.0,0.0
2024-10-16 13:41:00+09:00,2165.0,2165.0,2165.0,2165.0,188,0.0,0.0
2024-10-16 13:42:00+09:00,2170.0,2170.0,2170.0,2170.0,476,0.0,0.0
2024-10-16 13:43:00+09:00,2170.0,2170.0,2155.0,2155.0,663,0.0,0.0
2024-10-16 13:45:00+09:00,2160.0,2160.0,2160.0,2160.0,0,0.0,0.0
2024-10-16 13:46:00+09:00,2160.0,2160.0,2160.0,2160.0,580,0.0,0.0
2024-10-16 13:47:00+09:00,2175.0,2175.0,2175.0,2175.0,0,0.0,0.0
2024-10-16 13:56:00+09:00,2160.0,2160.0,2160.0,2160.0,77,0.0,0.0
2024-10-16 13:59:00+09:00,2165.0,2165.0,2165.0,2165.0,208,0.0,0.0
2024-10-16 14:00:00+09:00,2175.0,2175.0,2175.0,2175.0,0,0.0,0.0
2024-10-16 14:01:00+09:00,2175.0,2175.0,2175.0,2175.0,0,0.0,0.0
2024-10-16 14:02:00+09:00,2175.0,2175.0,2175.0,2175.0,99,0.0,0.0
2024-10-16 14:04:00+09:00,2160.0,2160.0,2160.0,2160.0,80,0.0,0.0
2024-10-16 14:09:00+09:00,2175.0,2175.0,2175.0,2175.0,6,0.0,0.0
2024-10-16 14:10:00+09:00,2170.0,2170.0,2160.0,2160.0,418,0.0,0.0
2024-10-16 14:14:00+09:00,2160.0,2160.0,2160.0,2160.0,0,0.0,0.0
2024-10-16 14:24:00+09:00,2160.0,2160.0,2160.0,2160.0,15,0.0,0.0
2024-10-16 14:25:00+09:00,2165.0,2165.0,2160.0,2160.0,260,0.0,0.0
2024-10-16 14:26:00+09:00,2170.0,2175.0,2170.0,2175.0,0,0.0,0.0
2024-10-16 14:27:00+09:00,2175.0,2175.0,2175.0,2175.0,19,0.0,0.0
2024-10-16 14:28:00+09:00,2160.0,2160.0,2160.0,2160.0,450,0.0,0.0
2024-10-16 14:30:00+09:00,2160.0,2160.0,2160.0,2160.0,0,0.0,0.0
2024-10-16 14:31:00+09:00,2160.0,2160.0,2160.0,2160.0,25,0.0,0.0
2024-10-16 14:33:00+09:00,2160.0,2160.0,2160.0,2160.0,0,0.0,0.0
2024-10-16 14:34:00+09:00,2160.0,2160.0,2160.0,2160.0,2,0.0,0.0
2024-10-16 14:35:00+09:00,2160.0,2160.0,2160.0,2160.0,291,0.0,0.0
2024-10-16 14:37:00+09:00,2170.0,2170.0,2170.0,2170.0,10,0.0,0.0
2024-10-16 14:38:00+09:00,2160.0,2160.0,2160.0,2160.0,0,0.0,0.0
2024-10-16 14:39:00+09:00,2160.0,2160.0,2160.0,2160.0,19,0.0,0.0
2024-10-16 14:40:00+09:00,2160.0,2170.0,2160.0,2170.0,0,0.0,0.0
2024-10-16 14:43:00+09:00,2165.0,2165.0,2165.0,2165.0,679,0.0,0.0
2024-10-16 14:44:00+09:00,2165.0,2170.0,2165.0,2170.0,0,0.0,0.0
2024-10-16 14:48:00+09:00,2165.0,2170.0,2165.0,2170.0,101,0.0,0.0
2024-10-16 14:49:00+09:00,2170.0,2170.0,2170.0,2170.0,0,0.0,0.0
2024-10-16 14:50:00+09:00,2175.0,2175.0,2175.0,2175.0,161788,0.0,0.0
2024-10-16 14:51:00+09:00,2175.0,2175.0,2175.0,2175.0,1440,0.0,0.0
2024-10-16 14:52:00+09:00,2170.0,2170.0,2170.0,2170.0,3012,0.0,0.0
2024-10-16 14:54:00+09:00,2170.0,2170.0,2170.0,2170.0,174,0.0,0.0
2024-10-16 14:57:00+09:00,2175.0,2175.0,2175.0,2175.0,0,0.0,0.0
2024-10-16 14:58:00+09:00,2180.0,2180.0,2175.0,2175.0,11,0.0,0.0
2024-10-16 14:59:00+09:00,2175.0,2175.0,2175.0,2175.0,10,0.0,0.0
2024-10-17 09:00:00+09:00,2185.0,2185.0,2185.0,2185.0,2696,0.0,0.0
2024-10-17 09:01:00+09:00,2185.0,2185.0,2185.0,2185.0,0,0.0,0.0
2024-10-17 09:02:00+09:00,2170.0,2170.0,2165.0,2165.0,1827,0.0,0.0
2024-10-17 09:03:00+09:00,2165.0,2165.0,2160.0,2160.0,490,0.0,0.0
2024-10-17 09:04:00+09:00,2160.0,2160.0,2155.0,2155.0,149,0.0,0.0
2024-10-17 09:06:00+09:00,2165.0,2180.0,2165.0,2180.0,419,0.0,0.0
2024-10-17 09:07:00+09:00,2165.0,2165.0,2165.0,2165.0,629,0.0,0.0
2024-10-17 09:09:00+09:00,2165.0,2165.0,2155.0,2155.0,692,0.0,0.0
2024-10-17 09:10:00+09:00,2155.0,2155.0,2155.0,2155.0,255,0.0,0.0
2024-10-17 09:12:00+09:00,2155.0,2155.0,2155.0,2155.0,1138,0.0,0.0
2024-10-17 09:14:00+09:00,2155.0,2170.0,2155.0,2170.0,0,0.0,0.0
2024-10-17 09:15:00+09:00,2175.0,2190.0,2165.0,2180.0,337,0.0,0.0
2024-10-17 09:16:00+09:00,2180.0,2180.0,2155.0,2155.0,1849,0.0,0.0
2024-10-17 09:17:00+09:00,2155.0,2165.0,2155.0,2165.0,0,0.0,0.0
2024-10-17 09:18:00+09:00,2160.0,2165.0,2160.0,2165.0,1003,0.0,0.0
2024-10-17 09:19:00+09:00,2155.0,2155.0,2150.0,2150.0,1260,0.0,0.0
2024-10-17 09:20:00+09:00,2150.0,2150.0,2150.0,2150.0,0,0.0,0.0
2024-10-17 09:23:00+09:00,2155.0,2160.0,2155.0,2160.0,511,0.0,0.0
2024-10-17 09:24:00+09:00,2150.0,2150.0,2150.0,2150.0,628,0.0,0.0
2024-10-17 09:28:00+09:00,2150.0,2150.0,2140.0,2140.0,1253,0.0,0.0
2024-10-17 09:29:00+09:00,2140.0,2140.0,2140.0,2140.0,77,0.0,0.0
2024-10-17 09:33:00+09:00,2140.0,2140.0,2140.0,2140.0,100,0.0,0.0
2024-10-17 09:34:00+09:00,2145.0,2145.0,2145.0,2145.0,87,0.0,0.0
2024-10-17 09:35:00+09:00,2140.0,2140.0,2140.0,2140.0,1726,0.0,0.0
2024-10-17 09:36:00+09:00,2140.0,2140.0,2140.0,2140.0,0,0.0,0.0
2024-10-17 09:37:00+09:00,2140.0,2140.0,2140.0,2140.0,1143,0.0,0.0
2024-10-17 09:38:00+09:00,2140.0,2140.0,2140.0,2140.0,1280,0.0,0.0
2024-10-17 09:39:00+09:00,2140.0,2140.0,2140.0,2140.0,0,0.0,0.0
2024-10-17 09:40:00+09:00,2150.0,2150.0,2150.0,2150.0,31,0.0,0.0
2024-10-17 09:41:00+09:00,2140.0,2150.0,2140.0,2150.0,0,0.0,0.0
2024-10-17 09:42:00+09:00,2140.0,2150.0,2130.0,2150.0,1152,0.0,0.0
2024-10-17 09:44:00+09:00,2150.0,2150.0,2150.0,2150.0,1,0.0,0.0
2024-10-17 09:45:00+09:00,2150.0,2150.0,2150.0,2150.0,139,0.0,0.0
2024-10-17 09:47:00+09:00,2135.0,2135.0,2135.0,2135.0,0,0.0,0.0
2024-10-17 09:48:00+09:00,2150.0,2150.0,2150.0,2150.0,0,0.0,0.0
2024-10-17 09:49:00+09:00,2140.0,2140.0,2140.0,2140.0,499,0.0,0.0
2024-10-17 09:51:00+09:00,2135.0,2135.0,2135.0,2135.0,1334,0.0,0.0
2024-10-17 09:52:00+09:00,2135.0,2145.0,2125.0,2145.0,1543,0.0,0.0
2024-10-17 09:55:00+09:00,2130.0,2130.0,2130.0,2130.0,887,0.0,0.0
2024-10-17 09:57:00+09:00,2130.0,2135.0,2120.0,2135.0,6393,0.0,0.0
2024-10-17 09:58:00+09:00,2120.0,2120.0,2120.0,2120.0,0,0.0,0.0
2024-10-17 09:59:00+09:00,2135.0,2135.0,2120.0,2120.0,0,0.0,0.0
2024-10-17 10:00:00+09:00,2125.0,2125.0,2125.0,2125.0,15,0.0,0.0
2024-10-17 10:01:00+09:00,2125.0,2130.0,2125.0,2130.0,296,0.0,0.0
2024-10-17 10:02:00+09:00,2130.0,2130.0,2130.0,2130.0,8,0.0,0.0
2024-10-17 10:03:00+09:00,2125.0,2130.0,2125.0,2130.0,39,0.0,0.0
2024-10-17 10:05:00+09:00,2125.0,2135.0,2125.0,2135.0,2760,0.0,0.0
2024-10-17 10:09:00+09:00,2130.0,2130.0,2130.0,2130.0,200,0.0,0.0
2024-10-17 10:10:00+09:00,2140.0,2140.0,2140.0,2140.0,282,0.0,0.0
2024-10-17 10:13:00+09:00,2140.0,2140.0,2140.0,2140.0,0,0.0,0.0
2024-10-17 10:15:00+09:00,2135.0,2135.0,2135.0,2135.0,117,0.0,0.0
2024-10-17 10:16:00+09:00,2140.0,2140.0,2140.0,2140.0,190,0.0,0.0
2024-10-17 10:17:00+09:00,2140.0,2140.0,2140.0,2140.0,382,0.0,0.0
2024-10-17 10:19:00+09:00,2140.0,2145.0,2140.0,2145.0,0,0.0,0.0
2024-10-17 10:20:00+09:00,2135.0,2145.0,2125.0,2145.0,2001,0.0,0.0
2024-10-17 10:23:00+09:00,2145.0,2145.0,2145.0,2145.0,14,0.0,0.0
2024-10-17 10:25:00+09:00,2125.0,2130.0,2120.0,2130.0,4614,0.0,0.0
2024-10-17 10:26:00+09:00,2130.0,2130.0,2130.0,2130.0,199,0.0,0.0
2024-10-17 10:27:00+09:00,2120.0,2130.0,2120.0,2130.0,423,0.0,0.0
2024-10-17 10:32:00+09:00,2130.0,2130.0,2130.0,2130.0,214,0.0,0.0
2024-10-17 10:33:00+09:00,2120.0,2120.0,2120.0,2120.0,0,0.0,0.0
2024-10-17 10:34:00+09:00,2130.0,2130.0,2130.0,2130.0,0,0.0,0.0
2024-10-17 10:35:00+09:00,2130.0,2145.0,2130.0,2145.0,182,0.0,0.0
2024-10-17 10:36:00+09:00,2140.0,2140.0,2140.0,2140.0,8,0.0,0.0
2024-10-17 10:37:00+09:00,2140.0,2140.0,2140.0,2140.0,0,0.0,0.0
2024-10-17 10:38:00+09:00,2140.0,2140.0,2140.0,2140.0,2,0.0,0.0
2024-10-17 10:41:00+09:00,2140.0,2140.0,2140.0,2140.0,1,0.0,0.0
2024-10-17 10:43:00+09:00,2140.0,2140.0,2125.0,2140.0,141,0.0,0.0
2024-10-17 10:45:00+09:00,2140.0,2140.0,2140.0,2140.0,6,0.0,0.0
2024-10-17 10:46:00+09:00,2125.0,2125.0,2115.0,2120.0,1179,0.0,0.0
2024-10-17 10:47:00+09:00,2130.0,2130.0,2130.0,2130.0,0,0.0,0.0
2024-10-17 10:53:00+09:00,2120.0,2130.0,2115.0,2130.0,1902,0.0,0.0
2024-10-17 10:54:00+09:00,2120.0,2130.0,2120.0,2130.0,17,0.0,0.0
2024-10-17 10:58:00+09:00,2130.0,2130.0,2130.0,2130.0,19,0.0,0.0
2024-10-17 11:00:00+09:00,2130.0,2130.0,2130.0,2130.0,10,0.0,0.0
2024-10-17 11:01:00+09:00,2130.0,2130.0,2130.0,2130.0,5,0.0,0.0
2024-10-17 11:02:00+09:00,2120.0,2130.0,2120.0,2130.0,2,0.0,0.0
2024-10-17 11:05:00+09:00,2130.0,2130.0,2130.0,2130.0,312,0.0,0.0
2024-10-17 11:09:00+09:00,2125.0,2130.0,2125.0,2130.0,52,0.0,0.0
2024-10-17 11:11:00+09:00,2130.0,2145.0,2130.0,2145.0,216,0.0,0.0
2024-10-17 11:13:00+09:00,2145.0,2145.0,2140.0,2140.0,93,0.0,0.0
2024-10-17 11:15:00+09:00,2135.0,2140.0,2135.0,2140.0,0,0.0,0.0
2024-10-17 11:16:00+09:00,2140.0,2140.0,2140.0,2140.0,2,0.0,0.0
2024-10-17 11:19:00+09:00,2140.0,2140.0,2140.0,2140.0,653,0.0,0.0
2024-10-17 11:21:00+09:00,2145.0,2145.0,2145.0,2145.0,301,0.0,0.0
2024-10-17 11:24:00+09:00,2140.0,2140.0,2135.0,2135.0,1209,0.0,0.0
2024-10-17 11:26:00+09:00,2140.0,2140.0,2140.0,2140.0,0,0.0,0.0
2024-10-17 11:27:00+09:00,2140.0,2140.0,2140.0,2140.0,137,0.0,0.0
2024-10-17 11:28:00+09:00,2140.0,2140.0,2140.0,2140.0,690,0.0,0.0
2024-10-17 11:29:00+09:00,2140.0,2140.0,2140.0,2140.0,0,0.0,0.0
2024-10-17 11:30:00+09:00,2140.0,2145.0,2140.0,2145.0,55,0.0,0.0
2024-10-17 11:31:00+09:00,2145.0,2145.0,2145.0,2145.0,1,0.0,0.0
2024-10-17 11:33:00+09:00,2145.0,2150.0,2145.0,2150.0,108,0.0,0.0
2024-10-17 11:34:00+09:00,2150.0,2150.0,2150.0,2150.0,199,0.0,0.0
2024-10-17 11:35:00+09:00,2145.0,2150.0,2145.0,2150.0,1108,0.0,0.0
2024-10-17 11:36:00+09:00,2145.0,2145.0,2145.0,2145.0,468,0.0,0.0
2024-10-17 11:38:00+09:00,2150.0,2150.0,2150.0,2150.0,0,0.0,0.0
2024-10-17 11:40:00+09:00,2145.0,2145.0,2145.0,2145.0,197,0.0,0.0
2024-10-17 11:41:00+09:00,2140.0,2150.0,2140.0,2140.0,59,0.0,0.0
2024-10-17 11:45:00+09:00,2150.0,2150.0,2150.0,2150.0,31,0.0,0.0
2024-10-17 11:46:00+09:00,2150.0,2150.0,2150.0,2150.0,358,0.0,0.0
2024-10-17 11:47:00+09:00,2150.0,2150.0,2150.0,2150.0,38,0.0,0.0
2024-10-17 11:48:00+09:00,2145.0,2145.0,2140.0,2140.0,303,0.0,0.0
2024-10-17 11:49:00+09:00,2150.0,2150.0,2150.0,2150.0,0,0.0,0.0
2024-10-17 11:55:00+09:00,2135.0,2135.0,2135.0,2135.0,1,0.0,0.0
2024-10-17 11:56:00+09:00,2150.0,2150.0,2150.0,2150.0,1,0.0,0.0
2024-10-17 12:03:00+09:00,2150.0,2150.0,2150.0,2150.0,399,0.0,0.0
2024-10-17 12:04:00+09:00,2150.0,2150.0,2145.0,2145.0,1216,0.0,0.0
2024-10-17 12:05:00+09:00,2150.0,2150.0,2140.0,2150.0,0,0.0,0.0
2024-10-17 12:08:00+09:00,2150.0,2155.0,2150.0,2155.0,2565,0.0,0.0
2024-10-17 12:10:00+09:00,2155.0,2155.0,2155.0,2155.0,179,0.0,0.0
2024-10-17 12:11:00+09:00,2160.0,2165.0,2160.0,2165.0,407,0.0,0.0
2024-10-17 12:14:00+09:00,2170.0,2170.0,2170.0,2170.0,586,0.0,0.0
2024-10-17 12:17:00+09:00,2175.0,2175.0,2165.0,2165.0,0,0.0,0.0
2024-10-17 12:19:00+09:00,2160.0,2160.0,2160.0,2160.0,50,0.0,0.0
2024-10-17 12:20:00+09:00,2160.0,2165.0,2160.0,2165.0,106,0.0,0.0
2024-10-17 12:21:00+09:00,2165.0,2165.0,2165.0,2165.0,1,0.0,0.0
2024-10-17 12:22:00+09:00,2155.0,2155.0,2155.0,2155.0,16,0.0,0.0
2024-10-17 12:23:00+09:00,2160.0,2165.0,2160.0,2165.0,53,0.0,0.0
2024-10-17 12:24:00+09:00,2160.0,2165.0,2155.0,2165.0,213,0.0,0.0
2024-10-17 12:25:00+09:00,2165.0,2165.0,2165.0,2165.0,370,0.0,0.0
2024-10-17 12:34:00+09:00,2155.0,2165.0,2150.0,2165.0,502,0.0,0.0
2024-10-17 12:39:00+09:00,2165.0,2165.0,2165.0,2165.0,199,0.0,0.0
2024-10-17 12:42:00+09:00,2160.0,2160.0,2160.0,2160.0,0,0.0,0.0
2024-10-17 12:43:00+09:00,2160.0,2160.0,2150.0,2150.0,2200,0.0,0.0
2024-10-17 12:44:00+09:00,2165.0,2170.0,2165.0,2170.0,0,0.0,0.0
2024-10-17 12:48:00+09:00,2170.0,2170.0,2170.0,2170.0,1,0.0,0.0
2024-10-17 12:49:00+09:00,2170.0,2170.0,2170.0,2170.0,49,0.0,0.0
2024-10-17 12:52:00+09:00,2165.0,2170.0,2155.0,2155.0,57,0.0,0.0
2024-10-17 12:53:00+09:00,2155.0,2170.0,2155.0,2170.0,0,0.0,0.0
2024-10-17 12:55:00+09:00,2155.0,2155.0,2155.0,2155.0,77,0.0,0.0
2024-10-17 12:57:00+09:00,2165.0,2165.0,2165.0,2165.0,145,0.0,0.0
2024-10-17 12:59:00+09:00,2165.0,2165.0,2165.0,2165.0,0,0.0,0.0
2024-10-17 13:05:00+09:00,2155.0,2155.0,2155.0,2155.0,600,0.0,0.0
2024-10-17 13:08:00+09:00,2165.0,2165.0,2165.0,2165.0,0,0.0,0.0
2024-10-17 13:10:00+09:00,2155.0,2155.0,2155.0,2155.0,220,0.0,0.0
2024-10-17 13:11:00+09:00,2155.0,2155.0,2155.0,2155.0,0,0.0,0.0
2024-10-17 13:12:00+09:00,2155.0,2155.0,2155.0,2155.0,131,0.0,0.0
2024-10-17 13:16:00+09:00,2165.0,2165.0,2165.0,2165.0,0,0.0,0.0
2024-10-17 13:24:00+09:00,2165.0,2165.0,2165.0,2165.0,558,0.0,0.0
2024-10-17 13:27:00+09:00,2155.0,2155.0,2140.0,2140.0,1895,0.0,0.0
2024-10-17 13:28:00+09:00,2145.0,2145.0,2145.0,2145.0,0,0.0,0.0
2024-10-17 13:30:00+09:00,2145.0,2145.0,2135.0,2140.0,469,0.0,0.0
2024-10-17 13:32:00+09:00,2155.0,2155.0,2155.0,2155.0,0,0.0,0.0
2024-10-17 13:36:00+09:00,2155.0,2155.0,2155.0,2155.0,156,0.0,0.0
2024-10-17 13:37:00+09:00,2155.0,2155.0,2150.0,2155.0,744,0.0,0.0
2024-10-17 13:38:00+09:00,2155.0,2155.0,2155.0,2155.0,9,0.0,0.0
2024-10-17 13:41:00+09:00,2155.0,2155.0,2155.0,2155.0,1344,0.0,0.0
2024-10-17 13:42:00+09:00,2140.0,2140.0,2140.0,2140.0,0,0.0,0.0
2024-10-17 13:46:00+09:00,2160.0,2160.0,2160.0,2160.0,73,0.0,0.0
2024-10-17 13:50:00+09:00,2160.0,2165.0,2160.0,2165.0,53,0.0,0.0
2024-10-17 13:55:00+09:00,2155.0,2155.0,2155.0,2155.0,208,0.0,0.0
2024-10-17 14:01:00+09:00,2160.0,2160.0,2160.0,2160.0,239,0.0,0.0
2024-10-17 14:06:00+09:00,2165.0,2165.0,2165.0,2165.0,2,0.0,0.0
2024-10-17 14:07:00+09:00,2160.0,2160.0,2160.0,2160.0,3887,0.0,0.0
2024-10-17 14:08:00+09:00,2160.0,2160.0,2160.0,2160.0,0,0.0,0.0
2024-10-17 14:10:00+09:00,2155.0,2155.0,2155.0,2155.0,18,0.0,0.0
2024-10-17 14:13:00+09:00,2155.0,2155.0,2155.0,2155.0,1127,0.0,0.0
2024-10-17 14:16:00+09:00,2150.0,2150.0,2150.0,2150.0,0,0.0,0.0
2024-10-17 14:17:00+09:00,2150.0,2150.0,2150.0,2150.0,2733,0.0,0.0
2024-10-17 14:19:00+09:00,2150.0,2155.0,2150.0,2155.0,0,0.0,0.0
2024-10-17 14:20:00+09:00,2150.0,2150.0,2150.0,2150.0,230,0.0,0.0
2024-10-17 14:21:00+09:00,2145.0,2145.0,2145.0,2145.0,885,0.0,0.0
2024-10-17 14:23:00+09:00,2145.0,2145.0,2145.0,2145.0,2477,0.0,0.0
2024-10-17 14:24:00+09:00,2145.0,2145.0,2140.0,2140.0,6007,0.0,0.0
2024-10-17 14:26:00+09:00,2140.0,2140.0,2140.0,2140.0,0,0.0,0.0
2024-10-17 14:27:00+09:00,2140.0,2140.0,2140.0,2140.0,1229,0.0,0.0
2024-10-17 14:28:00+09:00,2140.0,2140.0,2140.0,2140.0,0,0.0,0.0
2024-10-17 14:29:00+09:00,2135.0,2135.0,2135.0,2135.0,2651,0.0,0.0
2024-10-17 14:30:00+09:00,2135.0,2135.0,2135.0,2135.0,0,0.0,0.0
2024-10-17 14:31:00+09:00,2135.0,2135.0,2130.0,2130.0,4335,0.0,0.0
2024-10-17 14:33:00+09:00,2135.0,2135.0,2135.0,2135.0,0,0.0,0.0
2024-10-17 14:35:00+09:00,2135.0,2135.0,2135.0,2135.0,2138,0.0,0.0
2024-10-17 14:36:00+09:00,2135.0,2135.0,2135.0,2135.0,0,0.0,0.0
2024-10-17 14:37:00+09:00,2130.0,2130.0,2130.0,2130.0,720,0.0,0.0
2024-10-17 14:38:00+09:00,2135.0,2135.0,2135.0,2135.0,2,0.0,0.0
2024-10-17 14:41:00+09:00,2130.0,2130.0,2130.0,2130.0,182,0.0,0.0
2024-10-17 14:42:00+09:00,2125.0,2125.0,2125.0,2125.0,2939,0.0,0.0
2024-10-17 14:43:00+09:00,2125.0,2125.0,2125.0,2125.0,1265,0.0,0.0
2024-10-17 14:44:00+09:00,2125.0,2125.0,2125.0,2125.0,2428,0.0,0.0
2024-10-17 14:45:00+09:00,2125.0,2130.0,2125.0,2130.0,0,0.0,0.0
2024-10-17 14:47:00+09:00,2125.0,2125.0,2125.0,2125.0,3135,0.0,0.0
2024-10-17 14:48:00+09:00,2135.0,2140.0,2135.0,2140.0,2519,0.0,0.0
2024-10-17 14:49:00+09:00,2140.0,2140.0,2140.0,2140.0,0,0.0,0.0
2024-10-17 14:53:00+09:00,2140.0,2140.0,2135.0,2135.0,4,0.0,0.0
2024-10-17 14:55:00+09:00,2130.0,2140.0,2130.0,2140.0,521,0.0,0.0
2024-10-17 14:56:00+09:00,2145.0,2145.0,2140.0,2145.0,10,0.0,0.0
2024-10-17 14:59:00+09:00,2140.0,2140.0,2140.0,2140.0,9,0.0,0.0
2024-10-18 09:00:00+09:00,2140.0,2140.0,2140.0,2140.0,100,0.0,0.0
2024-10-18 09:01:00+09:00,2130.0,2130.0,2125.0,2125.0,1900,0.0,0.0
2024-10-18 09:04:00+09:00,2135.0,2135.0,2135.0,2135.0,0,0.0,0.0
2024-10-18 09:05:00+09:00,2140.0,2140.0,2140.0,2140.0,0,0.0,0.0
2024-10-18 09:07:00+09:00,2140.0,2140.0,2140.0,2140.0,10,0.0,0.0
2024-10-18 09:08:00+09:00,2140.0,2140.0,2135.0,2135.0,126,0.0,0.0
2024-10-18 09:09:00+09:00,2130.0,2140.0,2130.0,2140.0,855,0.0,0.0
2024-10-18 09:11:00+09:00,2140.0,2140.0,2130.0,2130.0,804,0.0,0.0
2024-10-18 09:12:00+09:00,2130.0,2130.0,2130.0,2130.0,10737,0.0,0.0
2024-10-18 09:13:00+09:00,2130.0,2130.0,2125.0,2125.0,0,0.0,0.0
2024-10-18 09:14:00+09:00,2140.0,2145.0,2140.0,2145.0,263,0.0,0.0
2024-10-18 09:15:00+09:00,2145.0,2145.0,2145.0,2145.0,79,0.0,0.0
2024-10-18 09:18:00+09:00,2145.0,2145.0,2145.0,2145.0,1272,0.0,0.0
2024-10-18 09:19:00+09:00,2145.0,2165.0,2145.0,2165.0,1761,0.0,0.0
2024-10-18 09:20:00+09:00,2155.0,2170.0,2155.0,2170.0,14,0.0,0.0
2024-10-18 09:21:00+09:00,2155.0,2165.0,2155.0,2165.0,1291,0.0,0.0
2024-10-18 09:22:00+09:00,2155.0,2155.0,2155.0,2155.0,2175,0.0,0.0
2024-10-18 09:23:00+09:00,2160.0,2165.0,2160.0,2165.0,431,0.0,0.0
2024-10-18 09:24:00+09:00,2170.0,2170.0,2165.0,2170.0,96,0.0,0.0
2024-10-18 09:25:00+09:00,2165.0,2175.0,2165.0,2175.0,1676,0.0,0.0
2024-10-18 09:26:00+09:00,2175.0,2180.0,2175.0,2180.0,682,0.0,0.0
2024-10-18 09:27:00+09:00,2180.0,2180.0,2180.0,2180.0,717,0.0,0.0
2024-10-18 09:28:00+09:00,2180.0,2185.0,2180.0,2180.0,1523,0.0,0.0
2024-10-18 09:30:00+09:00,2170.0,2170.0,2170.0,2170.0,0,0.0,0.0
2024-10-18 09:31:00+09:00,2170.0,2170.0,2170.0,2170.0,830,0.0,0.0
2024-10-18 09:32:00+09:00,2170.0,2170.0,2170.0,2170.0,801,0.0,0.0
2024-10-18 09:33:00+09:00,2170.0,2170.0,2170.0,2170.0,895,0.0,0.0
2024-10-18 09:34:00+09:00,2170.0,2170.0,2170.0,2170.0,30,0.0,0.0
2024-10-18 09:35:00+09:00,2170.0,2170.0,2170.0,2170.0,100,0.0,0.0
2024-10-18 09:36:00+09:00,2170.0,2175.0,2170.0,2175.0,452,0.0,0.0
2024-10-18 09:37:00+09:00,2175.0,2180.0,2175.0,2180.0,185,0.0,0.0
2024-10-18 09:38:00+09:00,2180.0,2180.0,2180.0,2180.0,152,0.0,0.0
2024-10-18 09:39:00+09:00,2180.0,2180.0,2155.0,2180.0,2091,0.0,0.0
2024-10-18 09:40:00+09:00,2180.0,2190.0,2180.0,2190.0,321,0.0,0.0
2024-10-18 09:41:00+09:00,2180.0,2180.0,2180.0,2180.0,34,0.0,0.0
2024-10-18 09:42:00+09:00,2180.0,2200.0,2180.0,2200.0,4696,0.0,0.0
2024-10-18 09:43:00+09:00,2200.0,2200.0,2200.0,2200.0,645,0.0,0.0
2024-10-18 09:44:00+09:00,2205.0,2210.0,2200.0,2210.0,2555,0.0,0.0
2024-10-18 09:45:00+09:00,2210.0,2210.0,2190.0,2210.0,1624,0.0,0.0
2024-10-18 09:46:00+09:00,2195.0,2205.0,2190.0,2205.0,902,0.0,0.0
2024-10-18 09:47:00+09:00,2205.0,2205.0,2185.0,2200.0,1366,0.0,0.0
2024-10-18 09:48:00+09:00,2190.0,2200.0,2190.0,2190.0,174,0.0,0.0
2024-10-18 09:49:00+09:00,2190.0,2200.0,2190.0,2200.0,2137,0.0,0.0
2024-10-18 09:50:00+09:00,2200.0,2210.0,2200.0,2210.0,2755,0.0,0.0
2024-10-18 09:51:00+09:00,2205.0,2250.0,2205.0,2250.0,12693,0.0,0.0
2024-10-18 09:52:00+09:00,2250.0,2255.0,2220.0,2240.0,18492,0.0,0.0
2024-10-18 09:53:00+09:00,2230.0,2245.0,2230.0,2240.0,5927,0.0,0.0
2024-10-18 09:54:00+09:00,2245.0,2245.0,2230.0,2235.0,2744,0.0,0.0
2024-10-18 09:55:00+09:00,2230.0,2235.0,2225.0,2235.0,1555,0.0,0.0
2024-10-18 09:56:00+09:00,2245.0,2245.0,2240.0,2245.0,3794,0.0,0.0
2024-10-18 09:57:00+09:00,2245.0,2245.0,2235.0,2240.0,987,0.0,0.0
2024-10-18 09:58:00+09:00,2240.0,2245.0,2240.0,2240.0,6117,0.0,0.0
2024-10-18 09:59:00+09:00,2240.0,2240.0,2220.0,2230.0,2317,0.0,0.0
2024-10-18 10:00:00+09:00,2230.0,2235.0,2220.0,2220.0,724,0.0,0.0
2024-10-18 10:01:00+09:00,2230.0,2230.0,2220.0,2220.0,140,0.0,0.0
2024-10-18 10:02:00+09:00,2220.0,2230.0,2220.0,2220.0,2301,0.0,0.0
2024-10-18 10:03:00+09:00,2220.0,2220.0,2220.0,2220.0,0,0.0,0.0
2024-10-18 10:04:00+09:00,2220.0,2220.0,2220.0,2220.0,1537,0.0,0.0
2024-10-18 10:05:00+09:00,2215.0,2220.0,2210.0,2220.0,1190,0.0,0.0
2024-10-18 10:06:00+09:00,2210.0,2215.0,2210.0,2215.0,605,0.0,0.0
2024-10-18 10:07:00+09:00,2220.0,2240.0,2220.0,2240.0,3485,0.0,0.0
2024-10-18 10:08:00+09:00,2240.0,2250.0,2230.0,2245.0,9455,0.0,0.0
2024-10-18 10:09:00+09:00,2250.0,2285.0,2245.0,2275.0,31357,0.0,0.0
2024-10-18 10:10:00+09:00,2275.0,2290.0,2270.0,2285.0,8517,0.0,0.0
2024-10-18 10:11:00+09:00,2285.0,2290.0,2280.0,2285.0,11344,0.0,0.0
2024-10-18 10:12:00+09:00,2285.0,2290.0,2275.0,2290.0,9631,0.0,0.0
2024-10-18 10:13:00+09:00,2285.0,2290.0,2275.0,2280.0,6369,0.0,0.0
2024-10-18 10:14:00+09:00,2270.0,2275.0,2255.0,2275.0,11423,0.0,0.0
2024-10-18 10:15:00+09:00,2265.0,2265.0,2260.0,2265.0,369,0.0,0.0
2024-10-18 10:16:00+09:00,2265.0,2270.0,2260.0,2265.0,2881,0.0,0.0
2024-10-18 10:17:00+09:00,2260.0,2265.0,2255.0,2260.0,2656,0.0,0.0
2024-10-18 10:18:00+09:00,2260.0,2260.0,2250.0,2260.0,604,0.0,0.0
2024-10-18 10:19:00+09:00,2255.0,2260.0,2255.0,2255.0,1871,0.0,0.0
2024-10-18 10:20:00+09:00,2255.0,2270.0,2250.0,2270.0,2865,0.0,0.0
2024-10-18 10:21:00+09:00,2270.0,2275.0,2270.0,2275.0,5006,0.0,0.0
2024-10-18 10:22:00+09:00,2275.0,2275.0,2265.0,2275.0,2160,0.0,0.0
2024-10-18 10:23:00+09:00,2275.0,2275.0,2255.0,2255.0,5015,0.0,0.0
2024-10-18 10:24:00+09:00,2275.0,2275.0,2250.0,2270.0,3272,0.0,0.0
2024-10-18 10:25:00+09:00,2265.0,2265.0,2250.0,2260.0,5379,0.0,0.0
2024-10-18 10:26:00+09:00,2260.0,2265.0,2260.0,2265.0,598,0.0,0.0
2024-10-18 10:27:00+09:00,2265.0,2265.0,2260.0,2260.0,4630,0.0,0.0
2024-10-18 10:28:00+09:00,2260.0,2265.0,2260.0,2265.0,0,0.0,0.0
2024-10-18 10:29:00+09:00,2260.0,2290.0,2260.0,2290.0,14950,0.0,0.0
2024-10-18 10:30:00+09:00,2290.0,2295.0,2285.0,2295.0,7048,0.0,0.0
2024-10-18 10:31:00+09:00,2295.0,2300.0,2295.0,2300.0,3308,0.0,0.0
2024-10-18 10:32:00+09:00,2300.0,2300.0,2295.0,2300.0,6300,0.0,0.0
2024-10-18 10:33:00+09:00,2295.0,2305.0,2285.0,2300.0,15277,0.0,0.0
2024-10-18 10:34:00+09:00,2290.0,2320.0,2290.0,2320.0,15177,0.0,0.0
2024-10-18 10:35:00+09:00,2320.0,2320.0,2300.0,2315.0,11836,0.0,0.0
2024-10-18 10:36:00+09:00,2315.0,2320.0,2290.0,2310.0,14617,0.0,0.0
2024-10-18 10:37:00+09:00,2305.0,2310.0,2290.0,2290.0,10727,0.0,0.0
2024-10-18 10:38:00+09:00,2290.0,2295.0,2280.0,2280.0,9921,0.0,0.0
2024-10-18 10:39:00+09:00,2280.0,2295.0,2275.0,2285.0,0,0.0,0.0
2024-10-18 10:40:00+09:00,2280.0,2285.0,2265.0,2285.0,11013,0.0,0.0
2024-10-18 10:41:00+09:00,2285.0,2285.0,2270.0,2270.0,4628,0.0,0.0
2024-10-18 10:42:00+09:00,2265.0,2270.0,2265.0,2265.0,5434,0.0,0.0
2024-10-18 10:43:00+09:00,2260.0,2265.0,2260.0,2260.0,0,0.0,0.0
2024-10-18 10:44:00+09:00,2260.0,2265.0,2250.0,2255.0,10159,0.0,0.0
2024-10-18 10:45:00+09:00,2265.0,2275.0,2250.0,2275.0,0,0.0,0.0
2024-10-18 10:46:00+09:00,2260.0,2275.0,2250.0,2270.0,13291,0.0,0.0
2024-10-18 10:47:00+09:00,2270.0,2275.0,2260.0,2275.0,4746,0.0,0.0
2024-10-18 10:48:00+09:00,2260.0,2275.0,2260.0,2275.0,904,0.0,0.0
2024-10-18 10:49:00+09:00,2275.0,2275.0,2260.0,2260.0,933,0.0,0.0
2024-10-18 10:50:00+09:00,2255.0,2260.0,2255.0,2260.0,1228,0.0,0.0
2024-10-18 10:51:00+09:00,2255.0,2275.0,2255.0,2260.0,2681,0.0,0.0
2024-10-18 10:52:00+09:00,2275.0,2275.0,2265.0,2270.0,1732,0.0,0.0
2024-10-18 10:53:00+09:00,2260.0,2270.0,2255.0,2260.0,625,0.0,0.0
2024-10-18 10:54:00+09:00,2260.0,2260.0,2255.0,2260.0,425,0.0,0.0
2024-10-18 10:55:00+09:00,2255.0,2260.0,2255.0,2260.0,377,0.0,0.0
2024-10-18 10:56:00+09:00,2255.0,2255.0,2250.0,2250.0,2815,0.0,0.0
2024-10-18 10:57:00+09:00,2250.0,2255.0,2250.0,2250.0,825,0.0,0.0
2024-10-18 10:58:00+09:00,2250.0,2250.0,2230.0,2245.0,7743,0.0,0.0
2024-10-18 10:59:00+09:00,2245.0,2255.0,2240.0,2245.0,1400,0.0,0.0
2024-10-18 11:00:00+09:00,2255.0,2255.0,2250.0,2255.0,1270,0.0,0.0
2024-10-18 11:01:00+09:00,2250.0,2270.0,2250.0,2270.0,257,0.0,0.0
2024-10-18 11:02:00+09:00,2265.0,2265.0,2260.0,2260.0,1381,0.0,0.0
2024-10-18 11:03:00+09:00,2255.0,2260.0,2255.0,2260.0,3385,0.0,0.0
2024-10-18 11:04:00+09:00,2250.0,2260.0,2250.0,2260.0,447,0.0,0.0
2024-10-18 11:05:00+09:00,2250.0,2250.0,2245.0,2245.0,928,0.0,0.0
2024-10-18 11:06:00+09:00,2245.0,2250.0,2245.0,2245.0,1033,0.0,0.0
2024-10-18 11:07:00+09:00,2245.0,2245.0,2240.0,2240.0,1685,0.0,0.0
2024-10-18 11:08:00+09:00,2245.0,2245.0,2235.0,2240.0,1145,0.0,0.0
2024-10-18 11:09:00+09:00,2260.0,2260.0,2260.0,2260.0,0,0.0,0.0
2024-10-18 11:10:00+09:00,2250.0,2250.0,2230.0,2230.0,554,0.0,0.0
2024-10-18 11:11:00+09:00,2230.0,2230.0,2230.0,2230.0,395,0.0,0.0
2024-10-18 11:12:00+09:00,2230.0,2230.0,2210.0,2225.0,12467,0.0,0.0
2024-10-18 11:13:00+09:00,2220.0,2220.0,2215.0,2215.0,468,0.0,0.0
2024-10-18 11:14:00+09:00,2215.0,2215.0,2205.0,2205.0,6210,0.0,0.0
2024-10-18 11:15:00+09:00,2205.0,2220.0,2205.0,2220.0,942,0.0,0.0
2024-10-18 11:16:00+09:00,2220.0,2230.0,2220.0,2230.0,23,0.0,0.0
2024-10-18 11:17:00+09:00,2215.0,2230.0,2215.0,2230.0,101,0.0,0.0
2024-10-18 11:18:00+09:00,2210.0,2215.0,2205.0,2210.0,1643,0.0,0.0
2024-10-18 11:19:00+09:00,2205.0,2210.0,2200.0,2205.0,3623,0.0,0.0
2024-10-18 11:20:00+09:00,2200.0,2205.0,2200.0,2200.0,3047,0.0,0.0
2024-10-18 11:21:00+09:00,2200.0,2205.0,2195.0,2200.0,1739,0.0,0.0
2024-10-18 11:22:00+09:00,2200.0,2200.0,2190.0,2190.0,2996,0.0,0.0
2024-10-18 11:23:00+09:00,2185.0,2190.0,2185.0,2190.0,1636,0.0,0.0
2024-10-18 11:24:00+09:00,2190.0,2200.0,2185.0,2200.0,1134,0.0,0.0
2024-10-18 11:25:00+09:00,2200.0,2200.0,2185.0,2185.0,506,0.0,0.0
2024-10-18 11:26:00+09:00,2185.0,2185.0,2185.0,2185.0,869,0.0,0.0
2024-10-18 11:27:00+09:00,2185.0,2195.0,2185.0,2190.0,66,0.0,0.0
2024-10-18 11:28:00+09:00,2190.0,2190.0,2185.0,2185.0,1058,0.0,0.0
2024-10-18 11:29:00+09:00,2190.0,2190.0,2190.0,2190.0,0,0.0,0.0
2024-10-18 11:31:00+09:00,2190.0,2190.0,2180.0,2180.0,2891,0.0,0.0
2024-10-18 11:32:00+09:00,2180.0,2180.0,2180.0,2180.0,1063,0.0,0.0
2024-10-18 11:33:00+09:00,2180.0,2195.0,2180.0,2195.0,0,0.0,0.0
2024-10-18 11:34:00+09:00,2195.0,2200.0,2195.0,2200.0,1362,0.0,0.0
2024-10-18 11:35:00+09:00,2200.0,2200.0,2200.0,2200.0,4000,0.0,0.0
2024-10-18 11:36:00+09:00,2205.0,2205.0,2205.0,2205.0,0,0.0,0.0
2024-10-18 11:37:00+09:00,2205.0,2205.0,2205.0,2205.0,1390,0.0,0.0
2024-10-18 11:38:00+09:00,2200.0,2200.0,2195.0,2200.0,0,0.0,0.0
2024-10-18 11:39:00+09:00,2200.0,2205.0,2200.0,2200.0,184,0.0,0.0
2024-10-18 11:40:00+09:00,2195.0,2200.0,2190.0,2200.0,6183,0.0,0.0
2024-10-18 11:41:00+09:00,2200.0,2200.0,2185.0,2185.0,0,0.0,0.0
2024-10-18 11:42:00+09:00,2190.0,2190.0,2185.0,2185.0,0,0.0,0.0
2024-10-18 11:43:00+09:00,2185.0,2185.0,2185.0,2185.0,4682,0.0,0.0
2024-10-18 11:45:00+09:00,2190.0,2190.0,2185.0,2185.0,0,0.0,0.0
2024-10-18 11:46:00+09:00,2185.0,2185.0,2180.0,2180.0,570,0.0,0.0
2024-10-18 11:47:00+09:00,2180.0,2185.0,2180.0,2185.0,3441,0.0,0.0
2024-10-18 11:48:00+09:00,2185.0,2185.0,2185.0,2185.0,0,0.0,0.0
2024-10-18 11:49:00+09:00,2180.0,2180.0,2180.0,2180.0,0,0.0,0.0
2024-10-18 11:50:00+09:00,2180.0,2185.0,2180.0,2185.0,45,0.0,0.0
2024-10-18 11:51:00+09:00,2185.0,2185.0,2185.0,2185.0,1,0.0,0.0
2024-10-18 11:53:00+09:00,2180.0,2180.0,2180.0,2180.0,6,0.0,0.0
2024-10-18 11:54:00+09:00,2180.0,2180.0,2180.0,2180.0,77,0.0,0.0
2024-10-18 11:55:00+09:00,2180.0,2185.0,2180.0,2185.0,10,0.0,0.0
2024-10-18 11:57:00+09:00,2185.0,2190.0,2185.0,2190.0,35,0.0,0.0
2024-10-18 11:58:00+09:00,2190.0,2190.0,2190.0,2190.0,339,0.0,0.0
2024-10-18 11:59:00+09:00,2190.0,2190.0,2190.0,2190.0,0,0.0,0.0
2024-10-18 12:01:00+09:00,2190.0,2190.0,2190.0,2190.0,331,0.0,0.0
2024-10-18 12:04:00+09:00,2185.0,2185.0,2185.0,2185.0,112,0.0,0.0
2024-10-18 12:06:00+09:00,2185.0,2185.0,2180.0,2180.0,7,0.0,0.0
2024-10-18 12:07:00+09:00,2180.0,2185.0,2180.0,2185.0,181,0.0,0.0
2024-10-18 12:08:00+09:00,2180.0,2180.0,2180.0,2180.0,1,0.0,0.0
2024-10-18 12:10:00+09:00,2180.0,2180.0,2180.0,2180.0,546,0.0,0.0
2024-10-18 12:11:00+09:00,2180.0,2180.0,2180.0,2180.0,404,0.0,0.0
2024-10-18 12:12:00+09:00,2175.0,2175.0,2175.0,2175.0,657,0.0,0.0
2024-10-18 12:14:00+09:00,2175.0,2175.0,2175.0,2175.0,0,0.0,0.0
2024-10-18 12:15:00+09:00,2175.0,2175.0,2175.0,2175.0,794,0.0,0.0
2024-10-18 12:17:00+09:00,2175.0,2180.0,2175.0,2175.0,2267,0.0,0.0
2024-10-18 12:18:00+09:00,2170.0,2175.0,2170.0,2175.0,0,0.0,0.0
2024-10-18 12:19:00+09:00,2175.0,2175.0,2175.0,2175.0,52,0.0,0.0
2024-10-18 12:20:00+09:00,2170.0,2170.0,2170.0,2170.0,526,0.0,0.0
2024-10-18 12:21:00+09:00,2170.0,2170.0,2170.0,2170.0,850,0.0,0.0
2024-10-18 12:22:00+09:00,2175.0,2175.0,2170.0,2170.0,100,0.0,0.0
2024-10-18 12:23:00+09:00,2175.0,2185.0,2175.0,2185.0,452,0.0,0.0
2024-10-18 12:24:00+09:00,2175.0,2175.0,2170.0,2170.0,5777,0.0,0.0
2024-10-18 12:25:00+09:00,2175.0,2175.0,2165.0,2165.0,828,0.0,0.0
2024-10-18 12:27:00+09:00,2170.0,2170.0,2170.0,2170.0,9,0.0,0.0
2024-10-18 12:28:00+09:00,2170.0,2170.0,2170.0,2170.0,266,0.0,0.0
2024-10-18 12:29:00+09:00,2180.0,2185.0,2180.0,2185.0,2915,0.0,0.0
2024-10-18 12:30:00+09:00,2170.0,2170.0,2170.0,2170.0,2047,0.0,0.0
2024-10-18 12:31:00+09:00,2165.0,2165.0,2165.0,2165.0,199,0.0,0.0
2024-10-18 12:33:00+09:00,2165.0,2165.0,2165.0,2165.0,1433,0.0,0.0
2024-10-18 12:34:00+09:00,2165.0,2165.0,2165.0,2165.0,241,0.0,0.0
2024-10-18 12:35:00+09:00,2165.0,2165.0,2160.0,2160.0,720,0.0,0.0
2024-10-18 12:36:00+09:00,2165.0,2165.0,2165.0,2165.0,29,0.0,0.0
2024-10-18 12:37:00+09:00,2165.0,2165.0,2160.0,2160.0,3640,0.0,0.0
2024-10-18 12:38:00+09:00,2160.0,2165.0,2160.0,2165.0,0,0.0,0.0
2024-10-18 12:39:00+09:00,2165.0,2165.0,2165.0,2165.0,0,0.0,0.0
2024-10-18 12:40:00+09:00,2165.0,2165.0,2165.0,2165.0,24,0.0,0.0
2024-10-18 12:43:00+09:00,2165.0,2165.0,2165.0,2165.0,38,0.0,0.0
2024-10-18 12:44:00+09:00,2165.0,2165.0,2165.0,2165.0,0,0.0,0.0
2024-10-18 12:45:00+09:00,2160.0,2160.0,2160.0,2160.0,425,0.0,0.0
2024-10-18 12:47:00+09:00,2160.0,2160.0,2160.0,2160.0,0,0.0,0.0
2024-10-18 12:48:00+09:00,2165.0,2165.0,2165.0,2165.0,596,0.0,0.0
2024-10-18 12:49:00+09:00,2165.0,2165.0,2165.0,2165.0,1701,0.0,0.0
2024-10-18 12:51:00+09:00,2165.0,2165.0,2165.0,2165.0,2,0.0,0.0
2024-10-18 12:52:00+09:00,2165.0,2165.0,2165.0,2165.0,29,0.0,0.0
2024-10-18 12:53:00+09:00,2165.0,2165.0,2165.0,2165.0,1400,0.0,0.0
2024-10-18 12:54:00+09:00,2165.0,2165.0,2165.0,2165.0,3255,0.0,0.0
2024-10-18 12:56:00+09:00,2165.0,2175.0,2165.0,2175.0,345,0.0,0.0
2024-10-18 12:57:00+09:00,2165.0,2175.0,2160.0,2175.0,1886,0.0,0.0
2024-10-18 12:58:00+09:00,2170.0,2170.0,2170.0,2170.0,0,0.0,0.0
2024-10-18 12:59:00+09:00,2160.0,2160.0,2160.0,2160.0,1391,0.0,0.0
2024-10-18 13:00:00+09:00,2155.0,2155.0,2150.0,2155.0,2331,0.0,0.0
2024-10-18 13:01:00+09:00,2155.0,2165.0,2155.0,2165.0,1122,0.0,0.0
2024-10-18 13:02:00+09:00,2165.0,2165.0,2165.0,2165.0,0,0.0,0.0
2024-10-18 13:08:00+09:00,2165.0,2165.0,2165.0,2165.0,166,0.0,0.0
2024-10-18 13:09:00+09:00,2165.0,2165.0,2165.0,2165.0,1451,0.0,0.0
2024-10-18 13:14:00+09:00,2160.0,2160.0,2155.0,2160.0,908,0.0,0.0
2024-10-18 13:16:00+09:00,2155.0,2160.0,2155.0,2155.0,252,0.0,0.0
2024-10-18 13:19:00+09:00,2155.0,2155.0,2155.0,2155.0,0,0.0,0.0
2024-10-18 13:20:00+09:00,2160.0,2160.0,2160.0,2160.0,30,0.0,0.0
2024-10-18 13:21:00+09:00,2160.0,2160.0,2160.0,2160.0,272,0.0,0.0
2024-10-18 13:24:00+09:00,2160.0,2160.0,2150.0,2150.0,12242,0.0,0.0
2024-10-18 13:25:00+09:00,2145.0,2150.0,2145.0,2150.0,29,0.0,0.0
2024-10-18 13:26:00+09:00,2150.0,2150.0,2150.0,2150.0,351,0.0,0.0
2024-10-18 13:27:00+09:00,2145.0,2155.0,2145.0,2155.0,91,0.0,0.0
2024-10-18 13:28:00+09:00,2155.0,2155.0,2155.0,2155.0,2029,0.0,0.0
2024-10-18 13:30:00+09:00,2165.0,2165.0,2165.0,2165.0,0,0.0,0.0
2024-10-18 13:31:00+09:00,2165.0,2165.0,2165.0,2165.0,59,0.0,0.0
2024-10-18 13:32:00+09:00,2165.0,2165.0,2155.0,2160.0,1933,0.0,0.0
2024-10-18 13:34:00+09:00,2155.0,2155.0,2155.0,2155.0,0,0.0,0.0
2024-10-18 13:35:00+09:00,2160.0,2165.0,2160.0,2165.0,3,0.0,0.0
2024-10-18 13:36:00+09:00,2165.0,2165.0,2165.0,2165.0,2,0.0,0.0
2024-10-18 13:37:00+09:00,2155.0,2165.0,2145.0,2145.0,3343,0.0,0.0
2024-10-18 13:38:00+09:00,2145.0,2145.0,2145.0,2145.0,2,0.0,0.0
2024-10-18 13:39:00+09:00,2150.0,2150.0,2150.0,2150.0,1832,0.0,0.0
2024-10-18 13:40:00+09:00,2150.0,2150.0,2145.0,2145.0,2392,0.0,0.0
2024-10-18 13:41:00+09:00,2145.0,2145.0,2145.0,2145.0,0,0.0,0.0
2024-10-18 13:47:00+09:00,2150.0,2150.0,2145.0,2145.0,96,0.0,0.0
2024-10-18 13:48:00+09:00,2150.0,2150.0,2140.0,2140.0,5789,0.0,0.0
2024-10-18 13:49:00+09:00,2145.0,2150.0,2140.0,2145.0,0,0.0,0.0
2024-10-18 13:50:00+09:00,2145.0,2145.0,2140.0,2140.0,1121,0.0,0.0
2024-10-18 13:51:00+09:00,2145.0,2145.0,2145.0,2145.0,0,0.0,0.0
2024-10-18 13:54:00+09:00,2145.0,2145.0,2145.0,2145.0,1653,0.0,0.0
2024-10-18 13:56:00+09:00,2145.0,2145.0,2145.0,2145.0,0,0.0,0.0
2024-10-18 13:57:00+09:00,2145.0,2145.0,2145.0,2145.0,0,0.0,0.0
2024-10-18 13:59:00+09:00,2145.0,2145.0,2145.0,2145.0,595,0.0,0.0
2024-10-18 14:01:00+09:00,2150.0,2150.0,2150.0,2150.0,0,0.0,0.0
2024-10-18 14:02:00+09:00,2150.0,2150.0,2150.0,2150.0,0,0.0,0.0
2024-10-18 14:05:00+09:00,2150.0,2150.0,2150.0,2150.0,190,0.0,0.0
2024-10-18 14:06:00+09:00,2150.0,2150.0,2150.0,2150.0,296,0.0,0.0
2024-10-18 14:07:00+09:00,2150.0,2150.0,2145.0,2145.0,353,0.0,0.0
2024-10-18 14:08:00+09:00,2145.0,2145.0,2145.0,2145.0,448,0.0,0.0
2024-10-18 14:09:00+09:00,2150.0,2150.0,2150.0,2150.0,636,0.0,0.0
2024-10-18 14:10:00+09:00,2150.0,2150.0,2150.0,2150.0,0,0.0,0.0
2024-10-18 14:12:00+09:00,2155.0,2160.0,2155.0,2160.0,503,0.0,0.0
2024-10-18 14:13:00+09:00,2160.0,2160.0,2160.0,2160.0,798,0.0,0.0
2024-10-18 14:15:00+09:00,2160.0,2160.0,2160.0,2160.0,0,0.0,0.0
2024-10-18 14:16:00+09:00,2155.0,2155.0,2155.0,2155.0,86,0.0,0.0
2024-10-18 14:17:00+09:00,2155.0,2155.0,2155.0,2155.0,0,0.0,0.0
2024-10-18 14:19:00+09:00,2160.0,2160.0,2160.0,2160.0,119,0.0,0.0
2024-10-18 14:20:00+09:00,2160.0,2160.0,2160.0,2160.0,1301,0.0,0.0
2024-10-18 14:21:00+09:00,2155.0,2155.0,2155.0,2155.0,0,0.0,0.0
2024-10-18 14:27:00+09:00,2155.0,2155.0,2155.0,2155.0,1926,0.0,0.0
2024-10-18 14:28:00+09:00,2150.0,2150.0,2145.0,2150.0,1231,0.0,0.0
2024-10-18 14:31:00+09:00,2160.0,2160.0,2160.0,2160.0,1689,0.0,0.0
2024-10-18 14:33:00+09:00,2160.0,2160.0,2160.0,2160.0,0,0.0,0.0
2024-10-18 14:35:00+09:00,2155.0,2155.0,2155.0,2155.0,200,0.0,0.0
2024-10-18 14:37:00+09:00,2160.0,2160.0,2160.0,2160.0,0,0.0,0.0
2024-10-18 14:38:00+09:00,2160.0,2160.0,2160.0,2160.0,400,0.0,0.0
2024-10-18 14:39:00+09:00,2160.0,2160.0,2160.0,2160.0,0,0.0,0.0
2024-10-18 14:40:00+09:00,2150.0,2160.0,2150.0,2160.0,12,0.0,0.0
2024-10-18 14:43:00+09:00,2150.0,2150.0,2150.0,2150.0,11,0.0,0.0
2024-10-18 14:44:00+09:00,2150.0,2150.0,2150.0,2150.0,995,0.0,0.0
2024-10-18 14:45:00+09:00,2150.0,2150.0,2150.0,2150.0,40,0.0,0.0
2024-10-18 14:46:00+09:00,2150.0,2150.0,2150.0,2150.0,0,0.0,0.0
2024-10-18 14:47:00+09:00,2155.0,2155.0,2150.0,2150.0,1389,0.0,0.0
2024-10-18 14:48:00+09:00,2150.0,2150.0,2150.0,2150.0,0,0.0,0.0
2024-10-18 14:50:00+09:00,2150.0,2150.0,2150.0,2150.0,0,0.0,0.0
2024-10-18 14:51:00+09:00,2155.0,2155.0,2155.0,2155.0,52,0.0,0.0
2024-10-18 14:52:00+09:00,2155.0,2155.0,2150.0,2150.0,195,0.0,0.0
2024-10-18 14:53:00+09:00,2150.0,2150.0,2150.0,2150.0,460,0.0,0.0
2024-10-18 14:56:00+09:00,2155.0,2160.0,2155.0,2160.0,1391,0.0,0.0
2024-10-18 14:57:00+09:00,2150.0,2150.0,2150.0,2150.0,387,0.0,0.0
2024-10-18 14:58:00+09:00,2160.0,2160.0,2160.0,2160.0,0,0.0,0.0
