Datetime,Open,High,Low,Close,Volume,Dividends,Stock Splits
2024-09-12 09:35:00-04:00,0.9453999996185303,0.9453999996185303,0.9453999996185303,0.9453999996185303,1589,0.0,0.0
2024-09-12 09:50:00-04:00,0.9699000120162964,0.9699000120162964,0.9699000120162964,0.9699000120162964,383,0.0,0.0
2024-09-12 10:20:00-04:00,0.9699000120162964,0.9699000120162964,0.9699000120162964,0.9699000120162964,1182,0.0,0.0
2024-09-12 10:50:00-04:00,0.9319999814033508,0.9319999814033508,0.9319999814033508,0.9319999814033508,4877,0.0,0.0
2024-09-12 10:55:00-04:00,0.9319000244140625,0.9319000244140625,0.9319000244140625,0.9319000244140625,565,0.0,0.0
2024-09-12 11:15:00-04:00,0.9319999814033508,0.9319999814033508,0.9301000237464905,0.9301000237464905,350,0.0,0.0
2024-09-12 11:20:00-04:00,0.9208999872207642,0.9208999872207642,0.9208999872207642,0.9208999872207642,2141,0.0,0.0
2024-09-12 11:25:00-04:00,0.9700000286102295,0.9700000286102295,0.9700000286102295,0.9700000286102295,2291,0.0,0.0
2024-09-12 12:10:00-04:00,0.9667999744415283,0.9667999744415283,0.9667999744415283,0.9667999744415283,400,0.0,0.0
2024-09-12 13:50:00-04:00,0.9408000111579895,0.9408000111579895,0.9408000111579895,0.9408000111579895,283,0.0,0.0
2024-09-12 14:40:00-04:00,0.949999988079071,0.9599999785423279,0.949999988079071,0.949999988079071,426,0.0,0.0
2024-09-12 14:55:00-04:00,0.9399999976158142,0.9399999976158142,0.9399999976158142,0.9399999976158142,1304,0.0,0.0
2024-09-12 15:40:00-04:00,0.9401999711990356,0.9401999711990356,0.9401999711990356,0.9401999711990356,508,0.0,0.0
2024-09-12 15:45:00-04:00,0.9498999714851379,0.9498999714851379,0.9498999714851379,0.9498999714851379,1461,0.0,0.0
2024-09-13 09:40:00-04:00,0.949999988079071,0.949999988079071,0.949999988079071,0.949999988079071,4767,0.0,0.0
2024-09-13 09:55:00-04:00,0.968999981880188,0.968999981880188,0.968999981880188,0.968999981880188,965,0.0,0.0
2024-09-13 10:00:00-04:00,0.9452000260353088,0.9452000260353088,0.9452000260353088,0.9452000260353088,118,0.0,0.0
2024-09-13 10:15:00-04:00,0.9377999901771545,0.9379000067710876,0.9377999901771545,0.9379000067710876,806,0.0,0.0
2024-09-13 10:20:00-04:00,0.9416999816894531,0.9456999897956848,0.9379000067710876,0.9455999732017517,738,0.0,0.0
2024-09-13 10:30:00-04:00,0.9455999732017517,0.9455999732017517,0.9455999732017517,0.9455999732017517,159,0.0,0.0
2024-09-13 10:40:00-04:00,0.9456999897956848,0.9456999897956848,0.9430000185966492,0.9456999897956848,2430,0.0,0.0
2024-09-13 10:45:00-04:00,0.9695000052452087,0.9695000052452087,0.9695000052452087,0.9695000052452087,763,0.0,0.0
2024-09-13 10:55:00-04:00,0.968999981880188,0.968999981880188,0.968999981880188,0.968999981880188,1714,0.0,0.0
2024-09-13 11:35:00-04:00,0.9599999785423279,0.9599999785423279,0.9599999785423279,0.9599999785423279,0,0.0,0.0
2024-09-13 12:10:00-04:00,0.941100001335144,0.941100001335144,0.941100001335144,0.941100001335144,14570,0.0,0.0
2024-09-13 12:25:00-04:00,0.9599000215530396,0.9599000215530396,0.9599000215530396,0.9599000215530396,424,0.0,0.0
2024-09-13 12:35:00-04:00,0.941100001335144,0.941100001335144,0.941100001335144,0.941100001335144,1988,0.0,0.0
2024-09-13 12:45:00-04:00,0.9599000215530396,0.9599000215530396,0.9599000215530396,0.9599000215530396,918,0.0,0.0
2024-09-13 13:10:00-04:00,0.949999988079071,0.949999988079071,0.949999988079071,0.949999988079071,2600,0.0,0.0
2024-09-13 13:15:00-04:00,0.949999988079071,0.949999988079071,0.949999988079071,0.949999988079071,0,0.0,0.0
2024-09-13 14:15:00-04:00,0.9690999984741211,0.9690999984741211,0.9690999984741211,0.9690999984741211,1839,0.0,0.0
2024-09-13 14:35:00-04:00,0.949999988079071,0.9545000195503235,0.949999988079071,0.9545000195503235,369,0.0,0.0
2024-09-13 14:55:00-04:00,0.965499997138977,0.9689000248908997,0.965499997138977,0.9689000248908997,1847,0.0,0.0
2024-09-13 15:00:00-04:00,0.9696000218391418,0.9696000218391418,0.9650999903678894,0.9650999903678894,2577,0.0,0.0
2024-09-13 15:05:00-04:00,0.9671000242233276,0.9671000242233276,0.9671000242233276,0.9671000242233276,499,0.0,0.0
2024-09-13 15:40:00-04:00,0.9599999785423279,0.9599999785423279,0.949999988079071,0.949999988079071,16063,0.0,0.0
2024-09-13 15:50:00-04:00,0.9659000039100647,0.9659000039100647,0.9659000039100647,0.9659000039100647,902,0.0,0.0
2024-09-13 15:55:00-04:00,0.949999988079071,0.9833999872207642,0.949999988079071,0.9679999947547913,5956,0.0,0.0
2024-09-16 09:30:00-04:00,0.9900000095367432,1.0299999713897705,0.9900000095367432,1.0299999713897705,7094,0.0,0.0
2024-09-16 09:35:00-04:00,1.0499999523162842,1.0499999523162842,1.0299999713897705,1.0499000549316406,4173,0.0,0.0
2024-09-16 09:40:00-04:00,1.0499999523162842,1.059999942779541,1.0110000371932983,1.059999942779541,3023,0.0,0.0
2024-09-16 09:45:00-04:00,1.0399999618530273,1.0399999618530273,1.0099999904632568,1.0099999904632568,675,0.0,0.0
2024-09-16 09:50:00-04:00,1.0700000524520874,1.0700000524520874,1.0499999523162842,1.0700000524520874,4414,0.0,0.0
2024-09-16 09:55:00-04:00,1.090000033378601,1.090000033378601,1.0700000524520874,1.0800000429153442,2223,0.0,0.0
2024-09-16 10:00:00-04:00,1.100000023841858,1.100000023841858,1.100000023841858,1.100000023841858,740,0.0,0.0
2024-09-16 10:05:00-04:00,1.059999942779541,1.090000033378601,1.059999942779541,1.090000033378601,469,0.0,0.0
2024-09-16 10:15:00-04:00,1.0800000429153442,1.0800000429153442,1.0700000524520874,1.0700000524520874,3120,0.0,0.0
2024-09-16 10:25:00-04:00,1.0607999563217163,1.0607999563217163,1.059999942779541,1.059999942779541,1979,0.0,0.0
2024-09-16 10:30:00-04:00,1.0735000371932983,1.0750000476837158,1.059999942779541,1.059999942779541,0,0.0,0.0
2024-09-16 10:40:00-04:00,1.059999942779541,1.0700000524520874,1.059999942779541,1.059999942779541,677,0.0,0.0
2024-09-16 10:45:00-04:00,1.059999942779541,1.059999942779541,1.059999942779541,1.059999942779541,204,0.0,0.0
2024-09-16 11:15:00-04:00,1.065000057220459,1.065000057220459,1.0604000091552734,1.0604000091552734,1000,0.0,0.0
2024-09-16 11:20:00-04:00,1.0609999895095825,1.090000033378601,1.059999942779541,1.090000033378601,2900,0.0,0.0
2024-09-16 11:25:00-04:00,1.100000023841858,1.100000023841858,1.0999000072479248,1.100000023841858,1148,0.0,0.0
2024-09-16 11:30:00-04:00,1.059999942779541,1.059999942779541,1.059999942779541,1.059999942779541,2040,0.0,0.0
2024-09-16 11:45:00-04:00,1.0607000589370728,1.0607000589370728,1.0607000589370728,1.0607000589370728,3016,0.0,0.0
2024-09-16 11:50:00-04:00,1.0651999711990356,1.0651999711990356,1.0651999711990356,1.0651999711990356,216,0.0,0.0
2024-09-16 12:00:00-04:00,1.0700000524520874,1.0700000524520874,1.0700000524520874,1.0700000524520874,975,0.0,0.0
2024-09-16 12:15:00-04:00,1.090000033378601,1.090000033378601,1.090000033378601,1.090000033378601,230,0.0,0.0
2024-09-16 12:20:00-04:00,1.090000033378601,1.090000033378601,1.0744999647140503,1.0744999647140503,556,0.0,0.0
2024-09-16 12:30:00-04:00,1.0703999996185303,1.090000033378601,1.0703999996185303,1.090000033378601,460,0.0,0.0
2024-09-16 12:35:00-04:00,1.0886000394821167,1.090000033378601,1.0700000524520874,1.0700000524520874,1308,0.0,0.0
2024-09-16 12:40:00-04:00,1.070099949836731,1.070099949836731,1.070099949836731,1.070099949836731,913,0.0,0.0
2024-09-16 12:45:00-04:00,1.0710999965667725,1.0800000429153442,1.0700000524520874,1.0700000524520874,3006,0.0,0.0
2024-09-16 12:50:00-04:00,1.0800000429153442,1.0800000429153442,1.0750000476837158,1.0750000476837158,2087,0.0,0.0
2024-09-16 13:10:00-04:00,1.0800000429153442,1.0800000429153442,1.0700000524520874,1.0700000524520874,800,0.0,0.0
2024-09-16 13:15:00-04:00,1.059999942779541,1.0742000341415405,1.059999942779541,1.0742000341415405,3900,0.0,0.0
2024-09-16 13:20:00-04:00,1.067199945449829,1.067199945449829,1.059999942779541,1.0664000511169434,2536,0.0,0.0
2024-09-16 13:30:00-04:00,1.0599000453948975,1.0599000453948975,1.0499999523162842,1.0499999523162842,3254,0.0,0.0
2024-09-16 13:35:00-04:00,1.0514999628067017,1.0521999597549438,1.0514999628067017,1.0521999597549438,3058,0.0,0.0
2024-09-16 13:40:00-04:00,1.0549999475479126,1.0549999475479126,1.0499999523162842,1.0499999523162842,4074,0.0,0.0
2024-09-16 14:00:00-04:00,1.0598000288009644,1.0598000288009644,1.0598000288009644,1.0598000288009644,225,0.0,0.0
2024-09-16 14:10:00-04:00,1.0549999475479126,1.059999942779541,1.0499999523162842,1.0499999523162842,8302,0.0,0.0
2024-09-16 14:15:00-04:00,1.0499999523162842,1.0499999523162842,1.0399999618530273,1.0399999618530273,1218,0.0,0.0
2024-09-16 14:35:00-04:00,1.0399999618530273,1.0399999618530273,1.0399999618530273,1.0399999618530273,396,0.0,0.0
2024-09-16 14:45:00-04:00,1.0499999523162842,1.0499999523162842,1.0499999523162842,1.0499999523162842,2278,0.0,0.0
2024-09-16 14:55:00-04:00,1.0499999523162842,1.0499999523162842,1.0499999523162842,1.0499999523162842,546,0.0,0.0
2024-09-16 15:20:00-04:00,1.0599000453948975,1.0599000453948975,1.0599000453948975,1.0599000453948975,0,0.0,0.0
2024-09-16 15:35:00-04:00,1.0587999820709229,1.0587999820709229,1.0587999820709229,1.0587999820709229,83791,0.0,0.0
2024-09-16 15:55:00-04:00,1.0499999523162842,1.059999942779541,1.0499999523162842,1.0499999523162842,507,0.0,0.0
2024-09-17 09:30:00-04:00,1.0499999523162842,1.0602999925613403,1.0399999618530273,1.0499999523162842,31020,0.0,0.0
2024-09-17 09:35:00-04:00,1.0799000263214111,1.0800000429153442,1.0499999523162842,1.0800000429153442,13280,0.0,0.0
2024-09-17 09:40:00-04:00,1.0850000381469727,1.1200000047683716,1.0850000381469727,1.1200000047683716,24699,0.0,0.0
2024-09-17 09:45:00-04:00,1.1191999912261963,1.149999976158142,1.1191999912261963,1.1201000213623047,12744,0.0,0.0
2024-09-17 09:50:00-04:00,1.1299999952316284,1.149999976158142,1.1299999952316284,1.1399999856948853,4936,0.0,0.0
2024-09-17 09:55:00-04:00,1.149899959564209,1.1699999570846558,1.1399999856948853,1.1699999570846558,11934,0.0,0.0
2024-09-17 10:00:00-04:00,1.1668000221252441,1.190000057220459,1.159999966621399,1.1710000038146973,16851,0.0,0.0
2024-09-17 10:05:00-04:00,1.184999942779541,1.190000057220459,1.149999976158142,1.1647000312805176,16097,0.0,0.0
2024-09-17 10:10:00-04:00,1.1500999927520752,1.1797000169754028,1.1500999927520752,1.1619999408721924,10345,0.0,0.0
2024-09-17 10:15:00-04:00,1.1799999475479126,1.2000000476837158,1.179900050163269,1.184999942779541,18818,0.0,0.0
2024-09-17 10:20:00-04:00,1.2000000476837158,1.2100000381469727,1.1800999641418457,1.1864999532699585,13441,0.0,0.0
2024-09-17 10:25:00-04:00,1.2094000577926636,1.2099000215530396,1.1799999475479126,1.1833000183105469,6982,0.0,0.0
2024-09-17 10:30:00-04:00,1.190000057220459,1.2075999975204468,1.190000057220459,1.2075999975204468,7465,0.0,0.0
2024-09-17 10:35:00-04:00,1.2000000476837158,1.2091000080108643,1.190000057220459,1.2091000080108643,3123,0.0,0.0
2024-09-17 10:40:00-04:00,1.2000000476837158,1.2079999446868896,1.190600037574768,1.1967999935150146,4022,0.0,0.0
2024-09-17 10:45:00-04:00,1.190000057220459,1.2022000551223755,1.1800999641418457,1.1950000524520874,4704,0.0,0.0
2024-09-17 10:50:00-04:00,1.2100000381469727,1.2100000381469727,1.191499948501587,1.1922999620437622,2879,0.0,0.0
2024-09-17 10:55:00-04:00,1.2000000476837158,1.2000000476837158,1.184999942779541,1.184999942779541,9068,0.0,0.0
2024-09-17 11:00:00-04:00,1.1835999488830566,1.1835999488830566,1.1835999488830566,1.1835999488830566,67,0.0,0.0
2024-09-17 11:05:00-04:00,1.1891000270843506,1.1891000270843506,1.18340003490448,1.18340003490448,3388,0.0,0.0
2024-09-17 11:10:00-04:00,1.190000057220459,1.190000057220459,1.1800999641418457,1.190000057220459,35525,0.0,0.0
2024-09-17 11:15:00-04:00,1.2050000429153442,1.2050000429153442,1.2050000429153442,1.2050000429153442,672,0.0,0.0
2024-09-17 11:20:00-04:00,1.1950000524520874,1.1998000144958496,1.1950000524520874,1.1998000144958496,3731,0.0,0.0
2024-09-17 11:25:00-04:00,1.1800999641418457,1.1801999807357788,1.1799999475479126,1.1801999807357788,8501,0.0,0.0
2024-09-17 11:30:00-04:00,1.1799999475479126,1.1931999921798706,1.1699999570846558,1.1931999921798706,3676,0.0,0.0
2024-09-17 11:35:00-04:00,1.1799999475479126,1.190000057220459,1.1799999475479126,1.190000057220459,1151,0.0,0.0
2024-09-17 11:40:00-04:00,1.190000057220459,1.190000057220459,1.1883000135421753,1.1883000135421753,145,0.0,0.0
2024-09-17 11:45:00-04:00,1.190000057220459,1.1986000537872314,1.190000057220459,1.1986000537872314,1026,0.0,0.0
2024-09-17 11:50:00-04:00,1.190000057220459,1.2000000476837158,1.190000057220459,1.2000000476837158,16631,0.0,0.0
2024-09-17 11:55:00-04:00,1.190000057220459,1.2000000476837158,1.190000057220459,1.190000057220459,8193,0.0,0.0
2024-09-17 12:00:00-04:00,1.190000057220459,1.190000057220459,1.190000057220459,1.190000057220459,200,0.0,0.0
2024-09-17 12:05:00-04:00,1.190000057220459,1.190000057220459,1.190000057220459,1.190000057220459,6419,0.0,0.0
2024-09-17 12:10:00-04:00,1.1907999515533447,1.1950000524520874,1.190000057220459,1.190000057220459,14218,0.0,0.0
2024-09-17 12:15:00-04:00,1.1993000507354736,1.1993000507354736,1.1993000507354736,1.1993000507354736,185,0.0,0.0
2024-09-17 12:20:00-04:00,1.1993000507354736,1.1993000507354736,1.190000057220459,1.1943999528884888,2946,0.0,0.0
2024-09-17 12:30:00-04:00,1.2000000476837158,1.2000000476837158,1.1800999641418457,1.1800999641418457,3642,0.0,0.0
2024-09-17 12:35:00-04:00,1.180999994277954,1.180999994277954,1.180999994277954,1.180999994277954,4279,0.0,0.0
2024-09-17 12:40:00-04:00,1.2000000476837158,1.2000000476837158,1.190000057220459,1.190000057220459,0,0.0,0.0
2024-09-17 12:45:00-04:00,1.1900999546051025,1.1900999546051025,1.1900999546051025,1.1900999546051025,405,0.0,0.0
2024-09-17 12:55:00-04:00,1.184999942779541,1.190000057220459,1.184999942779541,1.190000057220459,1255,0.0,0.0
2024-09-17 13:00:00-04:00,1.1799999475479126,1.1799999475479126,1.1603000164031982,1.1603000164031982,6270,0.0,0.0
2024-09-17 13:10:00-04:00,1.1607999801635742,1.1607999801635742,1.1607999801635742,1.1607999801635742,313,0.0,0.0
2024-09-17 13:15:00-04:00,1.1699999570846558,1.1699999570846558,1.1699999570846558,1.1699999570846558,703,0.0,0.0
2024-09-17 13:20:00-04:00,1.179900050163269,1.179900050163269,1.179900050163269,1.179900050163269,237,0.0,0.0
2024-09-17 13:30:00-04:00,1.179800033569336,1.179800033569336,1.179800033569336,1.179800033569336,2000,0.0,0.0
2024-09-17 13:35:00-04:00,1.1699999570846558,1.1699999570846558,1.1699999570846558,1.1699999570846558,600,0.0,0.0
2024-09-17 13:40:00-04:00,1.1699999570846558,1.1713000535964966,1.1699999570846558,1.170799970626831,1925,0.0,0.0
2024-09-17 13:50:00-04:00,1.1750999689102173,1.1750999689102173,1.1750999689102173,1.1750999689102173,101,0.0,0.0
2024-09-17 14:05:00-04:00,1.179900050163269,1.1799999475479126,1.1699999570846558,1.1699999570846558,5650,0.0,0.0
2024-09-17 14:10:00-04:00,1.1792999505996704,1.1792999505996704,1.1792999505996704,1.1792999505996704,573,0.0,0.0
2024-09-17 14:20:00-04:00,1.1749999523162842,1.1749999523162842,1.1749999523162842,1.1749999523162842,147,0.0,0.0
2024-09-17 14:25:00-04:00,1.1799999475479126,1.1799999475479126,1.1799999475479126,1.1799999475479126,251,0.0,0.0
2024-09-17 14:30:00-04:00,1.1784000396728516,1.1799999475479126,1.1784000396728516,1.1799999475479126,5018,0.0,0.0
2024-09-17 14:45:00-04:00,1.1799999475479126,1.1799999475479126,1.1699999570846558,1.1699999570846558,3011,0.0,0.0
2024-09-17 14:55:00-04:00,1.1699999570846558,1.1699999570846558,1.1699999570846558,1.1699999570846558,3485,0.0,0.0
2024-09-17 15:00:00-04:00,1.159999966621399,1.159999966621399,1.159999966621399,1.159999966621399,500,0.0,0.0
2024-09-17 15:05:00-04:00,1.1519999504089355,1.1685999631881714,1.149999976158142,1.1685999631881714,1704,0.0,0.0
2024-09-17 15:10:00-04:00,1.159999966621399,1.159999966621399,1.159999966621399,1.159999966621399,801,0.0,0.0
2024-09-17 15:15:00-04:00,1.1649999618530273,1.1649999618530273,1.1649999618530273,1.1649999618530273,4826,0.0,0.0
2024-09-17 15:20:00-04:00,1.1549999713897705,1.1549999713897705,1.1549999713897705,1.1549999713897705,864,0.0,0.0
2024-09-17 15:25:00-04:00,1.1597000360488892,1.1597000360488892,1.1597000360488892,1.1597000360488892,368,0.0,0.0
2024-09-17 15:30:00-04:00,1.159999966621399,1.159999966621399,1.159999966621399,1.159999966621399,247,0.0,0.0
2024-09-17 15:40:00-04:00,1.1509000062942505,1.1509000062942505,1.1502000093460083,1.1502000093460083,1407,0.0,0.0
2024-09-17 15:50:00-04:00,1.159500002861023,1.159999966621399,1.151900053024292,1.1562999486923218,6104,0.0,0.0
2024-09-17 15:55:00-04:00,1.1507999897003174,1.1649999618530273,1.1507999897003174,1.1649999618530273,10319,0.0,0.0
2024-09-18 09:30:00-04:00,1.1699999570846558,1.1792999505996704,1.149999976158142,1.15910005569458,16166,0.0,0.0
2024-09-18 09:35:00-04:00,1.1588000059127808,1.1588000059127808,1.1588000059127808,1.1588000059127808,229,0.0,0.0
2024-09-18 09:40:00-04:00,1.159500002861023,1.159500002861023,1.149999976158142,1.149999976158142,5725,0.0,0.0
2024-09-18 09:45:00-04:00,1.15910005569458,1.1598999500274658,1.149999976158142,1.1589000225067139,1365,0.0,0.0
2024-09-18 09:50:00-04:00,1.159999966621399,1.159999966621399,1.149999976158142,1.1500999927520752,6309,0.0,0.0
2024-09-18 09:55:00-04:00,1.1512999534606934,1.159999966621399,1.149999976158142,1.159999966621399,4618,0.0,0.0
2024-09-18 10:00:00-04:00,1.1549999713897705,1.1549999713897705,1.1549999713897705,1.1549999713897705,2861,0.0,0.0
2024-09-18 10:05:00-04:00,1.1549999713897705,1.1586999893188477,1.1549999713897705,1.1549999713897705,791,0.0,0.0
2024-09-18 10:10:00-04:00,1.1574000120162964,1.1574000120162964,1.1549999713897705,1.1549999713897705,2323,0.0,0.0
2024-09-18 10:15:00-04:00,1.149999976158142,1.1512999534606934,1.149999976158142,1.1512999534606934,2020,0.0,0.0
2024-09-18 10:20:00-04:00,1.149999976158142,1.1598999500274658,1.149999976158142,1.1598999500274658,963,0.0,0.0
2024-09-18 10:25:00-04:00,1.159000039100647,1.159000039100647,1.159000039100647,1.159000039100647,472,0.0,0.0
2024-09-18 10:45:00-04:00,1.1549999713897705,1.1549999713897705,1.1549999713897705,1.1549999713897705,2110,0.0,0.0
2024-09-18 10:50:00-04:00,1.149999976158142,1.149999976158142,1.149999976158142,1.149999976158142,0,0.0,0.0
2024-09-18 10:55:00-04:00,1.159999966621399,1.159999966621399,1.1500999927520752,1.1500999927520752,4829,0.0,0.0
2024-09-18 11:00:00-04:00,1.149999976158142,1.1542999744415283,1.149999976158142,1.1542999744415283,344,0.0,0.0
2024-09-18 11:05:00-04:00,1.1549999713897705,1.1549999713897705,1.1549999713897705,1.1549999713897705,241,0.0,0.0
2024-09-18 11:10:00-04:00,1.159999966621399,1.159999966621399,1.159999966621399,1.159999966621399,1003,0.0,0.0
2024-09-18 11:20:00-04:00,1.149999976158142,1.149999976158142,1.149999976158142,1.149999976158142,200,0.0,0.0
2024-09-18 11:25:00-04:00,1.156000018119812,1.156000018119812,1.149999976158142,1.149999976158142,3644,0.0,0.0
2024-09-18 11:30:00-04:00,1.1578999757766724,1.1578999757766724,1.1578999757766724,1.1578999757766724,1272,0.0,0.0
2024-09-18 11:35:00-04:00,1.149999976158142,1.149999976158142,1.149999976158142,1.149999976158142,2009,0.0,0.0
2024-09-18 11:40:00-04:00,1.149999976158142,1.1549999713897705,1.149999976158142,1.149999976158142,802,0.0,0.0
2024-09-18 11:45:00-04:00,1.1510000228881836,1.1510000228881836,1.1299999952316284,1.1299999952316284,12301,0.0,0.0
2024-09-18 12:05:00-04:00,1.1495000123977661,1.1495000123977661,1.1299999952316284,1.1407999992370605,8649,0.0,0.0
2024-09-18 12:20:00-04:00,1.1399999856948853,1.1399999856948853,1.1399999856948853,1.1399999856948853,500,0.0,0.0
2024-09-18 12:25:00-04:00,1.1431000232696533,1.1431000232696533,1.1431000232696533,1.1431000232696533,668,0.0,0.0
2024-09-18 12:30:00-04:00,1.1399999856948853,1.1399999856948853,1.1399999856948853,1.1399999856948853,1809,0.0,0.0
2024-09-18 12:35:00-04:00,1.1200000047683716,1.149999976158142,1.1200000047683716,1.149999976158142,925,0.0,0.0
2024-09-18 12:45:00-04:00,1.1100000143051147,1.1100000143051147,1.1100000143051147,1.1100000143051147,2910,0.0,0.0
2024-09-18 12:50:00-04:00,1.1100000143051147,1.1200000047683716,1.1100000143051147,1.1200000047683716,0,0.0,0.0
2024-09-18 12:55:00-04:00,1.1100000143051147,1.1100000143051147,1.1100000143051147,1.1100000143051147,0,0.0,0.0
2024-09-18 13:00:00-04:00,1.1298999786376953,1.1298999786376953,1.1298999786376953,1.1298999786376953,603,0.0,0.0
2024-09-18 13:05:00-04:00,1.1100000143051147,1.1291999816894531,1.1100000143051147,1.1291999816894531,274,0.0,0.0
2024-09-18 13:10:00-04:00,1.1100000143051147,1.1100000143051147,1.1100000143051147,1.1100000143051147,483,0.0,0.0
2024-09-18 13:15:00-04:00,1.1100000143051147,1.1100000143051147,1.1100000143051147,1.1100000143051147,100,0.0,0.0
2024-09-18 13:20:00-04:00,1.1100000143051147,1.1100000143051147,1.1100000143051147,1.1100000143051147,160,0.0,0.0
2024-09-18 13:25:00-04:00,1.1200000047683716,1.1299999952316284,1.1200000047683716,1.1299999952316284,3120,0.0,0.0
2024-09-18 13:40:00-04:00,1.1200000047683716,1.1200000047683716,1.1200000047683716,1.1200000047683716,1000,0.0,0.0
2024-09-18 13:50:00-04:00,1.1150000095367432,1.1150000095367432,1.1150000095367432,1.1150000095367432,6286,0.0,0.0
2024-09-18 14:00:00-04:00,1.0800000429153442,1.0800000429153442,1.0707000494003296,1.0707000494003296,4261,0.0,0.0
2024-09-18 14:05:00-04:00,1.0705000162124634,1.0705000162124634,1.0700000524520874,1.0700000524520874,810,0.0,0.0
2024-09-18 14:10:00-04:00,1.0600999593734741,1.0600999593734741,1.059999942779541,1.059999942779541,12882,0.0,0.0
2024-09-18 14:15:00-04:00,1.059999942779541,1.0729999542236328,1.059999942779541,1.0700000524520874,5377,0.0,0.0
2024-09-18 14:20:00-04:00,1.0800000429153442,1.0800000429153442,1.0499999523162842,1.0499999523162842,3943,0.0,0.0
2024-09-18 14:25:00-04:00,1.0770000219345093,1.0770000219345093,1.0770000219345093,1.0770000219345093,1550,0.0,0.0
2024-09-18 14:30:00-04:00,1.059999942779541,1.059999942779541,1.0448999404907227,1.0448999404907227,18304,0.0,0.0
2024-09-18 14:35:00-04:00,1.059999942779541,1.059999942779541,1.059999942779541,1.059999942779541,512,0.0,0.0
2024-09-18 14:40:00-04:00,1.059999942779541,1.059999942779541,1.059999942779541,1.059999942779541,241,0.0,0.0
2024-09-18 14:45:00-04:00,1.059999942779541,1.059999942779541,1.059999942779541,1.059999942779541,625,0.0,0.0
2024-09-18 15:00:00-04:00,1.0499999523162842,1.0549999475479126,1.0499999523162842,1.0549999475479126,3364,0.0,0.0
2024-09-18 15:05:00-04:00,1.0549999475479126,1.0700000524520874,1.0549999475479126,1.069200038909912,3084,0.0,0.0
2024-09-18 15:10:00-04:00,1.059999942779541,1.065000057220459,1.0503000020980835,1.059999942779541,1661,0.0,0.0
2024-09-18 15:15:00-04:00,1.067199945449829,1.067199945449829,1.067199945449829,1.067199945449829,569,0.0,0.0
2024-09-18 15:25:00-04:00,1.0499999523162842,1.0499999523162842,1.0422999858856201,1.0499999523162842,2567,0.0,0.0
2024-09-18 15:35:00-04:00,1.0400999784469604,1.058500051498413,1.0400999784469604,1.058500051498413,1255,0.0,0.0
2024-09-18 15:40:00-04:00,1.0499999523162842,1.0499999523162842,1.0499999523162842,1.0499999523162842,1592,0.0,0.0
2024-09-18 15:45:00-04:00,1.0499999523162842,1.0499999523162842,1.0499999523162842,1.0499999523162842,641,0.0,0.0
2024-09-18 15:50:00-04:00,1.0399999618530273,1.0499999523162842,1.0399999618530273,1.0499999523162842,11502,0.0,0.0
2024-09-18 15:55:00-04:00,1.0499999523162842,1.0700000524520874,1.0499999523162842,1.0700000524520874,18493,0.0,0.0
2024-09-19 09:30:00-04:00,1.1299999952316284,1.1299999952316284,1.1104999780654907,1.1200000047683716,21384,0.0,0.0
2024-09-19 09:35:00-04:00,1.1100000143051147,1.1200000047683716,1.1100000143051147,1.1200000047683716,2522,0.0,0.0
2024-09-19 09:40:00-04:00,1.1291999816894531,1.1299999952316284,1.1200000047683716,1.125,2729,0.0,0.0
2024-09-19 09:45:00-04:00,1.125,1.1299999952316284,1.1201000213623047,1.1299999952316284,2963,0.0,0.0
2024-09-19 09:50:00-04:00,1.128000020980835,1.1299999952316284,1.128000020980835,1.129699945449829,11142,0.0,0.0
2024-09-19 09:55:00-04:00,1.1323000192642212,1.1323000192642212,1.1323000192642212,1.1323000192642212,153,0.0,0.0
2024-09-19 10:05:00-04:00,1.1571999788284302,1.1799999475479126,1.1571999788284302,1.1799999475479126,10933,0.0,0.0
2024-09-19 10:10:00-04:00,1.1780999898910522,1.1799999475479126,1.1780999898910522,1.1789000034332275,5684,0.0,0.0
2024-09-19 10:15:00-04:00,1.1799999475479126,1.1799999475479126,1.1799999475479126,1.1799999475479126,10362,0.0,0.0
2024-09-19 10:20:00-04:00,1.1913000345230103,1.2122000455856323,1.190000057220459,1.2122000455856323,33694,0.0,0.0
2024-09-19 10:25:00-04:00,1.2200000286102295,1.2200000286102295,1.2100000381469727,1.2105000019073486,4652,0.0,0.0
2024-09-19 10:30:00-04:00,1.2200000286102295,1.2200000286102295,1.2100000381469727,1.2100000381469727,18721,0.0,0.0
2024-09-19 10:35:00-04:00,1.2000999450683594,1.2127000093460083,1.2000000476837158,1.2000000476837158,0,0.0,0.0
2024-09-19 10:40:00-04:00,1.2009999752044678,1.2009999752044678,1.2009999752044678,1.2009999752044678,999,0.0,0.0
2024-09-19 10:45:00-04:00,1.2000000476837158,1.2200000286102295,1.190000057220459,1.2199000120162964,5495,0.0,0.0
2024-09-19 10:50:00-04:00,1.1799999475479126,1.2000000476837158,1.1799999475479126,1.190000057220459,675,0.0,0.0
2024-09-19 10:55:00-04:00,1.1950000524520874,1.2200000286102295,1.1950000524520874,1.2009999752044678,3652,0.0,0.0
2024-09-19 11:00:00-04:00,1.2200000286102295,1.2200000286102295,1.2134000062942505,1.2134000062942505,394,0.0,0.0
2024-09-19 11:05:00-04:00,1.215000033378601,1.2699999809265137,1.2101000547409058,1.2687000036239624,35473,0.0,0.0
2024-09-19 11:10:00-04:00,1.2656999826431274,1.2999999523162842,1.2599999904632568,1.2879999876022339,10947,0.0,0.0
2024-09-19 11:15:00-04:00,1.274999976158142,1.274999976158142,1.2300000190734863,1.2300000190734863,11248,0.0,0.0
2024-09-19 11:20:00-04:00,1.2999999523162842,1.2999999523162842,1.2799999713897705,1.2799999713897705,1065,0.0,0.0
2024-09-19 11:25:00-04:00,1.2813999652862549,1.2889000177383423,1.2813999652862549,1.2889000177383423,652,0.0,0.0
2024-09-19 11:30:00-04:00,1.2899999618530273,1.2899999618530273,1.2800999879837036,1.2800999879837036,3620,0.0,0.0
2024-09-19 11:35:00-04:00,1.2799999713897705,1.2999999523162842,1.2799999713897705,1.2999999523162842,12414,0.0,0.0
2024-09-19 11:40:00-04:00,1.29830002784729,1.29830002784729,1.2799999713897705,1.2799999713897705,8178,0.0,0.0
2024-09-19 11:45:00-04:00,1.2649999856948853,1.2649999856948853,1.2401000261306763,1.2450000047683716,1280,0.0,0.0
2024-09-19 11:50:00-04:00,1.2400000095367432,1.25,1.2400000095367432,1.2400000095367432,1314,0.0,0.0
2024-09-19 11:55:00-04:00,1.2450000047683716,1.25,1.2450000047683716,1.2450000047683716,1832,0.0,0.0
2024-09-19 12:00:00-04:00,1.2401000261306763,1.2401000261306763,1.2401000261306763,1.2401000261306763,1092,0.0,0.0
2024-09-19 12:05:00-04:00,1.2400000095367432,1.2400000095367432,1.2350000143051147,1.2350000143051147,6283,0.0,0.0
2024-09-19 12:10:00-04:00,1.2301000356674194,1.2400000095367432,1.2301000356674194,1.2350000143051147,2006,0.0,0.0
2024-09-19 12:15:00-04:00,1.2400000095367432,1.2400000095367432,1.2350000143051147,1.2400000095367432,4052,0.0,0.0
2024-09-19 12:20:00-04:00,1.2400000095367432,1.2400000095367432,1.2400000095367432,1.2400000095367432,1376,0.0,0.0
2024-09-19 12:25:00-04:00,1.2309000492095947,1.2309000492095947,1.2309000492095947,1.2309000492095947,419,0.0,0.0
2024-09-19 12:30:00-04:00,1.23989999294281,1.23989999294281,1.23989999294281,1.23989999294281,256,0.0,0.0
2024-09-19 12:35:00-04:00,1.2324999570846558,1.2324999570846558,1.2324999570846558,1.2324999570846558,1399,0.0,0.0
2024-09-19 12:40:00-04:00,1.212499976158142,1.2200000286102295,1.2101000547409058,1.215000033378601,9619,0.0,0.0
2024-09-19 12:45:00-04:00,1.219499945640564,1.219499945640564,1.1800999641418457,1.1990000009536743,3742,0.0,0.0
2024-09-19 12:50:00-04:00,1.190000057220459,1.1926000118255615,1.190000057220459,1.1926000118255615,1466,0.0,0.0
2024-09-19 12:55:00-04:00,1.1991000175476074,1.2300000190734863,1.1991000175476074,1.2300000190734863,27918,0.0,0.0
2024-09-19 13:00:00-04:00,1.2484999895095825,1.2484999895095825,1.2484999895095825,1.2484999895095825,876,0.0,0.0
2024-09-19 13:10:00-04:00,1.2400000095367432,1.2400000095367432,1.2400000095367432,1.2400000095367432,383,0.0,0.0
2024-09-19 13:15:00-04:00,1.2400000095367432,1.2466000318527222,1.2400000095367432,1.2466000318527222,1624,0.0,0.0
2024-09-19 13:20:00-04:00,1.2400000095367432,1.2400000095367432,1.2400000095367432,1.2400000095367432,0,0.0,0.0
2024-09-19 13:25:00-04:00,1.231600046157837,1.25,1.231600046157837,1.25,0,0.0,0.0
2024-09-19 13:30:00-04:00,1.2400000095367432,1.2400000095367432,1.2400000095367432,1.2400000095367432,286435,0.0,0.0
2024-09-19 13:35:00-04:00,1.2401000261306763,1.2401000261306763,1.2401000261306763,1.2401000261306763,110,0.0,0.0
2024-09-19 13:40:00-04:00,1.2450000047683716,1.248900055885315,1.2400000095367432,1.2400000095367432,502,0.0,0.0
2024-09-19 13:45:00-04:00,1.2400000095367432,1.25,1.2400000095367432,1.25,1591,0.0,0.0
2024-09-19 13:50:00-04:00,1.2400000095367432,1.2400000095367432,1.2400000095367432,1.2400000095367432,1388,0.0,0.0
2024-09-19 14:10:00-04:00,1.2400000095367432,1.25,1.2400000095367432,1.25,780,0.0,0.0
2024-09-19 14:15:00-04:00,1.2408000230789185,1.2408000230789185,1.2400000095367432,1.2400000095367432,2200,0.0,0.0
2024-09-19 14:25:00-04:00,1.2300000190734863,1.2309999465942383,1.2200000286102295,1.2200000286102295,7457,0.0,0.0
2024-09-19 14:30:00-04:00,1.2400000095367432,1.2400000095367432,1.2201000452041626,1.2201000452041626,1293,0.0,0.0
2024-09-19 14:35:00-04:00,1.2300000190734863,1.2300000190734863,1.2300000190734863,1.2300000190734863,0,0.0,0.0
2024-09-19 14:40:00-04:00,1.225000023841858,1.225000023841858,1.225000023841858,1.225000023841858,852,0.0,0.0
2024-09-19 14:50:00-04:00,1.2299000024795532,1.2300000190734863,1.225000023841858,1.2300000190734863,2157,0.0,0.0
2024-09-19 14:55:00-04:00,1.2300000190734863,1.2699999809265137,1.2300000190734863,1.2549999952316284,5703,0.0,0.0
2024-09-19 15:00:00-04:00,1.2698999643325806,1.2698999643325806,1.250100016593933,1.250100016593933,602,0.0,0.0
2024-09-19 15:05:00-04:00,1.2599999904632568,1.3899999856948853,1.2599999904632568,1.3799999952316284,58748,0.0,0.0
2024-09-19 15:10:00-04:00,1.3600000143051147,1.3899999856948853,1.320099949836731,1.3799999952316284,22651,0.0,0.0
2024-09-19 15:15:00-04:00,1.3600000143051147,1.4600000381469727,1.3600000143051147,1.4500000476837158,77405,0.0,0.0
2024-09-19 15:20:00-04:00,1.4493999481201172,1.4509999752044678,1.399999976158142,1.4049999713897705,58220,0.0,0.0
2024-09-19 15:25:00-04:00,1.409999966621399,1.4500000476837158,1.399999976158142,1.434399962425232,21994,0.0,0.0
2024-09-19 15:30:00-04:00,1.4579999446868896,1.4800000190734863,1.440000057220459,1.4471999406814575,22080,0.0,0.0
2024-09-19 15:35:00-04:00,1.4500000476837158,1.4700000286102295,1.440000057220459,1.4692000150680542,14097,0.0,0.0
2024-09-19 15:40:00-04:00,1.4601000547409058,1.4601000547409058,1.4400999546051025,1.4500000476837158,28474,0.0,0.0
2024-09-19 15:45:00-04:00,1.4424999952316284,1.4500000476837158,1.440000057220459,1.4500000476837158,15410,0.0,0.0
2024-09-19 15:50:00-04:00,1.4500000476837158,1.4599000215530396,1.440000057220459,1.4479999542236328,24079,0.0,0.0
2024-09-19 15:55:00-04:00,1.434999942779541,1.4500000476837158,1.4199999570846558,1.4200999736785889,17430,0.0,0.0
2024-09-20 09:30:00-04:00,1.4199999570846558,1.4199999570846558,1.350000023841858,1.350000023841858,62337,0.0,0.0
2024-09-20 09:35:00-04:00,1.36489999294281,1.409999966621399,1.3600000143051147,1.3609000444412231,17811,0.0,0.0
2024-09-20 09:40:00-04:00,1.3702000379562378,1.3702000379562378,1.3300000429153442,1.3387999534606934,36074,0.0,0.0
2024-09-20 09:45:00-04:00,1.3300000429153442,1.3300000429153442,1.284999966621399,1.284999966621399,29844,0.0,0.0
2024-09-20 09:50:00-04:00,1.2960000038146973,1.3200000524520874,1.2960000038146973,1.3116999864578247,2961,0.0,0.0
2024-09-20 09:55:00-04:00,1.3271000385284424,1.3300000429153442,1.3200000524520874,1.3200000524520874,3304,0.0,0.0
2024-09-20 10:00:00-04:00,1.3200000524520874,1.3200000524520874,1.3200000524520874,1.3200000524520874,303,0.0,0.0
2024-09-20 10:05:00-04:00,1.309999942779541,1.309999942779541,1.309999942779541,1.309999942779541,216,0.0,0.0
2024-09-20 10:10:00-04:00,1.3199000358581543,1.3299000263214111,1.3199000358581543,1.3200000524520874,2703,0.0,0.0
2024-09-20 10:15:00-04:00,1.3301000595092773,1.3301000595092773,1.3301000595092773,1.3301000595092773,11272,0.0,0.0
2024-09-20 10:20:00-04:00,1.3300000429153442,1.3300000429153442,1.3300000429153442,1.3300000429153442,1477,0.0,0.0
2024-09-20 10:25:00-04:00,1.3350000381469727,1.340000033378601,1.3350000381469727,1.340000033378601,2009,0.0,0.0
2024-09-20 10:30:00-04:00,1.340000033378601,1.340000033378601,1.340000033378601,1.340000033378601,950,0.0,0.0
2024-09-20 10:40:00-04:00,1.340000033378601,1.340000033378601,1.340000033378601,1.340000033378601,747,0.0,0.0
2024-09-20 10:45:00-04:00,1.340000033378601,1.350000023841858,1.340000033378601,1.350000023841858,4432,0.0,0.0
2024-09-20 10:50:00-04:00,1.350000023841858,1.350000023841858,1.340000033378601,1.350000023841858,2175,0.0,0.0
2024-09-20 10:55:00-04:00,1.3450000286102295,1.3450000286102295,1.3450000286102295,1.3450000286102295,1500,0.0,0.0
2024-09-20 11:00:00-04:00,1.3598999977111816,1.3598999977111816,1.3598999977111816,1.3598999977111816,0,0.0,0.0
2024-09-20 11:10:00-04:00,1.3508000373840332,1.3508000373840332,1.3401000499725342,1.3401000499725342,185777,0.0,0.0
2024-09-20 11:15:00-04:00,1.3305000066757202,1.3305000066757202,1.3305000066757202,1.3305000066757202,862,0.0,0.0
2024-09-20 11:25:00-04:00,1.340000033378601,1.340000033378601,1.340000033378601,1.340000033378601,153,0.0,0.0
2024-09-20 11:30:00-04:00,1.350000023841858,1.3598999977111816,1.350000023841858,1.3598999977111816,6520,0.0,0.0
2024-09-20 11:35:00-04:00,1.3450000286102295,1.3450000286102295,1.3300000429153442,1.3359999656677246,7800,0.0,0.0
2024-09-20 11:40:00-04:00,1.3359999656677246,1.354699969291687,1.3300000429153442,1.3300000429153442,369,0.0,0.0
2024-09-20 11:55:00-04:00,1.340000033378601,1.340000033378601,1.340000033378601,1.340000033378601,584,0.0,0.0
2024-09-20 12:15:00-04:00,1.340000033378601,1.340000033378601,1.340000033378601,1.340000033378601,391,0.0,0.0
2024-09-20 12:30:00-04:00,1.340000033378601,1.340000033378601,1.340000033378601,1.340000033378601,226,0.0,0.0
2024-09-20 12:35:00-04:00,1.3300000429153442,1.3312000036239624,1.3300000429153442,1.3300000429153442,1356,0.0,0.0
2024-09-20 12:40:00-04:00,1.3300000429153442,1.3301000595092773,1.3144999742507935,1.315000057220459,10606,0.0,0.0
2024-09-20 12:45:00-04:00,1.2999999523162842,1.3040000200271606,1.2999999523162842,1.3040000200271606,428,0.0,0.0
2024-09-20 12:50:00-04:00,1.2999999523162842,1.309999942779541,1.2999999523162842,1.2999999523162842,8541,0.0,0.0
2024-09-20 12:55:00-04:00,1.2999999523162842,1.2999999523162842,1.2999999523162842,1.2999999523162842,197,0.0,0.0
2024-09-20 13:00:00-04:00,1.2899999618530273,1.2899999618530273,1.2799999713897705,1.2800999879837036,3148,0.0,0.0
2024-09-20 13:10:00-04:00,1.2999999523162842,1.309999942779541,1.2999999523162842,1.309999942779541,2426,0.0,0.0
2024-09-20 13:15:00-04:00,1.3200000524520874,1.3200000524520874,1.2899999618530273,1.2899999618530273,2545,0.0,0.0
2024-09-20 13:20:00-04:00,1.2799999713897705,1.2799999713897705,1.2799999713897705,1.2799999713897705,392,0.0,0.0
2024-09-20 13:25:00-04:00,1.2799999713897705,1.3004000186920166,1.2799999713897705,1.3004000186920166,5624,0.0,0.0
2024-09-20 13:30:00-04:00,1.309999942779541,1.309999942779541,1.3029999732971191,1.3029999732971191,0,0.0,0.0
2024-09-20 13:35:00-04:00,1.2949999570846558,1.2949999570846558,1.2949999570846558,1.2949999570846558,0,0.0,0.0
2024-09-20 13:50:00-04:00,1.309499979019165,1.309499979019165,1.309499979019165,1.309499979019165,102,0.0,0.0
2024-09-20 13:55:00-04:00,1.302899956703186,1.302899956703186,1.302899956703186,1.302899956703186,160,0.0,0.0
2024-09-20 14:05:00-04:00,1.2999999523162842,1.2999999523162842,1.2999999523162842,1.2999999523162842,516,0.0,0.0
2024-09-20 14:15:00-04:00,1.2999999523162842,1.309999942779541,1.2999999523162842,1.3037999868392944,5196,0.0,0.0
2024-09-20 14:20:00-04:00,1.309999942779541,1.309999942779541,1.3092000484466553,1.3092000484466553,1900,0.0,0.0
2024-09-20 14:25:00-04:00,1.309999942779541,1.309999942779541,1.309999942779541,1.309999942779541,200,0.0,0.0
2024-09-20 14:30:00-04:00,1.319000005722046,1.3200000524520874,1.319000005722046,1.3199000358581543,1780,0.0,0.0
2024-09-20 14:35:00-04:00,1.315000057220459,1.3200000524520874,1.315000057220459,1.3200000524520874,2952,0.0,0.0
2024-09-20 14:40:00-04:00,1.3200000524520874,1.3200000524520874,1.3199000358581543,1.3199000358581543,908,0.0,0.0
2024-09-20 14:45:00-04:00,1.3350000381469727,1.340000033378601,1.3300000429153442,1.340000033378601,4776,0.0,0.0
2024-09-20 14:55:00-04:00,1.3300000429153442,1.3300000429153442,1.3300000429153442,1.3300000429153442,1005,0.0,0.0
2024-09-20 15:00:00-04:00,1.3210999965667725,1.3210999965667725,1.3209999799728394,1.3209999799728394,70,0.0,0.0
2024-09-20 15:10:00-04:00,1.3300000429153442,1.3300000429153442,1.3300000429153442,1.3300000429153442,836,0.0,0.0
2024-09-20 15:15:00-04:00,1.3300000429153442,1.3300000429153442,1.3300000429153442,1.3300000429153442,301,0.0,0.0
2024-09-20 15:20:00-04:00,1.3250000476837158,1.340000033378601,1.3250000476837158,1.340000033378601,2650,0.0,0.0
2024-09-20 15:25:00-04:00,1.340000033378601,1.340000033378601,1.340000033378601,1.340000033378601,379,0.0,0.0
2024-09-20 15:30:00-04:00,1.315999984741211,1.315999984741211,1.315999984741211,1.315999984741211,624,0.0,0.0
2024-09-20 15:35:00-04:00,1.3342000246047974,1.3342000246047974,1.3342000246047974,1.3342000246047974,196,0.0,0.0
2024-09-20 15:40:00-04:00,1.3200000524520874,1.3200000524520874,1.3200000524520874,1.3200000524520874,275,0.0,0.0
2024-09-20 15:45:00-04:00,1.3300000429153442,1.3300000429153442,1.3300000429153442,1.3300000429153442,300,0.0,0.0
2024-09-20 15:50:00-04:00,1.340000033378601,1.3574999570846558,1.339900016784668,1.3507000207901,3963,0.0,0.0
2024-09-20 15:55:00-04:00,1.3600000143051147,1.3799999952316284,1.3598999977111816,1.3799999952316284,13221,0.0,0.0
2024-09-23 09:30:00-04:00,1.4199999570846558,1.4199999570846558,1.399999976158142,1.399999976158142,51191,0.0,0.0
2024-09-23 09:35:00-04:00,1.3858000040054321,1.3858000040054321,1.3661999702453613,1.3700000047683716,3914,0.0,0.0
2024-09-23 09:40:00-04:00,1.3681999444961548,1.3681999444961548,1.3681999444961548,1.3681999444961548,700,0.0,0.0
2024-09-23 09:45:00-04:00,1.3550000190734863,1.3550000190734863,1.3550000190734863,1.3550000190734863,3762,0.0,0.0
2024-09-23 09:50:00-04:00,1.350100040435791,1.3508000373840332,1.350100040435791,1.3508000373840332,2100,0.0,0.0
2024-09-23 09:55:00-04:00,1.350000023841858,1.350000023841858,1.350000023841858,1.350000023841858,1297,0.0,0.0
2024-09-23 10:00:00-04:00,1.3600000143051147,1.3600000143051147,1.3502000570297241,1.3502000570297241,1687,0.0,0.0
2024-09-23 10:05:00-04:00,1.350100040435791,1.350100040435791,1.350100040435791,1.350100040435791,1306,0.0,0.0
2024-09-23 10:10:00-04:00,1.340000033378601,1.340000033378601,1.3350000381469727,1.3350000381469727,5369,0.0,0.0
2024-09-23 10:25:00-04:00,1.320099949836731,1.320099949836731,1.320099949836731,1.320099949836731,1085,0.0,0.0
2024-09-23 10:30:00-04:00,1.3300000429153442,1.3300000429153442,1.2899999618530273,1.2899999618530273,11243,0.0,0.0
2024-09-23 10:40:00-04:00,1.309999942779541,1.309999942779541,1.309999942779541,1.309999942779541,400,0.0,0.0
2024-09-23 10:45:00-04:00,1.309999942779541,1.309999942779541,1.309999942779541,1.309999942779541,316,0.0,0.0
2024-09-23 10:50:00-04:00,1.309999942779541,1.309999942779541,1.309999942779541,1.309999942779541,339,0.0,0.0
2024-09-23 10:55:00-04:00,1.3073999881744385,1.3073999881744385,1.3006000518798828,1.3006000518798828,2095,0.0,0.0
2024-09-23 11:00:00-04:00,1.309999942779541,1.309999942779541,1.3071000576019287,1.309999942779541,625,0.0,0.0
2024-09-23 11:05:00-04:00,1.3499000072479248,1.3499000072479248,1.3499000072479248,1.3499000072479248,4196,0.0,0.0
2024-09-23 11:10:00-04:00,1.350000023841858,1.350000023841858,1.313599944114685,1.3300000429153442,2362,0.0,0.0
2024-09-23 11:30:00-04:00,1.3425999879837036,1.3450000286102295,1.3425999879837036,1.3450000286102295,703,0.0,0.0
2024-09-23 11:40:00-04:00,1.3761999607086182,1.3761999607086182,1.3761999607086182,1.3761999607086182,388,0.0,0.0
2024-09-23 11:50:00-04:00,1.309999942779541,1.3277000188827515,1.309999942779541,1.3277000188827515,508,0.0,0.0
2024-09-23 12:10:00-04:00,1.3200000524520874,1.3200000524520874,1.3200000524520874,1.3200000524520874,923,0.0,0.0
2024-09-23 12:20:00-04:00,1.3300000429153442,1.3300000429153442,1.3105000257492065,1.3105000257492065,2674,0.0,0.0
2024-09-23 12:35:00-04:00,1.3207000494003296,1.3207000494003296,1.3207000494003296,1.3207000494003296,5000,0.0,0.0
2024-09-23 12:40:00-04:00,1.3202999830245972,1.3202999830245972,1.3202999830245972,1.3202999830245972,0,0.0,0.0
2024-09-23 13:00:00-04:00,1.3100999593734741,1.3100999593734741,1.3100999593734741,1.3100999593734741,6239,0.0,0.0
2024-09-23 13:20:00-04:00,1.315000057220459,1.315000057220459,1.315000057220459,1.315000057220459,0,0.0,0.0
2024-09-23 13:50:00-04:00,1.3193000555038452,1.350000023841858,1.3193000555038452,1.350000023841858,116746,0.0,0.0
2024-09-23 13:55:00-04:00,1.340000033378601,1.340000033378601,1.340000033378601,1.340000033378601,5742,0.0,0.0
2024-09-23 14:00:00-04:00,1.3200000524520874,1.3200000524520874,1.3200000524520874,1.3200000524520874,827,0.0,0.0
2024-09-23 14:15:00-04:00,1.3194999694824219,1.3300000429153442,1.3194999694824219,1.3300000429153442,508,0.0,0.0
2024-09-23 14:25:00-04:00,1.3300000429153442,1.3300000429153442,1.3300000429153442,1.3300000429153442,340,0.0,0.0
2024-09-23 14:35:00-04:00,1.315000057220459,1.315000057220459,1.315000057220459,1.315000057220459,540,0.0,0.0
2024-09-23 15:05:00-04:00,1.3020000457763672,1.3020000457763672,1.3020000457763672,1.3020000457763672,247,0.0,0.0
2024-09-23 15:10:00-04:00,1.301300048828125,1.301300048828125,1.301300048828125,1.301300048828125,1300,0.0,0.0
2024-09-23 15:15:00-04:00,1.315000057220459,1.315000057220459,1.315000057220459,1.315000057220459,1582,0.0,0.0
2024-09-23 15:35:00-04:00,1.309999942779541,1.309999942779541,1.3000999689102173,1.3000999689102173,1110,0.0,0.0
2024-09-23 15:50:00-04:00,1.309999942779541,1.309999942779541,1.309999942779541,1.309999942779541,238,0.0,0.0
2024-09-23 15:55:00-04:00,1.2999999523162842,1.3279999494552612,1.2999999523162842,1.3279999494552612,7330,0.0,0.0
2024-09-24 09:30:00-04:00,1.340000033378601,1.340000033378601,1.340000033378601,1.340000033378601,2089,0.0,0.0
2024-09-24 09:40:00-04:00,1.309999942779541,1.309999942779541,1.309999942779541,1.309999942779541,573,0.0,0.0
2024-09-24 09:50:00-04:00,1.3200000524520874,1.3300000429153442,1.3200000524520874,1.3300000429153442,1105,0.0,0.0
2024-09-24 09:55:00-04:00,1.3288999795913696,1.3288999795913696,1.311400055885315,1.311400055885315,1587,0.0,0.0
2024-09-24 10:10:00-04:00,1.3300000429153442,1.3300000429153442,1.3203999996185303,1.3203999996185303,1828,0.0,0.0
2024-09-24 10:20:00-04:00,1.3700000047683716,1.3700000047683716,1.3700000047683716,1.3700000047683716,403,0.0,0.0
2024-09-24 10:25:00-04:00,1.3700000047683716,1.3700000047683716,1.3700000047683716,1.3700000047683716,167,0.0,0.0
2024-09-24 10:35:00-04:00,1.3700000047683716,1.3700000047683716,1.3700000047683716,1.3700000047683716,1410,0.0,0.0
2024-09-24 10:40:00-04:00,1.3700000047683716,1.3700000047683716,1.3700000047683716,1.3700000047683716,117,0.0,0.0
2024-09-24 10:45:00-04:00,1.3650000095367432,1.3799999952316284,1.3650000095367432,1.3792999982833862,1691,0.0,0.0
2024-09-24 10:50:00-04:00,1.3799999952316284,1.3899999856948853,1.3799999952316284,1.3899999856948853,1945,0.0,0.0
2024-09-24 10:55:00-04:00,1.3849999904632568,1.3949999809265137,1.3849999904632568,1.3949999809265137,3021,0.0,0.0
2024-09-24 11:00:00-04:00,1.3899999856948853,1.3899999856948853,1.3799999952316284,1.3799999952316284,2820,0.0,0.0
2024-09-24 11:05:00-04:00,1.3899999856948853,1.3899999856948853,1.3899999856948853,1.3899999856948853,803,0.0,0.0
2024-09-24 11:10:00-04:00,1.3899999856948853,1.3899999856948853,1.3899999856948853,1.3899999856948853,200,0.0,0.0
2024-09-24 11:15:00-04:00,1.3899999856948853,1.3899999856948853,1.3899999856948853,1.3899999856948853,489,0.0,0.0
2024-09-24 11:20:00-04:00,1.3899999856948853,1.3899999856948853,1.3899999856948853,1.3899999856948853,589,0.0,0.0
2024-09-24 11:25:00-04:00,1.3899999856948853,1.4299999475479126,1.3899999856948853,1.4299999475479126,63670,0.0,0.0
2024-09-24 11:30:00-04:00,1.4301999807357788,1.4385000467300415,1.4000999927520752,1.4199999570846558,15851,0.0,0.0
2024-09-24 11:35:00-04:00,1.420699954032898,1.4300999641418457,1.4199999570846558,1.4300999641418457,7440,0.0,0.0
2024-09-24 11:40:00-04:00,1.4018000364303589,1.4299999475479126,1.4018000364303589,1.4299999475479126,2393,0.0,0.0
2024-09-24 11:45:00-04:00,1.4299999475479126,1.4299999475479126,1.4299999475479126,1.4299999475479126,2391,0.0,0.0
2024-09-24 11:50:00-04:00,1.440000057220459,1.440000057220459,1.434999942779541,1.440000057220459,1834,0.0,0.0
2024-09-24 11:55:00-04:00,1.438099980354309,1.438099980354309,1.438099980354309,1.438099980354309,332,0.0,0.0
2024-09-24 12:05:00-04:00,1.440000057220459,1.440000057220459,1.440000057220459,1.440000057220459,1014,0.0,0.0
2024-09-24 12:10:00-04:00,1.440000057220459,1.440000057220459,1.440000057220459,1.440000057220459,1071,0.0,0.0
2024-09-24 12:15:00-04:00,1.4222999811172485,1.4222999811172485,1.4222999811172485,1.4222999811172485,1754,0.0,0.0
2024-09-24 12:20:00-04:00,1.4500000476837158,1.4500000476837158,1.4484000205993652,1.4484000205993652,7444,0.0,0.0
2024-09-24 12:25:00-04:00,1.4500000476837158,1.4700000286102295,1.4500000476837158,1.465000033378601,8945,0.0,0.0
2024-09-24 12:30:00-04:00,1.4800000190734863,1.4800000190734863,1.426800012588501,1.426800012588501,13289,0.0,0.0
2024-09-24 12:35:00-04:00,1.4299999475479126,1.4299999475479126,1.426900029182434,1.426900029182434,655,0.0,0.0
2024-09-24 12:40:00-04:00,1.4249000549316406,1.4299999475479126,1.4249000549316406,1.4299999475479126,314,0.0,0.0
2024-09-24 12:45:00-04:00,1.4299999475479126,1.468000054359436,1.4299999475479126,1.468000054359436,6904,0.0,0.0
2024-09-24 12:50:00-04:00,1.4550000429153442,1.4600000381469727,1.4550000429153442,1.4599000215530396,1716,0.0,0.0
2024-09-24 12:55:00-04:00,1.4450000524520874,1.4450000524520874,1.4299999475479126,1.4299999475479126,711,0.0,0.0
2024-09-24 13:00:00-04:00,1.4500000476837158,1.4500000476837158,1.4500000476837158,1.4500000476837158,250,0.0,0.0
2024-09-24 13:05:00-04:00,1.434999942779541,1.4500000476837158,1.434999942779541,1.4500000476837158,1388,0.0,0.0
2024-09-24 13:15:00-04:00,1.440000057220459,1.440000057220459,1.440000057220459,1.440000057220459,156,0.0,0.0
2024-09-24 13:20:00-04:00,1.4299999475479126,1.4299999475479126,1.4299999475479126,1.4299999475479126,1312,0.0,0.0
2024-09-24 13:25:00-04:00,1.440000057220459,1.440000057220459,1.440000057220459,1.440000057220459,200,0.0,0.0
2024-09-24 13:30:00-04:00,1.4299999475479126,1.4299999475479126,1.4299999475479126,1.4299999475479126,630,0.0,0.0
2024-09-24 13:35:00-04:00,1.4199999570846558,1.4299999475479126,1.3956999778747559,1.3956999778747559,18643,0.0,0.0
2024-09-24 13:40:00-04:00,1.399999976158142,1.399999976158142,1.399999976158142,1.399999976158142,1001,0.0,0.0
2024-09-24 13:45:00-04:00,1.399999976158142,1.399999976158142,1.399999976158142,1.399999976158142,6568,0.0,0.0
2024-09-24 13:50:00-04:00,1.3995000123977661,1.409999966621399,1.3995000123977661,1.409999966621399,699,0.0,0.0
2024-09-24 13:55:00-04:00,1.3919999599456787,1.399999976158142,1.3200000524520874,1.350000023841858,16411,0.0,0.0
2024-09-24 14:00:00-04:00,1.3650000095367432,1.3650000095367432,1.3650000095367432,1.3650000095367432,300,0.0,0.0
2024-09-24 14:10:00-04:00,1.3799999952316284,1.3799999952316284,1.3700000047683716,1.3700000047683716,3652,0.0,0.0
2024-09-24 14:15:00-04:00,1.375,1.3799999952316284,1.3700000047683716,1.3700000047683716,822,0.0,0.0
2024-09-24 14:20:00-04:00,1.3787000179290771,1.3787000179290771,1.3787000179290771,1.3787000179290771,1265,0.0,0.0
2024-09-24 14:25:00-04:00,1.3700000047683716,1.3799999952316284,1.3700000047683716,1.3799999952316284,700,0.0,0.0
2024-09-24 14:30:00-04:00,1.3700000047683716,1.3700000047683716,1.32669997215271,1.32669997215271,3174,0.0,0.0
2024-09-24 14:35:00-04:00,1.350000023841858,1.350000023841858,1.3365999460220337,1.3365999460220337,4947,0.0,0.0
2024-09-24 14:50:00-04:00,1.3530999422073364,1.3530999422073364,1.3530999422073364,1.3530999422073364,211,0.0,0.0
2024-09-24 15:00:00-04:00,1.3600000143051147,1.3600000143051147,1.3600000143051147,1.3600000143051147,200,0.0,0.0
2024-09-24 15:05:00-04:00,1.3580000400543213,1.3600000143051147,1.350000023841858,1.3600000143051147,2163,0.0,0.0
2024-09-24 15:10:00-04:00,1.340000033378601,1.3600000143051147,1.340000033378601,1.350000023841858,1530,0.0,0.0
2024-09-24 15:20:00-04:00,1.3600000143051147,1.3600000143051147,1.350000023841858,1.350000023841858,206,0.0,0.0
2024-09-24 15:25:00-04:00,1.350000023841858,1.350000023841858,1.340000033378601,1.350000023841858,2050,0.0,0.0
2024-09-24 15:30:00-04:00,1.3600000143051147,1.3600000143051147,1.350000023841858,1.350000023841858,488,0.0,0.0
2024-09-24 15:40:00-04:00,1.350000023841858,1.350000023841858,1.350000023841858,1.350000023841858,2175,0.0,0.0
2024-09-24 15:45:00-04:00,1.350000023841858,1.350000023841858,1.340000033378601,1.350000023841858,1328,0.0,0.0
2024-09-24 15:50:00-04:00,1.3600000143051147,1.3600000143051147,1.340000033378601,1.340000033378601,4084,0.0,0.0
2024-09-24 15:55:00-04:00,1.350000023841858,1.350000023841858,1.340000033378601,1.350000023841858,0,0.0,0.0
2024-09-25 09:30:00-04:00,1.3799999952316284,1.3949999809265137,1.3799999952316284,1.3799999952316284,6312,0.0,0.0
2024-09-25 09:35:00-04:00,1.3899999856948853,1.3899999856948853,1.3604999780654907,1.3651000261306763,3872,0.0,0.0
2024-09-25 09:40:00-04:00,1.3799999952316284,1.3899999856948853,1.3789000511169434,1.3789000511169434,3021,0.0,0.0
2024-09-25 09:45:00-04:00,1.3600000143051147,1.3899999856948853,1.3600000143051147,1.3899999856948853,370,0.0,0.0
2024-09-25 09:50:00-04:00,1.3799999952316284,1.3825000524520874,1.3700000047683716,1.3825000524520874,5298,0.0,0.0
2024-09-25 10:00:00-04:00,1.3700000047683716,1.3700000047683716,1.3700000047683716,1.3700000047683716,375,0.0,0.0
2024-09-25 10:05:00-04:00,1.375,1.375,1.375,1.375,200,0.0,0.0
2024-09-25 10:10:00-04:00,1.3791999816894531,1.3791999816894531,1.3600000143051147,1.3700000047683716,2243,0.0,0.0
2024-09-25 10:15:00-04:00,1.3600000143051147,1.3600000143051147,1.3600000143051147,1.3600000143051147,210,0.0,0.0
2024-09-25 10:25:00-04:00,1.3700000047683716,1.3700000047683716,1.350000023841858,1.350000023841858,1761,0.0,0.0
2024-09-25 10:40:00-04:00,1.3600000143051147,1.3600000143051147,1.350000023841858,1.350000023841858,352,0.0,0.0
2024-09-25 10:45:00-04:00,1.372499942779541,1.372499942779541,1.372499942779541,1.372499942779541,351,0.0,0.0
2024-09-25 10:55:00-04:00,1.3523000478744507,1.3600000143051147,1.3523000478744507,1.3600000143051147,2310,0.0,0.0
2024-09-25 11:00:00-04:00,1.3700000047683716,1.3700000047683716,1.3525999784469604,1.3525999784469604,2359,0.0,0.0
2024-09-25 11:10:00-04:00,1.3600000143051147,1.3600000143051147,1.3600000143051147,1.3600000143051147,700,0.0,0.0
2024-09-25 11:15:00-04:00,1.3700000047683716,1.3700000047683716,1.3700000047683716,1.3700000047683716,0,0.0,0.0
2024-09-25 11:20:00-04:00,1.3700000047683716,1.3700000047683716,1.340000033378601,1.340000033378601,17538,0.0,0.0
2024-09-25 11:25:00-04:00,1.340000033378601,1.340000033378601,1.309999942779541,1.3253999948501587,1563,0.0,0.0
2024-09-25 11:30:00-04:00,1.3600000143051147,1.3600000143051147,1.3600000143051147,1.3600000143051147,2118,0.0,0.0
2024-09-25 11:35:00-04:00,1.340000033378601,1.3688000440597534,1.340000033378601,1.3531999588012695,3999,0.0,0.0
2024-09-25 11:40:00-04:00,1.350000023841858,1.350000023841858,1.350000023841858,1.350000023841858,808,0.0,0.0
2024-09-25 11:45:00-04:00,1.3550000190734863,1.3550000190734863,1.3550000190734863,1.3550000190734863,190,0.0,0.0
2024-09-25 11:55:00-04:00,1.3600000143051147,1.3600000143051147,1.3600000143051147,1.3600000143051147,244,0.0,0.0
2024-09-25 12:05:00-04:00,1.3529000282287598,1.3529000282287598,1.3529000282287598,1.3529000282287598,506,0.0,0.0
2024-09-25 12:10:00-04:00,1.340999960899353,1.340999960899353,1.340999960899353,1.340999960899353,488,0.0,0.0
2024-09-25 12:20:00-04:00,1.3600000143051147,1.3600000143051147,1.3600000143051147,1.3600000143051147,262,0.0,0.0
2024-09-25 12:30:00-04:00,1.340000033378601,1.3550000190734863,1.340000033378601,1.3550000190734863,201,0.0,0.0
2024-09-25 12:40:00-04:00,1.3600000143051147,1.3600000143051147,1.3600000143051147,1.3600000143051147,102,0.0,0.0
2024-09-25 12:50:00-04:00,1.3413000106811523,1.350000023841858,1.3413000106811523,1.350000023841858,440,0.0,0.0
2024-09-25 12:55:00-04:00,1.3588000535964966,1.3600000143051147,1.3588000535964966,1.3600000143051147,788,0.0,0.0
2024-09-25 13:05:00-04:00,1.3600000143051147,1.3600000143051147,1.3600000143051147,1.3600000143051147,498,0.0,0.0
2024-09-25 13:10:00-04:00,1.3550000190734863,1.3550000190734863,1.350600004196167,1.3509999513626099,2100,0.0,0.0
2024-09-25 13:20:00-04:00,1.350000023841858,1.350000023841858,1.350000023841858,1.350000023841858,0,0.0,0.0
2024-09-25 13:30:00-04:00,1.3550000190734863,1.3550000190734863,1.3550000190734863,1.3550000190734863,200,0.0,0.0
2024-09-25 13:35:00-04:00,1.350000023841858,1.350000023841858,1.350000023841858,1.350000023841858,1146,0.0,0.0
2024-09-25 13:40:00-04:00,1.3450000286102295,1.3450000286102295,1.3450000286102295,1.3450000286102295,2376,0.0,0.0
2024-09-25 13:45:00-04:00,1.350000023841858,1.350000023841858,1.350000023841858,1.350000023841858,133,0.0,0.0
2024-09-25 13:55:00-04:00,1.3499000072479248,1.350000023841858,1.3499000072479248,1.350000023841858,1826,0.0,0.0
2024-09-25 14:30:00-04:00,1.3700000047683716,1.3700000047683716,1.3700000047683716,1.3700000047683716,200,0.0,0.0
2024-09-25 14:35:00-04:00,1.3700000047683716,1.3700000047683716,1.3700000047683716,1.3700000047683716,100,0.0,0.0
2024-09-25 14:40:00-04:00,1.3700000047683716,1.3700000047683716,1.3700000047683716,1.3700000047683716,200,0.0,0.0
2024-09-25 14:45:00-04:00,1.365399956703186,1.365399956703186,1.365399956703186,1.365399956703186,418,0.0,0.0
2024-09-25 14:50:00-04:00,1.340000033378601,1.340000033378601,1.340000033378601,1.340000033378601,252,0.0,0.0
2024-09-25 15:00:00-04:00,1.3550000190734863,1.3550000190734863,1.3550000190734863,1.3550000190734863,336,0.0,0.0
2024-09-25 15:05:00-04:00,1.3600000143051147,1.3600000143051147,1.350000023841858,1.350000023841858,4250,0.0,0.0
2024-09-25 15:15:00-04:00,1.368499994277954,1.3700000047683716,1.3600000143051147,1.3600000143051147,0,0.0,0.0
2024-09-25 15:20:00-04:00,1.372499942779541,1.372499942779541,1.372499942779541,1.372499942779541,700,0.0,0.0
2024-09-25 15:25:00-04:00,1.3650000095367432,1.3799999952316284,1.3650000095367432,1.3799999952316284,4662,0.0,0.0
2024-09-25 15:30:00-04:00,1.372499942779541,1.3799999952316284,1.350000023841858,1.350000023841858,2454,0.0,0.0
2024-09-25 15:35:00-04:00,1.3700000047683716,1.3700000047683716,1.3700000047683716,1.3700000047683716,0,0.0,0.0
2024-09-25 15:40:00-04:00,1.3700000047683716,1.3700000047683716,1.3700000047683716,1.3700000047683716,1785,0.0,0.0
2024-09-25 15:45:00-04:00,1.3700000047683716,1.3700000047683716,1.3700000047683716,1.3700000047683716,200,0.0,0.0
2024-09-25 15:50:00-04:00,1.350000023841858,1.3650000095367432,1.350000023841858,1.3650000095367432,300,0.0,0.0
2024-09-25 15:55:00-04:00,1.3518999814987183,1.375,1.3518999814987183,1.3700000047683716,15222,0.0,0.0
2024-09-26 09:30:00-04:00,1.4199999570846558,1.4199999570846558,1.370300054550171,1.3707000017166138,18325,0.0,0.0
2024-09-26 09:35:00-04:00,1.3799999952316284,1.3898999691009521,1.3600000143051147,1.3898999691009521,2736,0.0,0.0
2024-09-26 09:45:00-04:00,1.377500057220459,1.377500057220459,1.3700000047683716,1.3700000047683716,3190,0.0,0.0
2024-09-26 09:50:00-04:00,1.3693000078201294,1.3693000078201294,1.3200000524520874,1.3300000429153442,13974,0.0,0.0
2024-09-26 09:55:00-04:00,1.3200000524520874,1.3450000286102295,1.309999942779541,1.3145999908447266,3393,0.0,0.0
2024-09-26 10:00:00-04:00,1.343500018119812,1.388800024986267,1.309999942779541,1.315000057220459,3079,0.0,0.0
2024-09-26 10:05:00-04:00,1.3250000476837158,1.340000033378601,1.3250000476837158,1.3300000429153442,3486,0.0,0.0
2024-09-26 10:10:00-04:00,1.330199956893921,1.3350000381469727,1.3300000429153442,1.3350000381469727,675,0.0,0.0
2024-09-26 10:15:00-04:00,1.3301000595092773,1.3301000595092773,1.309999942779541,1.3300000429153442,11163,0.0,0.0
2024-09-26 10:20:00-04:00,1.3250000476837158,1.3250000476837158,1.3147000074386597,1.3147000074386597,0,0.0,0.0
2024-09-26 10:25:00-04:00,1.3147000074386597,1.3250000476837158,1.3100999593734741,1.3100999593734741,680,0.0,0.0
2024-09-26 10:30:00-04:00,1.309999942779541,1.309999942779541,1.2999999523162842,1.2999999523162842,2487,0.0,0.0
2024-09-26 10:35:00-04:00,1.315000057220459,1.315000057220459,1.315000057220459,1.315000057220459,756,0.0,0.0
2024-09-26 10:40:00-04:00,1.315000057220459,1.315000057220459,1.315000057220459,1.315000057220459,332,0.0,0.0
2024-09-26 10:45:00-04:00,1.2899999618530273,1.2899999618530273,1.2699999809265137,1.2699999809265137,5988,0.0,0.0
2024-09-26 10:50:00-04:00,1.284999966621399,1.31850004196167,1.2597999572753906,1.31850004196167,3371,0.0,0.0
2024-09-26 10:55:00-04:00,1.3199000358581543,1.3199000358581543,1.3199000358581543,1.3199000358581543,3904,0.0,0.0
2024-09-26 11:05:00-04:00,1.2899999618530273,1.3199000358581543,1.2899999618530273,1.2899999618530273,1329,0.0,0.0
2024-09-26 11:10:00-04:00,1.2899999618530273,1.2899999618530273,1.2799999713897705,1.2899999618530273,502,0.0,0.0
2024-09-26 11:15:00-04:00,1.2899999618530273,1.2899999618530273,1.2899999618530273,1.2899999618530273,199,0.0,0.0
2024-09-26 11:20:00-04:00,1.2999999523162842,1.3042000532150269,1.2999999523162842,1.3042000532150269,2453,0.0,0.0
2024-09-26 11:25:00-04:00,1.2999999523162842,1.2999999523162842,1.284999966621399,1.2907999753952026,205,0.0,0.0
2024-09-26 11:30:00-04:00,1.2899999618530273,1.2899999618530273,1.2799999713897705,1.2799999713897705,1754,0.0,0.0
2024-09-26 11:35:00-04:00,1.2799999713897705,1.2799999713897705,1.2699999809265137,1.2725000381469727,1242,0.0,0.0
2024-09-26 11:40:00-04:00,1.277500033378601,1.277500033378601,1.277500033378601,1.277500033378601,194,0.0,0.0
2024-09-26 11:45:00-04:00,1.2699999809265137,1.284999966621399,1.2699999809265137,1.284999966621399,1995,0.0,0.0
2024-09-26 11:50:00-04:00,1.2699999809265137,1.2699999809265137,1.2699999809265137,1.2699999809265137,413,0.0,0.0
2024-09-26 11:55:00-04:00,1.2700999975204468,1.2700999975204468,1.2700999975204468,1.2700999975204468,2402,0.0,0.0
2024-09-26 12:00:00-04:00,1.2799999713897705,1.2799999713897705,1.2675000429153442,1.2675000429153442,806,0.0,0.0
2024-09-26 12:20:00-04:00,1.2599999904632568,1.2699999809265137,1.2599999904632568,1.2699999809265137,516,0.0,0.0
2024-09-26 12:35:00-04:00,1.2599999904632568,1.277999997138977,1.2599999904632568,1.277999997138977,405,0.0,0.0
2024-09-26 12:40:00-04:00,1.2599999904632568,1.2611000537872314,1.2599999904632568,1.2611000537872314,1214,0.0,0.0
2024-09-26 12:45:00-04:00,1.2698999643325806,1.2799999713897705,1.2649999856948853,1.2649999856948853,2599,0.0,0.0
2024-09-26 13:00:00-04:00,1.2599999904632568,1.2599999904632568,1.2599999904632568,1.2599999904632568,130,0.0,0.0
2024-09-26 13:05:00-04:00,1.2699999809265137,1.2699999809265137,1.2599999904632568,1.2599999904632568,815,0.0,0.0
2024-09-26 13:10:00-04:00,1.2699999809265137,1.2699999809265137,1.2599999904632568,1.2599999904632568,391,0.0,0.0
2024-09-26 13:15:00-04:00,1.2599999904632568,1.2599999904632568,1.2599999904632568,1.2599999904632568,200,0.0,0.0
2024-09-26 13:20:00-04:00,1.2699999809265137,1.2699999809265137,1.2599999904632568,1.2599999904632568,400,0.0,0.0
2024-09-26 13:25:00-04:00,1.2767000198364258,1.2767000198364258,1.2649999856948853,1.2649999856948853,1098,0.0,0.0
2024-09-26 13:30:00-04:00,1.2599999904632568,1.2674000263214111,1.2599999904632568,1.2674000263214111,1116,0.0,0.0
2024-09-26 13:35:00-04:00,1.2599999904632568,1.2599999904632568,1.2599999904632568,1.2599999904632568,3365,0.0,0.0
2024-09-26 13:45:00-04:00,1.25,1.25,1.2000000476837158,1.2100000381469727,11609,0.0,0.0
2024-09-26 13:50:00-04:00,1.249899983406067,1.249899983406067,1.225000023841858,1.2490999698638916,5026,0.0,0.0
2024-09-26 13:55:00-04:00,1.2274999618530273,1.2274999618530273,1.2274999618530273,1.2274999618530273,200,0.0,0.0
2024-09-26 14:00:00-04:00,1.2472000122070312,1.249899983406067,1.2472000122070312,1.249899983406067,520,0.0,0.0
2024-09-26 14:05:00-04:00,1.25,1.25,1.2400000095367432,1.2400000095367432,784,0.0,0.0
2024-09-26 14:10:00-04:00,1.2300000190734863,1.2300000190734863,1.2300000190734863,1.2300000190734863,200,0.0,0.0
2024-09-26 14:15:00-04:00,1.2300000190734863,1.2400000095367432,1.2300000190734863,1.2300000190734863,1750,0.0,0.0
2024-09-26 14:20:00-04:00,1.2300000190734863,1.2300000190734863,1.2300000190734863,1.2300000190734863,210,0.0,0.0
2024-09-26 14:25:00-04:00,1.2300000190734863,1.2300000190734863,1.2174999713897705,1.2174999713897705,609,0.0,0.0
2024-09-26 14:35:00-04:00,1.2350000143051147,1.2400000095367432,1.2350000143051147,1.2350000143051147,3103,0.0,0.0
2024-09-26 14:40:00-04:00,1.2374999523162842,1.2374999523162842,1.2374999523162842,1.2374999523162842,410,0.0,0.0
2024-09-26 14:55:00-04:00,1.2599999904632568,1.2599999904632568,1.2596999406814575,1.2596999406814575,898,0.0,0.0
2024-09-26 15:00:00-04:00,1.2549999952316284,1.2549999952316284,1.2549999952316284,1.2549999952316284,1790,0.0,0.0
2024-09-26 15:05:00-04:00,1.25,1.25,1.25,1.25,300,0.0,0.0
2024-09-26 15:10:00-04:00,1.2590999603271484,1.2590999603271484,1.2590999603271484,1.2590999603271484,1504,0.0,0.0
2024-09-26 15:20:00-04:00,1.2374999523162842,1.25,1.2374999523162842,1.25,2148,0.0,0.0
2024-09-26 15:25:00-04:00,1.2599999904632568,1.2599999904632568,1.2599999904632568,1.2599999904632568,505,0.0,0.0
2024-09-26 15:30:00-04:00,1.2100000381469727,1.2100000381469727,1.2100000381469727,1.2100000381469727,497,0.0,0.0
2024-09-26 15:35:00-04:00,1.212499976158142,1.225000023841858,1.212499976158142,1.225000023841858,1804,0.0,0.0
2024-09-26 15:40:00-04:00,1.2174999713897705,1.2174999713897705,1.2174999713897705,1.2174999713897705,505,0.0,0.0
2024-09-26 15:45:00-04:00,1.2100000381469727,1.2400000095367432,1.2100000381469727,1.2200000286102295,1226,0.0,0.0
2024-09-26 15:50:00-04:00,1.215000033378601,1.2699999809265137,1.2100000381469727,1.25,25536,0.0,0.0
2024-09-26 15:55:00-04:00,1.2698999643325806,1.2899999618530273,1.247499942779541,1.2699999809265137,28187,0.0,0.0
2024-09-27 09:30:00-04:00,1.2999999523162842,1.3459999561309814,1.2999999523162842,1.3250000476837158,9782,0.0,0.0
2024-09-27 09:35:00-04:00,1.350000023841858,1.3799999952316284,1.3411999940872192,1.3799999952316284,4125,0.0,0.0
2024-09-27 09:40:00-04:00,1.3143999576568604,1.340000033378601,1.3143999576568604,1.340000033378601,3200,0.0,0.0
2024-09-27 09:45:00-04:00,1.3407000303268433,1.3407000303268433,1.3407000303268433,1.3407000303268433,199,0.0,0.0
2024-09-27 09:55:00-04:00,1.340000033378601,1.340000033378601,1.309999942779541,1.3140000104904175,7204,0.0,0.0
2024-09-27 10:00:00-04:00,1.315000057220459,1.315000057220459,1.315000057220459,1.315000057220459,2263,0.0,0.0
2024-09-27 10:05:00-04:00,1.315000057220459,1.315000057220459,1.315000057220459,1.315000057220459,400,0.0,0.0
2024-09-27 10:10:00-04:00,1.3200000524520874,1.3200000524520874,1.3200000524520874,1.3200000524520874,0,0.0,0.0
2024-09-27 10:20:00-04:00,1.309999942779541,1.3127000331878662,1.309999942779541,1.3127000331878662,1326,0.0,0.0
2024-09-27 10:35:00-04:00,1.3200000524520874,1.3200000524520874,1.3200000524520874,1.3200000524520874,332,0.0,0.0
2024-09-27 10:55:00-04:00,1.3102999925613403,1.3102999925613403,1.3100999593734741,1.3100999593734741,1150,0.0,0.0
2024-09-27 11:10:00-04:00,1.3100999593734741,1.3250000476837158,1.3100999593734741,1.3250000476837158,3678,0.0,0.0
2024-09-27 11:15:00-04:00,1.340000033378601,1.340000033378601,1.340000033378601,1.340000033378601,215,0.0,0.0
2024-09-27 11:25:00-04:00,1.3100999593734741,1.3100999593734741,1.3100999593734741,1.3100999593734741,2004,0.0,0.0
2024-09-27 11:30:00-04:00,1.3200000524520874,1.3250000476837158,1.3200000524520874,1.3250000476837158,231,0.0,0.0
2024-09-27 11:40:00-04:00,1.3100999593734741,1.3100999593734741,1.3100999593734741,1.3100999593734741,543,0.0,0.0
2024-09-27 11:45:00-04:00,1.339900016784668,1.339900016784668,1.339900016784668,1.339900016784668,1128,0.0,0.0
2024-09-27 11:50:00-04:00,1.3250000476837158,1.3250000476837158,1.3250000476837158,1.3250000476837158,238,0.0,0.0
2024-09-27 11:55:00-04:00,1.3389999866485596,1.3389999866485596,1.3389999866485596,1.3389999866485596,249,0.0,0.0
2024-09-27 12:10:00-04:00,1.3200000524520874,1.3200000524520874,1.3200000524520874,1.3200000524520874,368,0.0,0.0
2024-09-27 12:30:00-04:00,1.3200000524520874,1.3200000524520874,1.3200000524520874,1.3200000524520874,632,0.0,0.0
2024-09-27 13:00:00-04:00,1.3200000524520874,1.3200000524520874,1.3200000524520874,1.3200000524520874,710,0.0,0.0
2024-09-27 13:05:00-04:00,1.3250000476837158,1.3250000476837158,1.3200000524520874,1.3200000524520874,449,0.0,0.0
2024-09-27 13:30:00-04:00,1.3300000429153442,1.3300000429153442,1.3250000476837158,1.3250000476837158,1160,0.0,0.0
2024-09-27 13:40:00-04:00,1.3300000429153442,1.3300000429153442,1.3300000429153442,1.3300000429153442,222,0.0,0.0
2024-09-27 13:55:00-04:00,1.340000033378601,1.3442000150680542,1.340000033378601,1.340000033378601,1871,0.0,0.0
2024-09-27 14:00:00-04:00,1.340000033378601,1.3413000106811523,1.340000033378601,1.3411999940872192,5200,0.0,0.0
2024-09-27 14:05:00-04:00,1.3450000286102295,1.3450000286102295,1.3450000286102295,1.3450000286102295,2574,0.0,0.0
2024-09-27 14:10:00-04:00,1.340000033378601,1.340000033378601,1.340000033378601,1.340000033378601,302,0.0,0.0
2024-09-27 14:15:00-04:00,1.3410999774932861,1.3410999774932861,1.3410999774932861,1.3410999774932861,463,0.0,0.0
2024-09-27 14:20:00-04:00,1.340000033378601,1.340000033378601,1.340000033378601,1.340000033378601,350,0.0,0.0
2024-09-27 14:45:00-04:00,1.3492000102996826,1.3492000102996826,1.3492000102996826,1.3492000102996826,1042,0.0,0.0
2024-09-27 14:55:00-04:00,1.340000033378601,1.340000033378601,1.340000033378601,1.340000033378601,4389,0.0,0.0
2024-09-27 15:15:00-04:00,1.330299973487854,1.330299973487854,1.3300000429153442,1.3300000429153442,4140,0.0,0.0
2024-09-27 15:20:00-04:00,1.3300000429153442,1.3300000429153442,1.3300000429153442,1.3300000429153442,1747,0.0,0.0
2024-09-27 15:25:00-04:00,1.309999942779541,1.309999942779541,1.309999942779541,1.309999942779541,366,0.0,0.0
2024-09-27 15:50:00-04:00,1.3106000423431396,1.3106000423431396,1.3106000423431396,1.3106000423431396,550,0.0,0.0
2024-09-27 15:55:00-04:00,1.3101999759674072,1.3200000524520874,1.3101999759674072,1.3200000524520874,794,0.0,0.0
2024-09-30 09:30:00-04:00,1.399999976158142,1.4199999570846558,1.3799999952316284,1.399999976158142,44573,0.0,0.0
2024-09-30 09:35:00-04:00,1.3867000341415405,1.407099962234497,1.3867000341415405,1.3969999551773071,801,0.0,0.0
2024-09-30 09:40:00-04:00,1.399999976158142,1.409999966621399,1.399999976158142,1.402400016784668,1279,0.0,0.0
2024-09-30 09:45:00-04:00,1.3916000127792358,1.4098999500274658,1.3899999856948853,1.3899999856948853,2356,0.0,0.0
2024-09-30 09:50:00-04:00,1.4086999893188477,1.4086999893188477,1.399999976158142,1.399999976158142,478,0.0,0.0
2024-09-30 09:55:00-04:00,1.4006999731063843,1.4006999731063843,1.399999976158142,1.399999976158142,1957,0.0,0.0
2024-09-30 10:00:00-04:00,1.4049999713897705,1.4049999713897705,1.399999976158142,1.399999976158142,588,0.0,0.0
2024-09-30 10:05:00-04:00,1.4049999713897705,1.4097000360488892,1.4049999713897705,1.4097000360488892,3778,0.0,0.0
2024-09-30 10:10:00-04:00,1.4019999504089355,1.4049999713897705,1.4019999504089355,1.4049999713897705,915,0.0,0.0
2024-09-30 10:15:00-04:00,1.4049999713897705,1.4348000288009644,1.4049999713897705,1.4348000288009644,10916,0.0,0.0
2024-09-30 10:20:00-04:00,1.4564000368118286,1.4564000368118286,1.4192999601364136,1.4192999601364136,2932,0.0,0.0
2024-09-30 10:25:00-04:00,1.4299999475479126,1.4667999744415283,1.409999966621399,1.409999966621399,3669,0.0,0.0
2024-09-30 10:30:00-04:00,1.442199945449829,1.442199945449829,1.442199945449829,1.442199945449829,1061,0.0,0.0
2024-09-30 10:35:00-04:00,1.4600000381469727,1.4600000381469727,1.4600000381469727,1.4600000381469727,513,0.0,0.0
2024-09-30 10:40:00-04:00,1.4550000429153442,1.4699000120162964,1.4424999952316284,1.4600000381469727,14548,0.0,0.0
2024-09-30 10:45:00-04:00,1.4616999626159668,1.4616999626159668,1.4573999643325806,1.4573999643325806,7584,0.0,0.0
2024-09-30 10:50:00-04:00,1.4459999799728394,1.4600000381469727,1.4459999799728394,1.451300024986267,639,0.0,0.0
2024-09-30 10:55:00-04:00,1.4500000476837158,1.4500000476837158,1.4429999589920044,1.4429999589920044,9749,0.0,0.0
2024-09-30 11:05:00-04:00,1.4500000476837158,1.4700000286102295,1.445199966430664,1.4700000286102295,12544,0.0,0.0
2024-09-30 11:10:00-04:00,1.4700000286102295,1.5,1.4700000286102295,1.499899983406067,4872,0.0,0.0
2024-09-30 11:15:00-04:00,1.4850000143051147,1.4996000528335571,1.4700000286102295,1.4996000528335571,7126,0.0,0.0
2024-09-30 11:20:00-04:00,1.4981000423431396,1.4981000423431396,1.4850000143051147,1.4850000143051147,10001,0.0,0.0
2024-09-30 11:25:00-04:00,1.4831000566482544,1.5,1.4718999862670898,1.4966000318527222,10622,0.0,0.0
2024-09-30 11:30:00-04:00,1.5088000297546387,1.524999976158142,1.5044000148773193,1.524999976158142,17362,0.0,0.0
2024-09-30 11:35:00-04:00,1.5299999713897705,1.5399999618530273,1.4600000381469727,1.5199999809265137,46586,0.0,0.0
2024-09-30 11:40:00-04:00,1.5199999809265137,1.5399999618530273,1.5199999809265137,1.5399999618530273,11594,0.0,0.0
2024-09-30 11:45:00-04:00,1.5299999713897705,1.5499999523162842,1.5299999713897705,1.5499999523162842,17704,0.0,0.0
2024-09-30 11:50:00-04:00,1.5499999523162842,1.6050000190734863,1.5499999523162842,1.559999942779541,42452,0.0,0.0
2024-09-30 11:55:00-04:00,1.5709999799728394,1.590000033378601,1.5317000150680542,1.5404000282287598,16527,0.0,0.0
2024-09-30 12:00:00-04:00,1.5405999422073364,1.600000023841858,1.5405999422073364,1.600000023841858,10203,0.0,0.0
2024-09-30 12:05:00-04:00,1.5994000434875488,1.6100000143051147,1.5992000102996826,1.600000023841858,6792,0.0,0.0
2024-09-30 12:10:00-04:00,1.600000023841858,1.600000023841858,1.5499999523162842,1.5499999523162842,19690,0.0,0.0
2024-09-30 12:15:00-04:00,1.565000057220459,1.565000057220459,1.5199999809265137,1.5199999809265137,7501,0.0,0.0
2024-09-30 12:20:00-04:00,1.5299999713897705,1.5299999713897705,1.5,1.5094000101089478,10848,0.0,0.0
2024-09-30 12:30:00-04:00,1.4812999963760376,1.5399999618530273,1.4812999963760376,1.5199999809265137,986,0.0,0.0
2024-09-30 12:35:00-04:00,1.5,1.5161000490188599,1.4982999563217163,1.5161000490188599,3427,0.0,0.0
2024-09-30 12:40:00-04:00,1.4931999444961548,1.4931999444961548,1.4900000095367432,1.4900000095367432,7021,0.0,0.0
2024-09-30 12:45:00-04:00,1.4801000356674194,1.4900000095367432,1.4800000190734863,1.4800000190734863,5562,0.0,0.0
2024-09-30 12:50:00-04:00,1.4700000286102295,1.4700000286102295,1.4696999788284302,1.4696999788284302,1374,0.0,0.0
2024-09-30 12:55:00-04:00,1.4699000120162964,1.4699000120162964,1.4600000381469727,1.4687000513076782,5549,0.0,0.0
2024-09-30 13:00:00-04:00,1.4699000120162964,1.4699000120162964,1.4529000520706177,1.4600000381469727,383,0.0,0.0
2024-09-30 13:05:00-04:00,1.4682999849319458,1.4682999849319458,1.4500000476837158,1.4500000476837158,6990,0.0,0.0
2024-09-30 13:10:00-04:00,1.4500999450683594,1.4500999450683594,1.4500999450683594,1.4500999450683594,2000,0.0,0.0
2024-09-30 13:15:00-04:00,1.4500999450683594,1.4600000381469727,1.4500999450683594,1.4600000381469727,583,0.0,0.0
2024-09-30 13:25:00-04:00,1.4600000381469727,1.465000033378601,1.4600000381469727,1.465000033378601,512,0.0,0.0
2024-09-30 13:30:00-04:00,1.4600000381469727,1.4622000455856323,1.454699993133545,1.454699993133545,2341,0.0,0.0
2024-09-30 13:35:00-04:00,1.4600000381469727,1.4600000381469727,1.4555000066757202,1.4555000066757202,0,0.0,0.0
2024-09-30 13:45:00-04:00,1.4500000476837158,1.4500000476837158,1.4500000476837158,1.4500000476837158,2002,0.0,0.0
2024-09-30 13:50:00-04:00,1.444200038909912,1.444200038909912,1.444200038909912,1.444200038909912,753,0.0,0.0
2024-09-30 14:00:00-04:00,1.4600000381469727,1.465000033378601,1.4600000381469727,1.465000033378601,4213,0.0,0.0
2024-09-30 14:05:00-04:00,1.4789999723434448,1.5,1.4789999723434448,1.5,20737,0.0,0.0
2024-09-30 14:10:00-04:00,1.517799973487854,1.517799973487854,1.517799973487854,1.517799973487854,506,0.0,0.0
2024-09-30 14:15:00-04:00,1.5199999809265137,1.5199999809265137,1.5155999660491943,1.5155999660491943,2736,0.0,0.0
2024-09-30 14:20:00-04:00,1.4901000261306763,1.4901000261306763,1.4901000261306763,1.4901000261306763,400,0.0,0.0
2024-09-30 14:25:00-04:00,1.5063999891281128,1.5063999891281128,1.5063999891281128,1.5063999891281128,37,0.0,0.0
2024-09-30 14:35:00-04:00,1.5099999904632568,1.5135999917984009,1.5099999904632568,1.5099999904632568,4669,0.0,0.0
2024-09-30 14:40:00-04:00,1.5099999904632568,1.5126999616622925,1.5099999904632568,1.5099999904632568,5450,0.0,0.0
2024-09-30 14:45:00-04:00,1.5197999477386475,1.5197999477386475,1.5197999477386475,1.5197999477386475,1496,0.0,0.0
2024-09-30 14:50:00-04:00,1.5189000368118286,1.5189000368118286,1.5099999904632568,1.5099999904632568,588,0.0,0.0
2024-09-30 14:55:00-04:00,1.513100028038025,1.513100028038025,1.513100028038025,1.513100028038025,521,0.0,0.0
2024-09-30 15:00:00-04:00,1.5099999904632568,1.5099999904632568,1.5,1.5,2069,0.0,0.0
2024-09-30 15:05:00-04:00,1.5198999643325806,1.5198999643325806,1.5198999643325806,1.5198999643325806,1442,0.0,0.0
2024-09-30 15:15:00-04:00,1.5099999904632568,1.5189000368118286,1.5099999904632568,1.5099999904632568,4397,0.0,0.0
2024-09-30 15:20:00-04:00,1.5092999935150146,1.5290000438690186,1.5092999935150146,1.5192999839782715,6665,0.0,0.0
2024-09-30 15:30:00-04:00,1.5199999809265137,1.5199999809265137,1.5089999437332153,1.5089999437332153,2709,0.0,0.0
2024-09-30 15:35:00-04:00,1.5089000463485718,1.5089000463485718,1.5089000463485718,1.5089000463485718,2000,0.0,0.0
2024-09-30 15:40:00-04:00,1.5099999904632568,1.518399953842163,1.5,1.5089000463485718,3530,0.0,0.0
2024-09-30 15:50:00-04:00,1.5019999742507935,1.5299999713897705,1.5019999742507935,1.520300030708313,23144,0.0,0.0
2024-09-30 15:55:00-04:00,1.5299999713897705,1.5299999713897705,1.5199999809265137,1.5299999713897705,2747,0.0,0.0
2024-10-01 09:30:00-04:00,1.6399999856948853,1.6399999856948853,1.5800000429153442,1.5846999883651733,99129,0.0,0.0
2024-10-01 09:35:00-04:00,1.5600999593734741,1.6200000047683716,1.5600999593734741,1.6200000047683716,16650,0.0,0.0
2024-10-01 09:40:00-04:00,1.6299999952316284,1.690000057220459,1.6160000562667847,1.6699999570846558,26975,0.0,0.0
2024-10-01 09:45:00-04:00,1.659999966621399,1.687999963760376,1.6100000143051147,1.6799999475479126,23623,0.0,0.0
2024-10-01 09:50:00-04:00,1.6699999570846558,1.7000000476837158,1.6698999404907227,1.6848000288009644,19402,0.0,0.0
2024-10-01 09:55:00-04:00,1.6699999570846558,1.7117999792099,1.6601999998092651,1.7041000127792358,17888,0.0,0.0
2024-10-01 10:00:00-04:00,1.7100000381469727,1.75,1.6799999475479126,1.7400000095367432,35993,0.0,0.0
2024-10-01 10:05:00-04:00,1.7556999921798706,1.7899999618530273,1.75,1.781000018119812,57642,0.0,0.0
2024-10-01 10:10:00-04:00,1.781999945640564,1.7899999618530273,1.7300000190734863,1.7798000574111938,47365,0.0,0.0
2024-10-01 10:15:00-04:00,1.7699999809265137,1.7899999618530273,1.757099986076355,1.7702000141143799,30886,0.0,0.0
2024-10-01 10:20:00-04:00,1.7699999809265137,1.7999999523162842,1.75,1.75,46825,0.0,0.0
2024-10-01 10:25:00-04:00,1.7599999904632568,1.7692999839782715,1.7000000476837158,1.7029000520706177,44655,0.0,0.0
2024-10-01 10:30:00-04:00,1.7144999504089355,1.7299000024795532,1.7007999420166016,1.7100000381469727,6423,0.0,0.0
2024-10-01 10:35:00-04:00,1.7194000482559204,1.7272000312805176,1.649999976158142,1.6881999969482422,26853,0.0,0.0
2024-10-01 10:40:00-04:00,1.6699999570846558,1.6872999668121338,1.663100004196167,1.6749999523162842,2212,0.0,0.0
2024-10-01 10:45:00-04:00,1.6699999570846558,1.6699999570846558,1.6699999570846558,1.6699999570846558,105,0.0,0.0
2024-10-01 10:50:00-04:00,1.6799999475479126,1.6895999908447266,1.659999966621399,1.666599988937378,4909,0.0,0.0
2024-10-01 10:55:00-04:00,1.6990000009536743,1.75,1.6990000009536743,1.75,27801,0.0,0.0
2024-10-01 11:00:00-04:00,1.7100000381469727,1.7100000381469727,1.7100000381469727,1.7100000381469727,1149,0.0,0.0
2024-10-01 11:05:00-04:00,1.7200000286102295,1.7300000190734863,1.7200000286102295,1.7200000286102295,4032,0.0,0.0
2024-10-01 11:10:00-04:00,1.7300000190734863,1.7450000047683716,1.7299000024795532,1.7450000047683716,4106,0.0,0.0
2024-10-01 11:15:00-04:00,1.7450000047683716,1.746399998664856,1.7000999450683594,1.7024999856948853,15573,0.0,0.0
2024-10-01 11:20:00-04:00,1.715000033378601,1.715499997138977,1.7000000476837158,1.715499997138977,8561,0.0,0.0
2024-10-01 11:25:00-04:00,1.7000000476837158,1.7297999858856201,1.7000000476837158,1.7200000286102295,14022,0.0,0.0
2024-10-01 11:30:00-04:00,1.7000000476837158,1.7000000476837158,1.7000000476837158,1.7000000476837158,152,0.0,0.0
2024-10-01 11:35:00-04:00,1.7168999910354614,1.7200000286102295,1.7000000476837158,1.7000000476837158,1808,0.0,0.0
2024-10-01 11:40:00-04:00,1.7164000272750854,1.729200005531311,1.705199956893921,1.729099988937378,1525,0.0,0.0
2024-10-01 11:45:00-04:00,1.7380000352859497,1.7400000095367432,1.7360999584197998,1.7360999584197998,2332,0.0,0.0
2024-10-01 11:50:00-04:00,1.7350000143051147,1.7350000143051147,1.7350000143051147,1.7350000143051147,503,0.0,0.0
2024-10-01 11:55:00-04:00,1.73989999294281,1.75,1.7300000190734863,1.7450000047683716,3536,0.0,0.0
2024-10-01 12:00:00-04:00,1.7489999532699585,1.779099941253662,1.7300000190734863,1.774899959564209,6842,0.0,0.0
2024-10-01 12:05:00-04:00,1.7799999713897705,1.7799999713897705,1.7799999713897705,1.7799999713897705,1803,0.0,0.0
2024-10-01 12:10:00-04:00,1.7799999713897705,1.809999942779541,1.7699999809265137,1.7960000038146973,13693,0.0,0.0
2024-10-01 12:15:00-04:00,1.7899999618530273,1.7899999618530273,1.7649999856948853,1.779099941253662,2554,0.0,0.0
2024-10-01 12:20:00-04:00,1.767300009727478,1.767300009727478,1.767300009727478,1.767300009727478,520,0.0,0.0
2024-10-01 12:25:00-04:00,1.7699999809265137,1.7699999809265137,1.7699999809265137,1.7699999809265137,1634,0.0,0.0
2024-10-01 12:30:00-04:00,1.7599999904632568,1.7697999477386475,1.750100016593933,1.7697999477386475,10949,0.0,0.0
2024-10-01 12:35:00-04:00,1.7699999809265137,1.784999966621399,1.7699999809265137,1.784999966621399,0,0.0,0.0
2024-10-01 12:40:00-04:00,1.7799999713897705,1.7799999713897705,1.75,1.7599999904632568,7530,0.0,0.0
2024-10-01 12:45:00-04:00,1.7599999904632568,1.7699999809265137,1.7000000476837158,1.7038999795913696,19886,0.0,0.0
2024-10-01 12:50:00-04:00,1.7100000381469727,1.7200000286102295,1.7020000219345093,1.7200000286102295,2327,0.0,0.0
2024-10-01 12:55:00-04:00,1.7100000381469727,1.7400000095367432,1.7100000381469727,1.7389999628067017,2339,0.0,0.0
2024-10-01 13:00:00-04:00,1.7400000095367432,1.7489999532699585,1.7020000219345093,1.7489999532699585,9956,0.0,0.0
2024-10-01 13:05:00-04:00,1.7400000095367432,1.7699999809265137,1.7107000350952148,1.7699999809265137,3704,0.0,0.0
2024-10-01 13:10:00-04:00,1.7699999809265137,1.7699999809265137,1.7599999904632568,1.7699999809265137,4339,0.0,0.0
2024-10-01 13:15:00-04:00,1.750100016593933,1.7699999809265137,1.7475999593734741,1.7553999423980713,8455,0.0,0.0
2024-10-01 13:20:00-04:00,1.7698999643325806,1.7698999643325806,1.7599999904632568,1.7698999643325806,28735,0.0,0.0
2024-10-01 13:25:00-04:00,1.7899999618530273,1.8200000524520874,1.7899999618530273,1.7999999523162842,16087,0.0,0.0
2024-10-01 13:30:00-04:00,1.809999942779541,1.809999942779541,1.7634999752044678,1.7699999809265137,18232,0.0,0.0
2024-10-01 13:35:00-04:00,1.7799999713897705,1.809999942779541,1.75,1.7598999738693237,18861,0.0,0.0
2024-10-01 13:40:00-04:00,1.7552000284194946,1.7890000343322754,1.7552000284194946,1.7890000343322754,5423,0.0,0.0
2024-10-01 13:45:00-04:00,1.7990000247955322,1.809999942779541,1.7799999713897705,1.809999942779541,5268,0.0,0.0
2024-10-01 13:50:00-04:00,1.7999999523162842,1.7999999523162842,1.7999999523162842,1.7999999523162842,3697,0.0,0.0
2024-10-01 13:55:00-04:00,1.7922999858856201,1.8200000524520874,1.7719999551773071,1.7999999523162842,12770,0.0,0.0
2024-10-01 14:00:00-04:00,1.809999942779541,1.8200000524520874,1.7899999618530273,1.8092999458312988,3285,0.0,0.0
2024-10-01 14:05:00-04:00,1.8200000524520874,1.8291000127792358,1.8091000318527222,1.8291000127792358,13831,0.0,0.0
2024-10-01 14:10:00-04:00,1.8200000524520874,1.850000023841858,1.8200000524520874,1.840000033378601,12847,0.0,0.0
2024-10-01 14:15:00-04:00,1.8489999771118164,1.8489999771118164,1.809999942779541,1.8300000429153442,21614,0.0,0.0
2024-10-01 14:20:00-04:00,1.8300000429153442,1.8300000429153442,1.8200000524520874,1.8300000429153442,2911,0.0,0.0
2024-10-01 14:25:00-04:00,1.809999942779541,1.850000023841858,1.809999942779541,1.840000033378601,13341,0.0,0.0
2024-10-01 14:30:00-04:00,1.8499000072479248,1.850000023841858,1.8300000429153442,1.850000023841858,11197,0.0,0.0
2024-10-01 14:35:00-04:00,1.840000033378601,1.840000033378601,1.809999942779541,1.8200000524520874,20577,0.0,0.0
2024-10-01 14:40:00-04:00,1.8200000524520874,1.8228000402450562,1.7699999809265137,1.7699999809265137,41460,0.0,0.0
2024-10-01 14:45:00-04:00,1.7990000247955322,1.7990000247955322,1.750100016593933,1.7799999713897705,15863,0.0,0.0
2024-10-01 14:50:00-04:00,1.7699999809265137,1.7890000343322754,1.7699999809265137,1.7890000343322754,4453,0.0,0.0
2024-10-01 14:55:00-04:00,1.7890000343322754,1.7990000247955322,1.7890000343322754,1.7990000247955322,2614,0.0,0.0
2024-10-01 15:00:00-04:00,1.7990000247955322,1.7990000247955322,1.7899999618530273,1.7964999675750732,3827,0.0,0.0
2024-10-01 15:05:00-04:00,1.7999999523162842,1.7999999523162842,1.7899999618530273,1.7999999523162842,4883,0.0,0.0
2024-10-01 15:10:00-04:00,1.7994999885559082,1.7999999523162842,1.7994999885559082,1.7999999523162842,1786,0.0,0.0
2024-10-01 15:15:00-04:00,1.7900999784469604,1.7900999784469604,1.7699999809265137,1.7699999809265137,12234,0.0,0.0
2024-10-01 15:20:00-04:00,1.7699999809265137,1.7890000343322754,1.6699999570846558,1.6699999570846558,31980,0.0,0.0
2024-10-01 15:25:00-04:00,1.659999966621399,1.7050000429153442,1.649999976158142,1.6990000009536743,34965,0.0,0.0
2024-10-01 15:30:00-04:00,1.6990000009536743,1.7000000476837158,1.649999976158142,1.6999000310897827,9300,0.0,0.0
2024-10-01 15:35:00-04:00,1.6969000101089478,1.7300000190734863,1.6900999546051025,1.7200000286102295,16755,0.0,0.0
2024-10-01 15:40:00-04:00,1.7200000286102295,1.75,1.7200000286102295,1.7400000095367432,22223,0.0,0.0
2024-10-01 15:45:00-04:00,1.7400000095367432,1.7699999809265137,1.7101000547409058,1.7450000047683716,19539,0.0,0.0
2024-10-01 15:50:00-04:00,1.7400000095367432,1.7684999704360962,1.7200000286102295,1.7200000286102295,12818,0.0,0.0
2024-10-01 15:55:00-04:00,1.7400000095367432,1.7699999809265137,1.7200000286102295,1.7699999809265137,39486,0.0,0.0
2024-10-02 09:30:00-04:00,1.7699999809265137,1.7800999879837036,1.7100000381469727,1.7100000381469727,16040,0.0,0.0
2024-10-02 09:35:00-04:00,1.7009999752044678,1.7200000286102295,1.649999976158142,1.649999976158142,12388,0.0,0.0
2024-10-02 09:40:00-04:00,1.660099983215332,1.660099983215332,1.6200000047683716,1.6389000415802002,15888,0.0,0.0
2024-10-02 09:45:00-04:00,1.6598999500274658,1.6598999500274658,1.6598999500274658,1.6598999500274658,1615,0.0,0.0
2024-10-02 09:50:00-04:00,1.6401000022888184,1.6401000022888184,1.6297999620437622,1.6297999620437622,3848,0.0,0.0
2024-10-02 09:55:00-04:00,1.6399999856948853,1.6933000087738037,1.621500015258789,1.6933000087738037,16452,0.0,0.0
2024-10-02 10:00:00-04:00,1.690000057220459,1.690000057220459,1.6747000217437744,1.6747000217437744,2796,0.0,0.0
2024-10-02 10:05:00-04:00,1.6955000162124634,1.7027000188827515,1.6782000064849854,1.6991000175476074,7752,0.0,0.0
2024-10-02 10:10:00-04:00,1.7000000476837158,1.7000000476837158,1.6950000524520874,1.6950000524520874,1053,0.0,0.0
2024-10-02 10:15:00-04:00,1.6754000186920166,1.6754000186920166,1.6754000186920166,1.6754000186920166,1203,0.0,0.0
2024-10-02 10:25:00-04:00,1.684999942779541,1.684999942779541,1.684999942779541,1.684999942779541,2000,0.0,0.0
2024-10-02 10:30:00-04:00,1.7000000476837158,1.7099000215530396,1.6799999475479126,1.690000057220459,2432,0.0,0.0
2024-10-02 10:35:00-04:00,1.7000000476837158,1.7098000049591064,1.7000000476837158,1.7098000049591064,405,0.0,0.0
2024-10-02 10:40:00-04:00,1.7100000381469727,1.7300000190734863,1.7100000381469727,1.7300000190734863,1088,0.0,0.0
2024-10-02 10:45:00-04:00,1.725000023841858,1.7300000190734863,1.725000023841858,1.7300000190734863,652,0.0,0.0
2024-10-02 10:50:00-04:00,1.7294000387191772,1.7300000190734863,1.725000023841858,1.725000023841858,1379,0.0,0.0
2024-10-02 10:55:00-04:00,1.7129000425338745,1.7129000425338745,1.7129000425338745,1.7129000425338745,315,0.0,0.0
2024-10-02 11:10:00-04:00,1.7000000476837158,1.7000999450683594,1.7000000476837158,1.7000999450683594,984,0.0,0.0
2024-10-02 11:15:00-04:00,1.6800999641418457,1.7000000476837158,1.6800999641418457,1.7000000476837158,629,0.0,0.0
2024-10-02 11:35:00-04:00,1.690000057220459,1.690000057220459,1.690000057220459,1.690000057220459,3300,0.0,0.0
2024-10-02 11:40:00-04:00,1.7000000476837158,1.7100000381469727,1.7000000476837158,1.7100000381469727,1728,0.0,0.0
2024-10-02 11:45:00-04:00,1.7000000476837158,1.7000000476837158,1.7000000476837158,1.7000000476837158,488,0.0,0.0
2024-10-02 11:50:00-04:00,1.7100000381469727,1.7199000120162964,1.7099000215530396,1.7199000120162964,371,0.0,0.0
2024-10-02 12:00:00-04:00,1.715000033378601,1.715000033378601,1.715000033378601,1.715000033378601,180,0.0,0.0
2024-10-02 12:15:00-04:00,1.7100000381469727,1.7100000381469727,1.7000000476837158,1.7000000476837158,1423,0.0,0.0
2024-10-02 12:20:00-04:00,1.690000057220459,1.690000057220459,1.690000057220459,1.690000057220459,1005,0.0,0.0
2024-10-02 12:25:00-04:00,1.7000000476837158,1.7200000286102295,1.6999000310897827,1.7200000286102295,5400,0.0,0.0
2024-10-02 12:30:00-04:00,1.7000000476837158,1.7100000381469727,1.7000000476837158,1.7100000381469727,0,0.0,0.0
2024-10-02 12:45:00-04:00,1.7100000381469727,1.7100000381469727,1.7100000381469727,1.7100000381469727,431,0.0,0.0
2024-10-02 13:25:00-04:00,1.6829999685287476,1.690000057220459,1.6829999685287476,1.690000057220459,1178,0.0,0.0
2024-10-02 13:35:00-04:00,1.690000057220459,1.690000057220459,1.690000057220459,1.690000057220459,2036,0.0,0.0
2024-10-02 14:00:00-04:00,1.7000000476837158,1.7000000476837158,1.7000000476837158,1.7000000476837158,4554,0.0,0.0
2024-10-02 14:05:00-04:00,1.690000057220459,1.7000000476837158,1.690000057220459,1.6955000162124634,4019,0.0,0.0
2024-10-02 14:10:00-04:00,1.6813000440597534,1.6813000440597534,1.6813000440597534,1.6813000440597534,649,0.0,0.0
2024-10-02 14:25:00-04:00,1.680999994277954,1.7000000476837158,1.680999994277954,1.7000000476837158,5401,0.0,0.0
2024-10-02 14:30:00-04:00,1.6815999746322632,1.690000057220459,1.6815999746322632,1.690000057220459,746,0.0,0.0
2024-10-02 14:35:00-04:00,1.6800999641418457,1.6979999542236328,1.6800999641418457,1.690000057220459,1370,0.0,0.0
2024-10-02 14:40:00-04:00,1.7000000476837158,1.7000000476837158,1.7000000476837158,1.7000000476837158,213,0.0,0.0
2024-10-02 14:50:00-04:00,1.7000000476837158,1.728600025177002,1.7000000476837158,1.7200000286102295,11100,0.0,0.0
2024-10-02 14:55:00-04:00,1.725000023841858,1.725000023841858,1.7194000482559204,1.7194000482559204,1156,0.0,0.0
2024-10-02 15:00:00-04:00,1.7200000286102295,1.7200000286102295,1.7200000286102295,1.7200000286102295,321,0.0,0.0
2024-10-02 15:05:00-04:00,1.7201000452041626,1.7300000190734863,1.7201000452041626,1.7300000190734863,656,0.0,0.0
2024-10-02 15:15:00-04:00,1.7201000452041626,1.7201000452041626,1.7200000286102295,1.7200000286102295,794,0.0,0.0
2024-10-02 15:20:00-04:00,1.7200000286102295,1.7200000286102295,1.7200000286102295,1.7200000286102295,218,0.0,0.0
2024-10-02 15:35:00-04:00,1.7271000146865845,1.7271000146865845,1.725000023841858,1.725000023841858,2458,0.0,0.0
2024-10-02 15:40:00-04:00,1.7201000452041626,1.725000023841858,1.698699951171875,1.7100000381469727,7077,0.0,0.0
2024-10-02 15:45:00-04:00,1.7100000381469727,1.7100000381469727,1.7000000476837158,1.7000999450683594,1892,0.0,0.0
2024-10-02 15:50:00-04:00,1.7000000476837158,1.7036000490188599,1.7000000476837158,1.7000000476837158,1302,0.0,0.0
2024-10-02 15:55:00-04:00,1.6920000314712524,1.7200000286102295,1.6900999546051025,1.7200000286102295,12376,0.0,0.0
2024-10-03 09:30:00-04:00,1.7200000286102295,1.7200000286102295,1.6950000524520874,1.6950000524520874,5157,0.0,0.0
2024-10-03 09:35:00-04:00,1.690000057220459,1.690000057220459,1.590000033378601,1.65339994430542,22534,0.0,0.0
2024-10-03 09:40:00-04:00,1.6100000143051147,1.6359000205993652,1.6016000509262085,1.6359000205993652,2793,0.0,0.0
2024-10-03 09:45:00-04:00,1.6299999952316284,1.6299999952316284,1.600100040435791,1.6200000047683716,6056,0.0,0.0
2024-10-03 09:50:00-04:00,1.6349999904632568,1.649999976158142,1.6200000047683716,1.649999976158142,2700,0.0,0.0
2024-10-03 10:05:00-04:00,1.6100000143051147,1.6100000143051147,1.5700000524520874,1.600000023841858,9198,0.0,0.0
2024-10-03 10:10:00-04:00,1.570099949836731,1.5880000591278076,1.5700000524520874,1.5700000524520874,8074,0.0,0.0
2024-10-03 10:15:00-04:00,1.559999942779541,1.559999942779541,1.5019999742507935,1.545300006866455,13802,0.0,0.0
2024-10-03 10:20:00-04:00,1.5950000286102295,1.6398999691009521,1.590000033378601,1.590000033378601,1705,0.0,0.0
2024-10-03 10:25:00-04:00,1.590000033378601,1.590000033378601,1.5800000429153442,1.5800000429153442,2047,0.0,0.0
2024-10-03 10:30:00-04:00,1.5995999574661255,1.5995999574661255,1.5850000381469727,1.5995999574661255,1064,0.0,0.0
2024-10-03 10:35:00-04:00,1.600000023841858,1.6100000143051147,1.590000033378601,1.6088000535964966,9675,0.0,0.0
2024-10-03 10:40:00-04:00,1.6100000143051147,1.6100000143051147,1.5638999938964844,1.5699000358581543,2832,0.0,0.0
2024-10-03 10:45:00-04:00,1.5714999437332153,1.6087000370025635,1.5700000524520874,1.5800000429153442,5168,0.0,0.0
2024-10-03 10:50:00-04:00,1.6050000190734863,1.6050000190734863,1.6050000190734863,1.6050000190734863,0,0.0,0.0
2024-10-03 11:00:00-04:00,1.5800000429153442,1.5800000429153442,1.5800000429153442,1.5800000429153442,3854,0.0,0.0
2024-10-03 11:10:00-04:00,1.5814000368118286,1.590000033378601,1.5814000368118286,1.590000033378601,520,0.0,0.0
2024-10-03 11:15:00-04:00,1.570099949836731,1.5714000463485718,1.570099949836731,1.5714000463485718,550,0.0,0.0
2024-10-03 11:20:00-04:00,1.5880000591278076,1.5880000591278076,1.5880000591278076,1.5880000591278076,167,0.0,0.0
2024-10-03 11:25:00-04:00,1.5800000429153442,1.590000033378601,1.5800000429153442,1.590000033378601,3686,0.0,0.0
2024-10-03 11:35:00-04:00,1.590000033378601,1.590000033378601,1.5800000429153442,1.5800000429153442,3699,0.0,0.0
2024-10-03 11:40:00-04:00,1.5800000429153442,1.5800000429153442,1.5788999795913696,1.5788999795913696,533,0.0,0.0
2024-10-03 11:45:00-04:00,1.5700000524520874,1.5700000524520874,1.5633000135421753,1.5633000135421753,1498,0.0,0.0
2024-10-03 11:50:00-04:00,1.565000057220459,1.565000057220459,1.5499999523162842,1.5499999523162842,3964,0.0,0.0
2024-10-03 11:55:00-04:00,1.5399999618530273,1.5399999618530273,1.5399999618530273,1.5399999618530273,213,0.0,0.0
2024-10-03 12:00:00-04:00,1.5449999570846558,1.5449999570846558,1.5449999570846558,1.5449999570846558,894,0.0,0.0
2024-10-03 12:05:00-04:00,1.531000018119812,1.531000018119812,1.531000018119812,1.531000018119812,583,0.0,0.0
2024-10-03 12:10:00-04:00,1.5305999517440796,1.545799970626831,1.5305999517440796,1.545799970626831,7289,0.0,0.0
2024-10-03 12:25:00-04:00,1.5499999523162842,1.5499999523162842,1.5499000549316406,1.5499000549316406,4483,0.0,0.0
2024-10-03 12:50:00-04:00,1.5491000413894653,1.5491000413894653,1.5491000413894653,1.5491000413894653,753,0.0,0.0
2024-10-03 13:10:00-04:00,1.5449999570846558,1.5449999570846558,1.5400999784469604,1.5400999784469604,903,0.0,0.0
2024-10-03 13:30:00-04:00,1.549399971961975,1.559999942779541,1.549399971961975,1.559999942779541,2966,0.0,0.0
2024-10-03 13:50:00-04:00,1.5499999523162842,1.5499999523162842,1.5499999523162842,1.5499999523162842,241,0.0,0.0
2024-10-03 14:15:00-04:00,1.5489000082015991,1.5489000082015991,1.5489000082015991,1.5489000082015991,305,0.0,0.0
2024-10-03 14:20:00-04:00,1.5529999732971191,1.5529999732971191,1.5529999732971191,1.5529999732971191,2500,0.0,0.0
2024-10-03 14:25:00-04:00,1.5469000339508057,1.5469000339508057,1.5399999618530273,1.5399999618530273,1956,0.0,0.0
2024-10-03 14:45:00-04:00,1.5399999618530273,1.5399999618530273,1.5399999618530273,1.5399999618530273,1507,0.0,0.0
2024-10-03 15:00:00-04:00,1.5440000295639038,1.5440000295639038,1.5440000295639038,1.5440000295639038,805,0.0,0.0
2024-10-03 15:10:00-04:00,1.5400999784469604,1.5400999784469604,1.5400999784469604,1.5400999784469604,374,0.0,0.0
2024-10-03 15:15:00-04:00,1.534000039100647,1.5393999814987183,1.534000039100647,1.5393999814987183,1484,0.0,0.0
2024-10-03 15:35:00-04:00,1.5336999893188477,1.5336999893188477,1.5300999879837036,1.5300999879837036,504,0.0,0.0
2024-10-03 15:40:00-04:00,1.531999945640564,1.531999945640564,1.5299999713897705,1.5299999713897705,1262,0.0,0.0
2024-10-03 15:50:00-04:00,1.5370999574661255,1.5370999574661255,1.5099999904632568,1.5299999713897705,5646,0.0,0.0
2024-10-03 15:55:00-04:00,1.5298999547958374,1.559999942779541,1.5298999547958374,1.559999942779541,7345,0.0,0.0
2024-10-04 09:30:00-04:00,1.5499999523162842,1.6061999797821045,1.5499999523162842,1.5750000476837158,7953,0.0,0.0
2024-10-04 09:35:00-04:00,1.559999942779541,1.5686999559402466,1.5499999523162842,1.5499999523162842,5120,0.0,0.0
2024-10-04 09:50:00-04:00,1.5326000452041626,1.5399999618530273,1.5298999547958374,1.5399999618530273,7120,0.0,0.0
2024-10-04 09:55:00-04:00,1.5199999809265137,1.5199999809265137,1.5099999904632568,1.5099999904632568,10334,0.0,0.0
2024-10-04 10:00:00-04:00,1.51010000705719,1.5205999612808228,1.4900000095367432,1.4904999732971191,11015,0.0,0.0
2024-10-04 10:05:00-04:00,1.4900000095367432,1.4900000095367432,1.4880000352859497,1.4880000352859497,840,0.0,0.0
2024-10-04 10:10:00-04:00,1.4850000143051147,1.4900000095367432,1.4850000143051147,1.4900000095367432,6460,0.0,0.0
2024-10-04 10:15:00-04:00,1.4916000366210938,1.5099999904632568,1.486199975013733,1.5020999908447266,1073,0.0,0.0
2024-10-04 10:20:00-04:00,1.4922000169754028,1.4922000169754028,1.4922000169754028,1.4922000169754028,510,0.0,0.0
2024-10-04 10:25:00-04:00,1.5049999952316284,1.5049999952316284,1.5049999952316284,1.5049999952316284,320,0.0,0.0
2024-10-04 10:30:00-04:00,1.4961999654769897,1.4961999654769897,1.4961999654769897,1.4961999654769897,41,0.0,0.0
2024-10-04 10:35:00-04:00,1.4912999868392944,1.4912999868392944,1.4912999868392944,1.4912999868392944,1430,0.0,0.0
2024-10-04 10:40:00-04:00,1.5,1.5099999904632568,1.5,1.500100016593933,1143,0.0,0.0
2024-10-04 10:50:00-04:00,1.5,1.5,1.5,1.5,378,0.0,0.0
2024-10-04 10:55:00-04:00,1.5,1.5098999738693237,1.5,1.5098999738693237,4250,0.0,0.0
2024-10-04 11:05:00-04:00,1.5099999904632568,1.5099999904632568,1.5099999904632568,1.5099999904632568,0,0.0,0.0
2024-10-04 11:10:00-04:00,1.500100016593933,1.500100016593933,1.5,1.5,912,0.0,0.0
2024-10-04 11:15:00-04:00,1.4919999837875366,1.5,1.4919999837875366,1.4950000047683716,1051,0.0,0.0
2024-10-04 11:20:00-04:00,1.499899983406067,1.499899983406067,1.499899983406067,1.499899983406067,504,0.0,0.0
2024-10-04 11:25:00-04:00,1.5062999725341797,1.5062999725341797,1.5062999725341797,1.5062999725341797,10228,0.0,0.0
2024-10-04 11:35:00-04:00,1.5049999952316284,1.5099999904632568,1.5049999952316284,1.5099999904632568,0,0.0,0.0
2024-10-04 11:40:00-04:00,1.5099999904632568,1.5273000001907349,1.5099999904632568,1.5270999670028687,6834,0.0,0.0
2024-10-04 11:50:00-04:00,1.5200999975204468,1.529099941253662,1.5200999975204468,1.529099941253662,2155,0.0,0.0
2024-10-04 12:10:00-04:00,1.534999966621399,1.534999966621399,1.534999966621399,1.534999966621399,5648,0.0,0.0
2024-10-04 12:15:00-04:00,1.5399999618530273,1.5399999618530273,1.5399999618530273,1.5399999618530273,0,0.0,0.0
2024-10-04 12:20:00-04:00,1.559999942779541,1.559999942779541,1.559999942779541,1.559999942779541,185,0.0,0.0
2024-10-04 12:25:00-04:00,1.5534000396728516,1.5534000396728516,1.5534000396728516,1.5534000396728516,400,0.0,0.0
2024-10-04 12:35:00-04:00,1.590000033378601,1.590000033378601,1.5700000524520874,1.5700000524520874,761,0.0,0.0
2024-10-04 12:40:00-04:00,1.5785000324249268,1.5785000324249268,1.5785000324249268,1.5785000324249268,92,0.0,0.0
2024-10-04 12:50:00-04:00,1.5700000524520874,1.5700000524520874,1.5700000524520874,1.5700000524520874,173,0.0,0.0
2024-10-04 13:00:00-04:00,1.5670000314712524,1.5670000314712524,1.5670000314712524,1.5670000314712524,584,0.0,0.0
2024-10-04 13:05:00-04:00,1.5628999471664429,1.5628999471664429,1.5628999471664429,1.5628999471664429,401,0.0,0.0
2024-10-04 13:35:00-04:00,1.559999942779541,1.559999942779541,1.559999942779541,1.559999942779541,929,0.0,0.0
2024-10-04 14:00:00-04:00,1.5636999607086182,1.5636999607086182,1.5299999713897705,1.5299999713897705,1777,0.0,0.0
2024-10-04 14:05:00-04:00,1.5484999418258667,1.5499999523162842,1.5449999570846558,1.5496000051498413,2400,0.0,0.0
2024-10-04 14:20:00-04:00,1.5399999618530273,1.5399999618530273,1.5300999879837036,1.5300999879837036,1465,0.0,0.0
2024-10-04 14:35:00-04:00,1.5399999618530273,1.5399999618530273,1.5399999618530273,1.5399999618530273,125,0.0,0.0
2024-10-04 15:00:00-04:00,1.5299999713897705,1.5328999757766724,1.5299999713897705,1.5328999757766724,4000,0.0,0.0
2024-10-04 15:05:00-04:00,1.5398999452590942,1.5398999452590942,1.5398999452590942,1.5398999452590942,0,0.0,0.0
2024-10-04 15:15:00-04:00,1.5362000465393066,1.5362000465393066,1.5362000465393066,1.5362000465393066,306,0.0,0.0
2024-10-04 15:20:00-04:00,1.5399999618530273,1.5399999618530273,1.5369000434875488,1.5369000434875488,3033,0.0,0.0
2024-10-04 15:30:00-04:00,1.5499999523162842,1.5499999523162842,1.5399999618530273,1.5399999618530273,1669,0.0,0.0
2024-10-04 15:45:00-04:00,1.534999966621399,1.5399999618530273,1.534999966621399,1.5399999618530273,327,0.0,0.0
2024-10-04 15:55:00-04:00,1.5499999523162842,1.5499999523162842,1.5499999523162842,1.5499999523162842,1114,0.0,0.0
2024-10-07 09:30:00-04:00,1.5700000524520874,1.6200000047683716,1.5700000524520874,1.6200000047683716,10276,0.0,0.0
2024-10-07 09:35:00-04:00,1.6299999952316284,1.6398999691009521,1.6299999952316284,1.6398999691009521,1260,0.0,0.0
2024-10-07 09:40:00-04:00,1.6449999809265137,1.6999000310897827,1.6449999809265137,1.6887999773025513,20717,0.0,0.0
2024-10-07 09:45:00-04:00,1.6721999645233154,1.7232999801635742,1.6721999645233154,1.7050000429153442,3475,0.0,0.0
2024-10-07 09:50:00-04:00,1.7057000398635864,1.7099000215530396,1.7000000476837158,1.7000000476837158,8228,0.0,0.0
2024-10-07 09:55:00-04:00,1.7080999612808228,1.7091000080108643,1.6994999647140503,1.6994999647140503,955,0.0,0.0
2024-10-07 10:00:00-04:00,1.7000000476837158,1.7200000286102295,1.7000000476837158,1.7200000286102295,6409,0.0,0.0
2024-10-07 10:05:00-04:00,1.7197999954223633,1.7197999954223633,1.718000054359436,1.718000054359436,1651,0.0,0.0
2024-10-07 10:10:00-04:00,1.715399980545044,1.715399980545044,1.715399980545044,1.715399980545044,10412,0.0,0.0
2024-10-07 10:15:00-04:00,1.7000999450683594,1.7283999919891357,1.7000999450683594,1.7283999919891357,0,0.0,0.0
2024-10-07 10:20:00-04:00,1.7210999727249146,1.7210999727249146,1.7101000547409058,1.7200000286102295,2032,0.0,0.0
2024-10-07 10:30:00-04:00,1.7300000190734863,1.7300000190734863,1.722000002861023,1.7300000190734863,2546,0.0,0.0
2024-10-07 10:35:00-04:00,1.7300000190734863,1.7599999904632568,1.7300000190734863,1.7599999904632568,5666,0.0,0.0
2024-10-07 10:40:00-04:00,1.75409996509552,1.7542999982833862,1.75,1.751099944114685,2201,0.0,0.0
2024-10-07 10:45:00-04:00,1.75,1.75,1.75,1.75,77,0.0,0.0
2024-10-07 10:50:00-04:00,1.7491999864578247,1.75,1.7491999864578247,1.75,1709,0.0,0.0
2024-10-07 11:00:00-04:00,1.757599949836731,1.757599949836731,1.75,1.75,4046,0.0,0.0
2024-10-07 11:10:00-04:00,1.7549999952316284,1.7549999952316284,1.7549999952316284,1.7549999952316284,1167,0.0,0.0
2024-10-07 11:15:00-04:00,1.7549999952316284,1.7884000539779663,1.7549999952316284,1.7884000539779663,6262,0.0,0.0
2024-10-07 11:20:00-04:00,1.7899999618530273,1.7899999618530273,1.7599999904632568,1.7799999713897705,6742,0.0,0.0
2024-10-07 11:25:00-04:00,1.7599999904632568,1.7699999809265137,1.7350000143051147,1.7350000143051147,7955,0.0,0.0
2024-10-07 11:30:00-04:00,1.7350000143051147,1.7350000143051147,1.7350000143051147,1.7350000143051147,726,0.0,0.0
2024-10-07 11:35:00-04:00,1.7201000452041626,1.7201000452041626,1.7201000452041626,1.7201000452041626,5988,0.0,0.0
2024-10-07 11:40:00-04:00,1.7350000143051147,1.75,1.7350000143051147,1.7350000143051147,0,0.0,0.0
2024-10-07 11:45:00-04:00,1.7300000190734863,1.75,1.7200000286102295,1.75,2376,0.0,0.0
2024-10-07 11:50:00-04:00,1.7201000452041626,1.7201000452041626,1.7201000452041626,1.7201000452041626,741,0.0,0.0
2024-10-07 12:05:00-04:00,1.7200000286102295,1.7209999561309814,1.7200000286102295,1.7200000286102295,2396,0.0,0.0
2024-10-07 12:15:00-04:00,1.7200000286102295,1.7300000190734863,1.7000000476837158,1.7247999906539917,17387,0.0,0.0
2024-10-07 12:25:00-04:00,1.7197999954223633,1.7200000286102295,1.7108999490737915,1.7200000286102295,3960,0.0,0.0
2024-10-07 12:30:00-04:00,1.7275999784469604,1.7275999784469604,1.7200000286102295,1.7200000286102295,712,0.0,0.0
2024-10-07 12:35:00-04:00,1.7120000123977661,1.7120000123977661,1.7120000123977661,1.7120000123977661,140,0.0,0.0
2024-10-07 12:40:00-04:00,1.7299000024795532,1.7299000024795532,1.7200000286102295,1.7295000553131104,2825,0.0,0.0
2024-10-07 12:45:00-04:00,1.7200000286102295,1.7300000190734863,1.7200000286102295,1.7200000286102295,8136,0.0,0.0
2024-10-07 12:50:00-04:00,1.7309000492095947,1.73989999294281,1.7200000286102295,1.7200000286102295,921,0.0,0.0
2024-10-07 12:55:00-04:00,1.7400000095367432,1.7400000095367432,1.7200000286102295,1.725000023841858,7012,0.0,0.0
2024-10-07 13:00:00-04:00,1.715000033378601,1.7200000286102295,1.7000000476837158,1.7200000286102295,2402,0.0,0.0
2024-10-07 13:05:00-04:00,1.7196999788284302,1.7196999788284302,1.7196999788284302,1.7196999788284302,298,0.0,0.0
2024-10-07 13:10:00-04:00,1.7200000286102295,1.7200000286102295,1.7000000476837158,1.7000000476837158,7868,0.0,0.0
2024-10-07 13:15:00-04:00,1.7000000476837158,1.7000000476837158,1.6399999856948853,1.6959999799728394,29495,0.0,0.0
2024-10-07 13:20:00-04:00,1.7000000476837158,1.7000000476837158,1.6842000484466553,1.6842000484466553,1951,0.0,0.0
2024-10-07 13:30:00-04:00,1.6999000310897827,1.7100000381469727,1.6991000175476074,1.6991000175476074,6974,0.0,0.0
2024-10-07 13:35:00-04:00,1.7096999883651733,1.7096999883651733,1.7096999883651733,1.7096999883651733,927,0.0,0.0
2024-10-07 13:45:00-04:00,1.6811000108718872,1.6999000310897827,1.6811000108718872,1.6993000507354736,1577,0.0,0.0
2024-10-07 13:50:00-04:00,1.691499948501587,1.7200000286102295,1.690000057220459,1.718500018119812,12262,0.0,0.0
2024-10-07 13:55:00-04:00,1.7178000211715698,1.7200000286102295,1.7055000066757202,1.7055000066757202,408,0.0,0.0
2024-10-07 14:00:00-04:00,1.7050000429153442,1.7069000005722046,1.7050000429153442,1.7065999507904053,5157,0.0,0.0
2024-10-07 14:05:00-04:00,1.7086000442504883,1.7200000286102295,1.7086000442504883,1.7200000286102295,2655,0.0,0.0
2024-10-07 14:10:00-04:00,1.7200000286102295,1.7238999605178833,1.7100000381469727,1.7100000381469727,2954,0.0,0.0
2024-10-07 14:20:00-04:00,1.7100000381469727,1.7100000381469727,1.7100000381469727,1.7100000381469727,1520,0.0,0.0
2024-10-07 14:25:00-04:00,1.7200000286102295,1.7295000553131104,1.7200000286102295,1.7295000553131104,576,0.0,0.0
2024-10-07 14:30:00-04:00,1.7100000381469727,1.7100000381469727,1.7100000381469727,1.7100000381469727,323,0.0,0.0
2024-10-07 14:35:00-04:00,1.7000000476837158,1.7000000476837158,1.7000000476837158,1.7000000476837158,2166,0.0,0.0
2024-10-07 14:40:00-04:00,1.707900047302246,1.7378000020980835,1.707900047302246,1.7200000286102295,21620,0.0,0.0
2024-10-07 14:45:00-04:00,1.7121000289916992,1.7299000024795532,1.7121000289916992,1.7200000286102295,4894,0.0,0.0
2024-10-07 14:50:00-04:00,1.7200000286102295,1.7200000286102295,1.7101000547409058,1.7101000547409058,5630,0.0,0.0
2024-10-07 14:55:00-04:00,1.7100000381469727,1.7200000286102295,1.659999966621399,1.659999966621399,26065,0.0,0.0
2024-10-07 15:00:00-04:00,1.6749999523162842,1.6749999523162842,1.6749999523162842,1.6749999523162842,16473,0.0,0.0
2024-10-07 15:05:00-04:00,1.6799999475479126,1.6799999475479126,1.6699999570846558,1.6699999570846558,1558,0.0,0.0
2024-10-07 15:10:00-04:00,1.6999000310897827,1.6999000310897827,1.6999000310897827,1.6999000310897827,0,0.0,0.0
2024-10-07 15:15:00-04:00,1.7000000476837158,1.7000000476837158,1.6799999475479126,1.7000000476837158,3059,0.0,0.0
2024-10-07 15:20:00-04:00,1.6700999736785889,1.698699951171875,1.6700999736785889,1.698699951171875,745,0.0,0.0
2024-10-07 15:25:00-04:00,1.6950000524520874,1.6950000524520874,1.6950000524520874,1.6950000524520874,3389,0.0,0.0
2024-10-07 15:30:00-04:00,1.6999000310897827,1.7000000476837158,1.68149995803833,1.7000000476837158,686,0.0,0.0
2024-10-07 15:35:00-04:00,1.6799999475479126,1.6898000240325928,1.6799999475479126,1.6898000240325928,2387,0.0,0.0
2024-10-07 15:40:00-04:00,1.6799999475479126,1.6986000537872314,1.6799999475479126,1.6799999475479126,3430,0.0,0.0
2024-10-07 15:45:00-04:00,1.690000057220459,1.690000057220459,1.690000057220459,1.690000057220459,286,0.0,0.0
2024-10-07 15:50:00-04:00,1.6799999475479126,1.6985000371932983,1.6799999475479126,1.6985000371932983,832,0.0,0.0
2024-10-07 15:55:00-04:00,1.6799999475479126,1.7350000143051147,1.6799999475479126,1.732300043106079,18204,0.0,0.0
2024-10-08 09:30:00-04:00,1.7999999523162842,1.8250000476837158,1.7799999713897705,1.7799999713897705,76481,0.0,0.0
2024-10-08 09:35:00-04:00,1.7785999774932861,1.784999966621399,1.7201999425888062,1.7595000267028809,27831,0.0,0.0
2024-10-08 09:40:00-04:00,1.7400000095367432,1.7559000253677368,1.7400000095367432,1.7426999807357788,3562,0.0,0.0
2024-10-08 09:45:00-04:00,1.7300000190734863,1.7599999904632568,1.7300000190734863,1.7405999898910522,3560,0.0,0.0
2024-10-08 09:50:00-04:00,1.7401000261306763,1.7551000118255615,1.7401000261306763,1.7551000118255615,4366,0.0,0.0
2024-10-08 09:55:00-04:00,1.7455999851226807,1.7455999851226807,1.6799999475479126,1.690000057220459,16339,0.0,0.0
2024-10-08 10:00:00-04:00,1.6799999475479126,1.6799999475479126,1.6799999475479126,1.6799999475479126,650,0.0,0.0
2024-10-08 10:05:00-04:00,1.684999942779541,1.6999000310897827,1.6799999475479126,1.6950000524520874,6508,0.0,0.0
2024-10-08 10:10:00-04:00,1.7000000476837158,1.7100000381469727,1.6799999475479126,1.6799999475479126,5337,0.0,0.0
2024-10-08 10:15:00-04:00,1.680299997329712,1.684999942779541,1.659999966621399,1.659999966621399,7678,0.0,0.0
2024-10-08 10:20:00-04:00,1.659999966621399,1.659999966621399,1.600100040435791,1.600100040435791,7915,0.0,0.0
2024-10-08 10:25:00-04:00,1.6399999856948853,1.6699999570846558,1.6399999856948853,1.6699999570846558,4187,0.0,0.0
2024-10-08 10:30:00-04:00,1.6540000438690186,1.6540000438690186,1.6540000438690186,1.6540000438690186,240,0.0,0.0
2024-10-08 10:35:00-04:00,1.6514999866485596,1.6514999866485596,1.6500999927520752,1.6500999927520752,1710,0.0,0.0
2024-10-08 10:40:00-04:00,1.6649999618530273,1.6649999618530273,1.6649999618530273,1.6649999618530273,179,0.0,0.0
2024-10-08 10:45:00-04:00,1.6699999570846558,1.6799999475479126,1.6699999570846558,1.6799999475479126,1863,0.0,0.0
2024-10-08 10:50:00-04:00,1.6799999475479126,1.690000057220459,1.6699999570846558,1.6799999475479126,2035,0.0,0.0
2024-10-08 10:55:00-04:00,1.6799999475479126,1.6799999475479126,1.6799999475479126,1.6799999475479126,261,0.0,0.0
2024-10-08 11:00:00-04:00,1.6799999475479126,1.6799999475479126,1.6668000221252441,1.6668000221252441,1839,0.0,0.0
2024-10-08 11:05:00-04:00,1.659999966621399,1.684399962425232,1.659999966621399,1.684399962425232,3927,0.0,0.0
2024-10-08 11:20:00-04:00,1.6648000478744507,1.6648000478744507,1.6613999605178833,1.6613999605178833,5236,0.0,0.0
2024-10-08 11:25:00-04:00,1.6663000583648682,1.6799999475479126,1.6663000583648682,1.679800033569336,19599,0.0,0.0
2024-10-08 11:30:00-04:00,1.690000057220459,1.690000057220459,1.684999942779541,1.690000057220459,0,0.0,0.0
2024-10-08 11:45:00-04:00,1.7000000476837158,1.7000000476837158,1.7000000476837158,1.7000000476837158,239,0.0,0.0
2024-10-08 11:50:00-04:00,1.690000057220459,1.690000057220459,1.690000057220459,1.690000057220459,288,0.0,0.0
2024-10-08 12:05:00-04:00,1.7000000476837158,1.7000000476837158,1.6979999542236328,1.6979999542236328,938,0.0,0.0
2024-10-08 12:10:00-04:00,1.690000057220459,1.690000057220459,1.690000057220459,1.690000057220459,375,0.0,0.0
2024-10-08 12:20:00-04:00,1.7000000476837158,1.7009999752044678,1.7000000476837158,1.7000000476837158,2297,0.0,0.0
2024-10-08 12:25:00-04:00,1.7200000286102295,1.7200000286102295,1.7010999917984009,1.7200000286102295,2297,0.0,0.0
2024-10-08 12:30:00-04:00,1.7199000120162964,1.7199000120162964,1.7100000381469727,1.7100000381469727,620,0.0,0.0
2024-10-08 12:35:00-04:00,1.7200000286102295,1.7200000286102295,1.7200000286102295,1.7200000286102295,114,0.0,0.0
2024-10-08 12:40:00-04:00,1.7028000354766846,1.7028000354766846,1.7000999450683594,1.7000999450683594,1702,0.0,0.0
2024-10-08 12:45:00-04:00,1.700700044631958,1.700700044631958,1.700700044631958,1.700700044631958,313,0.0,0.0
2024-10-08 12:55:00-04:00,1.7300000190734863,1.7300000190734863,1.7172000408172607,1.7172000408172607,609,0.0,0.0
2024-10-08 13:05:00-04:00,1.715000033378601,1.715000033378601,1.715000033378601,1.715000033378601,213,0.0,0.0
2024-10-08 13:10:00-04:00,1.7095999717712402,1.7100000381469727,1.7095999717712402,1.7100000381469727,825,0.0,0.0
2024-10-08 13:15:00-04:00,1.7000000476837158,1.7039999961853027,1.7000000476837158,1.7000000476837158,6528,0.0,0.0
2024-10-08 13:20:00-04:00,1.6950000524520874,1.7200000286102295,1.6950000524520874,1.715000033378601,9083,0.0,0.0
2024-10-08 13:40:00-04:00,1.7152999639511108,1.7152999639511108,1.7152999639511108,1.7152999639511108,203,0.0,0.0
2024-10-08 13:55:00-04:00,1.7000000476837158,1.7000000476837158,1.7000000476837158,1.7000000476837158,948,0.0,0.0
2024-10-08 14:00:00-04:00,1.6950000524520874,1.6950000524520874,1.6950000524520874,1.6950000524520874,48,0.0,0.0
2024-10-08 14:05:00-04:00,1.7000000476837158,1.7000000476837158,1.6996999979019165,1.6996999979019165,4055,0.0,0.0
2024-10-08 14:10:00-04:00,1.6917999982833862,1.6950000524520874,1.6917999982833862,1.6950000524520874,1611,0.0,0.0
2024-10-08 14:15:00-04:00,1.6950000524520874,1.6950000524520874,1.69159996509552,1.69159996509552,343,0.0,0.0
2024-10-08 14:25:00-04:00,1.6950000524520874,1.6950000524520874,1.6950000524520874,1.6950000524520874,3151,0.0,0.0
2024-10-08 15:05:00-04:00,1.7000000476837158,1.7000000476837158,1.7000000476837158,1.7000000476837158,1115,0.0,0.0
2024-10-08 15:10:00-04:00,1.7000000476837158,1.7050000429153442,1.7000000476837158,1.7050000429153442,446,0.0,0.0
2024-10-08 15:20:00-04:00,1.7000000476837158,1.7050000429153442,1.7000000476837158,1.7050000429153442,850,0.0,0.0
2024-10-08 15:25:00-04:00,1.7023999691009521,1.705299973487854,1.7023999691009521,1.705299973487854,2946,0.0,0.0
2024-10-08 15:30:00-04:00,1.7050000429153442,1.7050000429153442,1.7001999616622925,1.7050000429153442,1501,0.0,0.0
2024-10-08 15:40:00-04:00,1.7050000429153442,1.7050000429153442,1.7050000429153442,1.7050000429153442,573,0.0,0.0
2024-10-08 15:50:00-04:00,1.7050000429153442,1.7100000381469727,1.7050000429153442,1.7100000381469727,246,0.0,0.0
2024-10-08 15:55:00-04:00,1.7100000381469727,1.7300000190734863,1.7050000429153442,1.7300000190734863,10227,0.0,0.0
2024-10-09 09:30:00-04:00,1.7699999809265137,1.7699999809265137,1.750100016593933,1.7511999607086182,19230,0.0,0.0
2024-10-09 09:35:00-04:00,1.7611000537872314,1.7798999547958374,1.7515000104904175,1.7798999547958374,6263,0.0,0.0
2024-10-09 09:40:00-04:00,1.7798999547958374,1.7999999523162842,1.771299958229065,1.7949999570846558,11585,0.0,0.0
2024-10-09 09:45:00-04:00,1.7799999713897705,1.7899999618530273,1.7799999713897705,1.7800999879837036,7899,0.0,0.0
2024-10-09 09:50:00-04:00,1.7949999570846558,1.8095999956130981,1.7900999784469604,1.7999999523162842,4991,0.0,0.0
2024-10-09 09:55:00-04:00,1.7999999523162842,1.7999999523162842,1.7799999713897705,1.7800999879837036,5919,0.0,0.0
2024-10-09 10:00:00-04:00,1.7899999618530273,1.7998000383377075,1.7899999618530273,1.7899999618530273,2102,0.0,0.0
2024-10-09 10:05:00-04:00,1.7999999523162842,1.7999999523162842,1.7870999574661255,1.7999999523162842,2833,0.0,0.0
2024-10-09 10:10:00-04:00,1.7858999967575073,1.7858999967575073,1.7799999713897705,1.7799999713897705,2704,0.0,0.0
2024-10-09 10:15:00-04:00,1.770799994468689,1.770799994468689,1.770799994468689,1.770799994468689,6132,0.0,0.0
2024-10-09 10:20:00-04:00,1.7728999853134155,1.7798999547958374,1.7728999853134155,1.7798999547958374,2888,0.0,0.0
2024-10-09 10:25:00-04:00,1.7788000106811523,1.7788000106811523,1.7705999612808228,1.7705999612808228,1722,0.0,0.0
2024-10-09 10:30:00-04:00,1.774399995803833,1.774399995803833,1.7700999975204468,1.7700999975204468,2000,0.0,0.0
2024-10-09 10:35:00-04:00,1.7798000574111938,1.7798000574111938,1.7798000574111938,1.7798000574111938,106,0.0,0.0
2024-10-09 10:40:00-04:00,1.774999976158142,1.8200000524520874,1.774999976158142,1.8200000524520874,16868,0.0,0.0
2024-10-09 10:45:00-04:00,1.8301000595092773,1.8650000095367432,1.8301000595092773,1.860700011253357,12017,0.0,0.0
2024-10-09 10:50:00-04:00,1.8949999809265137,1.8949999809265137,1.7065000534057617,1.7065000534057617,41913,0.0,0.0
2024-10-09 10:55:00-04:00,1.7799999713897705,1.8157999515533447,1.570099949836731,1.8157999515533447,47941,0.0,0.0
2024-10-09 11:00:00-04:00,1.8020000457763672,1.8600000143051147,1.8020000457763672,1.8600000143051147,7786,0.0,0.0
2024-10-09 11:05:00-04:00,1.850000023841858,1.850000023841858,1.850000023841858,1.850000023841858,400,0.0,0.0
2024-10-09 11:10:00-04:00,1.8437000513076782,1.8437000513076782,1.7900999784469604,1.791100025177002,4658,0.0,0.0
2024-10-09 11:15:00-04:00,1.7900999784469604,1.8799999952316284,1.7900999784469604,1.8799999952316284,8481,0.0,0.0
2024-10-09 11:20:00-04:00,1.8163000345230103,1.8799999952316284,1.8163000345230103,1.8799999952316284,5814,0.0,0.0
2024-10-09 11:25:00-04:00,1.8799999952316284,1.899999976158142,1.850000023841858,1.850000023841858,9245,0.0,0.0
2024-10-09 11:30:00-04:00,1.8799999952316284,1.8898999691009521,1.8799999952316284,1.8898999691009521,940,0.0,0.0
2024-10-09 11:35:00-04:00,1.8736000061035156,1.8736000061035156,1.850000023841858,1.8550000190734863,5252,0.0,0.0
2024-10-09 11:40:00-04:00,1.8550000190734863,1.8550000190734863,1.850000023841858,1.850000023841858,2792,0.0,0.0
2024-10-09 11:45:00-04:00,1.87909996509552,1.87909996509552,1.87909996509552,1.87909996509552,200,0.0,0.0
2024-10-09 11:50:00-04:00,1.8600000143051147,1.899999976158142,1.8600000143051147,1.899899959564209,18309,0.0,0.0
2024-10-09 11:55:00-04:00,1.899999976158142,1.9075000286102295,1.899999976158142,1.9075000286102295,8480,0.0,0.0
2024-10-09 12:00:00-04:00,1.9199999570846558,1.940000057220459,1.8899999856948853,1.9149999618530273,14927,0.0,0.0
2024-10-09 12:05:00-04:00,1.9249999523162842,1.9299999475479126,1.909999966621399,1.9294999837875366,10750,0.0,0.0
2024-10-09 12:10:00-04:00,1.9199999570846558,1.9299999475479126,1.9199999570846558,1.9299999475479126,3365,0.0,0.0
2024-10-09 12:15:00-04:00,1.9249999523162842,1.934999942779541,1.9249999523162842,1.934999942779541,4113,0.0,0.0
2024-10-09 12:20:00-04:00,1.944700002670288,1.944700002670288,1.944700002670288,1.944700002670288,367,0.0,0.0
2024-10-09 12:25:00-04:00,1.9371000528335571,1.9599000215530396,1.930400013923645,1.9500000476837158,12724,0.0,0.0
2024-10-09 12:30:00-04:00,1.955299973487854,1.9700000286102295,1.9400999546051025,1.9550000429153442,25350,0.0,0.0
2024-10-09 12:35:00-04:00,1.967900037765503,1.975000023841858,1.9402999877929688,1.975000023841858,21752,0.0,0.0
2024-10-09 12:40:00-04:00,1.951200008392334,1.9700000286102295,1.951200008392334,1.951300024986267,5571,0.0,0.0
2024-10-09 12:45:00-04:00,1.9600000381469727,1.9700000286102295,1.9600000381469727,1.961400032043457,3854,0.0,0.0
2024-10-09 12:50:00-04:00,1.9600000381469727,1.9800000190734863,1.9600000381469727,1.9799000024795532,24912,0.0,0.0
2024-10-09 12:55:00-04:00,1.9700000286102295,1.9794000387191772,1.9500000476837158,1.9600000381469727,11867,0.0,0.0
2024-10-09 13:00:00-04:00,1.9699000120162964,1.9700000286102295,1.958799958229065,1.9700000286102295,10049,0.0,0.0
2024-10-09 13:10:00-04:00,1.9699000120162964,1.9764000177383423,1.9699000120162964,1.9764000177383423,2838,0.0,0.0
2024-10-09 13:15:00-04:00,1.9702999591827393,1.9799000024795532,1.9500000476837158,1.9500000476837158,11990,0.0,0.0
2024-10-09 13:20:00-04:00,1.9450000524520874,1.9500000476837158,1.8799999952316284,1.8910000324249268,22744,0.0,0.0
2024-10-09 13:25:00-04:00,1.8700000047683716,1.9299999475479126,1.8700000047683716,1.9299999475479126,26600,0.0,0.0
2024-10-09 13:40:00-04:00,1.9299999475479126,1.9299999475479126,1.9299999475479126,1.9299999475479126,255,0.0,0.0
2024-10-09 13:45:00-04:00,1.899999976158142,1.9142999649047852,1.8801000118255615,1.8801000118255615,11408,0.0,0.0
2024-10-09 13:50:00-04:00,1.8899999856948853,1.8949999809265137,1.8899999856948853,1.8949999809265137,10766,0.0,0.0
2024-10-09 13:55:00-04:00,1.8899999856948853,1.8949999809265137,1.8899999856948853,1.8949999809265137,1752,0.0,0.0
2024-10-09 14:00:00-04:00,1.8949999809265137,1.8949999809265137,1.8720999956130981,1.8720999956130981,647,0.0,0.0
2024-10-09 14:10:00-04:00,1.875100016593933,1.8799999952316284,1.8700000047683716,1.877500057220459,3286,0.0,0.0
2024-10-09 14:20:00-04:00,1.8860000371932983,1.8899999856948853,1.8619999885559082,1.8619999885559082,6389,0.0,0.0
2024-10-09 14:25:00-04:00,1.8585000038146973,1.8585000038146973,1.8585000038146973,1.8585000038146973,887,0.0,0.0
2024-10-09 14:35:00-04:00,1.850000023841858,1.850000023841858,1.7999999523162842,1.8438999652862549,5119,0.0,0.0
2024-10-09 14:40:00-04:00,1.8250000476837158,1.8481999635696411,1.8250000476837158,1.8481999635696411,3319,0.0,0.0
2024-10-09 14:45:00-04:00,1.8499000072479248,1.8499000072479248,1.8305000066757202,1.8305000066757202,4376,0.0,0.0
2024-10-09 14:50:00-04:00,1.850000023841858,1.850000023841858,1.8350000381469727,1.8350000381469727,1468,0.0,0.0
2024-10-09 15:00:00-04:00,1.8499000072479248,1.850000023841858,1.8454999923706055,1.8454999923706055,1171,0.0,0.0
2024-10-09 15:05:00-04:00,1.8366999626159668,1.8366999626159668,1.8200000524520874,1.8300000429153442,1515,0.0,0.0
2024-10-09 15:10:00-04:00,1.815000057220459,1.815000057220459,1.8033000230789185,1.8033000230789185,2274,0.0,0.0
2024-10-09 15:15:00-04:00,1.8200000524520874,1.840000033378601,1.8200000524520874,1.840000033378601,850,0.0,0.0
2024-10-09 15:20:00-04:00,1.8300000429153442,1.840000033378601,1.8300000429153442,1.840000033378601,2860,0.0,0.0
2024-10-09 15:25:00-04:00,1.840000033378601,1.840000033378601,1.840000033378601,1.840000033378601,300,0.0,0.0
2024-10-09 15:30:00-04:00,1.8499000072479248,1.8499000072479248,1.833799958229065,1.8350000381469727,4692,0.0,0.0
2024-10-09 15:35:00-04:00,1.8392000198364258,1.8392000198364258,1.815000057220459,1.8295999765396118,15156,0.0,0.0
2024-10-09 15:40:00-04:00,1.8289999961853027,1.8289999961853027,1.7800999879837036,1.7984999418258667,9208,0.0,0.0
2024-10-09 15:45:00-04:00,1.7970000505447388,1.799299955368042,1.7970000505447388,1.799299955368042,897,0.0,0.0
2024-10-09 15:50:00-04:00,1.7899999618530273,1.7999999523162842,1.7899999618530273,1.7999999523162842,4100,0.0,0.0
2024-10-09 15:55:00-04:00,1.7999999523162842,1.8200000524520874,1.7999999523162842,1.7999999523162842,16525,0.0,0.0
2024-10-10 09:30:00-04:00,1.940000057220459,1.9500000476837158,1.875,1.875,11414,0.0,0.0
2024-10-10 09:35:00-04:00,1.8600000143051147,1.8700000047683716,1.8300000429153442,1.8559999465942383,8615,0.0,0.0
2024-10-10 09:40:00-04:00,1.8819999694824219,1.940000057220459,1.850100040435791,1.9149999618530273,15260,0.0,0.0
2024-10-10 09:45:00-04:00,1.9299999475479126,1.940000057220459,1.8799999952316284,1.909999966621399,10548,0.0,0.0
2024-10-10 09:50:00-04:00,1.909999966621399,1.929900050163269,1.909999966621399,1.9249999523162842,10322,0.0,0.0
2024-10-10 09:55:00-04:00,1.9399000406265259,1.9399000406265259,1.909999966621399,1.909999966621399,2872,0.0,0.0
2024-10-10 10:00:00-04:00,1.9249999523162842,1.9900000095367432,1.9249999523162842,1.989400029182434,45539,0.0,0.0
2024-10-10 10:05:00-04:00,1.98989999294281,2.0,1.9700000286102295,1.9900000095367432,26517,0.0,0.0
2024-10-10 10:10:00-04:00,1.9900000095367432,1.9900000095367432,1.9601000547409058,1.9799000024795532,10376,0.0,0.0
2024-10-10 10:15:00-04:00,1.9800000190734863,1.9800000190734863,1.9700000286102295,1.9700000286102295,2816,0.0,0.0
2024-10-10 10:20:00-04:00,1.9783999919891357,1.9783999919891357,1.940000057220459,1.940000057220459,4533,0.0,0.0
2024-10-10 10:25:00-04:00,1.9611999988555908,1.9611999988555908,1.9500000476837158,1.9520000219345093,9476,0.0,0.0
2024-10-10 10:30:00-04:00,1.9627000093460083,1.9700000286102295,1.9596999883651733,1.9600000381469727,3370,0.0,0.0
2024-10-10 10:35:00-04:00,1.9703999757766724,1.9703999757766724,1.9500000476837158,1.9500000476837158,1124,0.0,0.0
2024-10-10 10:45:00-04:00,1.9700000286102295,1.9700000286102295,1.9632999897003174,1.9632999897003174,6333,0.0,0.0
2024-10-10 10:50:00-04:00,1.9550000429153442,1.9600000381469727,1.9550000429153442,1.9600000381469727,2345,0.0,0.0
2024-10-10 10:55:00-04:00,1.9571000337600708,1.9700000286102295,1.9571000337600708,1.9615000486373901,9118,0.0,0.0
2024-10-10 11:00:00-04:00,1.9700000286102295,1.9742000102996826,1.9600000381469727,1.9600000381469727,4591,0.0,0.0
2024-10-10 11:05:00-04:00,1.9700000286102295,1.9700000286102295,1.9700000286102295,1.9700000286102295,3870,0.0,0.0
2024-10-10 11:15:00-04:00,1.940000057220459,1.9500000476837158,1.934999942779541,1.9500000476837158,12001,0.0,0.0
2024-10-10 11:20:00-04:00,1.9599000215530396,1.9599000215530396,1.9599000215530396,1.9599000215530396,2433,0.0,0.0
2024-10-10 11:30:00-04:00,1.9600000381469727,1.9600000381469727,1.9550000429153442,1.9550000429153442,680,0.0,0.0
2024-10-10 11:40:00-04:00,1.9515999555587769,1.9586999416351318,1.950600028038025,1.9586999416351318,2126,0.0,0.0
2024-10-10 11:45:00-04:00,1.9591000080108643,1.9591000080108643,1.9591000080108643,1.9591000080108643,280,0.0,0.0
2024-10-10 11:50:00-04:00,1.9596999883651733,1.9596999883651733,1.9596999883651733,1.9596999883651733,1191,0.0,0.0
2024-10-10 11:55:00-04:00,1.940000057220459,1.9493999481201172,1.940000057220459,1.9493999481201172,927,0.0,0.0
2024-10-10 12:05:00-04:00,1.9493000507354736,1.9500000476837158,1.940000057220459,1.9500000476837158,4625,0.0,0.0
2024-10-10 12:10:00-04:00,1.9600000381469727,1.9600000381469727,1.9600000381469727,1.9600000381469727,300,0.0,0.0
2024-10-10 12:15:00-04:00,1.9500000476837158,1.9500000476837158,1.9500000476837158,1.9500000476837158,928,0.0,0.0
2024-10-10 12:20:00-04:00,1.9399000406265259,1.9500000476837158,1.9299999475479126,1.9500000476837158,6328,0.0,0.0
2024-10-10 12:25:00-04:00,1.940000057220459,1.940000057220459,1.9300999641418457,1.9300999641418457,6500,0.0,0.0
2024-10-10 12:30:00-04:00,1.93149995803833,1.937999963760376,1.9149999618530273,1.9149999618530273,1871,0.0,0.0
2024-10-10 12:35:00-04:00,1.9199999570846558,1.9199999570846558,1.909999966621399,1.909999966621399,6815,0.0,0.0
2024-10-10 12:40:00-04:00,1.909999966621399,1.909999966621399,1.9049999713897705,1.9049999713897705,687,0.0,0.0
2024-10-10 12:45:00-04:00,1.909999966621399,1.909999966621399,1.9049999713897705,1.9049999713897705,875,0.0,0.0
2024-10-10 12:50:00-04:00,1.9000999927520752,1.9049999713897705,1.9000999927520752,1.9049999713897705,7500,0.0,0.0
2024-10-10 12:55:00-04:00,1.9007999897003174,1.9007999897003174,1.8899999856948853,1.8899999856948853,5146,0.0,0.0
2024-10-10 13:00:00-04:00,1.8899999856948853,1.8899999856948853,1.889299988746643,1.889299988746643,3241,0.0,0.0
2024-10-10 13:05:00-04:00,1.8849999904632568,1.8899999856948853,1.8808000087738037,1.8899999856948853,2706,0.0,0.0
2024-10-10 13:10:00-04:00,1.8801000118255615,1.8801000118255615,1.8801000118255615,1.8801000118255615,2000,0.0,0.0
2024-10-10 13:15:00-04:00,1.8799999952316284,1.8799999952316284,1.850000023841858,1.850100040435791,22951,0.0,0.0
2024-10-10 13:20:00-04:00,1.8539999723434448,1.878000020980835,1.8539999723434448,1.878000020980835,0,0.0,0.0
2024-10-10 13:25:00-04:00,1.8730000257492065,1.8730000257492065,1.8414000272750854,1.8600000143051147,5764,0.0,0.0
2024-10-10 13:35:00-04:00,1.8698999881744385,1.8698999881744385,1.8550000190734863,1.8550000190734863,3100,0.0,0.0
2024-10-10 13:40:00-04:00,1.8659000396728516,1.8659000396728516,1.8659000396728516,1.8659000396728516,0,0.0,0.0
2024-10-10 13:45:00-04:00,1.8420000076293945,1.8523999452590942,1.840000033378601,1.8523999452590942,2000,0.0,0.0
2024-10-10 13:50:00-04:00,1.854699969291687,1.854699969291687,1.854699969291687,1.854699969291687,0,0.0,0.0
2024-10-10 13:55:00-04:00,1.840000033378601,1.840000033378601,1.8109999895095825,1.8109999895095825,9865,0.0,0.0
2024-10-10 14:00:00-04:00,1.8300000429153442,1.840000033378601,1.8300000429153442,1.840000033378601,5429,0.0,0.0
2024-10-10 14:05:00-04:00,1.8394999504089355,1.840000033378601,1.8394999504089355,1.840000033378601,2158,0.0,0.0
2024-10-10 14:10:00-04:00,1.850000023841858,1.8600000143051147,1.850000023841858,1.8600000143051147,2434,0.0,0.0
2024-10-10 14:20:00-04:00,1.840000033378601,1.840000033378601,1.840000033378601,1.840000033378601,342,0.0,0.0
2024-10-10 14:25:00-04:00,1.850000023841858,1.850000023841858,1.850000023841858,1.850000023841858,200,0.0,0.0
2024-10-10 14:35:00-04:00,1.850000023841858,1.850000023841858,1.850000023841858,1.850000023841858,15,0.0,0.0
2024-10-10 14:40:00-04:00,1.840000033378601,1.840000033378601,1.840000033378601,1.840000033378601,3129,0.0,0.0
2024-10-10 14:45:00-04:00,1.840000033378601,1.840000033378601,1.840000033378601,1.840000033378601,107,0.0,0.0
2024-10-10 14:50:00-04:00,1.8450000286102295,1.8450000286102295,1.8450000286102295,1.8450000286102295,105,0.0,0.0
2024-10-10 14:55:00-04:00,1.8600000143051147,1.8600000143051147,1.8600000143051147,1.8600000143051147,601,0.0,0.0
2024-10-10 15:00:00-04:00,1.8557000160217285,1.8675999641418457,1.8557000160217285,1.8675999641418457,10100,0.0,0.0
2024-10-10 15:05:00-04:00,1.8799999952316284,1.8898999691009521,1.8799999952316284,1.8799999952316284,0,0.0,0.0
2024-10-10 15:10:00-04:00,1.899999976158142,1.899999976158142,1.899999976158142,1.899999976158142,171,0.0,0.0
2024-10-10 15:15:00-04:00,1.8894000053405762,1.8894000053405762,1.8849999904632568,1.8849999904632568,310,0.0,0.0
2024-10-10 15:20:00-04:00,1.8894000053405762,1.8949999809265137,1.8894000053405762,1.8899999856948853,1540,0.0,0.0
2024-10-10 15:25:00-04:00,1.8799999952316284,1.8899999856948853,1.8799999952316284,1.8899999856948853,1859,0.0,0.0
2024-10-10 15:30:00-04:00,1.8865000009536743,1.8865000009536743,1.8806999921798706,1.8806999921798706,1427,0.0,0.0
2024-10-10 15:35:00-04:00,1.8869999647140503,1.8869999647140503,1.881600022315979,1.881600022315979,1941,0.0,0.0
2024-10-10 15:40:00-04:00,1.8801000118255615,1.8867000341415405,1.8700000047683716,1.8700000047683716,2885,0.0,0.0
2024-10-10 15:50:00-04:00,1.8799999952316284,1.8899999856948853,1.8700000047683716,1.8700000047683716,3806,0.0,0.0
2024-10-10 15:55:00-04:00,1.8701000213623047,1.8798999786376953,1.840000033378601,1.850000023841858,24952,0.0,0.0
2024-10-11 09:30:00-04:00,1.899999976158142,1.9500000476837158,1.8787000179290771,1.9452999830245972,17068,0.0,0.0
2024-10-11 09:35:00-04:00,1.899999976158142,1.899999976158142,1.899999976158142,1.899999976158142,1353,0.0,0.0
2024-10-11 09:40:00-04:00,1.9175000190734863,1.9199999570846558,1.9175000190734863,1.9199999570846558,1519,0.0,0.0
2024-10-11 09:45:00-04:00,1.8990999460220337,1.8990999460220337,1.8700000047683716,1.8700000047683716,6075,0.0,0.0
2024-10-11 09:50:00-04:00,1.8739999532699585,1.8739999532699585,1.8739999532699585,1.8739999532699585,795,0.0,0.0
2024-10-11 09:55:00-04:00,1.8700000047683716,1.8700000047683716,1.8700000047683716,1.8700000047683716,558,0.0,0.0
2024-10-11 10:00:00-04:00,1.8839999437332153,1.8899999856948853,1.8791999816894531,1.8899999856948853,10814,0.0,0.0
2024-10-11 10:05:00-04:00,1.8801000118255615,1.8899999856948853,1.8801000118255615,1.8853000402450562,4601,0.0,0.0
2024-10-11 10:10:00-04:00,1.8849999904632568,1.8849999904632568,1.850000023841858,1.850100040435791,29167,0.0,0.0
2024-10-11 10:15:00-04:00,1.8550000190734863,1.8798999786376953,1.8550000190734863,1.87909996509552,3533,0.0,0.0
2024-10-11 10:20:00-04:00,1.8650000095367432,1.8650000095367432,1.8650000095367432,1.8650000095367432,892,0.0,0.0
2024-10-11 10:25:00-04:00,1.8700000047683716,1.8700000047683716,1.8650000095367432,1.8700000047683716,963,0.0,0.0
2024-10-11 10:30:00-04:00,1.8818999528884888,1.899999976158142,1.8799999952316284,1.899999976158142,10099,0.0,0.0
2024-10-11 10:35:00-04:00,1.899899959564209,1.9120999574661255,1.899899959564209,1.9120999574661255,1457,0.0,0.0
2024-10-11 10:40:00-04:00,1.9079999923706055,1.9079999923706055,1.9079999923706055,1.9079999923706055,3750,0.0,0.0
2024-10-11 10:45:00-04:00,1.909999966621399,1.9148999452590942,1.909999966621399,1.9111000299453735,1369,0.0,0.0
2024-10-11 10:50:00-04:00,1.9000999927520752,1.909999966621399,1.9000999927520752,1.909999966621399,2425,0.0,0.0
2024-10-11 11:00:00-04:00,1.9149999618530273,1.9149999618530273,1.9149999618530273,1.9149999618530273,315,0.0,0.0
2024-10-11 11:05:00-04:00,1.909999966621399,1.910099983215332,1.909999966621399,1.909999966621399,7448,0.0,0.0
2024-10-11 11:10:00-04:00,1.909999966621399,1.9199999570846558,1.90910005569458,1.9148999452590942,10519,0.0,0.0
2024-10-11 11:15:00-04:00,1.909999966621399,1.909999966621399,1.909999966621399,1.909999966621399,475,0.0,0.0
2024-10-11 11:20:00-04:00,1.9157999753952026,1.9199999570846558,1.9157999753952026,1.9199999570846558,3841,0.0,0.0
2024-10-11 11:25:00-04:00,1.9399000406265259,1.9399000406265259,1.9399000406265259,1.9399000406265259,490,0.0,0.0
2024-10-11 11:30:00-04:00,1.9515000581741333,1.9800000190734863,1.9515000581741333,1.9800000190734863,3314,0.0,0.0
2024-10-11 11:35:00-04:00,1.9800000190734863,1.9900000095367432,1.9700000286102295,1.9788999557495117,1026,0.0,0.0
2024-10-11 11:45:00-04:00,1.9800000190734863,2.0199999809265137,1.979699969291687,2.0199999809265137,30011,0.0,0.0
2024-10-11 11:50:00-04:00,2.034899950027466,2.034899950027466,2.034899950027466,2.034899950027466,3374,0.0,0.0
2024-10-11 11:55:00-04:00,2.009999990463257,2.010699987411499,2.0,2.0023999214172363,7830,0.0,0.0
2024-10-11 12:00:00-04:00,2.0100998878479004,2.058799982070923,2.0100998878479004,2.055000066757202,19054,0.0,0.0
2024-10-11 12:05:00-04:00,2.055000066757202,2.059999942779541,2.049999952316284,2.059999942779541,1474,0.0,0.0
2024-10-11 12:10:00-04:00,2.049999952316284,2.0534000396728516,2.0494000911712646,2.049999952316284,2703,0.0,0.0
2024-10-11 12:15:00-04:00,2.059999942779541,2.059999942779541,2.049999952316284,2.059999942779541,11608,0.0,0.0
2024-10-11 12:20:00-04:00,2.059999942779541,2.059999942779541,2.0450000762939453,2.0450000762939453,6027,0.0,0.0
2024-10-11 12:25:00-04:00,2.0399999618530273,2.0399999618530273,2.0399999618530273,2.0399999618530273,587,0.0,0.0
2024-10-11 12:30:00-04:00,2.0299999713897705,2.0299999713897705,2.009999990463257,2.009999990463257,1236,0.0,0.0
2024-10-11 12:35:00-04:00,2.0250000953674316,2.0288000106811523,2.0199999809265137,2.0288000106811523,2000,0.0,0.0
2024-10-11 12:40:00-04:00,2.029900074005127,2.049999952316284,2.025399923324585,2.0499000549316406,7140,0.0,0.0
2024-10-11 12:45:00-04:00,2.0485999584198,2.0497000217437744,2.0485000610351562,2.0485000610351562,1836,0.0,0.0
2024-10-11 12:50:00-04:00,2.0399999618530273,2.0399999618530273,2.0399999618530273,2.0399999618530273,1398,0.0,0.0
2024-10-11 12:55:00-04:00,2.0399999618530273,2.0485000610351562,2.0399999618530273,2.0478999614715576,2165,0.0,0.0
2024-10-11 13:00:00-04:00,2.0439000129699707,2.048099994659424,2.0399999618530273,2.0427000522613525,4638,0.0,0.0
2024-10-11 13:10:00-04:00,2.0495998859405518,2.0495998859405518,2.0409998893737793,2.0409998893737793,732,0.0,0.0
2024-10-11 13:15:00-04:00,2.0350000858306885,2.0399999618530273,2.0299999713897705,2.0399999618530273,5236,0.0,0.0
2024-10-11 13:20:00-04:00,2.049999952316284,2.049999952316284,2.0478999614715576,2.0481998920440674,745,0.0,0.0
2024-10-11 13:30:00-04:00,2.0399999618530273,2.0399999618530273,2.0399999618530273,2.0399999618530273,505,0.0,0.0
2024-10-11 13:35:00-04:00,2.0399999618530273,2.0399999618530273,2.0399999618530273,2.0399999618530273,444,0.0,0.0
2024-10-11 13:45:00-04:00,2.049999952316284,2.049999952316284,2.049999952316284,2.049999952316284,980,0.0,0.0
2024-10-11 13:50:00-04:00,2.031100034713745,2.0399999618530273,2.031100034713745,2.0399999618530273,2438,0.0,0.0
2024-10-11 13:55:00-04:00,2.0399999618530273,2.049999952316284,2.0399999618530273,2.049999952316284,829,0.0,0.0
2024-10-11 14:00:00-04:00,2.0399999618530273,2.0399999618530273,2.0399999618530273,2.0399999618530273,1854,0.0,0.0
2024-10-11 14:05:00-04:00,2.059999942779541,2.059999942779541,2.049999952316284,2.049999952316284,202,0.0,0.0
2024-10-11 14:10:00-04:00,2.049999952316284,2.049999952316284,2.049999952316284,2.049999952316284,363,0.0,0.0
2024-10-11 14:20:00-04:00,2.0399999618530273,2.04010009765625,2.0399999618530273,2.04010009765625,1101,0.0,0.0
2024-10-11 14:25:00-04:00,2.049299955368042,2.049299955368042,2.0334999561309814,2.0399999618530273,1436,0.0,0.0
2024-10-11 14:30:00-04:00,2.0399999618530273,2.049999952316284,2.0399999618530273,2.049999952316284,1339,0.0,0.0
2024-10-11 14:35:00-04:00,2.049999952316284,2.049999952316284,2.0299999713897705,2.049999952316284,10235,0.0,0.0
2024-10-11 14:40:00-04:00,2.0399999618530273,2.0399999618530273,2.03629994392395,2.0399999618530273,1072,0.0,0.0
2024-10-11 14:45:00-04:00,2.0399999618530273,2.049999952316284,2.0399999618530273,2.049999952316284,946,0.0,0.0
2024-10-11 14:50:00-04:00,2.0450000762939453,2.048799991607666,2.0450000762939453,2.046299934387207,710,0.0,0.0
2024-10-11 14:55:00-04:00,2.0399999618530273,2.0399999618530273,2.0399999618530273,2.0399999618530273,937,0.0,0.0
2024-10-11 15:05:00-04:00,2.048799991607666,2.048799991607666,2.046299934387207,2.046299934387207,826,0.0,0.0
2024-10-11 15:20:00-04:00,2.0450000762939453,2.0450000762939453,2.0450000762939453,2.0450000762939453,183,0.0,0.0
2024-10-11 15:25:00-04:00,2.0450000762939453,2.0450000762939453,2.0450000762939453,2.0450000762939453,2425,0.0,0.0
2024-10-11 15:30:00-04:00,2.0250000953674316,2.029099941253662,2.0246999263763428,2.029099941253662,826,0.0,0.0
2024-10-11 15:35:00-04:00,2.0204999446868896,2.048799991607666,2.0204999446868896,2.048799991607666,1495,0.0,0.0
2024-10-11 15:40:00-04:00,2.0450000762939453,2.059999942779541,2.0450000762939453,2.059999942779541,15672,0.0,0.0
2024-10-11 15:45:00-04:00,2.059999942779541,2.059999942779541,2.050100088119507,2.0520999431610107,1763,0.0,0.0
2024-10-11 15:50:00-04:00,2.049999952316284,2.0599000453948975,2.0299999713897705,2.0399999618530273,7737,0.0,0.0
2024-10-11 15:55:00-04:00,2.0399999618530273,2.0399999618530273,2.009999990463257,2.0250000953674316,13663,0.0,0.0
