Datetime,Open,High,Low,Close,Volume,Dividends,Stock Splits
2024-09-12 09:30:00-04:00,6.190000057220459,6.235000133514404,6.184999942779541,6.230000019073486,44108,0.0,0.0
2024-09-12 09:35:00-04:00,6.239999771118164,6.289999961853027,6.239999771118164,6.260000228881836,26637,0.0,0.0
2024-09-12 09:40:00-04:00,6.264999866485596,6.315000057220459,6.264999866485596,6.304999828338623,41627,0.0,0.0
2024-09-12 09:45:00-04:00,6.301199913024902,6.303800106048584,6.210000038146973,6.210000038146973,45756,0.0,0.0
2024-09-12 09:50:00-04:00,6.210000038146973,6.260000228881836,6.210000038146973,6.250100135803223,66175,0.0,0.0
2024-09-12 09:55:00-04:00,6.255000114440918,6.260000228881836,6.21999979019165,6.25,116204,0.0,0.0
2024-09-12 10:00:00-04:00,6.239999771118164,6.264999866485596,6.239999771118164,6.25,52814,0.0,0.0
2024-09-12 10:05:00-04:00,6.260000228881836,6.304999828338623,6.260000228881836,6.295000076293945,273314,0.0,0.0
2024-09-12 10:10:00-04:00,6.295000076293945,6.319900035858154,6.28000020980835,6.319900035858154,38827,0.0,0.0
2024-09-12 10:15:00-04:00,6.320000171661377,6.369999885559082,6.320000171661377,6.364999771118164,51286,0.0,0.0
2024-09-12 10:20:00-04:00,6.364999771118164,6.364999771118164,6.340000152587891,6.340000152587891,11175,0.0,0.0
2024-09-12 10:25:00-04:00,6.34499979019165,6.355000019073486,6.335000038146973,6.349999904632568,21167,0.0,0.0
2024-09-12 10:30:00-04:00,6.355999946594238,6.399899959564209,6.355999946594238,6.399899959564209,71970,0.0,0.0
2024-09-12 10:35:00-04:00,6.394999980926514,6.394999980926514,6.374899864196777,6.375,72628,0.0,0.0
2024-09-12 10:40:00-04:00,6.375,6.389900207519531,6.375,6.385000228881836,84080,0.0,0.0
2024-09-12 10:45:00-04:00,6.385000228881836,6.389999866485596,6.369999885559082,6.385000228881836,66643,0.0,0.0
2024-09-12 10:50:00-04:00,6.385000228881836,6.385000228881836,6.349999904632568,6.355000019073486,40400,0.0,0.0
2024-09-12 10:55:00-04:00,6.349999904632568,6.360000133514404,6.330100059509277,6.34499979019165,73513,0.0,0.0
2024-09-12 11:00:00-04:00,6.340000152587891,6.340000152587891,6.322500228881836,6.339900016784668,55467,0.0,0.0
2024-09-12 11:05:00-04:00,6.335000038146973,6.349999904632568,6.309999942779541,6.340000152587891,106504,0.0,0.0
2024-09-12 11:10:00-04:00,6.340000152587891,6.359899997711182,6.340000152587891,6.34499979019165,126717,0.0,0.0
2024-09-12 11:15:00-04:00,6.341000080108643,6.349899768829346,6.320000171661377,6.329999923706055,81847,0.0,0.0
2024-09-12 11:20:00-04:00,6.320000171661377,6.329999923706055,6.304999828338623,6.315000057220459,59390,0.0,0.0
2024-09-12 11:25:00-04:00,6.320000171661377,6.320000171661377,6.289999961853027,6.309899806976318,148677,0.0,0.0
2024-09-12 11:30:00-04:00,6.309999942779541,6.34499979019165,6.304999828338623,6.34499979019165,114605,0.0,0.0
2024-09-12 11:35:00-04:00,6.340000152587891,6.349999904632568,6.324999809265137,6.326499938964844,44924,0.0,0.0
2024-09-12 11:40:00-04:00,6.329999923706055,6.346199989318848,6.321199893951416,6.321199893951416,51726,0.0,0.0
2024-09-12 11:45:00-04:00,6.329999923706055,6.340000152587891,6.304999828338623,6.340000152587891,75758,0.0,0.0
2024-09-12 11:50:00-04:00,6.340000152587891,6.375,6.340000152587891,6.360000133514404,130919,0.0,0.0
2024-09-12 11:55:00-04:00,6.360000133514404,6.364999771118164,6.309999942779541,6.335000038146973,290335,0.0,0.0
2024-09-12 12:00:00-04:00,6.340000152587891,6.369999885559082,6.340000152587891,6.364999771118164,47016,0.0,0.0
2024-09-12 12:05:00-04:00,6.364999771118164,6.369999885559082,6.329999923706055,6.360000133514404,141945,0.0,0.0
2024-09-12 12:10:00-04:00,6.355000019073486,6.369999885559082,6.349999904632568,6.349999904632568,154854,0.0,0.0
2024-09-12 12:15:00-04:00,6.349999904632568,6.369999885559082,6.340000152587891,6.364999771118164,290218,0.0,0.0
2024-09-12 12:20:00-04:00,6.364999771118164,6.380000114440918,6.360000133514404,6.375,52280,0.0,0.0
2024-09-12 12:25:00-04:00,6.369999885559082,6.420000076293945,6.369999885559082,6.414999961853027,122887,0.0,0.0
2024-09-12 12:30:00-04:00,6.414999961853027,6.440000057220459,6.410099983215332,6.440000057220459,81789,0.0,0.0
2024-09-12 12:35:00-04:00,6.440000057220459,6.449999809265137,6.380000114440918,6.380000114440918,165864,0.0,0.0
2024-09-12 12:40:00-04:00,6.380000114440918,6.409999847412109,6.375,6.409999847412109,71187,0.0,0.0
2024-09-12 12:45:00-04:00,6.409999847412109,6.434999942779541,6.400100231170654,6.429999828338623,137467,0.0,0.0
2024-09-12 12:50:00-04:00,6.429999828338623,6.445000171661377,6.429999828338623,6.429999828338623,321017,0.0,0.0
2024-09-12 12:55:00-04:00,6.429999828338623,6.434999942779541,6.420000076293945,6.429999828338623,7602,0.0,0.0
2024-09-12 13:00:00-04:00,6.425000190734863,6.429999828338623,6.400000095367432,6.400000095367432,9070,0.0,0.0
2024-09-12 13:05:00-04:00,6.400000095367432,6.414999961853027,6.394999980926514,6.409999847412109,36710,0.0,0.0
2024-09-12 13:10:00-04:00,6.409999847412109,6.409999847412109,6.389999866485596,6.400000095367432,57941,0.0,0.0
2024-09-12 13:15:00-04:00,6.394999980926514,6.414999961853027,6.389999866485596,6.414999961853027,33305,0.0,0.0
2024-09-12 13:20:00-04:00,6.414999961853027,6.425000190734863,6.414999961853027,6.425000190734863,32750,0.0,0.0
2024-09-12 13:25:00-04:00,6.425000190734863,6.429900169372559,6.409999847412109,6.414999961853027,8553,0.0,0.0
2024-09-12 13:30:00-04:00,6.414999961853027,6.425000190734863,6.410099983215332,6.414999961853027,51033,0.0,0.0
2024-09-12 13:35:00-04:00,6.420000076293945,6.440000057220459,6.420000076293945,6.434999942779541,51285,0.0,0.0
2024-09-12 13:40:00-04:00,6.440000057220459,6.460000038146973,6.430799961090088,6.454999923706055,91843,0.0,0.0
2024-09-12 13:45:00-04:00,6.454999923706055,6.480000019073486,6.449999809265137,6.474999904632568,50681,0.0,0.0
2024-09-12 13:50:00-04:00,6.474999904632568,6.480000019073486,6.450099945068359,6.465000152587891,176620,0.0,0.0
2024-09-12 13:55:00-04:00,6.46999979019165,6.489999771118164,6.465000152587891,6.474999904632568,49438,0.0,0.0
2024-09-12 14:00:00-04:00,6.46999979019165,6.46999979019165,6.445000171661377,6.454999923706055,55033,0.0,0.0
2024-09-12 14:05:00-04:00,6.449999809265137,6.454999923706055,6.414999961853027,6.414999961853027,37098,0.0,0.0
2024-09-12 14:10:00-04:00,6.420000076293945,6.434999942779541,6.414999961853027,6.420000076293945,59937,0.0,0.0
2024-09-12 14:15:00-04:00,6.420000076293945,6.420000076293945,6.400000095367432,6.40500020980835,41758,0.0,0.0
2024-09-12 14:20:00-04:00,6.409999847412109,6.425000190734863,6.40500020980835,6.4197001457214355,51764,0.0,0.0
2024-09-12 14:25:00-04:00,6.420000076293945,6.429999828338623,6.414999961853027,6.414999961853027,57209,0.0,0.0
2024-09-12 14:30:00-04:00,6.414999961853027,6.420000076293945,6.400000095367432,6.400000095367432,43760,0.0,0.0
2024-09-12 14:35:00-04:00,6.40500020980835,6.409999847412109,6.389999866485596,6.389999866485596,11879,0.0,0.0
2024-09-12 14:40:00-04:00,6.394999980926514,6.394999980926514,6.385000228881836,6.394999980926514,27461,0.0,0.0
2024-09-12 14:45:00-04:00,6.390200138092041,6.420000076293945,6.385000228881836,6.389999866485596,152321,0.0,0.0
2024-09-12 14:50:00-04:00,6.394999980926514,6.394999980926514,6.369999885559082,6.388999938964844,101741,0.0,0.0
2024-09-12 14:55:00-04:00,6.389999866485596,6.394999980926514,6.380000114440918,6.385000228881836,40393,0.0,0.0
2024-09-12 15:00:00-04:00,6.385000228881836,6.389999866485596,6.375,6.385000228881836,25953,0.0,0.0
2024-09-12 15:05:00-04:00,6.389999866485596,6.40500020980835,6.389999866485596,6.394999980926514,45817,0.0,0.0
2024-09-12 15:10:00-04:00,6.400000095367432,6.400000095367432,6.385000228881836,6.394999980926514,68948,0.0,0.0
2024-09-12 15:15:00-04:00,6.394999980926514,6.400000095367432,6.380099773406982,6.389999866485596,47537,0.0,0.0
2024-09-12 15:20:00-04:00,6.385000228881836,6.400000095367432,6.385000228881836,6.389999866485596,54594,0.0,0.0
2024-09-12 15:25:00-04:00,6.394999980926514,6.40500020980835,6.389999866485596,6.400000095367432,40574,0.0,0.0
2024-09-12 15:30:00-04:00,6.400000095367432,6.400000095367432,6.375,6.385000228881836,80476,0.0,0.0
2024-09-12 15:35:00-04:00,6.385000228881836,6.394999980926514,6.369999885559082,6.375,47876,0.0,0.0
2024-09-12 15:40:00-04:00,6.375,6.389999866485596,6.369999885559082,6.389999866485596,77030,0.0,0.0
2024-09-12 15:45:00-04:00,6.385000228881836,6.399899959564209,6.369999885559082,6.369999885559082,86204,0.0,0.0
2024-09-12 15:50:00-04:00,6.375,6.375,6.360000133514404,6.360000133514404,93301,0.0,0.0
2024-09-12 15:55:00-04:00,6.369999885559082,6.400000095367432,6.360000133514404,6.400000095367432,290447,0.0,0.0
2024-09-13 09:30:00-04:00,6.480000019073486,6.590000152587891,6.480000019073486,6.590000152587891,114249,0.0,0.0
2024-09-13 09:35:00-04:00,6.579999923706055,6.579999923706055,6.5,6.53000020980835,68148,0.0,0.0
2024-09-13 09:40:00-04:00,6.525000095367432,6.559999942779541,6.521699905395508,6.545000076293945,69254,0.0,0.0
2024-09-13 09:45:00-04:00,6.545000076293945,6.555099964141846,6.53000020980835,6.550000190734863,71457,0.0,0.0
2024-09-13 09:50:00-04:00,6.550000190734863,6.550099849700928,6.523799896240234,6.550000190734863,35757,0.0,0.0
2024-09-13 09:55:00-04:00,6.554999828338623,6.570000171661377,6.554999828338623,6.570000171661377,47689,0.0,0.0
2024-09-13 10:00:00-04:00,6.570000171661377,6.590000152587891,6.550000190734863,6.579999923706055,55826,0.0,0.0
2024-09-13 10:05:00-04:00,6.579999923706055,6.579999923706055,6.541200160980225,6.570000171661377,30991,0.0,0.0
2024-09-13 10:10:00-04:00,6.570000171661377,6.590000152587891,6.570000171661377,6.585000038146973,21516,0.0,0.0
2024-09-13 10:15:00-04:00,6.579999923706055,6.610000133514404,6.574999809265137,6.605000019073486,66376,0.0,0.0
2024-09-13 10:20:00-04:00,6.605000019073486,6.614999771118164,6.590000152587891,6.614999771118164,74854,0.0,0.0
2024-09-13 10:25:00-04:00,6.614999771118164,6.630000114440918,6.605000019073486,6.610000133514404,43113,0.0,0.0
2024-09-13 10:30:00-04:00,6.609300136566162,6.625,6.605000019073486,6.619999885559082,42146,0.0,0.0
2024-09-13 10:35:00-04:00,6.619999885559082,6.649899959564209,6.605000019073486,6.649899959564209,51190,0.0,0.0
2024-09-13 10:40:00-04:00,6.650000095367432,6.679999828338623,6.635000228881836,6.675000190734863,86939,0.0,0.0
2024-09-13 10:45:00-04:00,6.675000190734863,6.735000133514404,6.675000190734863,6.730000019073486,189340,0.0,0.0
2024-09-13 10:50:00-04:00,6.730000019073486,6.735000133514404,6.704999923706055,6.724999904632568,143695,0.0,0.0
2024-09-13 10:55:00-04:00,6.730000019073486,6.75,6.715000152587891,6.75,661422,0.0,0.0
2024-09-13 11:00:00-04:00,6.724999904632568,6.75,6.71999979019165,6.735000133514404,95293,0.0,0.0
2024-09-13 11:05:00-04:00,6.739699840545654,6.749899864196777,6.715000152587891,6.735000133514404,131705,0.0,0.0
2024-09-13 11:10:00-04:00,6.735000133514404,6.769999980926514,6.735000133514404,6.769999980926514,37819,0.0,0.0
2024-09-13 11:15:00-04:00,6.764999866485596,6.804999828338623,6.75,6.764999866485596,172616,0.0,0.0
2024-09-13 11:20:00-04:00,6.764999866485596,6.78000020980835,6.744999885559082,6.775000095367432,26850,0.0,0.0
2024-09-13 11:25:00-04:00,6.775000095367432,6.809999942779541,6.775000095367432,6.804999828338623,67450,0.0,0.0
2024-09-13 11:30:00-04:00,6.804999828338623,6.820000171661377,6.79010009765625,6.815000057220459,98255,0.0,0.0
2024-09-13 11:35:00-04:00,6.815000057220459,6.829999923706055,6.789999961853027,6.824999809265137,87773,0.0,0.0
2024-09-13 11:40:00-04:00,6.824999809265137,6.889999866485596,6.820000171661377,6.880000114440918,546556,0.0,0.0
2024-09-13 11:45:00-04:00,6.875,6.880000114440918,6.84499979019165,6.855000019073486,29436,0.0,0.0
2024-09-13 11:50:00-04:00,6.851600170135498,6.869999885559082,6.835000038146973,6.835000038146973,124218,0.0,0.0
2024-09-13 11:55:00-04:00,6.835000038146973,6.84499979019165,6.829999923706055,6.84499979019165,24753,0.0,0.0
2024-09-13 12:00:00-04:00,6.840000152587891,6.849999904632568,6.824999809265137,6.830100059509277,62591,0.0,0.0
2024-09-13 12:05:00-04:00,6.829999923706055,6.859899997711182,6.815000057220459,6.855000019073486,128669,0.0,0.0
2024-09-13 12:10:00-04:00,6.849999904632568,6.855000019073486,6.840000152587891,6.84499979019165,58542,0.0,0.0
2024-09-13 12:15:00-04:00,6.849999904632568,6.860000133514404,6.84499979019165,6.860000133514404,19038,0.0,0.0
2024-09-13 12:20:00-04:00,6.855000019073486,6.855000019073486,6.810100078582764,6.815000057220459,147119,0.0,0.0
2024-09-13 12:25:00-04:00,6.809999942779541,6.809999942779541,6.782503128051758,6.795000076293945,54533,0.0,0.0
2024-09-13 12:30:00-04:00,6.795000076293945,6.795000076293945,6.769999980926514,6.789999961853027,55188,0.0,0.0
2024-09-13 12:35:00-04:00,6.789999961853027,6.820000171661377,6.784999847412109,6.815000057220459,76538,0.0,0.0
2024-09-13 12:40:00-04:00,6.820000171661377,6.829899787902832,6.809999942779541,6.826702117919922,75173,0.0,0.0
2024-09-13 12:45:00-04:00,6.829999923706055,6.829999923706055,6.800000190734863,6.800000190734863,56838,0.0,0.0
2024-09-13 12:50:00-04:00,6.800000190734863,6.809999942779541,6.789999961853027,6.809999942779541,77434,0.0,0.0
2024-09-13 12:55:00-04:00,6.8053998947143555,6.809999942779541,6.800000190734863,6.809999942779541,88208,0.0,0.0
2024-09-13 13:00:00-04:00,6.804999828338623,6.815000057220459,6.789999961853027,6.806702136993408,81589,0.0,0.0
2024-09-13 13:05:00-04:00,6.804999828338623,6.815000057220459,6.769999980926514,6.784999847412109,203735,0.0,0.0
2024-09-13 13:10:00-04:00,6.784999847412109,6.784999847412109,6.739999771118164,6.739999771118164,23824,0.0,0.0
2024-09-13 13:15:00-04:00,6.739999771118164,6.760000228881836,6.735000133514404,6.760000228881836,26432,0.0,0.0
2024-09-13 13:20:00-04:00,6.755000114440918,6.760000228881836,6.71999979019165,6.724999904632568,83899,0.0,0.0
2024-09-13 13:25:00-04:00,6.724999904632568,6.730000019073486,6.71999979019165,6.724999904632568,7846,0.0,0.0
2024-09-13 13:30:00-04:00,6.724999904632568,6.730000019073486,6.710000038146973,6.715000152587891,36146,0.0,0.0
2024-09-13 13:35:00-04:00,6.710000038146973,6.735000133514404,6.710000038146973,6.724999904632568,69386,0.0,0.0
2024-09-13 13:40:00-04:00,6.724999904632568,6.730000019073486,6.71999979019165,6.71999979019165,7048,0.0,0.0
2024-09-13 13:45:00-04:00,6.724999904632568,6.730000019073486,6.71999979019165,6.724999904632568,13435,0.0,0.0
2024-09-13 13:50:00-04:00,6.724100112915039,6.730000019073486,6.695000171661377,6.710599899291992,83275,0.0,0.0
2024-09-13 13:55:00-04:00,6.715000152587891,6.71999979019165,6.710000038146973,6.715000152587891,8024,0.0,0.0
2024-09-13 14:00:00-04:00,6.715000152587891,6.715000152587891,6.684999942779541,6.695000171661377,68965,0.0,0.0
2024-09-13 14:05:00-04:00,6.699999809265137,6.715000152587891,6.699999809265137,6.715000152587891,43035,0.0,0.0
2024-09-13 14:10:00-04:00,6.710000038146973,6.71999979019165,6.690000057220459,6.690000057220459,23197,0.0,0.0
2024-09-13 14:15:00-04:00,6.695000171661377,6.710000038146973,6.695000171661377,6.699999809265137,47929,0.0,0.0
2024-09-13 14:20:00-04:00,6.704999923706055,6.715000152587891,6.684999942779541,6.684999942779541,48040,0.0,0.0
2024-09-13 14:25:00-04:00,6.684999942779541,6.695000171661377,6.684999942779541,6.690000057220459,28352,0.0,0.0
2024-09-13 14:30:00-04:00,6.690000057220459,6.699999809265137,6.680099964141846,6.690000057220459,73670,0.0,0.0
2024-09-13 14:35:00-04:00,6.690000057220459,6.695000171661377,6.690000057220459,6.690000057220459,14203,0.0,0.0
2024-09-13 14:40:00-04:00,6.695000171661377,6.699999809265137,6.659999847412109,6.670000076293945,103842,0.0,0.0
2024-09-13 14:45:00-04:00,6.664999961853027,6.675000190734863,6.664999961853027,6.670000076293945,10968,0.0,0.0
2024-09-13 14:50:00-04:00,6.670000076293945,6.670000076293945,6.644999980926514,6.650000095367432,90446,0.0,0.0
2024-09-13 14:55:00-04:00,6.650000095367432,6.65500020980835,6.650000095367432,6.650000095367432,12957,0.0,0.0
2024-09-13 15:00:00-04:00,6.65500020980835,6.659999847412109,6.644999980926514,6.659999847412109,38544,0.0,0.0
2024-09-13 15:05:00-04:00,6.659999847412109,6.679900169372559,6.65500020980835,6.664999961853027,84100,0.0,0.0
2024-09-13 15:10:00-04:00,6.670000076293945,6.684999942779541,6.659999847412109,6.684999942779541,51189,0.0,0.0
2024-09-13 15:15:00-04:00,6.679999828338623,6.710000038146973,6.679999828338623,6.710000038146973,61386,0.0,0.0
2024-09-13 15:20:00-04:00,6.710000038146973,6.710000038146973,6.690000057220459,6.692299842834473,33131,0.0,0.0
2024-09-13 15:25:00-04:00,6.690100193023682,6.704999923706055,6.690000057220459,6.690000057220459,75813,0.0,0.0
2024-09-13 15:30:00-04:00,6.695000171661377,6.71999979019165,6.690000057220459,6.71999979019165,122782,0.0,0.0
2024-09-13 15:35:00-04:00,6.715000152587891,6.71999979019165,6.693999767303467,6.704999923706055,109532,0.0,0.0
2024-09-13 15:40:00-04:00,6.704999923706055,6.710000038146973,6.690000057220459,6.710000038146973,81171,0.0,0.0
2024-09-13 15:45:00-04:00,6.710000038146973,6.75,6.710000038146973,6.744999885559082,131742,0.0,0.0
2024-09-13 15:50:00-04:00,6.749000072479248,6.75,6.704500198364258,6.715000152587891,220750,0.0,0.0
2024-09-13 15:55:00-04:00,6.710000038146973,6.760000228881836,6.710000038146973,6.760000228881836,471391,0.0,0.0
2024-09-16 09:30:00-04:00,6.75,6.880000114440918,6.71999979019165,6.864999771118164,167344,0.0,0.0
2024-09-16 09:35:00-04:00,6.864999771118164,6.914999961853027,6.849999904632568,6.893899917602539,166093,0.0,0.0
2024-09-16 09:40:00-04:00,6.894999980926514,6.909999847412109,6.84499979019165,6.869999885559082,95006,0.0,0.0
2024-09-16 09:45:00-04:00,6.875,6.880000114440918,6.815000057220459,6.840000152587891,46722,0.0,0.0
2024-09-16 09:50:00-04:00,6.840000152587891,6.860000133514404,6.835000038146973,6.8394999504089355,103322,0.0,0.0
2024-09-16 09:55:00-04:00,6.839200019836426,6.889999866485596,6.839200019836426,6.855000019073486,60729,0.0,0.0
2024-09-16 10:00:00-04:00,6.855000019073486,6.880000114440918,6.840000152587891,6.864999771118164,117301,0.0,0.0
2024-09-16 10:05:00-04:00,6.864999771118164,6.889999866485596,6.855000019073486,6.875,137752,0.0,0.0
2024-09-16 10:10:00-04:00,6.875,6.889999866485596,6.875,6.889999866485596,25841,0.0,0.0
2024-09-16 10:15:00-04:00,6.885000228881836,6.920000076293945,6.880000114440918,6.914999961853027,111605,0.0,0.0
2024-09-16 10:20:00-04:00,6.914999961853027,6.925000190734863,6.889999866485596,6.894999980926514,85000,0.0,0.0
2024-09-16 10:25:00-04:00,6.889999866485596,6.889999866485596,6.829999923706055,6.835000038146973,145256,0.0,0.0
2024-09-16 10:30:00-04:00,6.829999923706055,6.835000038146973,6.764999866485596,6.775000095367432,91922,0.0,0.0
2024-09-16 10:35:00-04:00,6.769999980926514,6.809999942779541,6.769999980926514,6.795000076293945,62518,0.0,0.0
2024-09-16 10:40:00-04:00,6.794400215148926,6.800000190734863,6.789999961853027,6.795000076293945,23773,0.0,0.0
2024-09-16 10:45:00-04:00,6.800000190734863,6.804999828338623,6.75,6.760000228881836,210926,0.0,0.0
2024-09-16 10:50:00-04:00,6.764999866485596,6.769899845123291,6.739999771118164,6.760000228881836,63555,0.0,0.0
2024-09-16 10:55:00-04:00,6.764999866485596,6.784999847412109,6.760000228881836,6.78000020980835,48586,0.0,0.0
2024-09-16 11:00:00-04:00,6.78000020980835,6.78000020980835,6.760000228881836,6.764999866485596,79962,0.0,0.0
2024-09-16 11:05:00-04:00,6.760000228881836,6.775000095367432,6.760000228881836,6.769999980926514,43115,0.0,0.0
2024-09-16 11:10:00-04:00,6.775000095367432,6.78000020980835,6.75,6.75,59050,0.0,0.0
2024-09-16 11:15:00-04:00,6.739999771118164,6.744999885559082,6.730000019073486,6.735000133514404,23367,0.0,0.0
2024-09-16 11:20:00-04:00,6.730000019073486,6.769999980926514,6.730000019073486,6.769899845123291,68908,0.0,0.0
2024-09-16 11:25:00-04:00,6.769999980926514,6.789999961853027,6.769999980926514,6.789999961853027,74702,0.0,0.0
2024-09-16 11:30:00-04:00,6.784999847412109,6.799900054931641,6.769999980926514,6.793107032775879,92390,0.0,0.0
2024-09-16 11:35:00-04:00,6.795000076293945,6.800000190734863,6.78000020980835,6.795000076293945,110601,0.0,0.0
2024-09-16 11:40:00-04:00,6.789999961853027,6.819900035858154,6.789999961853027,6.815000057220459,67170,0.0,0.0
2024-09-16 11:45:00-04:00,6.809999942779541,6.820000171661377,6.800099849700928,6.815000057220459,116330,0.0,0.0
2024-09-16 11:50:00-04:00,6.815000057220459,6.815000057220459,6.784999847412109,6.804999828338623,163771,0.0,0.0
2024-09-16 11:55:00-04:00,6.804999828338623,6.804999828338623,6.769999980926514,6.769999980926514,64541,0.0,0.0
2024-09-16 12:00:00-04:00,6.78000020980835,6.78000020980835,6.769999980926514,6.769999980926514,14898,0.0,0.0
2024-09-16 12:05:00-04:00,6.769999980926514,6.784999847412109,6.760000228881836,6.784999847412109,92561,0.0,0.0
2024-09-16 12:10:00-04:00,6.784999847412109,6.789999961853027,6.78000020980835,6.784999847412109,27477,0.0,0.0
2024-09-16 12:15:00-04:00,6.789999961853027,6.829999923706055,6.789999961853027,6.829999923706055,114249,0.0,0.0
2024-09-16 12:20:00-04:00,6.829999923706055,6.840000152587891,6.820000171661377,6.824999809265137,222244,0.0,0.0
2024-09-16 12:25:00-04:00,6.829999923706055,6.84499979019165,6.820099830627441,6.835000038146973,165050,0.0,0.0
2024-09-16 12:30:00-04:00,6.835000038146973,6.849999904632568,6.820000171661377,6.824999809265137,139210,0.0,0.0
2024-09-16 12:35:00-04:00,6.829999923706055,6.860000133514404,6.829999923706055,6.855000019073486,131149,0.0,0.0
2024-09-16 12:40:00-04:00,6.855000019073486,6.860000133514404,6.835000038146973,6.835000038146973,102525,0.0,0.0
2024-09-16 12:45:00-04:00,6.835000038146973,6.885000228881836,6.829999923706055,6.885000228881836,69753,0.0,0.0
2024-09-16 12:50:00-04:00,6.885000228881836,6.90500020980835,6.849999904632568,6.860000133514404,166610,0.0,0.0
2024-09-16 12:55:00-04:00,6.869999885559082,6.880000114440918,6.855000019073486,6.874199867248535,301333,0.0,0.0
2024-09-16 13:00:00-04:00,6.875,6.880000114440918,6.840000152587891,6.849999904632568,78319,0.0,0.0
2024-09-16 13:05:00-04:00,6.849999904632568,6.869999885559082,6.84499979019165,6.864999771118164,101597,0.0,0.0
2024-09-16 13:10:00-04:00,6.869999885559082,6.869999885559082,6.829999923706055,6.835000038146973,53899,0.0,0.0
2024-09-16 13:15:00-04:00,6.835000038146973,6.855000019073486,6.835000038146973,6.840000152587891,41028,0.0,0.0
2024-09-16 13:20:00-04:00,6.84499979019165,6.849999904632568,6.820000171661377,6.820000171661377,43750,0.0,0.0
2024-09-16 13:25:00-04:00,6.820000171661377,6.880000114440918,6.820000171661377,6.880000114440918,143905,0.0,0.0
2024-09-16 13:30:00-04:00,6.880000114440918,6.90500020980835,6.880000114440918,6.900000095367432,25827,0.0,0.0
2024-09-16 13:35:00-04:00,6.90500020980835,6.909999847412109,6.889999866485596,6.90500020980835,107072,0.0,0.0
2024-09-16 13:40:00-04:00,6.900000095367432,6.914999961853027,6.894999980926514,6.90500020980835,263244,0.0,0.0
2024-09-16 13:45:00-04:00,6.90500020980835,6.920000076293945,6.900000095367432,6.920000076293945,93255,0.0,0.0
2024-09-16 13:50:00-04:00,6.914999961853027,6.920000076293945,6.909999847412109,6.914999961853027,18879,0.0,0.0
2024-09-16 13:55:00-04:00,6.909999847412109,6.929999828338623,6.909999847412109,6.914999961853027,76761,0.0,0.0
2024-09-16 14:00:00-04:00,6.914999961853027,6.914999961853027,6.885000228881836,6.894999980926514,50292,0.0,0.0
2024-09-16 14:05:00-04:00,6.894999980926514,6.900000095367432,6.889999866485596,6.894999980926514,47384,0.0,0.0
2024-09-16 14:10:00-04:00,6.900000095367432,6.914999961853027,6.894999980926514,6.909999847412109,84815,0.0,0.0
2024-09-16 14:15:00-04:00,6.90500020980835,6.90500020980835,6.880000114440918,6.880000114440918,31951,0.0,0.0
2024-09-16 14:20:00-04:00,6.880000114440918,6.889900207519531,6.869999885559082,6.875,105303,0.0,0.0
2024-09-16 14:25:00-04:00,6.875,6.914999961853027,6.875,6.914999961853027,213172,0.0,0.0
2024-09-16 14:30:00-04:00,6.910099983215332,6.920000076293945,6.909999847412109,6.909999847412109,75276,0.0,0.0
2024-09-16 14:35:00-04:00,6.920000076293945,6.929999828338623,6.909999847412109,6.929999828338623,223686,0.0,0.0
2024-09-16 14:40:00-04:00,6.925000190734863,6.929999828338623,6.900000095367432,6.902100086212158,104665,0.0,0.0
2024-09-16 14:45:00-04:00,6.90500020980835,6.90500020980835,6.885000228881836,6.900000095367432,87435,0.0,0.0
2024-09-16 14:50:00-04:00,6.894999980926514,6.900000095367432,6.885000228881836,6.885000228881836,65371,0.0,0.0
2024-09-16 14:55:00-04:00,6.885000228881836,6.885000228881836,6.869999885559082,6.875,56706,0.0,0.0
2024-09-16 15:00:00-04:00,6.880000114440918,6.899899959564209,6.829999923706055,6.835000038146973,329615,0.0,0.0
2024-09-16 15:05:00-04:00,6.835000038146973,6.869999885559082,6.829999923706055,6.869999885559082,96978,0.0,0.0
2024-09-16 15:10:00-04:00,6.864999771118164,6.880000114440918,6.860000133514404,6.864999771118164,97924,0.0,0.0
2024-09-16 15:15:00-04:00,6.849999904632568,6.860000133514404,6.849999904632568,6.860000133514404,42546,0.0,0.0
2024-09-16 15:20:00-04:00,6.860000133514404,6.860000133514404,6.849999904632568,6.849999904632568,20544,0.0,0.0
2024-09-16 15:25:00-04:00,6.849999904632568,6.855000019073486,6.815000057220459,6.815000057220459,80614,0.0,0.0
2024-09-16 15:30:00-04:00,6.809999942779541,6.809999942779541,6.789999961853027,6.795000076293945,94503,0.0,0.0
2024-09-16 15:35:00-04:00,6.79010009765625,6.79010009765625,6.78000020980835,6.78000020980835,44899,0.0,0.0
2024-09-16 15:40:00-04:00,6.78000020980835,6.784999847412109,6.75,6.760000228881836,152628,0.0,0.0
2024-09-16 15:45:00-04:00,6.760000228881836,6.795000076293945,6.760000228881836,6.795000076293945,115574,0.0,0.0
2024-09-16 15:50:00-04:00,6.800000190734863,6.800000190734863,6.764999866485596,6.784999847412109,220298,0.0,0.0
2024-09-16 15:55:00-04:00,6.784999847412109,6.789999961853027,6.764999866485596,6.789999961853027,665279,0.0,0.0
2024-09-17 09:30:00-04:00,6.860000133514404,6.875,6.829999923706055,6.855000019073486,121056,0.0,0.0
2024-09-17 09:35:00-04:00,6.860000133514404,6.869999885559082,6.820000171661377,6.820000171661377,37691,0.0,0.0
2024-09-17 09:40:00-04:00,6.800000190734863,6.820000171661377,6.789999961853027,6.804999828338623,35111,0.0,0.0
2024-09-17 09:45:00-04:00,6.801199913024902,6.809999942779541,6.800000190734863,6.804999828338623,53956,0.0,0.0
2024-09-17 09:50:00-04:00,6.804999828338623,6.820000171661377,6.769999980926514,6.784999847412109,101793,0.0,0.0
2024-09-17 09:55:00-04:00,6.784999847412109,6.806000232696533,6.760000228881836,6.806000232696533,89082,0.0,0.0
2024-09-17 10:00:00-04:00,6.804999828338623,6.824999809265137,6.796000003814697,6.815000057220459,83503,0.0,0.0
2024-09-17 10:05:00-04:00,6.809999942779541,6.820000171661377,6.800000190734863,6.804999828338623,71385,0.0,0.0
2024-09-17 10:10:00-04:00,6.809899806976318,6.815000057220459,6.784999847412109,6.804999828338623,39989,0.0,0.0
2024-09-17 10:15:00-04:00,6.809999942779541,6.815000057220459,6.800000190734863,6.809999942779541,29694,0.0,0.0
2024-09-17 10:20:00-04:00,6.809999942779541,6.84499979019165,6.804999828338623,6.840000152587891,39398,0.0,0.0
2024-09-17 10:25:00-04:00,6.829999923706055,6.840000152587891,6.804999828338623,6.804999828338623,67543,0.0,0.0
2024-09-17 10:30:00-04:00,6.809999942779541,6.829999923706055,6.800000190734863,6.824999809265137,50627,0.0,0.0
2024-09-17 10:35:00-04:00,6.824999809265137,6.849999904632568,6.824399948120117,6.84499979019165,54707,0.0,0.0
2024-09-17 10:40:00-04:00,6.840000152587891,6.860000133514404,6.829999923706055,6.84499979019165,68213,0.0,0.0
2024-09-17 10:45:00-04:00,6.849999904632568,6.855000019073486,6.835000038146973,6.855000019073486,54759,0.0,0.0
2024-09-17 10:50:00-04:00,6.850100040435791,6.860000133514404,6.829999923706055,6.835000038146973,75012,0.0,0.0
2024-09-17 10:55:00-04:00,6.840000152587891,6.840000152587891,6.814000129699707,6.815000057220459,78497,0.0,0.0
2024-09-17 11:00:00-04:00,6.820000171661377,6.849999904632568,6.820000171661377,6.8491997718811035,192193,0.0,0.0
2024-09-17 11:05:00-04:00,6.849999904632568,6.869900226593018,6.840000152587891,6.840000152587891,163615,0.0,0.0
2024-09-17 11:10:00-04:00,6.84499979019165,6.849999904632568,6.832499980926514,6.84499979019165,40067,0.0,0.0
2024-09-17 11:15:00-04:00,6.84499979019165,6.849899768829346,6.820000171661377,6.840000152587891,190064,0.0,0.0
2024-09-17 11:20:00-04:00,6.84499979019165,6.849999904632568,6.829999923706055,6.84499979019165,182688,0.0,0.0
2024-09-17 11:25:00-04:00,6.84499979019165,6.849999904632568,6.815000057220459,6.824999809265137,207080,0.0,0.0
2024-09-17 11:30:00-04:00,6.824999809265137,6.824999809265137,6.78000020980835,6.795000076293945,162918,0.0,0.0
2024-09-17 11:35:00-04:00,6.783999919891357,6.829999923706055,6.783999919891357,6.820000171661377,123737,0.0,0.0
2024-09-17 11:40:00-04:00,6.820000171661377,6.820000171661377,6.809999942779541,6.815000057220459,163871,0.0,0.0
2024-09-17 11:45:00-04:00,6.815000057220459,6.820000171661377,6.789999961853027,6.795000076293945,84515,0.0,0.0
2024-09-17 11:50:00-04:00,6.800000190734863,6.829999923706055,6.795000076293945,6.8059000968933105,57636,0.0,0.0
2024-09-17 11:55:00-04:00,6.809999942779541,6.820000171661377,6.800000190734863,6.820000171661377,104285,0.0,0.0
2024-09-17 12:00:00-04:00,6.820000171661377,6.829999923706055,6.809999942779541,6.809999942779541,171703,0.0,0.0
2024-09-17 12:05:00-04:00,6.815000057220459,6.820000171661377,6.769999980926514,6.78000020980835,133613,0.0,0.0
2024-09-17 12:10:00-04:00,6.784999847412109,6.800000190734863,6.78439998626709,6.799099922180176,51313,0.0,0.0
2024-09-17 12:15:00-04:00,6.800000190734863,6.800000190734863,6.77400016784668,6.784999847412109,141831,0.0,0.0
2024-09-17 12:20:00-04:00,6.789999961853027,6.799099922180176,6.764999866485596,6.78000020980835,85736,0.0,0.0
2024-09-17 12:25:00-04:00,6.779900074005127,6.800000190734863,6.775000095367432,6.78000020980835,87930,0.0,0.0
2024-09-17 12:30:00-04:00,6.78000020980835,6.78000020980835,6.760000228881836,6.764999866485596,65008,0.0,0.0
2024-09-17 12:35:00-04:00,6.760000228881836,6.769999980926514,6.734000205993652,6.74399995803833,79255,0.0,0.0
2024-09-17 12:40:00-04:00,6.745999813079834,6.755000114440918,6.739999771118164,6.755000114440918,49807,0.0,0.0
2024-09-17 12:45:00-04:00,6.755000114440918,6.764999866485596,6.739099979400635,6.739999771118164,63940,0.0,0.0
2024-09-17 12:50:00-04:00,6.739999771118164,6.769999980926514,6.730000019073486,6.755000114440918,75358,0.0,0.0
2024-09-17 12:55:00-04:00,6.75600004196167,6.760000228881836,6.735000133514404,6.739999771118164,68003,0.0,0.0
2024-09-17 13:00:00-04:00,6.735000133514404,6.760000228881836,6.735000133514404,6.760000228881836,16215,0.0,0.0
2024-09-17 13:05:00-04:00,6.754000186920166,6.769999980926514,6.754000186920166,6.755000114440918,27147,0.0,0.0
2024-09-17 13:10:00-04:00,6.760000228881836,6.769999980926514,6.744999885559082,6.769999980926514,51962,0.0,0.0
2024-09-17 13:15:00-04:00,6.764999866485596,6.775000095367432,6.7600998878479,6.764999866485596,14270,0.0,0.0
2024-09-17 13:20:00-04:00,6.769999980926514,6.789999961853027,6.764999866485596,6.784999847412109,21127,0.0,0.0
2024-09-17 13:25:00-04:00,6.789999961853027,6.800000190734863,6.78000020980835,6.800000190734863,43646,0.0,0.0
2024-09-17 13:30:00-04:00,6.800000190734863,6.800000190734863,6.764999866485596,6.764999866485596,50640,0.0,0.0
2024-09-17 13:35:00-04:00,6.769999980926514,6.78000020980835,6.739999771118164,6.739999771118164,53359,0.0,0.0
2024-09-17 13:40:00-04:00,6.730000019073486,6.75,6.730000019073486,6.735000133514404,32799,0.0,0.0
2024-09-17 13:45:00-04:00,6.730000019073486,6.760000228881836,6.71999979019165,6.760000228881836,87362,0.0,0.0
2024-09-17 13:50:00-04:00,6.760000228881836,6.769999980926514,6.754000186920166,6.760000228881836,56164,0.0,0.0
2024-09-17 13:55:00-04:00,6.764999866485596,6.785999774932861,6.763999938964844,6.78000020980835,77826,0.0,0.0
2024-09-17 14:00:00-04:00,6.769999980926514,6.789999961853027,6.767899990081787,6.784999847412109,64994,0.0,0.0
2024-09-17 14:05:00-04:00,6.784999847412109,6.789999961853027,6.78000020980835,6.78000020980835,31842,0.0,0.0
2024-09-17 14:10:00-04:00,6.784999847412109,6.789999961853027,6.769999980926514,6.775000095367432,24032,0.0,0.0
2024-09-17 14:15:00-04:00,6.775000095367432,6.784999847412109,6.769999980926514,6.775000095367432,40896,0.0,0.0
2024-09-17 14:20:00-04:00,6.775000095367432,6.796000003814697,6.771999835968018,6.796000003814697,49862,0.0,0.0
2024-09-17 14:25:00-04:00,6.789999961853027,6.789999961853027,6.770699977874756,6.775000095367432,42701,0.0,0.0
2024-09-17 14:30:00-04:00,6.775000095367432,6.789999961853027,6.769999980926514,6.784999847412109,38122,0.0,0.0
2024-09-17 14:35:00-04:00,6.784999847412109,6.809999942779541,6.784999847412109,6.809999942779541,53641,0.0,0.0
2024-09-17 14:40:00-04:00,6.809999942779541,6.829999923706055,6.800099849700928,6.820000171661377,43552,0.0,0.0
2024-09-17 14:45:00-04:00,6.824999809265137,6.829999923706055,6.809899806976318,6.815000057220459,60887,0.0,0.0
2024-09-17 14:50:00-04:00,6.815000057220459,6.820000171661377,6.809999942779541,6.8144001960754395,20183,0.0,0.0
2024-09-17 14:55:00-04:00,6.820000171661377,6.829999923706055,6.820000171661377,6.824999809265137,20678,0.0,0.0
2024-09-17 15:00:00-04:00,6.820000171661377,6.840000152587891,6.803999900817871,6.815000057220459,43610,0.0,0.0
2024-09-17 15:05:00-04:00,6.815000057220459,6.829999923706055,6.800000190734863,6.809999942779541,50726,0.0,0.0
2024-09-17 15:10:00-04:00,6.809999942779541,6.809999942779541,6.789999961853027,6.795000076293945,34516,0.0,0.0
2024-09-17 15:15:00-04:00,6.795000076293945,6.795000076293945,6.77400016784668,6.795000076293945,75920,0.0,0.0
2024-09-17 15:20:00-04:00,6.800000190734863,6.800000190734863,6.770599842071533,6.78000020980835,71086,0.0,0.0
2024-09-17 15:25:00-04:00,6.78000020980835,6.78000020980835,6.760000228881836,6.760000228881836,34026,0.0,0.0
2024-09-17 15:30:00-04:00,6.760000228881836,6.764999866485596,6.75,6.764999866485596,38539,0.0,0.0
2024-09-17 15:35:00-04:00,6.760000228881836,6.769999980926514,6.755000114440918,6.764999866485596,32226,0.0,0.0
2024-09-17 15:40:00-04:00,6.764999866485596,6.769999980926514,6.75,6.75,59449,0.0,0.0
2024-09-17 15:45:00-04:00,6.755000114440918,6.769999980926514,6.75,6.764999866485596,54029,0.0,0.0
2024-09-17 15:50:00-04:00,6.769999980926514,6.789999961853027,6.760000228881836,6.789999961853027,131938,0.0,0.0
2024-09-17 15:55:00-04:00,6.784999847412109,6.809999942779541,6.772500038146973,6.804999828338623,315865,0.0,0.0
2024-09-18 09:30:00-04:00,6.829999923706055,6.889999866485596,6.804999828338623,6.820000171661377,164934,0.0,0.0
2024-09-18 09:35:00-04:00,6.815000057220459,6.835000038146973,6.789999961853027,6.795000076293945,55057,0.0,0.0
2024-09-18 09:40:00-04:00,6.795000076293945,6.800000190734863,6.760000228881836,6.764999866485596,63270,0.0,0.0
2024-09-18 09:45:00-04:00,6.769999980926514,6.815000057220459,6.769999980926514,6.804999828338623,66115,0.0,0.0
2024-09-18 09:50:00-04:00,6.804999828338623,6.820000171661377,6.800000190734863,6.800000190734863,27381,0.0,0.0
2024-09-18 09:55:00-04:00,6.784999847412109,6.809999942779541,6.784999847412109,6.809999942779541,44810,0.0,0.0
2024-09-18 10:00:00-04:00,6.804999828338623,6.855000019073486,6.800000190734863,6.840000152587891,67512,0.0,0.0
2024-09-18 10:05:00-04:00,6.840000152587891,6.860000133514404,6.840000152587891,6.860000133514404,19537,0.0,0.0
2024-09-18 10:10:00-04:00,6.860000133514404,6.880000114440918,6.855000019073486,6.880000114440918,106483,0.0,0.0
2024-09-18 10:15:00-04:00,6.880000114440918,6.885000228881836,6.84499979019165,6.849999904632568,83554,0.0,0.0
2024-09-18 10:20:00-04:00,6.855000019073486,6.864999771118164,6.849999904632568,6.855000019073486,21336,0.0,0.0
2024-09-18 10:25:00-04:00,6.855000019073486,6.864999771118164,6.84499979019165,6.855000019073486,65999,0.0,0.0
2024-09-18 10:30:00-04:00,6.849999904632568,6.855000019073486,6.823999881744385,6.824999809265137,104016,0.0,0.0
2024-09-18 10:35:00-04:00,6.824999809265137,6.840000152587891,6.815000057220459,6.815000057220459,57373,0.0,0.0
2024-09-18 10:40:00-04:00,6.815000057220459,6.829999923706055,6.815000057220459,6.824999809265137,18004,0.0,0.0
2024-09-18 10:45:00-04:00,6.824999809265137,6.849999904632568,6.820000171661377,6.840000152587891,68937,0.0,0.0
2024-09-18 10:50:00-04:00,6.835000038146973,6.849999904632568,6.834000110626221,6.849999904632568,160253,0.0,0.0
2024-09-18 10:55:00-04:00,6.843999862670898,6.886000156402588,6.843999862670898,6.880000114440918,187933,0.0,0.0
2024-09-18 11:00:00-04:00,6.880000114440918,6.889999866485596,6.870100021362305,6.875,93387,0.0,0.0
2024-09-18 11:05:00-04:00,6.875,6.875,6.860000133514404,6.864999771118164,77231,0.0,0.0
2024-09-18 11:10:00-04:00,6.864999771118164,6.864999771118164,6.803999900817871,6.804999828338623,36243,0.0,0.0
2024-09-18 11:15:00-04:00,6.809999942779541,6.826000213623047,6.804999828338623,6.809999942779541,62561,0.0,0.0
2024-09-18 11:20:00-04:00,6.815000057220459,6.815000057220459,6.800000190734863,6.804999828338623,30100,0.0,0.0
2024-09-18 11:25:00-04:00,6.804999828338623,6.809999942779541,6.800000190734863,6.804999828338623,14947,0.0,0.0
2024-09-18 11:30:00-04:00,6.804999828338623,6.809999942779541,6.789999961853027,6.804999828338623,38723,0.0,0.0
2024-09-18 11:35:00-04:00,6.809999942779541,6.824999809265137,6.809999942779541,6.815000057220459,101833,0.0,0.0
2024-09-18 11:40:00-04:00,6.815000057220459,6.815000057220459,6.789999961853027,6.795000076293945,28705,0.0,0.0
2024-09-18 11:45:00-04:00,6.790999889373779,6.804999828338623,6.775000095367432,6.79010009765625,56492,0.0,0.0
2024-09-18 11:50:00-04:00,6.789999961853027,6.799900054931641,6.789999961853027,6.790900230407715,15171,0.0,0.0
2024-09-18 11:55:00-04:00,6.795000076293945,6.804999828338623,6.795000076293945,6.795000076293945,22063,0.0,0.0
2024-09-18 12:00:00-04:00,6.795000076293945,6.829999923706055,6.789999961853027,6.829999923706055,42572,0.0,0.0
2024-09-18 12:05:00-04:00,6.829999923706055,6.869900226593018,6.829999923706055,6.864999771118164,168763,0.0,0.0
2024-09-18 12:10:00-04:00,6.864999771118164,6.900000095367432,6.863999843597412,6.875,166359,0.0,0.0
2024-09-18 12:15:00-04:00,6.880000114440918,6.899899959564209,6.875,6.899899959564209,47072,0.0,0.0
2024-09-18 12:20:00-04:00,6.900000095367432,6.940000057220459,6.900000095367432,6.929999828338623,136475,0.0,0.0
2024-09-18 12:25:00-04:00,6.929900169372559,6.949999809265137,6.923999786376953,6.930600166320801,170795,0.0,0.0
2024-09-18 12:30:00-04:00,6.929999828338623,6.929999828338623,6.909999847412109,6.914999961853027,106846,0.0,0.0
2024-09-18 12:35:00-04:00,6.909999847412109,6.929999828338623,6.90500020980835,6.929999828338623,48385,0.0,0.0
2024-09-18 12:40:00-04:00,6.929999828338623,6.929999828338623,6.914000034332275,6.914999961853027,40550,0.0,0.0
2024-09-18 12:45:00-04:00,6.914999961853027,6.925000190734863,6.90500020980835,6.90500020980835,78141,0.0,0.0
2024-09-18 12:50:00-04:00,6.909999847412109,6.909999847412109,6.889999866485596,6.894999980926514,95488,0.0,0.0
2024-09-18 12:55:00-04:00,6.894000053405762,6.928999900817871,6.894000053405762,6.90500020980835,184203,0.0,0.0
2024-09-18 13:00:00-04:00,6.90500020980835,6.90500020980835,6.883999824523926,6.894999980926514,75282,0.0,0.0
2024-09-18 13:05:00-04:00,6.894999980926514,6.894999980926514,6.860000133514404,6.889999866485596,67151,0.0,0.0
2024-09-18 13:10:00-04:00,6.883999824523926,6.889999866485596,6.870100021362305,6.880000114440918,65680,0.0,0.0
2024-09-18 13:15:00-04:00,6.875,6.920000076293945,6.870100021362305,6.914999961853027,231658,0.0,0.0
2024-09-18 13:20:00-04:00,6.914999961853027,6.929999828338623,6.909999847412109,6.914999961853027,67155,0.0,0.0
2024-09-18 13:25:00-04:00,6.914999961853027,6.919899940490723,6.874000072479248,6.879899978637695,232429,0.0,0.0
2024-09-18 13:30:00-04:00,6.875,6.886000156402588,6.875,6.880000114440918,22011,0.0,0.0
2024-09-18 13:35:00-04:00,6.875,6.875,6.855000019073486,6.869999885559082,135878,0.0,0.0
2024-09-18 13:40:00-04:00,6.864999771118164,6.880000114440918,6.864999771118164,6.875,52659,0.0,0.0
2024-09-18 13:45:00-04:00,6.875,6.900000095367432,6.875,6.880000114440918,128830,0.0,0.0
2024-09-18 13:50:00-04:00,6.880000114440918,6.885000228881836,6.860000133514404,6.864999771118164,53454,0.0,0.0
2024-09-18 13:55:00-04:00,6.860000133514404,6.875,6.860000133514404,6.864999771118164,34099,0.0,0.0
2024-09-18 14:00:00-04:00,6.860000133514404,7.010000228881836,6.849999904632568,6.949999809265137,291665,0.0,0.0
2024-09-18 14:05:00-04:00,6.949999809265137,6.960000038146973,6.921599864959717,6.921599864959717,97183,0.0,0.0
2024-09-18 14:10:00-04:00,6.925000190734863,6.929999828338623,6.864999771118164,6.894999980926514,142789,0.0,0.0
2024-09-18 14:15:00-04:00,6.890699863433838,6.920000076293945,6.872799873352051,6.914999961853027,166725,0.0,0.0
2024-09-18 14:20:00-04:00,6.914999961853027,6.934999942779541,6.90500020980835,6.934999942779541,76716,0.0,0.0
2024-09-18 14:25:00-04:00,6.9328999519348145,6.949999809265137,6.909999847412109,6.945000171661377,70076,0.0,0.0
2024-09-18 14:30:00-04:00,6.945000171661377,6.985000133514404,6.945000171661377,6.968900203704834,320168,0.0,0.0
2024-09-18 14:35:00-04:00,6.968900203704834,7.03000020980835,6.925000190734863,7.025000095367432,523292,0.0,0.0
2024-09-18 14:40:00-04:00,7.019999980926514,7.025000095367432,6.920000076293945,6.920000076293945,122012,0.0,0.0
2024-09-18 14:45:00-04:00,6.900000095367432,6.934999942779541,6.869999885559082,6.90500020980835,153348,0.0,0.0
2024-09-18 14:50:00-04:00,6.900000095367432,6.965000152587891,6.900000095367432,6.945000171661377,100262,0.0,0.0
2024-09-18 14:55:00-04:00,6.940000057220459,6.960000038146973,6.880000114440918,6.885000228881836,118781,0.0,0.0
2024-09-18 15:00:00-04:00,6.885000228881836,6.889999866485596,6.835000038146973,6.869999885559082,136807,0.0,0.0
2024-09-18 15:05:00-04:00,6.869999885559082,6.869999885559082,6.829400062561035,6.835999965667725,120966,0.0,0.0
2024-09-18 15:10:00-04:00,6.835000038146973,6.966000080108643,6.835000038146973,6.965000152587891,190369,0.0,0.0
2024-09-18 15:15:00-04:00,6.965000152587891,6.974999904632568,6.945000171661377,6.954999923706055,110091,0.0,0.0
2024-09-18 15:20:00-04:00,6.960000038146973,6.960000038146973,6.875,6.915999889373779,111837,0.0,0.0
2024-09-18 15:25:00-04:00,6.920000076293945,6.96999979019165,6.920000076293945,6.945000171661377,94732,0.0,0.0
2024-09-18 15:30:00-04:00,6.949999809265137,6.965000152587891,6.889999866485596,6.889999866485596,105694,0.0,0.0
2024-09-18 15:35:00-04:00,6.885000228881836,6.894999980926514,6.869900226593018,6.880000114440918,147942,0.0,0.0
2024-09-18 15:40:00-04:00,6.880000114440918,6.880000114440918,6.849999904632568,6.849999904632568,67151,0.0,0.0
2024-09-18 15:45:00-04:00,6.840000152587891,6.860000133514404,6.840000152587891,6.84499979019165,97667,0.0,0.0
2024-09-18 15:50:00-04:00,6.840000152587891,6.880000114440918,6.840000152587891,6.860000133514404,142742,0.0,0.0
2024-09-18 15:55:00-04:00,6.864999771118164,6.869999885559082,6.840000152587891,6.869999885559082,459098,0.0,0.0
2024-09-19 09:30:00-04:00,7.0,7.059999942779541,6.980000019073486,7.025000095367432,152819,0.0,0.0
2024-09-19 09:35:00-04:00,7.025000095367432,7.054999828338623,7.005000114440918,7.034999847412109,60773,0.0,0.0
2024-09-19 09:40:00-04:00,7.034999847412109,7.034999847412109,6.96999979019165,6.994999885559082,70876,0.0,0.0
2024-09-19 09:45:00-04:00,6.994999885559082,6.994999885559082,6.940000057220459,6.962500095367432,35168,0.0,0.0
2024-09-19 09:50:00-04:00,6.960000038146973,6.980000019073486,6.949999809265137,6.96999979019165,26212,0.0,0.0
2024-09-19 09:55:00-04:00,6.96999979019165,7.019999980926514,6.960000038146973,7.014999866485596,155401,0.0,0.0
2024-09-19 10:00:00-04:00,7.010000228881836,7.03000020980835,6.989999771118164,7.014999866485596,142298,0.0,0.0
2024-09-19 10:05:00-04:00,7.010000228881836,7.014999866485596,6.949999809265137,6.974999904632568,107501,0.0,0.0
2024-09-19 10:10:00-04:00,6.974999904632568,6.989999771118164,6.96999979019165,6.985000133514404,43025,0.0,0.0
2024-09-19 10:15:00-04:00,6.985000133514404,6.985000133514404,6.934999942779541,6.960000038146973,81940,0.0,0.0
2024-09-19 10:20:00-04:00,6.960000038146973,6.965000152587891,6.949999809265137,6.954999923706055,58870,0.0,0.0
2024-09-19 10:25:00-04:00,6.954999923706055,6.965000152587891,6.940000057220459,6.945000171661377,94794,0.0,0.0
2024-09-19 10:30:00-04:00,6.945000171661377,6.985000133514404,6.940000057220459,6.954999923706055,134678,0.0,0.0
2024-09-19 10:35:00-04:00,6.960000038146973,6.986000061035156,6.954999923706055,6.985000133514404,58598,0.0,0.0
2024-09-19 10:40:00-04:00,6.985000133514404,6.989999771118164,6.974999904632568,6.974999904632568,79788,0.0,0.0
2024-09-19 10:45:00-04:00,6.974999904632568,6.974999904632568,6.940000057220459,6.960000038146973,62737,0.0,0.0
2024-09-19 10:50:00-04:00,6.954999923706055,6.965000152587891,6.934999942779541,6.959099769592285,35836,0.0,0.0
2024-09-19 10:55:00-04:00,6.954999923706055,6.960000038146973,6.949999809265137,6.954999923706055,19746,0.0,0.0
2024-09-19 11:00:00-04:00,6.954999923706055,7.00600004196167,6.949999809265137,6.994999885559082,150852,0.0,0.0
2024-09-19 11:05:00-04:00,6.994999885559082,6.994999885559082,6.949999809265137,6.954999923706055,77476,0.0,0.0
2024-09-19 11:10:00-04:00,6.954999923706055,6.960000038146973,6.914999961853027,6.925000190734863,50562,0.0,0.0
2024-09-19 11:15:00-04:00,6.920000076293945,6.934999942779541,6.920000076293945,6.934999942779541,54587,0.0,0.0
2024-09-19 11:20:00-04:00,6.934999942779541,6.940000057220459,6.920000076293945,6.925000190734863,23047,0.0,0.0
2024-09-19 11:25:00-04:00,6.925000190734863,6.929999828338623,6.900000095367432,6.925000190734863,53105,0.0,0.0
2024-09-19 11:30:00-04:00,6.929999828338623,6.940000057220459,6.920000076293945,6.934999942779541,37807,0.0,0.0
2024-09-19 11:35:00-04:00,6.934999942779541,6.949999809265137,6.934999942779541,6.945000171661377,26864,0.0,0.0
2024-09-19 11:40:00-04:00,6.945000171661377,6.954999923706055,6.929999828338623,6.934999942779541,38882,0.0,0.0
2024-09-19 11:45:00-04:00,6.931000232696533,6.940000057220459,6.910099983215332,6.940000057220459,44652,0.0,0.0
2024-09-19 11:50:00-04:00,6.934999942779541,6.940000057220459,6.909999847412109,6.920000076293945,530765,0.0,0.0
2024-09-19 11:55:00-04:00,6.920000076293945,6.940000057220459,6.920000076293945,6.925000190734863,65783,0.0,0.0
2024-09-19 12:00:00-04:00,6.929999828338623,6.949999809265137,6.925000190734863,6.945000171661377,27931,0.0,0.0
2024-09-19 12:05:00-04:00,6.945000171661377,6.96999979019165,6.940000057220459,6.96999979019165,74467,0.0,0.0
2024-09-19 12:10:00-04:00,6.966000080108643,6.966000080108643,6.949999809265137,6.954999923706055,35850,0.0,0.0
2024-09-19 12:15:00-04:00,6.954999923706055,6.960000038146973,6.953638076782227,6.954999923706055,17443,0.0,0.0
2024-09-19 12:20:00-04:00,6.960000038146973,6.960000038146973,6.870100021362305,6.875,613477,0.0,0.0
2024-09-19 12:25:00-04:00,6.875,6.880000114440918,6.855000019073486,6.855000019073486,44737,0.0,0.0
2024-09-19 12:30:00-04:00,6.855000019073486,6.860000133514404,6.849999904632568,6.855000019073486,18720,0.0,0.0
2024-09-19 12:35:00-04:00,6.849999904632568,6.864999771118164,6.849999904632568,6.855000019073486,33429,0.0,0.0
2024-09-19 12:40:00-04:00,6.855000019073486,6.855000019073486,6.849999904632568,6.849999904632568,14338,0.0,0.0
2024-09-19 12:45:00-04:00,6.855000019073486,6.875,6.855000019073486,6.875,38247,0.0,0.0
2024-09-19 12:50:00-04:00,6.880000114440918,6.885000228881836,6.864999771118164,6.869699954986572,59791,0.0,0.0
2024-09-19 12:55:00-04:00,6.864999771118164,6.900000095367432,6.864999771118164,6.894999980926514,80068,0.0,0.0
2024-09-19 13:00:00-04:00,6.894999980926514,6.898799896240234,6.889999866485596,6.894999980926514,8295,0.0,0.0
2024-09-19 13:05:00-04:00,6.894999980926514,6.895299911499023,6.880000114440918,6.885000228881836,17922,0.0,0.0
2024-09-19 13:10:00-04:00,6.885000228881836,6.885000228881836,6.885000228881836,6.885000228881836,9133,0.0,0.0
2024-09-19 13:15:00-04:00,6.885000228881836,6.914999961853027,6.885000228881836,6.90500020980835,66111,0.0,0.0
2024-09-19 13:20:00-04:00,6.90500020980835,6.909999847412109,6.894000053405762,6.900300025939941,140989,0.0,0.0
2024-09-19 13:25:00-04:00,6.90500020980835,6.909999847412109,6.894999980926514,6.894999980926514,24761,0.0,0.0
2024-09-19 13:30:00-04:00,6.894999980926514,6.920000076293945,6.890999794006348,6.920000076293945,34783,0.0,0.0
2024-09-19 13:35:00-04:00,6.914999961853027,6.949999809265137,6.914999961853027,6.945000171661377,53070,0.0,0.0
2024-09-19 13:40:00-04:00,6.945000171661377,6.960000038146973,6.940000057220459,6.960000038146973,50046,0.0,0.0
2024-09-19 13:45:00-04:00,6.960000038146973,6.980000019073486,6.949999809265137,6.974999904632568,104661,0.0,0.0
2024-09-19 13:50:00-04:00,6.974999904632568,6.980000019073486,6.974999904632568,6.974999904632568,11701,0.0,0.0
2024-09-19 13:55:00-04:00,6.980000019073486,6.980000019073486,6.96999979019165,6.974999904632568,22098,0.0,0.0
2024-09-19 14:00:00-04:00,6.97599983215332,6.97599983215332,6.960000038146973,6.965000152587891,45565,0.0,0.0
2024-09-19 14:05:00-04:00,6.965000152587891,6.965000152587891,6.960000038146973,6.965000152587891,19415,0.0,0.0
2024-09-19 14:10:00-04:00,6.965000152587891,6.965000152587891,6.949999809265137,6.965000152587891,38002,0.0,0.0
2024-09-19 14:15:00-04:00,6.960000038146973,6.960000038146973,6.940000057220459,6.940000057220459,49902,0.0,0.0
2024-09-19 14:20:00-04:00,6.945000171661377,6.949999809265137,6.914999961853027,6.934999942779541,108619,0.0,0.0
2024-09-19 14:25:00-04:00,6.934999942779541,6.949999809265137,6.934000015258789,6.945000171661377,58421,0.0,0.0
2024-09-19 14:30:00-04:00,6.949999809265137,6.949999809265137,6.929999828338623,6.934999942779541,40002,0.0,0.0
2024-09-19 14:35:00-04:00,6.929999828338623,6.960000038146973,6.929999828338623,6.954999923706055,50284,0.0,0.0
2024-09-19 14:40:00-04:00,6.954999923706055,6.960000038146973,6.945000171661377,6.954999923706055,63265,0.0,0.0
2024-09-19 14:45:00-04:00,6.954999923706055,6.955999851226807,6.940000057220459,6.945000171661377,69383,0.0,0.0
2024-09-19 14:50:00-04:00,6.940000057220459,6.945000171661377,6.929999828338623,6.938499927520752,64601,0.0,0.0
2024-09-19 14:55:00-04:00,6.934999942779541,6.940000057220459,6.923999786376953,6.934999942779541,59629,0.0,0.0
2024-09-19 15:00:00-04:00,6.930099964141846,6.946000099182129,6.929999828338623,6.934999942779541,76889,0.0,0.0
2024-09-19 15:05:00-04:00,6.935999870300293,6.940000057220459,6.929999828338623,6.940000057220459,33757,0.0,0.0
2024-09-19 15:10:00-04:00,6.945000171661377,6.945000171661377,6.909999847412109,6.914999961853027,137812,0.0,0.0
2024-09-19 15:15:00-04:00,6.909999847412109,6.909999847412109,6.880000114440918,6.885000228881836,77297,0.0,0.0
2024-09-19 15:20:00-04:00,6.885000228881836,6.909999847412109,6.869999885559082,6.90500020980835,76429,0.0,0.0
2024-09-19 15:25:00-04:00,6.90500020980835,6.906000137329102,6.889999866485596,6.90500020980835,65299,0.0,0.0
2024-09-19 15:30:00-04:00,6.90500020980835,6.909999847412109,6.885000228881836,6.885000228881836,74519,0.0,0.0
2024-09-19 15:35:00-04:00,6.889900207519531,6.889999866485596,6.869999885559082,6.875,41208,0.0,0.0
2024-09-19 15:40:00-04:00,6.875,6.889999866485596,6.860000133514404,6.885000228881836,110980,0.0,0.0
2024-09-19 15:45:00-04:00,6.885000228881836,6.909999847412109,6.885000228881836,6.90500020980835,70867,0.0,0.0
2024-09-19 15:50:00-04:00,6.90500020980835,6.949999809265137,6.894999980926514,6.945000171661377,194318,0.0,0.0
2024-09-19 15:55:00-04:00,6.934999942779541,6.96999979019165,6.929999828338623,6.960000038146973,594933,0.0,0.0
2024-09-20 09:30:00-04:00,6.96999979019165,7.010000228881836,6.940000057220459,6.949999809265137,720897,0.0,0.0
2024-09-20 09:35:00-04:00,6.960000038146973,6.974999904632568,6.940000057220459,6.960000038146973,26345,0.0,0.0
2024-09-20 09:40:00-04:00,6.954999923706055,6.985000133514404,6.949999809265137,6.962299823760986,35326,0.0,0.0
2024-09-20 09:45:00-04:00,6.96999979019165,6.980000019073486,6.960000038146973,6.96999979019165,29635,0.0,0.0
2024-09-20 09:50:00-04:00,6.974999904632568,7.0,6.96999979019165,6.989999771118164,38736,0.0,0.0
2024-09-20 09:55:00-04:00,6.980000019073486,7.03000020980835,6.96999979019165,7.019999980926514,85921,0.0,0.0
2024-09-20 10:00:00-04:00,7.019999980926514,7.019999980926514,6.960000038146973,6.963200092315674,113444,0.0,0.0
2024-09-20 10:05:00-04:00,6.960000038146973,6.96999979019165,6.920000076293945,6.925000190734863,89864,0.0,0.0
2024-09-20 10:10:00-04:00,6.925000190734863,6.929999828338623,6.900000095367432,6.90500020980835,48769,0.0,0.0
2024-09-20 10:15:00-04:00,6.90500020980835,6.934999942779541,6.900000095367432,6.934999942779541,53541,0.0,0.0
2024-09-20 10:20:00-04:00,6.940000057220459,6.960000038146973,6.934999942779541,6.954999923706055,43977,0.0,0.0
2024-09-20 10:25:00-04:00,6.960000038146973,6.980000019073486,6.954999923706055,6.954999923706055,48384,0.0,0.0
2024-09-20 10:30:00-04:00,6.960000038146973,6.966000080108643,6.945000171661377,6.949999809265137,98137,0.0,0.0
2024-09-20 10:35:00-04:00,6.954999923706055,6.954999923706055,6.940000057220459,6.940000057220459,27049,0.0,0.0
2024-09-20 10:40:00-04:00,6.945000171661377,6.96999979019165,6.945000171661377,6.954999923706055,40155,0.0,0.0
2024-09-20 10:45:00-04:00,6.954999923706055,6.954999923706055,6.934999942779541,6.934999942779541,25700,0.0,0.0
2024-09-20 10:50:00-04:00,6.934999942779541,6.94980001449585,6.925000190734863,6.939799785614014,53666,0.0,0.0
2024-09-20 10:55:00-04:00,6.934999942779541,6.940000057220459,6.9131999015808105,6.914999961853027,52023,0.0,0.0
2024-09-20 11:00:00-04:00,6.909999847412109,6.920000076293945,6.900000095367432,6.90500020980835,68729,0.0,0.0
2024-09-20 11:05:00-04:00,6.90500020980835,6.929999828338623,6.90500020980835,6.925000190734863,47442,0.0,0.0
2024-09-20 11:10:00-04:00,6.925000190734863,6.940000057220459,6.920000076293945,6.925000190734863,96860,0.0,0.0
2024-09-20 11:15:00-04:00,6.925000190734863,6.940000057220459,6.920000076293945,6.940000057220459,26484,0.0,0.0
2024-09-20 11:20:00-04:00,6.934999942779541,6.945000171661377,6.929999828338623,6.945000171661377,33271,0.0,0.0
2024-09-20 11:25:00-04:00,6.945000171661377,6.949999809265137,6.929999828338623,6.945000171661377,57794,0.0,0.0
2024-09-20 11:30:00-04:00,6.945000171661377,6.945000171661377,6.909999847412109,6.920000076293945,90343,0.0,0.0
2024-09-20 11:35:00-04:00,6.929999828338623,6.965000152587891,6.923999786376953,6.954999923706055,175386,0.0,0.0
2024-09-20 11:40:00-04:00,6.959499835968018,6.989999771118164,6.954999923706055,6.980000019073486,122945,0.0,0.0
2024-09-20 11:45:00-04:00,6.974999904632568,6.985000133514404,6.965000152587891,6.985000133514404,84616,0.0,0.0
2024-09-20 11:50:00-04:00,6.980000019073486,7.010000228881836,6.974999904632568,7.010000228881836,203541,0.0,0.0
2024-09-20 11:55:00-04:00,7.005000114440918,7.019999980926514,7.005000114440918,7.014999866485596,52220,0.0,0.0
2024-09-20 12:00:00-04:00,7.010000228881836,7.03000020980835,6.96999979019165,6.96999979019165,462034,0.0,0.0
2024-09-20 12:05:00-04:00,6.96999979019165,6.989999771118164,6.954999923706055,6.965000152587891,278010,0.0,0.0
2024-09-20 12:10:00-04:00,6.965000152587891,6.965000152587891,6.934999942779541,6.946000099182129,187082,0.0,0.0
2024-09-20 12:15:00-04:00,6.945000171661377,6.960000038146973,6.923999786376953,6.934999942779541,151070,0.0,0.0
2024-09-20 12:20:00-04:00,6.934999942779541,6.96999979019165,6.929999828338623,6.96999979019165,268113,0.0,0.0
2024-09-20 12:25:00-04:00,6.969399929046631,6.979100227355957,6.929999828338623,6.929999828338623,302562,0.0,0.0
2024-09-20 12:30:00-04:00,6.925000190734863,6.925000190734863,6.894999980926514,6.900000095367432,137330,0.0,0.0
2024-09-20 12:35:00-04:00,6.900000095367432,6.90500020980835,6.880000114440918,6.900599956512451,87178,0.0,0.0
2024-09-20 12:40:00-04:00,6.90500020980835,6.909999847412109,6.889999866485596,6.889999866485596,36248,0.0,0.0
2024-09-20 12:45:00-04:00,6.894999980926514,6.900000095367432,6.880000114440918,6.885000228881836,45843,0.0,0.0
2024-09-20 12:50:00-04:00,6.885000228881836,6.889999866485596,6.864999771118164,6.869999885559082,53347,0.0,0.0
2024-09-20 12:55:00-04:00,6.870500087738037,6.880000114440918,6.860000133514404,6.864999771118164,45175,0.0,0.0
2024-09-20 13:00:00-04:00,6.860000133514404,6.869999885559082,6.855000019073486,6.860000133514404,71605,0.0,0.0
2024-09-20 13:05:00-04:00,6.860000133514404,6.869999885559082,6.849999904632568,6.849999904632568,54642,0.0,0.0
2024-09-20 13:10:00-04:00,6.855000019073486,6.860000133514404,6.849999904632568,6.849999904632568,41897,0.0,0.0
2024-09-20 13:15:00-04:00,6.855000019073486,6.90500020980835,6.849999904632568,6.90500020980835,144242,0.0,0.0
2024-09-20 13:20:00-04:00,6.900000095367432,6.900000095367432,6.889999866485596,6.900000095367432,26892,0.0,0.0
2024-09-20 13:25:00-04:00,6.894999980926514,6.900000095367432,6.875,6.880099773406982,110471,0.0,0.0
2024-09-20 13:30:00-04:00,6.885000228881836,6.889999866485596,6.8709001541137695,6.875,123115,0.0,0.0
2024-09-20 13:35:00-04:00,6.875,6.880000114440918,6.860000133514404,6.875,97495,0.0,0.0
2024-09-20 13:40:00-04:00,6.879899978637695,6.900000095367432,6.870999813079834,6.8805999755859375,90938,0.0,0.0
2024-09-20 13:45:00-04:00,6.889999866485596,6.900000095367432,6.875,6.875,60759,0.0,0.0
2024-09-20 13:50:00-04:00,6.869999885559082,6.880000114440918,6.864999771118164,6.864999771118164,42633,0.0,0.0
2024-09-20 13:55:00-04:00,6.860000133514404,6.875,6.855000019073486,6.875,85279,0.0,0.0
2024-09-20 14:00:00-04:00,6.880000114440918,6.880000114440918,6.860000133514404,6.869999885559082,116691,0.0,0.0
2024-09-20 14:05:00-04:00,6.864999771118164,6.880000114440918,6.860000133514404,6.875,78998,0.0,0.0
2024-09-20 14:10:00-04:00,6.880000114440918,6.889999866485596,6.869999885559082,6.885000228881836,34518,0.0,0.0
2024-09-20 14:15:00-04:00,6.885000228881836,6.909999847412109,6.88100004196167,6.900000095367432,99168,0.0,0.0
2024-09-20 14:20:00-04:00,6.894999980926514,6.900000095367432,6.889999866485596,6.894999980926514,56545,0.0,0.0
2024-09-20 14:25:00-04:00,6.889999866485596,6.900000095367432,6.860000133514404,6.87939977645874,96757,0.0,0.0
2024-09-20 14:30:00-04:00,6.879700183868408,6.880000114440918,6.869999885559082,6.869999885559082,38073,0.0,0.0
2024-09-20 14:35:00-04:00,6.875,6.880000114440918,6.860000133514404,6.875,66450,0.0,0.0
2024-09-20 14:40:00-04:00,6.875,6.880000114440918,6.863999843597412,6.880000114440918,65596,0.0,0.0
2024-09-20 14:45:00-04:00,6.875,6.889999866485596,6.869999885559082,6.885000228881836,68898,0.0,0.0
2024-09-20 14:50:00-04:00,6.880000114440918,6.889999866485596,6.869999885559082,6.869999885559082,67938,0.0,0.0
2024-09-20 14:55:00-04:00,6.869999885559082,6.869999885559082,6.860000133514404,6.864999771118164,72531,0.0,0.0
2024-09-20 15:00:00-04:00,6.860000133514404,6.885000228881836,6.860000133514404,6.880000114440918,82847,0.0,0.0
2024-09-20 15:05:00-04:00,6.875,6.880000114440918,6.849999904632568,6.869999885559082,112670,0.0,0.0
2024-09-20 15:10:00-04:00,6.864999771118164,6.864999771118164,6.829999923706055,6.84499979019165,144365,0.0,0.0
2024-09-20 15:15:00-04:00,6.849999904632568,6.860000133514404,6.829999923706055,6.829999923706055,72867,0.0,0.0
2024-09-20 15:20:00-04:00,6.835000038146973,6.84499979019165,6.814000129699707,6.835000038146973,226350,0.0,0.0
2024-09-20 15:25:00-04:00,6.835000038146973,6.860000133514404,6.831299781799316,6.849999904632568,139553,0.0,0.0
2024-09-20 15:30:00-04:00,6.849999904632568,6.875,6.84499979019165,6.860000133514404,114869,0.0,0.0
2024-09-20 15:35:00-04:00,6.855000019073486,6.880000114440918,6.840099811553955,6.864999771118164,251605,0.0,0.0
2024-09-20 15:40:00-04:00,6.864999771118164,6.869999885559082,6.840000152587891,6.855000019073486,225531,0.0,0.0
2024-09-20 15:45:00-04:00,6.849999904632568,6.900000095367432,6.849999904632568,6.900000095367432,322755,0.0,0.0
2024-09-20 15:50:00-04:00,6.889999866485596,6.929999828338623,6.889999866485596,6.925000190734863,218845,0.0,0.0
2024-09-20 15:55:00-04:00,6.929999828338623,6.989999771118164,6.925000190734863,6.989999771118164,816594,0.0,0.0
2024-09-23 09:30:00-04:00,6.960000038146973,6.989999771118164,6.804999828338623,6.840000152587891,148324,0.0,0.0
2024-09-23 09:35:00-04:00,6.829999923706055,6.829999923706055,6.800000190734863,6.824999809265137,108183,0.0,0.0
2024-09-23 09:40:00-04:00,6.820000171661377,6.835000038146973,6.789999961853027,6.799099922180176,84612,0.0,0.0
2024-09-23 09:45:00-04:00,6.789999961853027,6.809999942779541,6.690000057220459,6.700799942016602,175145,0.0,0.0
2024-09-23 09:50:00-04:00,6.710000038146973,6.744999885559082,6.695000171661377,6.71999979019165,90838,0.0,0.0
2024-09-23 09:55:00-04:00,6.723999977111816,6.750100135803223,6.704999923706055,6.744999885559082,67168,0.0,0.0
2024-09-23 10:00:00-04:00,6.75,6.769999980926514,6.724999904632568,6.735000133514404,99248,0.0,0.0
2024-09-23 10:05:00-04:00,6.730000019073486,6.730000019073486,6.715000152587891,6.715000152587891,43304,0.0,0.0
2024-09-23 10:10:00-04:00,6.710000038146973,6.730000019073486,6.710000038146973,6.71999979019165,65073,0.0,0.0
2024-09-23 10:15:00-04:00,6.715000152587891,6.745999813079834,6.704999923706055,6.71999979019165,59127,0.0,0.0
2024-09-23 10:20:00-04:00,6.71999979019165,6.730000019073486,6.679999828338623,6.681000232696533,52437,0.0,0.0
2024-09-23 10:25:00-04:00,6.681000232696533,6.699999809265137,6.659999847412109,6.679699897766113,87752,0.0,0.0
2024-09-23 10:30:00-04:00,6.675000190734863,6.705999851226807,6.670100212097168,6.684999942779541,113273,0.0,0.0
2024-09-23 10:35:00-04:00,6.684999942779541,6.695000171661377,6.675000190734863,6.675000190734863,98564,0.0,0.0
2024-09-23 10:40:00-04:00,6.675000190734863,6.684999942779541,6.65500020980835,6.675000190734863,62379,0.0,0.0
2024-09-23 10:45:00-04:00,6.675000190734863,6.675000190734863,6.630000114440918,6.630000114440918,74126,0.0,0.0
2024-09-23 10:50:00-04:00,6.630000114440918,6.65500020980835,6.630000114440918,6.650000095367432,21735,0.0,0.0
2024-09-23 10:55:00-04:00,6.625,6.649899959564209,6.619999885559082,6.635000228881836,167801,0.0,0.0
2024-09-23 11:00:00-04:00,6.639100074768066,6.664999961853027,6.630000114440918,6.6585001945495605,38227,0.0,0.0
2024-09-23 11:05:00-04:00,6.650000095367432,6.658999919891357,6.635000228881836,6.644999980926514,79484,0.0,0.0
2024-09-23 11:10:00-04:00,6.644999980926514,6.670000076293945,6.644000053405762,6.659999847412109,86453,0.0,0.0
2024-09-23 11:15:00-04:00,6.65500020980835,6.659999847412109,6.640100002288818,6.65500020980835,59433,0.0,0.0
2024-09-23 11:20:00-04:00,6.659999847412109,6.684999942779541,6.65500020980835,6.6778998374938965,113766,0.0,0.0
2024-09-23 11:25:00-04:00,6.670000076293945,6.670000076293945,6.650000095367432,6.664999961853027,43040,0.0,0.0
2024-09-23 11:30:00-04:00,6.670000076293945,6.670000076293945,6.650000095367432,6.65500020980835,64074,0.0,0.0
2024-09-23 11:35:00-04:00,6.65500020980835,6.675000190734863,6.650000095367432,6.670899868011475,54583,0.0,0.0
2024-09-23 11:40:00-04:00,6.670000076293945,6.675000190734863,6.639999866485596,6.644999980926514,125439,0.0,0.0
2024-09-23 11:45:00-04:00,6.644999980926514,6.650000095367432,6.630000114440918,6.644999980926514,34473,0.0,0.0
2024-09-23 11:50:00-04:00,6.644999980926514,6.650000095367432,6.644000053405762,6.644999980926514,44378,0.0,0.0
2024-09-23 11:55:00-04:00,6.641900062561035,6.650000095367432,6.630000114440918,6.635000228881836,49878,0.0,0.0
2024-09-23 12:00:00-04:00,6.630000114440918,6.679900169372559,6.630000114440918,6.664999961853027,119896,0.0,0.0
2024-09-23 12:05:00-04:00,6.670000076293945,6.679900169372559,6.644999980926514,6.650000095367432,147424,0.0,0.0
2024-09-23 12:10:00-04:00,6.644999980926514,6.644999980926514,6.610000133514404,6.619900226593018,92046,0.0,0.0
2024-09-23 12:15:00-04:00,6.614999771118164,6.630000114440918,6.605000019073486,6.625,76007,0.0,0.0
2024-09-23 12:20:00-04:00,6.620100021362305,6.639999866485596,6.614999771118164,6.619999885559082,54246,0.0,0.0
2024-09-23 12:25:00-04:00,6.619999885559082,6.630000114440918,6.619999885559082,6.619999885559082,36281,0.0,0.0
2024-09-23 12:30:00-04:00,6.619999885559082,6.650000095367432,6.619999885559082,6.650000095367432,60553,0.0,0.0
2024-09-23 12:35:00-04:00,6.644999980926514,6.65910005569458,6.639999866485596,6.640999794006348,61960,0.0,0.0
2024-09-23 12:40:00-04:00,6.650000095367432,6.679999828338623,6.642099857330322,6.659999847412109,90028,0.0,0.0
2024-09-23 12:45:00-04:00,6.664999961853027,6.679999828338623,6.65500020980835,6.679999828338623,79346,0.0,0.0
2024-09-23 12:50:00-04:00,6.679999828338623,6.710000038146973,6.675000190734863,6.704999923706055,170404,0.0,0.0
2024-09-23 12:55:00-04:00,6.704999923706055,6.704999923706055,6.690000057220459,6.695000171661377,48933,0.0,0.0
2024-09-23 13:00:00-04:00,6.690000057220459,6.695000171661377,6.679999828338623,6.679999828338623,25305,0.0,0.0
2024-09-23 13:05:00-04:00,6.684999942779541,6.715000152587891,6.679999828338623,6.695000171661377,86968,0.0,0.0
2024-09-23 13:10:00-04:00,6.699999809265137,6.71999979019165,6.699999809265137,6.710000038146973,32334,0.0,0.0
2024-09-23 13:15:00-04:00,6.710000038146973,6.715000152587891,6.695000171661377,6.704999923706055,40276,0.0,0.0
2024-09-23 13:20:00-04:00,6.704999923706055,6.710000038146973,6.690000057220459,6.695000171661377,42335,0.0,0.0
2024-09-23 13:25:00-04:00,6.695000171661377,6.704999923706055,6.690000057220459,6.699999809265137,35747,0.0,0.0
2024-09-23 13:30:00-04:00,6.699999809265137,6.724999904632568,6.699999809265137,6.724999904632568,69564,0.0,0.0
2024-09-23 13:35:00-04:00,6.724999904632568,6.730000019073486,6.699999809265137,6.710000038146973,103793,0.0,0.0
2024-09-23 13:40:00-04:00,6.710000038146973,6.719200134277344,6.699999809265137,6.704999923706055,60212,0.0,0.0
2024-09-23 13:45:00-04:00,6.704999923706055,6.715000152587891,6.699999809265137,6.704999923706055,39184,0.0,0.0
2024-09-23 13:50:00-04:00,6.710000038146973,6.710000038146973,6.699999809265137,6.704999923706055,10213,0.0,0.0
2024-09-23 13:55:00-04:00,6.699999809265137,6.71999979019165,6.699999809265137,6.710000038146973,178970,0.0,0.0
2024-09-23 14:00:00-04:00,6.710000038146973,6.710100173950195,6.679999828338623,6.684999942779541,61680,0.0,0.0
2024-09-23 14:05:00-04:00,6.679999828338623,6.704999923706055,6.670000076293945,6.684000015258789,144762,0.0,0.0
2024-09-23 14:10:00-04:00,6.684999942779541,6.690000057220459,6.659999847412109,6.659999847412109,55405,0.0,0.0
2024-09-23 14:15:00-04:00,6.664999961853027,6.675000190734863,6.659999847412109,6.675000190734863,39069,0.0,0.0
2024-09-23 14:20:00-04:00,6.670000076293945,6.679999828338623,6.670000076293945,6.675000190734863,23847,0.0,0.0
2024-09-23 14:25:00-04:00,6.670000076293945,6.675000190734863,6.659999847412109,6.659999847412109,109014,0.0,0.0
2024-09-23 14:30:00-04:00,6.664999961853027,6.679999828338623,6.659999847412109,6.675000190734863,76765,0.0,0.0
2024-09-23 14:35:00-04:00,6.675000190734863,6.679999828338623,6.664000034332275,6.664999961853027,112126,0.0,0.0
2024-09-23 14:40:00-04:00,6.664999961853027,6.685999870300293,6.659999847412109,6.684999942779541,47320,0.0,0.0
2024-09-23 14:45:00-04:00,6.684999942779541,6.690000057220459,6.673999786376953,6.684999942779541,104182,0.0,0.0
2024-09-23 14:50:00-04:00,6.684999942779541,6.696000099182129,6.679999828338623,6.691400051116943,68080,0.0,0.0
2024-09-23 14:55:00-04:00,6.695000171661377,6.710000038146973,6.690000057220459,6.690000057220459,57963,0.0,0.0
2024-09-23 15:00:00-04:00,6.695000171661377,6.699999809265137,6.684999942779541,6.690000057220459,49031,0.0,0.0
2024-09-23 15:05:00-04:00,6.690000057220459,6.699999809265137,6.684999942779541,6.695000171661377,55548,0.0,0.0
2024-09-23 15:10:00-04:00,6.690000057220459,6.71999979019165,6.690000057220459,6.710000038146973,51260,0.0,0.0
2024-09-23 15:15:00-04:00,6.715000152587891,6.71999979019165,6.710000038146973,6.71999979019165,43400,0.0,0.0
2024-09-23 15:20:00-04:00,6.715000152587891,6.736000061035156,6.710000038146973,6.735000133514404,86387,0.0,0.0
2024-09-23 15:25:00-04:00,6.730000019073486,6.739999771118164,6.71999979019165,6.739999771118164,83558,0.0,0.0
2024-09-23 15:30:00-04:00,6.735000133514404,6.760000228881836,6.735000133514404,6.760000228881836,73426,0.0,0.0
2024-09-23 15:35:00-04:00,6.755000114440918,6.760000228881836,6.739999771118164,6.75,98027,0.0,0.0
2024-09-23 15:40:00-04:00,6.744999885559082,6.75,6.71999979019165,6.71999979019165,78214,0.0,0.0
2024-09-23 15:45:00-04:00,6.71999979019165,6.71999979019165,6.690000057220459,6.690000057220459,124106,0.0,0.0
2024-09-23 15:50:00-04:00,6.695000171661377,6.699999809265137,6.679999828338623,6.695000171661377,247504,0.0,0.0
2024-09-23 15:55:00-04:00,6.695000171661377,6.710000038146973,6.684999942779541,6.704999923706055,763993,0.0,0.0
2024-09-24 09:30:00-04:00,6.769999980926514,6.78000020980835,6.730000019073486,6.775000095367432,77526,0.0,0.0
2024-09-24 09:35:00-04:00,6.78000020980835,6.795000076293945,6.78000020980835,6.784999847412109,29193,0.0,0.0
2024-09-24 09:40:00-04:00,6.784999847412109,6.789999961853027,6.764999866485596,6.775000095367432,38110,0.0,0.0
2024-09-24 09:45:00-04:00,6.775000095367432,6.784999847412109,6.75,6.75,50568,0.0,0.0
2024-09-24 09:50:00-04:00,6.755000114440918,6.789999961853027,6.755000114440918,6.780600070953369,36785,0.0,0.0
2024-09-24 09:55:00-04:00,6.78000020980835,6.78000020980835,6.744999885559082,6.755000114440918,46181,0.0,0.0
2024-09-24 10:00:00-04:00,6.755000114440918,6.760000228881836,6.735000133514404,6.749899864196777,135928,0.0,0.0
2024-09-24 10:05:00-04:00,6.749899864196777,6.789999961853027,6.744999885559082,6.776000022888184,63718,0.0,0.0
2024-09-24 10:10:00-04:00,6.770100116729736,6.775000095367432,6.71999979019165,6.71999979019165,48956,0.0,0.0
2024-09-24 10:15:00-04:00,6.724999904632568,6.724999904632568,6.699999809265137,6.704999923706055,19394,0.0,0.0
2024-09-24 10:20:00-04:00,6.704999923706055,6.7399001121521,6.699999809265137,6.7399001121521,53969,0.0,0.0
2024-09-24 10:25:00-04:00,6.735000133514404,6.764999866485596,6.735000133514404,6.764999866485596,71089,0.0,0.0
2024-09-24 10:30:00-04:00,6.769999980926514,6.789999961853027,6.7600998878479,6.775000095367432,88379,0.0,0.0
2024-09-24 10:35:00-04:00,6.770100116729736,6.775000095367432,6.755000114440918,6.755000114440918,46895,0.0,0.0
2024-09-24 10:40:00-04:00,6.755000114440918,6.78000020980835,6.755000114440918,6.769999980926514,49635,0.0,0.0
2024-09-24 10:45:00-04:00,6.769999980926514,6.78000020980835,6.763999938964844,6.775000095367432,43139,0.0,0.0
2024-09-24 10:50:00-04:00,6.775000095367432,6.809999942779541,6.775000095367432,6.804999828338623,57719,0.0,0.0
2024-09-24 10:55:00-04:00,6.800000190734863,6.820000171661377,6.800000190734863,6.804999828338623,54097,0.0,0.0
2024-09-24 11:00:00-04:00,6.800000190734863,6.820000171661377,6.800000190734863,6.815000057220459,49732,0.0,0.0
2024-09-24 11:05:00-04:00,6.815000057220459,6.840000152587891,6.814000129699707,6.840000152587891,95288,0.0,0.0
2024-09-24 11:10:00-04:00,6.835000038146973,6.860000133514404,6.820000171661377,6.820000171661377,132083,0.0,0.0
2024-09-24 11:15:00-04:00,6.829899787902832,6.829899787902832,6.814000129699707,6.815000057220459,38385,0.0,0.0
2024-09-24 11:20:00-04:00,6.820000171661377,6.820000171661377,6.789999961853027,6.800000190734863,55933,0.0,0.0
2024-09-24 11:25:00-04:00,6.800000190734863,6.809899806976318,6.789999961853027,6.800000190734863,36104,0.0,0.0
2024-09-24 11:30:00-04:00,6.804999828338623,6.809999942779541,6.800000190734863,6.809999942779541,17373,0.0,0.0
2024-09-24 11:35:00-04:00,6.804999828338623,6.809999942779541,6.781700134277344,6.784999847412109,42539,0.0,0.0
2024-09-24 11:40:00-04:00,6.784999847412109,6.796000003814697,6.769999980926514,6.769999980926514,37988,0.0,0.0
2024-09-24 11:45:00-04:00,6.775000095367432,6.775000095367432,6.760000228881836,6.760000228881836,16479,0.0,0.0
2024-09-24 11:50:00-04:00,6.760000228881836,6.775000095367432,6.755000114440918,6.775000095367432,64430,0.0,0.0
2024-09-24 11:55:00-04:00,6.775000095367432,6.775000095367432,6.760000228881836,6.760000228881836,26510,0.0,0.0
2024-09-24 12:00:00-04:00,6.7692999839782715,6.795000076293945,6.760000228881836,6.784999847412109,78646,0.0,0.0
2024-09-24 12:05:00-04:00,6.784999847412109,6.809999942779541,6.784999847412109,6.804999828338623,50547,0.0,0.0
2024-09-24 12:10:00-04:00,6.809999942779541,6.840000152587891,6.800000190734863,6.835000038146973,258724,0.0,0.0
2024-09-24 12:15:00-04:00,6.840000152587891,6.849899768829346,6.823999881744385,6.829999923706055,131193,0.0,0.0
2024-09-24 12:20:00-04:00,6.835000038146973,6.855000019073486,6.829999923706055,6.840000152587891,36857,0.0,0.0
2024-09-24 12:25:00-04:00,6.84499979019165,6.849999904632568,6.830100059509277,6.840000152587891,119888,0.0,0.0
2024-09-24 12:30:00-04:00,6.840000152587891,6.8460001945495605,6.824999809265137,6.84499979019165,93494,0.0,0.0
2024-09-24 12:35:00-04:00,6.84499979019165,6.849999904632568,6.820000171661377,6.820000171661377,85162,0.0,0.0
2024-09-24 12:40:00-04:00,6.820000171661377,6.824999809265137,6.809999942779541,6.8190999031066895,65645,0.0,0.0
2024-09-24 12:45:00-04:00,6.809999942779541,6.835000038146973,6.809999942779541,6.824999809265137,159126,0.0,0.0
2024-09-24 12:50:00-04:00,6.824999809265137,6.849999904632568,6.824999809265137,6.84499979019165,117463,0.0,0.0
2024-09-24 12:55:00-04:00,6.840000152587891,6.8460001945495605,6.829999923706055,6.84499979019165,66398,0.0,0.0
2024-09-24 13:00:00-04:00,6.84499979019165,6.84499979019165,6.829999923706055,6.84499979019165,23991,0.0,0.0
2024-09-24 13:05:00-04:00,6.84499979019165,6.849999904632568,6.829999923706055,6.835000038146973,55490,0.0,0.0
2024-09-24 13:10:00-04:00,6.835000038146973,6.835000038146973,6.820000171661377,6.824999809265137,103877,0.0,0.0
2024-09-24 13:15:00-04:00,6.824999809265137,6.835000038146973,6.820000171661377,6.824999809265137,45313,0.0,0.0
2024-09-24 13:20:00-04:00,6.824999809265137,6.849999904632568,6.824999809265137,6.84499979019165,147615,0.0,0.0
2024-09-24 13:25:00-04:00,6.84499979019165,6.849999904632568,6.840000152587891,6.84499979019165,15275,0.0,0.0
2024-09-24 13:30:00-04:00,6.84499979019165,6.849999904632568,6.840000152587891,6.84499979019165,32019,0.0,0.0
2024-09-24 13:35:00-04:00,6.84499979019165,6.880000114440918,6.84499979019165,6.860000133514404,146221,0.0,0.0
2024-09-24 13:40:00-04:00,6.864999771118164,6.869999885559082,6.855000019073486,6.860000133514404,67700,0.0,0.0
2024-09-24 13:45:00-04:00,6.860000133514404,6.869999885559082,6.860000133514404,6.864999771118164,47048,0.0,0.0
2024-09-24 13:50:00-04:00,6.869999885559082,6.886000156402588,6.8607001304626465,6.880000114440918,51128,0.0,0.0
2024-09-24 13:55:00-04:00,6.875,6.880000114440918,6.869999885559082,6.869999885559082,27146,0.0,0.0
2024-09-24 14:00:00-04:00,6.869999885559082,6.889900207519531,6.860000133514404,6.880000114440918,153284,0.0,0.0
2024-09-24 14:05:00-04:00,6.869999885559082,6.880000114440918,6.860000133514404,6.860000133514404,62622,0.0,0.0
2024-09-24 14:10:00-04:00,6.860000133514404,6.90500020980835,6.860000133514404,6.889999866485596,135240,0.0,0.0
2024-09-24 14:15:00-04:00,6.889999866485596,6.894999980926514,6.880000114440918,6.885000228881836,56943,0.0,0.0
2024-09-24 14:20:00-04:00,6.885000228881836,6.909999847412109,6.885000228881836,6.909999847412109,63050,0.0,0.0
2024-09-24 14:25:00-04:00,6.900000095367432,6.909999847412109,6.889999866485596,6.900000095367432,23165,0.0,0.0
2024-09-24 14:30:00-04:00,6.889999866485596,6.889999866485596,6.8709001541137695,6.885000228881836,75342,0.0,0.0
2024-09-24 14:35:00-04:00,6.885000228881836,6.919899940490723,6.885000228881836,6.900000095367432,94613,0.0,0.0
2024-09-24 14:40:00-04:00,6.90500020980835,6.909999847412109,6.900000095367432,6.909999847412109,15967,0.0,0.0
2024-09-24 14:45:00-04:00,6.909999847412109,6.909999847412109,6.885000228881836,6.889999866485596,119006,0.0,0.0
2024-09-24 14:50:00-04:00,6.889999866485596,6.894999980926514,6.889999866485596,6.894999980926514,14429,0.0,0.0
2024-09-24 14:55:00-04:00,6.890900135040283,6.900000095367432,6.880000114440918,6.889999866485596,101046,0.0,0.0
2024-09-24 15:00:00-04:00,6.889999866485596,6.90500020980835,6.880099773406982,6.889999866485596,134810,0.0,0.0
2024-09-24 15:05:00-04:00,6.894999980926514,6.897500038146973,6.889999866485596,6.889999866485596,24608,0.0,0.0
2024-09-24 15:10:00-04:00,6.894999980926514,6.894999980926514,6.869999885559082,6.869999885559082,77523,0.0,0.0
2024-09-24 15:15:00-04:00,6.869999885559082,6.880000114440918,6.864999771118164,6.875,197282,0.0,0.0
2024-09-24 15:20:00-04:00,6.875,6.880000114440918,6.869999885559082,6.875,59433,0.0,0.0
2024-09-24 15:25:00-04:00,6.869999885559082,6.900000095367432,6.869999885559082,6.900000095367432,84336,0.0,0.0
2024-09-24 15:30:00-04:00,6.894999980926514,6.909999847412109,6.875,6.885000228881836,102229,0.0,0.0
2024-09-24 15:35:00-04:00,6.885000228881836,6.889999866485596,6.860000133514404,6.864999771118164,66051,0.0,0.0
2024-09-24 15:40:00-04:00,6.864999771118164,6.869999885559082,6.860000133514404,6.864999771118164,58434,0.0,0.0
2024-09-24 15:45:00-04:00,6.864999771118164,6.880000114440918,6.860000133514404,6.875,86338,0.0,0.0
2024-09-24 15:50:00-04:00,6.875,6.889999866485596,6.869999885559082,6.875,127964,0.0,0.0
2024-09-24 15:55:00-04:00,6.875,6.889999866485596,6.860000133514404,6.860000133514404,389546,0.0,0.0
2024-09-25 09:30:00-04:00,6.869999885559082,6.880000114440918,6.789999961853027,6.804999828338623,122801,0.0,0.0
2024-09-25 09:35:00-04:00,6.800000190734863,6.809999942779541,6.800000190734863,6.800000190734863,1422,0.0,0.0
2024-09-25 09:40:00-04:00,6.800000190734863,6.820000171661377,6.800000190734863,6.804999828338623,22474,0.0,0.0
2024-09-25 09:45:00-04:00,6.804999828338623,6.804999828338623,6.775000095367432,6.775000095367432,61409,0.0,0.0
2024-09-25 09:50:00-04:00,6.769999980926514,6.78000020980835,6.75,6.75,50563,0.0,0.0
2024-09-25 09:55:00-04:00,6.75,6.764999866485596,6.739999771118164,6.74399995803833,38099,0.0,0.0
2024-09-25 10:00:00-04:00,6.7494001388549805,6.800000190734863,6.744999885559082,6.769999980926514,78073,0.0,0.0
2024-09-25 10:05:00-04:00,6.764999866485596,6.784999847412109,6.75,6.784999847412109,32144,0.0,0.0
2024-09-25 10:10:00-04:00,6.78000020980835,6.784999847412109,6.760000228881836,6.760000228881836,28608,0.0,0.0
2024-09-25 10:15:00-04:00,6.764999866485596,6.795000076293945,6.764999866485596,6.78000020980835,25416,0.0,0.0
2024-09-25 10:20:00-04:00,6.78000020980835,6.78000020980835,6.760000228881836,6.764999866485596,24776,0.0,0.0
2024-09-25 10:25:00-04:00,6.764999866485596,6.775000095367432,6.760000228881836,6.775000095367432,25510,0.0,0.0
2024-09-25 10:30:00-04:00,6.775000095367432,6.775000095367432,6.760000228881836,6.769999980926514,19546,0.0,0.0
2024-09-25 10:35:00-04:00,6.775000095367432,6.809999942779541,6.769999980926514,6.804999828338623,117111,0.0,0.0
2024-09-25 10:40:00-04:00,6.804999828338623,6.804999828338623,6.78000020980835,6.784999847412109,39543,0.0,0.0
2024-09-25 10:45:00-04:00,6.784999847412109,6.804999828338623,6.78000020980835,6.801499843597412,79763,0.0,0.0
2024-09-25 10:50:00-04:00,6.804999828338623,6.815000057220459,6.783999919891357,6.789999961853027,45947,0.0,0.0
2024-09-25 10:55:00-04:00,6.78000020980835,6.789999961853027,6.77400016784668,6.784999847412109,27672,0.0,0.0
2024-09-25 11:00:00-04:00,6.789999961853027,6.795000076293945,6.775000095367432,6.7895002365112305,43685,0.0,0.0
2024-09-25 11:05:00-04:00,6.784999847412109,6.800000190734863,6.769999980926514,6.775000095367432,60889,0.0,0.0
2024-09-25 11:10:00-04:00,6.775000095367432,6.78000020980835,6.764999866485596,6.773600101470947,59543,0.0,0.0
2024-09-25 11:15:00-04:00,6.775000095367432,6.78000020980835,6.764999866485596,6.764999866485596,35935,0.0,0.0
2024-09-25 11:20:00-04:00,6.764400005340576,6.764999866485596,6.75,6.755000114440918,37826,0.0,0.0
2024-09-25 11:25:00-04:00,6.760000228881836,6.760000228881836,6.739999771118164,6.739999771118164,145875,0.0,0.0
2024-09-25 11:30:00-04:00,6.739999771118164,6.75,6.730000019073486,6.739999771118164,36573,0.0,0.0
2024-09-25 11:35:00-04:00,6.744999885559082,6.755000114440918,6.723999977111816,6.723999977111816,147236,0.0,0.0
2024-09-25 11:40:00-04:00,6.724999904632568,6.739999771118164,6.710000038146973,6.715000152587891,181294,0.0,0.0
2024-09-25 11:45:00-04:00,6.710000038146973,6.724999904632568,6.710000038146973,6.715000152587891,67156,0.0,0.0
2024-09-25 11:50:00-04:00,6.715000152587891,6.72599983215332,6.710000038146973,6.710000038146973,77161,0.0,0.0
2024-09-25 11:55:00-04:00,6.710000038146973,6.760000228881836,6.704999923706055,6.760000228881836,142063,0.0,0.0
2024-09-25 12:00:00-04:00,6.760000228881836,6.769999980926514,6.750800132751465,6.765999794006348,51609,0.0,0.0
2024-09-25 12:05:00-04:00,6.760000228881836,6.760000228881836,6.744999885559082,6.755000114440918,24993,0.0,0.0
2024-09-25 12:10:00-04:00,6.755000114440918,6.769999980926514,6.75,6.760000228881836,23737,0.0,0.0
2024-09-25 12:15:00-04:00,6.760000228881836,6.779200077056885,6.755000114440918,6.764999866485596,73362,0.0,0.0
2024-09-25 12:20:00-04:00,6.769999980926514,6.78000020980835,6.739999771118164,6.759500026702881,98521,0.0,0.0
2024-09-25 12:25:00-04:00,6.756899833679199,6.769999980926514,6.744999885559082,6.764999866485596,175433,0.0,0.0
2024-09-25 12:30:00-04:00,6.764999866485596,6.78000020980835,6.760000228881836,6.78000020980835,83260,0.0,0.0
2024-09-25 12:35:00-04:00,6.789999961853027,6.820000171661377,6.789999961853027,6.815000057220459,76033,0.0,0.0
2024-09-25 12:40:00-04:00,6.820000171661377,6.869999885559082,6.820000171661377,6.835000038146973,146820,0.0,0.0
2024-09-25 12:45:00-04:00,6.835000038146973,6.849999904632568,6.829999923706055,6.8404998779296875,52306,0.0,0.0
2024-09-25 12:50:00-04:00,6.840000152587891,6.860000133514404,6.829999923706055,6.840000152587891,127780,0.0,0.0
2024-09-25 12:55:00-04:00,6.84499979019165,6.864999771118164,6.835000038146973,6.855000019073486,166762,0.0,0.0
2024-09-25 13:00:00-04:00,6.855000019073486,6.880000114440918,6.84060001373291,6.880000114440918,105225,0.0,0.0
2024-09-25 13:05:00-04:00,6.875,6.900000095367432,6.840000152587891,6.840000152587891,166110,0.0,0.0
2024-09-25 13:10:00-04:00,6.840000152587891,6.84499979019165,6.815000057220459,6.820000171661377,20876,0.0,0.0
2024-09-25 13:15:00-04:00,6.829999923706055,6.855000019073486,6.820000171661377,6.84089994430542,159416,0.0,0.0
2024-09-25 13:20:00-04:00,6.84499979019165,6.860000133514404,6.840000152587891,6.840000152587891,75249,0.0,0.0
2024-09-25 13:25:00-04:00,6.840000152587891,6.849999904632568,6.829999923706055,6.829999923706055,60539,0.0,0.0
2024-09-25 13:30:00-04:00,6.829999923706055,6.860000133514404,6.829899787902832,6.855000019073486,55277,0.0,0.0
2024-09-25 13:35:00-04:00,6.855000019073486,6.875,6.850100040435791,6.875,140319,0.0,0.0
2024-09-25 13:40:00-04:00,6.880000114440918,6.889999866485596,6.875,6.889999866485596,52188,0.0,0.0
2024-09-25 13:45:00-04:00,6.885000228881836,6.889999866485596,6.880000114440918,6.883999824523926,75855,0.0,0.0
2024-09-25 13:50:00-04:00,6.885000228881836,6.909999847412109,6.885000228881836,6.889999866485596,194899,0.0,0.0
2024-09-25 13:55:00-04:00,6.889999866485596,6.899899959564209,6.880000114440918,6.880000114440918,74656,0.0,0.0
2024-09-25 14:00:00-04:00,6.875,6.889900207519531,6.860000133514404,6.864999771118164,117093,0.0,0.0
2024-09-25 14:05:00-04:00,6.863399982452393,6.880000114440918,6.860000133514404,6.872499942779541,54334,0.0,0.0
2024-09-25 14:10:00-04:00,6.875,6.885000228881836,6.869999885559082,6.869999885559082,84248,0.0,0.0
2024-09-25 14:15:00-04:00,6.869999885559082,6.909999847412109,6.869500160217285,6.90500020980835,64861,0.0,0.0
2024-09-25 14:20:00-04:00,6.900100231170654,6.920000076293945,6.894999980926514,6.914999961853027,70012,0.0,0.0
2024-09-25 14:25:00-04:00,6.920000076293945,6.926000118255615,6.909999847412109,6.925000190734863,38536,0.0,0.0
2024-09-25 14:30:00-04:00,6.929999828338623,6.940000057220459,6.924300193786621,6.929999828338623,53007,0.0,0.0
2024-09-25 14:35:00-04:00,6.940000057220459,6.950200080871582,6.934000015258789,6.945000171661377,49010,0.0,0.0
2024-09-25 14:40:00-04:00,6.945000171661377,6.949999809265137,6.940000057220459,6.945000171661377,14526,0.0,0.0
2024-09-25 14:45:00-04:00,6.945000171661377,6.949999809265137,6.934999942779541,6.945000171661377,33049,0.0,0.0
2024-09-25 14:50:00-04:00,6.949999809265137,6.95989990234375,6.925000190734863,6.925000190734863,92766,0.0,0.0
2024-09-25 14:55:00-04:00,6.920000076293945,6.929999828338623,6.914999961853027,6.920000076293945,64204,0.0,0.0
2024-09-25 15:00:00-04:00,6.920100212097168,6.940000057220459,6.914999961853027,6.930099964141846,111106,0.0,0.0
2024-09-25 15:05:00-04:00,6.929999828338623,6.949999809265137,6.920000076293945,6.945000171661377,86429,0.0,0.0
2024-09-25 15:10:00-04:00,6.949999809265137,6.960000038146973,6.943999767303467,6.945000171661377,123514,0.0,0.0
2024-09-25 15:15:00-04:00,6.945000171661377,6.965000152587891,6.945000171661377,6.95989990234375,117861,0.0,0.0
2024-09-25 15:20:00-04:00,6.960000038146973,6.960000038146973,6.949999809265137,6.960000038146973,50675,0.0,0.0
2024-09-25 15:25:00-04:00,6.960000038146973,6.980000019073486,6.945000171661377,6.954999923706055,182352,0.0,0.0
2024-09-25 15:30:00-04:00,6.954999923706055,6.965000152587891,6.920000076293945,6.920000076293945,107289,0.0,0.0
2024-09-25 15:35:00-04:00,6.920000076293945,6.925000190734863,6.900000095367432,6.914999961853027,93181,0.0,0.0
2024-09-25 15:40:00-04:00,6.920000076293945,6.926000118255615,6.900000095367432,6.926000118255615,127234,0.0,0.0
2024-09-25 15:45:00-04:00,6.929999828338623,6.940000057220459,6.920000076293945,6.934999942779541,256332,0.0,0.0
2024-09-25 15:50:00-04:00,6.940000057220459,6.940000057220459,6.914999961853027,6.925000190734863,128337,0.0,0.0
2024-09-25 15:55:00-04:00,6.925000190734863,6.929999828338623,6.900000095367432,6.909999847412109,717616,0.0,0.0
2024-09-26 09:30:00-04:00,7.0,7.050000190734863,6.980000019073486,7.039999961853027,101819,0.0,0.0
2024-09-26 09:35:00-04:00,7.045000076293945,7.110000133514404,7.045000076293945,7.105000019073486,64324,0.0,0.0
2024-09-26 09:40:00-04:00,7.105000019073486,7.130000114440918,7.090000152587891,7.130000114440918,90506,0.0,0.0
2024-09-26 09:45:00-04:00,7.139999866485596,7.150000095367432,7.114999771118164,7.125,63241,0.0,0.0
2024-09-26 09:50:00-04:00,7.125,7.15500020980835,7.099999904632568,7.150000095367432,101359,0.0,0.0
2024-09-26 09:55:00-04:00,7.144999980926514,7.150000095367432,7.1234002113342285,7.130000114440918,28617,0.0,0.0
2024-09-26 10:00:00-04:00,7.150000095367432,7.175000190734863,7.125,7.145999908447266,123580,0.0,0.0
2024-09-26 10:05:00-04:00,7.144999980926514,7.145599842071533,7.099999904632568,7.105000019073486,38014,0.0,0.0
2024-09-26 10:10:00-04:00,7.099999904632568,7.135000228881836,7.090000152587891,7.110000133514404,34127,0.0,0.0
2024-09-26 10:15:00-04:00,7.110000133514404,7.130000114440918,7.105000019073486,7.125,22740,0.0,0.0
2024-09-26 10:20:00-04:00,7.125,7.150000095367432,7.125,7.135000228881836,39425,0.0,0.0
2024-09-26 10:25:00-04:00,7.135000228881836,7.159999847412109,7.13070011138916,7.159999847412109,49979,0.0,0.0
2024-09-26 10:30:00-04:00,7.150000095367432,7.150000095367432,7.114999771118164,7.114999771118164,31549,0.0,0.0
2024-09-26 10:35:00-04:00,7.114999771118164,7.114999771118164,7.085000038146973,7.085000038146973,55006,0.0,0.0
2024-09-26 10:40:00-04:00,7.079999923706055,7.085000038146973,7.054999828338623,7.054999828338623,27617,0.0,0.0
2024-09-26 10:45:00-04:00,7.054999828338623,7.085999965667725,7.054999828338623,7.065000057220459,38090,0.0,0.0
2024-09-26 10:50:00-04:00,7.065000057220459,7.085000038146973,7.059999942779541,7.079999923706055,35478,0.0,0.0
2024-09-26 10:55:00-04:00,7.079999923706055,7.090000152587891,7.074999809265137,7.074999809265137,48367,0.0,0.0
2024-09-26 11:00:00-04:00,7.074999809265137,7.076000213623047,7.054999828338623,7.074999809265137,80160,0.0,0.0
2024-09-26 11:05:00-04:00,7.074999809265137,7.090000152587891,7.070000171661377,7.079999923706055,45129,0.0,0.0
2024-09-26 11:10:00-04:00,7.079999923706055,7.119999885559082,7.074999809265137,7.119999885559082,118658,0.0,0.0
2024-09-26 11:15:00-04:00,7.114999771118164,7.119999885559082,7.110000133514404,7.114999771118164,20357,0.0,0.0
2024-09-26 11:20:00-04:00,7.119999885559082,7.150000095367432,7.114999771118164,7.144999980926514,116138,0.0,0.0
2024-09-26 11:25:00-04:00,7.144999980926514,7.150000095367432,7.135000228881836,7.150000095367432,40768,0.0,0.0
2024-09-26 11:30:00-04:00,7.149499893188477,7.15500020980835,7.123000144958496,7.139400005340576,133585,0.0,0.0
2024-09-26 11:35:00-04:00,7.135000228881836,7.170000076293945,7.130000114440918,7.164999961853027,205794,0.0,0.0
2024-09-26 11:40:00-04:00,7.164999961853027,7.175000190734863,7.150700092315674,7.164999961853027,90822,0.0,0.0
2024-09-26 11:45:00-04:00,7.164999961853027,7.169099807739258,7.150000095367432,7.164999961853027,64087,0.0,0.0
2024-09-26 11:50:00-04:00,7.164999961853027,7.184999942779541,7.159999847412109,7.179999828338623,105375,0.0,0.0
2024-09-26 11:55:00-04:00,7.179999828338623,7.179999828338623,7.159999847412109,7.159999847412109,74011,0.0,0.0
2024-09-26 12:00:00-04:00,7.159999847412109,7.179999828338623,7.15500020980835,7.170000076293945,94126,0.0,0.0
2024-09-26 12:05:00-04:00,7.170000076293945,7.185999870300293,7.170000076293945,7.184999942779541,97746,0.0,0.0
2024-09-26 12:10:00-04:00,7.184999942779541,7.195000171661377,7.180500030517578,7.184999942779541,91973,0.0,0.0
2024-09-26 12:15:00-04:00,7.184999942779541,7.190000057220459,7.184999942779541,7.184999942779541,21340,0.0,0.0
2024-09-26 12:20:00-04:00,7.184999942779541,7.190000057220459,7.159999847412109,7.159999847412109,65292,0.0,0.0
2024-09-26 12:25:00-04:00,7.164999961853027,7.164999961853027,7.144999980926514,7.15500020980835,77334,0.0,0.0
2024-09-26 12:30:00-04:00,7.150000095367432,7.150000095367432,7.130000114440918,7.140100002288818,59096,0.0,0.0
2024-09-26 12:35:00-04:00,7.139999866485596,7.139999866485596,7.110000133514404,7.119999885559082,69951,0.0,0.0
2024-09-26 12:40:00-04:00,7.114999771118164,7.129899978637695,7.099999904632568,7.125,100735,0.0,0.0
2024-09-26 12:45:00-04:00,7.125,7.139999866485596,7.114999771118164,7.135000228881836,109194,0.0,0.0
2024-09-26 12:50:00-04:00,7.135000228881836,7.150000095367432,7.119999885559082,7.135000228881836,86358,0.0,0.0
2024-09-26 12:55:00-04:00,7.135000228881836,7.139999866485596,7.130000114440918,7.130000114440918,65051,0.0,0.0
2024-09-26 13:00:00-04:00,7.135000228881836,7.135000228881836,7.119999885559082,7.125,17997,0.0,0.0
2024-09-26 13:05:00-04:00,7.125,7.144999980926514,7.119999885559082,7.144999980926514,54278,0.0,0.0
2024-09-26 13:10:00-04:00,7.144999980926514,7.164999961853027,7.139999866485596,7.164999961853027,61676,0.0,0.0
2024-09-26 13:15:00-04:00,7.164999961853027,7.170000076293945,7.139999866485596,7.15500020980835,44866,0.0,0.0
2024-09-26 13:20:00-04:00,7.159999847412109,7.170000076293945,7.152500152587891,7.170000076293945,44780,0.0,0.0
2024-09-26 13:25:00-04:00,7.170000076293945,7.184999942779541,7.159999847412109,7.184999942779541,54490,0.0,0.0
2024-09-26 13:30:00-04:00,7.184999942779541,7.204999923706055,7.179999828338623,7.184999942779541,102871,0.0,0.0
2024-09-26 13:35:00-04:00,7.184999942779541,7.190000057220459,7.139999866485596,7.164999961853027,165949,0.0,0.0
2024-09-26 13:40:00-04:00,7.164999961853027,7.164999961853027,7.125,7.125,37633,0.0,0.0
2024-09-26 13:45:00-04:00,7.125,7.136000156402588,7.110000133514404,7.130000114440918,44056,0.0,0.0
2024-09-26 13:50:00-04:00,7.125,7.156000137329102,7.125,7.144999980926514,107563,0.0,0.0
2024-09-26 13:55:00-04:00,7.144999980926514,7.159999847412109,7.140100002288818,7.15500020980835,29552,0.0,0.0
2024-09-26 14:00:00-04:00,7.159999847412109,7.164999961853027,7.144999980926514,7.15500020980835,41969,0.0,0.0
2024-09-26 14:05:00-04:00,7.15500020980835,7.159999847412109,7.130000114440918,7.135000228881836,38531,0.0,0.0
2024-09-26 14:10:00-04:00,7.130000114440918,7.159999847412109,7.130000114440918,7.15500020980835,58749,0.0,0.0
2024-09-26 14:15:00-04:00,7.15500020980835,7.179999828338623,7.150000095367432,7.15500020980835,80271,0.0,0.0
2024-09-26 14:20:00-04:00,7.150000095367432,7.170000076293945,7.139999866485596,7.164999961853027,54911,0.0,0.0
2024-09-26 14:25:00-04:00,7.159999847412109,7.159999847412109,7.135000228881836,7.135000228881836,42094,0.0,0.0
2024-09-26 14:30:00-04:00,7.135000228881836,7.190000057220459,7.135000228881836,7.179999828338623,115202,0.0,0.0
2024-09-26 14:35:00-04:00,7.176000118255615,7.179999828338623,7.161499977111816,7.164999961853027,61779,0.0,0.0
2024-09-26 14:40:00-04:00,7.164999961853027,7.170000076293945,7.150000095367432,7.15500020980835,22213,0.0,0.0
2024-09-26 14:45:00-04:00,7.15500020980835,7.159999847412109,7.150000095367432,7.150000095367432,19248,0.0,0.0
2024-09-26 14:50:00-04:00,7.15500020980835,7.164999961853027,7.144999980926514,7.150000095367432,93904,0.0,0.0
2024-09-26 14:55:00-04:00,7.15500020980835,7.170000076293945,7.150000095367432,7.164999961853027,55060,0.0,0.0
2024-09-26 15:00:00-04:00,7.164999961853027,7.179999828338623,7.164999961853027,7.173600196838379,38916,0.0,0.0
2024-09-26 15:05:00-04:00,7.179999828338623,7.179999828338623,7.150000095367432,7.164999961853027,73582,0.0,0.0
2024-09-26 15:10:00-04:00,7.159999847412109,7.170000076293945,7.15500020980835,7.159999847412109,59557,0.0,0.0
2024-09-26 15:15:00-04:00,7.164999961853027,7.170000076293945,7.159999847412109,7.170000076293945,33222,0.0,0.0
2024-09-26 15:20:00-04:00,7.164999961853027,7.179999828338623,7.159999847412109,7.164999961853027,73838,0.0,0.0
2024-09-26 15:25:00-04:00,7.170000076293945,7.170000076293945,7.150000095367432,7.150000095367432,48833,0.0,0.0
2024-09-26 15:30:00-04:00,7.15500020980835,7.15500020980835,7.110000133514404,7.116700172424316,107925,0.0,0.0
2024-09-26 15:35:00-04:00,7.110000133514404,7.114999771118164,7.090000152587891,7.09499979019165,54408,0.0,0.0
2024-09-26 15:40:00-04:00,7.09499979019165,7.135000228881836,7.09499979019165,7.130000114440918,123098,0.0,0.0
2024-09-26 15:45:00-04:00,7.135000228881836,7.15500020980835,7.135000228881836,7.144999980926514,95595,0.0,0.0
2024-09-26 15:50:00-04:00,7.150000095367432,7.170000076293945,7.139999866485596,7.164999961853027,164011,0.0,0.0
2024-09-26 15:55:00-04:00,7.159999847412109,7.170000076293945,7.150000095367432,7.150000095367432,512325,0.0,0.0
2024-09-27 09:30:00-04:00,7.210000038146973,7.210000038146973,7.139999866485596,7.170000076293945,116270,0.0,0.0
2024-09-27 09:35:00-04:00,7.175000190734863,7.199999809265137,7.159999847412109,7.179999828338623,18767,0.0,0.0
2024-09-27 09:40:00-04:00,7.179999828338623,7.179999828338623,7.139999866485596,7.150000095367432,16635,0.0,0.0
2024-09-27 09:45:00-04:00,7.150000095367432,7.199999809265137,7.150000095367432,7.175000190734863,50604,0.0,0.0
2024-09-27 09:50:00-04:00,7.175000190734863,7.25,7.164999961853027,7.244999885559082,74881,0.0,0.0
2024-09-27 09:55:00-04:00,7.244999885559082,7.260000228881836,7.239999771118164,7.25,38513,0.0,0.0
2024-09-27 10:00:00-04:00,7.260000228881836,7.269999980926514,7.230000019073486,7.264999866485596,49891,0.0,0.0
2024-09-27 10:05:00-04:00,7.264999866485596,7.28000020980835,7.239999771118164,7.269999980926514,46988,0.0,0.0
2024-09-27 10:10:00-04:00,7.260000228881836,7.28000020980835,7.255000114440918,7.260000228881836,33354,0.0,0.0
2024-09-27 10:15:00-04:00,7.28000020980835,7.28000020980835,7.255000114440918,7.269999980926514,30853,0.0,0.0
2024-09-27 10:20:00-04:00,7.2600998878479,7.269999980926514,7.239999771118164,7.255000114440918,26661,0.0,0.0
2024-09-27 10:25:00-04:00,7.260000228881836,7.269999980926514,7.255000114440918,7.264999866485596,19676,0.0,0.0
2024-09-27 10:30:00-04:00,7.264999866485596,7.264999866485596,7.25,7.255000114440918,27774,0.0,0.0
2024-09-27 10:35:00-04:00,7.2540998458862305,7.289700031280518,7.25,7.255000114440918,77330,0.0,0.0
2024-09-27 10:40:00-04:00,7.259200096130371,7.269999980926514,7.25,7.260300159454346,26179,0.0,0.0
2024-09-27 10:45:00-04:00,7.260000228881836,7.269999980926514,7.25,7.25,9478,0.0,0.0
2024-09-27 10:50:00-04:00,7.25,7.260000228881836,7.25,7.260000228881836,18283,0.0,0.0
2024-09-27 10:55:00-04:00,7.255000114440918,7.269999980926514,7.255000114440918,7.260000228881836,31217,0.0,0.0
2024-09-27 11:00:00-04:00,7.260000228881836,7.260000228881836,7.25,7.255000114440918,23587,0.0,0.0
2024-09-27 11:05:00-04:00,7.260000228881836,7.284999847412109,7.255000114440918,7.284999847412109,40173,0.0,0.0
2024-09-27 11:10:00-04:00,7.289999961853027,7.300000190734863,7.28000020980835,7.295000076293945,42432,0.0,0.0
2024-09-27 11:15:00-04:00,7.295000076293945,7.304999828338623,7.28000020980835,7.284999847412109,48866,0.0,0.0
2024-09-27 11:20:00-04:00,7.28000020980835,7.284999847412109,7.260000228881836,7.264999866485596,34543,0.0,0.0
2024-09-27 11:25:00-04:00,7.264999866485596,7.269999980926514,7.25,7.264999866485596,58573,0.0,0.0
2024-09-27 11:30:00-04:00,7.264999866485596,7.309999942779541,7.264999866485596,7.289999961853027,100157,0.0,0.0
2024-09-27 11:35:00-04:00,7.289000034332275,7.289999961853027,7.269999980926514,7.284999847412109,42143,0.0,0.0
2024-09-27 11:40:00-04:00,7.284999847412109,7.300000190734863,7.284999847412109,7.295000076293945,25002,0.0,0.0
2024-09-27 11:45:00-04:00,7.299900054931641,7.300000190734863,7.289999961853027,7.299900054931641,26689,0.0,0.0
2024-09-27 11:50:00-04:00,7.295000076293945,7.309999942779541,7.295000076293945,7.300000190734863,45244,0.0,0.0
2024-09-27 11:55:00-04:00,7.300000190734863,7.300000190734863,7.289999961853027,7.295000076293945,25626,0.0,0.0
2024-09-27 12:00:00-04:00,7.295000076293945,7.296000003814697,7.264999866485596,7.264999866485596,69690,0.0,0.0
2024-09-27 12:05:00-04:00,7.269999980926514,7.269999980926514,7.240099906921387,7.255000114440918,77803,0.0,0.0
2024-09-27 12:10:00-04:00,7.255000114440918,7.269999980926514,7.25,7.25,37255,0.0,0.0
2024-09-27 12:15:00-04:00,7.25,7.259200096130371,7.239999771118164,7.253297805786133,54009,0.0,0.0
2024-09-27 12:20:00-04:00,7.255000114440918,7.285999774932861,7.250100135803223,7.255000114440918,101529,0.0,0.0
2024-09-27 12:25:00-04:00,7.255000114440918,7.255000114440918,7.239999771118164,7.244999885559082,22906,0.0,0.0
2024-09-27 12:30:00-04:00,7.244999885559082,7.25,7.239999771118164,7.244999885559082,50003,0.0,0.0
2024-09-27 12:35:00-04:00,7.244999885559082,7.259900093078613,7.239999771118164,7.24399995803833,59784,0.0,0.0
2024-09-27 12:40:00-04:00,7.244999885559082,7.25,7.235000133514404,7.249100208282471,47062,0.0,0.0
2024-09-27 12:45:00-04:00,7.239999771118164,7.244999885559082,7.230000019073486,7.235000133514404,53589,0.0,0.0
2024-09-27 12:50:00-04:00,7.2393999099731445,7.259200096130371,7.230000019073486,7.25,97892,0.0,0.0
2024-09-27 12:55:00-04:00,7.25,7.260000228881836,7.25,7.255000114440918,51814,0.0,0.0
2024-09-27 13:00:00-04:00,7.255000114440918,7.269199848175049,7.239999771118164,7.244999885559082,50517,0.0,0.0
2024-09-27 13:05:00-04:00,7.244999885559082,7.25,7.224999904632568,7.235000133514404,91025,0.0,0.0
2024-09-27 13:10:00-04:00,7.230000019073486,7.260000228881836,7.230000019073486,7.240099906921387,75255,0.0,0.0
2024-09-27 13:15:00-04:00,7.239999771118164,7.260000228881836,7.239999771118164,7.249899864196777,61336,0.0,0.0
2024-09-27 13:20:00-04:00,7.244999885559082,7.269899845123291,7.244999885559082,7.264999866485596,48471,0.0,0.0
2024-09-27 13:25:00-04:00,7.264999866485596,7.269999980926514,7.260000228881836,7.264999866485596,9098,0.0,0.0
2024-09-27 13:30:00-04:00,7.264999866485596,7.264999866485596,7.239999771118164,7.255000114440918,54112,0.0,0.0
2024-09-27 13:35:00-04:00,7.260000228881836,7.265999794006348,7.254000186920166,7.255000114440918,37080,0.0,0.0
2024-09-27 13:40:00-04:00,7.255000114440918,7.260000228881836,7.251500129699707,7.255000114440918,20029,0.0,0.0
2024-09-27 13:45:00-04:00,7.255000114440918,7.260000228881836,7.25,7.255000114440918,20911,0.0,0.0
2024-09-27 13:50:00-04:00,7.255000114440918,7.260000228881836,7.25,7.25,15825,0.0,0.0
2024-09-27 13:55:00-04:00,7.25,7.25,7.199999809265137,7.210000038146973,76488,0.0,0.0
2024-09-27 14:00:00-04:00,7.210000038146973,7.215000152587891,7.190000057220459,7.195000171661377,49551,0.0,0.0
2024-09-27 14:05:00-04:00,7.195000171661377,7.204999923706055,7.179999828338623,7.195000171661377,50296,0.0,0.0
2024-09-27 14:10:00-04:00,7.195000171661377,7.199999809265137,7.179999828338623,7.195000171661377,35537,0.0,0.0
2024-09-27 14:15:00-04:00,7.195000171661377,7.199999809265137,7.195000171661377,7.195000171661377,26439,0.0,0.0
2024-09-27 14:20:00-04:00,7.195000171661377,7.210000038146973,7.170000076293945,7.184999942779541,99788,0.0,0.0
2024-09-27 14:25:00-04:00,7.190000057220459,7.190000057220459,7.164999961853027,7.164999961853027,57430,0.0,0.0
2024-09-27 14:30:00-04:00,7.164999961853027,7.170000076293945,7.150000095367432,7.164999961853027,40178,0.0,0.0
2024-09-27 14:35:00-04:00,7.164999961853027,7.170000076293945,7.144999980926514,7.159999847412109,46472,0.0,0.0
2024-09-27 14:40:00-04:00,7.159999847412109,7.179999828338623,7.15500020980835,7.175000190734863,63851,0.0,0.0
2024-09-27 14:45:00-04:00,7.175000190734863,7.199999809265137,7.175000190734863,7.199999809265137,52779,0.0,0.0
2024-09-27 14:50:00-04:00,7.195000171661377,7.230000019073486,7.195000171661377,7.224999904632568,76339,0.0,0.0
2024-09-27 14:55:00-04:00,7.22599983215332,7.22599983215332,7.190000057220459,7.204999923706055,351195,0.0,0.0
2024-09-27 15:00:00-04:00,7.204999923706055,7.239999771118164,7.204999923706055,7.235000133514404,48697,0.0,0.0
2024-09-27 15:05:00-04:00,7.236000061035156,7.239999771118164,7.190000057220459,7.204999923706055,308550,0.0,0.0
2024-09-27 15:10:00-04:00,7.204999923706055,7.210000038146973,7.204999923706055,7.210000038146973,64725,0.0,0.0
2024-09-27 15:15:00-04:00,7.210000038146973,7.21999979019165,7.204999923706055,7.215000152587891,58976,0.0,0.0
2024-09-27 15:20:00-04:00,7.215000152587891,7.21999979019165,7.204999923706055,7.21999979019165,52725,0.0,0.0
2024-09-27 15:25:00-04:00,7.21999979019165,7.21999979019165,7.204999923706055,7.215000152587891,71163,0.0,0.0
2024-09-27 15:30:00-04:00,7.215000152587891,7.244999885559082,7.210000038146973,7.215000152587891,136964,0.0,0.0
2024-09-27 15:35:00-04:00,7.215000152587891,7.21999979019165,7.193999767303467,7.199900150299072,44657,0.0,0.0
2024-09-27 15:40:00-04:00,7.190000057220459,7.199999809265137,7.179999828338623,7.195000171661377,79498,0.0,0.0
2024-09-27 15:45:00-04:00,7.199999809265137,7.230000019073486,7.199999809265137,7.224999904632568,229395,0.0,0.0
2024-09-27 15:50:00-04:00,7.21999979019165,7.260000228881836,7.21999979019165,7.260000228881836,378917,0.0,0.0
2024-09-27 15:55:00-04:00,7.260000228881836,7.300000190734863,7.25,7.289999961853027,713671,0.0,0.0
2024-09-30 09:30:00-04:00,7.290900230407715,7.290900230407715,7.239999771118164,7.260000228881836,148023,0.0,0.0
2024-09-30 09:35:00-04:00,7.260000228881836,7.329999923706055,7.255000114440918,7.324999809265137,49615,0.0,0.0
2024-09-30 09:40:00-04:00,7.329999923706055,7.340000152587891,7.313399791717529,7.315000057220459,27499,0.0,0.0
2024-09-30 09:45:00-04:00,7.309999942779541,7.349999904632568,7.309999942779541,7.340000152587891,52885,0.0,0.0
2024-09-30 09:50:00-04:00,7.340000152587891,7.375,7.340000152587891,7.369999885559082,38794,0.0,0.0
2024-09-30 09:55:00-04:00,7.364999771118164,7.369999885559082,7.349999904632568,7.349999904632568,19638,0.0,0.0
2024-09-30 10:00:00-04:00,7.349999904632568,7.360000133514404,7.34060001373291,7.355000019073486,39863,0.0,0.0
2024-09-30 10:05:00-04:00,7.355000019073486,7.3850998878479,7.349999904632568,7.369999885559082,30352,0.0,0.0
2024-09-30 10:10:00-04:00,7.369999885559082,7.370100021362305,7.340000152587891,7.364999771118164,27329,0.0,0.0
2024-09-30 10:15:00-04:00,7.364999771118164,7.364999771118164,7.324999809265137,7.324999809265137,25725,0.0,0.0
2024-09-30 10:20:00-04:00,7.320000171661377,7.335000038146973,7.309999942779541,7.315999984741211,14616,0.0,0.0
2024-09-30 10:25:00-04:00,7.315000057220459,7.320000171661377,7.295000076293945,7.304999828338623,21339,0.0,0.0
2024-09-30 10:30:00-04:00,7.309999942779541,7.324999809265137,7.295000076293945,7.315000057220459,22499,0.0,0.0
2024-09-30 10:35:00-04:00,7.315000057220459,7.329999923706055,7.310100078582764,7.324999809265137,21525,0.0,0.0
2024-09-30 10:40:00-04:00,7.329999923706055,7.340000152587891,7.320000171661377,7.329999923706055,22898,0.0,0.0
2024-09-30 10:45:00-04:00,7.329999923706055,7.340000152587891,7.320000171661377,7.329999923706055,36032,0.0,0.0
2024-09-30 10:50:00-04:00,7.335000038146973,7.335000038146973,7.295000076293945,7.300000190734863,39157,0.0,0.0
2024-09-30 10:55:00-04:00,7.300000190734863,7.304999828338623,7.289999961853027,7.289999961853027,12814,0.0,0.0
2024-09-30 11:00:00-04:00,7.295000076293945,7.315000057220459,7.295000076293945,7.315000057220459,51211,0.0,0.0
2024-09-30 11:05:00-04:00,7.315000057220459,7.329999923706055,7.315000057220459,7.315000057220459,25196,0.0,0.0
2024-09-30 11:10:00-04:00,7.310999870300293,7.3460001945495605,7.310999870300293,7.34499979019165,33614,0.0,0.0
2024-09-30 11:15:00-04:00,7.329500198364258,7.340000152587891,7.324999809265137,7.331200122833252,49523,0.0,0.0
2024-09-30 11:20:00-04:00,7.329999923706055,7.335000038146973,7.300099849700928,7.315000057220459,56193,0.0,0.0
2024-09-30 11:25:00-04:00,7.309999942779541,7.320000171661377,7.2941999435424805,7.295300006866455,21365,0.0,0.0
2024-09-30 11:30:00-04:00,7.295000076293945,7.300000190734863,7.28000020980835,7.284999847412109,35000,0.0,0.0
2024-09-30 11:35:00-04:00,7.28000020980835,7.289999961853027,7.269999980926514,7.269999980926514,35476,0.0,0.0
2024-09-30 11:40:00-04:00,7.269999980926514,7.28000020980835,7.260000228881836,7.267499923706055,49642,0.0,0.0
2024-09-30 11:45:00-04:00,7.264999866485596,7.28000020980835,7.260000228881836,7.28000020980835,31758,0.0,0.0
2024-09-30 11:50:00-04:00,7.28000020980835,7.289999961853027,7.269999980926514,7.28000020980835,25313,0.0,0.0
2024-09-30 11:55:00-04:00,7.284999847412109,7.295000076293945,7.28000020980835,7.284999847412109,26749,0.0,0.0
2024-09-30 12:00:00-04:00,7.28000020980835,7.289999961853027,7.28000020980835,7.284999847412109,19923,0.0,0.0
2024-09-30 12:05:00-04:00,7.284999847412109,7.289999961853027,7.28000020980835,7.28000020980835,30641,0.0,0.0
2024-09-30 12:10:00-04:00,7.28000020980835,7.299300193786621,7.28000020980835,7.289999961853027,46063,0.0,0.0
2024-09-30 12:15:00-04:00,7.289999961853027,7.300000190734863,7.284999847412109,7.295000076293945,44085,0.0,0.0
2024-09-30 12:20:00-04:00,7.299900054931641,7.329999923706055,7.294000148773193,7.324999809265137,66739,0.0,0.0
2024-09-30 12:25:00-04:00,7.320000171661377,7.360000133514404,7.315000057220459,7.350100040435791,125376,0.0,0.0
2024-09-30 12:30:00-04:00,7.355000019073486,7.360000133514404,7.329999923706055,7.329999923706055,53414,0.0,0.0
2024-09-30 12:35:00-04:00,7.329999923706055,7.335000038146973,7.320000171661377,7.320000171661377,55807,0.0,0.0
2024-09-30 12:40:00-04:00,7.321000099182129,7.329999923706055,7.309999942779541,7.3256001472473145,39642,0.0,0.0
2024-09-30 12:45:00-04:00,7.324999809265137,7.34499979019165,7.324999809265137,7.329999923706055,44142,0.0,0.0
2024-09-30 12:50:00-04:00,7.335000038146973,7.340000152587891,7.329999923706055,7.329999923706055,19592,0.0,0.0
2024-09-30 12:55:00-04:00,7.335000038146973,7.340000152587891,7.329999923706055,7.335000038146973,7943,0.0,0.0
2024-09-30 13:00:00-04:00,7.335000038146973,7.349999904632568,7.334199905395508,7.34499979019165,39766,0.0,0.0
2024-09-30 13:05:00-04:00,7.349999904632568,7.369999885559082,7.349999904632568,7.364999771118164,21138,0.0,0.0
2024-09-30 13:10:00-04:00,7.364999771118164,7.389999866485596,7.364999771118164,7.375,55697,0.0,0.0
2024-09-30 13:15:00-04:00,7.375,7.385000228881836,7.374199867248535,7.380000114440918,16645,0.0,0.0
2024-09-30 13:20:00-04:00,7.380000114440918,7.386499881744385,7.375,7.380000114440918,45882,0.0,0.0
2024-09-30 13:25:00-04:00,7.380000114440918,7.380000114440918,7.360000133514404,7.360000133514404,35792,0.0,0.0
2024-09-30 13:30:00-04:00,7.360000133514404,7.375,7.360000133514404,7.361000061035156,28027,0.0,0.0
2024-09-30 13:35:00-04:00,7.361599922180176,7.369999885559082,7.360000133514404,7.363699913024902,37861,0.0,0.0
2024-09-30 13:40:00-04:00,7.369999885559082,7.369999885559082,7.360000133514404,7.364999771118164,29731,0.0,0.0
2024-09-30 13:45:00-04:00,7.364999771118164,7.369999885559082,7.360000133514404,7.364999771118164,22288,0.0,0.0
2024-09-30 13:50:00-04:00,7.364999771118164,7.369999885559082,7.349999904632568,7.364999771118164,35209,0.0,0.0
2024-09-30 13:55:00-04:00,7.369999885559082,7.369999885559082,7.349999904632568,7.355000019073486,33296,0.0,0.0
2024-09-30 14:00:00-04:00,7.355000019073486,7.360000133514404,7.355000019073486,7.360000133514404,18241,0.0,0.0
2024-09-30 14:05:00-04:00,7.355000019073486,7.380000114440918,7.349999904632568,7.375,47540,0.0,0.0
2024-09-30 14:10:00-04:00,7.369999885559082,7.375,7.343999862670898,7.343999862670898,70089,0.0,0.0
2024-09-30 14:15:00-04:00,7.340000152587891,7.34499979019165,7.329999923706055,7.335000038146973,81363,0.0,0.0
2024-09-30 14:20:00-04:00,7.329999923706055,7.329999923706055,7.295000076293945,7.304999828338623,75618,0.0,0.0
2024-09-30 14:25:00-04:00,7.309999942779541,7.324999809265137,7.289999961853027,7.319900035858154,66387,0.0,0.0
2024-09-30 14:30:00-04:00,7.320000171661377,7.340000152587891,7.309999942779541,7.340000152587891,54895,0.0,0.0
2024-09-30 14:35:00-04:00,7.335000038146973,7.360000133514404,7.330100059509277,7.355000019073486,44604,0.0,0.0
2024-09-30 14:40:00-04:00,7.355000019073486,7.380000114440918,7.355000019073486,7.375,46365,0.0,0.0
2024-09-30 14:45:00-04:00,7.379899978637695,7.389999866485596,7.3796000480651855,7.385000228881836,39231,0.0,0.0
2024-09-30 14:50:00-04:00,7.385000228881836,7.400000095367432,7.383999824523926,7.400000095367432,59166,0.0,0.0
2024-09-30 14:55:00-04:00,7.389999866485596,7.400000095367432,7.355000019073486,7.360099792480469,60905,0.0,0.0
2024-09-30 15:00:00-04:00,7.360000133514404,7.369900226593018,7.34499979019165,7.364999771118164,50129,0.0,0.0
2024-09-30 15:05:00-04:00,7.369999885559082,7.369999885559082,7.350100040435791,7.364999771118164,37445,0.0,0.0
2024-09-30 15:10:00-04:00,7.369999885559082,7.369999885559082,7.335000038146973,7.355000019073486,58305,0.0,0.0
2024-09-30 15:15:00-04:00,7.355000019073486,7.366000175476074,7.349999904632568,7.360000133514404,30200,0.0,0.0
2024-09-30 15:20:00-04:00,7.364999771118164,7.364999771118164,7.349999904632568,7.355000019073486,32886,0.0,0.0
2024-09-30 15:25:00-04:00,7.355000019073486,7.369999885559082,7.34499979019165,7.360000133514404,57827,0.0,0.0
2024-09-30 15:30:00-04:00,7.364999771118164,7.369999885559082,7.355000019073486,7.355000019073486,67852,0.0,0.0
2024-09-30 15:35:00-04:00,7.355000019073486,7.380000114440918,7.349999904632568,7.375,58655,0.0,0.0
2024-09-30 15:40:00-04:00,7.375,7.389999866485596,7.369999885559082,7.385000228881836,87710,0.0,0.0
2024-09-30 15:45:00-04:00,7.385000228881836,7.394999980926514,7.380000114440918,7.385000228881836,88622,0.0,0.0
2024-09-30 15:50:00-04:00,7.389999866485596,7.39900016784668,7.369999885559082,7.369999885559082,210904,0.0,0.0
2024-09-30 15:55:00-04:00,7.375,7.385000228881836,7.349999904632568,7.349999904632568,464035,0.0,0.0
2024-10-01 09:30:00-04:00,7.289999961853027,7.315000057220459,7.260000228881836,7.269999980926514,86723,0.0,0.0
2024-10-01 09:35:00-04:00,7.264999866485596,7.300000190734863,7.244999885559082,7.275000095367432,35738,0.0,0.0
2024-10-01 09:40:00-04:00,7.275000095367432,7.284999847412109,7.239999771118164,7.26800012588501,43192,0.0,0.0
2024-10-01 09:45:00-04:00,7.264999866485596,7.309999942779541,7.239999771118164,7.300000190734863,51467,0.0,0.0
2024-10-01 09:50:00-04:00,7.300000190734863,7.336100101470947,7.300000190734863,7.324999809265137,25646,0.0,0.0
2024-10-01 09:55:00-04:00,7.320000171661377,7.349999904632568,7.315000057220459,7.340000152587891,28666,0.0,0.0
2024-10-01 10:00:00-04:00,7.340000152587891,7.40500020980835,7.329999923706055,7.364999771118164,142396,0.0,0.0
2024-10-01 10:05:00-04:00,7.364999771118164,7.364999771118164,7.320000171661377,7.320000171661377,33702,0.0,0.0
2024-10-01 10:10:00-04:00,7.320000171661377,7.324999809265137,7.28000020980835,7.28000020980835,63886,0.0,0.0
2024-10-01 10:15:00-04:00,7.289899826049805,7.289999961853027,7.260000228881836,7.260000228881836,43765,0.0,0.0
2024-10-01 10:20:00-04:00,7.269899845123291,7.300000190734863,7.264999866485596,7.284999847412109,69018,0.0,0.0
2024-10-01 10:25:00-04:00,7.285999774932861,7.285999774932861,7.230000019073486,7.235000133514404,36886,0.0,0.0
2024-10-01 10:30:00-04:00,7.239999771118164,7.265999794006348,7.210000038146973,7.255000114440918,57025,0.0,0.0
2024-10-01 10:35:00-04:00,7.25,7.269899845123291,7.230000019073486,7.255000114440918,108738,0.0,0.0
2024-10-01 10:40:00-04:00,7.255000114440918,7.255000114440918,7.235000133514404,7.235000133514404,37819,0.0,0.0
2024-10-01 10:45:00-04:00,7.230000019073486,7.255000114440918,7.230000019073486,7.244999885559082,38336,0.0,0.0
2024-10-01 10:50:00-04:00,7.25,7.260000228881836,7.230000019073486,7.230000019073486,49431,0.0,0.0
2024-10-01 10:55:00-04:00,7.239999771118164,7.244999885559082,7.230000019073486,7.235000133514404,34945,0.0,0.0
2024-10-01 11:00:00-04:00,7.235000133514404,7.25600004196167,7.230000019073486,7.230000019073486,47545,0.0,0.0
2024-10-01 11:05:00-04:00,7.224999904632568,7.230000019073486,7.210000038146973,7.224999904632568,50166,0.0,0.0
2024-10-01 11:10:00-04:00,7.224999904632568,7.230000019073486,7.199999809265137,7.204999923706055,19209,0.0,0.0
2024-10-01 11:15:00-04:00,7.204999923706055,7.230000019073486,7.199999809265137,7.230000019073486,67628,0.0,0.0
2024-10-01 11:20:00-04:00,7.230000019073486,7.264999866485596,7.229400157928467,7.244999885559082,81867,0.0,0.0
2024-10-01 11:25:00-04:00,7.240099906921387,7.259900093078613,7.239999771118164,7.250100135803223,43271,0.0,0.0
2024-10-01 11:30:00-04:00,7.25,7.269999980926514,7.25,7.264999866485596,56582,0.0,0.0
2024-10-01 11:35:00-04:00,7.264999866485596,7.289999961853027,7.260000228881836,7.269999980926514,36643,0.0,0.0
2024-10-01 11:40:00-04:00,7.275000095367432,7.28000020980835,7.255000114440918,7.260000228881836,42131,0.0,0.0
2024-10-01 11:45:00-04:00,7.264999866485596,7.264999866485596,7.25,7.25,22825,0.0,0.0
2024-10-01 11:50:00-04:00,7.255000114440918,7.269999980926514,7.25,7.255000114440918,28846,0.0,0.0
2024-10-01 11:55:00-04:00,7.260000228881836,7.260000228881836,7.239999771118164,7.239999771118164,29779,0.0,0.0
2024-10-01 12:00:00-04:00,7.239999771118164,7.239999771118164,7.21999979019165,7.235000133514404,28012,0.0,0.0
2024-10-01 12:05:00-04:00,7.2399001121521,7.255000114440918,7.230100154876709,7.25,46580,0.0,0.0
2024-10-01 12:10:00-04:00,7.25,7.260000228881836,7.25,7.25,15224,0.0,0.0
2024-10-01 12:15:00-04:00,7.255000114440918,7.259099960327148,7.239999771118164,7.245999813079834,13616,0.0,0.0
2024-10-01 12:20:00-04:00,7.239999771118164,7.25,7.239999771118164,7.244999885559082,10001,0.0,0.0
2024-10-01 12:25:00-04:00,7.244999885559082,7.244999885559082,7.210000038146973,7.230000019073486,91950,0.0,0.0
2024-10-01 12:30:00-04:00,7.224999904632568,7.2399001121521,7.210000038146973,7.235000133514404,71545,0.0,0.0
2024-10-01 12:35:00-04:00,7.239999771118164,7.244999885559082,7.224999904632568,7.235000133514404,46081,0.0,0.0
2024-10-01 12:40:00-04:00,7.235000133514404,7.235000133514404,7.21999979019165,7.21999979019165,12191,0.0,0.0
2024-10-01 12:45:00-04:00,7.21999979019165,7.230000019073486,7.190000057220459,7.216599941253662,80428,0.0,0.0
2024-10-01 12:50:00-04:00,7.21999979019165,7.260000228881836,7.21999979019165,7.250100135803223,78417,0.0,0.0
2024-10-01 12:55:00-04:00,7.250899791717529,7.255000114440918,7.230000019073486,7.250100135803223,72355,0.0,0.0
2024-10-01 13:00:00-04:00,7.25029993057251,7.25029993057251,7.230000019073486,7.230199813842773,43097,0.0,0.0
2024-10-01 13:05:00-04:00,7.230000019073486,7.2307000160217285,7.21999979019165,7.21999979019165,26920,0.0,0.0
2024-10-01 13:10:00-04:00,7.224999904632568,7.2399001121521,7.215000152587891,7.235000133514404,73107,0.0,0.0
2024-10-01 13:15:00-04:00,7.236599922180176,7.236599922180176,7.204999923706055,7.204999923706055,38438,0.0,0.0
2024-10-01 13:20:00-04:00,7.199999809265137,7.230000019073486,7.199999809265137,7.204999923706055,57664,0.0,0.0
2024-10-01 13:25:00-04:00,7.199999809265137,7.224999904632568,7.199999809265137,7.215000152587891,50839,0.0,0.0
2024-10-01 13:30:00-04:00,7.218999862670898,7.230000019073486,7.210000038146973,7.21999979019165,38152,0.0,0.0
2024-10-01 13:35:00-04:00,7.21999979019165,7.229899883270264,7.215000152587891,7.224999904632568,35776,0.0,0.0
2024-10-01 13:40:00-04:00,7.224999904632568,7.239999771118164,7.21999979019165,7.235000133514404,34965,0.0,0.0
2024-10-01 13:45:00-04:00,7.239999771118164,7.25,7.230000019073486,7.240799903869629,60027,0.0,0.0
2024-10-01 13:50:00-04:00,7.239999771118164,7.25,7.230000019073486,7.244999885559082,72915,0.0,0.0
2024-10-01 13:55:00-04:00,7.244999885559082,7.260000228881836,7.240300178527832,7.255000114440918,52894,0.0,0.0
2024-10-01 14:00:00-04:00,7.255000114440918,7.268700122833252,7.255000114440918,7.256700038909912,53976,0.0,0.0
2024-10-01 14:05:00-04:00,7.255000114440918,7.289999961853027,7.255000114440918,7.289999961853027,61499,0.0,0.0
2024-10-01 14:10:00-04:00,7.284999847412109,7.300000190734863,7.284999847412109,7.295000076293945,13317,0.0,0.0
2024-10-01 14:15:00-04:00,7.295000076293945,7.304999828338623,7.289999961853027,7.289999961853027,30803,0.0,0.0
2024-10-01 14:20:00-04:00,7.289999961853027,7.300000190734863,7.289999961853027,7.289999961853027,17767,0.0,0.0
2024-10-01 14:25:00-04:00,7.295000076293945,7.300000190734863,7.289999961853027,7.289999961853027,33621,0.0,0.0
2024-10-01 14:30:00-04:00,7.295000076293945,7.319900035858154,7.289999961853027,7.300000190734863,72485,0.0,0.0
2024-10-01 14:35:00-04:00,7.300000190734863,7.304999828338623,7.289999961853027,7.295000076293945,35049,0.0,0.0
2024-10-01 14:40:00-04:00,7.289999961853027,7.295000076293945,7.284999847412109,7.289999961853027,47657,0.0,0.0
2024-10-01 14:45:00-04:00,7.284999847412109,7.289999961853027,7.28000020980835,7.28000020980835,24795,0.0,0.0
2024-10-01 14:50:00-04:00,7.28000020980835,7.295000076293945,7.27400016784668,7.289999961853027,93329,0.0,0.0
2024-10-01 14:55:00-04:00,7.295000076293945,7.296000003814697,7.284999847412109,7.289999961853027,17439,0.0,0.0
2024-10-01 15:00:00-04:00,7.284999847412109,7.309999942779541,7.28000020980835,7.300000190734863,102522,0.0,0.0
2024-10-01 15:05:00-04:00,7.300000190734863,7.309999942779541,7.295000076293945,7.304999828338623,23540,0.0,0.0
2024-10-01 15:10:00-04:00,7.309999942779541,7.309999942779541,7.300000190734863,7.300000190734863,24615,0.0,0.0
2024-10-01 15:15:00-04:00,7.304999828338623,7.309999942779541,7.269999980926514,7.269999980926514,47395,0.0,0.0
2024-10-01 15:20:00-04:00,7.269999980926514,7.295000076293945,7.269999980926514,7.284999847412109,59411,0.0,0.0
2024-10-01 15:25:00-04:00,7.284999847412109,7.289999961853027,7.27400016784668,7.28000020980835,41978,0.0,0.0
2024-10-01 15:30:00-04:00,7.275000095367432,7.28000020980835,7.244999885559082,7.244999885559082,84327,0.0,0.0
2024-10-01 15:35:00-04:00,7.244999885559082,7.255000114440918,7.239999771118164,7.244999885559082,77405,0.0,0.0
2024-10-01 15:40:00-04:00,7.244999885559082,7.25,7.210000038146973,7.215000152587891,109852,0.0,0.0
2024-10-01 15:45:00-04:00,7.210000038146973,7.224999904632568,7.210000038146973,7.21999979019165,127633,0.0,0.0
2024-10-01 15:50:00-04:00,7.21999979019165,7.227499961853027,7.195000171661377,7.204999923706055,159056,0.0,0.0
2024-10-01 15:55:00-04:00,7.204999923706055,7.239999771118164,7.199999809265137,7.239999771118164,399401,0.0,0.0
2024-10-02 09:30:00-04:00,7.159999847412109,7.195000171661377,7.139999866485596,7.150000095367432,45053,0.0,0.0
2024-10-02 09:35:00-04:00,7.159999847412109,7.179999828338623,7.144999980926514,7.179999828338623,16713,0.0,0.0
2024-10-02 09:40:00-04:00,7.195000171661377,7.195000171661377,7.150000095367432,7.150000095367432,18544,0.0,0.0
2024-10-02 09:45:00-04:00,7.15500020980835,7.215000152587891,7.15500020980835,7.19350004196167,17974,0.0,0.0
2024-10-02 09:50:00-04:00,7.195000171661377,7.235000133514404,7.195000171661377,7.215000152587891,22343,0.0,0.0
2024-10-02 09:55:00-04:00,7.219799995422363,7.235000133514404,7.199999809265137,7.199999809265137,25030,0.0,0.0
2024-10-02 10:00:00-04:00,7.199999809265137,7.260000228881836,7.199999809265137,7.230000019073486,23341,0.0,0.0
2024-10-02 10:05:00-04:00,7.230000019073486,7.230000019073486,7.190000057220459,7.199999809265137,31386,0.0,0.0
2024-10-02 10:10:00-04:00,7.20989990234375,7.230100154876709,7.199999809265137,7.215000152587891,21890,0.0,0.0
2024-10-02 10:15:00-04:00,7.215000152587891,7.21999979019165,7.199999809265137,7.199999809265137,40956,0.0,0.0
2024-10-02 10:20:00-04:00,7.204999923706055,7.215000152587891,7.170000076293945,7.170000076293945,10493,0.0,0.0
2024-10-02 10:25:00-04:00,7.175000190734863,7.190000057220459,7.175000190734863,7.179999828338623,10345,0.0,0.0
2024-10-02 10:30:00-04:00,7.175000190734863,7.199999809265137,7.170000076293945,7.184999942779541,12671,0.0,0.0
2024-10-02 10:35:00-04:00,7.184999942779541,7.25,7.184999942779541,7.244999885559082,50526,0.0,0.0
2024-10-02 10:40:00-04:00,7.244999885559082,7.260000228881836,7.242499828338623,7.255000114440918,12655,0.0,0.0
2024-10-02 10:45:00-04:00,7.255000114440918,7.269999980926514,7.25,7.264999866485596,37460,0.0,0.0
2024-10-02 10:50:00-04:00,7.264999866485596,7.264999866485596,7.230000019073486,7.235000133514404,37923,0.0,0.0
2024-10-02 10:55:00-04:00,7.235000133514404,7.239999771118164,7.210000038146973,7.210000038146973,16923,0.0,0.0
2024-10-02 11:00:00-04:00,7.21999979019165,7.25,7.215000152587891,7.244999885559082,38046,0.0,0.0
2024-10-02 11:05:00-04:00,7.249899864196777,7.25,7.224999904632568,7.235000133514404,36227,0.0,0.0
2024-10-02 11:10:00-04:00,7.235000133514404,7.2399001121521,7.230000019073486,7.235000133514404,18351,0.0,0.0
2024-10-02 11:15:00-04:00,7.235000133514404,7.255000114440918,7.230000019073486,7.244999885559082,32895,0.0,0.0
2024-10-02 11:20:00-04:00,7.244999885559082,7.25,7.214000225067139,7.21999979019165,46445,0.0,0.0
2024-10-02 11:25:00-04:00,7.224999904632568,7.239999771118164,7.21999979019165,7.2399001121521,23864,0.0,0.0
2024-10-02 11:30:00-04:00,7.239999771118164,7.239999771118164,7.221099853515625,7.230000019073486,17436,0.0,0.0
2024-10-02 11:35:00-04:00,7.224999904632568,7.239999771118164,7.21999979019165,7.224999904632568,35645,0.0,0.0
2024-10-02 11:40:00-04:00,7.229899883270264,7.229899883270264,7.210000038146973,7.215000152587891,16176,0.0,0.0
2024-10-02 11:45:00-04:00,7.215000152587891,7.219900131225586,7.190000057220459,7.195000171661377,29603,0.0,0.0
2024-10-02 11:50:00-04:00,7.195000171661377,7.195000171661377,7.150000095367432,7.150000095367432,51824,0.0,0.0
2024-10-02 11:55:00-04:00,7.15500020980835,7.159999847412109,7.150000095367432,7.150000095367432,17798,0.0,0.0
2024-10-02 12:00:00-04:00,7.15500020980835,7.15500020980835,7.139999866485596,7.144999980926514,17948,0.0,0.0
2024-10-02 12:05:00-04:00,7.144999980926514,7.170000076293945,7.144999980926514,7.15500020980835,40827,0.0,0.0
2024-10-02 12:10:00-04:00,7.150000095367432,7.15500020980835,7.130000114440918,7.130000114440918,34396,0.0,0.0
2024-10-02 12:15:00-04:00,7.135000228881836,7.135000228881836,7.099999904632568,7.119100093841553,48005,0.0,0.0
2024-10-02 12:20:00-04:00,7.114999771118164,7.119999885559082,7.105000019073486,7.119900226593018,29868,0.0,0.0
2024-10-02 12:25:00-04:00,7.119100093841553,7.130000114440918,7.099999904632568,7.099999904632568,32915,0.0,0.0
2024-10-02 12:30:00-04:00,7.105000019073486,7.130000114440918,7.090000152587891,7.12939977645874,54355,0.0,0.0
2024-10-02 12:35:00-04:00,7.129899978637695,7.135000228881836,7.114999771118164,7.135000228881836,42511,0.0,0.0
2024-10-02 12:40:00-04:00,7.130000114440918,7.1356000900268555,7.119999885559082,7.119999885559082,41008,0.0,0.0
2024-10-02 12:45:00-04:00,7.125,7.125,7.105000019073486,7.119900226593018,39140,0.0,0.0
2024-10-02 12:50:00-04:00,7.113999843597412,7.139999866485596,7.110000133514404,7.135000228881836,36085,0.0,0.0
2024-10-02 12:55:00-04:00,7.130799770355225,7.136000156402588,7.110000133514404,7.114999771118164,57730,0.0,0.0
2024-10-02 13:00:00-04:00,7.119999885559082,7.125,7.110000133514404,7.110499858856201,31199,0.0,0.0
2024-10-02 13:05:00-04:00,7.110000133514404,7.130000114440918,7.105000019073486,7.125,26602,0.0,0.0
2024-10-02 13:10:00-04:00,7.125,7.139999866485596,7.125,7.139999866485596,25315,0.0,0.0
2024-10-02 13:15:00-04:00,7.135000228881836,7.139999866485596,7.132500171661377,7.139999866485596,7015,0.0,0.0
2024-10-02 13:20:00-04:00,7.139999866485596,7.139999866485596,7.125,7.130000114440918,11678,0.0,0.0
2024-10-02 13:25:00-04:00,7.130000114440918,7.135000228881836,7.125,7.135000228881836,7668,0.0,0.0
2024-10-02 13:30:00-04:00,7.135000228881836,7.139999866485596,7.119999885559082,7.125,9131,0.0,0.0
2024-10-02 13:35:00-04:00,7.125,7.144999980926514,7.119999885559082,7.144999980926514,24875,0.0,0.0
2024-10-02 13:40:00-04:00,7.144999980926514,7.150000095367432,7.135000228881836,7.144999980926514,13613,0.0,0.0
2024-10-02 13:45:00-04:00,7.142000198364258,7.15500020980835,7.142000198364258,7.150000095367432,20062,0.0,0.0
2024-10-02 13:50:00-04:00,7.15500020980835,7.15500020980835,7.150000095367432,7.15500020980835,4419,0.0,0.0
2024-10-02 13:55:00-04:00,7.150000095367432,7.179999828338623,7.150000095367432,7.179999828338623,22766,0.0,0.0
2024-10-02 14:00:00-04:00,7.175000190734863,7.179999828338623,7.139999866485596,7.144999980926514,32173,0.0,0.0
2024-10-02 14:05:00-04:00,7.144999980926514,7.144999980926514,7.130000114440918,7.135000228881836,10099,0.0,0.0
2024-10-02 14:10:00-04:00,7.135000228881836,7.159999847412109,7.130099773406982,7.15500020980835,10544,0.0,0.0
2024-10-02 14:15:00-04:00,7.154900074005127,7.159999847412109,7.140699863433838,7.144999980926514,19731,0.0,0.0
2024-10-02 14:20:00-04:00,7.144999980926514,7.150000095367432,7.14300012588501,7.144999980926514,6918,0.0,0.0
2024-10-02 14:25:00-04:00,7.144999980926514,7.150000095367432,7.135000228881836,7.144999980926514,26054,0.0,0.0
2024-10-02 14:30:00-04:00,7.144999980926514,7.159999847412109,7.144999980926514,7.159999847412109,10561,0.0,0.0
2024-10-02 14:35:00-04:00,7.15500020980835,7.179999828338623,7.15500020980835,7.179999828338623,30998,0.0,0.0
2024-10-02 14:40:00-04:00,7.175000190734863,7.179999828338623,7.164999961853027,7.175000190734863,27142,0.0,0.0
2024-10-02 14:45:00-04:00,7.175000190734863,7.179999828338623,7.164999961853027,7.175000190734863,23786,0.0,0.0
2024-10-02 14:50:00-04:00,7.175000190734863,7.175000190734863,7.159999847412109,7.164999961853027,17480,0.0,0.0
2024-10-02 14:55:00-04:00,7.164999961853027,7.164999961853027,7.159999847412109,7.164999961853027,11569,0.0,0.0
2024-10-02 15:00:00-04:00,7.164999961853027,7.179999828338623,7.164999961853027,7.164999961853027,39230,0.0,0.0
2024-10-02 15:05:00-04:00,7.165800094604492,7.170000076293945,7.164999961853027,7.164999961853027,10399,0.0,0.0
2024-10-02 15:10:00-04:00,7.164999961853027,7.170000076293945,7.159999847412109,7.164999961853027,10759,0.0,0.0
2024-10-02 15:15:00-04:00,7.159999847412109,7.170000076293945,7.150000095367432,7.15500020980835,47416,0.0,0.0
2024-10-02 15:20:00-04:00,7.15500020980835,7.159999847412109,7.150000095367432,7.150000095367432,11604,0.0,0.0
2024-10-02 15:25:00-04:00,7.15500020980835,7.159999847412109,7.150000095367432,7.15500020980835,15888,0.0,0.0
2024-10-02 15:30:00-04:00,7.159999847412109,7.159999847412109,7.110000133514404,7.114999771118164,96377,0.0,0.0
2024-10-02 15:35:00-04:00,7.119999885559082,7.130000114440918,7.114999771118164,7.125,56787,0.0,0.0
2024-10-02 15:40:00-04:00,7.125,7.144999980926514,7.114999771118164,7.135000228881836,76073,0.0,0.0
2024-10-02 15:45:00-04:00,7.135000228881836,7.144999980926514,7.125,7.139999866485596,106061,0.0,0.0
2024-10-02 15:50:00-04:00,7.135000228881836,7.150000095367432,7.135000228881836,7.144999980926514,106727,0.0,0.0
2024-10-02 15:55:00-04:00,7.144999980926514,7.159999847412109,7.139999866485596,7.139999866485596,333970,0.0,0.0
2024-10-03 09:30:00-04:00,7.039999961853027,7.070000171661377,7.0100998878479,7.070000171661377,44579,0.0,0.0
2024-10-03 09:35:00-04:00,7.070000171661377,7.090000152587891,7.053899765014648,7.074999809265137,32053,0.0,0.0
2024-10-03 09:40:00-04:00,7.070099830627441,7.079999923706055,7.019999980926514,7.019999980926514,12282,0.0,0.0
2024-10-03 09:45:00-04:00,7.019999980926514,7.019999980926514,6.945000171661377,6.954999923706055,35567,0.0,0.0
2024-10-03 09:50:00-04:00,6.949999809265137,6.965000152587891,6.920000076293945,6.925000190734863,39042,0.0,0.0
2024-10-03 09:55:00-04:00,6.920000076293945,6.920000076293945,6.875,6.889999866485596,101810,0.0,0.0
2024-10-03 10:00:00-04:00,6.889999866485596,6.940000057220459,6.885000228881836,6.894999980926514,119920,0.0,0.0
2024-10-03 10:05:00-04:00,6.894999980926514,6.940000057220459,6.894999980926514,6.940000057220459,41844,0.0,0.0
2024-10-03 10:10:00-04:00,6.940000057220459,6.949999809265137,6.883999824523926,6.889999866485596,71336,0.0,0.0
2024-10-03 10:15:00-04:00,6.889999866485596,6.925000190734863,6.883999824523926,6.894999980926514,60064,0.0,0.0
2024-10-03 10:20:00-04:00,6.880000114440918,6.885000228881836,6.840700149536133,6.84499979019165,54309,0.0,0.0
2024-10-03 10:25:00-04:00,6.84499979019165,6.869999885559082,6.840000152587891,6.864999771118164,48212,0.0,0.0
2024-10-03 10:30:00-04:00,6.869999885559082,6.889999866485596,6.849999904632568,6.875999927520752,109949,0.0,0.0
2024-10-03 10:35:00-04:00,6.875999927520752,6.875999927520752,6.849999904632568,6.849999904632568,51215,0.0,0.0
2024-10-03 10:40:00-04:00,6.849999904632568,6.8993000984191895,6.84499979019165,6.8993000984191895,94258,0.0,0.0
2024-10-03 10:45:00-04:00,6.899899959564209,6.929999828338623,6.880899906158447,6.90500020980835,68434,0.0,0.0
2024-10-03 10:50:00-04:00,6.906000137329102,6.920000076293945,6.889999866485596,6.894999980926514,46839,0.0,0.0
2024-10-03 10:55:00-04:00,6.894999980926514,6.914999961853027,6.894999980926514,6.894999980926514,30380,0.0,0.0
2024-10-03 11:00:00-04:00,6.894999980926514,6.894999980926514,6.880000114440918,6.89300012588501,29418,0.0,0.0
2024-10-03 11:05:00-04:00,6.889999866485596,6.929999828338623,6.889999866485596,6.925000190734863,23216,0.0,0.0
2024-10-03 11:10:00-04:00,6.925000190734863,6.929999828338623,6.914999961853027,6.929999828338623,24154,0.0,0.0
2024-10-03 11:15:00-04:00,6.929999828338623,6.949999809265137,6.929999828338623,6.949999809265137,18491,0.0,0.0
2024-10-03 11:20:00-04:00,6.949999809265137,6.96999979019165,6.94290018081665,6.954999923706055,37850,0.0,0.0
2024-10-03 11:25:00-04:00,6.949999809265137,6.949999809265137,6.923999786376953,6.945000171661377,36559,0.0,0.0
2024-10-03 11:30:00-04:00,6.949999809265137,6.960000038146973,6.940700054168701,6.945000171661377,36047,0.0,0.0
2024-10-03 11:35:00-04:00,6.945000171661377,6.945000171661377,6.929999828338623,6.934999942779541,18770,0.0,0.0
2024-10-03 11:40:00-04:00,6.934999942779541,6.940000057220459,6.920000076293945,6.939300060272217,37883,0.0,0.0
2024-10-03 11:45:00-04:00,6.934999942779541,6.954999923706055,6.934999942779541,6.940100193023682,41056,0.0,0.0
2024-10-03 11:50:00-04:00,6.942999839782715,6.949999809265137,6.942999839782715,6.949999809265137,19246,0.0,0.0
2024-10-03 11:55:00-04:00,6.940000057220459,6.949999809265137,6.940000057220459,6.945000171661377,17519,0.0,0.0
2024-10-03 12:00:00-04:00,6.940000057220459,6.949999809265137,6.929999828338623,6.934999942779541,19751,0.0,0.0
2024-10-03 12:05:00-04:00,6.931000232696533,6.934999942779541,6.920000076293945,6.925000190734863,23363,0.0,0.0
2024-10-03 12:10:00-04:00,6.925000190734863,6.929999828338623,6.920000076293945,6.929999828338623,13652,0.0,0.0
2024-10-03 12:15:00-04:00,6.925000190734863,6.934999942779541,6.911099910736084,6.920000076293945,34256,0.0,0.0
2024-10-03 12:20:00-04:00,6.919099807739258,6.920000076293945,6.909999847412109,6.909999847412109,20011,0.0,0.0
2024-10-03 12:25:00-04:00,6.919899940490723,6.929900169372559,6.900000095367432,6.909999847412109,75997,0.0,0.0
2024-10-03 12:30:00-04:00,6.90500020980835,6.909999847412109,6.894999980926514,6.900100231170654,41166,0.0,0.0
2024-10-03 12:35:00-04:00,6.909900188446045,6.909999847412109,6.900000095367432,6.900700092315674,16562,0.0,0.0
2024-10-03 12:40:00-04:00,6.900000095367432,6.900000095367432,6.869999885559082,6.875,21645,0.0,0.0
2024-10-03 12:45:00-04:00,6.875,6.880000114440918,6.864999771118164,6.875,41060,0.0,0.0
2024-10-03 12:50:00-04:00,6.875,6.875,6.860000133514404,6.860799789428711,38604,0.0,0.0
2024-10-03 12:55:00-04:00,6.860099792480469,6.875100135803223,6.849999904632568,6.859499931335449,96438,0.0,0.0
2024-10-03 13:00:00-04:00,6.860000133514404,6.864999771118164,6.849999904632568,6.855000019073486,37146,0.0,0.0
2024-10-03 13:05:00-04:00,6.860000133514404,6.86899995803833,6.854000091552734,6.860099792480469,56009,0.0,0.0
2024-10-03 13:10:00-04:00,6.860199928283691,6.869999885559082,6.855000019073486,6.864999771118164,44307,0.0,0.0
2024-10-03 13:15:00-04:00,6.864999771118164,6.869999885559082,6.855000019073486,6.864999771118164,67470,0.0,0.0
2024-10-03 13:20:00-04:00,6.860799789428711,6.869999885559082,6.860099792480469,6.869999885559082,36125,0.0,0.0
2024-10-03 13:25:00-04:00,6.864999771118164,6.880000114440918,6.849999904632568,6.849999904632568,68112,0.0,0.0
2024-10-03 13:30:00-04:00,6.840000152587891,6.869999885559082,6.840000152587891,6.869999885559082,57356,0.0,0.0
2024-10-03 13:35:00-04:00,6.869999885559082,6.880000114440918,6.860000133514404,6.871200084686279,30923,0.0,0.0
2024-10-03 13:40:00-04:00,6.875,6.889999866485596,6.869999885559082,6.889999866485596,45018,0.0,0.0
2024-10-03 13:45:00-04:00,6.889999866485596,6.900000095367432,6.889999866485596,6.890100002288818,33698,0.0,0.0
2024-10-03 13:50:00-04:00,6.894999980926514,6.909999847412109,6.889999866485596,6.90500020980835,42217,0.0,0.0
2024-10-03 13:55:00-04:00,6.909999847412109,6.915999889373779,6.900000095367432,6.914999961853027,25759,0.0,0.0
2024-10-03 14:00:00-04:00,6.914999961853027,6.914999961853027,6.90500020980835,6.90500020980835,18571,0.0,0.0
2024-10-03 14:05:00-04:00,6.90500020980835,6.920000076293945,6.900000095367432,6.914999961853027,16505,0.0,0.0
2024-10-03 14:10:00-04:00,6.920000076293945,6.920000076293945,6.909999847412109,6.909999847412109,17502,0.0,0.0
2024-10-03 14:15:00-04:00,6.909999847412109,6.920000076293945,6.909999847412109,6.920000076293945,17728,0.0,0.0
2024-10-03 14:20:00-04:00,6.920000076293945,6.929999828338623,6.909999847412109,6.925000190734863,34121,0.0,0.0
2024-10-03 14:25:00-04:00,6.929999828338623,6.934999942779541,6.914999961853027,6.914999961853027,52490,0.0,0.0
2024-10-03 14:30:00-04:00,6.914999961853027,6.914999961853027,6.909999847412109,6.914999961853027,17828,0.0,0.0
2024-10-03 14:35:00-04:00,6.914999961853027,6.920000076293945,6.90500020980835,6.909999847412109,33366,0.0,0.0
2024-10-03 14:40:00-04:00,6.90500020980835,6.915999889373779,6.900000095367432,6.914999961853027,20034,0.0,0.0
2024-10-03 14:45:00-04:00,6.914999961853027,6.914999961853027,6.900000095367432,6.90500020980835,26572,0.0,0.0
2024-10-03 14:50:00-04:00,6.90500020980835,6.909999847412109,6.900000095367432,6.909999847412109,12856,0.0,0.0
2024-10-03 14:55:00-04:00,6.909999847412109,6.909999847412109,6.880000114440918,6.900000095367432,48389,0.0,0.0
2024-10-03 15:00:00-04:00,6.894999980926514,6.90500020980835,6.889999866485596,6.90500020980835,33548,0.0,0.0
2024-10-03 15:05:00-04:00,6.909999847412109,6.914999961853027,6.900000095367432,6.900199890136719,51457,0.0,0.0
2024-10-03 15:10:00-04:00,6.900000095367432,6.90500020980835,6.900000095367432,6.90500020980835,12476,0.0,0.0
2024-10-03 15:15:00-04:00,6.90500020980835,6.906000137329102,6.889999866485596,6.906000137329102,53004,0.0,0.0
2024-10-03 15:20:00-04:00,6.900100231170654,6.90500020980835,6.900000095367432,6.900000095367432,25176,0.0,0.0
2024-10-03 15:25:00-04:00,6.900000095367432,6.900000095367432,6.880000114440918,6.894999980926514,53742,0.0,0.0
2024-10-03 15:30:00-04:00,6.894999980926514,6.900000095367432,6.880000114440918,6.894999980926514,68345,0.0,0.0
2024-10-03 15:35:00-04:00,6.894999980926514,6.900000095367432,6.880000114440918,6.885000228881836,51135,0.0,0.0
2024-10-03 15:40:00-04:00,6.885000228881836,6.889999866485596,6.881400108337402,6.885000228881836,43537,0.0,0.0
2024-10-03 15:45:00-04:00,6.889999866485596,6.900000095367432,6.880000114440918,6.889999866485596,123496,0.0,0.0
2024-10-03 15:50:00-04:00,6.895999908447266,6.909999847412109,6.880000114440918,6.90500020980835,154115,0.0,0.0
2024-10-03 15:55:00-04:00,6.90500020980835,6.920000076293945,6.900000095367432,6.909999847412109,387644,0.0,0.0
2024-10-04 09:30:00-04:00,7.039999961853027,7.170000076293945,7.0,7.119999885559082,105668,0.0,0.0
2024-10-04 09:35:00-04:00,7.125,7.159999847412109,7.110000133514404,7.144999980926514,33359,0.0,0.0
2024-10-04 09:40:00-04:00,7.144999980926514,7.190000057220459,7.130000114440918,7.179999828338623,33282,0.0,0.0
2024-10-04 09:45:00-04:00,7.164999961853027,7.164999961853027,7.104300022125244,7.104300022125244,67863,0.0,0.0
2024-10-04 09:50:00-04:00,7.099999904632568,7.139999866485596,7.090000152587891,7.099899768829346,88597,0.0,0.0
2024-10-04 09:55:00-04:00,7.090000152587891,7.114999771118164,7.050000190734863,7.070000171661377,56905,0.0,0.0
2024-10-04 10:00:00-04:00,7.059999942779541,7.070000171661377,7.03000020980835,7.045000076293945,34187,0.0,0.0
2024-10-04 10:05:00-04:00,7.039999961853027,7.070000171661377,7.014999866485596,7.049499988555908,48453,0.0,0.0
2024-10-04 10:10:00-04:00,7.039999961853027,7.085000038146973,7.034999847412109,7.085000038146973,75943,0.0,0.0
2024-10-04 10:15:00-04:00,7.085000038146973,7.119999885559082,7.070099830627441,7.114999771118164,64100,0.0,0.0
2024-10-04 10:20:00-04:00,7.110000133514404,7.110000133514404,7.0802998542785645,7.0802998542785645,26064,0.0,0.0
2024-10-04 10:25:00-04:00,7.085000038146973,7.090000152587891,7.03000020980835,7.045000076293945,42950,0.0,0.0
2024-10-04 10:30:00-04:00,7.039999961853027,7.085000038146973,7.039999961853027,7.059999942779541,24650,0.0,0.0
2024-10-04 10:35:00-04:00,7.070000171661377,7.070000171661377,7.050000190734863,7.069900035858154,28401,0.0,0.0
2024-10-04 10:40:00-04:00,7.065000057220459,7.110000133514404,7.059999942779541,7.110000133514404,51048,0.0,0.0
2024-10-04 10:45:00-04:00,7.110000133514404,7.119999885559082,7.099999904632568,7.114999771118164,53852,0.0,0.0
2024-10-04 10:50:00-04:00,7.114999771118164,7.135000228881836,7.114999771118164,7.129700183868408,35232,0.0,0.0
2024-10-04 10:55:00-04:00,7.129899978637695,7.139999866485596,7.125,7.135000228881836,50071,0.0,0.0
2024-10-04 11:00:00-04:00,7.135000228881836,7.135000228881836,7.124599933624268,7.125,14571,0.0,0.0
2024-10-04 11:05:00-04:00,7.130000114440918,7.150000095367432,7.125,7.139999866485596,28589,0.0,0.0
2024-10-04 11:10:00-04:00,7.139999866485596,7.144999980926514,7.130000114440918,7.135000228881836,28266,0.0,0.0
2024-10-04 11:15:00-04:00,7.135000228881836,7.139999866485596,7.125,7.135000228881836,9788,0.0,0.0
2024-10-04 11:20:00-04:00,7.130000114440918,7.130000114440918,7.105000019073486,7.114999771118164,15770,0.0,0.0
2024-10-04 11:25:00-04:00,7.119999885559082,7.130000114440918,7.110000133514404,7.119999885559082,12910,0.0,0.0
2024-10-04 11:30:00-04:00,7.110000133514404,7.119999885559082,7.105000019073486,7.114999771118164,7611,0.0,0.0
2024-10-04 11:35:00-04:00,7.114999771118164,7.124300003051758,7.111999988555908,7.119999885559082,13851,0.0,0.0
2024-10-04 11:40:00-04:00,7.119999885559082,7.130000114440918,7.105000019073486,7.110000133514404,17251,0.0,0.0
2024-10-04 11:45:00-04:00,7.106800079345703,7.130000114440918,7.106800079345703,7.125,16708,0.0,0.0
2024-10-04 11:50:00-04:00,7.125,7.139999866485596,7.114999771118164,7.134300231933594,20075,0.0,0.0
2024-10-04 11:55:00-04:00,7.139999866485596,7.150000095367432,7.134300231933594,7.135000228881836,12775,0.0,0.0
2024-10-04 12:00:00-04:00,7.139999866485596,7.150000095367432,7.135000228881836,7.144999980926514,12895,0.0,0.0
2024-10-04 12:05:00-04:00,7.139999866485596,7.150000095367432,7.130099773406982,7.135000228881836,12869,0.0,0.0
2024-10-04 12:10:00-04:00,7.135000228881836,7.164999961853027,7.135000228881836,7.164999961853027,19749,0.0,0.0
2024-10-04 12:15:00-04:00,7.164999961853027,7.164999961853027,7.114999771118164,7.125,53393,0.0,0.0
2024-10-04 12:20:00-04:00,7.119999885559082,7.144999980926514,7.090000152587891,7.09499979019165,134629,0.0,0.0
2024-10-04 12:25:00-04:00,7.09499979019165,7.130000114440918,7.079999923706055,7.129899978637695,61315,0.0,0.0
2024-10-04 12:30:00-04:00,7.125,7.130000114440918,7.110000133514404,7.125,69376,0.0,0.0
2024-10-04 12:35:00-04:00,7.125,7.140100002288818,7.119999885559082,7.136000156402588,117887,0.0,0.0
2024-10-04 12:40:00-04:00,7.135000228881836,7.139999866485596,7.110000133514404,7.119999885559082,58476,0.0,0.0
2024-10-04 12:45:00-04:00,7.119999885559082,7.130000114440918,7.110000133514404,7.130000114440918,19128,0.0,0.0
2024-10-04 12:50:00-04:00,7.125,7.130000114440918,7.110000133514404,7.110000133514404,31126,0.0,0.0
2024-10-04 12:55:00-04:00,7.119900226593018,7.130000114440918,7.110000133514404,7.110000133514404,35379,0.0,0.0
2024-10-04 13:00:00-04:00,7.114999771118164,7.130000114440918,7.110000133514404,7.119999885559082,63773,0.0,0.0
2024-10-04 13:05:00-04:00,7.119999885559082,7.130000114440918,7.110000133514404,7.110000133514404,66360,0.0,0.0
2024-10-04 13:10:00-04:00,7.110000133514404,7.119999885559082,7.110000133514404,7.110000133514404,22604,0.0,0.0
2024-10-04 13:15:00-04:00,7.114999771118164,7.130000114440918,7.110000133514404,7.125,20532,0.0,0.0
2024-10-04 13:20:00-04:00,7.125,7.130000114440918,7.099999904632568,7.110000133514404,45456,0.0,0.0
2024-10-04 13:25:00-04:00,7.105000019073486,7.110000133514404,7.09499979019165,7.105000019073486,24989,0.0,0.0
2024-10-04 13:30:00-04:00,7.099999904632568,7.119999885559082,7.099999904632568,7.114999771118164,13047,0.0,0.0
2024-10-04 13:35:00-04:00,7.114999771118164,7.119999885559082,7.085000038146973,7.114999771118164,41938,0.0,0.0
2024-10-04 13:40:00-04:00,7.114999771118164,7.130000114440918,7.110000133514404,7.119999885559082,38016,0.0,0.0
2024-10-04 13:45:00-04:00,7.119999885559082,7.130000114440918,7.119999885559082,7.130000114440918,13170,0.0,0.0
2024-10-04 13:50:00-04:00,7.119999885559082,7.130000114440918,7.110000133514404,7.114999771118164,19755,0.0,0.0
2024-10-04 13:55:00-04:00,7.114999771118164,7.119999885559082,7.105000019073486,7.105000019073486,21048,0.0,0.0
2024-10-04 14:00:00-04:00,7.099999904632568,7.110000133514404,7.099999904632568,7.105000019073486,42558,0.0,0.0
2024-10-04 14:05:00-04:00,7.105000019073486,7.110000133514404,7.079999923706055,7.079999923706055,43141,0.0,0.0
2024-10-04 14:10:00-04:00,7.085000038146973,7.085000038146973,7.070000171661377,7.070000171661377,40738,0.0,0.0
2024-10-04 14:15:00-04:00,7.079899787902832,7.090000152587891,7.070000171661377,7.085000038146973,76345,0.0,0.0
2024-10-04 14:20:00-04:00,7.085000038146973,7.090000152587891,7.079999923706055,7.085000038146973,41783,0.0,0.0
2024-10-04 14:25:00-04:00,7.085999965667725,7.090000152587891,7.070000171661377,7.070000171661377,44306,0.0,0.0
2024-10-04 14:30:00-04:00,7.074999809265137,7.090000152587891,7.074999809265137,7.085000038146973,24220,0.0,0.0
2024-10-04 14:35:00-04:00,7.090000152587891,7.110000133514404,7.090000152587891,7.09499979019165,64396,0.0,0.0
2024-10-04 14:40:00-04:00,7.09499979019165,7.119999885559082,7.093999862670898,7.110000133514404,42043,0.0,0.0
2024-10-04 14:45:00-04:00,7.099999904632568,7.119999885559082,7.099999904632568,7.114999771118164,48102,0.0,0.0
2024-10-04 14:50:00-04:00,7.119999885559082,7.119999885559082,7.11460018157959,7.114999771118164,20379,0.0,0.0
2024-10-04 14:55:00-04:00,7.114999771118164,7.125,7.11460018157959,7.119999885559082,45434,0.0,0.0
2024-10-04 15:00:00-04:00,7.110000133514404,7.114999771118164,7.099999904632568,7.105000019073486,32390,0.0,0.0
2024-10-04 15:05:00-04:00,7.105000019073486,7.119999885559082,7.105000019073486,7.119999885559082,27485,0.0,0.0
2024-10-04 15:10:00-04:00,7.114999771118164,7.130000114440918,7.110000133514404,7.119999885559082,65978,0.0,0.0
2024-10-04 15:15:00-04:00,7.125,7.130000114440918,7.119999885559082,7.125,23811,0.0,0.0
2024-10-04 15:20:00-04:00,7.119999885559082,7.125,7.119999885559082,7.125,32479,0.0,0.0
2024-10-04 15:25:00-04:00,7.125,7.125,7.114999771118164,7.119999885559082,37349,0.0,0.0
2024-10-04 15:30:00-04:00,7.119999885559082,7.125999927520752,7.110000133514404,7.123899936676025,66845,0.0,0.0
2024-10-04 15:35:00-04:00,7.125,7.125,7.110000133514404,7.114999771118164,26351,0.0,0.0
2024-10-04 15:40:00-04:00,7.119999885559082,7.125,7.110000133514404,7.125,34741,0.0,0.0
2024-10-04 15:45:00-04:00,7.125,7.125999927520752,7.099999904632568,7.114999771118164,142992,0.0,0.0
2024-10-04 15:50:00-04:00,7.114999771118164,7.119999885559082,7.099999904632568,7.099999904632568,112643,0.0,0.0
2024-10-04 15:55:00-04:00,7.105000019073486,7.105000019073486,7.070000171661377,7.085000038146973,439968,0.0,0.0
2024-10-07 09:30:00-04:00,7.059999942779541,7.119999885559082,7.045000076293945,7.045000076293945,104357,0.0,0.0
2024-10-07 09:35:00-04:00,7.045000076293945,7.079999923706055,7.045000076293945,7.065000057220459,44693,0.0,0.0
2024-10-07 09:40:00-04:00,7.065000057220459,7.114999771118164,7.065000057220459,7.085000038146973,31068,0.0,0.0
2024-10-07 09:45:00-04:00,7.079999923706055,7.079999923706055,7.039999961853027,7.045000076293945,62042,0.0,0.0
2024-10-07 09:50:00-04:00,7.049900054931641,7.059899806976318,7.030799865722656,7.049200057983398,72865,0.0,0.0
2024-10-07 09:55:00-04:00,7.049900054931641,7.070000171661377,7.03000020980835,7.05019998550415,60133,0.0,0.0
2024-10-07 10:00:00-04:00,7.050000190734863,7.090000152587891,7.045000076293945,7.079999923706055,81820,0.0,0.0
2024-10-07 10:05:00-04:00,7.080599784851074,7.119999885559082,7.080599784851074,7.119999885559082,30338,0.0,0.0
2024-10-07 10:10:00-04:00,7.119999885559082,7.139999866485596,7.105000019073486,7.125,69258,0.0,0.0
2024-10-07 10:15:00-04:00,7.125,7.150000095367432,7.119999885559082,7.139999866485596,28572,0.0,0.0
2024-10-07 10:20:00-04:00,7.135000228881836,7.139999866485596,7.0920000076293945,7.09499979019165,22455,0.0,0.0
2024-10-07 10:25:00-04:00,7.090000152587891,7.110000133514404,7.085000038146973,7.110000133514404,60462,0.0,0.0
2024-10-07 10:30:00-04:00,7.110000133514404,7.110000133514404,7.09499979019165,7.110000133514404,45669,0.0,0.0
2024-10-07 10:35:00-04:00,7.110000133514404,7.119999885559082,7.1041998863220215,7.119999885559082,20714,0.0,0.0
2024-10-07 10:40:00-04:00,7.119999885559082,7.127500057220459,7.105000019073486,7.110000133514404,66653,0.0,0.0
2024-10-07 10:45:00-04:00,7.105000019073486,7.125,7.079999923706055,7.085000038146973,92225,0.0,0.0
2024-10-07 10:50:00-04:00,7.085000038146973,7.097499847412109,7.070000171661377,7.074999809265137,72837,0.0,0.0
2024-10-07 10:55:00-04:00,7.074999809265137,7.079999923706055,7.059999942779541,7.059999942779541,57616,0.0,0.0
2024-10-07 11:00:00-04:00,7.065000057220459,7.065000057220459,7.050000190734863,7.054999828338623,41307,0.0,0.0
2024-10-07 11:05:00-04:00,7.054999828338623,7.077499866485596,7.050000190734863,7.070000171661377,54359,0.0,0.0
2024-10-07 11:10:00-04:00,7.070000171661377,7.090000152587891,7.065000057220459,7.074999809265137,60989,0.0,0.0
2024-10-07 11:15:00-04:00,7.074999809265137,7.079999923706055,7.065000057220459,7.074999809265137,65702,0.0,0.0
2024-10-07 11:20:00-04:00,7.074999809265137,7.079999923706055,7.065000057220459,7.070000171661377,54673,0.0,0.0
2024-10-07 11:25:00-04:00,7.070000171661377,7.090000152587891,7.070000171661377,7.074999809265137,70187,0.0,0.0
2024-10-07 11:30:00-04:00,7.079999923706055,7.079999923706055,7.059999942779541,7.065000057220459,55649,0.0,0.0
2024-10-07 11:35:00-04:00,7.070000171661377,7.070000171661377,7.054999828338623,7.069499969482422,47157,0.0,0.0
2024-10-07 11:40:00-04:00,7.070000171661377,7.085000038146973,7.039999961853027,7.045000076293945,64137,0.0,0.0
2024-10-07 11:45:00-04:00,7.045000076293945,7.059999942779541,7.039999961853027,7.059500217437744,31745,0.0,0.0
2024-10-07 11:50:00-04:00,7.059999942779541,7.070000171661377,7.050000190734863,7.065000057220459,65165,0.0,0.0
2024-10-07 11:55:00-04:00,7.065000057220459,7.090000152587891,7.065000057220459,7.085000038146973,53816,0.0,0.0
2024-10-07 12:00:00-04:00,7.085000038146973,7.099999904632568,7.074999809265137,7.074999809265137,62129,0.0,0.0
2024-10-07 12:05:00-04:00,7.074999809265137,7.079999923706055,7.070000171661377,7.074999809265137,32134,0.0,0.0
2024-10-07 12:10:00-04:00,7.074999809265137,7.090000152587891,7.059999942779541,7.085000038146973,81983,0.0,0.0
2024-10-07 12:15:00-04:00,7.085000038146973,7.110000133514404,7.079999923706055,7.110000133514404,88872,0.0,0.0
2024-10-07 12:20:00-04:00,7.110000133514404,7.110000133514404,7.099999904632568,7.110000133514404,20830,0.0,0.0
2024-10-07 12:25:00-04:00,7.110000133514404,7.119999885559082,7.104000091552734,7.119999885559082,41104,0.0,0.0
2024-10-07 12:30:00-04:00,7.119999885559082,7.130000114440918,7.110000133514404,7.130000114440918,38914,0.0,0.0
2024-10-07 12:35:00-04:00,7.130000114440918,7.139999866485596,7.119999885559082,7.135000228881836,45088,0.0,0.0
2024-10-07 12:40:00-04:00,7.139999866485596,7.150000095367432,7.125,7.135000228881836,117978,0.0,0.0
2024-10-07 12:45:00-04:00,7.139900207519531,7.159999847412109,7.130000114440918,7.15500020980835,78743,0.0,0.0
2024-10-07 12:50:00-04:00,7.15500020980835,7.189000129699707,7.15500020980835,7.179999828338623,141205,0.0,0.0
2024-10-07 12:55:00-04:00,7.184999942779541,7.190000057220459,7.173999786376953,7.190000057220459,81886,0.0,0.0
2024-10-07 13:00:00-04:00,7.190000057220459,7.190000057220459,7.159999847412109,7.164999961853027,111834,0.0,0.0
2024-10-07 13:05:00-04:00,7.170000076293945,7.170000076293945,7.150000095367432,7.15500020980835,94264,0.0,0.0
2024-10-07 13:10:00-04:00,7.159900188446045,7.190000057220459,7.1539998054504395,7.190000057220459,79166,0.0,0.0
2024-10-07 13:15:00-04:00,7.189499855041504,7.195000171661377,7.170000076293945,7.175000190734863,209045,0.0,0.0
2024-10-07 13:20:00-04:00,7.175000190734863,7.179999828338623,7.1539998054504395,7.164999961853027,71562,0.0,0.0
2024-10-07 13:25:00-04:00,7.164999961853027,7.170000076293945,7.159999847412109,7.170000076293945,21794,0.0,0.0
2024-10-07 13:30:00-04:00,7.170000076293945,7.170000076293945,7.1508002281188965,7.164999961853027,62624,0.0,0.0
2024-10-07 13:35:00-04:00,7.170000076293945,7.190000057220459,7.164999961853027,7.175000190734863,149883,0.0,0.0
2024-10-07 13:40:00-04:00,7.175000190734863,7.190000057220459,7.170000076293945,7.1894001960754395,70231,0.0,0.0
2024-10-07 13:45:00-04:00,7.190000057220459,7.190000057220459,7.150100231170654,7.15500020980835,108118,0.0,0.0
2024-10-07 13:50:00-04:00,7.15500020980835,7.159999847412109,7.144000053405762,7.159999847412109,45372,0.0,0.0
2024-10-07 13:55:00-04:00,7.15500020980835,7.164999961853027,7.139999866485596,7.15500020980835,109928,0.0,0.0
2024-10-07 14:00:00-04:00,7.15500020980835,7.159999847412109,7.119999885559082,7.125,127831,0.0,0.0
2024-10-07 14:05:00-04:00,7.125,7.147500038146973,7.122000217437744,7.139999866485596,107873,0.0,0.0
2024-10-07 14:10:00-04:00,7.139999866485596,7.144999980926514,7.114999771118164,7.129300117492676,103166,0.0,0.0
2024-10-07 14:15:00-04:00,7.125,7.130000114440918,7.113999843597412,7.113999843597412,47688,0.0,0.0
2024-10-07 14:20:00-04:00,7.119999885559082,7.139999866485596,7.113999843597412,7.135000228881836,126832,0.0,0.0
2024-10-07 14:25:00-04:00,7.135000228881836,7.139999866485596,7.119999885559082,7.125,69307,0.0,0.0
2024-10-07 14:30:00-04:00,7.125,7.144999980926514,7.080100059509277,7.144999980926514,231300,0.0,0.0
2024-10-07 14:35:00-04:00,7.140100002288818,7.15500020980835,7.114999771118164,7.149700164794922,183288,0.0,0.0
2024-10-07 14:40:00-04:00,7.150000095367432,7.159999847412109,7.130000114440918,7.139999866485596,77253,0.0,0.0
2024-10-07 14:45:00-04:00,7.135000228881836,7.135000228881836,7.0868000984191895,7.0995001792907715,143108,0.0,0.0
2024-10-07 14:50:00-04:00,7.09499979019165,7.110000133514404,7.079999923706055,7.085000038146973,93583,0.0,0.0
2024-10-07 14:55:00-04:00,7.085000038146973,7.090000152587891,7.076600074768066,7.079999923706055,84457,0.0,0.0
2024-10-07 15:00:00-04:00,7.085000038146973,7.110000133514404,7.079999923706055,7.105000019073486,89515,0.0,0.0
2024-10-07 15:05:00-04:00,7.110000133514404,7.139999866485596,7.105000019073486,7.135000228881836,49653,0.0,0.0
2024-10-07 15:10:00-04:00,7.135000228881836,7.139999866485596,7.125,7.139999866485596,63435,0.0,0.0
2024-10-07 15:15:00-04:00,7.135000228881836,7.150000095367432,7.130000114440918,7.139999866485596,49735,0.0,0.0
2024-10-07 15:20:00-04:00,7.135000228881836,7.150000095367432,7.130000114440918,7.144999980926514,47632,0.0,0.0
2024-10-07 15:25:00-04:00,7.144999980926514,7.150000095367432,7.139999866485596,7.144899845123291,32959,0.0,0.0
2024-10-07 15:30:00-04:00,7.144999980926514,7.159999847412109,7.139999866485596,7.159999847412109,51709,0.0,0.0
2024-10-07 15:35:00-04:00,7.159999847412109,7.179999828338623,7.150000095367432,7.164999961853027,124606,0.0,0.0
2024-10-07 15:40:00-04:00,7.164999961853027,7.170000076293945,7.150000095367432,7.170000076293945,89934,0.0,0.0
2024-10-07 15:45:00-04:00,7.170000076293945,7.190000057220459,7.159999847412109,7.179999828338623,149807,0.0,0.0
2024-10-07 15:50:00-04:00,7.179999828338623,7.210000038146973,7.179999828338623,7.210000038146973,130046,0.0,0.0
2024-10-07 15:55:00-04:00,7.199999809265137,7.210000038146973,7.190000057220459,7.199999809265137,346084,0.0,0.0
2024-10-08 09:30:00-04:00,7.210000038146973,7.289999961853027,7.208000183105469,7.269999980926514,133137,0.0,0.0
2024-10-08 09:35:00-04:00,7.264999866485596,7.300000190734863,7.264999866485596,7.300000190734863,27690,0.0,0.0
2024-10-08 09:40:00-04:00,7.289999961853027,7.300000190734863,7.244999885559082,7.260000228881836,32365,0.0,0.0
2024-10-08 09:45:00-04:00,7.260000228881836,7.309999942779541,7.25,7.309999942779541,18572,0.0,0.0
2024-10-08 09:50:00-04:00,7.309999942779541,7.329999923706055,7.275000095367432,7.329999923706055,63404,0.0,0.0
2024-10-08 09:55:00-04:00,7.329999923706055,7.355000019073486,7.3206000328063965,7.355000019073486,46183,0.0,0.0
2024-10-08 10:00:00-04:00,7.355000019073486,7.375,7.350100040435791,7.369999885559082,40868,0.0,0.0
2024-10-08 10:05:00-04:00,7.360000133514404,7.364999771118164,7.315000057220459,7.320000171661377,42584,0.0,0.0
2024-10-08 10:10:00-04:00,7.315000057220459,7.349999904632568,7.309999942779541,7.34499979019165,58016,0.0,0.0
2024-10-08 10:15:00-04:00,7.34499979019165,7.380000114440918,7.340000152587891,7.369999885559082,90057,0.0,0.0
2024-10-08 10:20:00-04:00,7.380000114440918,7.389999866485596,7.369999885559082,7.380000114440918,53670,0.0,0.0
2024-10-08 10:25:00-04:00,7.375,7.400000095367432,7.375,7.375,64684,0.0,0.0
2024-10-08 10:30:00-04:00,7.370100021362305,7.389999866485596,7.34499979019165,7.355000019073486,58881,0.0,0.0
2024-10-08 10:35:00-04:00,7.354000091552734,7.369999885559082,7.340000152587891,7.355000019073486,101033,0.0,0.0
2024-10-08 10:40:00-04:00,7.359899997711182,7.394999980926514,7.349999904632568,7.385000228881836,100364,0.0,0.0
2024-10-08 10:45:00-04:00,7.380000114440918,7.40500020980835,7.375,7.40500020980835,31536,0.0,0.0
2024-10-08 10:50:00-04:00,7.409999847412109,7.429999828338623,7.400000095367432,7.40500020980835,145349,0.0,0.0
2024-10-08 10:55:00-04:00,7.40500020980835,7.420000076293945,7.389999866485596,7.420000076293945,37540,0.0,0.0
2024-10-08 11:00:00-04:00,7.420000076293945,7.429999828338623,7.410399913787842,7.420000076293945,137020,0.0,0.0
2024-10-08 11:05:00-04:00,7.414999961853027,7.414999961853027,7.40500020980835,7.40500020980835,23696,0.0,0.0
2024-10-08 11:10:00-04:00,7.409999847412109,7.414999961853027,7.400000095367432,7.409999847412109,27920,0.0,0.0
2024-10-08 11:15:00-04:00,7.409999847412109,7.420000076293945,7.400000095367432,7.40500020980835,22739,0.0,0.0
2024-10-08 11:20:00-04:00,7.40500020980835,7.420000076293945,7.4045000076293945,7.414999961853027,69366,0.0,0.0
2024-10-08 11:25:00-04:00,7.420000076293945,7.429999828338623,7.420000076293945,7.425000190734863,28410,0.0,0.0
2024-10-08 11:30:00-04:00,7.429999828338623,7.440000057220459,7.420000076293945,7.429999828338623,42279,0.0,0.0
2024-10-08 11:35:00-04:00,7.425000190734863,7.440000057220459,7.400000095367432,7.400000095367432,76406,0.0,0.0
2024-10-08 11:40:00-04:00,7.409999847412109,7.420000076293945,7.40500020980835,7.40500020980835,28478,0.0,0.0
2024-10-08 11:45:00-04:00,7.400000095367432,7.40500020980835,7.400000095367432,7.40500020980835,9452,0.0,0.0
2024-10-08 11:50:00-04:00,7.409999847412109,7.440000057220459,7.40500020980835,7.425000190734863,131243,0.0,0.0
2024-10-08 11:55:00-04:00,7.420000076293945,7.429999828338623,7.409999847412109,7.425000190734863,36228,0.0,0.0
2024-10-08 12:00:00-04:00,7.425000190734863,7.429999828338623,7.420000076293945,7.424600124359131,20692,0.0,0.0
2024-10-08 12:05:00-04:00,7.425000190734863,7.440000057220459,7.420000076293945,7.425000190734863,48707,0.0,0.0
2024-10-08 12:10:00-04:00,7.425000190734863,7.434999942779541,7.409999847412109,7.420000076293945,91981,0.0,0.0
2024-10-08 12:15:00-04:00,7.414999961853027,7.414999961853027,7.400000095367432,7.409999847412109,19725,0.0,0.0
2024-10-08 12:20:00-04:00,7.400000095367432,7.409999847412109,7.400000095367432,7.40910005569458,50128,0.0,0.0
2024-10-08 12:25:00-04:00,7.4039998054504395,7.420000076293945,7.400100231170654,7.419899940490723,65277,0.0,0.0
2024-10-08 12:30:00-04:00,7.414999961853027,7.440000057220459,7.414000034332275,7.434999942779541,161568,0.0,0.0
2024-10-08 12:35:00-04:00,7.429999828338623,7.440000057220459,7.420599937438965,7.425000190734863,74949,0.0,0.0
2024-10-08 12:40:00-04:00,7.425000190734863,7.429999828338623,7.420000076293945,7.429999828338623,23922,0.0,0.0
2024-10-08 12:45:00-04:00,7.425000190734863,7.429999828338623,7.420000076293945,7.425000190734863,71174,0.0,0.0
2024-10-08 12:50:00-04:00,7.4207000732421875,7.425000190734863,7.420000076293945,7.420000076293945,30445,0.0,0.0
2024-10-08 12:55:00-04:00,7.420000076293945,7.420000076293945,7.409999847412109,7.414999961853027,10376,0.0,0.0
2024-10-08 13:00:00-04:00,7.414999961853027,7.420000076293945,7.400000095367432,7.400000095367432,29232,0.0,0.0
2024-10-08 13:05:00-04:00,7.400000095367432,7.400000095367432,7.389999866485596,7.394999980926514,29438,0.0,0.0
2024-10-08 13:10:00-04:00,7.398799896240234,7.400000095367432,7.389999866485596,7.400000095367432,15180,0.0,0.0
2024-10-08 13:15:00-04:00,7.394999980926514,7.409999847412109,7.394999980926514,7.409999847412109,22646,0.0,0.0
2024-10-08 13:20:00-04:00,7.40500020980835,7.409999847412109,7.380000114440918,7.380000114440918,98251,0.0,0.0
2024-10-08 13:25:00-04:00,7.375,7.380000114440918,7.349999904632568,7.349999904632568,54072,0.0,0.0
2024-10-08 13:30:00-04:00,7.349999904632568,7.360000133514404,7.340000152587891,7.341000080108643,37186,0.0,0.0
2024-10-08 13:35:00-04:00,7.340000152587891,7.355000019073486,7.340000152587891,7.355000019073486,21217,0.0,0.0
2024-10-08 13:40:00-04:00,7.360000133514404,7.380000114440918,7.354000091552734,7.380000114440918,58035,0.0,0.0
2024-10-08 13:45:00-04:00,7.380000114440918,7.394999980926514,7.369999885559082,7.389999866485596,69647,0.0,0.0
2024-10-08 13:50:00-04:00,7.385000228881836,7.389999866485596,7.380000114440918,7.389999866485596,17533,0.0,0.0
2024-10-08 13:55:00-04:00,7.389999866485596,7.409999847412109,7.389800071716309,7.409999847412109,51465,0.0,0.0
2024-10-08 14:00:00-04:00,7.409999847412109,7.414999961853027,7.394000053405762,7.394999980926514,62832,0.0,0.0
2024-10-08 14:05:00-04:00,7.394999980926514,7.409999847412109,7.394000053405762,7.4039998054504395,28528,0.0,0.0
2024-10-08 14:10:00-04:00,7.409999847412109,7.409999847412109,7.400000095367432,7.40500020980835,29561,0.0,0.0
2024-10-08 14:15:00-04:00,7.409999847412109,7.409999847412109,7.400000095367432,7.40500020980835,13384,0.0,0.0
2024-10-08 14:20:00-04:00,7.40500020980835,7.409999847412109,7.394999980926514,7.40500020980835,44320,0.0,0.0
2024-10-08 14:25:00-04:00,7.401899814605713,7.40500020980835,7.369999885559082,7.400000095367432,70997,0.0,0.0
2024-10-08 14:30:00-04:00,7.39709997177124,7.409999847412109,7.389999866485596,7.409999847412109,33628,0.0,0.0
2024-10-08 14:35:00-04:00,7.409999847412109,7.414999961853027,7.4039998054504395,7.40500020980835,43808,0.0,0.0
2024-10-08 14:40:00-04:00,7.409999847412109,7.409999847412109,7.4039998054504395,7.409999847412109,20588,0.0,0.0
2024-10-08 14:45:00-04:00,7.409999847412109,7.409999847412109,7.389999866485596,7.389999866485596,65007,0.0,0.0
2024-10-08 14:50:00-04:00,7.394000053405762,7.394999980926514,7.380000114440918,7.380000114440918,30785,0.0,0.0
2024-10-08 14:55:00-04:00,7.380000114440918,7.409999847412109,7.380000114440918,7.40500020980835,36729,0.0,0.0
2024-10-08 15:00:00-04:00,7.40500020980835,7.409999847412109,7.400000095367432,7.40500020980835,35683,0.0,0.0
2024-10-08 15:05:00-04:00,7.40500020980835,7.409999847412109,7.389999866485596,7.394999980926514,35920,0.0,0.0
2024-10-08 15:10:00-04:00,7.394999980926514,7.400000095367432,7.389999866485596,7.394999980926514,29143,0.0,0.0
2024-10-08 15:15:00-04:00,7.394999980926514,7.400000095367432,7.380000114440918,7.385000228881836,47213,0.0,0.0
2024-10-08 15:20:00-04:00,7.385000228881836,7.389999866485596,7.380000114440918,7.385000228881836,13857,0.0,0.0
2024-10-08 15:25:00-04:00,7.380000114440918,7.389999866485596,7.380000114440918,7.385000228881836,22903,0.0,0.0
2024-10-08 15:30:00-04:00,7.385000228881836,7.389999866485596,7.380000114440918,7.385000228881836,31771,0.0,0.0
2024-10-08 15:35:00-04:00,7.380000114440918,7.389999866485596,7.369999885559082,7.379000186920166,46598,0.0,0.0
2024-10-08 15:40:00-04:00,7.369999885559082,7.389999866485596,7.369999885559082,7.385000228881836,78791,0.0,0.0
2024-10-08 15:45:00-04:00,7.385000228881836,7.395999908447266,7.380000114440918,7.385000228881836,94609,0.0,0.0
2024-10-08 15:50:00-04:00,7.389999866485596,7.389999866485596,7.380099773406982,7.385000228881836,56522,0.0,0.0
2024-10-08 15:55:00-04:00,7.380099773406982,7.409999847412109,7.380000114440918,7.394999980926514,441897,0.0,0.0
2024-10-09 09:30:00-04:00,7.400000095367432,7.400000095367432,7.315000057220459,7.315000057220459,84489,0.0,0.0
2024-10-09 09:35:00-04:00,7.320000171661377,7.329999923706055,7.309999942779541,7.309999942779541,14726,0.0,0.0
2024-10-09 09:40:00-04:00,7.320000171661377,7.340000152587891,7.309999942779541,7.324999809265137,35303,0.0,0.0
2024-10-09 09:45:00-04:00,7.329500198364258,7.340000152587891,7.315000057220459,7.319399833679199,23693,0.0,0.0
2024-10-09 09:50:00-04:00,7.319900035858154,7.375999927520752,7.313600063323975,7.360799789428711,64025,0.0,0.0
2024-10-09 09:55:00-04:00,7.364999771118164,7.400000095367432,7.364999771118164,7.385000228881836,13836,0.0,0.0
2024-10-09 10:00:00-04:00,7.385000228881836,7.394999980926514,7.355000019073486,7.364999771118164,37364,0.0,0.0
2024-10-09 10:05:00-04:00,7.360099792480469,7.369999885559082,7.34499979019165,7.369999885559082,43628,0.0,0.0
2024-10-09 10:10:00-04:00,7.369999885559082,7.380000114440918,7.349999904632568,7.380000114440918,14518,0.0,0.0
2024-10-09 10:15:00-04:00,7.375,7.375,7.349999904632568,7.350500106811523,28033,0.0,0.0
2024-10-09 10:20:00-04:00,7.349999904632568,7.349999904632568,7.320000171661377,7.320000171661377,38785,0.0,0.0
2024-10-09 10:25:00-04:00,7.324999809265137,7.324999809265137,7.303999900817871,7.320000171661377,25068,0.0,0.0
2024-10-09 10:30:00-04:00,7.309999942779541,7.329999923706055,7.300000190734863,7.320000171661377,33912,0.0,0.0
2024-10-09 10:35:00-04:00,7.320000171661377,7.320000171661377,7.289999961853027,7.299600124359131,62388,0.0,0.0
2024-10-09 10:40:00-04:00,7.296599864959717,7.309899806976318,7.283999919891357,7.2993998527526855,92108,0.0,0.0
2024-10-09 10:45:00-04:00,7.295000076293945,7.315999984741211,7.290500164031982,7.315999984741211,55506,0.0,0.0
2024-10-09 10:50:00-04:00,7.319499969482422,7.326000213623047,7.300000190734863,7.300000190734863,36402,0.0,0.0
2024-10-09 10:55:00-04:00,7.300000190734863,7.300000190734863,7.289999961853027,7.295000076293945,26522,0.0,0.0
2024-10-09 11:00:00-04:00,7.295000076293945,7.300000190734863,7.269999980926514,7.269999980926514,15775,0.0,0.0
2024-10-09 11:05:00-04:00,7.275000095367432,7.289999961853027,7.269999980926514,7.289999961853027,13049,0.0,0.0
2024-10-09 11:10:00-04:00,7.289999961853027,7.295000076293945,7.283999919891357,7.284999847412109,25694,0.0,0.0
2024-10-09 11:15:00-04:00,7.284999847412109,7.320000171661377,7.269999980926514,7.317227840423584,75631,0.0,0.0
2024-10-09 11:20:00-04:00,7.315000057220459,7.320000171661377,7.300000190734863,7.309299945831299,26684,0.0,0.0
2024-10-09 11:25:00-04:00,7.305699825286865,7.335000038146973,7.300000190734863,7.335000038146973,41291,0.0,0.0
2024-10-09 11:30:00-04:00,7.335000038146973,7.34499979019165,7.324999809265137,7.329999923706055,36716,0.0,0.0
2024-10-09 11:35:00-04:00,7.324999809265137,7.339399814605713,7.320000171661377,7.324999809265137,35490,0.0,0.0
2024-10-09 11:40:00-04:00,7.324999809265137,7.366000175476074,7.324999809265137,7.360000133514404,39278,0.0,0.0
2024-10-09 11:45:00-04:00,7.360000133514404,7.380000114440918,7.355000019073486,7.364999771118164,37739,0.0,0.0
2024-10-09 11:50:00-04:00,7.369999885559082,7.389999866485596,7.369900226593018,7.380000114440918,51512,0.0,0.0
2024-10-09 11:55:00-04:00,7.375,7.380000114440918,7.369999885559082,7.375,19857,0.0,0.0
2024-10-09 12:00:00-04:00,7.375,7.400000095367432,7.375,7.394999980926514,36898,0.0,0.0
2024-10-09 12:05:00-04:00,7.394999980926514,7.409999847412109,7.390100002288818,7.408899784088135,69398,0.0,0.0
2024-10-09 12:10:00-04:00,7.40500020980835,7.409999847412109,7.390100002288818,7.394999980926514,39667,0.0,0.0
2024-10-09 12:15:00-04:00,7.389999866485596,7.389999866485596,7.369999885559082,7.369999885559082,16636,0.0,0.0
2024-10-09 12:20:00-04:00,7.375999927520752,7.389900207519531,7.369999885559082,7.380099773406982,75071,0.0,0.0
2024-10-09 12:25:00-04:00,7.386000156402588,7.400000095367432,7.380099773406982,7.395999908447266,58146,0.0,0.0
2024-10-09 12:30:00-04:00,7.394999980926514,7.394999980926514,7.369999885559082,7.380000114440918,22016,0.0,0.0
2024-10-09 12:35:00-04:00,7.375,7.380000114440918,7.369999885559082,7.375,6493,0.0,0.0
2024-10-09 12:40:00-04:00,7.380000114440918,7.400000095367432,7.375,7.399600028991699,78084,0.0,0.0
2024-10-09 12:45:00-04:00,7.400000095367432,7.409999847412109,7.380000114440918,7.382500171661377,46701,0.0,0.0
2024-10-09 12:50:00-04:00,7.380000114440918,7.380000114440918,7.355000019073486,7.355000019073486,24419,0.0,0.0
2024-10-09 12:55:00-04:00,7.355000019073486,7.355000019073486,7.349999904632568,7.355000019073486,6973,0.0,0.0
2024-10-09 13:00:00-04:00,7.355000019073486,7.355000019073486,7.340000152587891,7.340000152587891,11515,0.0,0.0
2024-10-09 13:05:00-04:00,7.34499979019165,7.360000133514404,7.34499979019165,7.355000019073486,18263,0.0,0.0
2024-10-09 13:10:00-04:00,7.355000019073486,7.360000133514404,7.349999904632568,7.355000019073486,11181,0.0,0.0
2024-10-09 13:15:00-04:00,7.349999904632568,7.360000133514404,7.349999904632568,7.349999904632568,21645,0.0,0.0
2024-10-09 13:20:00-04:00,7.355000019073486,7.360000133514404,7.349999904632568,7.355000019073486,5789,0.0,0.0
2024-10-09 13:25:00-04:00,7.355000019073486,7.355299949645996,7.340000152587891,7.355299949645996,44236,0.0,0.0
2024-10-09 13:30:00-04:00,7.349999904632568,7.360000133514404,7.349999904632568,7.355000019073486,7457,0.0,0.0
2024-10-09 13:35:00-04:00,7.355999946594238,7.355999946594238,7.340000152587891,7.34499979019165,23854,0.0,0.0
2024-10-09 13:40:00-04:00,7.34499979019165,7.355000019073486,7.340000152587891,7.355000019073486,11982,0.0,0.0
2024-10-09 13:45:00-04:00,7.355000019073486,7.360000133514404,7.353300094604492,7.360000133514404,9418,0.0,0.0
2024-10-09 13:50:00-04:00,7.360000133514404,7.360000133514404,7.324999809265137,7.330100059509277,26257,0.0,0.0
2024-10-09 13:55:00-04:00,7.335000038146973,7.360000133514404,7.335000038146973,7.359499931335449,45796,0.0,0.0
2024-10-09 14:00:00-04:00,7.350100040435791,7.355000019073486,7.343339920043945,7.34499979019165,12207,0.0,0.0
2024-10-09 14:05:00-04:00,7.34499979019165,7.360000133514404,7.34499979019165,7.349999904632568,14293,0.0,0.0
2024-10-09 14:10:00-04:00,7.349999904632568,7.355000019073486,7.344200134277344,7.344200134277344,14046,0.0,0.0
2024-10-09 14:15:00-04:00,7.34499979019165,7.34499979019165,7.335000038146973,7.335000038146973,15994,0.0,0.0
2024-10-09 14:20:00-04:00,7.330100059509277,7.340000152587891,7.320000171661377,7.324999809265137,14559,0.0,0.0
2024-10-09 14:25:00-04:00,7.324999809265137,7.329999923706055,7.320000171661377,7.324999809265137,15465,0.0,0.0
2024-10-09 14:30:00-04:00,7.324999809265137,7.329999923706055,7.320000171661377,7.324999809265137,18038,0.0,0.0
2024-10-09 14:35:00-04:00,7.329999923706055,7.329999923706055,7.309999942779541,7.320000171661377,30452,0.0,0.0
2024-10-09 14:40:00-04:00,7.315000057220459,7.340000152587891,7.309999942779541,7.340000152587891,48531,0.0,0.0
2024-10-09 14:45:00-04:00,7.340000152587891,7.349999904632568,7.329999923706055,7.340000152587891,27006,0.0,0.0
2024-10-09 14:50:00-04:00,7.330100059509277,7.34499979019165,7.329999923706055,7.340000152587891,35538,0.0,0.0
2024-10-09 14:55:00-04:00,7.340000152587891,7.340000152587891,7.320099830627441,7.324999809265137,41280,0.0,0.0
2024-10-09 15:00:00-04:00,7.324999809265137,7.329999923706055,7.320000171661377,7.320000171661377,30794,0.0,0.0
2024-10-09 15:05:00-04:00,7.324999809265137,7.329999923706055,7.320000171661377,7.324999809265137,17366,0.0,0.0
2024-10-09 15:10:00-04:00,7.324999809265137,7.329999923706055,7.309999942779541,7.313700199127197,39847,0.0,0.0
2024-10-09 15:15:00-04:00,7.315000057220459,7.329999923706055,7.309999942779541,7.329999923706055,17167,0.0,0.0
2024-10-09 15:20:00-04:00,7.324999809265137,7.329999923706055,7.309999942779541,7.329999923706055,69869,0.0,0.0
2024-10-09 15:25:00-04:00,7.324999809265137,7.340000152587891,7.323999881744385,7.338799953460693,31554,0.0,0.0
2024-10-09 15:30:00-04:00,7.335000038146973,7.340000152587891,7.315000057220459,7.315000057220459,57998,0.0,0.0
2024-10-09 15:35:00-04:00,7.315000057220459,7.320000171661377,7.309999942779541,7.315000057220459,20992,0.0,0.0
2024-10-09 15:40:00-04:00,7.320000171661377,7.320000171661377,7.309999942779541,7.320000171661377,47580,0.0,0.0
2024-10-09 15:45:00-04:00,7.315000057220459,7.320000171661377,7.311299800872803,7.320000171661377,35332,0.0,0.0
2024-10-09 15:50:00-04:00,7.315000057220459,7.329999923706055,7.309999942779541,7.324999809265137,232231,0.0,0.0
2024-10-09 15:55:00-04:00,7.324999809265137,7.360000133514404,7.320000171661377,7.335000038146973,433629,0.0,0.0
2024-10-10 09:30:00-04:00,7.269999980926514,7.28000020980835,7.21999979019165,7.269999980926514,54867,0.0,0.0
2024-10-10 09:35:00-04:00,7.28000020980835,7.28000020980835,7.230000019073486,7.239999771118164,12746,0.0,0.0
2024-10-10 09:40:00-04:00,7.235000133514404,7.239999771118164,7.21999979019165,7.22599983215332,27092,0.0,0.0
2024-10-10 09:45:00-04:00,7.21999979019165,7.2399001121521,7.200500011444092,7.210000038146973,30069,0.0,0.0
2024-10-10 09:50:00-04:00,7.215000152587891,7.25,7.215000152587891,7.229499816894531,52086,0.0,0.0
2024-10-10 09:55:00-04:00,7.230000019073486,7.250500202178955,7.21999979019165,7.21999979019165,36397,0.0,0.0
2024-10-10 10:00:00-04:00,7.224999904632568,7.269999980926514,7.224999904632568,7.255000114440918,21835,0.0,0.0
2024-10-10 10:05:00-04:00,7.25,7.25,7.21999979019165,7.230000019073486,25834,0.0,0.0
2024-10-10 10:10:00-04:00,7.230000019073486,7.249300003051758,7.21999979019165,7.224999904632568,43180,0.0,0.0
2024-10-10 10:15:00-04:00,7.224999904632568,7.230000019073486,7.204999923706055,7.20989990234375,49591,0.0,0.0
2024-10-10 10:20:00-04:00,7.209499835968018,7.21999979019165,7.190000057220459,7.210000038146973,43321,0.0,0.0
2024-10-10 10:25:00-04:00,7.210000038146973,7.210000038146973,7.175000190734863,7.184999942779541,147120,0.0,0.0
2024-10-10 10:30:00-04:00,7.184999942779541,7.190000057220459,7.150000095367432,7.159999847412109,41612,0.0,0.0
2024-10-10 10:35:00-04:00,7.159999847412109,7.179999828338623,7.139999866485596,7.179999828338623,92923,0.0,0.0
2024-10-10 10:40:00-04:00,7.175000190734863,7.190000057220459,7.170000076293945,7.179999828338623,77188,0.0,0.0
2024-10-10 10:45:00-04:00,7.179999828338623,7.179999828338623,7.159999847412109,7.164999961853027,31228,0.0,0.0
2024-10-10 10:50:00-04:00,7.170000076293945,7.190000057220459,7.169099807739258,7.184999942779541,64127,0.0,0.0
2024-10-10 10:55:00-04:00,7.184999942779541,7.25,7.180099964141846,7.25,92421,0.0,0.0
2024-10-10 11:00:00-04:00,7.25,7.260000228881836,7.235000133514404,7.260000228881836,80643,0.0,0.0
2024-10-10 11:05:00-04:00,7.260000228881836,7.289999961853027,7.260000228881836,7.2860188484191895,28236,0.0,0.0
2024-10-10 11:10:00-04:00,7.289999961853027,7.300000190734863,7.28000020980835,7.295000076293945,21713,0.0,0.0
2024-10-10 11:15:00-04:00,7.295000076293945,7.300000190734863,7.284999847412109,7.289999961853027,48040,0.0,0.0
2024-10-10 11:20:00-04:00,7.289999961853027,7.320000171661377,7.284999847412109,7.320000171661377,44811,0.0,0.0
2024-10-10 11:25:00-04:00,7.315000057220459,7.320000171661377,7.295000076293945,7.295000076293945,54865,0.0,0.0
2024-10-10 11:30:00-04:00,7.295000076293945,7.295000076293945,7.260000228881836,7.260000228881836,20297,0.0,0.0
2024-10-10 11:35:00-04:00,7.264999866485596,7.28000020980835,7.260000228881836,7.28000020980835,34323,0.0,0.0
2024-10-10 11:40:00-04:00,7.275000095367432,7.28000020980835,7.269999980926514,7.275000095367432,12675,0.0,0.0
2024-10-10 11:45:00-04:00,7.269999980926514,7.269999980926514,7.260000228881836,7.269999980926514,29431,0.0,0.0
2024-10-10 11:50:00-04:00,7.264999866485596,7.28000020980835,7.2600998878479,7.28000020980835,57429,0.0,0.0
2024-10-10 11:55:00-04:00,7.28000020980835,7.28000020980835,7.269999980926514,7.275000095367432,18375,0.0,0.0
2024-10-10 12:00:00-04:00,7.275000095367432,7.300000190734863,7.275000095367432,7.284999847412109,93508,0.0,0.0
2024-10-10 12:05:00-04:00,7.2891998291015625,7.300000190734863,7.284999847412109,7.300000190734863,30930,0.0,0.0
2024-10-10 12:10:00-04:00,7.300000190734863,7.300000190734863,7.284999847412109,7.295000076293945,70430,0.0,0.0
2024-10-10 12:15:00-04:00,7.300000190734863,7.339900016784668,7.300000190734863,7.339900016784668,96526,0.0,0.0
2024-10-10 12:20:00-04:00,7.340000152587891,7.349999904632568,7.340000152587891,7.34499979019165,23118,0.0,0.0
2024-10-10 12:25:00-04:00,7.34499979019165,7.34499979019165,7.324999809265137,7.324999809265137,99231,0.0,0.0
2024-10-10 12:30:00-04:00,7.320099830627441,7.324999809265137,7.300000190734863,7.320000171661377,59090,0.0,0.0
2024-10-10 12:35:00-04:00,7.314000129699707,7.340000152587891,7.310500144958496,7.321000099182129,127752,0.0,0.0
2024-10-10 12:40:00-04:00,7.329999923706055,7.329999923706055,7.315000057220459,7.329999923706055,99809,0.0,0.0
2024-10-10 12:45:00-04:00,7.324999809265137,7.324999809265137,7.299200057983398,7.319900035858154,135845,0.0,0.0
2024-10-10 12:50:00-04:00,7.320000171661377,7.329999923706055,7.310800075531006,7.320000171661377,97847,0.0,0.0
2024-10-10 12:55:00-04:00,7.319900035858154,7.320000171661377,7.303999900817871,7.309299945831299,82118,0.0,0.0
2024-10-10 13:00:00-04:00,7.30649995803833,7.340000152587891,7.30649995803833,7.339900016784668,108071,0.0,0.0
2024-10-10 13:05:00-04:00,7.330100059509277,7.349999904632568,7.330100059509277,7.349999904632568,123717,0.0,0.0
2024-10-10 13:10:00-04:00,7.349999904632568,7.360000133514404,7.340000152587891,7.355000019073486,60200,0.0,0.0
2024-10-10 13:15:00-04:00,7.355000019073486,7.375,7.349999904632568,7.375,73795,0.0,0.0
2024-10-10 13:20:00-04:00,7.380000114440918,7.380000114440918,7.362500190734863,7.364999771118164,53380,0.0,0.0
2024-10-10 13:25:00-04:00,7.360000133514404,7.369999885559082,7.360000133514404,7.364999771118164,28276,0.0,0.0
2024-10-10 13:30:00-04:00,7.364999771118164,7.380000114440918,7.360000133514404,7.364999771118164,52420,0.0,0.0
2024-10-10 13:35:00-04:00,7.364999771118164,7.364999771118164,7.349999904632568,7.355000019073486,13658,0.0,0.0
2024-10-10 13:40:00-04:00,7.355000019073486,7.360000133514404,7.355000019073486,7.355000019073486,14441,0.0,0.0
2024-10-10 13:45:00-04:00,7.355000019073486,7.360000133514404,7.34499979019165,7.34499979019165,36703,0.0,0.0
2024-10-10 13:50:00-04:00,7.349999904632568,7.355000019073486,7.335000038146973,7.34499979019165,63272,0.0,0.0
2024-10-10 13:55:00-04:00,7.349899768829346,7.349999904632568,7.340000152587891,7.349999904632568,33223,0.0,0.0
2024-10-10 14:00:00-04:00,7.349999904632568,7.349999904632568,7.320000171661377,7.32420015335083,32606,0.0,0.0
2024-10-10 14:05:00-04:00,7.320000171661377,7.320000171661377,7.295000076293945,7.300000190734863,88299,0.0,0.0
2024-10-10 14:10:00-04:00,7.300000190734863,7.309899806976318,7.295000076293945,7.295000076293945,48056,0.0,0.0
2024-10-10 14:15:00-04:00,7.295000076293945,7.295000076293945,7.269999980926514,7.269999980926514,38225,0.0,0.0
2024-10-10 14:20:00-04:00,7.269999980926514,7.28000020980835,7.260000228881836,7.260000228881836,25046,0.0,0.0
2024-10-10 14:25:00-04:00,7.260000228881836,7.264999866485596,7.25,7.25,12326,0.0,0.0
2024-10-10 14:30:00-04:00,7.25,7.269999980926514,7.239999771118164,7.264999866485596,63855,0.0,0.0
2024-10-10 14:35:00-04:00,7.269999980926514,7.275000095367432,7.264999866485596,7.274499893188477,31701,0.0,0.0
2024-10-10 14:40:00-04:00,7.275000095367432,7.289999961853027,7.2606000900268555,7.289999961853027,57059,0.0,0.0
2024-10-10 14:45:00-04:00,7.287899971008301,7.289999961853027,7.273600101470947,7.28000020980835,32002,0.0,0.0
2024-10-10 14:50:00-04:00,7.275599956512451,7.28000020980835,7.264999866485596,7.275000095367432,55426,0.0,0.0
2024-10-10 14:55:00-04:00,7.275000095367432,7.289999961853027,7.269999980926514,7.284999847412109,39150,0.0,0.0
2024-10-10 15:00:00-04:00,7.28000020980835,7.289999961853027,7.28000020980835,7.282100200653076,33154,0.0,0.0
2024-10-10 15:05:00-04:00,7.289999961853027,7.300000190734863,7.280799865722656,7.300000190734863,34440,0.0,0.0
2024-10-10 15:10:00-04:00,7.300000190734863,7.300000190734863,7.280600070953369,7.280600070953369,27061,0.0,0.0
2024-10-10 15:15:00-04:00,7.284999847412109,7.289999961853027,7.264999866485596,7.284999847412109,56452,0.0,0.0
2024-10-10 15:20:00-04:00,7.284999847412109,7.289999961853027,7.28000020980835,7.284999847412109,20406,0.0,0.0
2024-10-10 15:25:00-04:00,7.284999847412109,7.289999961853027,7.28000020980835,7.284999847412109,23169,0.0,0.0
2024-10-10 15:30:00-04:00,7.28000020980835,7.289999961853027,7.260000228881836,7.260000228881836,46217,0.0,0.0
2024-10-10 15:35:00-04:00,7.260000228881836,7.269999980926514,7.260000228881836,7.264999866485596,19536,0.0,0.0
2024-10-10 15:40:00-04:00,7.260000228881836,7.269999980926514,7.260000228881836,7.260000228881836,46433,0.0,0.0
2024-10-10 15:45:00-04:00,7.260000228881836,7.269999980926514,7.260000228881836,7.264999866485596,54512,0.0,0.0
2024-10-10 15:50:00-04:00,7.264999866485596,7.309999942779541,7.260000228881836,7.304999828338623,212540,0.0,0.0
2024-10-10 15:55:00-04:00,7.304999828338623,7.329999923706055,7.304999828338623,7.329999923706055,352868,0.0,0.0
2024-10-11 09:30:00-04:00,7.28000020980835,7.360000133514404,7.28000020980835,7.360000133514404,38342,0.0,0.0
2024-10-11 09:35:00-04:00,7.360000133514404,7.364999771118164,7.340000152587891,7.34499979019165,9507,0.0,0.0
2024-10-11 09:40:00-04:00,7.349999904632568,7.360000133514404,7.304999828338623,7.304999828338623,41011,0.0,0.0
2024-10-11 09:45:00-04:00,7.309999942779541,7.340000152587891,7.300000190734863,7.33050012588501,46228,0.0,0.0
2024-10-11 09:50:00-04:00,7.335000038146973,7.349899768829346,7.324999809265137,7.335999965667725,71335,0.0,0.0
2024-10-11 09:55:00-04:00,7.340000152587891,7.340000152587891,7.329999923706055,7.329999923706055,8521,0.0,0.0
2024-10-11 10:00:00-04:00,7.329999923706055,7.340000152587891,7.320899963378906,7.340000152587891,11508,0.0,0.0
2024-10-11 10:05:00-04:00,7.329999923706055,7.360000133514404,7.309999942779541,7.350100040435791,21220,0.0,0.0
2024-10-11 10:10:00-04:00,7.360000133514404,7.364999771118164,7.350100040435791,7.360000133514404,17171,0.0,0.0
2024-10-11 10:15:00-04:00,7.355000019073486,7.360000133514404,7.333399772644043,7.333399772644043,11390,0.0,0.0
2024-10-11 10:20:00-04:00,7.340000152587891,7.340000152587891,7.309999942779541,7.320000171661377,30977,0.0,0.0
2024-10-11 10:25:00-04:00,7.320000171661377,7.340000152587891,7.309999942779541,7.319300174713135,65901,0.0,0.0
2024-10-11 10:30:00-04:00,7.315000057220459,7.329999923706055,7.309999942779541,7.324999809265137,61872,0.0,0.0
2024-10-11 10:35:00-04:00,7.3206000328063965,7.32889986038208,7.295000076293945,7.295000076293945,53800,0.0,0.0
2024-10-11 10:40:00-04:00,7.300000190734863,7.309999942779541,7.293600082397461,7.309999942779541,31850,0.0,0.0
2024-10-11 10:45:00-04:00,7.300000190734863,7.300000190734863,7.28000020980835,7.295000076293945,30627,0.0,0.0
2024-10-11 10:50:00-04:00,7.289999961853027,7.324999809265137,7.280099868774414,7.280099868774414,118668,0.0,0.0
2024-10-11 10:55:00-04:00,7.284999847412109,7.284999847412109,7.269999980926514,7.269999980926514,15113,0.0,0.0
2024-10-11 11:00:00-04:00,7.275000095367432,7.289899826049805,7.269999980926514,7.275000095367432,32570,0.0,0.0
2024-10-11 11:05:00-04:00,7.275000095367432,7.308700084686279,7.275000095367432,7.304999828338623,75726,0.0,0.0
2024-10-11 11:10:00-04:00,7.304999828338623,7.309999942779541,7.300000190734863,7.304999828338623,10997,0.0,0.0
2024-10-11 11:15:00-04:00,7.304999828338623,7.304999828338623,7.260000228881836,7.260000228881836,54099,0.0,0.0
2024-10-11 11:20:00-04:00,7.264999866485596,7.264999866485596,7.25,7.255000114440918,9216,0.0,0.0
2024-10-11 11:25:00-04:00,7.25,7.260000228881836,7.25,7.260000228881836,10852,0.0,0.0
2024-10-11 11:30:00-04:00,7.255000114440918,7.306000232696533,7.255000114440918,7.306000232696533,110649,0.0,0.0
2024-10-11 11:35:00-04:00,7.300000190734863,7.304999828338623,7.284999847412109,7.289999961853027,53121,0.0,0.0
2024-10-11 11:40:00-04:00,7.295000076293945,7.309999942779541,7.2733001708984375,7.284999847412109,63608,0.0,0.0
2024-10-11 11:45:00-04:00,7.284999847412109,7.284999847412109,7.2600998878479,7.269400119781494,37586,0.0,0.0
2024-10-11 11:50:00-04:00,7.269999980926514,7.28000020980835,7.263000011444092,7.269999980926514,31015,0.0,0.0
2024-10-11 11:55:00-04:00,7.269999980926514,7.275000095367432,7.269999980926514,7.275000095367432,12646,0.0,0.0
2024-10-11 12:00:00-04:00,7.269999980926514,7.28000020980835,7.269999980926514,7.269999980926514,17862,0.0,0.0
2024-10-11 12:05:00-04:00,7.269999980926514,7.275000095367432,7.25,7.255000114440918,44309,0.0,0.0
2024-10-11 12:10:00-04:00,7.25,7.260000228881836,7.25,7.260000228881836,23258,0.0,0.0
2024-10-11 12:15:00-04:00,7.260000228881836,7.269999980926514,7.260000228881836,7.264999866485596,10025,0.0,0.0
2024-10-11 12:20:00-04:00,7.264999866485596,7.276000022888184,7.25439977645874,7.260000228881836,55612,0.0,0.0
2024-10-11 12:25:00-04:00,7.255000114440918,7.269999980926514,7.255000114440918,7.259900093078613,51453,0.0,0.0
2024-10-11 12:30:00-04:00,7.255000114440918,7.269999980926514,7.250899791717529,7.260000228881836,51998,0.0,0.0
2024-10-11 12:35:00-04:00,7.260000228881836,7.269999980926514,7.260000228881836,7.264999866485596,8821,0.0,0.0
2024-10-11 12:40:00-04:00,7.264999866485596,7.264999866485596,7.25,7.255000114440918,12924,0.0,0.0
2024-10-11 12:45:00-04:00,7.25,7.255000114440918,7.239999771118164,7.255000114440918,17599,0.0,0.0
2024-10-11 12:50:00-04:00,7.255000114440918,7.255000114440918,7.25,7.255000114440918,21034,0.0,0.0
2024-10-11 12:55:00-04:00,7.255000114440918,7.269999980926514,7.25,7.269999980926514,31259,0.0,0.0
2024-10-11 13:00:00-04:00,7.264999866485596,7.269999980926514,7.260799884796143,7.269999980926514,22578,0.0,0.0
2024-10-11 13:05:00-04:00,7.269999980926514,7.28000020980835,7.264999866485596,7.28000020980835,17619,0.0,0.0
2024-10-11 13:10:00-04:00,7.28000020980835,7.28000020980835,7.2600998878479,7.264999866485596,70059,0.0,0.0
2024-10-11 13:15:00-04:00,7.264999866485596,7.264999866485596,7.25,7.25,29711,0.0,0.0
2024-10-11 13:20:00-04:00,7.255000114440918,7.265999794006348,7.254000186920166,7.260000228881836,38117,0.0,0.0
2024-10-11 13:25:00-04:00,7.260000228881836,7.269999980926514,7.260000228881836,7.263999938964844,16012,0.0,0.0
2024-10-11 13:30:00-04:00,7.264999866485596,7.269999980926514,7.255000114440918,7.264999866485596,49523,0.0,0.0
2024-10-11 13:35:00-04:00,7.260000228881836,7.264999866485596,7.260000228881836,7.264999866485596,6833,0.0,0.0
2024-10-11 13:40:00-04:00,7.260000228881836,7.260000228881836,7.234000205993652,7.238800048828125,45119,0.0,0.0
2024-10-11 13:45:00-04:00,7.235000133514404,7.239999771118164,7.234000205993652,7.239999771118164,10832,0.0,0.0
2024-10-11 13:50:00-04:00,7.235000133514404,7.239999771118164,7.230000019073486,7.235000133514404,28872,0.0,0.0
2024-10-11 13:55:00-04:00,7.235000133514404,7.239999771118164,7.235000133514404,7.239999771118164,12688,0.0,0.0
2024-10-11 14:00:00-04:00,7.239999771118164,7.244999885559082,7.210000038146973,7.215000152587891,83937,0.0,0.0
2024-10-11 14:05:00-04:00,7.215000152587891,7.235000133514404,7.204999923706055,7.235000133514404,62604,0.0,0.0
2024-10-11 14:10:00-04:00,7.230000019073486,7.230000019073486,7.21999979019165,7.224999904632568,41845,0.0,0.0
2024-10-11 14:15:00-04:00,7.224999904632568,7.239200115203857,7.21999979019165,7.235000133514404,24537,0.0,0.0
2024-10-11 14:20:00-04:00,7.239999771118164,7.239999771118164,7.215000152587891,7.224999904632568,82058,0.0,0.0
2024-10-11 14:25:00-04:00,7.224999904632568,7.230000019073486,7.224999904632568,7.224999904632568,7959,0.0,0.0
2024-10-11 14:30:00-04:00,7.224999904632568,7.230000019073486,7.215000152587891,7.215000152587891,30943,0.0,0.0
2024-10-11 14:35:00-04:00,7.215000152587891,7.21999979019165,7.204999923706055,7.21999979019165,25900,0.0,0.0
2024-10-11 14:40:00-04:00,7.21999979019165,7.239999771118164,7.215000152587891,7.239999771118164,42441,0.0,0.0
2024-10-11 14:45:00-04:00,7.235799789428711,7.239999771118164,7.230000019073486,7.235000133514404,6555,0.0,0.0
2024-10-11 14:50:00-04:00,7.235000133514404,7.235000133514404,7.215000152587891,7.21999979019165,22155,0.0,0.0
2024-10-11 14:55:00-04:00,7.215000152587891,7.230000019073486,7.210000038146973,7.215000152587891,101138,0.0,0.0
2024-10-11 15:00:00-04:00,7.210000038146973,7.21999979019165,7.210000038146973,7.210000038146973,23033,0.0,0.0
2024-10-11 15:05:00-04:00,7.215000152587891,7.230000019073486,7.210000038146973,7.224999904632568,18214,0.0,0.0
2024-10-11 15:10:00-04:00,7.224999904632568,7.230000019073486,7.21999979019165,7.229000091552734,10955,0.0,0.0
2024-10-11 15:15:00-04:00,7.224999904632568,7.25,7.224999904632568,7.244999885559082,55093,0.0,0.0
2024-10-11 15:20:00-04:00,7.244999885559082,7.260000228881836,7.244999885559082,7.25,23385,0.0,0.0
2024-10-11 15:25:00-04:00,7.25,7.260000228881836,7.25,7.255000114440918,15774,0.0,0.0
2024-10-11 15:30:00-04:00,7.255000114440918,7.255000114440918,7.240099906921387,7.25,49285,0.0,0.0
2024-10-11 15:35:00-04:00,7.244999885559082,7.260000228881836,7.235000133514404,7.260000228881836,88835,0.0,0.0
2024-10-11 15:40:00-04:00,7.255000114440918,7.260000228881836,7.25,7.255000114440918,33080,0.0,0.0
2024-10-11 15:45:00-04:00,7.255000114440918,7.260000228881836,7.255000114440918,7.260000228881836,39008,0.0,0.0
2024-10-11 15:50:00-04:00,7.255000114440918,7.260000228881836,7.25,7.255000114440918,83479,0.0,0.0
2024-10-11 15:55:00-04:00,7.25,7.260000228881836,7.239999771118164,7.244999885559082,365210,0.0,0.0
