Datetime,Open,High,Low,Close,Volume,Dividends,Stock Splits
2024-09-12 09:30:00-04:00,0.4000999927520752,0.4300000071525574,0.38999998569488525,0.42739999294281006,18859798,0.0,0.0
2024-09-12 09:35:00-04:00,0.42739999294281006,0.427700012922287,0.4020000100135803,0.4020000100135803,1118413,0.0,0.0
2024-09-12 09:40:00-04:00,0.4000000059604645,0.4043999910354614,0.3499999940395355,0.3707999885082245,1362469,0.0,0.0
2024-09-12 09:45:00-04:00,0.37229999899864197,0.3840000033378601,0.3659000098705292,0.3716999888420105,693037,0.0,0.0
2024-09-12 09:50:00-04:00,0.37299999594688416,0.38999998569488525,0.37130001187324524,0.38989999890327454,382650,0.0,0.0
2024-09-12 09:55:00-04:00,0.3898000121116638,0.3937999904155731,0.373199999332428,0.3822999894618988,317573,0.0,0.0
2024-09-12 10:00:00-04:00,0.38179999589920044,0.38179999589920044,0.34130001068115234,0.3449999988079071,818254,0.0,0.0
2024-09-12 10:05:00-04:00,0.3467000126838684,0.3528999984264374,0.32910001277923584,0.3328000009059906,509134,0.0,0.0
2024-09-12 10:10:00-04:00,0.3328000009059906,0.3529999852180481,0.3328000009059906,0.35010001063346863,392083,0.0,0.0
2024-09-12 10:15:00-04:00,0.35010001063346863,0.35010001063346863,0.33809998631477356,0.33820000290870667,157120,0.0,0.0
2024-09-12 10:20:00-04:00,0.34049999713897705,0.36000001430511475,0.33899998664855957,0.3596000075340271,274518,0.0,0.0
2024-09-12 10:25:00-04:00,0.3589000105857849,0.3596000075340271,0.34290000796318054,0.34689998626708984,111284,0.0,0.0
2024-09-12 10:30:00-04:00,0.35249999165534973,0.36890000104904175,0.34630000591278076,0.36059999465942383,142113,0.0,0.0
2024-09-12 10:35:00-04:00,0.36059999465942383,0.3666999936103821,0.352400004863739,0.3555000126361847,52352,0.0,0.0
2024-09-12 10:40:00-04:00,0.35989999771118164,0.3619999885559082,0.3463999927043915,0.3465999960899353,170985,0.0,0.0
2024-09-12 10:45:00-04:00,0.3465999960899353,0.3582000136375427,0.3463999927043915,0.35030001401901245,181477,0.0,0.0
2024-09-12 10:50:00-04:00,0.3538999855518341,0.35749998688697815,0.34459999203681946,0.34470000863075256,80399,0.0,0.0
2024-09-12 10:55:00-04:00,0.34470000863075256,0.3546999990940094,0.34299999475479126,0.34389999508857727,57618,0.0,0.0
2024-09-12 11:00:00-04:00,0.3400000035762787,0.34599998593330383,0.33709999918937683,0.34060001373291016,89296,0.0,0.0
2024-09-12 11:05:00-04:00,0.34130001068115234,0.3449999988079071,0.3386000096797943,0.3425999879837036,34359,0.0,0.0
2024-09-12 11:10:00-04:00,0.3425000011920929,0.35519999265670776,0.3425000011920929,0.35440000891685486,83188,0.0,0.0
2024-09-12 11:15:00-04:00,0.34369999170303345,0.35010001063346863,0.3391000032424927,0.34040001034736633,157711,0.0,0.0
2024-09-12 11:20:00-04:00,0.34040001034736633,0.3467000126838684,0.33329999446868896,0.33340001106262207,54119,0.0,0.0
2024-09-12 11:25:00-04:00,0.33340001106262207,0.3400000035762787,0.33340001106262207,0.3391000032424927,32866,0.0,0.0
2024-09-12 11:30:00-04:00,0.33899998664855957,0.34220001101493835,0.33899998664855957,0.34220001101493835,29992,0.0,0.0
2024-09-12 11:35:00-04:00,0.34220001101493835,0.34450000524520874,0.3400000035762787,0.34049999713897705,42969,0.0,0.0
2024-09-12 11:40:00-04:00,0.34439998865127563,0.34470000863075256,0.34049999713897705,0.34299999475479126,33740,0.0,0.0
2024-09-12 11:45:00-04:00,0.34060001373291016,0.3427000045776367,0.3400000035762787,0.3402000069618225,53125,0.0,0.0
2024-09-12 11:50:00-04:00,0.3402999937534332,0.3547999858856201,0.3402999937534332,0.3497999906539917,91865,0.0,0.0
2024-09-12 11:55:00-04:00,0.3540000021457672,0.3540000021457672,0.3481000065803528,0.3522000014781952,105052,0.0,0.0
2024-09-12 12:00:00-04:00,0.3522000014781952,0.3522000014781952,0.34150001406669617,0.3416000008583069,48137,0.0,0.0
2024-09-12 12:05:00-04:00,0.34360000491142273,0.35010001063346863,0.33500000834465027,0.3352000117301941,162279,0.0,0.0
2024-09-12 12:10:00-04:00,0.3352999985218048,0.3411000072956085,0.33340001106262207,0.33500000834465027,71553,0.0,0.0
2024-09-12 12:15:00-04:00,0.335099995136261,0.33880001306533813,0.33500000834465027,0.33799999952316284,74659,0.0,0.0
2024-09-12 12:20:00-04:00,0.33799999952316284,0.33880001306533813,0.3330000042915344,0.33309999108314514,123230,0.0,0.0
2024-09-12 12:25:00-04:00,0.33309999108314514,0.3393999934196472,0.3330000042915344,0.3336000144481659,158036,0.0,0.0
2024-09-12 12:30:00-04:00,0.3336000144481659,0.3375000059604645,0.32679998874664307,0.3278999924659729,206006,0.0,0.0
2024-09-12 12:35:00-04:00,0.325300008058548,0.32829999923706055,0.3192000091075897,0.322299987077713,132570,0.0,0.0
2024-09-12 12:40:00-04:00,0.32600000500679016,0.328000009059906,0.322299987077713,0.3224000036716461,59676,0.0,0.0
2024-09-12 12:45:00-04:00,0.3228999972343445,0.3278999924659729,0.3224000036716461,0.32670000195503235,46339,0.0,0.0
2024-09-12 12:50:00-04:00,0.3239000141620636,0.3278999924659729,0.32249999046325684,0.3244999945163727,9623,0.0,0.0
2024-09-12 12:55:00-04:00,0.32600000500679016,0.33090001344680786,0.3244999945163727,0.3244999945163727,28542,0.0,0.0
2024-09-12 13:00:00-04:00,0.3249000012874603,0.32989999651908875,0.3224000036716461,0.32249999046325684,27316,0.0,0.0
2024-09-12 13:05:00-04:00,0.33000001311302185,0.3310000002384186,0.323199987411499,0.3310000002384186,21788,0.0,0.0
2024-09-12 13:10:00-04:00,0.33000001311302185,0.33980000019073486,0.3287999927997589,0.3314000070095062,91921,0.0,0.0
2024-09-12 13:15:00-04:00,0.335099995136261,0.34200000762939453,0.335099995136261,0.3352999985218048,36779,0.0,0.0
2024-09-12 13:20:00-04:00,0.33550000190734863,0.3522999882698059,0.3199999928474426,0.3199999928474426,309484,0.0,0.0
2024-09-12 13:25:00-04:00,0.32120001316070557,0.3488999903202057,0.32120001316070557,0.3400000035762787,55043,0.0,0.0
2024-09-12 13:30:00-04:00,0.3424000144004822,0.3424000144004822,0.33980000019073486,0.3400999903678894,11841,0.0,0.0
2024-09-12 13:35:00-04:00,0.33869999647140503,0.3393999934196472,0.3370000123977661,0.3393999934196472,16468,0.0,0.0
2024-09-12 13:40:00-04:00,0.3393999934196472,0.3395000100135803,0.3352999985218048,0.3395000100135803,39250,0.0,0.0
2024-09-12 13:45:00-04:00,0.33899998664855957,0.33899998664855957,0.33059999346733093,0.3334999978542328,2270,0.0,0.0
2024-09-12 13:50:00-04:00,0.3334999978542328,0.3334999978542328,0.33340001106262207,0.33340001106262207,30091,0.0,0.0
2024-09-12 13:55:00-04:00,0.3334999978542328,0.3384000062942505,0.32839998602867126,0.32839998602867126,17771,0.0,0.0
2024-09-12 14:00:00-04:00,0.32850000262260437,0.3366999924182892,0.32850000262260437,0.3366999924182892,14297,0.0,0.0
2024-09-12 14:05:00-04:00,0.32850000262260437,0.3303999900817871,0.32850000262260437,0.3303999900817871,16850,0.0,0.0
2024-09-12 14:10:00-04:00,0.33640000224113464,0.33640000224113464,0.32850000262260437,0.33000001311302185,19008,0.0,0.0
2024-09-12 14:15:00-04:00,0.33500000834465027,0.3361999988555908,0.33000001311302185,0.3305000066757202,12135,0.0,0.0
2024-09-12 14:20:00-04:00,0.3352999985218048,0.3352999985218048,0.32850000262260437,0.3334999978542328,19872,0.0,0.0
2024-09-12 14:25:00-04:00,0.33000001311302185,0.33489999175071716,0.33000001311302185,0.33250001072883606,2924,0.0,0.0
2024-09-12 14:30:00-04:00,0.33489999175071716,0.33489999175071716,0.33009999990463257,0.3301999866962433,26960,0.0,0.0
2024-09-12 14:35:00-04:00,0.3325999975204468,0.3325999975204468,0.33009999990463257,0.33009999990463257,5373,0.0,0.0
2024-09-12 14:40:00-04:00,0.32839998602867126,0.33000001311302185,0.3199999928474426,0.32710000872612,117723,0.0,0.0
2024-09-12 14:45:00-04:00,0.32710000872612,0.32739999890327454,0.32100000977516174,0.32100000977516174,16309,0.0,0.0
2024-09-12 14:50:00-04:00,0.3240000009536743,0.33500000834465027,0.32109999656677246,0.3330000042915344,138344,0.0,0.0
2024-09-12 14:55:00-04:00,0.334199994802475,0.33649998903274536,0.3273000121116638,0.3273000121116638,45224,0.0,0.0
2024-09-12 15:00:00-04:00,0.32820001244544983,0.33640000224113464,0.32820001244544983,0.33399999141693115,14096,0.0,0.0
2024-09-12 15:05:00-04:00,0.33799999952316284,0.34529998898506165,0.328000009059906,0.328900009393692,69024,0.0,0.0
2024-09-12 15:10:00-04:00,0.328900009393692,0.3499999940395355,0.328900009393692,0.3499000072479248,128588,0.0,0.0
2024-09-12 15:15:00-04:00,0.34610000252723694,0.35569998621940613,0.34220001101493835,0.35569998621940613,248007,0.0,0.0
2024-09-12 15:20:00-04:00,0.35670000314712524,0.3693999946117401,0.3499999940395355,0.3540000021457672,305529,0.0,0.0
2024-09-12 15:25:00-04:00,0.35740000009536743,0.3628000020980835,0.3569999933242798,0.35989999771118164,81576,0.0,0.0
2024-09-12 15:30:00-04:00,0.36000001430511475,0.3628999888896942,0.35499998927116394,0.3619000017642975,27819,0.0,0.0
2024-09-12 15:35:00-04:00,0.3619000017642975,0.3619000017642975,0.3449999988079071,0.3528999984264374,117336,0.0,0.0
2024-09-12 15:40:00-04:00,0.3528999984264374,0.3564000129699707,0.3449999988079071,0.3564000129699707,48766,0.0,0.0
2024-09-12 15:45:00-04:00,0.35600000619888306,0.36899998784065247,0.3499999940395355,0.366100013256073,388643,0.0,0.0
2024-09-12 15:50:00-04:00,0.3659999966621399,0.3790000081062317,0.36169999837875366,0.36719998717308044,396985,0.0,0.0
2024-09-12 15:55:00-04:00,0.367900013923645,0.36959999799728394,0.34549999237060547,0.3508000075817108,526124,0.0,0.0
2024-09-13 09:30:00-04:00,0.33000001311302185,0.33500000834465027,0.32499998807907104,0.3255999982357025,921972,0.0,0.0
2024-09-13 09:35:00-04:00,0.3260999917984009,0.3398999869823456,0.3260999917984009,0.3393999934196472,43099,0.0,0.0
2024-09-13 09:40:00-04:00,0.3303000032901764,0.3393999934196472,0.3303000032901764,0.3303000032901764,19949,0.0,0.0
2024-09-13 09:45:00-04:00,0.3303000032901764,0.33500000834465027,0.3303000032901764,0.3303000032901764,30248,0.0,0.0
2024-09-13 09:50:00-04:00,0.3359000086784363,0.335999995470047,0.3303000032901764,0.33320000767707825,15945,0.0,0.0
2024-09-13 09:55:00-04:00,0.3303999900817871,0.3319999873638153,0.3271999955177307,0.33009999990463257,30227,0.0,0.0
2024-09-13 10:00:00-04:00,0.3301999866962433,0.33059999346733093,0.31349998712539673,0.31349998712539673,296328,0.0,0.0
2024-09-13 10:05:00-04:00,0.3160000145435333,0.3240000009536743,0.3160000145435333,0.3239000141620636,99258,0.0,0.0
2024-09-13 10:10:00-04:00,0.3240000009536743,0.32519999146461487,0.3208000063896179,0.32420000433921814,53864,0.0,0.0
2024-09-13 10:15:00-04:00,0.32519999146461487,0.3260999917984009,0.3224000036716461,0.3257000148296356,41639,0.0,0.0
2024-09-13 10:20:00-04:00,0.32600000500679016,0.3296999931335449,0.3224000036716461,0.32739999890327454,22942,0.0,0.0
2024-09-13 10:25:00-04:00,0.32499998807907104,0.335999995470047,0.32499998807907104,0.335999995470047,8273,0.0,0.0
2024-09-13 10:30:00-04:00,0.32910001277923584,0.32910001277923584,0.32910001277923584,0.32910001277923584,13549,0.0,0.0
2024-09-13 10:35:00-04:00,0.32910001277923584,0.32910001277923584,0.32910001277923584,0.32910001277923584,16975,0.0,0.0
2024-09-13 10:40:00-04:00,0.32910001277923584,0.32919999957084656,0.32910001277923584,0.32910001277923584,4364,0.0,0.0
2024-09-13 10:45:00-04:00,0.3292999863624573,0.3330000042915344,0.32919999957084656,0.3292999863624573,18735,0.0,0.0
2024-09-13 10:50:00-04:00,0.32919999957084656,0.3292999863624573,0.3240000009536743,0.32829999923706055,65700,0.0,0.0
2024-09-13 10:55:00-04:00,0.3366999924182892,0.3366999924182892,0.33379998803138733,0.33379998803138733,13448,0.0,0.0
2024-09-13 11:00:00-04:00,0.3330000042915344,0.33899998664855957,0.33009999990463257,0.33399999141693115,58209,0.0,0.0
2024-09-13 11:05:00-04:00,0.34470000863075256,0.34470000863075256,0.3346000015735626,0.3384000062942505,8152,0.0,0.0
2024-09-13 11:10:00-04:00,0.34040001034736633,0.34040001034736633,0.3400000035762787,0.3400000035762787,3971,0.0,0.0
2024-09-13 11:15:00-04:00,0.3425000011920929,0.3425000011920929,0.3384000062942505,0.3384000062942505,9536,0.0,0.0
2024-09-13 11:20:00-04:00,0.3465000092983246,0.3465000092983246,0.3384000062942505,0.3465000092983246,2819,0.0,0.0
2024-09-13 11:25:00-04:00,0.34599998593330383,0.34599998593330383,0.3384000062942505,0.3384999930858612,20765,0.0,0.0
2024-09-13 11:30:00-04:00,0.3384999930858612,0.3400000035762787,0.3384000062942505,0.3391000032424927,21061,0.0,0.0
2024-09-13 11:35:00-04:00,0.33899998664855957,0.3391000032424927,0.3366999924182892,0.3366999924182892,59839,0.0,0.0
2024-09-13 11:40:00-04:00,0.3384000062942505,0.3474999964237213,0.3370000123977661,0.3474999964237213,33303,0.0,0.0
2024-09-13 11:45:00-04:00,0.3474000096321106,0.3799999952316284,0.3474000096321106,0.37450000643730164,162787,0.0,0.0
2024-09-13 11:50:00-04:00,0.3790999948978424,0.3799999952316284,0.3718000054359436,0.3756999969482422,158916,0.0,0.0
2024-09-13 11:55:00-04:00,0.37929999828338623,0.37929999828338623,0.3628000020980835,0.3700000047683716,83241,0.0,0.0
2024-09-13 12:00:00-04:00,0.36340001225471497,0.36719998717308044,0.36340001225471497,0.3653999865055084,18310,0.0,0.0
2024-09-13 12:05:00-04:00,0.36399999260902405,0.37299999594688416,0.36329999566078186,0.36329999566078186,11000,0.0,0.0
2024-09-13 12:10:00-04:00,0.36340001225471497,0.37299999594688416,0.36329999566078186,0.3700000047683716,22045,0.0,0.0
2024-09-13 12:15:00-04:00,0.36399999260902405,0.36410000920295715,0.36399999260902405,0.36399999260902405,5872,0.0,0.0
2024-09-13 12:20:00-04:00,0.36399999260902405,0.36880001425743103,0.36399999260902405,0.36410000920295715,27750,0.0,0.0
2024-09-13 12:25:00-04:00,0.3716999888420105,0.3716999888420105,0.36399999260902405,0.36399999260902405,12920,0.0,0.0
2024-09-13 12:30:00-04:00,0.36399999260902405,0.364300012588501,0.3619000017642975,0.364300012588501,45220,0.0,0.0
2024-09-13 12:35:00-04:00,0.3580000102519989,0.36309999227523804,0.3580000102519989,0.3580999970436096,20514,0.0,0.0
2024-09-13 12:40:00-04:00,0.36230000853538513,0.36230000853538513,0.36230000853538513,0.36230000853538513,1544,0.0,0.0
2024-09-13 12:45:00-04:00,0.3610000014305115,0.36559998989105225,0.3610000014305115,0.3610000014305115,9921,0.0,0.0
2024-09-13 12:50:00-04:00,0.3610999882221222,0.3610999882221222,0.34700000286102295,0.34709998965263367,23259,0.0,0.0
2024-09-13 12:55:00-04:00,0.34779998660087585,0.36480000615119934,0.34709998965263367,0.36480000615119934,43193,0.0,0.0
2024-09-13 13:00:00-04:00,0.3598000109195709,0.3695000112056732,0.3596999943256378,0.3695000112056732,5595,0.0,0.0
2024-09-13 13:05:00-04:00,0.35989999771118164,0.36629998683929443,0.35989999771118164,0.3659000098705292,4297,0.0,0.0
2024-09-13 13:10:00-04:00,0.36820000410079956,0.36820000410079956,0.36820000410079956,0.36820000410079956,2024,0.0,0.0
2024-09-13 13:15:00-04:00,0.36399999260902405,0.36399999260902405,0.36010000109672546,0.3601999878883362,20091,0.0,0.0
2024-09-13 13:20:00-04:00,0.3601999878883362,0.36800000071525574,0.3598000109195709,0.36800000071525574,17677,0.0,0.0
2024-09-13 13:25:00-04:00,0.3668000102043152,0.3700000047683716,0.36010000109672546,0.3700000047683716,3331,0.0,0.0
2024-09-13 13:30:00-04:00,0.3603000044822693,0.3603000044822693,0.3601999878883362,0.3601999878883362,16844,0.0,0.0
2024-09-13 13:35:00-04:00,0.3603000044822693,0.3603000044822693,0.3601999878883362,0.3601999878883362,3698,0.0,0.0
2024-09-13 13:40:00-04:00,0.36469998955726624,0.36469998955726624,0.36469998955726624,0.36469998955726624,775,0.0,0.0
2024-09-13 13:45:00-04:00,0.3603000044822693,0.36880001425743103,0.36010000109672546,0.36010000109672546,29036,0.0,0.0
2024-09-13 13:50:00-04:00,0.3601999878883362,0.36399999260902405,0.3601999878883362,0.36399999260902405,4938,0.0,0.0
2024-09-13 13:55:00-04:00,0.36010000109672546,0.36010000109672546,0.36010000109672546,0.36010000109672546,1231,0.0,0.0
2024-09-13 14:05:00-04:00,0.3603000044822693,0.3603000044822693,0.3603000044822693,0.3603000044822693,382,0.0,0.0
2024-09-13 14:10:00-04:00,0.367000013589859,0.367000013589859,0.367000013589859,0.367000013589859,1556,0.0,0.0
2024-09-13 14:15:00-04:00,0.36800000071525574,0.36800000071525574,0.3610000014305115,0.36169999837875366,18157,0.0,0.0
2024-09-13 14:25:00-04:00,0.36169999837875366,0.3671000003814697,0.36000001430511475,0.36000001430511475,17884,0.0,0.0
2024-09-13 14:30:00-04:00,0.36000001430511475,0.3625999987125397,0.3596999943256378,0.3625999987125397,7084,0.0,0.0
2024-09-13 14:35:00-04:00,0.36000001430511475,0.36000001430511475,0.35409998893737793,0.35420000553131104,7259,0.0,0.0
2024-09-13 14:40:00-04:00,0.35420000553131104,0.3598000109195709,0.3540000021457672,0.3540000021457672,6090,0.0,0.0
2024-09-13 14:45:00-04:00,0.35600000619888306,0.35600000619888306,0.3472000062465668,0.3472000062465668,20775,0.0,0.0
2024-09-13 14:50:00-04:00,0.3474000096321106,0.3474000096321106,0.3474000096321106,0.3474000096321106,0,0.0,0.0
2024-09-13 14:55:00-04:00,0.35600000619888306,0.35600000619888306,0.34709998965263367,0.34709998965263367,8713,0.0,0.0
2024-09-13 15:00:00-04:00,0.3472000062465668,0.3474999964237213,0.34709998965263367,0.34709998965263367,5865,0.0,0.0
2024-09-13 15:05:00-04:00,0.34700000286102295,0.3490999937057495,0.3400000035762787,0.3400000035762787,5934,0.0,0.0
2024-09-13 15:10:00-04:00,0.3400000035762787,0.34790000319480896,0.3400000035762787,0.3400000035762787,11474,0.0,0.0
2024-09-13 15:15:00-04:00,0.3441999852657318,0.3441999852657318,0.3441999852657318,0.3441999852657318,1461,0.0,0.0
2024-09-13 15:20:00-04:00,0.33980000019073486,0.33980000019073486,0.33970001339912415,0.33970001339912415,3833,0.0,0.0
2024-09-13 15:25:00-04:00,0.335099995136261,0.335099995136261,0.335099995136261,0.335099995136261,1194,0.0,0.0
2024-09-13 15:30:00-04:00,0.33980000019073486,0.3440000116825104,0.3352000117301941,0.34279999136924744,11238,0.0,0.0
2024-09-13 15:35:00-04:00,0.3441999852657318,0.3499999940395355,0.33970001339912415,0.3499999940395355,14204,0.0,0.0
2024-09-13 15:40:00-04:00,0.3499999940395355,0.3499999940395355,0.3499999940395355,0.3499999940395355,2783,0.0,0.0
2024-09-13 15:45:00-04:00,0.3499999940395355,0.3499999940395355,0.3418999910354614,0.3418999910354614,7194,0.0,0.0
2024-09-13 15:50:00-04:00,0.3474000096321106,0.3497999906539917,0.3384000062942505,0.34310001134872437,61425,0.0,0.0
2024-09-13 15:55:00-04:00,0.3407999873161316,0.3425000011920929,0.3352000117301941,0.3357999920845032,61184,0.0,0.0
2024-09-16 09:30:00-04:00,0.3330000042915344,0.3330000042915344,0.32440000772476196,0.32899999618530273,123196,0.0,0.0
2024-09-16 09:35:00-04:00,0.32989999651908875,0.32989999651908875,0.32440000772476196,0.32499998807907104,23538,0.0,0.0
2024-09-16 09:40:00-04:00,0.32499998807907104,0.32510000467300415,0.32499998807907104,0.32499998807907104,14324,0.0,0.0
2024-09-16 09:45:00-04:00,0.32510000467300415,0.3278999924659729,0.32409998774528503,0.32589998841285706,18040,0.0,0.0
2024-09-16 09:50:00-04:00,0.32409998774528503,0.33149999380111694,0.32409998774528503,0.33149999380111694,12105,0.0,0.0
2024-09-16 09:55:00-04:00,0.32600000500679016,0.328000009059906,0.32600000500679016,0.328000009059906,4179,0.0,0.0
2024-09-16 10:00:00-04:00,0.3260999917984009,0.3352000117301941,0.32499998807907104,0.3352000117301941,48630,0.0,0.0
2024-09-16 10:05:00-04:00,0.33070001006126404,0.33070001006126404,0.33070001006126404,0.33070001006126404,757,0.0,0.0
2024-09-16 10:10:00-04:00,0.33079999685287476,0.3395000100135803,0.33070001006126404,0.3395000100135803,29556,0.0,0.0
2024-09-16 10:15:00-04:00,0.33899998664855957,0.33899998664855957,0.33899998664855957,0.33899998664855957,5735,0.0,0.0
2024-09-16 10:20:00-04:00,0.33899998664855957,0.33899998664855957,0.33219999074935913,0.33219999074935913,16373,0.0,0.0
2024-09-16 10:25:00-04:00,0.3319999873638153,0.33219999074935913,0.3319999873638153,0.33219999074935913,13910,0.0,0.0
2024-09-16 10:30:00-04:00,0.33219999074935913,0.33219999074935913,0.32510000467300415,0.33180001378059387,103089,0.0,0.0
2024-09-16 10:35:00-04:00,0.3276999890804291,0.32989999651908875,0.3199999928474426,0.3215000033378601,41533,0.0,0.0
2024-09-16 10:40:00-04:00,0.3253999948501587,0.3253999948501587,0.3188000023365021,0.3188999891281128,24711,0.0,0.0
2024-09-16 10:45:00-04:00,0.320499986410141,0.320499986410141,0.3190000057220459,0.3190000057220459,15217,0.0,0.0
2024-09-16 10:50:00-04:00,0.3197000026702881,0.3253999948501587,0.319599986076355,0.3253999948501587,10326,0.0,0.0
2024-09-16 10:55:00-04:00,0.3206000030040741,0.3206000030040741,0.3190999925136566,0.3192000091075897,16389,0.0,0.0
2024-09-16 11:00:00-04:00,0.3172000050544739,0.3172000050544739,0.3156999945640564,0.3158000111579895,23658,0.0,0.0
2024-09-16 11:05:00-04:00,0.3176000118255615,0.3176000118255615,0.3149999976158142,0.31529998779296875,14954,0.0,0.0
2024-09-16 11:10:00-04:00,0.3174000084400177,0.3237000107765198,0.3156999945640564,0.3237000107765198,32315,0.0,0.0
2024-09-16 11:15:00-04:00,0.3156999945640564,0.3188999891281128,0.3100000023841858,0.3188999891281128,35600,0.0,0.0
2024-09-16 11:20:00-04:00,0.31209999322891235,0.31540000438690186,0.31209999322891235,0.31209999322891235,2006,0.0,0.0
2024-09-16 11:25:00-04:00,0.31380000710487366,0.31380000710487366,0.31200000643730164,0.31200000643730164,5117,0.0,0.0
2024-09-16 11:30:00-04:00,0.31380000710487366,0.31700000166893005,0.31380000710487366,0.31700000166893005,22424,0.0,0.0
2024-09-16 11:40:00-04:00,0.3102000057697296,0.3102000057697296,0.3021000027656555,0.3021000027656555,39868,0.0,0.0
2024-09-16 11:45:00-04:00,0.3021000027656555,0.3059000074863434,0.3021000027656555,0.3059000074863434,3577,0.0,0.0
2024-09-16 11:50:00-04:00,0.30799999833106995,0.31119999289512634,0.3075999915599823,0.30809998512268066,4818,0.0,0.0
2024-09-16 12:00:00-04:00,0.31209999322891235,0.3125999867916107,0.30570000410079956,0.3125999867916107,23027,0.0,0.0
2024-09-16 12:05:00-04:00,0.3125999867916107,0.3127000033855438,0.3050999939441681,0.3050999939441681,3165,0.0,0.0
2024-09-16 12:10:00-04:00,0.3100000023841858,0.3127000033855438,0.30709999799728394,0.3077000081539154,15281,0.0,0.0
2024-09-16 12:15:00-04:00,0.3061000108718872,0.3158999979496002,0.3061000108718872,0.3158999979496002,18826,0.0,0.0
2024-09-16 12:20:00-04:00,0.3100000023841858,0.3100000023841858,0.3091000020503998,0.3091000020503998,19378,0.0,0.0
2024-09-16 12:25:00-04:00,0.3091000020503998,0.3147999942302704,0.3043999969959259,0.3043999969959259,10309,0.0,0.0
2024-09-16 12:35:00-04:00,0.304500013589859,0.30970001220703125,0.30399999022483826,0.30559998750686646,7001,0.0,0.0
2024-09-16 12:40:00-04:00,0.30309998989105225,0.30320000648498535,0.30309998989105225,0.30320000648498535,2433,0.0,0.0
2024-09-16 12:45:00-04:00,0.30309998989105225,0.3100000023841858,0.30309998989105225,0.30399999022483826,7740,0.0,0.0
2024-09-16 12:50:00-04:00,0.3046000003814697,0.3046000003814697,0.30399999022483826,0.30399999022483826,2769,0.0,0.0
2024-09-16 12:55:00-04:00,0.30390000343322754,0.30390000343322754,0.30320000648498535,0.30320000648498535,7472,0.0,0.0
2024-09-16 13:00:00-04:00,0.30329999327659607,0.30399999022483826,0.30329999327659607,0.30399999022483826,9799,0.0,0.0
2024-09-16 13:05:00-04:00,0.30399999022483826,0.30399999022483826,0.30399999022483826,0.30399999022483826,4792,0.0,0.0
2024-09-16 13:10:00-04:00,0.30390000343322754,0.30399999022483826,0.30320000648498535,0.30320000648498535,7271,0.0,0.0
2024-09-16 13:15:00-04:00,0.30219998955726624,0.303600013256073,0.30219998955726624,0.303600013256073,11615,0.0,0.0
2024-09-16 13:20:00-04:00,0.303600013256073,0.303600013256073,0.303600013256073,0.303600013256073,952,0.0,0.0
2024-09-16 13:30:00-04:00,0.3061000108718872,0.3061000108718872,0.3061000108718872,0.3061000108718872,17442,0.0,0.0
2024-09-16 13:35:00-04:00,0.30379998683929443,0.30379998683929443,0.30379998683929443,0.30379998683929443,0,0.0,0.0
2024-09-16 13:40:00-04:00,0.30379998683929443,0.31049999594688416,0.3037000000476837,0.31049999594688416,15850,0.0,0.0
2024-09-16 13:45:00-04:00,0.31200000643730164,0.31200000643730164,0.31200000643730164,0.31200000643730164,3545,0.0,0.0
2024-09-16 14:10:00-04:00,0.3199999928474426,0.3199999928474426,0.3100999891757965,0.3100999891757965,7008,0.0,0.0
2024-09-16 14:25:00-04:00,0.31779998540878296,0.31779998540878296,0.31779998540878296,0.31779998540878296,1590,0.0,0.0
2024-09-16 14:55:00-04:00,0.31279999017715454,0.31279999017715454,0.31279999017715454,0.31279999017715454,4198,0.0,0.0
2024-09-16 15:10:00-04:00,0.3100999891757965,0.31139999628067017,0.3100999891757965,0.3100999891757965,8537,0.0,0.0
2024-09-16 15:20:00-04:00,0.3100999891757965,0.3100999891757965,0.3086000084877014,0.3086000084877014,6547,0.0,0.0
2024-09-16 15:25:00-04:00,0.3086000084877014,0.3172000050544739,0.3086000084877014,0.3172000050544739,3833,0.0,0.0
2024-09-16 15:30:00-04:00,0.3084999918937683,0.32350000739097595,0.3084999918937683,0.32350000739097595,7692,0.0,0.0
2024-09-16 15:35:00-04:00,0.3086000084877014,0.3086000084877014,0.3086000084877014,0.3086000084877014,490,0.0,0.0
2024-09-16 15:40:00-04:00,0.314300000667572,0.3199999928474426,0.314300000667572,0.3199000060558319,23258,0.0,0.0
2024-09-16 15:45:00-04:00,0.3140999972820282,0.3140999972820282,0.3089999854564667,0.3089999854564667,0,0.0,0.0
2024-09-16 15:50:00-04:00,0.3140999972820282,0.3140999972820282,0.3086000084877014,0.3086000084877014,2502,0.0,0.0
2024-09-16 15:55:00-04:00,0.3084999918937683,0.31380000710487366,0.30570000410079956,0.31369999051094055,68180,0.0,0.0
2024-09-17 09:30:00-04:00,0.3043000102043152,0.30959999561309814,0.2985000014305115,0.29980000853538513,102881,0.0,0.0
2024-09-17 09:35:00-04:00,0.2985000014305115,0.2985000014305115,0.29499998688697815,0.29580000042915344,34130,0.0,0.0
2024-09-17 09:40:00-04:00,0.29580000042915344,0.30000001192092896,0.29510000348091125,0.30000001192092896,11857,0.0,0.0
2024-09-17 09:45:00-04:00,0.30000001192092896,0.30000001192092896,0.29750001430511475,0.29750001430511475,9065,0.0,0.0
2024-09-17 09:50:00-04:00,0.29760000109672546,0.30230000615119934,0.29760000109672546,0.30230000615119934,3276,0.0,0.0
2024-09-17 10:00:00-04:00,0.30000001192092896,0.30399999022483826,0.30000001192092896,0.30399999022483826,11652,0.0,0.0
2024-09-17 10:05:00-04:00,0.30070000886917114,0.30070000886917114,0.30070000886917114,0.30070000886917114,2815,0.0,0.0
2024-09-17 10:10:00-04:00,0.30390000343322754,0.30390000343322754,0.30070000886917114,0.30070000886917114,6274,0.0,0.0
2024-09-17 10:20:00-04:00,0.29989999532699585,0.29989999532699585,0.29989999532699585,0.29989999532699585,4426,0.0,0.0
2024-09-17 10:25:00-04:00,0.30000001192092896,0.3050000071525574,0.30000001192092896,0.3050000071525574,29093,0.0,0.0
2024-09-17 10:30:00-04:00,0.3009999990463257,0.3009999990463257,0.3009999990463257,0.3009999990463257,0,0.0,0.0
2024-09-17 10:35:00-04:00,0.3009999990463257,0.3009999990463257,0.30090001225471497,0.30090001225471497,7140,0.0,0.0
2024-09-17 10:45:00-04:00,0.3000999987125397,0.30090001225471497,0.29440000653266907,0.29440000653266907,23771,0.0,0.0
2024-09-17 10:50:00-04:00,0.29440000653266907,0.2976999878883362,0.29440000653266907,0.2971999943256378,16739,0.0,0.0
2024-09-17 10:55:00-04:00,0.30649998784065247,0.3100000023841858,0.30649998784065247,0.3100000023841858,4915,0.0,0.0
2024-09-17 11:00:00-04:00,0.29499998688697815,0.295199990272522,0.29499998688697815,0.295199990272522,7000,0.0,0.0
2024-09-17 11:05:00-04:00,0.29980000853538513,0.29980000853538513,0.2987000048160553,0.29899999499320984,16424,0.0,0.0
2024-09-17 11:10:00-04:00,0.29899999499320984,0.304500013589859,0.29820001125335693,0.29820001125335693,0,0.0,0.0
2024-09-17 11:15:00-04:00,0.29750001430511475,0.29750001430511475,0.2962000072002411,0.2962000072002411,11482,0.0,0.0
2024-09-17 11:20:00-04:00,0.2962000072002411,0.2962000072002411,0.2962000072002411,0.2962000072002411,2420,0.0,0.0
2024-09-17 11:25:00-04:00,0.2971000075340271,0.30399999022483826,0.2971000075340271,0.30399999022483826,2522,0.0,0.0
2024-09-17 11:30:00-04:00,0.3050000071525574,0.3050000071525574,0.3050000071525574,0.3050000071525574,502,0.0,0.0
2024-09-17 11:40:00-04:00,0.29899999499320984,0.3100000023841858,0.2962000072002411,0.3100000023841858,5707,0.0,0.0
2024-09-17 11:45:00-04:00,0.3050000071525574,0.3050000071525574,0.3050000071525574,0.3050000071525574,550,0.0,0.0
2024-09-17 11:50:00-04:00,0.2962000072002411,0.3100000023841858,0.2962000072002411,0.3100000023841858,5998,0.0,0.0
2024-09-17 12:05:00-04:00,0.30399999022483826,0.30399999022483826,0.30399999022483826,0.30399999022483826,602,0.0,0.0
2024-09-17 12:20:00-04:00,0.30000001192092896,0.3070000112056732,0.30000001192092896,0.3070000112056732,3199,0.0,0.0
2024-09-17 12:30:00-04:00,0.3000999987125397,0.3000999987125397,0.3000999987125397,0.3000999987125397,2719,0.0,0.0
2024-09-17 12:40:00-04:00,0.3005000054836273,0.3005000054836273,0.3005000054836273,0.3005000054836273,770,0.0,0.0
2024-09-17 12:45:00-04:00,0.3001999855041504,0.30640000104904175,0.30000001192092896,0.30320000648498535,44724,0.0,0.0
2024-09-17 12:50:00-04:00,0.30320000648498535,0.30320000648498535,0.30320000648498535,0.30320000648498535,500,0.0,0.0
2024-09-17 12:55:00-04:00,0.3070000112056732,0.3070000112056732,0.3050999939441681,0.3050999939441681,7012,0.0,0.0
2024-09-17 13:00:00-04:00,0.3100000023841858,0.3100000023841858,0.3000999987125397,0.3000999987125397,4660,0.0,0.0
2024-09-17 13:05:00-04:00,0.3098999857902527,0.3098999857902527,0.3000999987125397,0.3000999987125397,8403,0.0,0.0
2024-09-17 13:20:00-04:00,0.3012999892234802,0.30250000953674316,0.30070000886917114,0.30070000886917114,4129,0.0,0.0
2024-09-17 13:25:00-04:00,0.3001999855041504,0.3037000000476837,0.3001999855041504,0.3037000000476837,12298,0.0,0.0
2024-09-17 13:30:00-04:00,0.30399999022483826,0.305400013923645,0.30399999022483826,0.305400013923645,422,0.0,0.0
2024-09-17 13:40:00-04:00,0.3001999855041504,0.3001999855041504,0.3001999855041504,0.3001999855041504,2457,0.0,0.0
2024-09-17 13:55:00-04:00,0.3010999858379364,0.3075000047683716,0.30000001192092896,0.3075000047683716,19242,0.0,0.0
2024-09-17 14:00:00-04:00,0.3107999861240387,0.3107999861240387,0.3107999861240387,0.3107999861240387,16330,0.0,0.0
2024-09-17 14:10:00-04:00,0.3009999990463257,0.3009999990463257,0.3009999990463257,0.3009999990463257,0,0.0,0.0
2024-09-17 14:15:00-04:00,0.2985000014305115,0.2985000014305115,0.2985000014305115,0.2985000014305115,701,0.0,0.0
2024-09-17 14:20:00-04:00,0.2985999882221222,0.30300000309944153,0.2985999882221222,0.30230000615119934,866,0.0,0.0
2024-09-17 14:25:00-04:00,0.2992999851703644,0.3009999990463257,0.2985000014305115,0.3009999990463257,6554,0.0,0.0
2024-09-17 14:30:00-04:00,0.29649999737739563,0.2969000041484833,0.29649999737739563,0.2969000041484833,2048,0.0,0.0
2024-09-17 14:35:00-04:00,0.30550000071525574,0.30550000071525574,0.29679998755455017,0.29679998755455017,14621,0.0,0.0
2024-09-17 14:40:00-04:00,0.2985000014305115,0.2985000014305115,0.2985000014305115,0.2985000014305115,15314,0.0,0.0
2024-09-17 14:55:00-04:00,0.2985999882221222,0.3041999936103821,0.2985000014305115,0.3041999936103821,7523,0.0,0.0
2024-09-17 15:10:00-04:00,0.3041999936103821,0.3041999936103821,0.3041999936103821,0.3041999936103821,1294,0.0,0.0
2024-09-17 15:15:00-04:00,0.3068000078201294,0.3068000078201294,0.3068000078201294,0.3068000078201294,1130,0.0,0.0
2024-09-17 15:20:00-04:00,0.3068000078201294,0.3068000078201294,0.3068000078201294,0.3068000078201294,58189,0.0,0.0
2024-09-17 15:25:00-04:00,0.3009999990463257,0.3009999990463257,0.3009999990463257,0.3009999990463257,1765,0.0,0.0
2024-09-17 15:30:00-04:00,0.30799999833106995,0.30799999833106995,0.30799999833106995,0.30799999833106995,570,0.0,0.0
2024-09-17 15:35:00-04:00,0.30410000681877136,0.30799999833106995,0.30410000681877136,0.30799999833106995,1541,0.0,0.0
2024-09-17 15:40:00-04:00,0.3050000071525574,0.30790001153945923,0.3050000071525574,0.30790001153945923,17503,0.0,0.0
2024-09-17 15:50:00-04:00,0.3050000071525574,0.30790001153945923,0.3009999990463257,0.3050000071525574,20531,0.0,0.0
2024-09-17 15:55:00-04:00,0.3010999858379364,0.3010999858379364,0.29649999737739563,0.29750001430511475,12780,0.0,0.0
2024-09-18 09:30:00-04:00,0.30300000309944153,0.3151000142097473,0.2815999984741211,0.2962999939918518,478074,0.0,0.0
2024-09-18 09:35:00-04:00,0.2906000018119812,0.3050000071525574,0.2906000018119812,0.30480000376701355,45368,0.0,0.0
2024-09-18 09:40:00-04:00,0.3050000071525574,0.3050000071525574,0.29260000586509705,0.30000001192092896,23660,0.0,0.0
2024-09-18 09:45:00-04:00,0.29260000586509705,0.3050000071525574,0.28600001335144043,0.30399999022483826,30081,0.0,0.0
2024-09-18 09:50:00-04:00,0.28999999165534973,0.30379998683929443,0.2854999899864197,0.2858000099658966,76583,0.0,0.0
2024-09-18 09:55:00-04:00,0.29030001163482666,0.29899999499320984,0.29019999504089355,0.29899999499320984,11140,0.0,0.0
2024-09-18 10:00:00-04:00,0.28999999165534973,0.29899999499320984,0.2870999872684479,0.29600000381469727,18440,0.0,0.0
2024-09-18 10:05:00-04:00,0.2858000099658966,0.29499998688697815,0.2858000099658966,0.29499998688697815,1721,0.0,0.0
2024-09-18 10:10:00-04:00,0.2856000065803528,0.2913999855518341,0.2831000089645386,0.2913999855518341,10240,0.0,0.0
2024-09-18 10:15:00-04:00,0.2912999987602234,0.2912999987602234,0.2849999964237213,0.29120001196861267,6653,0.0,0.0
2024-09-18 10:20:00-04:00,0.29120001196861267,0.29120001196861267,0.2849999964237213,0.2849999964237213,4016,0.0,0.0
2024-09-18 10:25:00-04:00,0.29120001196861267,0.29120001196861267,0.2849999964237213,0.29120001196861267,6253,0.0,0.0
2024-09-18 10:30:00-04:00,0.29120001196861267,0.29120001196861267,0.29120001196861267,0.29120001196861267,6031,0.0,0.0
2024-09-18 10:45:00-04:00,0.2854999899864197,0.28600001335144043,0.2800000011920929,0.2800000011920929,36986,0.0,0.0
2024-09-18 10:50:00-04:00,0.2854999899864197,0.2854999899864197,0.26820001006126404,0.2766999900341034,56962,0.0,0.0
2024-09-18 10:55:00-04:00,0.2766999900341034,0.27950000762939453,0.27309998869895935,0.2759999930858612,58896,0.0,0.0
2024-09-18 11:00:00-04:00,0.27900001406669617,0.2847000062465668,0.2750000059604645,0.2847000062465668,39447,0.0,0.0
2024-09-18 11:05:00-04:00,0.2847000062465668,0.2847000062465668,0.27000001072883606,0.28459998965263367,34851,0.0,0.0
2024-09-18 11:10:00-04:00,0.2773999869823456,0.2773999869823456,0.2773999869823456,0.2773999869823456,2574,0.0,0.0
2024-09-18 11:15:00-04:00,0.2799000144004822,0.28459998965263367,0.2700999975204468,0.28459998965263367,25575,0.0,0.0
2024-09-18 11:25:00-04:00,0.27469998598098755,0.27469998598098755,0.27469998598098755,0.27469998598098755,818,0.0,0.0
2024-09-18 11:35:00-04:00,0.27799999713897705,0.28459998965263367,0.27799999713897705,0.28450000286102295,6270,0.0,0.0
2024-09-18 11:40:00-04:00,0.28439998626708984,0.28439998626708984,0.27950000762939453,0.27950000762939453,4875,0.0,0.0
2024-09-18 11:50:00-04:00,0.2879999876022339,0.2879999876022339,0.2849999964237213,0.2849999964237213,10557,0.0,0.0
2024-09-18 11:55:00-04:00,0.28139999508857727,0.28139999508857727,0.28139999508857727,0.28139999508857727,2000,0.0,0.0
2024-09-18 12:00:00-04:00,0.2791000008583069,0.2849999964237213,0.27469998598098755,0.27469998598098755,27703,0.0,0.0
2024-09-18 12:05:00-04:00,0.2800000011920929,0.28439998626708984,0.2775000035762787,0.2800000011920929,4682,0.0,0.0
2024-09-18 12:10:00-04:00,0.2800000011920929,0.2800000011920929,0.2799000144004822,0.2800000011920929,2920,0.0,0.0
2024-09-18 12:15:00-04:00,0.2800999879837036,0.2800999879837036,0.2800999879837036,0.2800999879837036,0,0.0,0.0
2024-09-18 12:20:00-04:00,0.2824999988079071,0.2824999988079071,0.2824999988079071,0.2824999988079071,3420,0.0,0.0
2024-09-18 12:25:00-04:00,0.2849999964237213,0.28859999775886536,0.2827000021934509,0.28859999775886536,0,0.0,0.0
2024-09-18 12:30:00-04:00,0.28859999775886536,0.28859999775886536,0.28850001096725464,0.28859999775886536,3300,0.0,0.0
2024-09-18 12:40:00-04:00,0.28529998660087585,0.2939999997615814,0.28529998660087585,0.2939999997615814,31264,0.0,0.0
2024-09-18 12:45:00-04:00,0.2912999987602234,0.2939999997615814,0.2912999987602234,0.2939999997615814,8074,0.0,0.0
2024-09-18 13:05:00-04:00,0.2939999997615814,0.2939999997615814,0.2939999997615814,0.2939999997615814,2100,0.0,0.0
2024-09-18 13:10:00-04:00,0.28870001435279846,0.28870001435279846,0.28870001435279846,0.28870001435279846,0,0.0,0.0
2024-09-18 13:15:00-04:00,0.28870001435279846,0.28870001435279846,0.28870001435279846,0.28870001435279846,1487,0.0,0.0
2024-09-18 13:20:00-04:00,0.2879999876022339,0.2879999876022339,0.2879999876022339,0.2879999876022339,3865,0.0,0.0
2024-09-18 13:35:00-04:00,0.28780001401901245,0.2939999997615814,0.28040000796318054,0.2939999997615814,9202,0.0,0.0
2024-09-18 13:40:00-04:00,0.28999999165534973,0.29330000281333923,0.2800000011920929,0.2800000011920929,18782,0.0,0.0
2024-09-18 13:45:00-04:00,0.29269999265670776,0.29269999265670776,0.29269999265670776,0.29269999265670776,4228,0.0,0.0
2024-09-18 13:50:00-04:00,0.2851000130176544,0.289900004863739,0.2800000011920929,0.289900004863739,59919,0.0,0.0
2024-09-18 14:05:00-04:00,0.2849000096321106,0.2849000096321106,0.2800000011920929,0.2800000011920929,7284,0.0,0.0
2024-09-18 14:10:00-04:00,0.2897000014781952,0.2897000014781952,0.2849999964237213,0.2849999964237213,10799,0.0,0.0
2024-09-18 14:15:00-04:00,0.2824999988079071,0.2824999988079071,0.2824999988079071,0.2824999988079071,1040,0.0,0.0
2024-09-18 14:25:00-04:00,0.2831000089645386,0.2847999930381775,0.2831000089645386,0.28369998931884766,3841,0.0,0.0
2024-09-18 14:30:00-04:00,0.2831000089645386,0.2831000089645386,0.28299999237060547,0.28299999237060547,1900,0.0,0.0
2024-09-18 14:35:00-04:00,0.2831000089645386,0.28349998593330383,0.2831000089645386,0.2831000089645386,6400,0.0,0.0
2024-09-18 14:40:00-04:00,0.28299999237060547,0.2849999964237213,0.27799999713897705,0.27799999713897705,30410,0.0,0.0
2024-09-18 14:45:00-04:00,0.2815000116825104,0.2815999984741211,0.2815000116825104,0.2815999984741211,0,0.0,0.0
2024-09-18 14:55:00-04:00,0.2849999964237213,0.28540000319480896,0.28450000286102295,0.28450000286102295,16616,0.0,0.0
2024-09-18 15:00:00-04:00,0.2849999964237213,0.28519999980926514,0.2800999879837036,0.2800999879837036,18404,0.0,0.0
2024-09-18 15:20:00-04:00,0.2800999879837036,0.2800999879837036,0.2800999879837036,0.2800999879837036,4224,0.0,0.0
2024-09-18 15:25:00-04:00,0.28360000252723694,0.28360000252723694,0.28360000252723694,0.28360000252723694,2488,0.0,0.0
2024-09-18 15:30:00-04:00,0.2870999872684479,0.2870999872684479,0.2870999872684479,0.2870999872684479,1074,0.0,0.0
2024-09-18 15:35:00-04:00,0.2800000011920929,0.2800000011920929,0.2800000011920929,0.2800000011920929,200,0.0,0.0
2024-09-18 15:40:00-04:00,0.2800000011920929,0.2800000011920929,0.2800000011920929,0.2800000011920929,2602,0.0,0.0
2024-09-18 15:45:00-04:00,0.28110000491142273,0.28700000047683716,0.28110000491142273,0.28700000047683716,3815,0.0,0.0
2024-09-18 15:50:00-04:00,0.2815000116825104,0.2816999852657318,0.2815000116825104,0.2816999852657318,10294,0.0,0.0
2024-09-18 15:55:00-04:00,0.2824999988079071,0.2840000092983246,0.28119999170303345,0.28119999170303345,18118,0.0,0.0
2024-09-19 09:30:00-04:00,0.27900001406669617,0.27900001406669617,0.27900001406669617,0.27900001406669617,36656,0.0,0.0
2024-09-19 09:40:00-04:00,0.2827000021934509,0.2827000021934509,0.2827000021934509,0.2827000021934509,6529,0.0,0.0
2024-09-19 09:45:00-04:00,0.2799000144004822,0.2799000144004822,0.27959999442100525,0.27959999442100525,2425,0.0,0.0
2024-09-19 09:50:00-04:00,0.27970001101493835,0.27970001101493835,0.27970001101493835,0.27970001101493835,6725,0.0,0.0
2024-09-19 10:00:00-04:00,0.27959999442100525,0.2800000011920929,0.27959999442100525,0.2800000011920929,5076,0.0,0.0
2024-09-19 10:05:00-04:00,0.2791000008583069,0.2791000008583069,0.2791000008583069,0.2791000008583069,701,0.0,0.0
2024-09-19 10:10:00-04:00,0.2791000008583069,0.2791000008583069,0.2791000008583069,0.2791000008583069,2688,0.0,0.0
2024-09-19 10:15:00-04:00,0.2791000008583069,0.2791000008583069,0.2791000008583069,0.2791000008583069,4397,0.0,0.0
2024-09-19 10:20:00-04:00,0.2791000008583069,0.2791999876499176,0.2775000035762787,0.2775000035762787,17792,0.0,0.0
2024-09-19 10:25:00-04:00,0.27250000834465027,0.2759999930858612,0.27250000834465027,0.2759999930858612,16271,0.0,0.0
2024-09-19 10:35:00-04:00,0.27799999713897705,0.27799999713897705,0.27799999713897705,0.27799999713897705,2000,0.0,0.0
2024-09-19 10:40:00-04:00,0.2786000072956085,0.2786000072956085,0.2786000072956085,0.2786000072956085,7199,0.0,0.0
2024-09-19 10:45:00-04:00,0.27959999442100525,0.27959999442100525,0.27959999442100525,0.27959999442100525,4252,0.0,0.0
2024-09-19 10:55:00-04:00,0.2800000011920929,0.2800000011920929,0.2800000011920929,0.2800000011920929,25673,0.0,0.0
2024-09-19 11:05:00-04:00,0.2800000011920929,0.2800000011920929,0.275299996137619,0.275299996137619,60176,0.0,0.0
2024-09-19 11:15:00-04:00,0.2791000008583069,0.2791000008583069,0.2791000008583069,0.2791000008583069,13742,0.0,0.0
2024-09-19 11:20:00-04:00,0.2759000062942505,0.2791000008583069,0.2759000062942505,0.27900001406669617,601,0.0,0.0
2024-09-19 11:25:00-04:00,0.2759000062942505,0.2759000062942505,0.2759000062942505,0.2759000062942505,1686,0.0,0.0
2024-09-19 11:35:00-04:00,0.2727999985218048,0.2727999985218048,0.2727999985218048,0.2727999985218048,1000,0.0,0.0
2024-09-19 11:40:00-04:00,0.2727999985218048,0.2736999988555908,0.2727999985218048,0.2727999985218048,14770,0.0,0.0
2024-09-19 11:45:00-04:00,0.2736999988555908,0.2736999988555908,0.2736999988555908,0.2736999988555908,2101,0.0,0.0
2024-09-19 11:50:00-04:00,0.2759999930858612,0.2759999930858612,0.27309998869895935,0.27309998869895935,8677,0.0,0.0
2024-09-19 12:15:00-04:00,0.2759999930858612,0.2759999930858612,0.27309998869895935,0.27309998869895935,67546,0.0,0.0
2024-09-19 12:20:00-04:00,0.27300000190734863,0.27309998869895935,0.27300000190734863,0.27309998869895935,0,0.0,0.0
2024-09-19 12:25:00-04:00,0.2721000015735626,0.2721000015735626,0.2709999978542328,0.2720000147819519,1650,0.0,0.0
2024-09-19 12:35:00-04:00,0.27309998869895935,0.27309998869895935,0.27309998869895935,0.27309998869895935,8480,0.0,0.0
2024-09-19 12:40:00-04:00,0.27300000190734863,0.27300000190734863,0.27300000190734863,0.27300000190734863,850,0.0,0.0
2024-09-19 12:50:00-04:00,0.2721000015735626,0.2721000015735626,0.2721000015735626,0.2721000015735626,3285,0.0,0.0
2024-09-19 12:55:00-04:00,0.2721000015735626,0.2721000015735626,0.2709999978542328,0.2711000144481659,1994,0.0,0.0
2024-09-19 13:00:00-04:00,0.2728999853134155,0.2728999853134155,0.2709999978542328,0.271699994802475,7132,0.0,0.0
2024-09-19 13:05:00-04:00,0.2720000147819519,0.2720000147819519,0.2720000147819519,0.2720000147819519,1090,0.0,0.0
2024-09-19 13:10:00-04:00,0.2721000015735626,0.2721000015735626,0.2721000015735626,0.2721000015735626,4056,0.0,0.0
2024-09-19 13:15:00-04:00,0.2720000147819519,0.2720000147819519,0.2720000147819519,0.2720000147819519,2998,0.0,0.0
2024-09-19 13:20:00-04:00,0.271699994802475,0.2720000147819519,0.271699994802475,0.2720000147819519,2853,0.0,0.0
2024-09-19 13:25:00-04:00,0.27309998869895935,0.27309998869895935,0.27309998869895935,0.27309998869895935,3033,0.0,0.0
2024-09-19 13:30:00-04:00,0.2720000147819519,0.27309998869895935,0.2720000147819519,0.27309998869895935,5913,0.0,0.0
2024-09-19 13:35:00-04:00,0.27129998803138733,0.27129998803138733,0.27129998803138733,0.27129998803138733,3003,0.0,0.0
2024-09-19 13:40:00-04:00,0.27309998869895935,0.2800000011920929,0.27309998869895935,0.2800000011920929,10401,0.0,0.0
2024-09-19 13:55:00-04:00,0.27880001068115234,0.27880001068115234,0.27880001068115234,0.27880001068115234,31021,0.0,0.0
2024-09-19 14:15:00-04:00,0.27300000190734863,0.2750000059604645,0.27300000190734863,0.2750000059604645,5035,0.0,0.0
2024-09-19 14:50:00-04:00,0.27549999952316284,0.27549999952316284,0.27549999952316284,0.27549999952316284,1600,0.0,0.0
2024-09-19 15:00:00-04:00,0.2800000011920929,0.2800000011920929,0.2759000062942505,0.2759999930858612,8307,0.0,0.0
2024-09-19 15:10:00-04:00,0.2777999937534332,0.2777999937534332,0.2777999937534332,0.2777999937534332,6217,0.0,0.0
2024-09-19 15:30:00-04:00,0.27559998631477356,0.2777999937534332,0.27559998631477356,0.2777999937534332,0,0.0,0.0
2024-09-19 15:40:00-04:00,0.2799000144004822,0.2799000144004822,0.2768999934196472,0.2768999934196472,6161,0.0,0.0
2024-09-19 15:45:00-04:00,0.2797999978065491,0.2797999978065491,0.2797999978065491,0.2797999978065491,403,0.0,0.0
2024-09-19 15:50:00-04:00,0.2799000144004822,0.2799000144004822,0.2797999978065491,0.2797999978065491,1910,0.0,0.0
2024-09-19 15:55:00-04:00,0.2770000100135803,0.2770000100135803,0.2770000100135803,0.2770000100135803,1386,0.0,0.0
2024-09-20 09:30:00-04:00,0.2800000011920929,0.2800000011920929,0.2687000036239624,0.27000001072883606,62790,0.0,0.0
2024-09-20 09:35:00-04:00,0.2635999917984009,0.2635999917984009,0.25760000944137573,0.25769999623298645,77670,0.0,0.0
2024-09-20 09:40:00-04:00,0.2590000033378601,0.26330000162124634,0.2590000033378601,0.26330000162124634,2570,0.0,0.0
2024-09-20 09:45:00-04:00,0.26010000705718994,0.26489999890327454,0.26010000705718994,0.26159998774528503,8759,0.0,0.0
2024-09-20 09:50:00-04:00,0.26510000228881836,0.26600000262260437,0.26510000228881836,0.26510000228881836,17181,0.0,0.0
2024-09-20 10:00:00-04:00,0.26499998569488525,0.26499998569488525,0.26499998569488525,0.26499998569488525,1254,0.0,0.0
2024-09-20 10:10:00-04:00,0.26499998569488525,0.26499998569488525,0.26499998569488525,0.26499998569488525,3636,0.0,0.0
2024-09-20 10:15:00-04:00,0.26499998569488525,0.26499998569488525,0.26499998569488525,0.26499998569488525,18889,0.0,0.0
2024-09-20 10:30:00-04:00,0.26499998569488525,0.26510000228881836,0.26499998569488525,0.26510000228881836,7474,0.0,0.0
2024-09-20 10:35:00-04:00,0.26010000705718994,0.26010000705718994,0.26010000705718994,0.26010000705718994,3710,0.0,0.0
2024-09-20 10:40:00-04:00,0.26010000705718994,0.2630000114440918,0.26010000705718994,0.2630000114440918,18638,0.0,0.0
2024-09-20 10:45:00-04:00,0.2615000009536743,0.2619999945163727,0.2615000009536743,0.2619999945163727,19204,0.0,0.0
2024-09-20 10:50:00-04:00,0.2615000009536743,0.2615000009536743,0.26010000705718994,0.26010000705718994,32065,0.0,0.0
2024-09-20 10:55:00-04:00,0.26010000705718994,0.26010000705718994,0.26010000705718994,0.26010000705718994,198,0.0,0.0
2024-09-20 11:00:00-04:00,0.2612999975681305,0.2612999975681305,0.2606000006198883,0.2606000006198883,1049,0.0,0.0
2024-09-20 11:05:00-04:00,0.2619999945163727,0.2630000114440918,0.2619999945163727,0.2630000114440918,4516,0.0,0.0
2024-09-20 11:20:00-04:00,0.26409998536109924,0.26409998536109924,0.26409998536109924,0.26409998536109924,2204,0.0,0.0
2024-09-20 11:25:00-04:00,0.2646999955177307,0.26600000262260437,0.2632000148296356,0.26600000262260437,4437,0.0,0.0
2024-09-20 11:30:00-04:00,0.26330000162124634,0.263700008392334,0.2630999982357025,0.2630999982357025,5287,0.0,0.0
2024-09-20 11:40:00-04:00,0.2630999982357025,0.2630999982357025,0.2605000138282776,0.2605000138282776,3159,0.0,0.0
2024-09-20 11:45:00-04:00,0.26600000262260437,0.26600000262260437,0.26600000262260437,0.26600000262260437,0,0.0,0.0
2024-09-20 11:50:00-04:00,0.26600000262260437,0.26600000262260437,0.26010000705718994,0.26010000705718994,4812,0.0,0.0
2024-09-20 11:55:00-04:00,0.26010000705718994,0.26600000262260437,0.25220000743865967,0.26600000262260437,55540,0.0,0.0
2024-09-20 12:25:00-04:00,0.26489999890327454,0.26489999890327454,0.26489999890327454,0.26489999890327454,4327,0.0,0.0
2024-09-20 12:45:00-04:00,0.25929999351501465,0.25929999351501465,0.25929999351501465,0.25929999351501465,307,0.0,0.0
2024-09-20 12:50:00-04:00,0.25529998540878296,0.25529998540878296,0.25529998540878296,0.25529998540878296,32000,0.0,0.0
2024-09-20 13:05:00-04:00,0.25589999556541443,0.26179999113082886,0.25589999556541443,0.26179999113082886,14689,0.0,0.0
2024-09-20 13:15:00-04:00,0.2590000033378601,0.2590000033378601,0.25600001215934753,0.25600001215934753,12954,0.0,0.0
2024-09-20 13:20:00-04:00,0.25699999928474426,0.25699999928474426,0.25699999928474426,0.25699999928474426,0,0.0,0.0
2024-09-20 13:25:00-04:00,0.25769999623298645,0.25769999623298645,0.2574000060558319,0.2574000060558319,7936,0.0,0.0
2024-09-20 13:45:00-04:00,0.2574999928474426,0.2574999928474426,0.2574999928474426,0.2574999928474426,271,0.0,0.0
2024-09-20 13:55:00-04:00,0.2590000033378601,0.2590000033378601,0.2590000033378601,0.2590000033378601,1180,0.0,0.0
2024-09-20 14:00:00-04:00,0.2590000033378601,0.2590000033378601,0.258899986743927,0.258899986743927,5125,0.0,0.0
2024-09-20 14:05:00-04:00,0.2587999999523163,0.2587999999523163,0.2587999999523163,0.2587999999523163,13498,0.0,0.0
2024-09-20 14:10:00-04:00,0.2590000033378601,0.2590000033378601,0.2590000033378601,0.2590000033378601,0,0.0,0.0
2024-09-20 14:35:00-04:00,0.25920000672340393,0.25920000672340393,0.2574999928474426,0.2574999928474426,15003,0.0,0.0
2024-09-20 14:45:00-04:00,0.2554999887943268,0.25949999690055847,0.2549999952316284,0.25949999690055847,24159,0.0,0.0
2024-09-20 14:50:00-04:00,0.25690001249313354,0.25690001249313354,0.25440001487731934,0.2554999887943268,11120,0.0,0.0
2024-09-20 14:55:00-04:00,0.25600001215934753,0.258899986743927,0.25600001215934753,0.258899986743927,758,0.0,0.0
2024-09-20 15:00:00-04:00,0.25380000472068787,0.25380000472068787,0.25380000472068787,0.25380000472068787,5,0.0,0.0
2024-09-20 15:05:00-04:00,0.25380000472068787,0.25429999828338623,0.25380000472068787,0.2542000114917755,25035,0.0,0.0
2024-09-20 15:10:00-04:00,0.2540000081062317,0.2540000081062317,0.2540000081062317,0.2540000081062317,404,0.0,0.0
2024-09-20 15:25:00-04:00,0.2590000033378601,0.25949999690055847,0.2558000087738037,0.2558000087738037,4381,0.0,0.0
2024-09-20 15:35:00-04:00,0.26100000739097595,0.26100000739097595,0.26100000739097595,0.26100000739097595,1547,0.0,0.0
2024-09-20 15:40:00-04:00,0.25780001282691956,0.26109999418258667,0.25780001282691956,0.25999999046325684,21781,0.0,0.0
2024-09-20 15:45:00-04:00,0.26100000739097595,0.26100000739097595,0.26100000739097595,0.26100000739097595,2679,0.0,0.0
2024-09-20 15:55:00-04:00,0.26100000739097595,0.26100000739097595,0.25999999046325684,0.25999999046325684,5893,0.0,0.0
2024-09-23 09:30:00-04:00,0.2549999952316284,0.2549999952316284,0.23819999396800995,0.23819999396800995,25909,0.0,0.0
2024-09-23 09:35:00-04:00,0.23999999463558197,0.24500000476837158,0.2304999977350235,0.2304999977350235,43269,0.0,0.0
2024-09-23 09:40:00-04:00,0.2304999977350235,0.2305999994277954,0.22010000050067902,0.22990000247955322,17768,0.0,0.0
2024-09-23 09:45:00-04:00,0.22010000050067902,0.22769999504089355,0.2199999988079071,0.22769999504089355,12424,0.0,0.0
2024-09-23 09:50:00-04:00,0.22390000522136688,0.2240000069141388,0.2199999988079071,0.2199999988079071,17508,0.0,0.0
2024-09-23 09:55:00-04:00,0.21119999885559082,0.22759999334812164,0.20999999344348907,0.21580000221729279,46375,0.0,0.0
2024-09-23 10:00:00-04:00,0.2199999988079071,0.22110000252723694,0.21610000729560852,0.22110000252723694,11014,0.0,0.0
2024-09-23 10:05:00-04:00,0.2214999943971634,0.22769999504089355,0.22120000422000885,0.22769999504089355,875,0.0,0.0
2024-09-23 10:10:00-04:00,0.2214999943971634,0.2214999943971634,0.2214999943971634,0.2214999943971634,7279,0.0,0.0
2024-09-23 10:15:00-04:00,0.22769999504089355,0.22769999504089355,0.2224999964237213,0.22300000488758087,4361,0.0,0.0
2024-09-23 10:20:00-04:00,0.22300000488758087,0.22300000488758087,0.22290000319480896,0.22290000319480896,4380,0.0,0.0
2024-09-23 10:25:00-04:00,0.22190000116825104,0.22769999504089355,0.22190000116825104,0.22769999504089355,22032,0.0,0.0
2024-09-23 10:30:00-04:00,0.22390000522136688,0.22390000522136688,0.2199999988079071,0.2199999988079071,40035,0.0,0.0
2024-09-23 10:35:00-04:00,0.2199999988079071,0.2199999988079071,0.2199999988079071,0.2199999988079071,7325,0.0,0.0
2024-09-23 10:40:00-04:00,0.22100000083446503,0.22110000252723694,0.22100000083446503,0.22110000252723694,21814,0.0,0.0
2024-09-23 11:00:00-04:00,0.2199999988079071,0.2199999988079071,0.21870000660419464,0.21879999339580536,7230,0.0,0.0
2024-09-23 11:05:00-04:00,0.21870000660419464,0.22020000219345093,0.21330000460147858,0.22020000219345093,0,0.0,0.0
2024-09-23 11:10:00-04:00,0.22020000219345093,0.22020000219345093,0.22020000219345093,0.22020000219345093,328194,0.0,0.0
2024-09-23 11:15:00-04:00,0.21960000693798065,0.22769999504089355,0.21879999339580536,0.22769999504089355,5023,0.0,0.0
2024-09-23 11:20:00-04:00,0.22750000655651093,0.22750000655651093,0.21799999475479126,0.21870000660419464,1801,0.0,0.0
2024-09-23 11:25:00-04:00,0.21870000660419464,0.21870000660419464,0.21870000660419464,0.21870000660419464,15140,0.0,0.0
2024-09-23 11:30:00-04:00,0.2240000069141388,0.2240000069141388,0.2240000069141388,0.2240000069141388,400,0.0,0.0
2024-09-23 11:35:00-04:00,0.22200000286102295,0.22200000286102295,0.22200000286102295,0.22200000286102295,6600,0.0,0.0
2024-09-23 11:40:00-04:00,0.22210000455379486,0.22210000455379486,0.22210000455379486,0.22210000455379486,4874,0.0,0.0
2024-09-23 11:55:00-04:00,0.22220000624656677,0.22220000624656677,0.22220000624656677,0.22220000624656677,295,0.0,0.0
2024-09-23 12:05:00-04:00,0.22759999334812164,0.22759999334812164,0.22380000352859497,0.22380000352859497,18965,0.0,0.0
2024-09-23 12:15:00-04:00,0.22220000624656677,0.22220000624656677,0.22200000286102295,0.22200000286102295,5836,0.0,0.0
2024-09-23 12:35:00-04:00,0.22290000319480896,0.22290000319480896,0.22290000319480896,0.22290000319480896,7053,0.0,0.0
2024-09-23 12:45:00-04:00,0.22280000150203705,0.22529999911785126,0.22280000150203705,0.22499999403953552,5013,0.0,0.0
2024-09-23 12:55:00-04:00,0.22519999742507935,0.22519999742507935,0.22519999742507935,0.22519999742507935,1685,0.0,0.0
2024-09-23 13:00:00-04:00,0.22759999334812164,0.22759999334812164,0.22200000286102295,0.22200000286102295,2987,0.0,0.0
2024-09-23 13:05:00-04:00,0.22759999334812164,0.22759999334812164,0.22759999334812164,0.22759999334812164,371,0.0,0.0
2024-09-23 13:15:00-04:00,0.22759999334812164,0.22759999334812164,0.22759999334812164,0.22759999334812164,150,0.0,0.0
2024-09-23 13:20:00-04:00,0.22750000655651093,0.22750000655651093,0.22750000655651093,0.22750000655651093,6300,0.0,0.0
2024-09-23 13:30:00-04:00,0.22750000655651093,0.22750000655651093,0.22750000655651093,0.22750000655651093,11046,0.0,0.0
2024-09-23 13:40:00-04:00,0.22699999809265137,0.22699999809265137,0.22699999809265137,0.22699999809265137,400,0.0,0.0
2024-09-23 13:45:00-04:00,0.22689999639987946,0.22689999639987946,0.22689999639987946,0.22689999639987946,1800,0.0,0.0
2024-09-23 13:50:00-04:00,0.22689999639987946,0.22689999639987946,0.22689999639987946,0.22689999639987946,0,0.0,0.0
2024-09-23 14:00:00-04:00,0.22499999403953552,0.22499999403953552,0.22499999403953552,0.22499999403953552,1220,0.0,0.0
2024-09-23 14:05:00-04:00,0.22499999403953552,0.22499999403953552,0.22499999403953552,0.22499999403953552,3,0.0,0.0
2024-09-23 14:10:00-04:00,0.22499999403953552,0.22499999403953552,0.22499999403953552,0.22499999403953552,200,0.0,0.0
2024-09-23 14:15:00-04:00,0.22390000522136688,0.22499999403953552,0.22360000014305115,0.22390000522136688,5700,0.0,0.0
2024-09-23 14:20:00-04:00,0.2249000072479248,0.22759999334812164,0.2249000072479248,0.22759999334812164,2692,0.0,0.0
2024-09-23 14:25:00-04:00,0.22499999403953552,0.22599999606609344,0.22499999403953552,0.22599999606609344,16015,0.0,0.0
2024-09-23 14:30:00-04:00,0.22499999403953552,0.22499999403953552,0.22499999403953552,0.22499999403953552,0,0.0,0.0
2024-09-23 14:35:00-04:00,0.22759999334812164,0.22759999334812164,0.22759999334812164,0.22759999334812164,7184,0.0,0.0
2024-09-23 15:10:00-04:00,0.22759999334812164,0.22759999334812164,0.22759999334812164,0.22759999334812164,3100,0.0,0.0
2024-09-23 15:20:00-04:00,0.227400004863739,0.227400004863739,0.227400004863739,0.227400004863739,16117,0.0,0.0
2024-09-23 15:25:00-04:00,0.2199999988079071,0.22390000522136688,0.2199999988079071,0.22390000522136688,23710,0.0,0.0
2024-09-23 15:30:00-04:00,0.2273000031709671,0.2273000031709671,0.2273000031709671,0.2273000031709671,1000,0.0,0.0
2024-09-23 15:35:00-04:00,0.2273000031709671,0.2273000031709671,0.2207999974489212,0.2273000031709671,600,0.0,0.0
2024-09-23 15:45:00-04:00,0.2240999937057495,0.2240999937057495,0.2240999937057495,0.2240999937057495,2505,0.0,0.0
2024-09-23 15:50:00-04:00,0.22100000083446503,0.2248000055551529,0.2206999957561493,0.22339999675750732,21948,0.0,0.0
2024-09-23 15:55:00-04:00,0.22599999606609344,0.22599999606609344,0.22100000083446503,0.22280000150203705,7306,0.0,0.0
2024-09-24 09:30:00-04:00,0.22429999709129333,0.22429999709129333,0.22010000050067902,0.22429999709129333,44918,0.0,0.0
2024-09-24 09:35:00-04:00,0.2240999937057495,0.2240999937057495,0.218299999833107,0.2199999988079071,100612,0.0,0.0
2024-09-24 09:40:00-04:00,0.21570000052452087,0.22370000183582306,0.21570000052452087,0.22370000183582306,11140,0.0,0.0
2024-09-24 09:45:00-04:00,0.22030000388622284,0.22030000388622284,0.22030000388622284,0.22030000388622284,3010,0.0,0.0
2024-09-24 09:50:00-04:00,0.22360000014305115,0.22360000014305115,0.22360000014305115,0.22360000014305115,1227,0.0,0.0
2024-09-24 09:55:00-04:00,0.2199999988079071,0.2199999988079071,0.2199999988079071,0.2199999988079071,399,0.0,0.0
2024-09-24 10:00:00-04:00,0.22360000014305115,0.22360000014305115,0.21899999678134918,0.22210000455379486,5350,0.0,0.0
2024-09-24 10:05:00-04:00,0.22360000014305115,0.22370000183582306,0.22169999778270721,0.22169999778270721,25601,0.0,0.0
2024-09-24 10:15:00-04:00,0.22599999606609344,0.23100000619888306,0.22599999606609344,0.23090000450611115,5440,0.0,0.0
2024-09-24 10:20:00-04:00,0.2224999964237213,0.2224999964237213,0.2224999964237213,0.2224999964237213,2080,0.0,0.0
2024-09-24 10:30:00-04:00,0.2224999964237213,0.2224999964237213,0.22200000286102295,0.22200000286102295,2353,0.0,0.0
2024-09-24 10:35:00-04:00,0.21899999678134918,0.22200000286102295,0.21899999678134918,0.22200000286102295,8922,0.0,0.0
2024-09-24 10:55:00-04:00,0.22190000116825104,0.22190000116825104,0.22190000116825104,0.22190000116825104,2000,0.0,0.0
2024-09-24 11:00:00-04:00,0.22120000422000885,0.22120000422000885,0.22010000050067902,0.22010000050067902,2402,0.0,0.0
2024-09-24 11:10:00-04:00,0.21709999442100525,0.21709999442100525,0.21709999442100525,0.21709999442100525,2994,0.0,0.0
2024-09-24 11:15:00-04:00,0.21899999678134918,0.21899999678134918,0.21899999678134918,0.21899999678134918,0,0.0,0.0
2024-09-24 11:25:00-04:00,0.2215999960899353,0.2215999960899353,0.2215999960899353,0.2215999960899353,1000,0.0,0.0
2024-09-24 11:30:00-04:00,0.22200000286102295,0.22200000286102295,0.22200000286102295,0.22200000286102295,0,0.0,0.0
2024-09-24 11:40:00-04:00,0.2224999964237213,0.2224999964237213,0.2224999964237213,0.2224999964237213,2190,0.0,0.0
2024-09-24 11:50:00-04:00,0.2224999964237213,0.2224999964237213,0.2222999930381775,0.2222999930381775,12939,0.0,0.0
2024-09-24 11:55:00-04:00,0.22200000286102295,0.22200000286102295,0.22200000286102295,0.22200000286102295,379,0.0,0.0
2024-09-24 12:00:00-04:00,0.2214999943971634,0.22709999978542328,0.2214999943971634,0.22619999945163727,31011,0.0,0.0
2024-09-24 12:25:00-04:00,0.22439999878406525,0.22439999878406525,0.2199999988079071,0.2199999988079071,546,0.0,0.0
2024-09-24 12:50:00-04:00,0.22619999945163727,0.23000000417232513,0.22619999945163727,0.23000000417232513,3900,0.0,0.0
2024-09-24 12:55:00-04:00,0.23000000417232513,0.23000000417232513,0.22630000114440918,0.22630000114440918,400,0.0,0.0
2024-09-24 13:00:00-04:00,0.23000000417232513,0.23000000417232513,0.23000000417232513,0.23000000417232513,150,0.0,0.0
2024-09-24 13:05:00-04:00,0.23000000417232513,0.23000000417232513,0.22709999978542328,0.23000000417232513,23504,0.0,0.0
2024-09-24 13:10:00-04:00,0.22990000247955322,0.23499999940395355,0.22990000247955322,0.23499999940395355,30204,0.0,0.0
2024-09-24 13:15:00-04:00,0.23589999973773956,0.23999999463558197,0.22609999775886536,0.22609999775886536,29376,0.0,0.0
2024-09-24 13:20:00-04:00,0.23409999907016754,0.23409999907016754,0.23409999907016754,0.23409999907016754,3802,0.0,0.0
2024-09-24 13:25:00-04:00,0.23000000417232513,0.23309999704360962,0.23000000417232513,0.23309999704360962,2854,0.0,0.0
2024-09-24 13:30:00-04:00,0.2395000010728836,0.2395000010728836,0.2395000010728836,0.2395000010728836,61,0.0,0.0
2024-09-24 13:40:00-04:00,0.23409999907016754,0.23409999907016754,0.23409999907016754,0.23409999907016754,139,0.0,0.0
2024-09-24 13:45:00-04:00,0.23510000109672546,0.23510000109672546,0.23510000109672546,0.23510000109672546,587,0.0,0.0
2024-09-24 13:55:00-04:00,0.23899999260902405,0.23989999294281006,0.23549999296665192,0.23549999296665192,17883,0.0,0.0
2024-09-24 14:00:00-04:00,0.23770000040531158,0.23770000040531158,0.23549999296665192,0.23549999296665192,29695,0.0,0.0
2024-09-24 14:15:00-04:00,0.2337999939918518,0.2337999939918518,0.23309999704360962,0.23309999704360962,916,0.0,0.0
2024-09-24 14:20:00-04:00,0.23770000040531158,0.23999999463558197,0.23720000684261322,0.23999999463558197,9132,0.0,0.0
2024-09-24 14:25:00-04:00,0.23800000548362732,0.24400000274181366,0.23800000548362732,0.24300000071525574,39677,0.0,0.0
2024-09-24 14:30:00-04:00,0.24369999766349792,0.24379999935626984,0.24279999732971191,0.24279999732971191,6770,0.0,0.0
2024-09-24 14:40:00-04:00,0.2378000020980835,0.2410999983549118,0.23770000040531158,0.2409999966621399,18690,0.0,0.0
2024-09-24 14:45:00-04:00,0.2371000051498413,0.2371000051498413,0.23499999940395355,0.2370000034570694,0,0.0,0.0
2024-09-24 14:50:00-04:00,0.2410999983549118,0.2410999983549118,0.2410999983549118,0.2410999983549118,7417,0.0,0.0
2024-09-24 15:15:00-04:00,0.2371000051498413,0.2371000051498413,0.2371000051498413,0.2371000051498413,969,0.0,0.0
2024-09-24 15:30:00-04:00,0.2370000034570694,0.23849999904632568,0.2370000034570694,0.23849999904632568,13078,0.0,0.0
2024-09-24 15:40:00-04:00,0.24289999902248383,0.24289999902248383,0.24150000512599945,0.24150000512599945,4626,0.0,0.0
2024-09-24 15:45:00-04:00,0.24279999732971191,0.2727999985218048,0.23999999463558197,0.2581000030040741,521315,0.0,0.0
2024-09-24 15:50:00-04:00,0.260699987411499,0.26440000534057617,0.2554999887943268,0.259799987077713,214399,0.0,0.0
2024-09-24 15:55:00-04:00,0.25769999623298645,0.2639999985694885,0.2565999925136566,0.25999999046325684,181620,0.0,0.0
2024-09-25 09:30:00-04:00,0.25999999046325684,0.25999999046325684,0.25529998540878296,0.25609999895095825,119954,0.0,0.0
2024-09-25 09:35:00-04:00,0.25609999895095825,0.25760000944137573,0.25609999895095825,0.25760000944137573,11029,0.0,0.0
2024-09-25 09:40:00-04:00,0.2639999985694885,0.2639999985694885,0.25999999046325684,0.25999999046325684,42528,0.0,0.0
2024-09-25 09:45:00-04:00,0.25999999046325684,0.2619999945163727,0.25999999046325684,0.25999999046325684,289,0.0,0.0
2024-09-25 09:55:00-04:00,0.2599000036716461,0.2599000036716461,0.25600001215934753,0.25600001215934753,58883,0.0,0.0
2024-09-25 10:00:00-04:00,0.25529998540878296,0.25529998540878296,0.25529998540878296,0.25529998540878296,0,0.0,0.0
2024-09-25 10:05:00-04:00,0.25529998540878296,0.25529998540878296,0.24819999933242798,0.24819999933242798,22854,0.0,0.0
2024-09-25 10:10:00-04:00,0.25099998712539673,0.25099998712539673,0.25099998712539673,0.25099998712539673,498,0.0,0.0
2024-09-25 10:45:00-04:00,0.2599000036716461,0.2599000036716461,0.2599000036716461,0.2599000036716461,4320,0.0,0.0
2024-09-25 10:50:00-04:00,0.2549999952316284,0.2599000036716461,0.2524999976158142,0.2599000036716461,12806,0.0,0.0
2024-09-25 11:00:00-04:00,0.2574999928474426,0.2574999928474426,0.2574999928474426,0.2574999928474426,884,0.0,0.0
2024-09-25 11:05:00-04:00,0.2574999928474426,0.2574999928474426,0.2574999928474426,0.2574999928474426,0,0.0,0.0
2024-09-25 11:15:00-04:00,0.2574999928474426,0.2574999928474426,0.2574999928474426,0.2574999928474426,142,0.0,0.0
2024-09-25 11:20:00-04:00,0.2599000036716461,0.2599000036716461,0.2587999999523163,0.2587999999523163,8214,0.0,0.0
2024-09-25 11:30:00-04:00,0.2524999976158142,0.2524999976158142,0.2524999976158142,0.2524999976158142,19999,0.0,0.0
2024-09-25 11:35:00-04:00,0.25380000472068787,0.2549999952316284,0.25380000472068787,0.2549999952316284,8632,0.0,0.0
2024-09-25 11:45:00-04:00,0.25760000944137573,0.25839999318122864,0.25760000944137573,0.25839999318122864,8567,0.0,0.0
2024-09-25 11:50:00-04:00,0.2549999952316284,0.2549999952316284,0.25130000710487366,0.25130000710487366,1648,0.0,0.0
2024-09-25 12:25:00-04:00,0.2529999911785126,0.2529999911785126,0.25130000710487366,0.25200000405311584,21400,0.0,0.0
2024-09-25 12:30:00-04:00,0.2513999938964844,0.2513999938964844,0.25130000710487366,0.25130000710487366,23400,0.0,0.0
2024-09-25 12:35:00-04:00,0.2574000060558319,0.2574000060558319,0.2574000060558319,0.2574000060558319,0,0.0,0.0
2024-09-25 12:45:00-04:00,0.25699999928474426,0.25699999928474426,0.2563000023365021,0.2563999891281128,39214,0.0,0.0
2024-09-25 12:50:00-04:00,0.2547000050544739,0.2547000050544739,0.2526000142097473,0.2526000142097473,5376,0.0,0.0
2024-09-25 13:10:00-04:00,0.25200000405311584,0.25200000405311584,0.25200000405311584,0.25200000405311584,0,0.0,0.0
2024-09-25 13:25:00-04:00,0.257999986410141,0.25850000977516174,0.257999986410141,0.25850000977516174,34645,0.0,0.0
2024-09-25 13:30:00-04:00,0.2526000142097473,0.25850000977516174,0.2526000142097473,0.25850000977516174,19676,0.0,0.0
2024-09-25 14:00:00-04:00,0.25850000977516174,0.25850000977516174,0.25850000977516174,0.25850000977516174,18500,0.0,0.0
2024-09-25 14:05:00-04:00,0.25519999861717224,0.25920000672340393,0.25519999861717224,0.25920000672340393,6885,0.0,0.0
2024-09-25 14:15:00-04:00,0.25920000672340393,0.25920000672340393,0.25920000672340393,0.25920000672340393,200,0.0,0.0
2024-09-25 14:20:00-04:00,0.25999999046325684,0.25999999046325684,0.25999999046325684,0.25999999046325684,55730,0.0,0.0
2024-09-25 14:25:00-04:00,0.2639999985694885,0.2639999985694885,0.2639999985694885,0.2639999985694885,0,0.0,0.0
2024-09-25 14:30:00-04:00,0.2639999985694885,0.2648000121116638,0.2615000009536743,0.2615000009536743,5864,0.0,0.0
2024-09-25 14:35:00-04:00,0.26109999418258667,0.26109999418258667,0.2565000057220459,0.2565000057220459,42156,0.0,0.0
2024-09-25 14:40:00-04:00,0.2565999925136566,0.2565999925136566,0.2565999925136566,0.2565999925136566,19555,0.0,0.0
2024-09-25 14:55:00-04:00,0.2597000002861023,0.2597000002861023,0.2597000002861023,0.2597000002861023,0,0.0,0.0
2024-09-25 15:25:00-04:00,0.2565999925136566,0.2565999925136566,0.2565999925136566,0.2565999925136566,7092,0.0,0.0
2024-09-25 15:45:00-04:00,0.2581000030040741,0.2581000030040741,0.2581000030040741,0.2581000030040741,8285,0.0,0.0
2024-09-26 09:30:00-04:00,0.2565000057220459,0.2612999975681305,0.25110000371932983,0.2612999975681305,75442,0.0,0.0
2024-09-26 09:35:00-04:00,0.26499998569488525,0.2711000144481659,0.26499998569488525,0.2711000144481659,499,0.0,0.0
2024-09-26 09:40:00-04:00,0.26989999413490295,0.26989999413490295,0.26989999413490295,0.26989999413490295,8464,0.0,0.0
2024-09-26 09:50:00-04:00,0.26499998569488525,0.26499998569488525,0.25859999656677246,0.26499998569488525,23863,0.0,0.0
2024-09-26 09:55:00-04:00,0.2687999904155731,0.2687999904155731,0.2637999951839447,0.2637999951839447,12424,0.0,0.0
2024-09-26 10:00:00-04:00,0.25999999046325684,0.25999999046325684,0.25999999046325684,0.25999999046325684,593,0.0,0.0
2024-09-26 10:05:00-04:00,0.26010000705718994,0.2768000066280365,0.26010000705718994,0.2660999894142151,30200,0.0,0.0
2024-09-26 10:10:00-04:00,0.2728999853134155,0.2728999853134155,0.266400009393692,0.266400009393692,7929,0.0,0.0
2024-09-26 10:15:00-04:00,0.26989999413490295,0.27000001072883606,0.266400009393692,0.27000001072883606,25499,0.0,0.0
2024-09-26 10:20:00-04:00,0.26989999413490295,0.26989999413490295,0.26089999079704285,0.26899999380111694,17206,0.0,0.0
2024-09-26 10:25:00-04:00,0.2680000066757202,0.2680000066757202,0.2606000006198883,0.2667999863624573,12131,0.0,0.0
2024-09-26 10:35:00-04:00,0.26269999146461487,0.26269999146461487,0.2603999972343445,0.2603999972343445,9187,0.0,0.0
2024-09-26 10:40:00-04:00,0.26260000467300415,0.26260000467300415,0.26260000467300415,0.26260000467300415,200,0.0,0.0
2024-09-26 10:45:00-04:00,0.2639999985694885,0.2639999985694885,0.2639999985694885,0.2639999985694885,31732,0.0,0.0
2024-09-26 10:50:00-04:00,0.26409998536109924,0.26910001039505005,0.26409998536109924,0.26910001039505005,25724,0.0,0.0
2024-09-26 10:55:00-04:00,0.26910001039505005,0.26910001039505005,0.26910001039505005,0.26910001039505005,0,0.0,0.0
2024-09-26 11:00:00-04:00,0.26510000228881836,0.26510000228881836,0.26510000228881836,0.26510000228881836,6049,0.0,0.0
2024-09-26 11:10:00-04:00,0.265500009059906,0.265500009059906,0.265500009059906,0.265500009059906,2560,0.0,0.0
2024-09-26 11:15:00-04:00,0.26899999380111694,0.26899999380111694,0.26499998569488525,0.26499998569488525,16617,0.0,0.0
2024-09-26 11:20:00-04:00,0.26510000228881836,0.26510000228881836,0.26499998569488525,0.26499998569488525,23293,0.0,0.0
2024-09-26 11:25:00-04:00,0.26269999146461487,0.26269999146461487,0.2606000006198883,0.2606000006198883,0,0.0,0.0
2024-09-26 11:35:00-04:00,0.26499998569488525,0.26499998569488525,0.26499998569488525,0.26499998569488525,368,0.0,0.0
2024-09-26 12:00:00-04:00,0.26179999113082886,0.26499998569488525,0.26179999113082886,0.26489999890327454,4406,0.0,0.0
2024-09-26 12:15:00-04:00,0.26510000228881836,0.26989999413490295,0.26510000228881836,0.26980000734329224,6269,0.0,0.0
2024-09-26 12:20:00-04:00,0.26510000228881836,0.26510000228881836,0.26510000228881836,0.26510000228881836,245,0.0,0.0
2024-09-26 12:35:00-04:00,0.26499998569488525,0.26499998569488525,0.260699987411499,0.2628999948501587,26524,0.0,0.0
2024-09-26 12:40:00-04:00,0.2628999948501587,0.26330000162124634,0.2624000012874603,0.2624000012874603,8604,0.0,0.0
2024-09-26 13:00:00-04:00,0.2612999975681305,0.2612999975681305,0.2612999975681305,0.2612999975681305,8901,0.0,0.0
2024-09-26 13:05:00-04:00,0.2612999975681305,0.2612999975681305,0.2612999975681305,0.2612999975681305,1080,0.0,0.0
2024-09-26 13:20:00-04:00,0.2621999979019165,0.2621999979019165,0.2606000006198883,0.2621000111103058,3823,0.0,0.0
2024-09-26 13:25:00-04:00,0.2630000114440918,0.2630000114440918,0.2630000114440918,0.2630000114440918,15300,0.0,0.0
2024-09-26 13:45:00-04:00,0.2646999955177307,0.26499998569488525,0.2646999955177307,0.26499998569488525,8302,0.0,0.0
2024-09-26 13:50:00-04:00,0.26510000228881836,0.26510000228881836,0.26510000228881836,0.26510000228881836,0,0.0,0.0
2024-09-26 14:05:00-04:00,0.2651999890804291,0.2651999890804291,0.2651999890804291,0.2651999890804291,2590,0.0,0.0
2024-09-26 14:25:00-04:00,0.2678000032901764,0.2678000032901764,0.2678000032901764,0.2678000032901764,0,0.0,0.0
2024-09-26 14:45:00-04:00,0.2678000032901764,0.27000001072883606,0.26499998569488525,0.27000001072883606,27751,0.0,0.0
2024-09-26 14:50:00-04:00,0.27480000257492065,0.27480000257492065,0.2603999972343445,0.2603999972343445,1034,0.0,0.0
2024-09-26 14:55:00-04:00,0.27469998598098755,0.27469998598098755,0.2628999948501587,0.2628999948501587,1444,0.0,0.0
2024-09-26 15:25:00-04:00,0.2689000070095062,0.2689000070095062,0.2689000070095062,0.2689000070095062,2200,0.0,0.0
2024-09-26 15:30:00-04:00,0.2651999890804291,0.2651999890804291,0.2651999890804291,0.2651999890804291,0,0.0,0.0
2024-09-26 15:40:00-04:00,0.2648000121116638,0.2648000121116638,0.26330000162124634,0.26330000162124634,5085,0.0,0.0
2024-09-27 09:30:00-04:00,0.26499998569488525,0.26499998569488525,0.26010000705718994,0.26010000705718994,27081,0.0,0.0
2024-09-27 09:35:00-04:00,0.266400009393692,0.266400009393692,0.266400009393692,0.266400009393692,43228,0.0,0.0
2024-09-27 10:00:00-04:00,0.266400009393692,0.266400009393692,0.2623000144958496,0.2662999927997589,31258,0.0,0.0
2024-09-27 10:05:00-04:00,0.2581999897956848,0.2581999897956848,0.2581999897956848,0.2581999897956848,1768,0.0,0.0
2024-09-27 10:25:00-04:00,0.2669999897480011,0.2669999897480011,0.2581999897956848,0.2581999897956848,7926,0.0,0.0
2024-09-27 10:30:00-04:00,0.2685000002384186,0.2685000002384186,0.2685000002384186,0.2685000002384186,200,0.0,0.0
2024-09-27 10:40:00-04:00,0.2685000002384186,0.2685000002384186,0.2685000002384186,0.2685000002384186,2078,0.0,0.0
2024-09-27 10:45:00-04:00,0.25850000977516174,0.25850000977516174,0.25850000977516174,0.25850000977516174,11552,0.0,0.0
2024-09-27 10:50:00-04:00,0.26930001378059387,0.26930001378059387,0.26899999380111694,0.26899999380111694,2384,0.0,0.0
2024-09-27 11:25:00-04:00,0.2637999951839447,0.2637999951839447,0.2637999951839447,0.2637999951839447,697,0.0,0.0
2024-09-27 12:00:00-04:00,0.26910001039505005,0.26910001039505005,0.26899999380111694,0.26899999380111694,15277,0.0,0.0
2024-09-27 12:10:00-04:00,0.26170000433921814,0.26170000433921814,0.26170000433921814,0.26170000433921814,352,0.0,0.0
2024-09-27 12:35:00-04:00,0.2689000070095062,0.2689000070095062,0.2689000070095062,0.2689000070095062,1036,0.0,0.0
2024-09-27 12:45:00-04:00,0.26600000262260437,0.26600000262260437,0.26600000262260437,0.26600000262260437,329,0.0,0.0
2024-09-27 13:05:00-04:00,0.2644999921321869,0.26600000262260437,0.2637999951839447,0.26600000262260437,5445,0.0,0.0
2024-09-27 13:10:00-04:00,0.26600000262260437,0.26600000262260437,0.26600000262260437,0.26600000262260437,3595,0.0,0.0
2024-09-27 13:55:00-04:00,0.26589998602867126,0.26589998602867126,0.26589998602867126,0.26589998602867126,652,0.0,0.0
2024-09-27 14:10:00-04:00,0.26589998602867126,0.26589998602867126,0.26589998602867126,0.26589998602867126,404,0.0,0.0
2024-09-27 14:20:00-04:00,0.26330000162124634,0.26330000162124634,0.26330000162124634,0.26330000162124634,900,0.0,0.0
2024-09-27 14:25:00-04:00,0.2630999982357025,0.2630999982357025,0.2630999982357025,0.2630999982357025,303,0.0,0.0
2024-09-27 14:30:00-04:00,0.26589998602867126,0.26589998602867126,0.26589998602867126,0.26589998602867126,600,0.0,0.0
2024-09-27 14:35:00-04:00,0.2630999982357025,0.26339998841285706,0.2630000114440918,0.2630000114440918,41130,0.0,0.0
2024-09-27 15:00:00-04:00,0.26010000705718994,0.26010000705718994,0.26010000705718994,0.26010000705718994,811,0.0,0.0
2024-09-27 15:20:00-04:00,0.26589998602867126,0.26589998602867126,0.26589998602867126,0.26589998602867126,102,0.0,0.0
2024-09-27 15:25:00-04:00,0.26579999923706055,0.26579999923706055,0.26579999923706055,0.26579999923706055,5529,0.0,0.0
2024-09-27 15:30:00-04:00,0.2612000107765198,0.2630000114440918,0.2612000107765198,0.2630000114440918,0,0.0,0.0
2024-09-27 15:55:00-04:00,0.26100000739097595,0.2628999948501587,0.26100000739097595,0.2628999948501587,208720,0.0,0.0
2024-09-30 09:30:00-04:00,0.2529999911785126,0.2590000033378601,0.2529999911785126,0.2590000033378601,58456,0.0,0.0
2024-09-30 09:35:00-04:00,0.26499998569488525,0.26499998569488525,0.2531000077724457,0.2531000077724457,9747,0.0,0.0
2024-09-30 09:40:00-04:00,0.257999986410141,0.257999986410141,0.257999986410141,0.257999986410141,0,0.0,0.0
2024-09-30 09:55:00-04:00,0.257999986410141,0.257999986410141,0.257999986410141,0.257999986410141,9902,0.0,0.0
2024-09-30 10:05:00-04:00,0.26489999890327454,0.26489999890327454,0.2531000077724457,0.2531000077724457,0,0.0,0.0
2024-09-30 10:10:00-04:00,0.25999999046325684,0.25999999046325684,0.2531000077724457,0.2531000077724457,23399,0.0,0.0
2024-09-30 10:15:00-04:00,0.25,0.25,0.25,0.25,0,0.0,0.0
2024-09-30 10:20:00-04:00,0.25,0.25,0.25,0.25,1500,0.0,0.0
2024-09-30 10:25:00-04:00,0.2549999952316284,0.2549999952316284,0.2549999952316284,0.2549999952316284,0,0.0,0.0
2024-09-30 10:35:00-04:00,0.2590000033378601,0.26100000739097595,0.2590000033378601,0.2590000033378601,26302,0.0,0.0
2024-09-30 10:50:00-04:00,0.25839999318122864,0.25839999318122864,0.25839999318122864,0.25839999318122864,200,0.0,0.0
2024-09-30 11:05:00-04:00,0.25200000405311584,0.25200000405311584,0.24220000207424164,0.25,7370,0.0,0.0
2024-09-30 11:10:00-04:00,0.23999999463558197,0.23999999463558197,0.23999999463558197,0.23999999463558197,10200,0.0,0.0
2024-09-30 11:30:00-04:00,0.2476000040769577,0.2476000040769577,0.2476000040769577,0.2476000040769577,4291,0.0,0.0
2024-09-30 11:35:00-04:00,0.2476000040769577,0.2498999983072281,0.2410999983549118,0.2498999983072281,4500,0.0,0.0
2024-09-30 11:40:00-04:00,0.2410999983549118,0.2410999983549118,0.2410999983549118,0.2410999983549118,4607,0.0,0.0
2024-09-30 11:50:00-04:00,0.24969999492168427,0.24969999492168427,0.24969999492168427,0.24969999492168427,10007,0.0,0.0
2024-09-30 12:10:00-04:00,0.25,0.2590000033378601,0.25,0.2590000033378601,37998,0.0,0.0
2024-09-30 12:15:00-04:00,0.25,0.25,0.25,0.25,64300,0.0,0.0
2024-09-30 12:30:00-04:00,0.25060001015663147,0.25060001015663147,0.25060001015663147,0.25060001015663147,0,0.0,0.0
2024-09-30 12:35:00-04:00,0.2549999952316284,0.2549999952316284,0.2549999952316284,0.2549999952316284,0,0.0,0.0
2024-09-30 12:40:00-04:00,0.24879999458789825,0.24879999458789825,0.24879999458789825,0.24879999458789825,1400,0.0,0.0
2024-09-30 13:05:00-04:00,0.25110000371932983,0.25110000371932983,0.25110000371932983,0.25110000371932983,0,0.0,0.0
2024-09-30 13:15:00-04:00,0.25110000371932983,0.25110000371932983,0.25110000371932983,0.25110000371932983,3600,0.0,0.0
2024-09-30 13:20:00-04:00,0.25619998574256897,0.2590000033378601,0.25619998574256897,0.2590000033378601,0,0.0,0.0
2024-09-30 13:25:00-04:00,0.25110000371932983,0.25110000371932983,0.25110000371932983,0.25110000371932983,7500,0.0,0.0
2024-09-30 13:40:00-04:00,0.25119999051094055,0.25119999051094055,0.25119999051094055,0.25119999051094055,0,0.0,0.0
2024-09-30 13:45:00-04:00,0.25119999051094055,0.25119999051094055,0.25119999051094055,0.25119999051094055,0,0.0,0.0
2024-09-30 14:05:00-04:00,0.25209999084472656,0.25209999084472656,0.25209999084472656,0.25209999084472656,15087,0.0,0.0
2024-09-30 14:20:00-04:00,0.25209999084472656,0.25209999084472656,0.25209999084472656,0.25209999084472656,141,0.0,0.0
2024-09-30 14:50:00-04:00,0.25600001215934753,0.25600001215934753,0.25099998712539673,0.25099998712539673,9310,0.0,0.0
2024-09-30 15:00:00-04:00,0.25369998812675476,0.25369998812675476,0.25369998812675476,0.25369998812675476,0,0.0,0.0
2024-09-30 15:30:00-04:00,0.25,0.25,0.25,0.25,22,0.0,0.0
2024-09-30 15:35:00-04:00,0.25,0.25,0.25,0.25,400,0.0,0.0
2024-09-30 15:45:00-04:00,0.2517000138759613,0.2517000138759613,0.2517000138759613,0.2517000138759613,10415,0.0,0.0
2024-09-30 15:50:00-04:00,0.2540999948978424,0.2540999948978424,0.2540999948978424,0.2540999948978424,0,0.0,0.0
2024-09-30 15:55:00-04:00,0.25369998812675476,0.25369998812675476,0.25369998812675476,0.25369998812675476,4624,0.0,0.0
2024-10-01 09:30:00-04:00,0.2460000067949295,0.2460000067949295,0.23999999463558197,0.24199999868869781,134765,0.0,0.0
2024-10-01 09:35:00-04:00,0.24300000071525574,0.24300000071525574,0.24300000071525574,0.24300000071525574,4991,0.0,0.0
2024-10-01 09:40:00-04:00,0.23999999463558197,0.2433999925851822,0.23999999463558197,0.2433999925851822,7230,0.0,0.0
2024-10-01 09:45:00-04:00,0.24009999632835388,0.24009999632835388,0.24009999632835388,0.24009999632835388,2000,0.0,0.0
2024-10-01 09:50:00-04:00,0.24009999632835388,0.24279999732971191,0.23999999463558197,0.24279999732971191,17948,0.0,0.0
2024-10-01 09:55:00-04:00,0.24269999563694,0.24690000712871552,0.2410999983549118,0.24690000712871552,1738,0.0,0.0
2024-10-01 10:00:00-04:00,0.24639999866485596,0.2468000054359436,0.2410999983549118,0.24639999866485596,1806,0.0,0.0
2024-10-01 10:05:00-04:00,0.24210000038146973,0.24210000038146973,0.24210000038146973,0.24210000038146973,900,0.0,0.0
2024-10-01 10:10:00-04:00,0.24009999632835388,0.24639999866485596,0.24009999632835388,0.24639999866485596,5393,0.0,0.0
2024-10-01 10:15:00-04:00,0.24220000207424164,0.24220000207424164,0.23960000276565552,0.23960000276565552,1725,0.0,0.0
2024-10-01 10:20:00-04:00,0.23980000615119934,0.2433999925851822,0.23199999332427979,0.23199999332427979,29146,0.0,0.0
2024-10-01 10:25:00-04:00,0.23199999332427979,0.23199999332427979,0.23199999332427979,0.23199999332427979,196,0.0,0.0
2024-10-01 10:35:00-04:00,0.23499999940395355,0.23499999940395355,0.23499999940395355,0.23499999940395355,12420,0.0,0.0
2024-10-01 10:45:00-04:00,0.23010000586509705,0.2337999939918518,0.23010000586509705,0.2337999939918518,7882,0.0,0.0
2024-10-01 10:50:00-04:00,0.23409999907016754,0.23759999871253967,0.23409999907016754,0.23759999871253967,7993,0.0,0.0
2024-10-01 11:00:00-04:00,0.23000000417232513,0.23000000417232513,0.23000000417232513,0.23000000417232513,7270,0.0,0.0
2024-10-01 11:15:00-04:00,0.23340000212192535,0.23600000143051147,0.23340000212192535,0.23600000143051147,9129,0.0,0.0
2024-10-01 11:25:00-04:00,0.23589999973773956,0.23589999973773956,0.23109999299049377,0.23469999432563782,1386,0.0,0.0
2024-10-01 11:30:00-04:00,0.23569999635219574,0.23569999635219574,0.23479999601840973,0.23559999465942383,12663,0.0,0.0
2024-10-01 11:35:00-04:00,0.23729999363422394,0.23729999363422394,0.23729999363422394,0.23729999363422394,4537,0.0,0.0
2024-10-01 11:40:00-04:00,0.2370000034570694,0.2370000034570694,0.23690000176429749,0.23690000176429749,5303,0.0,0.0
2024-10-01 11:45:00-04:00,0.2370000034570694,0.2370000034570694,0.23600000143051147,0.23600000143051147,21105,0.0,0.0
2024-10-01 11:50:00-04:00,0.2337000072002411,0.23770000040531158,0.2337000072002411,0.23770000040531158,2973,0.0,0.0
2024-10-01 12:00:00-04:00,0.23770000040531158,0.23770000040531158,0.23770000040531158,0.23770000040531158,717,0.0,0.0
2024-10-01 12:05:00-04:00,0.23659999668598175,0.23659999668598175,0.23659999668598175,0.23659999668598175,1126,0.0,0.0
2024-10-01 12:10:00-04:00,0.23649999499320984,0.23649999499320984,0.23649999499320984,0.23649999499320984,2084,0.0,0.0
2024-10-01 12:40:00-04:00,0.23469999432563782,0.23469999432563782,0.23149999976158142,0.23149999976158142,14957,0.0,0.0
2024-10-01 12:45:00-04:00,0.23160000145435333,0.23160000145435333,0.23160000145435333,0.23160000145435333,4101,0.0,0.0
2024-10-01 13:00:00-04:00,0.23649999499320984,0.23649999499320984,0.23309999704360962,0.23309999704360962,664,0.0,0.0
2024-10-01 13:05:00-04:00,0.23649999499320984,0.23649999499320984,0.23579999804496765,0.23579999804496765,8813,0.0,0.0
2024-10-01 13:20:00-04:00,0.23579999804496765,0.23579999804496765,0.23579999804496765,0.23579999804496765,0,0.0,0.0
2024-10-01 13:25:00-04:00,0.2379000037908554,0.2379000037908554,0.2379000037908554,0.2379000037908554,8012,0.0,0.0
2024-10-01 13:30:00-04:00,0.23999999463558197,0.23999999463558197,0.23999999463558197,0.23999999463558197,1880,0.0,0.0
2024-10-01 13:40:00-04:00,0.23999999463558197,0.2451999932527542,0.23999999463558197,0.2451999932527542,32015,0.0,0.0
2024-10-01 14:00:00-04:00,0.23999999463558197,0.23999999463558197,0.23999999463558197,0.23999999463558197,18000,0.0,0.0
2024-10-01 14:20:00-04:00,0.23999999463558197,0.24690000712871552,0.23999999463558197,0.24549999833106995,26655,0.0,0.0
2024-10-01 14:35:00-04:00,0.2531999945640564,0.2531999945640564,0.2529999911785126,0.2529999911785126,5982,0.0,0.0
2024-10-01 14:40:00-04:00,0.25,0.25,0.25,0.25,100,0.0,0.0
2024-10-01 14:45:00-04:00,0.24719999730587006,0.24719999730587006,0.24719999730587006,0.24719999730587006,2944,0.0,0.0
2024-10-01 14:55:00-04:00,0.24629999697208405,0.24629999697208405,0.2451000064611435,0.2451000064611435,10098,0.0,0.0
2024-10-01 15:00:00-04:00,0.2451000064611435,0.2451000064611435,0.2451000064611435,0.2451000064611435,3783,0.0,0.0
2024-10-01 15:20:00-04:00,0.24199999868869781,0.24199999868869781,0.2418999969959259,0.2418999969959259,1977,0.0,0.0
2024-10-01 15:25:00-04:00,0.24160000681877136,0.24160000681877136,0.24160000681877136,0.24160000681877136,8809,0.0,0.0
2024-10-01 15:30:00-04:00,0.24169999361038208,0.24169999361038208,0.24169999361038208,0.24169999361038208,534,0.0,0.0
2024-10-01 15:40:00-04:00,0.24979999661445618,0.24979999661445618,0.24529999494552612,0.24889999628067017,50509,0.0,0.0
2024-10-01 15:45:00-04:00,0.24940000474452972,0.24940000474452972,0.24940000474452972,0.24940000474452972,2771,0.0,0.0
2024-10-01 15:50:00-04:00,0.241799995303154,0.24549999833106995,0.241799995303154,0.24549999833106995,4741,0.0,0.0
2024-10-01 15:55:00-04:00,0.24469999969005585,0.24469999969005585,0.2442999929189682,0.2442999929189682,1293,0.0,0.0
2024-10-02 09:30:00-04:00,0.25,0.259799987077713,0.24500000476837158,0.259799987077713,611266,0.0,0.0
2024-10-02 09:35:00-04:00,0.2549999952316284,0.2549999952316284,0.2522999942302704,0.2522999942302704,20789,0.0,0.0
2024-10-02 09:40:00-04:00,0.25,0.25,0.25,0.25,9000,0.0,0.0
2024-10-02 09:45:00-04:00,0.2574000060558319,0.2574000060558319,0.25,0.25,17987,0.0,0.0
2024-10-02 09:50:00-04:00,0.24860000610351562,0.2515999972820282,0.24619999527931213,0.24619999527931213,29625,0.0,0.0
2024-10-02 09:55:00-04:00,0.24500000476837158,0.24500000476837158,0.24500000476837158,0.24500000476837158,723,0.0,0.0
2024-10-02 10:00:00-04:00,0.24500000476837158,0.2451000064611435,0.24500000476837158,0.2451000064611435,18893,0.0,0.0
2024-10-02 10:05:00-04:00,0.24879999458789825,0.24879999458789825,0.24879999458789825,0.24879999458789825,202,0.0,0.0
2024-10-02 10:10:00-04:00,0.250900000333786,0.25270000100135803,0.2508000135421753,0.25270000100135803,10392,0.0,0.0
2024-10-02 10:15:00-04:00,0.2599000036716461,0.2599000036716461,0.25099998712539673,0.25099998712539673,4701,0.0,0.0
2024-10-02 10:25:00-04:00,0.2540999948978424,0.25699999928474426,0.2540999948978424,0.25429999828338623,7259,0.0,0.0
2024-10-02 10:30:00-04:00,0.2572000026702881,0.2572000026702881,0.2572000026702881,0.2572000026702881,1598,0.0,0.0
2024-10-02 10:35:00-04:00,0.25999999046325684,0.2621999979019165,0.2502000033855438,0.25440001487731934,43721,0.0,0.0
2024-10-02 10:40:00-04:00,0.26980000734329224,0.26980000734329224,0.26980000734329224,0.26980000734329224,1202,0.0,0.0
2024-10-02 10:45:00-04:00,0.25440001487731934,0.25440001487731934,0.2475000023841858,0.2475000023841858,22283,0.0,0.0
2024-10-02 10:50:00-04:00,0.2574999928474426,0.2574999928474426,0.2574999928474426,0.2574999928474426,243,0.0,0.0
2024-10-02 10:55:00-04:00,0.25,0.25,0.25,0.25,761,0.0,0.0
2024-10-02 11:00:00-04:00,0.25,0.25,0.25,0.25,5052,0.0,0.0
2024-10-02 11:05:00-04:00,0.2500999867916107,0.2500999867916107,0.2500999867916107,0.2500999867916107,469,0.0,0.0
2024-10-02 11:45:00-04:00,0.25,0.2563000023365021,0.25,0.25,6476,0.0,0.0
2024-10-02 12:05:00-04:00,0.25099998712539673,0.25099998712539673,0.25099998712539673,0.25099998712539673,2601,0.0,0.0
2024-10-02 12:15:00-04:00,0.25600001215934753,0.25999999046325684,0.25600001215934753,0.25999999046325684,1742,0.0,0.0
2024-10-02 12:20:00-04:00,0.25110000371932983,0.25110000371932983,0.25110000371932983,0.25110000371932983,1397,0.0,0.0
2024-10-02 12:30:00-04:00,0.25999999046325684,0.25999999046325684,0.25999999046325684,0.25999999046325684,2025,0.0,0.0
2024-10-02 12:35:00-04:00,0.25619998574256897,0.25999999046325684,0.25619998574256897,0.25999999046325684,3323,0.0,0.0
2024-10-02 12:40:00-04:00,0.2529999911785126,0.2529999911785126,0.2529999911785126,0.2529999911785126,800,0.0,0.0
2024-10-02 12:45:00-04:00,0.2529999911785126,0.2529999911785126,0.2529999911785126,0.2529999911785126,31,0.0,0.0
2024-10-02 12:50:00-04:00,0.2529999911785126,0.2529999911785126,0.2529999911785126,0.2529999911785126,4301,0.0,0.0
2024-10-02 12:55:00-04:00,0.25360000133514404,0.25360000133514404,0.25290000438690186,0.25290000438690186,6902,0.0,0.0
2024-10-02 13:10:00-04:00,0.25999999046325684,0.25999999046325684,0.25999999046325684,0.25999999046325684,50405,0.0,0.0
2024-10-02 13:30:00-04:00,0.25290000438690186,0.25290000438690186,0.25290000438690186,0.25290000438690186,2618,0.0,0.0
2024-10-02 13:40:00-04:00,0.25290000438690186,0.2563999891281128,0.2500999867916107,0.2500999867916107,52454,0.0,0.0
2024-10-02 13:45:00-04:00,0.25,0.25,0.2476000040769577,0.24770000576972961,16145,0.0,0.0
2024-10-02 14:00:00-04:00,0.2500999867916107,0.2502000033855438,0.2500999867916107,0.2500999867916107,17377,0.0,0.0
2024-10-02 14:05:00-04:00,0.257099986076355,0.257099986076355,0.257099986076355,0.257099986076355,3013,0.0,0.0
2024-10-02 14:10:00-04:00,0.2500999867916107,0.2500999867916107,0.25,0.25,31058,0.0,0.0
2024-10-02 14:55:00-04:00,0.2540000081062317,0.2540000081062317,0.2540000081062317,0.2540000081062317,300,0.0,0.0
2024-10-02 15:00:00-04:00,0.2549000084400177,0.2549000084400177,0.2549000084400177,0.2549000084400177,158,0.0,0.0
2024-10-02 15:05:00-04:00,0.2549000084400177,0.2549000084400177,0.2549000084400177,0.2549000084400177,3053,0.0,0.0
2024-10-02 15:10:00-04:00,0.2515000104904175,0.2515000104904175,0.25,0.25,22349,0.0,0.0
2024-10-02 15:25:00-04:00,0.25,0.25,0.25,0.25,709,0.0,0.0
2024-10-02 15:35:00-04:00,0.2485000044107437,0.2485000044107437,0.2485000044107437,0.2485000044107437,7374,0.0,0.0
2024-10-02 15:40:00-04:00,0.2485000044107437,0.24869999289512634,0.2485000044107437,0.24869999289512634,11860,0.0,0.0
2024-10-02 15:45:00-04:00,0.2485000044107437,0.25,0.24719999730587006,0.24719999730587006,12831,0.0,0.0
2024-10-02 15:50:00-04:00,0.2485000044107437,0.25,0.2476000040769577,0.25,22040,0.0,0.0
2024-10-02 15:55:00-04:00,0.25,0.2515999972820282,0.2476000040769577,0.2515999972820282,20995,0.0,0.0
2024-10-03 09:30:00-04:00,0.25,0.25,0.25,0.25,38879,0.0,0.0
2024-10-03 09:35:00-04:00,0.24650000035762787,0.24650000035762787,0.24130000174045563,0.24130000174045563,20100,0.0,0.0
2024-10-03 09:40:00-04:00,0.24130000174045563,0.25,0.23999999463558197,0.24560000002384186,108201,0.0,0.0
2024-10-03 09:50:00-04:00,0.24120000004768372,0.24230000376701355,0.24009999632835388,0.24009999632835388,9443,0.0,0.0
2024-10-03 09:55:00-04:00,0.24250000715255737,0.2425999939441681,0.24250000715255737,0.2425999939441681,6024,0.0,0.0
2024-10-03 10:00:00-04:00,0.2425999939441681,0.24639999866485596,0.23759999871253967,0.23759999871253967,24676,0.0,0.0
2024-10-03 10:15:00-04:00,0.2460000067949295,0.25,0.2460000067949295,0.25,9201,0.0,0.0
2024-10-03 10:20:00-04:00,0.2387000024318695,0.24500000476837158,0.2387000024318695,0.24500000476837158,9963,0.0,0.0
2024-10-03 10:30:00-04:00,0.24490000307559967,0.24500000476837158,0.24490000307559967,0.24500000476837158,1947,0.0,0.0
2024-10-03 10:35:00-04:00,0.23880000412464142,0.23880000412464142,0.23880000412464142,0.23880000412464142,2255,0.0,0.0
2024-10-03 10:50:00-04:00,0.23999999463558197,0.23999999463558197,0.23999999463558197,0.23999999463558197,10964,0.0,0.0
2024-10-03 11:05:00-04:00,0.2418999969959259,0.2418999969959259,0.2418999969959259,0.2418999969959259,740,0.0,0.0
2024-10-03 11:15:00-04:00,0.23999999463558197,0.23999999463558197,0.23999999463558197,0.23999999463558197,5942,0.0,0.0
2024-10-03 11:20:00-04:00,0.24400000274181366,0.24400000274181366,0.24400000274181366,0.24400000274181366,0,0.0,0.0
2024-10-03 11:25:00-04:00,0.23999999463558197,0.23999999463558197,0.23639999330043793,0.23999999463558197,68696,0.0,0.0
2024-10-03 11:30:00-04:00,0.23399999737739563,0.23399999737739563,0.23250000178813934,0.23250000178813934,2886,0.0,0.0
2024-10-03 11:40:00-04:00,0.23499999940395355,0.23499999940395355,0.23499999940395355,0.23499999940395355,8563,0.0,0.0
2024-10-03 11:55:00-04:00,0.23999999463558197,0.23999999463558197,0.23999999463558197,0.23999999463558197,101,0.0,0.0
2024-10-03 12:00:00-04:00,0.2363000065088272,0.2363000065088272,0.2363000065088272,0.2363000065088272,1321,0.0,0.0
2024-10-03 12:25:00-04:00,0.2433999925851822,0.2433999925851822,0.2433999925851822,0.2433999925851822,111,0.0,0.0
2024-10-03 12:35:00-04:00,0.24979999661445618,0.24979999661445618,0.2370000034570694,0.2370000034570694,56110,0.0,0.0
2024-10-03 12:45:00-04:00,0.24220000207424164,0.24220000207424164,0.24220000207424164,0.24220000207424164,26574,0.0,0.0
2024-10-03 13:10:00-04:00,0.23999999463558197,0.23999999463558197,0.23999999463558197,0.23999999463558197,109,0.0,0.0
2024-10-03 13:15:00-04:00,0.24400000274181366,0.24400000274181366,0.24400000274181366,0.24400000274181366,532,0.0,0.0
2024-10-03 13:40:00-04:00,0.2442999929189682,0.2442999929189682,0.2442999929189682,0.2442999929189682,13031,0.0,0.0
2024-10-03 13:50:00-04:00,0.2442999929189682,0.2442999929189682,0.2442999929189682,0.2442999929189682,655,0.0,0.0
2024-10-03 14:40:00-04:00,0.2409999966621399,0.2409999966621399,0.2409999966621399,0.2409999966621399,257,0.0,0.0
2024-10-03 15:10:00-04:00,0.24500000476837158,0.24500000476837158,0.24500000476837158,0.24500000476837158,6298,0.0,0.0
2024-10-03 15:15:00-04:00,0.24500000476837158,0.24500000476837158,0.24500000476837158,0.24500000476837158,1009,0.0,0.0
2024-10-03 15:20:00-04:00,0.24300000071525574,0.24500000476837158,0.24300000071525574,0.24500000476837158,3845,0.0,0.0
2024-10-03 15:45:00-04:00,0.24709999561309814,0.24709999561309814,0.24709999561309814,0.24709999561309814,1091,0.0,0.0
2024-10-03 15:55:00-04:00,0.24709999561309814,0.24709999561309814,0.24500000476837158,0.24709999561309814,2050,0.0,0.0
2024-10-04 09:30:00-04:00,0.24199999868869781,0.24199999868869781,0.2409999966621399,0.2409999966621399,20448,0.0,0.0
2024-10-04 09:35:00-04:00,0.2451999932527542,0.2451999932527542,0.2451999932527542,0.2451999932527542,2680,0.0,0.0
2024-10-04 09:45:00-04:00,0.2451999932527542,0.2451999932527542,0.2409999966621399,0.2409999966621399,2633,0.0,0.0
2024-10-04 09:50:00-04:00,0.24500000476837158,0.24500000476837158,0.24500000476837158,0.24500000476837158,1341,0.0,0.0
2024-10-04 10:00:00-04:00,0.2410999983549118,0.24899999797344208,0.2410999983549118,0.24899999797344208,3782,0.0,0.0
2024-10-04 10:05:00-04:00,0.24899999797344208,0.24899999797344208,0.2409999966621399,0.24899999797344208,3633,0.0,0.0
2024-10-04 10:15:00-04:00,0.24500000476837158,0.24899999797344208,0.2409999966621399,0.2409999966621399,7915,0.0,0.0
2024-10-04 10:25:00-04:00,0.23929999768733978,0.24899999797344208,0.2387000024318695,0.24899999797344208,8895,0.0,0.0
2024-10-04 10:40:00-04:00,0.23999999463558197,0.23999999463558197,0.23999999463558197,0.23999999463558197,425,0.0,0.0
2024-10-04 10:45:00-04:00,0.24300000071525574,0.24899999797344208,0.24300000071525574,0.24899999797344208,6835,0.0,0.0
2024-10-04 10:55:00-04:00,0.24300000071525574,0.24300000071525574,0.24300000071525574,0.24300000071525574,2611,0.0,0.0
2024-10-04 11:40:00-04:00,0.24449999630451202,0.24449999630451202,0.24449999630451202,0.24449999630451202,10199,0.0,0.0
2024-10-04 11:45:00-04:00,0.24009999632835388,0.24799999594688416,0.24009999632835388,0.24789999425411224,6149,0.0,0.0
2024-10-04 11:50:00-04:00,0.24009999632835388,0.24009999632835388,0.24009999632835388,0.24009999632835388,203,0.0,0.0
2024-10-04 11:55:00-04:00,0.24490000307559967,0.24490000307559967,0.24490000307559967,0.24490000307559967,200,0.0,0.0
2024-10-04 12:00:00-04:00,0.24060000479221344,0.24420000612735748,0.24060000479221344,0.24420000612735748,2301,0.0,0.0
2024-10-04 12:05:00-04:00,0.24799999594688416,0.24799999594688416,0.24799999594688416,0.24799999594688416,702,0.0,0.0
2024-10-04 12:10:00-04:00,0.24060000479221344,0.24060000479221344,0.24060000479221344,0.24060000479221344,3548,0.0,0.0
2024-10-04 12:15:00-04:00,0.24690000712871552,0.24690000712871552,0.2451000064611435,0.2451000064611435,2100,0.0,0.0
2024-10-04 12:25:00-04:00,0.2451000064611435,0.24799999594688416,0.2451000064611435,0.24799999594688416,563,0.0,0.0
2024-10-04 12:45:00-04:00,0.24789999425411224,0.24799999594688416,0.24789999425411224,0.24799999594688416,13028,0.0,0.0
2024-10-04 13:10:00-04:00,0.24889999628067017,0.24889999628067017,0.24889999628067017,0.24889999628067017,920,0.0,0.0
2024-10-04 13:45:00-04:00,0.24799999594688416,0.24799999594688416,0.24789999425411224,0.24799999594688416,6103,0.0,0.0
2024-10-04 14:25:00-04:00,0.24580000340938568,0.24580000340938568,0.24580000340938568,0.24580000340938568,5105,0.0,0.0
2024-10-04 14:30:00-04:00,0.24500000476837158,0.24500000476837158,0.24500000476837158,0.24500000476837158,0,0.0,0.0
2024-10-04 14:35:00-04:00,0.24500000476837158,0.24500000476837158,0.24500000476837158,0.24500000476837158,788,0.0,0.0
2024-10-04 14:45:00-04:00,0.24799999594688416,0.2485000044107437,0.24500000476837158,0.2485000044107437,5309,0.0,0.0
2024-10-04 14:50:00-04:00,0.24889999628067017,0.25699999928474426,0.2460000067949295,0.25699999928474426,14839,0.0,0.0
2024-10-04 15:00:00-04:00,0.2538999915122986,0.2538999915122986,0.2538999915122986,0.2538999915122986,1648,0.0,0.0
2024-10-04 15:10:00-04:00,0.24899999797344208,0.24899999797344208,0.2460000067949295,0.2460000067949295,3172,0.0,0.0
2024-10-04 15:15:00-04:00,0.24889999628067017,0.2524999976158142,0.24889999628067017,0.2524999976158142,3025,0.0,0.0
2024-10-04 15:25:00-04:00,0.2506999969482422,0.2506999969482422,0.2506999969482422,0.2506999969482422,703,0.0,0.0
2024-10-04 15:30:00-04:00,0.25,0.25,0.25,0.25,159,0.0,0.0
2024-10-04 15:50:00-04:00,0.24220000207424164,0.24220000207424164,0.24220000207424164,0.24220000207424164,610,0.0,0.0
2024-10-04 15:55:00-04:00,0.25200000405311584,0.25200000405311584,0.25200000405311584,0.25200000405311584,1524,0.0,0.0
2024-10-07 09:30:00-04:00,0.2460000067949295,0.2460000067949295,0.2460000067949295,0.2460000067949295,10145,0.0,0.0
2024-10-07 09:35:00-04:00,0.23890000581741333,0.23999999463558197,0.23890000581741333,0.23999999463558197,4260,0.0,0.0
2024-10-07 09:50:00-04:00,0.24979999661445618,0.24979999661445618,0.24979999661445618,0.24979999661445618,550,0.0,0.0
2024-10-07 10:00:00-04:00,0.23999999463558197,0.23999999463558197,0.23999999463558197,0.23999999463558197,400,0.0,0.0
2024-10-07 10:10:00-04:00,0.24789999425411224,0.24789999425411224,0.24789999425411224,0.24789999425411224,3100,0.0,0.0
2024-10-07 10:20:00-04:00,0.24500000476837158,0.24500000476837158,0.24500000476837158,0.24500000476837158,1007,0.0,0.0
2024-10-07 10:25:00-04:00,0.2476000040769577,0.2476000040769577,0.24379999935626984,0.24379999935626984,20930,0.0,0.0
2024-10-07 10:30:00-04:00,0.24050000309944153,0.24050000309944153,0.24050000309944153,0.24050000309944153,0,0.0,0.0
2024-10-07 10:35:00-04:00,0.24050000309944153,0.24050000309944153,0.24050000309944153,0.24050000309944153,931,0.0,0.0
2024-10-07 11:00:00-04:00,0.2498999983072281,0.2524999976158142,0.2498999983072281,0.2524999976158142,31635,0.0,0.0
2024-10-07 11:05:00-04:00,0.2540000081062317,0.25999999046325684,0.2540000081062317,0.2563999891281128,19047,0.0,0.0
2024-10-07 11:10:00-04:00,0.2551000118255615,0.25999999046325684,0.25,0.25999999046325684,23835,0.0,0.0
2024-10-07 11:15:00-04:00,0.2549999952316284,0.2549999952316284,0.25,0.2549999952316284,16056,0.0,0.0
2024-10-07 11:20:00-04:00,0.2549999952316284,0.2549999952316284,0.2549999952316284,0.2549999952316284,2006,0.0,0.0
2024-10-07 11:25:00-04:00,0.2524000108242035,0.2524999976158142,0.2522999942302704,0.2524000108242035,5400,0.0,0.0
2024-10-07 11:35:00-04:00,0.25429999828338623,0.25429999828338623,0.25429999828338623,0.25429999828338623,250,0.0,0.0
2024-10-07 11:40:00-04:00,0.25040000677108765,0.25040000677108765,0.25,0.25,2147,0.0,0.0
2024-10-07 12:05:00-04:00,0.25,0.25,0.25,0.25,538,0.0,0.0
2024-10-07 12:10:00-04:00,0.25,0.25,0.25,0.25,4337,0.0,0.0
2024-10-07 12:20:00-04:00,0.24060000479221344,0.24060000479221344,0.24060000479221344,0.24060000479221344,8326,0.0,0.0
2024-10-07 12:25:00-04:00,0.24060000479221344,0.24420000612735748,0.24050000309944153,0.24050000309944153,26815,0.0,0.0
2024-10-07 12:35:00-04:00,0.24789999425411224,0.24789999425411224,0.24789999425411224,0.24789999425411224,0,0.0,0.0
2024-10-07 13:10:00-04:00,0.24779999256134033,0.24779999256134033,0.2410999983549118,0.2410999983549118,350,0.0,0.0
2024-10-07 13:15:00-04:00,0.2410999983549118,0.2410999983549118,0.2410999983549118,0.2410999983549118,159,0.0,0.0
2024-10-07 13:40:00-04:00,0.2476000040769577,0.2476000040769577,0.2476000040769577,0.2476000040769577,3565,0.0,0.0
2024-10-07 13:45:00-04:00,0.24699999392032623,0.24699999392032623,0.24699999392032623,0.24699999392032623,226,0.0,0.0
2024-10-07 13:55:00-04:00,0.2524999976158142,0.2524999976158142,0.2524999976158142,0.2524999976158142,0,0.0,0.0
2024-10-07 14:20:00-04:00,0.25999999046325684,0.25999999046325684,0.25999999046325684,0.25999999046325684,0,0.0,0.0
2024-10-07 15:25:00-04:00,0.2460000067949295,0.2460000067949295,0.2460000067949295,0.2460000067949295,188271,0.0,0.0
2024-10-07 15:30:00-04:00,0.25290000438690186,0.2529999911785126,0.25290000438690186,0.2529999911785126,11942,0.0,0.0
2024-10-07 15:35:00-04:00,0.2549999952316284,0.2549999952316284,0.2549999952316284,0.2549999952316284,3149,0.0,0.0
2024-10-07 15:45:00-04:00,0.24549999833106995,0.24549999833106995,0.24549999833106995,0.24549999833106995,1539,0.0,0.0
2024-10-07 15:55:00-04:00,0.2460000067949295,0.2460000067949295,0.2460000067949295,0.2460000067949295,0,0.0,0.0
2024-10-08 09:30:00-04:00,0.24120000004768372,0.25999999046325684,0.2410999983549118,0.24969999492168427,151782,0.0,0.0
2024-10-08 09:35:00-04:00,0.25609999895095825,0.25609999895095825,0.24869999289512634,0.24869999289512634,293,0.0,0.0
2024-10-08 09:40:00-04:00,0.25619998574256897,0.25619998574256897,0.25619998574256897,0.25619998574256897,4108,0.0,0.0
2024-10-08 09:50:00-04:00,0.25600001215934753,0.25600001215934753,0.25600001215934753,0.25600001215934753,2280,0.0,0.0
2024-10-08 09:55:00-04:00,0.25600001215934753,0.25600001215934753,0.2508000135421753,0.2508000135421753,14726,0.0,0.0
2024-10-08 10:00:00-04:00,0.25609999895095825,0.25609999895095825,0.25609999895095825,0.25609999895095825,3434,0.0,0.0
2024-10-08 10:10:00-04:00,0.25589999556541443,0.25589999556541443,0.24500000476837158,0.24500000476837158,8578,0.0,0.0
2024-10-08 10:15:00-04:00,0.24740000069141388,0.2498999983072281,0.24500000476837158,0.2498999983072281,4000,0.0,0.0
2024-10-08 10:20:00-04:00,0.24979999661445618,0.24979999661445618,0.24979999661445618,0.24979999661445618,9900,0.0,0.0
2024-10-08 10:25:00-04:00,0.2498999983072281,0.2498999983072281,0.2498999983072281,0.2498999983072281,0,0.0,0.0
2024-10-08 10:30:00-04:00,0.2498999983072281,0.2498999983072281,0.2498999983072281,0.2498999983072281,1013,0.0,0.0
2024-10-08 10:35:00-04:00,0.2498999983072281,0.2498999983072281,0.24549999833106995,0.24549999833106995,22915,0.0,0.0
2024-10-08 10:40:00-04:00,0.24199999868869781,0.24199999868869781,0.24199999868869781,0.24199999868869781,0,0.0,0.0
2024-10-08 10:45:00-04:00,0.24240000545978546,0.24240000545978546,0.24240000545978546,0.24240000545978546,190,0.0,0.0
2024-10-08 10:50:00-04:00,0.24269999563694,0.24269999563694,0.23999999463558197,0.23999999463558197,50567,0.0,0.0
2024-10-08 11:00:00-04:00,0.24210000038146973,0.24210000038146973,0.23499999940395355,0.23499999940395355,101331,0.0,0.0
2024-10-08 11:10:00-04:00,0.24500000476837158,0.2459000051021576,0.24500000476837158,0.2459000051021576,11520,0.0,0.0
2024-10-08 11:25:00-04:00,0.2409999966621399,0.2409999966621399,0.23899999260902405,0.23999999463558197,16434,0.0,0.0
2024-10-08 11:35:00-04:00,0.23909999430179596,0.23909999430179596,0.23909999430179596,0.23909999430179596,900,0.0,0.0
2024-10-08 11:45:00-04:00,0.23960000276565552,0.23960000276565552,0.23909999430179596,0.23909999430179596,15743,0.0,0.0
2024-10-08 11:55:00-04:00,0.23890000581741333,0.23890000581741333,0.23890000581741333,0.23890000581741333,0,0.0,0.0
2024-10-08 12:05:00-04:00,0.23890000581741333,0.23890000581741333,0.23890000581741333,0.23890000581741333,1400,0.0,0.0
2024-10-08 12:15:00-04:00,0.23499999940395355,0.23499999940395355,0.23499999940395355,0.23499999940395355,2896,0.0,0.0
2024-10-08 12:20:00-04:00,0.23989999294281006,0.24289999902248383,0.23100000619888306,0.23100000619888306,39874,0.0,0.0
2024-10-08 12:25:00-04:00,0.23420000076293945,0.23420000076293945,0.23420000076293945,0.23420000076293945,8062,0.0,0.0
2024-10-08 12:30:00-04:00,0.23499999940395355,0.23510000109672546,0.23499999940395355,0.23510000109672546,48899,0.0,0.0
2024-10-08 12:55:00-04:00,0.2498999983072281,0.2498999983072281,0.2498999983072281,0.2498999983072281,2011,0.0,0.0
2024-10-08 13:45:00-04:00,0.24959999322891235,0.24959999322891235,0.24959999322891235,0.24959999322891235,1128,0.0,0.0
2024-10-08 14:00:00-04:00,0.24220000207424164,0.24220000207424164,0.23649999499320984,0.23649999499320984,15747,0.0,0.0
2024-10-08 14:20:00-04:00,0.2410999983549118,0.2410999983549118,0.2410999983549118,0.2410999983549118,7037,0.0,0.0
2024-10-08 14:25:00-04:00,0.24120000004768372,0.24120000004768372,0.24120000004768372,0.24120000004768372,5263,0.0,0.0
2024-10-08 14:50:00-04:00,0.2410999983549118,0.2410999983549118,0.2410999983549118,0.2410999983549118,4000,0.0,0.0
2024-10-08 14:55:00-04:00,0.2410999983549118,0.2410999983549118,0.2409999966621399,0.2409999966621399,3318,0.0,0.0
2024-10-08 15:50:00-04:00,0.24959999322891235,0.24959999322891235,0.24959999322891235,0.24959999322891235,1901,0.0,0.0
2024-10-08 15:55:00-04:00,0.24230000376701355,0.24230000376701355,0.23999999463558197,0.23999999463558197,5885,0.0,0.0
2024-10-09 09:30:00-04:00,0.23489999771118164,0.23489999771118164,0.22499999403953552,0.23190000653266907,68438,0.0,0.0
2024-10-09 09:35:00-04:00,0.22769999504089355,0.22769999504089355,0.2224999964237213,0.2224999964237213,6568,0.0,0.0
2024-10-09 09:45:00-04:00,0.22660000622272491,0.22660000622272491,0.22259999811649323,0.22259999811649323,7205,0.0,0.0
2024-10-09 09:55:00-04:00,0.22259999811649323,0.22259999811649323,0.22259999811649323,0.22259999811649323,565,0.0,0.0
2024-10-09 10:00:00-04:00,0.22259999811649323,0.22259999811649323,0.22259999811649323,0.22259999811649323,3485,0.0,0.0
2024-10-09 10:05:00-04:00,0.22259999811649323,0.22259999811649323,0.22259999811649323,0.22259999811649323,4591,0.0,0.0
2024-10-09 10:20:00-04:00,0.22280000150203705,0.22280000150203705,0.22280000150203705,0.22280000150203705,1222,0.0,0.0
2024-10-09 10:25:00-04:00,0.22830000519752502,0.22830000519752502,0.22830000519752502,0.22830000519752502,1487,0.0,0.0
2024-10-09 10:40:00-04:00,0.22830000519752502,0.22830000519752502,0.22830000519752502,0.22830000519752502,197,0.0,0.0
2024-10-09 11:00:00-04:00,0.2329999953508377,0.2329999953508377,0.23010000586509705,0.23010000586509705,5424,0.0,0.0
2024-10-09 11:10:00-04:00,0.2329999953508377,0.2329999953508377,0.23000000417232513,0.23000000417232513,15611,0.0,0.0
2024-10-09 11:25:00-04:00,0.22939999401569366,0.23000000417232513,0.22699999809265137,0.22699999809265137,10803,0.0,0.0
2024-10-09 11:50:00-04:00,0.23499999940395355,0.23499999940395355,0.23499999940395355,0.23499999940395355,2586,0.0,0.0
2024-10-09 12:35:00-04:00,0.23399999737739563,0.23399999737739563,0.23399999737739563,0.23399999737739563,1395,0.0,0.0
2024-10-09 13:10:00-04:00,0.225600004196167,0.225600004196167,0.225600004196167,0.225600004196167,5136,0.0,0.0
2024-10-09 13:20:00-04:00,0.22619999945163727,0.22619999945163727,0.22619999945163727,0.22619999945163727,3054,0.0,0.0
2024-10-09 13:25:00-04:00,0.22599999606609344,0.22599999606609344,0.22599999606609344,0.22599999606609344,1497,0.0,0.0
2024-10-09 13:55:00-04:00,0.23360000550746918,0.23360000550746918,0.2295999974012375,0.2295999974012375,5064,0.0,0.0
2024-10-09 14:00:00-04:00,0.23350000381469727,0.23350000381469727,0.23350000381469727,0.23350000381469727,6664,0.0,0.0
2024-10-09 14:05:00-04:00,0.23360000550746918,0.23890000581741333,0.23360000550746918,0.23890000581741333,18529,0.0,0.0
2024-10-09 14:15:00-04:00,0.2378000020980835,0.2378000020980835,0.2337999939918518,0.2337999939918518,1047,0.0,0.0
2024-10-09 14:45:00-04:00,0.2337000072002411,0.2337000072002411,0.2337000072002411,0.2337000072002411,102,0.0,0.0
2024-10-09 14:55:00-04:00,0.23749999701976776,0.23749999701976776,0.23749999701976776,0.23749999701976776,680,0.0,0.0
2024-10-09 15:00:00-04:00,0.23739999532699585,0.23739999532699585,0.23739999532699585,0.23739999532699585,3302,0.0,0.0
2024-10-09 15:15:00-04:00,0.23010000586509705,0.23010000586509705,0.23010000586509705,0.23010000586509705,1815,0.0,0.0
2024-10-09 15:20:00-04:00,0.23739999532699585,0.23739999532699585,0.23739999532699585,0.23739999532699585,30531,0.0,0.0
2024-10-09 15:35:00-04:00,0.23739999532699585,0.23739999532699585,0.23739999532699585,0.23739999532699585,1730,0.0,0.0
2024-10-09 15:55:00-04:00,0.22769999504089355,0.22769999504089355,0.22550000250339508,0.22550000250339508,2569,0.0,0.0
2024-10-10 09:30:00-04:00,0.2298000007867813,0.2298000007867813,0.2280000001192093,0.2280000001192093,70572,0.0,0.0
2024-10-10 09:35:00-04:00,0.2280000001192093,0.2296999990940094,0.2280000001192093,0.2296999990940094,404,0.0,0.0
2024-10-10 09:50:00-04:00,0.22550000250339508,0.22550000250339508,0.21369999647140503,0.21899999678134918,141643,0.0,0.0
2024-10-10 09:55:00-04:00,0.21889999508857727,0.21889999508857727,0.21889999508857727,0.21889999508857727,545,0.0,0.0
2024-10-10 10:00:00-04:00,0.21889999508857727,0.21889999508857727,0.21889999508857727,0.21889999508857727,1421,0.0,0.0
2024-10-10 10:05:00-04:00,0.21850000321865082,0.21850000321865082,0.21850000321865082,0.21850000321865082,5338,0.0,0.0
2024-10-10 10:10:00-04:00,0.21899999678134918,0.21899999678134918,0.21400000154972076,0.2184000015258789,8832,0.0,0.0
2024-10-10 10:15:00-04:00,0.21359999477863312,0.218299999833107,0.21359999477863312,0.218299999833107,25227,0.0,0.0
2024-10-10 10:30:00-04:00,0.2159000039100647,0.2199999988079071,0.2159000039100647,0.2199999988079071,0,0.0,0.0
2024-10-10 10:35:00-04:00,0.2175000011920929,0.2175000011920929,0.2175000011920929,0.2175000011920929,8100,0.0,0.0
2024-10-10 10:40:00-04:00,0.2199999988079071,0.2199999988079071,0.21899999678134918,0.2199999988079071,13792,0.0,0.0
2024-10-10 10:45:00-04:00,0.2168000042438507,0.2168000042438507,0.2168000042438507,0.2168000042438507,12394,0.0,0.0
2024-10-10 10:50:00-04:00,0.21799999475479126,0.2199999988079071,0.21799999475479126,0.2199999988079071,5777,0.0,0.0
2024-10-10 10:55:00-04:00,0.22300000488758087,0.22300000488758087,0.2199999988079071,0.2199999988079071,401,0.0,0.0
2024-10-10 11:00:00-04:00,0.22599999606609344,0.22599999606609344,0.22599999606609344,0.22599999606609344,14116,0.0,0.0
2024-10-10 11:10:00-04:00,0.2249000072479248,0.2249000072479248,0.2249000072479248,0.2249000072479248,2840,0.0,0.0
2024-10-10 11:50:00-04:00,0.22499999403953552,0.22499999403953552,0.2199999988079071,0.2199999988079071,5338,0.0,0.0
2024-10-10 12:05:00-04:00,0.22470000386238098,0.22470000386238098,0.22470000386238098,0.22470000386238098,107,0.0,0.0
2024-10-10 12:25:00-04:00,0.2199999988079071,0.2199999988079071,0.2199999988079071,0.2199999988079071,768,0.0,0.0
2024-10-10 12:50:00-04:00,0.2248000055551529,0.2248000055551529,0.2248000055551529,0.2248000055551529,8567,0.0,0.0
2024-10-10 12:55:00-04:00,0.22169999778270721,0.22169999778270721,0.2199999988079071,0.2199999988079071,2417,0.0,0.0
2024-10-10 13:00:00-04:00,0.2223999947309494,0.2223999947309494,0.2223999947309494,0.2223999947309494,544,0.0,0.0
2024-10-10 13:15:00-04:00,0.2248000055551529,0.2248000055551529,0.2248000055551529,0.2248000055551529,510,0.0,0.0
2024-10-10 13:20:00-04:00,0.22010000050067902,0.22010000050067902,0.22010000050067902,0.22010000050067902,1030,0.0,0.0
2024-10-10 13:25:00-04:00,0.2199999988079071,0.2199999988079071,0.2199999988079071,0.2199999988079071,2669,0.0,0.0
2024-10-10 13:55:00-04:00,0.22010000050067902,0.22010000050067902,0.22010000050067902,0.22010000050067902,9971,0.0,0.0
2024-10-10 14:20:00-04:00,0.22010000050067902,0.22010000050067902,0.22010000050067902,0.22010000050067902,139,0.0,0.0
2024-10-10 14:40:00-04:00,0.22050000727176666,0.22050000727176666,0.22010000050067902,0.22010000050067902,5774,0.0,0.0
2024-10-10 15:10:00-04:00,0.22100000083446503,0.22100000083446503,0.22059999406337738,0.22059999406337738,4202,0.0,0.0
2024-10-10 15:25:00-04:00,0.22010000050067902,0.22010000050067902,0.2199999988079071,0.2199999988079071,23332,0.0,0.0
2024-10-10 15:35:00-04:00,0.21699999272823334,0.21699999272823334,0.2150000035762787,0.2150000035762787,12432,0.0,0.0
2024-10-10 15:40:00-04:00,0.2199999988079071,0.2199999988079071,0.21780000627040863,0.21780000627040863,24592,0.0,0.0
2024-10-10 15:45:00-04:00,0.2151000052690506,0.2199999988079071,0.2151000052690506,0.2199999988079071,5426,0.0,0.0
2024-10-10 15:50:00-04:00,0.2198999971151352,0.2199999988079071,0.2175000011920929,0.2199999988079071,36669,0.0,0.0
2024-10-10 15:55:00-04:00,0.2199999988079071,0.2199999988079071,0.2199999988079071,0.2199999988079071,191,0.0,0.0
2024-10-11 09:30:00-04:00,0.21610000729560852,0.2199999988079071,0.21610000729560852,0.2199999988079071,2611,0.0,0.0
2024-10-11 09:45:00-04:00,0.2150000035762787,0.2150000035762787,0.2150000035762787,0.2150000035762787,967,0.0,0.0
2024-10-11 10:05:00-04:00,0.21660000085830688,0.2199999988079071,0.21660000085830688,0.2199999988079071,1858,0.0,0.0
2024-10-11 10:10:00-04:00,0.2199999988079071,0.2199999988079071,0.2199999988079071,0.2199999988079071,104,0.0,0.0
2024-10-11 10:15:00-04:00,0.2199999988079071,0.2199999988079071,0.2199999988079071,0.2199999988079071,220,0.0,0.0
2024-10-11 10:20:00-04:00,0.218299999833107,0.2199999988079071,0.218299999833107,0.2199999988079071,10309,0.0,0.0
2024-10-11 10:25:00-04:00,0.2150000035762787,0.2152000069618225,0.2150000035762787,0.2152000069618225,4324,0.0,0.0
2024-10-11 10:30:00-04:00,0.21619999408721924,0.21629999577999115,0.21619999408721924,0.21629999577999115,369,0.0,0.0
2024-10-11 10:35:00-04:00,0.2199999988079071,0.2199999988079071,0.2199999988079071,0.2199999988079071,126,0.0,0.0
2024-10-11 10:45:00-04:00,0.2198999971151352,0.2198999971151352,0.2198999971151352,0.2198999971151352,3568,0.0,0.0
2024-10-11 11:15:00-04:00,0.2199999988079071,0.2199999988079071,0.2199999988079071,0.2199999988079071,3139,0.0,0.0
2024-10-11 11:40:00-04:00,0.2198999971151352,0.2198999971151352,0.2198999971151352,0.2198999971151352,800,0.0,0.0
2024-10-11 11:50:00-04:00,0.2199999988079071,0.2199999988079071,0.2199999988079071,0.2199999988079071,636,0.0,0.0
2024-10-11 12:00:00-04:00,0.2168000042438507,0.2199999988079071,0.2168000042438507,0.2199999988079071,12386,0.0,0.0
2024-10-11 12:05:00-04:00,0.2168000042438507,0.2168000042438507,0.2168000042438507,0.2168000042438507,1173,0.0,0.0
2024-10-11 13:05:00-04:00,0.21699999272823334,0.21699999272823334,0.21690000593662262,0.21690000593662262,1672,0.0,0.0
2024-10-11 13:35:00-04:00,0.21979999542236328,0.21979999542236328,0.21979999542236328,0.21979999542236328,485,0.0,0.0
2024-10-11 13:50:00-04:00,0.2198999971151352,0.2198999971151352,0.2198999971151352,0.2198999971151352,4766,0.0,0.0
2024-10-11 14:05:00-04:00,0.21610000729560852,0.2198999971151352,0.21610000729560852,0.2198999971151352,500,0.0,0.0
2024-10-11 14:10:00-04:00,0.21619999408721924,0.21619999408721924,0.21619999408721924,0.21619999408721924,20255,0.0,0.0
2024-10-11 14:15:00-04:00,0.21690000593662262,0.21690000593662262,0.2168000042438507,0.2168000042438507,0,0.0,0.0
2024-10-11 14:20:00-04:00,0.21799999475479126,0.21799999475479126,0.21799999475479126,0.21799999475479126,268,0.0,0.0
2024-10-11 14:30:00-04:00,0.219200000166893,0.219200000166893,0.219200000166893,0.219200000166893,844,0.0,0.0
2024-10-11 14:35:00-04:00,0.2198999971151352,0.2199999988079071,0.2198999971151352,0.2199999988079071,4809,0.0,0.0
2024-10-11 14:55:00-04:00,0.21860000491142273,0.21860000491142273,0.21860000491142273,0.21860000491142273,400,0.0,0.0
2024-10-11 15:05:00-04:00,0.22010000050067902,0.22010000050067902,0.22010000050067902,0.22010000050067902,785,0.0,0.0
2024-10-11 15:10:00-04:00,0.2199999988079071,0.2199999988079071,0.2199999988079071,0.2199999988079071,374,0.0,0.0
2024-10-11 15:20:00-04:00,0.2223999947309494,0.2223999947309494,0.2223999947309494,0.2223999947309494,1109,0.0,0.0
2024-10-11 15:25:00-04:00,0.2223999947309494,0.2223999947309494,0.2223999947309494,0.2223999947309494,1119,0.0,0.0
2024-10-11 15:30:00-04:00,0.2175000011920929,0.2175000011920929,0.2175000011920929,0.2175000011920929,19629,0.0,0.0
2024-10-11 15:35:00-04:00,0.2223999947309494,0.2223999947309494,0.2223999947309494,0.2223999947309494,0,0.0,0.0
2024-10-11 15:40:00-04:00,0.2222999930381775,0.23000000417232513,0.2222999930381775,0.22990000247955322,111289,0.0,0.0
2024-10-11 15:55:00-04:00,0.2280000001192093,0.2280000001192093,0.2280000001192093,0.2280000001192093,0,0.0,0.0
