Datetime,Open,High,Low,Close,Volume,Dividends,Stock Splits
2024-07-24 09:00:00+09:00,7760.0,7760.0,7510.0,7570.0,0,0.0,0.0
2024-07-24 09:05:00+09:00,7570.0,7570.0,7470.0,7540.0,8323,0.0,0.0
2024-07-24 09:10:00+09:00,7540.0,7540.0,7540.0,7540.0,232,0.0,0.0
2024-07-24 09:15:00+09:00,7540.0,7570.0,7540.0,7570.0,137,0.0,0.0
2024-07-24 09:20:00+09:00,7570.0,7570.0,7470.0,7500.0,2179,0.0,0.0
2024-07-24 09:25:00+09:00,7500.0,7540.0,7500.0,7540.0,211,0.0,0.0
2024-07-24 09:30:00+09:00,7530.0,7540.0,7500.0,7540.0,1646,0.0,0.0
2024-07-24 09:35:00+09:00,7530.0,7550.0,7530.0,7550.0,685,0.0,0.0
2024-07-24 09:40:00+09:00,7560.0,7560.0,7560.0,7560.0,100,0.0,0.0
2024-07-24 09:45:00+09:00,7570.0,7570.0,7570.0,7570.0,0,0.0,0.0
2024-07-24 09:50:00+09:00,7570.0,7580.0,7530.0,7530.0,575,0.0,0.0
2024-07-24 09:55:00+09:00,7530.0,7580.0,7530.0,7580.0,603,0.0,0.0
2024-07-24 10:00:00+09:00,7580.0,7580.0,7550.0,7550.0,231,0.0,0.0
2024-07-24 10:05:00+09:00,7530.0,7580.0,7530.0,7530.0,478,0.0,0.0
2024-07-24 10:10:00+09:00,7580.0,7590.0,7530.0,7530.0,67,0.0,0.0
2024-07-24 10:20:00+09:00,7580.0,7590.0,7580.0,7590.0,341,0.0,0.0
2024-07-24 10:25:00+09:00,7560.0,7560.0,7550.0,7560.0,714,0.0,0.0
2024-07-24 10:30:00+09:00,7550.0,7550.0,7540.0,7540.0,368,0.0,0.0
2024-07-24 10:40:00+09:00,7540.0,7600.0,7540.0,7540.0,10,0.0,0.0
2024-07-24 10:45:00+09:00,7540.0,7540.0,7540.0,7540.0,0,0.0,0.0
2024-07-24 10:50:00+09:00,7560.0,7560.0,7560.0,7560.0,1,0.0,0.0
2024-07-24 10:55:00+09:00,7560.0,7560.0,7550.0,7550.0,499,0.0,0.0
2024-07-24 11:00:00+09:00,7610.0,7610.0,7610.0,7610.0,0,0.0,0.0
2024-07-24 11:05:00+09:00,7610.0,7610.0,7610.0,7610.0,1,0.0,0.0
2024-07-24 11:10:00+09:00,7610.0,7610.0,7610.0,7610.0,99,0.0,0.0
2024-07-24 11:15:00+09:00,7610.0,7610.0,7610.0,7610.0,0,0.0,0.0
2024-07-24 11:25:00+09:00,7610.0,7650.0,7610.0,7650.0,239,0.0,0.0
2024-07-24 11:50:00+09:00,7630.0,7630.0,7630.0,7630.0,0,0.0,0.0
2024-07-24 12:05:00+09:00,7630.0,7630.0,7630.0,7630.0,270,0.0,0.0
2024-07-24 12:15:00+09:00,7640.0,7640.0,7640.0,7640.0,0,0.0,0.0
2024-07-24 12:20:00+09:00,7640.0,7650.0,7640.0,7650.0,82,0.0,0.0
2024-07-24 12:25:00+09:00,7600.0,7600.0,7600.0,7600.0,1,0.0,0.0
2024-07-24 12:30:00+09:00,7600.0,7600.0,7600.0,7600.0,425,0.0,0.0
2024-07-24 12:45:00+09:00,7650.0,7650.0,7650.0,7650.0,0,0.0,0.0
2024-07-24 12:55:00+09:00,7640.0,7640.0,7640.0,7640.0,19,0.0,0.0
2024-07-24 13:05:00+09:00,7600.0,7600.0,7600.0,7600.0,10,0.0,0.0
2024-07-24 13:10:00+09:00,7650.0,7650.0,7620.0,7650.0,0,0.0,0.0
2024-07-24 13:15:00+09:00,7600.0,7600.0,7600.0,7600.0,499,0.0,0.0
2024-07-24 13:30:00+09:00,7590.0,7590.0,7560.0,7560.0,0,0.0,0.0
2024-07-24 13:35:00+09:00,7580.0,7580.0,7570.0,7570.0,6,0.0,0.0
2024-07-24 13:45:00+09:00,7570.0,7570.0,7570.0,7570.0,400,0.0,0.0
2024-07-24 13:55:00+09:00,7560.0,7560.0,7560.0,7560.0,300,0.0,0.0
2024-07-24 14:00:00+09:00,7560.0,7560.0,7560.0,7560.0,0,0.0,0.0
2024-07-24 14:05:00+09:00,7560.0,7560.0,7540.0,7540.0,750,0.0,0.0
2024-07-24 14:10:00+09:00,7550.0,7550.0,7550.0,7550.0,2,0.0,0.0
2024-07-24 14:30:00+09:00,7580.0,7610.0,7580.0,7610.0,344,0.0,0.0
2024-07-24 14:35:00+09:00,7640.0,7640.0,7580.0,7580.0,30,0.0,0.0
2024-07-24 14:40:00+09:00,7580.0,7580.0,7580.0,7580.0,40,0.0,0.0
2024-07-24 14:45:00+09:00,7560.0,7560.0,7560.0,7560.0,60,0.0,0.0
2024-07-24 14:50:00+09:00,7560.0,7640.0,7560.0,7640.0,32,0.0,0.0
2024-07-24 14:55:00+09:00,7560.0,7560.0,7520.0,7520.0,1404,0.0,0.0
2024-07-25 09:00:00+09:00,7420.0,7520.0,7400.0,7510.0,1733,0.0,0.0
2024-07-25 09:05:00+09:00,7500.0,7510.0,7410.0,7410.0,678,0.0,0.0
2024-07-25 09:10:00+09:00,7420.0,7440.0,7400.0,7430.0,4917,0.0,0.0
2024-07-25 09:15:00+09:00,7430.0,7430.0,7420.0,7430.0,41,0.0,0.0
2024-07-25 09:20:00+09:00,7430.0,7430.0,7380.0,7380.0,4113,0.0,0.0
2024-07-25 09:25:00+09:00,7390.0,7390.0,7350.0,7350.0,1105,0.0,0.0
2024-07-25 09:30:00+09:00,7370.0,7370.0,7340.0,7340.0,445,0.0,0.0
2024-07-25 09:35:00+09:00,7370.0,7380.0,7370.0,7380.0,920,0.0,0.0
2024-07-25 09:40:00+09:00,7380.0,7380.0,7360.0,7360.0,124,0.0,0.0
2024-07-25 09:45:00+09:00,7350.0,7360.0,7340.0,7340.0,411,0.0,0.0
2024-07-25 09:50:00+09:00,7340.0,7340.0,7340.0,7340.0,0,0.0,0.0
2024-07-25 09:55:00+09:00,7340.0,7360.0,7340.0,7360.0,29,0.0,0.0
2024-07-25 10:00:00+09:00,7340.0,7370.0,7340.0,7370.0,417,0.0,0.0
2024-07-25 10:05:00+09:00,7360.0,7360.0,7360.0,7360.0,0,0.0,0.0
2024-07-25 10:10:00+09:00,7360.0,7360.0,7310.0,7350.0,2335,0.0,0.0
2024-07-25 10:15:00+09:00,7330.0,7330.0,7330.0,7330.0,1000,0.0,0.0
2024-07-25 10:20:00+09:00,7320.0,7330.0,7320.0,7330.0,0,0.0,0.0
2024-07-25 10:25:00+09:00,7320.0,7320.0,7310.0,7320.0,1129,0.0,0.0
2024-07-25 10:30:00+09:00,7320.0,7330.0,7320.0,7320.0,0,0.0,0.0
2024-07-25 10:35:00+09:00,7320.0,7320.0,7300.0,7300.0,2453,0.0,0.0
2024-07-25 10:40:00+09:00,7300.0,7330.0,7290.0,7310.0,2138,0.0,0.0
2024-07-25 10:45:00+09:00,7310.0,7310.0,7310.0,7310.0,0,0.0,0.0
2024-07-25 10:50:00+09:00,7320.0,7330.0,7310.0,7330.0,52,0.0,0.0
2024-07-25 10:55:00+09:00,7330.0,7340.0,7330.0,7330.0,414,0.0,0.0
2024-07-25 11:00:00+09:00,7330.0,7350.0,7330.0,7350.0,47,0.0,0.0
2024-07-25 11:05:00+09:00,7350.0,7350.0,7350.0,7350.0,4,0.0,0.0
2024-07-25 11:10:00+09:00,7370.0,7380.0,7370.0,7380.0,32,0.0,0.0
2024-07-25 11:15:00+09:00,7380.0,7400.0,7380.0,7400.0,241,0.0,0.0
2024-07-25 11:20:00+09:00,7400.0,7400.0,7400.0,7400.0,36,0.0,0.0
2024-07-25 11:35:00+09:00,7400.0,7400.0,7370.0,7370.0,0,0.0,0.0
2024-07-25 11:40:00+09:00,7370.0,7400.0,7370.0,7400.0,22,0.0,0.0
2024-07-25 11:45:00+09:00,7390.0,7400.0,7390.0,7400.0,8,0.0,0.0
2024-07-25 11:55:00+09:00,7390.0,7390.0,7360.0,7360.0,119,0.0,0.0
2024-07-25 12:05:00+09:00,7390.0,7390.0,7390.0,7390.0,1,0.0,0.0
2024-07-25 12:10:00+09:00,7370.0,7370.0,7350.0,7350.0,315,0.0,0.0
2024-07-25 12:15:00+09:00,7390.0,7400.0,7350.0,7350.0,569,0.0,0.0
2024-07-25 12:20:00+09:00,7390.0,7390.0,7390.0,7390.0,0,0.0,0.0
2024-07-25 12:25:00+09:00,7360.0,7360.0,7350.0,7350.0,8,0.0,0.0
2024-07-25 12:30:00+09:00,7350.0,7350.0,7350.0,7350.0,58,0.0,0.0
2024-07-25 12:35:00+09:00,7390.0,7400.0,7390.0,7400.0,17,0.0,0.0
2024-07-25 12:50:00+09:00,7350.0,7350.0,7350.0,7350.0,2,0.0,0.0
2024-07-25 13:00:00+09:00,7360.0,7390.0,7350.0,7390.0,436,0.0,0.0
2024-07-25 13:05:00+09:00,7380.0,7380.0,7380.0,7380.0,722,0.0,0.0
2024-07-25 13:10:00+09:00,7380.0,7380.0,7380.0,7380.0,0,0.0,0.0
2024-07-25 13:25:00+09:00,7370.0,7370.0,7370.0,7370.0,81,0.0,0.0
2024-07-25 13:35:00+09:00,7380.0,7380.0,7370.0,7370.0,39,0.0,0.0
2024-07-25 13:45:00+09:00,7390.0,7390.0,7390.0,7390.0,2,0.0,0.0
2024-07-25 13:50:00+09:00,7390.0,7390.0,7390.0,7390.0,1,0.0,0.0
2024-07-25 13:55:00+09:00,7380.0,7380.0,7370.0,7370.0,76,0.0,0.0
2024-07-25 14:00:00+09:00,7370.0,7370.0,7370.0,7370.0,218,0.0,0.0
2024-07-25 14:10:00+09:00,7370.0,7380.0,7370.0,7380.0,53,0.0,0.0
2024-07-25 14:15:00+09:00,7390.0,7390.0,7390.0,7390.0,4,0.0,0.0
2024-07-25 14:25:00+09:00,7380.0,7380.0,7380.0,7380.0,2,0.0,0.0
2024-07-25 14:30:00+09:00,7370.0,7370.0,7370.0,7370.0,83,0.0,0.0
2024-07-25 14:40:00+09:00,7370.0,7370.0,7360.0,7360.0,1107,0.0,0.0
2024-07-25 14:45:00+09:00,7360.0,7370.0,7360.0,7370.0,0,0.0,0.0
2024-07-25 14:50:00+09:00,7370.0,7370.0,7360.0,7360.0,0,0.0,0.0
2024-07-25 14:55:00+09:00,7360.0,7360.0,7360.0,7360.0,132,0.0,0.0
2024-07-26 09:00:00+09:00,7400.0,7410.0,7350.0,7400.0,184,0.0,0.0
2024-07-26 09:05:00+09:00,7400.0,7400.0,7390.0,7390.0,68,0.0,0.0
2024-07-26 09:10:00+09:00,7370.0,7370.0,7370.0,7370.0,141,0.0,0.0
2024-07-26 09:15:00+09:00,7370.0,7370.0,7350.0,7350.0,306,0.0,0.0
2024-07-26 09:25:00+09:00,7350.0,7350.0,7350.0,7350.0,0,0.0,0.0
2024-07-26 09:30:00+09:00,7350.0,7360.0,7350.0,7350.0,296,0.0,0.0
2024-07-26 09:35:00+09:00,7350.0,7350.0,7340.0,7340.0,141,0.0,0.0
2024-07-26 09:40:00+09:00,7340.0,7340.0,7330.0,7330.0,132,0.0,0.0
2024-07-26 09:45:00+09:00,7340.0,7340.0,7330.0,7330.0,391,0.0,0.0
2024-07-26 09:55:00+09:00,7350.0,7360.0,7350.0,7360.0,0,0.0,0.0
2024-07-26 10:00:00+09:00,7390.0,7400.0,7370.0,7400.0,569,0.0,0.0
2024-07-26 10:05:00+09:00,7400.0,7410.0,7360.0,7360.0,1132,0.0,0.0
2024-07-26 10:10:00+09:00,7390.0,7420.0,7390.0,7420.0,0,0.0,0.0
2024-07-26 10:30:00+09:00,7400.0,7400.0,7400.0,7400.0,30,0.0,0.0
2024-07-26 10:35:00+09:00,7400.0,7400.0,7400.0,7400.0,21,0.0,0.0
2024-07-26 10:40:00+09:00,7400.0,7400.0,7380.0,7380.0,112,0.0,0.0
2024-07-26 10:45:00+09:00,7380.0,7410.0,7380.0,7410.0,4,0.0,0.0
2024-07-26 10:50:00+09:00,7410.0,7410.0,7410.0,7410.0,5,0.0,0.0
2024-07-26 10:55:00+09:00,7400.0,7400.0,7400.0,7400.0,80,0.0,0.0
2024-07-26 11:00:00+09:00,7400.0,7400.0,7390.0,7390.0,110,0.0,0.0
2024-07-26 11:05:00+09:00,7400.0,7400.0,7400.0,7400.0,3,0.0,0.0
2024-07-26 11:20:00+09:00,7390.0,7410.0,7380.0,7410.0,110,0.0,0.0
2024-07-26 11:25:00+09:00,7410.0,7410.0,7410.0,7410.0,12,0.0,0.0
2024-07-26 11:30:00+09:00,7410.0,7410.0,7410.0,7410.0,10,0.0,0.0
2024-07-26 11:45:00+09:00,7420.0,7420.0,7410.0,7410.0,27,0.0,0.0
2024-07-26 11:55:00+09:00,7420.0,7420.0,7420.0,7420.0,2,0.0,0.0
2024-07-26 12:00:00+09:00,7410.0,7410.0,7410.0,7410.0,196,0.0,0.0
2024-07-26 12:15:00+09:00,7430.0,7430.0,7410.0,7410.0,0,0.0,0.0
2024-07-26 12:20:00+09:00,7420.0,7420.0,7420.0,7420.0,200,0.0,0.0
2024-07-26 12:25:00+09:00,7430.0,7430.0,7430.0,7430.0,348,0.0,0.0
2024-07-26 12:40:00+09:00,7420.0,7420.0,7420.0,7420.0,0,0.0,0.0
2024-07-26 12:45:00+09:00,7420.0,7420.0,7420.0,7420.0,65,0.0,0.0
2024-07-26 12:50:00+09:00,7420.0,7420.0,7420.0,7420.0,141,0.0,0.0
2024-07-26 12:55:00+09:00,7430.0,7450.0,7430.0,7450.0,211,0.0,0.0
2024-07-26 13:00:00+09:00,7450.0,7450.0,7450.0,7450.0,0,0.0,0.0
2024-07-26 13:05:00+09:00,7450.0,7450.0,7450.0,7450.0,36,0.0,0.0
2024-07-26 13:10:00+09:00,7460.0,7460.0,7460.0,7460.0,5,0.0,0.0
2024-07-26 13:20:00+09:00,7460.0,7470.0,7460.0,7470.0,72,0.0,0.0
2024-07-26 13:25:00+09:00,7460.0,7460.0,7460.0,7460.0,0,0.0,0.0
2024-07-26 13:30:00+09:00,7460.0,7460.0,7450.0,7450.0,426,0.0,0.0
2024-07-26 13:35:00+09:00,7450.0,7450.0,7450.0,7450.0,0,0.0,0.0
2024-07-26 13:40:00+09:00,7450.0,7450.0,7450.0,7450.0,2,0.0,0.0
2024-07-26 13:45:00+09:00,7450.0,7480.0,7450.0,7450.0,14,0.0,0.0
2024-07-26 14:15:00+09:00,7450.0,7450.0,7450.0,7450.0,230,0.0,0.0
2024-07-26 14:25:00+09:00,7450.0,7450.0,7450.0,7450.0,0,0.0,0.0
2024-07-26 14:40:00+09:00,7450.0,7450.0,7450.0,7450.0,0,0.0,0.0
2024-07-26 14:50:00+09:00,7450.0,7450.0,7450.0,7450.0,79,0.0,0.0
2024-07-26 14:55:00+09:00,7450.0,7450.0,7450.0,7450.0,0,0.0,0.0
2024-07-29 09:00:00+09:00,7370.0,7380.0,7370.0,7380.0,0,0.0,0.0
2024-07-29 09:05:00+09:00,7380.0,7390.0,7380.0,7390.0,112,0.0,0.0
2024-07-29 09:10:00+09:00,7390.0,7400.0,7390.0,7400.0,402,0.0,0.0
2024-07-29 09:15:00+09:00,7430.0,7430.0,7430.0,7430.0,0,0.0,0.0
2024-07-29 09:20:00+09:00,7430.0,7440.0,7430.0,7440.0,229,0.0,0.0
2024-07-29 09:25:00+09:00,7440.0,7440.0,7440.0,7440.0,0,0.0,0.0
2024-07-29 09:30:00+09:00,7440.0,7440.0,7440.0,7440.0,1,0.0,0.0
2024-07-29 09:35:00+09:00,7440.0,7440.0,7440.0,7440.0,1,0.0,0.0
2024-07-29 09:50:00+09:00,7450.0,7450.0,7450.0,7450.0,7,0.0,0.0
2024-07-29 09:55:00+09:00,7440.0,7440.0,7440.0,7440.0,2,0.0,0.0
2024-07-29 10:00:00+09:00,7450.0,7450.0,7440.0,7440.0,3,0.0,0.0
2024-07-29 10:05:00+09:00,7450.0,7450.0,7450.0,7450.0,4,0.0,0.0
2024-07-29 10:10:00+09:00,7450.0,7450.0,7450.0,7450.0,11,0.0,0.0
2024-07-29 10:20:00+09:00,7450.0,7450.0,7450.0,7450.0,0,0.0,0.0
2024-07-29 10:25:00+09:00,7440.0,7440.0,7440.0,7440.0,22,0.0,0.0
2024-07-29 10:30:00+09:00,7430.0,7430.0,7400.0,7400.0,650,0.0,0.0
2024-07-29 10:35:00+09:00,7390.0,7390.0,7390.0,7390.0,18,0.0,0.0
2024-07-29 10:40:00+09:00,7390.0,7390.0,7390.0,7390.0,91,0.0,0.0
2024-07-29 10:45:00+09:00,7410.0,7420.0,7410.0,7420.0,0,0.0,0.0
2024-07-29 11:25:00+09:00,7410.0,7410.0,7410.0,7410.0,84,0.0,0.0
2024-07-29 11:30:00+09:00,7400.0,7400.0,7400.0,7400.0,58,0.0,0.0
2024-07-29 11:35:00+09:00,7400.0,7400.0,7390.0,7390.0,47,0.0,0.0
2024-07-29 12:15:00+09:00,7410.0,7440.0,7410.0,7440.0,229,0.0,0.0
2024-07-29 12:20:00+09:00,7430.0,7430.0,7430.0,7430.0,8,0.0,0.0
2024-07-29 12:55:00+09:00,7430.0,7430.0,7420.0,7420.0,7,0.0,0.0
2024-07-29 13:05:00+09:00,7420.0,7430.0,7420.0,7430.0,39,0.0,0.0
2024-07-29 13:10:00+09:00,7430.0,7430.0,7430.0,7430.0,0,0.0,0.0
2024-07-29 13:15:00+09:00,7450.0,7450.0,7450.0,7450.0,0,0.0,0.0
2024-07-29 13:20:00+09:00,7430.0,7430.0,7430.0,7430.0,16,0.0,0.0
2024-07-29 13:40:00+09:00,7430.0,7430.0,7430.0,7430.0,0,0.0,0.0
2024-07-29 13:45:00+09:00,7430.0,7440.0,7430.0,7440.0,23,0.0,0.0
2024-07-29 13:50:00+09:00,7430.0,7430.0,7430.0,7430.0,2,0.0,0.0
2024-07-29 13:55:00+09:00,7440.0,7440.0,7440.0,7440.0,1,0.0,0.0
2024-07-29 14:00:00+09:00,7430.0,7430.0,7430.0,7430.0,8,0.0,0.0
2024-07-29 14:05:00+09:00,7440.0,7450.0,7440.0,7450.0,201,0.0,0.0
2024-07-29 14:10:00+09:00,7440.0,7450.0,7440.0,7440.0,1456,0.0,0.0
2024-07-29 14:15:00+09:00,7440.0,7460.0,7440.0,7460.0,0,0.0,0.0
2024-07-29 14:20:00+09:00,7450.0,7450.0,7450.0,7450.0,0,0.0,0.0
2024-07-29 14:25:00+09:00,7460.0,7460.0,7460.0,7460.0,70,0.0,0.0
2024-07-29 14:30:00+09:00,7470.0,7470.0,7460.0,7470.0,0,0.0,0.0
2024-07-29 14:35:00+09:00,7470.0,7490.0,7470.0,7490.0,228,0.0,0.0
2024-07-29 14:40:00+09:00,7500.0,7500.0,7490.0,7490.0,25,0.0,0.0
2024-07-29 14:45:00+09:00,7500.0,7500.0,7490.0,7490.0,81,0.0,0.0
2024-07-29 14:50:00+09:00,7500.0,7500.0,7490.0,7490.0,123,0.0,0.0
2024-07-29 14:55:00+09:00,7490.0,7500.0,7490.0,7490.0,861,0.0,0.0
2024-07-30 09:00:00+09:00,7350.0,7560.0,7350.0,7550.0,3282,0.0,0.0
2024-07-30 09:05:00+09:00,7540.0,7540.0,7510.0,7510.0,100,0.0,0.0
2024-07-30 09:10:00+09:00,7520.0,7560.0,7520.0,7560.0,11,0.0,0.0
2024-07-30 09:15:00+09:00,7560.0,7560.0,7560.0,7560.0,83,0.0,0.0
2024-07-30 09:20:00+09:00,7570.0,7570.0,7570.0,7570.0,0,0.0,0.0
2024-07-30 09:25:00+09:00,7560.0,7560.0,7530.0,7530.0,242,0.0,0.0
2024-07-30 09:30:00+09:00,7530.0,7530.0,7520.0,7520.0,155,0.0,0.0
2024-07-30 09:35:00+09:00,7520.0,7520.0,7520.0,7520.0,6,0.0,0.0
2024-07-30 09:40:00+09:00,7520.0,7550.0,7520.0,7550.0,151,0.0,0.0
2024-07-30 09:55:00+09:00,7540.0,7550.0,7540.0,7550.0,0,0.0,0.0
2024-07-30 10:00:00+09:00,7550.0,7550.0,7550.0,7550.0,8,0.0,0.0
2024-07-30 10:15:00+09:00,7550.0,7550.0,7550.0,7550.0,13,0.0,0.0
2024-07-30 10:35:00+09:00,7520.0,7520.0,7520.0,7520.0,9,0.0,0.0
2024-07-30 10:40:00+09:00,7520.0,7540.0,7520.0,7540.0,25,0.0,0.0
2024-07-30 10:50:00+09:00,7530.0,7540.0,7530.0,7540.0,57,0.0,0.0
2024-07-30 11:00:00+09:00,7530.0,7530.0,7530.0,7530.0,6,0.0,0.0
2024-07-30 11:05:00+09:00,7540.0,7540.0,7540.0,7540.0,1,0.0,0.0
2024-07-30 11:15:00+09:00,7540.0,7550.0,7540.0,7550.0,88,0.0,0.0
2024-07-30 11:30:00+09:00,7540.0,7540.0,7540.0,7540.0,1,0.0,0.0
2024-07-30 11:35:00+09:00,7530.0,7530.0,7530.0,7530.0,276,0.0,0.0
2024-07-30 11:40:00+09:00,7530.0,7530.0,7530.0,7530.0,0,0.0,0.0
2024-07-30 11:50:00+09:00,7530.0,7530.0,7520.0,7520.0,400,0.0,0.0
2024-07-30 12:00:00+09:00,7520.0,7520.0,7520.0,7520.0,46,0.0,0.0
2024-07-30 12:10:00+09:00,7520.0,7520.0,7510.0,7510.0,137,0.0,0.0
2024-07-30 12:15:00+09:00,7520.0,7530.0,7520.0,7530.0,73,0.0,0.0
2024-07-30 12:30:00+09:00,7500.0,7500.0,7500.0,7500.0,108,0.0,0.0
2024-07-30 12:45:00+09:00,7490.0,7490.0,7480.0,7480.0,54,0.0,0.0
2024-07-30 12:50:00+09:00,7480.0,7480.0,7450.0,7450.0,2592,0.0,0.0
2024-07-30 13:25:00+09:00,7440.0,7440.0,7440.0,7440.0,100,0.0,0.0
2024-07-30 13:30:00+09:00,7450.0,7450.0,7450.0,7450.0,1,0.0,0.0
2024-07-30 13:35:00+09:00,7450.0,7450.0,7450.0,7450.0,12,0.0,0.0
2024-07-30 13:40:00+09:00,7450.0,7450.0,7450.0,7450.0,0,0.0,0.0
2024-07-30 13:45:00+09:00,7500.0,7500.0,7500.0,7500.0,9667,0.0,0.0
2024-07-30 13:50:00+09:00,7470.0,7470.0,7460.0,7460.0,6,0.0,0.0
2024-07-30 13:55:00+09:00,7460.0,7460.0,7460.0,7460.0,11,0.0,0.0
2024-07-30 14:05:00+09:00,7460.0,7460.0,7460.0,7460.0,40,0.0,0.0
2024-07-30 14:15:00+09:00,7470.0,7500.0,7470.0,7500.0,5,0.0,0.0
2024-07-30 14:30:00+09:00,7490.0,7500.0,7490.0,7500.0,9,0.0,0.0
2024-07-30 14:40:00+09:00,7470.0,7490.0,7470.0,7490.0,2,0.0,0.0
2024-07-30 14:55:00+09:00,7490.0,7500.0,7490.0,7500.0,11,0.0,0.0
2024-07-31 09:00:00+09:00,7580.0,7580.0,7560.0,7560.0,28,0.0,0.0
2024-07-31 09:05:00+09:00,7500.0,7500.0,7500.0,7500.0,99,0.0,0.0
2024-07-31 09:10:00+09:00,7500.0,7500.0,7440.0,7450.0,238,0.0,0.0
2024-07-31 09:15:00+09:00,7450.0,7450.0,7450.0,7450.0,28,0.0,0.0
2024-07-31 09:20:00+09:00,7480.0,7480.0,7420.0,7420.0,26,0.0,0.0
2024-07-31 09:35:00+09:00,7460.0,7500.0,7420.0,7500.0,749,0.0,0.0
2024-07-31 09:40:00+09:00,7520.0,7520.0,7510.0,7520.0,202,0.0,0.0
2024-07-31 09:45:00+09:00,7520.0,7550.0,7520.0,7550.0,463,0.0,0.0
2024-07-31 09:50:00+09:00,7540.0,7540.0,7540.0,7540.0,5,0.0,0.0
2024-07-31 09:55:00+09:00,7540.0,7550.0,7540.0,7550.0,26,0.0,0.0
2024-07-31 10:00:00+09:00,7550.0,7550.0,7540.0,7540.0,0,0.0,0.0
2024-07-31 10:05:00+09:00,7540.0,7540.0,7540.0,7540.0,1,0.0,0.0
2024-07-31 10:10:00+09:00,7540.0,7560.0,7500.0,7560.0,464,0.0,0.0
2024-07-31 10:15:00+09:00,7500.0,7500.0,7500.0,7500.0,13,0.0,0.0
2024-07-31 10:20:00+09:00,7500.0,7500.0,7500.0,7500.0,0,0.0,0.0
2024-07-31 10:50:00+09:00,7520.0,7520.0,7500.0,7510.0,2356,0.0,0.0
2024-07-31 11:10:00+09:00,7490.0,7490.0,7490.0,7490.0,0,0.0,0.0
2024-07-31 11:15:00+09:00,7500.0,7500.0,7500.0,7500.0,4,0.0,0.0
2024-07-31 11:20:00+09:00,7500.0,7500.0,7500.0,7500.0,109,0.0,0.0
2024-07-31 11:25:00+09:00,7500.0,7500.0,7500.0,7500.0,2,0.0,0.0
2024-07-31 11:30:00+09:00,7500.0,7500.0,7500.0,7500.0,35,0.0,0.0
2024-07-31 11:45:00+09:00,7500.0,7500.0,7500.0,7500.0,0,0.0,0.0
2024-07-31 12:05:00+09:00,7500.0,7500.0,7430.0,7430.0,510,0.0,0.0
2024-07-31 12:15:00+09:00,7450.0,7450.0,7450.0,7450.0,0,0.0,0.0
2024-07-31 12:20:00+09:00,7480.0,7480.0,7480.0,7480.0,1,0.0,0.0
2024-07-31 12:35:00+09:00,7480.0,7480.0,7480.0,7480.0,2,0.0,0.0
2024-07-31 12:55:00+09:00,7480.0,7480.0,7460.0,7470.0,413,0.0,0.0
2024-07-31 13:00:00+09:00,7460.0,7460.0,7460.0,7460.0,399,0.0,0.0
2024-07-31 13:05:00+09:00,7490.0,7500.0,7490.0,7500.0,4,0.0,0.0
2024-07-31 13:10:00+09:00,7500.0,7500.0,7460.0,7460.0,11,0.0,0.0
2024-07-31 13:20:00+09:00,7490.0,7490.0,7490.0,7490.0,21,0.0,0.0
2024-07-31 13:30:00+09:00,7490.0,7500.0,7490.0,7500.0,115,0.0,0.0
2024-07-31 13:35:00+09:00,7500.0,7500.0,7500.0,7500.0,3,0.0,0.0
2024-07-31 13:40:00+09:00,7490.0,7490.0,7490.0,7490.0,1,0.0,0.0
2024-07-31 13:55:00+09:00,7480.0,7480.0,7480.0,7480.0,1,0.0,0.0
2024-07-31 14:05:00+09:00,7470.0,7470.0,7470.0,7470.0,8,0.0,0.0
2024-07-31 14:20:00+09:00,7470.0,7470.0,7470.0,7470.0,0,0.0,0.0
2024-07-31 14:25:00+09:00,7480.0,7480.0,7480.0,7480.0,18,0.0,0.0
2024-07-31 14:30:00+09:00,7500.0,7500.0,7490.0,7490.0,100,0.0,0.0
2024-07-31 14:45:00+09:00,7490.0,7500.0,7490.0,7500.0,135,0.0,0.0
2024-07-31 14:50:00+09:00,7500.0,7520.0,7490.0,7520.0,15,0.0,0.0
2024-08-01 09:00:00+09:00,7570.0,7570.0,7550.0,7560.0,319,0.0,0.0
2024-08-01 09:05:00+09:00,7580.0,7580.0,7520.0,7520.0,83,0.0,0.0
2024-08-01 09:10:00+09:00,7540.0,7550.0,7520.0,7520.0,262,0.0,0.0
2024-08-01 09:15:00+09:00,7550.0,7580.0,7550.0,7580.0,27,0.0,0.0
2024-08-01 09:25:00+09:00,7570.0,7580.0,7570.0,7580.0,48,0.0,0.0
2024-08-01 09:30:00+09:00,7570.0,7580.0,7570.0,7580.0,11,0.0,0.0
2024-08-01 09:35:00+09:00,7580.0,7580.0,7580.0,7580.0,75,0.0,0.0
2024-08-01 09:40:00+09:00,7570.0,7570.0,7570.0,7570.0,24,0.0,0.0
2024-08-01 09:45:00+09:00,7570.0,7570.0,7570.0,7570.0,5,0.0,0.0
2024-08-01 09:55:00+09:00,7580.0,7580.0,7560.0,7560.0,0,0.0,0.0
2024-08-01 10:00:00+09:00,7560.0,7580.0,7550.0,7580.0,7,0.0,0.0
2024-08-01 10:05:00+09:00,7570.0,7580.0,7570.0,7570.0,17,0.0,0.0
2024-08-01 10:10:00+09:00,7560.0,7570.0,7560.0,7570.0,151,0.0,0.0
2024-08-01 10:15:00+09:00,7570.0,7570.0,7570.0,7570.0,60,0.0,0.0
2024-08-01 10:25:00+09:00,7560.0,7560.0,7490.0,7490.0,1658,0.0,0.0
2024-08-01 10:35:00+09:00,7490.0,7490.0,7490.0,7490.0,27,0.0,0.0
2024-08-01 10:40:00+09:00,7500.0,7530.0,7500.0,7530.0,36,0.0,0.0
2024-08-01 10:45:00+09:00,7530.0,7530.0,7530.0,7530.0,2,0.0,0.0
2024-08-01 10:50:00+09:00,7530.0,7530.0,7520.0,7520.0,29,0.0,0.0
2024-08-01 11:05:00+09:00,7550.0,7550.0,7550.0,7550.0,62,0.0,0.0
2024-08-01 11:10:00+09:00,7550.0,7550.0,7540.0,7540.0,0,0.0,0.0
2024-08-01 11:25:00+09:00,7550.0,7550.0,7550.0,7550.0,53,0.0,0.0
2024-08-01 11:30:00+09:00,7550.0,7550.0,7550.0,7550.0,0,0.0,0.0
2024-08-01 11:35:00+09:00,7550.0,7550.0,7550.0,7550.0,51,0.0,0.0
2024-08-01 11:40:00+09:00,7550.0,7550.0,7550.0,7550.0,71,0.0,0.0
2024-08-01 11:45:00+09:00,7550.0,7550.0,7550.0,7550.0,0,0.0,0.0
2024-08-01 11:50:00+09:00,7540.0,7540.0,7540.0,7540.0,4,0.0,0.0
2024-08-01 11:55:00+09:00,7550.0,7550.0,7550.0,7550.0,18,0.0,0.0
2024-08-01 12:00:00+09:00,7550.0,7550.0,7530.0,7530.0,478,0.0,0.0
2024-08-01 12:20:00+09:00,7540.0,7540.0,7540.0,7540.0,7,0.0,0.0
2024-08-01 12:25:00+09:00,7550.0,7550.0,7550.0,7550.0,15,0.0,0.0
2024-08-01 12:35:00+09:00,7540.0,7540.0,7540.0,7540.0,92,0.0,0.0
2024-08-01 12:40:00+09:00,7540.0,7540.0,7540.0,7540.0,0,0.0,0.0
2024-08-01 12:55:00+09:00,7540.0,7540.0,7490.0,7500.0,1276,0.0,0.0
2024-08-01 13:00:00+09:00,7520.0,7530.0,7510.0,7510.0,0,0.0,0.0
2024-08-01 13:05:00+09:00,7510.0,7510.0,7510.0,7510.0,27,0.0,0.0
2024-08-01 13:10:00+09:00,7510.0,7510.0,7510.0,7510.0,13,0.0,0.0
2024-08-01 13:20:00+09:00,7530.0,7530.0,7530.0,7530.0,58,0.0,0.0
2024-08-01 13:35:00+09:00,7540.0,7540.0,7540.0,7540.0,2,0.0,0.0
2024-08-01 13:45:00+09:00,7540.0,7540.0,7540.0,7540.0,99,0.0,0.0
2024-08-01 13:50:00+09:00,7540.0,7540.0,7540.0,7540.0,52,0.0,0.0
2024-08-01 14:05:00+09:00,7540.0,7540.0,7540.0,7540.0,1,0.0,0.0
2024-08-01 14:25:00+09:00,7540.0,7540.0,7540.0,7540.0,2,0.0,0.0
2024-08-01 14:30:00+09:00,7530.0,7530.0,7530.0,7530.0,7,0.0,0.0
2024-08-01 14:35:00+09:00,7530.0,7530.0,7530.0,7530.0,2,0.0,0.0
2024-08-01 14:40:00+09:00,7530.0,7530.0,7520.0,7520.0,22,0.0,0.0
2024-08-01 14:45:00+09:00,7520.0,7520.0,7520.0,7520.0,2,0.0,0.0
2024-08-01 14:55:00+09:00,7530.0,7530.0,7520.0,7520.0,105,0.0,0.0
2024-08-02 09:00:00+09:00,7470.0,7480.0,7310.0,7410.0,595,0.0,0.0
2024-08-02 09:10:00+09:00,7380.0,7380.0,7300.0,7330.0,631,0.0,0.0
2024-08-02 09:15:00+09:00,7330.0,7330.0,7300.0,7300.0,1195,0.0,0.0
2024-08-02 09:20:00+09:00,7300.0,7300.0,7280.0,7290.0,688,0.0,0.0
2024-08-02 09:25:00+09:00,7290.0,7290.0,7290.0,7290.0,14,0.0,0.0
2024-08-02 09:30:00+09:00,7290.0,7310.0,7290.0,7310.0,1045,0.0,0.0
2024-08-02 09:35:00+09:00,7320.0,7360.0,7320.0,7360.0,1,0.0,0.0
2024-08-02 09:40:00+09:00,7360.0,7360.0,7360.0,7360.0,36,0.0,0.0
2024-08-02 09:45:00+09:00,7400.0,7400.0,7400.0,7400.0,0,0.0,0.0
2024-08-02 09:50:00+09:00,7400.0,7400.0,7400.0,7400.0,1,0.0,0.0
2024-08-02 09:55:00+09:00,7360.0,7450.0,7360.0,7450.0,210,0.0,0.0
2024-08-02 10:00:00+09:00,7440.0,7440.0,7430.0,7430.0,0,0.0,0.0
2024-08-02 10:10:00+09:00,7430.0,7430.0,7430.0,7430.0,0,0.0,0.0
2024-08-02 10:35:00+09:00,7430.0,7430.0,7400.0,7400.0,150,0.0,0.0
2024-08-02 10:45:00+09:00,7410.0,7410.0,7400.0,7400.0,2,0.0,0.0
2024-08-02 10:50:00+09:00,7370.0,7370.0,7370.0,7370.0,21,0.0,0.0
2024-08-02 11:00:00+09:00,7370.0,7400.0,7320.0,7400.0,245,0.0,0.0
2024-08-02 11:15:00+09:00,7320.0,7320.0,7320.0,7320.0,310,0.0,0.0
2024-08-02 11:20:00+09:00,7310.0,7330.0,7310.0,7330.0,0,0.0,0.0
2024-08-02 11:25:00+09:00,7320.0,7320.0,7300.0,7310.0,366,0.0,0.0
2024-08-02 11:30:00+09:00,7300.0,7300.0,7290.0,7290.0,751,0.0,0.0
2024-08-02 11:35:00+09:00,7290.0,7310.0,7280.0,7310.0,501,0.0,0.0
2024-08-02 11:40:00+09:00,7280.0,7280.0,7270.0,7270.0,1621,0.0,0.0
2024-08-02 11:45:00+09:00,7260.0,7300.0,7260.0,7290.0,441,0.0,0.0
2024-08-02 11:50:00+09:00,7260.0,7260.0,7250.0,7250.0,1500,0.0,0.0
2024-08-02 11:55:00+09:00,7290.0,7290.0,7290.0,7290.0,3,0.0,0.0
2024-08-02 12:00:00+09:00,7290.0,7290.0,7250.0,7290.0,456,0.0,0.0
2024-08-02 12:05:00+09:00,7290.0,7310.0,7290.0,7310.0,4,0.0,0.0
2024-08-02 12:10:00+09:00,7310.0,7330.0,7310.0,7330.0,23,0.0,0.0
2024-08-02 12:20:00+09:00,7330.0,7330.0,7260.0,7260.0,282,0.0,0.0
2024-08-02 12:25:00+09:00,7310.0,7310.0,7310.0,7310.0,2,0.0,0.0
2024-08-02 12:40:00+09:00,7310.0,7310.0,7240.0,7240.0,835,0.0,0.0
2024-08-02 12:45:00+09:00,7310.0,7310.0,7310.0,7310.0,0,0.0,0.0
2024-08-02 12:50:00+09:00,7310.0,7310.0,7310.0,7310.0,1,0.0,0.0
2024-08-02 12:55:00+09:00,7310.0,7310.0,7310.0,7310.0,9,0.0,0.0
2024-08-02 13:00:00+09:00,7250.0,7320.0,7250.0,7320.0,255,0.0,0.0
2024-08-02 13:30:00+09:00,7310.0,7310.0,7300.0,7310.0,187,0.0,0.0
2024-08-02 13:35:00+09:00,7310.0,7310.0,7310.0,7310.0,10,0.0,0.0
2024-08-02 13:40:00+09:00,7310.0,7310.0,7310.0,7310.0,1,0.0,0.0
2024-08-02 13:45:00+09:00,7300.0,7300.0,7280.0,7300.0,20,0.0,0.0
2024-08-02 13:50:00+09:00,7280.0,7300.0,7250.0,7300.0,61,0.0,0.0
2024-08-02 13:55:00+09:00,7250.0,7250.0,7250.0,7250.0,1000,0.0,0.0
2024-08-02 14:00:00+09:00,7290.0,7290.0,7260.0,7260.0,0,0.0,0.0
2024-08-02 14:05:00+09:00,7250.0,7250.0,7240.0,7240.0,1002,0.0,0.0
2024-08-02 14:10:00+09:00,7240.0,7310.0,7210.0,7310.0,828,0.0,0.0
2024-08-02 14:30:00+09:00,7240.0,7240.0,7190.0,7190.0,2879,0.0,0.0
2024-08-02 14:35:00+09:00,7200.0,7200.0,7190.0,7190.0,207,0.0,0.0
2024-08-02 14:40:00+09:00,7200.0,7210.0,7200.0,7210.0,31,0.0,0.0
2024-08-02 14:45:00+09:00,7200.0,7200.0,7110.0,7160.0,1547,0.0,0.0
2024-08-02 14:50:00+09:00,7150.0,7280.0,7110.0,7280.0,1134,0.0,0.0
2024-08-02 14:55:00+09:00,7230.0,7240.0,7220.0,7230.0,531,0.0,0.0
2024-08-05 09:00:00+09:00,7280.0,7280.0,7150.0,7170.0,0,0.0,0.0
2024-08-05 09:05:00+09:00,7120.0,7120.0,7020.0,7020.0,2320,0.0,0.0
2024-08-05 09:15:00+09:00,7030.0,7070.0,6940.0,6960.0,586,0.0,0.0
2024-08-05 09:20:00+09:00,6960.0,6960.0,6900.0,6900.0,279,0.0,0.0
2024-08-05 09:25:00+09:00,6880.0,6920.0,6880.0,6920.0,185,0.0,0.0
2024-08-05 09:30:00+09:00,6930.0,6950.0,6930.0,6950.0,863,0.0,0.0
2024-08-05 09:35:00+09:00,6950.0,6950.0,6920.0,6940.0,750,0.0,0.0
2024-08-05 09:40:00+09:00,6910.0,6950.0,6900.0,6950.0,540,0.0,0.0
2024-08-05 09:45:00+09:00,6950.0,7000.0,6950.0,7000.0,138,0.0,0.0
2024-08-05 09:50:00+09:00,6920.0,6950.0,6870.0,6920.0,416,0.0,0.0
2024-08-05 09:55:00+09:00,6920.0,7000.0,6920.0,6950.0,194,0.0,0.0
2024-08-05 10:00:00+09:00,6900.0,6900.0,6870.0,6870.0,1079,0.0,0.0
2024-08-05 10:05:00+09:00,6870.0,6870.0,6870.0,6870.0,277,0.0,0.0
2024-08-05 10:10:00+09:00,6890.0,6890.0,6840.0,6840.0,9,0.0,0.0
2024-08-05 10:15:00+09:00,6840.0,6840.0,6840.0,6840.0,342,0.0,0.0
2024-08-05 10:20:00+09:00,6890.0,6900.0,6890.0,6890.0,1130,0.0,0.0
2024-08-05 10:25:00+09:00,6890.0,6890.0,6810.0,6830.0,1594,0.0,0.0
2024-08-05 10:30:00+09:00,6810.0,6810.0,6750.0,6750.0,613,0.0,0.0
2024-08-05 10:35:00+09:00,6740.0,6740.0,6720.0,6720.0,1034,0.0,0.0
2024-08-05 10:50:00+09:00,6750.0,6770.0,6750.0,6770.0,213,0.0,0.0
2024-08-05 10:55:00+09:00,6770.0,6770.0,6770.0,6770.0,0,0.0,0.0
2024-08-05 11:00:00+09:00,6770.0,6770.0,6740.0,6740.0,175,0.0,0.0
2024-08-05 11:05:00+09:00,6730.0,6730.0,6700.0,6700.0,397,0.0,0.0
2024-08-05 11:10:00+09:00,6760.0,6760.0,6760.0,6760.0,0,0.0,0.0
2024-08-05 11:15:00+09:00,6710.0,6710.0,6700.0,6700.0,1415,0.0,0.0
2024-08-05 11:20:00+09:00,6680.0,6790.0,6670.0,6680.0,1701,0.0,0.0
2024-08-05 11:35:00+09:00,6610.0,6680.0,6600.0,6630.0,2939,0.0,0.0
2024-08-05 11:40:00+09:00,6660.0,6660.0,6660.0,6660.0,0,0.0,0.0
2024-08-05 11:50:00+09:00,6680.0,6680.0,6680.0,6680.0,0,0.0,0.0
2024-08-05 11:55:00+09:00,6650.0,6650.0,6640.0,6640.0,4332,0.0,0.0
2024-08-05 12:00:00+09:00,6640.0,6640.0,6630.0,6630.0,0,0.0,0.0
2024-08-05 12:05:00+09:00,6630.0,6670.0,6630.0,6640.0,330,0.0,0.0
2024-08-05 12:10:00+09:00,6640.0,6640.0,6620.0,6620.0,553,0.0,0.0
2024-08-05 12:15:00+09:00,6620.0,6620.0,6610.0,6610.0,0,0.0,0.0
2024-08-05 12:20:00+09:00,6600.0,6600.0,6570.0,6570.0,442,0.0,0.0
2024-08-05 12:25:00+09:00,6560.0,6580.0,6560.0,6580.0,110,0.0,0.0
2024-08-05 12:30:00+09:00,6570.0,6570.0,6560.0,6570.0,282,0.0,0.0
2024-08-05 12:35:00+09:00,6560.0,6570.0,6560.0,6560.0,425,0.0,0.0
2024-08-05 12:40:00+09:00,6550.0,6580.0,6550.0,6580.0,3518,0.0,0.0
2024-08-05 12:45:00+09:00,6580.0,6580.0,6540.0,6540.0,2680,0.0,0.0
2024-08-05 12:50:00+09:00,6550.0,6550.0,6530.0,6530.0,1271,0.0,0.0
2024-08-05 12:55:00+09:00,6580.0,6580.0,6560.0,6560.0,186,0.0,0.0
2024-08-05 13:00:00+09:00,6550.0,6580.0,6550.0,6580.0,161,0.0,0.0
2024-08-05 13:05:00+09:00,6580.0,6580.0,6550.0,6550.0,758,0.0,0.0
2024-08-05 13:10:00+09:00,6550.0,6550.0,6550.0,6550.0,0,0.0,0.0
2024-08-05 13:15:00+09:00,6550.0,6550.0,6540.0,6550.0,233,0.0,0.0
2024-08-05 13:20:00+09:00,6550.0,6550.0,6540.0,6540.0,132,0.0,0.0
2024-08-05 13:25:00+09:00,6540.0,6540.0,6450.0,6450.0,4876,0.0,0.0
2024-08-05 13:30:00+09:00,6460.0,6520.0,6450.0,6450.0,3376,0.0,0.0
2024-08-05 13:35:00+09:00,6460.0,6510.0,6450.0,6510.0,1176,0.0,0.0
2024-08-05 13:45:00+09:00,6490.0,6600.0,6490.0,6590.0,592,0.0,0.0
2024-08-05 13:50:00+09:00,6560.0,6580.0,6500.0,6580.0,731,0.0,0.0
2024-08-05 13:55:00+09:00,6570.0,6580.0,6570.0,6580.0,0,0.0,0.0
2024-08-05 14:25:00+09:00,6600.0,6600.0,6560.0,6590.0,414,0.0,0.0
2024-08-05 14:30:00+09:00,6530.0,6530.0,6490.0,6490.0,556,0.0,0.0
2024-08-05 14:35:00+09:00,6520.0,6520.0,6410.0,6420.0,1666,0.0,0.0
2024-08-05 14:40:00+09:00,6420.0,6420.0,6350.0,6350.0,1325,0.0,0.0
2024-08-05 14:45:00+09:00,6320.0,6430.0,6300.0,6300.0,2821,0.0,0.0
2024-08-05 14:50:00+09:00,6300.0,6300.0,6200.0,6200.0,2447,0.0,0.0
2024-08-05 14:55:00+09:00,6200.0,6420.0,6060.0,6070.0,1690,0.0,0.0
2024-08-06 09:00:00+09:00,6350.0,6590.0,6350.0,6580.0,1888,0.0,0.0
2024-08-06 09:05:00+09:00,6580.0,6600.0,6480.0,6480.0,783,0.0,0.0
2024-08-06 09:10:00+09:00,6430.0,6440.0,6420.0,6440.0,1681,0.0,0.0
2024-08-06 09:15:00+09:00,6480.0,6540.0,6480.0,6510.0,7917,0.0,0.0
2024-08-06 09:20:00+09:00,6530.0,6590.0,6500.0,6510.0,877,0.0,0.0
2024-08-06 09:25:00+09:00,6520.0,6620.0,6510.0,6550.0,1013,0.0,0.0
2024-08-06 09:30:00+09:00,6600.0,6600.0,6600.0,6600.0,43,0.0,0.0
2024-08-06 09:35:00+09:00,6600.0,6600.0,6550.0,6590.0,826,0.0,0.0
2024-08-06 09:40:00+09:00,6590.0,6590.0,6580.0,6580.0,107,0.0,0.0
2024-08-06 09:45:00+09:00,6550.0,6620.0,6550.0,6600.0,4635,0.0,0.0
2024-08-06 09:50:00+09:00,6590.0,6980.0,6530.0,6980.0,12811,0.0,0.0
2024-08-06 09:55:00+09:00,6880.0,6880.0,6730.0,6830.0,8384,0.0,0.0
2024-08-06 10:00:00+09:00,6870.0,6870.0,6790.0,6790.0,305,0.0,0.0
2024-08-06 10:05:00+09:00,6770.0,6790.0,6730.0,6730.0,2178,0.0,0.0
2024-08-06 10:10:00+09:00,6720.0,6730.0,6700.0,6730.0,0,0.0,0.0
2024-08-06 10:15:00+09:00,6700.0,6700.0,6650.0,6650.0,318,0.0,0.0
2024-08-06 10:20:00+09:00,6650.0,6690.0,6630.0,6630.0,608,0.0,0.0
2024-08-06 10:25:00+09:00,6630.0,6730.0,6630.0,6730.0,1376,0.0,0.0
2024-08-06 10:30:00+09:00,6740.0,7270.0,6740.0,6990.0,18178,0.0,0.0
2024-08-06 10:35:00+09:00,6990.0,6990.0,6850.0,6950.0,9055,0.0,0.0
2024-08-06 10:40:00+09:00,6930.0,6930.0,6730.0,6810.0,4154,0.0,0.0
2024-08-06 10:45:00+09:00,6810.0,6950.0,6740.0,6860.0,1152,0.0,0.0
2024-08-06 10:50:00+09:00,6860.0,6900.0,6790.0,6900.0,457,0.0,0.0
2024-08-06 10:55:00+09:00,6840.0,7070.0,6840.0,7070.0,4183,0.0,0.0
2024-08-06 11:00:00+09:00,7060.0,7200.0,6620.0,6760.0,12649,0.0,0.0
2024-08-06 11:05:00+09:00,6760.0,6760.0,6710.0,6750.0,802,0.0,0.0
2024-08-06 11:10:00+09:00,6750.0,6910.0,6720.0,6880.0,580,0.0,0.0
2024-08-06 11:15:00+09:00,6860.0,6860.0,6830.0,6830.0,136,0.0,0.0
2024-08-06 11:20:00+09:00,6790.0,6790.0,6710.0,6720.0,398,0.0,0.0
2024-08-06 11:25:00+09:00,6730.0,6730.0,6630.0,6670.0,699,0.0,0.0
2024-08-06 11:30:00+09:00,6690.0,6730.0,6680.0,6680.0,299,0.0,0.0
2024-08-06 11:40:00+09:00,6630.0,6670.0,6630.0,6670.0,561,0.0,0.0
2024-08-06 11:45:00+09:00,6680.0,6720.0,6680.0,6720.0,0,0.0,0.0
2024-08-06 11:50:00+09:00,6690.0,6690.0,6690.0,6690.0,12,0.0,0.0
2024-08-06 12:00:00+09:00,6690.0,6690.0,6670.0,6670.0,327,0.0,0.0
2024-08-06 12:05:00+09:00,6690.0,6700.0,6690.0,6690.0,0,0.0,0.0
2024-08-06 12:10:00+09:00,6690.0,6700.0,6680.0,6700.0,25,0.0,0.0
2024-08-06 12:15:00+09:00,6690.0,6690.0,6630.0,6690.0,482,0.0,0.0
2024-08-06 12:20:00+09:00,6670.0,6670.0,6600.0,6600.0,3052,0.0,0.0
2024-08-06 12:25:00+09:00,6640.0,6640.0,6550.0,6630.0,1566,0.0,0.0
2024-08-06 12:30:00+09:00,6610.0,6610.0,6540.0,6590.0,429,0.0,0.0
2024-08-06 12:35:00+09:00,6600.0,6610.0,6600.0,6610.0,4,0.0,0.0
2024-08-06 12:40:00+09:00,6610.0,6670.0,6600.0,6670.0,827,0.0,0.0
2024-08-06 12:45:00+09:00,6670.0,6670.0,6670.0,6670.0,50,0.0,0.0
2024-08-06 12:50:00+09:00,6670.0,6670.0,6670.0,6670.0,44,0.0,0.0
2024-08-06 13:00:00+09:00,6630.0,6630.0,6630.0,6630.0,0,0.0,0.0
2024-08-06 13:05:00+09:00,6640.0,6690.0,6620.0,6690.0,77,0.0,0.0
2024-08-06 13:10:00+09:00,6620.0,6630.0,6620.0,6630.0,8,0.0,0.0
2024-08-06 13:15:00+09:00,6650.0,6650.0,6650.0,6650.0,0,0.0,0.0
2024-08-06 13:20:00+09:00,6630.0,6630.0,6630.0,6630.0,2,0.0,0.0
2024-08-06 13:30:00+09:00,6660.0,6660.0,6660.0,6660.0,14,0.0,0.0
2024-08-06 13:35:00+09:00,6630.0,6630.0,6580.0,6630.0,2391,0.0,0.0
2024-08-06 13:40:00+09:00,6600.0,6600.0,6590.0,6600.0,4069,0.0,0.0
2024-08-06 13:45:00+09:00,6600.0,6600.0,6590.0,6600.0,113,0.0,0.0
2024-08-06 13:50:00+09:00,6600.0,6600.0,6600.0,6600.0,6,0.0,0.0
2024-08-06 13:55:00+09:00,6600.0,6600.0,6600.0,6600.0,129,0.0,0.0
2024-08-06 14:00:00+09:00,6600.0,6600.0,6600.0,6600.0,155,0.0,0.0
2024-08-06 14:05:00+09:00,6600.0,6600.0,6550.0,6550.0,1103,0.0,0.0
2024-08-06 14:10:00+09:00,6550.0,6550.0,6500.0,6550.0,2446,0.0,0.0
2024-08-06 14:15:00+09:00,6510.0,6550.0,6450.0,6550.0,2891,0.0,0.0
2024-08-06 14:20:00+09:00,6550.0,6570.0,6550.0,6570.0,688,0.0,0.0
2024-08-06 14:25:00+09:00,6560.0,6570.0,6560.0,6570.0,1089,0.0,0.0
2024-08-06 14:30:00+09:00,6540.0,6550.0,6540.0,6550.0,0,0.0,0.0
2024-08-06 14:35:00+09:00,6550.0,6570.0,6550.0,6570.0,317,0.0,0.0
2024-08-06 14:40:00+09:00,6540.0,6540.0,6540.0,6540.0,0,0.0,0.0
2024-08-06 14:45:00+09:00,6540.0,6540.0,6500.0,6500.0,1303,0.0,0.0
2024-08-06 14:50:00+09:00,6510.0,6540.0,6510.0,6510.0,0,0.0,0.0
2024-08-06 14:55:00+09:00,6520.0,6570.0,6520.0,6570.0,718,0.0,0.0
2024-08-07 09:00:00+09:00,6410.0,6550.0,6410.0,6430.0,4274,0.0,0.0
2024-08-07 09:05:00+09:00,6450.0,6490.0,6440.0,6440.0,861,0.0,0.0
2024-08-07 09:10:00+09:00,6490.0,6550.0,6410.0,6500.0,2698,0.0,0.0
2024-08-07 09:15:00+09:00,6470.0,6490.0,6460.0,6490.0,450,0.0,0.0
2024-08-07 09:20:00+09:00,6480.0,6510.0,6430.0,6500.0,1162,0.0,0.0
2024-08-07 09:25:00+09:00,6490.0,6490.0,6490.0,6490.0,1,0.0,0.0
2024-08-07 09:30:00+09:00,6530.0,6540.0,6530.0,6540.0,589,0.0,0.0
2024-08-07 09:35:00+09:00,6540.0,6550.0,6540.0,6550.0,218,0.0,0.0
2024-08-07 09:40:00+09:00,6560.0,6560.0,6560.0,6560.0,277,0.0,0.0
2024-08-07 09:45:00+09:00,6560.0,6600.0,6560.0,6600.0,226,0.0,0.0
2024-08-07 09:50:00+09:00,6600.0,6600.0,6600.0,6600.0,0,0.0,0.0
2024-08-07 09:55:00+09:00,6600.0,6600.0,6600.0,6600.0,11,0.0,0.0
2024-08-07 10:00:00+09:00,6580.0,6580.0,6570.0,6570.0,142,0.0,0.0
2024-08-07 10:05:00+09:00,6560.0,6560.0,6560.0,6560.0,0,0.0,0.0
2024-08-07 10:10:00+09:00,6540.0,6540.0,6540.0,6540.0,105,0.0,0.0
2024-08-07 10:20:00+09:00,6570.0,6580.0,6570.0,6580.0,242,0.0,0.0
2024-08-07 10:30:00+09:00,6580.0,6580.0,6580.0,6580.0,524,0.0,0.0
2024-08-07 10:35:00+09:00,6590.0,6600.0,6590.0,6600.0,206,0.0,0.0
2024-08-07 10:40:00+09:00,6610.0,6610.0,6610.0,6610.0,4,0.0,0.0
2024-08-07 10:45:00+09:00,6610.0,6610.0,6610.0,6610.0,9,0.0,0.0
2024-08-07 10:55:00+09:00,6610.0,6630.0,6610.0,6630.0,89,0.0,0.0
2024-08-07 11:00:00+09:00,6610.0,6610.0,6590.0,6600.0,7741,0.0,0.0
2024-08-07 11:10:00+09:00,6590.0,6590.0,6590.0,6590.0,0,0.0,0.0
2024-08-07 11:15:00+09:00,6580.0,6600.0,6550.0,6600.0,431,0.0,0.0
2024-08-07 11:20:00+09:00,6590.0,6600.0,6590.0,6600.0,102,0.0,0.0
2024-08-07 11:25:00+09:00,6600.0,6600.0,6600.0,6600.0,624,0.0,0.0
2024-08-07 11:30:00+09:00,6610.0,6620.0,6600.0,6600.0,299,0.0,0.0
2024-08-07 11:35:00+09:00,6590.0,6600.0,6590.0,6600.0,0,0.0,0.0
2024-08-07 11:40:00+09:00,6590.0,6590.0,6590.0,6590.0,0,0.0,0.0
2024-08-07 11:50:00+09:00,6590.0,6600.0,6590.0,6600.0,76,0.0,0.0
2024-08-07 11:55:00+09:00,6600.0,6600.0,6600.0,6600.0,0,0.0,0.0
2024-08-07 12:00:00+09:00,6580.0,6580.0,6570.0,6570.0,101,0.0,0.0
2024-08-07 12:05:00+09:00,6560.0,6560.0,6560.0,6560.0,36,0.0,0.0
2024-08-07 12:10:00+09:00,6560.0,6560.0,6550.0,6550.0,95,0.0,0.0
2024-08-07 12:15:00+09:00,6540.0,6540.0,6540.0,6540.0,0,0.0,0.0
2024-08-07 12:35:00+09:00,6540.0,6540.0,6540.0,6540.0,240,0.0,0.0
2024-08-07 12:40:00+09:00,6550.0,6550.0,6550.0,6550.0,2,0.0,0.0
2024-08-07 12:45:00+09:00,6550.0,6550.0,6550.0,6550.0,302,0.0,0.0
2024-08-07 12:50:00+09:00,6550.0,6550.0,6550.0,6550.0,7,0.0,0.0
2024-08-07 12:55:00+09:00,6550.0,6550.0,6550.0,6550.0,20,0.0,0.0
2024-08-07 13:00:00+09:00,6550.0,6550.0,6550.0,6550.0,199,0.0,0.0
2024-08-07 13:05:00+09:00,6550.0,6570.0,6540.0,6570.0,2597,0.0,0.0
2024-08-07 13:10:00+09:00,6580.0,6580.0,6580.0,6580.0,154,0.0,0.0
2024-08-07 13:20:00+09:00,6590.0,6590.0,6590.0,6590.0,253,0.0,0.0
2024-08-07 13:25:00+09:00,6590.0,6590.0,6590.0,6590.0,160,0.0,0.0
2024-08-07 13:30:00+09:00,6600.0,6610.0,6600.0,6600.0,990,0.0,0.0
2024-08-07 13:35:00+09:00,6620.0,6620.0,6620.0,6620.0,20,0.0,0.0
2024-08-07 13:40:00+09:00,6620.0,6620.0,6620.0,6620.0,220,0.0,0.0
2024-08-07 13:45:00+09:00,6620.0,6630.0,6620.0,6630.0,0,0.0,0.0
2024-08-07 13:50:00+09:00,6640.0,6650.0,6630.0,6650.0,106,0.0,0.0
2024-08-07 13:55:00+09:00,6640.0,6660.0,6630.0,6630.0,1599,0.0,0.0
2024-08-07 14:00:00+09:00,6630.0,6630.0,6630.0,6630.0,94,0.0,0.0
2024-08-07 14:05:00+09:00,6630.0,6630.0,6630.0,6630.0,16,0.0,0.0
2024-08-07 14:10:00+09:00,6650.0,6650.0,6650.0,6650.0,2,0.0,0.0
2024-08-07 14:15:00+09:00,6650.0,6650.0,6650.0,6650.0,23,0.0,0.0
2024-08-07 14:30:00+09:00,6650.0,6650.0,6630.0,6630.0,44,0.0,0.0
2024-08-07 14:35:00+09:00,6620.0,6630.0,6620.0,6620.0,539,0.0,0.0
2024-08-07 14:40:00+09:00,6620.0,6620.0,6620.0,6620.0,177,0.0,0.0
2024-08-07 14:45:00+09:00,6620.0,6620.0,6620.0,6620.0,0,0.0,0.0
2024-08-07 14:50:00+09:00,6630.0,6630.0,6620.0,6620.0,14,0.0,0.0
2024-08-07 14:55:00+09:00,6640.0,6640.0,6630.0,6630.0,30,0.0,0.0
2024-08-08 09:00:00+09:00,6540.0,6550.0,6520.0,6540.0,580,0.0,0.0
2024-08-08 09:05:00+09:00,6550.0,6550.0,6550.0,6550.0,143,0.0,0.0
2024-08-08 09:15:00+09:00,6600.0,6600.0,6590.0,6590.0,1,0.0,0.0
2024-08-08 09:20:00+09:00,6590.0,6590.0,6590.0,6590.0,94,0.0,0.0
2024-08-08 09:30:00+09:00,6560.0,6580.0,6550.0,6580.0,169,0.0,0.0
2024-08-08 09:35:00+09:00,6580.0,6580.0,6500.0,6520.0,1215,0.0,0.0
2024-08-08 09:40:00+09:00,6500.0,6500.0,6500.0,6500.0,230,0.0,0.0
2024-08-08 09:45:00+09:00,6500.0,6500.0,6480.0,6480.0,640,0.0,0.0
2024-08-08 09:50:00+09:00,6440.0,6510.0,6440.0,6510.0,24,0.0,0.0
2024-08-08 09:55:00+09:00,6510.0,6510.0,6500.0,6500.0,41,0.0,0.0
2024-08-08 10:00:00+09:00,6500.0,6500.0,6490.0,6490.0,57,0.0,0.0
2024-08-08 10:05:00+09:00,6500.0,6500.0,6500.0,6500.0,306,0.0,0.0
2024-08-08 10:15:00+09:00,6520.0,6550.0,6520.0,6550.0,445,0.0,0.0
2024-08-08 10:20:00+09:00,6580.0,6580.0,6580.0,6580.0,3,0.0,0.0
2024-08-08 10:25:00+09:00,6580.0,6610.0,6580.0,6610.0,100,0.0,0.0
2024-08-08 10:35:00+09:00,6560.0,6560.0,6560.0,6560.0,1,0.0,0.0
2024-08-08 10:40:00+09:00,6560.0,6560.0,6560.0,6560.0,8,0.0,0.0
2024-08-08 10:45:00+09:00,6550.0,6550.0,6540.0,6550.0,124,0.0,0.0
2024-08-08 11:10:00+09:00,6550.0,6590.0,6480.0,6590.0,333,0.0,0.0
2024-08-08 11:30:00+09:00,6550.0,6550.0,6550.0,6550.0,199,0.0,0.0
2024-08-08 11:35:00+09:00,6580.0,6580.0,6580.0,6580.0,0,0.0,0.0
2024-08-08 11:55:00+09:00,6580.0,6580.0,6580.0,6580.0,13,0.0,0.0
2024-08-08 12:00:00+09:00,6580.0,6580.0,6580.0,6580.0,13,0.0,0.0
2024-08-08 12:05:00+09:00,6580.0,6580.0,6580.0,6580.0,2,0.0,0.0
2024-08-08 12:15:00+09:00,6580.0,6580.0,6580.0,6580.0,30,0.0,0.0
2024-08-08 12:25:00+09:00,6580.0,6580.0,6580.0,6580.0,110,0.0,0.0
2024-08-08 12:35:00+09:00,6550.0,6550.0,6540.0,6540.0,881,0.0,0.0
2024-08-08 12:40:00+09:00,6540.0,6540.0,6540.0,6540.0,133,0.0,0.0
2024-08-08 12:50:00+09:00,6570.0,6570.0,6570.0,6570.0,24,0.0,0.0
2024-08-08 13:05:00+09:00,6560.0,6560.0,6560.0,6560.0,0,0.0,0.0
2024-08-08 13:10:00+09:00,6560.0,6560.0,6550.0,6560.0,20,0.0,0.0
2024-08-08 13:20:00+09:00,6560.0,6560.0,6550.0,6560.0,95,0.0,0.0
2024-08-08 13:35:00+09:00,6560.0,6560.0,6560.0,6560.0,420,0.0,0.0
2024-08-08 13:50:00+09:00,6560.0,6560.0,6560.0,6560.0,55,0.0,0.0
2024-08-08 13:55:00+09:00,6570.0,6570.0,6570.0,6570.0,0,0.0,0.0
2024-08-08 14:00:00+09:00,6570.0,6570.0,6570.0,6570.0,0,0.0,0.0
2024-08-08 14:15:00+09:00,6570.0,6570.0,6570.0,6570.0,27,0.0,0.0
2024-08-08 14:25:00+09:00,6570.0,6570.0,6570.0,6570.0,228,0.0,0.0
2024-08-08 14:30:00+09:00,6550.0,6550.0,6550.0,6550.0,0,0.0,0.0
2024-08-08 14:55:00+09:00,6550.0,6550.0,6550.0,6550.0,2,0.0,0.0
2024-08-09 09:00:00+09:00,6560.0,6570.0,6560.0,6570.0,137,0.0,0.0
2024-08-09 09:05:00+09:00,6570.0,6600.0,6570.0,6600.0,156,0.0,0.0
2024-08-09 09:10:00+09:00,6600.0,6630.0,6590.0,6630.0,263,0.0,0.0
2024-08-09 09:15:00+09:00,6620.0,6670.0,6620.0,6670.0,297,0.0,0.0
2024-08-09 09:20:00+09:00,6670.0,6670.0,6670.0,6670.0,44,0.0,0.0
2024-08-09 09:25:00+09:00,6640.0,6640.0,6640.0,6640.0,58,0.0,0.0
2024-08-09 09:30:00+09:00,6620.0,6640.0,6610.0,6640.0,524,0.0,0.0
2024-08-09 09:35:00+09:00,6640.0,6640.0,6560.0,6560.0,792,0.0,0.0
2024-08-09 09:40:00+09:00,6650.0,6650.0,6650.0,6650.0,908,0.0,0.0
2024-08-09 09:45:00+09:00,6640.0,6640.0,6640.0,6640.0,0,0.0,0.0
2024-08-09 09:50:00+09:00,6670.0,6680.0,6670.0,6680.0,5,0.0,0.0
2024-08-09 09:55:00+09:00,6680.0,6700.0,6600.0,6680.0,194,0.0,0.0
2024-08-09 10:00:00+09:00,6690.0,6690.0,6690.0,6690.0,0,0.0,0.0
2024-08-09 10:05:00+09:00,6690.0,6690.0,6680.0,6680.0,55,0.0,0.0
2024-08-09 10:10:00+09:00,6680.0,6680.0,6680.0,6680.0,21,0.0,0.0
2024-08-09 10:15:00+09:00,6680.0,6690.0,6670.0,6690.0,606,0.0,0.0
2024-08-09 10:20:00+09:00,6690.0,6700.0,6680.0,6690.0,345,0.0,0.0
2024-08-09 10:35:00+09:00,6700.0,6710.0,6690.0,6710.0,371,0.0,0.0
2024-08-09 10:45:00+09:00,6700.0,6710.0,6700.0,6710.0,964,0.0,0.0
2024-08-09 10:50:00+09:00,6720.0,6740.0,6720.0,6730.0,993,0.0,0.0
2024-08-09 10:55:00+09:00,6730.0,6760.0,6710.0,6710.0,808,0.0,0.0
2024-08-09 11:00:00+09:00,6730.0,6760.0,6730.0,6760.0,148,0.0,0.0
2024-08-09 11:05:00+09:00,6760.0,6770.0,6760.0,6760.0,46,0.0,0.0
2024-08-09 11:10:00+09:00,6760.0,6780.0,6760.0,6770.0,530,0.0,0.0
2024-08-09 11:15:00+09:00,6780.0,6780.0,6780.0,6780.0,85,0.0,0.0
2024-08-09 11:20:00+09:00,6780.0,6790.0,6780.0,6790.0,2,0.0,0.0
2024-08-09 11:25:00+09:00,6790.0,6810.0,6790.0,6810.0,602,0.0,0.0
2024-08-09 11:30:00+09:00,6810.0,6810.0,6810.0,6810.0,0,0.0,0.0
2024-08-09 11:35:00+09:00,6810.0,6810.0,6810.0,6810.0,3,0.0,0.0
2024-08-09 11:40:00+09:00,6810.0,6850.0,6810.0,6850.0,196,0.0,0.0
2024-08-09 11:45:00+09:00,6850.0,6850.0,6820.0,6830.0,122,0.0,0.0
2024-08-09 11:50:00+09:00,6820.0,6830.0,6820.0,6830.0,118,0.0,0.0
2024-08-09 11:55:00+09:00,6830.0,6850.0,6830.0,6850.0,2083,0.0,0.0
2024-08-09 12:00:00+09:00,6850.0,6850.0,6840.0,6850.0,3,0.0,0.0
2024-08-09 12:05:00+09:00,6850.0,6870.0,6820.0,6870.0,514,0.0,0.0
2024-08-09 12:10:00+09:00,6870.0,6870.0,6860.0,6860.0,4,0.0,0.0
2024-08-09 12:15:00+09:00,6850.0,6850.0,6850.0,6850.0,210,0.0,0.0
2024-08-09 12:20:00+09:00,6870.0,6920.0,6870.0,6920.0,266,0.0,0.0
2024-08-09 12:25:00+09:00,6920.0,6920.0,6910.0,6910.0,49,0.0,0.0
2024-08-09 12:30:00+09:00,6900.0,6910.0,6900.0,6910.0,1,0.0,0.0
2024-08-09 12:35:00+09:00,6900.0,6900.0,6880.0,6880.0,198,0.0,0.0
2024-08-09 12:40:00+09:00,6880.0,6880.0,6880.0,6880.0,0,0.0,0.0
2024-08-09 12:45:00+09:00,6900.0,6900.0,6900.0,6900.0,0,0.0,0.0
2024-08-09 12:50:00+09:00,6890.0,6890.0,6890.0,6890.0,2,0.0,0.0
2024-08-09 13:05:00+09:00,6900.0,6910.0,6900.0,6900.0,144,0.0,0.0
2024-08-09 13:10:00+09:00,6900.0,6900.0,6890.0,6890.0,93,0.0,0.0
2024-08-09 13:15:00+09:00,6910.0,6910.0,6850.0,6850.0,1454,0.0,0.0
2024-08-09 13:20:00+09:00,6910.0,6910.0,6910.0,6910.0,7,0.0,0.0
2024-08-09 13:25:00+09:00,6910.0,6910.0,6910.0,6910.0,6,0.0,0.0
2024-08-09 13:30:00+09:00,6910.0,6910.0,6910.0,6910.0,0,0.0,0.0
2024-08-09 13:35:00+09:00,6910.0,6910.0,6910.0,6910.0,42,0.0,0.0
2024-08-09 13:40:00+09:00,6900.0,6900.0,6900.0,6900.0,0,0.0,0.0
2024-08-09 13:45:00+09:00,6910.0,6910.0,6900.0,6900.0,602,0.0,0.0
2024-08-09 13:50:00+09:00,6900.0,6910.0,6900.0,6910.0,0,0.0,0.0
2024-08-09 13:55:00+09:00,6910.0,6910.0,6880.0,6880.0,95,0.0,0.0
2024-08-09 14:00:00+09:00,6890.0,6890.0,6890.0,6890.0,14,0.0,0.0
2024-08-09 14:05:00+09:00,6890.0,6890.0,6890.0,6890.0,160,0.0,0.0
2024-08-09 14:10:00+09:00,6880.0,6890.0,6880.0,6890.0,102,0.0,0.0
2024-08-09 14:15:00+09:00,6890.0,6890.0,6880.0,6880.0,507,0.0,0.0
2024-08-09 14:20:00+09:00,6880.0,6880.0,6880.0,6880.0,1,0.0,0.0
2024-08-09 14:25:00+09:00,6880.0,6880.0,6870.0,6870.0,992,0.0,0.0
2024-08-09 14:35:00+09:00,6870.0,6870.0,6870.0,6870.0,0,0.0,0.0
2024-08-09 14:40:00+09:00,6870.0,6870.0,6870.0,6870.0,145,0.0,0.0
2024-08-09 14:45:00+09:00,6860.0,6870.0,6860.0,6870.0,5,0.0,0.0
2024-08-09 14:50:00+09:00,6900.0,6910.0,6900.0,6910.0,5,0.0,0.0
2024-08-09 14:55:00+09:00,6910.0,6910.0,6910.0,6910.0,401,0.0,0.0
2024-08-12 09:00:00+09:00,6930.0,6930.0,6930.0,6930.0,0,0.0,0.0
2024-08-12 09:05:00+09:00,6940.0,7000.0,6940.0,7000.0,51,0.0,0.0
2024-08-12 09:10:00+09:00,6990.0,6990.0,6990.0,6990.0,71,0.0,0.0
2024-08-12 09:20:00+09:00,6960.0,6960.0,6960.0,6960.0,2,0.0,0.0
2024-08-12 09:25:00+09:00,6960.0,6960.0,6960.0,6960.0,16,0.0,0.0
2024-08-12 09:30:00+09:00,6960.0,6990.0,6960.0,6990.0,0,0.0,0.0
2024-08-12 09:40:00+09:00,6990.0,6990.0,6990.0,6990.0,5,0.0,0.0
2024-08-12 09:45:00+09:00,6960.0,6960.0,6950.0,6950.0,33,0.0,0.0
2024-08-12 09:50:00+09:00,6980.0,6980.0,6980.0,6980.0,1,0.0,0.0
2024-08-12 09:55:00+09:00,6980.0,6980.0,6980.0,6980.0,50,0.0,0.0
2024-08-12 10:00:00+09:00,6980.0,6980.0,6980.0,6980.0,0,0.0,0.0
2024-08-12 10:05:00+09:00,6970.0,6980.0,6970.0,6980.0,4,0.0,0.0
2024-08-12 10:10:00+09:00,6950.0,6990.0,6950.0,6990.0,258,0.0,0.0
2024-08-12 10:15:00+09:00,6990.0,6990.0,6940.0,6940.0,3533,0.0,0.0
2024-08-12 10:20:00+09:00,7000.0,7000.0,6990.0,6990.0,0,0.0,0.0
2024-08-12 10:25:00+09:00,6990.0,6990.0,6990.0,6990.0,37,0.0,0.0
2024-08-12 10:35:00+09:00,6990.0,6990.0,6990.0,6990.0,1,0.0,0.0
2024-08-12 10:45:00+09:00,6980.0,6980.0,6940.0,6940.0,192,0.0,0.0
2024-08-12 10:55:00+09:00,6990.0,6990.0,6970.0,6970.0,0,0.0,0.0
2024-08-12 11:05:00+09:00,6990.0,6990.0,6990.0,6990.0,1,0.0,0.0
2024-08-12 11:25:00+09:00,6970.0,6970.0,6950.0,6950.0,9,0.0,0.0
2024-08-12 12:00:00+09:00,6980.0,6990.0,6980.0,6990.0,11,0.0,0.0
2024-08-12 12:15:00+09:00,6960.0,6990.0,6960.0,6990.0,288,0.0,0.0
2024-08-12 12:25:00+09:00,6990.0,6990.0,6990.0,6990.0,6,0.0,0.0
2024-08-12 12:40:00+09:00,6980.0,6990.0,6960.0,6960.0,18,0.0,0.0
2024-08-12 12:50:00+09:00,6970.0,6990.0,6970.0,6970.0,110,0.0,0.0
2024-08-12 12:55:00+09:00,6980.0,6980.0,6970.0,6970.0,237,0.0,0.0
2024-08-12 13:00:00+09:00,6990.0,6990.0,6990.0,6990.0,0,0.0,0.0
2024-08-12 13:15:00+09:00,6980.0,6980.0,6980.0,6980.0,5,0.0,0.0
2024-08-12 13:30:00+09:00,6980.0,6980.0,6980.0,6980.0,121,0.0,0.0
2024-08-12 13:45:00+09:00,6990.0,7000.0,6990.0,7000.0,356,0.0,0.0
2024-08-12 13:50:00+09:00,7000.0,7000.0,6930.0,6930.0,3990,0.0,0.0
2024-08-12 13:55:00+09:00,7000.0,7010.0,7000.0,7010.0,0,0.0,0.0
2024-08-12 14:00:00+09:00,7000.0,7000.0,6950.0,6950.0,111,0.0,0.0
2024-08-12 14:05:00+09:00,7000.0,7000.0,7000.0,7000.0,3,0.0,0.0
2024-08-12 14:20:00+09:00,6990.0,6990.0,6990.0,6990.0,14,0.0,0.0
2024-08-12 14:30:00+09:00,6990.0,6990.0,6990.0,6990.0,0,0.0,0.0
2024-08-12 14:40:00+09:00,7000.0,7000.0,6980.0,7000.0,13,0.0,0.0
2024-08-12 14:45:00+09:00,7000.0,7000.0,6980.0,6980.0,118,0.0,0.0
2024-08-12 14:50:00+09:00,7000.0,7000.0,6940.0,7000.0,268,0.0,0.0
2024-08-13 09:00:00+09:00,6980.0,7050.0,6980.0,7040.0,479,0.0,0.0
2024-08-13 09:05:00+09:00,6970.0,6970.0,6970.0,6970.0,16,0.0,0.0
2024-08-13 09:10:00+09:00,7000.0,7000.0,7000.0,7000.0,0,0.0,0.0
2024-08-13 09:20:00+09:00,6960.0,6960.0,6960.0,6960.0,1,0.0,0.0
2024-08-13 09:25:00+09:00,6960.0,6960.0,6720.0,6960.0,1317,0.0,0.0
2024-08-13 09:30:00+09:00,6950.0,6950.0,6860.0,6860.0,20,0.0,0.0
2024-08-13 09:35:00+09:00,6840.0,6880.0,6770.0,6870.0,368,0.0,0.0
2024-08-13 09:40:00+09:00,6830.0,6860.0,6820.0,6860.0,158,0.0,0.0
2024-08-13 09:45:00+09:00,6850.0,6890.0,6850.0,6890.0,35,0.0,0.0
2024-08-13 09:50:00+09:00,6890.0,6890.0,6890.0,6890.0,6,0.0,0.0
2024-08-13 09:55:00+09:00,6890.0,6890.0,6890.0,6890.0,1,0.0,0.0
2024-08-13 10:05:00+09:00,6890.0,6910.0,6890.0,6910.0,595,0.0,0.0
2024-08-13 10:10:00+09:00,6910.0,6920.0,6890.0,6920.0,853,0.0,0.0
2024-08-13 10:15:00+09:00,6920.0,6920.0,6920.0,6920.0,582,0.0,0.0
2024-08-13 10:20:00+09:00,6920.0,6960.0,6920.0,6960.0,1807,0.0,0.0
2024-08-13 10:25:00+09:00,6960.0,6960.0,6960.0,6960.0,0,0.0,0.0
2024-08-13 10:30:00+09:00,6980.0,6990.0,6960.0,6990.0,171,0.0,0.0
2024-08-13 10:35:00+09:00,6990.0,7100.0,6990.0,7100.0,892,0.0,0.0
2024-08-13 10:50:00+09:00,6980.0,7050.0,6970.0,7050.0,16,0.0,0.0
2024-08-13 10:55:00+09:00,7020.0,7020.0,7020.0,7020.0,76,0.0,0.0
2024-08-13 11:05:00+09:00,6970.0,6970.0,6970.0,6970.0,0,0.0,0.0
2024-08-13 11:20:00+09:00,6970.0,6970.0,6970.0,6970.0,22,0.0,0.0
2024-08-13 11:25:00+09:00,6970.0,6970.0,6970.0,6970.0,0,0.0,0.0
2024-08-13 11:30:00+09:00,6940.0,6970.0,6910.0,6970.0,400,0.0,0.0
2024-08-13 11:50:00+09:00,6910.0,6910.0,6910.0,6910.0,0,0.0,0.0
2024-08-13 12:05:00+09:00,6910.0,6910.0,6910.0,6910.0,12,0.0,0.0
2024-08-13 12:15:00+09:00,6900.0,6900.0,6890.0,6890.0,511,0.0,0.0
2024-08-13 12:20:00+09:00,6860.0,6860.0,6860.0,6860.0,0,0.0,0.0
2024-08-13 13:00:00+09:00,6870.0,6870.0,6850.0,6870.0,256,0.0,0.0
2024-08-13 13:05:00+09:00,6870.0,6870.0,6870.0,6870.0,12,0.0,0.0
2024-08-13 13:10:00+09:00,6870.0,6870.0,6870.0,6870.0,8,0.0,0.0
2024-08-13 13:15:00+09:00,6870.0,6870.0,6870.0,6870.0,20,0.0,0.0
2024-08-13 13:20:00+09:00,6870.0,6870.0,6870.0,6870.0,1,0.0,0.0
2024-08-13 13:30:00+09:00,6860.0,6870.0,6860.0,6870.0,1,0.0,0.0
2024-08-13 13:35:00+09:00,6870.0,6870.0,6850.0,6850.0,236,0.0,0.0
2024-08-13 13:45:00+09:00,6850.0,6890.0,6850.0,6890.0,0,0.0,0.0
2024-08-13 13:55:00+09:00,6890.0,6890.0,6890.0,6890.0,48,0.0,0.0
2024-08-13 14:15:00+09:00,6870.0,6900.0,6860.0,6900.0,1447,0.0,0.0
2024-08-13 14:20:00+09:00,6850.0,6850.0,6850.0,6850.0,1,0.0,0.0
2024-08-13 14:30:00+09:00,6850.0,6850.0,6850.0,6850.0,31,0.0,0.0
2024-08-13 14:35:00+09:00,6850.0,6850.0,6850.0,6850.0,4,0.0,0.0
2024-08-13 14:45:00+09:00,6850.0,6850.0,6850.0,6850.0,1,0.0,0.0
2024-08-14 09:00:00+09:00,6880.0,6960.0,6880.0,6960.0,39,0.0,0.0
2024-08-14 09:05:00+09:00,6900.0,6900.0,6900.0,6900.0,30,0.0,0.0
2024-08-14 09:10:00+09:00,6910.0,6920.0,6890.0,6890.0,201,0.0,0.0
2024-08-14 09:15:00+09:00,6890.0,6900.0,6890.0,6900.0,379,0.0,0.0
2024-08-14 09:20:00+09:00,6900.0,6900.0,6880.0,6880.0,42,0.0,0.0
2024-08-14 09:25:00+09:00,6890.0,6890.0,6890.0,6890.0,8,0.0,0.0
2024-08-14 09:40:00+09:00,6900.0,6900.0,6900.0,6900.0,44,0.0,0.0
2024-08-14 09:45:00+09:00,6900.0,6900.0,6900.0,6900.0,6,0.0,0.0
2024-08-14 09:50:00+09:00,6900.0,6900.0,6900.0,6900.0,20,0.0,0.0
2024-08-14 09:55:00+09:00,6900.0,6900.0,6900.0,6900.0,4,0.0,0.0
2024-08-14 10:05:00+09:00,6900.0,6900.0,6900.0,6900.0,27,0.0,0.0
2024-08-14 10:20:00+09:00,6900.0,6900.0,6900.0,6900.0,1101,0.0,0.0
2024-08-14 10:25:00+09:00,6900.0,6900.0,6900.0,6900.0,0,0.0,0.0
2024-08-14 10:30:00+09:00,6900.0,6900.0,6900.0,6900.0,0,0.0,0.0
2024-08-14 10:35:00+09:00,6900.0,6900.0,6900.0,6900.0,140,0.0,0.0
2024-08-14 10:40:00+09:00,6900.0,6900.0,6900.0,6900.0,44,0.0,0.0
2024-08-14 10:50:00+09:00,6900.0,6900.0,6900.0,6900.0,0,0.0,0.0
2024-08-14 10:55:00+09:00,6890.0,6890.0,6890.0,6890.0,141,0.0,0.0
2024-08-14 11:05:00+09:00,6900.0,6900.0,6900.0,6900.0,15,0.0,0.0
2024-08-14 11:15:00+09:00,6900.0,6900.0,6890.0,6890.0,206,0.0,0.0
2024-08-14 11:25:00+09:00,6880.0,6880.0,6880.0,6880.0,403,0.0,0.0
2024-08-14 11:45:00+09:00,6880.0,6920.0,6880.0,6920.0,1006,0.0,0.0
2024-08-14 11:55:00+09:00,6920.0,6960.0,6920.0,6960.0,19,0.0,0.0
2024-08-14 12:00:00+09:00,6950.0,6950.0,6950.0,6950.0,170,0.0,0.0
2024-08-14 12:05:00+09:00,6950.0,6950.0,6950.0,6950.0,0,0.0,0.0
2024-08-14 12:20:00+09:00,6960.0,6960.0,6960.0,6960.0,0,0.0,0.0
2024-08-14 12:25:00+09:00,6960.0,6960.0,6950.0,6950.0,159,0.0,0.0
2024-08-14 12:35:00+09:00,6970.0,6980.0,6970.0,6980.0,15,0.0,0.0
2024-08-14 12:45:00+09:00,6960.0,6960.0,6950.0,6950.0,330,0.0,0.0
2024-08-14 12:50:00+09:00,6960.0,6960.0,6960.0,6960.0,0,0.0,0.0
2024-08-14 13:00:00+09:00,6970.0,6970.0,6970.0,6970.0,0,0.0,0.0
2024-08-14 13:20:00+09:00,6950.0,6950.0,6950.0,6950.0,88,0.0,0.0
2024-08-14 13:25:00+09:00,6950.0,6960.0,6950.0,6960.0,12,0.0,0.0
2024-08-14 13:30:00+09:00,6950.0,6950.0,6950.0,6950.0,49,0.0,0.0
2024-08-14 13:35:00+09:00,6950.0,6950.0,6950.0,6950.0,3,0.0,0.0
2024-08-14 13:40:00+09:00,6950.0,6950.0,6950.0,6950.0,30,0.0,0.0
2024-08-14 13:45:00+09:00,6950.0,6950.0,6950.0,6950.0,185,0.0,0.0
2024-08-14 13:50:00+09:00,6940.0,6940.0,6940.0,6940.0,67,0.0,0.0
2024-08-14 13:55:00+09:00,6950.0,6950.0,6950.0,6950.0,2,0.0,0.0
2024-08-14 14:05:00+09:00,6940.0,6940.0,6940.0,6940.0,334,0.0,0.0
2024-08-14 14:10:00+09:00,6920.0,6920.0,6920.0,6920.0,12,0.0,0.0
2024-08-14 14:15:00+09:00,6920.0,6920.0,6920.0,6920.0,30,0.0,0.0
2024-08-14 14:20:00+09:00,6920.0,6920.0,6920.0,6920.0,201,0.0,0.0
2024-08-14 14:25:00+09:00,6910.0,6910.0,6910.0,6910.0,111,0.0,0.0
2024-08-14 14:30:00+09:00,6890.0,6890.0,6890.0,6890.0,890,0.0,0.0
2024-08-14 14:35:00+09:00,6890.0,6890.0,6890.0,6890.0,0,0.0,0.0
2024-08-14 14:40:00+09:00,6890.0,6890.0,6890.0,6890.0,948,0.0,0.0
2024-08-14 14:45:00+09:00,6890.0,6890.0,6890.0,6890.0,1,0.0,0.0
2024-08-14 14:50:00+09:00,6900.0,6940.0,6900.0,6940.0,86,0.0,0.0
2024-08-14 14:55:00+09:00,6940.0,6940.0,6940.0,6940.0,3,0.0,0.0
2024-08-16 09:00:00+09:00,7050.0,7050.0,7020.0,7020.0,0,0.0,0.0
2024-08-16 09:05:00+09:00,7010.0,7010.0,7010.0,7010.0,29,0.0,0.0
2024-08-16 09:10:00+09:00,6990.0,6990.0,6990.0,6990.0,132,0.0,0.0
2024-08-16 09:40:00+09:00,6950.0,6950.0,6950.0,6950.0,0,0.0,0.0
2024-08-16 09:45:00+09:00,6940.0,6980.0,6900.0,6970.0,186,0.0,0.0
2024-08-16 09:50:00+09:00,6970.0,6970.0,6970.0,6970.0,112,0.0,0.0
2024-08-16 10:05:00+09:00,6970.0,6970.0,6970.0,6970.0,0,0.0,0.0
2024-08-16 10:10:00+09:00,6970.0,6970.0,6970.0,6970.0,68,0.0,0.0
2024-08-16 10:25:00+09:00,6970.0,6970.0,6970.0,6970.0,3,0.0,0.0
2024-08-16 10:30:00+09:00,6970.0,6970.0,6970.0,6970.0,10,0.0,0.0
2024-08-16 10:35:00+09:00,6950.0,6950.0,6900.0,6900.0,801,0.0,0.0
2024-08-16 10:40:00+09:00,6900.0,6950.0,6900.0,6950.0,50,0.0,0.0
2024-08-16 10:45:00+09:00,6900.0,6900.0,6900.0,6900.0,149,0.0,0.0
2024-08-16 11:00:00+09:00,6940.0,6940.0,6940.0,6940.0,0,0.0,0.0
2024-08-16 11:05:00+09:00,6920.0,6920.0,6920.0,6920.0,11,0.0,0.0
2024-08-16 11:10:00+09:00,6940.0,6940.0,6940.0,6940.0,0,0.0,0.0
2024-08-16 11:20:00+09:00,6940.0,6940.0,6900.0,6900.0,320,0.0,0.0
2024-08-16 11:25:00+09:00,6910.0,6910.0,6890.0,6890.0,701,0.0,0.0
2024-08-16 11:30:00+09:00,6900.0,6940.0,6900.0,6940.0,0,0.0,0.0
2024-08-16 11:35:00+09:00,6930.0,6930.0,6930.0,6930.0,0,0.0,0.0
2024-08-16 11:45:00+09:00,6920.0,6920.0,6860.0,6870.0,530,0.0,0.0
2024-08-16 11:50:00+09:00,6870.0,6870.0,6860.0,6860.0,783,0.0,0.0
2024-08-16 11:55:00+09:00,6870.0,6870.0,6870.0,6870.0,281,0.0,0.0
2024-08-16 12:00:00+09:00,6890.0,6890.0,6890.0,6890.0,2,0.0,0.0
2024-08-16 12:05:00+09:00,6890.0,6890.0,6890.0,6890.0,30,0.0,0.0
2024-08-16 12:10:00+09:00,6880.0,6880.0,6880.0,6880.0,5,0.0,0.0
2024-08-16 12:15:00+09:00,6880.0,6880.0,6860.0,6870.0,80,0.0,0.0
2024-08-16 12:20:00+09:00,6870.0,6870.0,6870.0,6870.0,11,0.0,0.0
2024-08-16 12:25:00+09:00,6860.0,6870.0,6800.0,6870.0,1527,0.0,0.0
2024-08-16 12:30:00+09:00,6800.0,6810.0,6800.0,6810.0,992,0.0,0.0
2024-08-16 12:35:00+09:00,6810.0,6810.0,6810.0,6810.0,60,0.0,0.0
2024-08-16 12:40:00+09:00,6810.0,6810.0,6810.0,6810.0,20,0.0,0.0
2024-08-16 12:45:00+09:00,6810.0,6810.0,6800.0,6800.0,586,0.0,0.0
2024-08-16 12:50:00+09:00,6800.0,6800.0,6800.0,6800.0,1416,0.0,0.0
2024-08-16 12:55:00+09:00,6800.0,6800.0,6800.0,6800.0,99,0.0,0.0
2024-08-16 13:00:00+09:00,6810.0,6840.0,6800.0,6840.0,0,0.0,0.0
2024-08-16 13:05:00+09:00,6840.0,6840.0,6840.0,6840.0,128,0.0,0.0
2024-08-16 13:10:00+09:00,6810.0,6810.0,6810.0,6810.0,385,0.0,0.0
2024-08-16 13:15:00+09:00,6810.0,6810.0,6800.0,6800.0,0,0.0,0.0
2024-08-16 13:25:00+09:00,6810.0,6840.0,6810.0,6840.0,8,0.0,0.0
2024-08-16 13:30:00+09:00,6840.0,6840.0,6840.0,6840.0,1,0.0,0.0
2024-08-16 13:35:00+09:00,6840.0,6840.0,6820.0,6820.0,7,0.0,0.0
2024-08-16 13:40:00+09:00,6840.0,6840.0,6820.0,6820.0,230,0.0,0.0
2024-08-16 13:45:00+09:00,6820.0,6820.0,6810.0,6810.0,0,0.0,0.0
2024-08-16 13:50:00+09:00,6810.0,6810.0,6810.0,6810.0,52,0.0,0.0
2024-08-16 13:55:00+09:00,6810.0,6820.0,6810.0,6810.0,280,0.0,0.0
2024-08-16 14:00:00+09:00,6810.0,6810.0,6800.0,6800.0,220,0.0,0.0
2024-08-16 14:05:00+09:00,6800.0,6800.0,6800.0,6800.0,184,0.0,0.0
2024-08-16 14:10:00+09:00,6810.0,6810.0,6810.0,6810.0,0,0.0,0.0
2024-08-16 14:25:00+09:00,6810.0,6830.0,6810.0,6830.0,158,0.0,0.0
2024-08-16 14:30:00+09:00,6820.0,6820.0,6820.0,6820.0,2,0.0,0.0
2024-08-16 14:35:00+09:00,6820.0,6820.0,6820.0,6820.0,2,0.0,0.0
2024-08-16 14:45:00+09:00,6830.0,6830.0,6810.0,6810.0,14,0.0,0.0
2024-08-16 14:50:00+09:00,6810.0,6830.0,6810.0,6830.0,2,0.0,0.0
2024-08-19 09:00:00+09:00,6750.0,6760.0,6750.0,6760.0,0,0.0,0.0
2024-08-19 09:05:00+09:00,6750.0,6760.0,6700.0,6760.0,254,0.0,0.0
2024-08-19 09:10:00+09:00,6760.0,6760.0,6760.0,6760.0,21,0.0,0.0
2024-08-19 09:15:00+09:00,6750.0,6750.0,6650.0,6730.0,3013,0.0,0.0
2024-08-19 09:20:00+09:00,6720.0,6730.0,6720.0,6730.0,469,0.0,0.0
2024-08-19 09:25:00+09:00,6730.0,6750.0,6730.0,6750.0,87,0.0,0.0
2024-08-19 09:35:00+09:00,6750.0,6750.0,6750.0,6750.0,23,0.0,0.0
2024-08-19 09:45:00+09:00,6750.0,6750.0,6750.0,6750.0,1,0.0,0.0
2024-08-19 09:50:00+09:00,6750.0,6750.0,6730.0,6730.0,17,0.0,0.0
2024-08-19 10:05:00+09:00,6740.0,6740.0,6730.0,6730.0,202,0.0,0.0
2024-08-19 10:10:00+09:00,6730.0,6730.0,6730.0,6730.0,282,0.0,0.0
2024-08-19 10:15:00+09:00,6720.0,6720.0,6710.0,6710.0,230,0.0,0.0
2024-08-19 10:20:00+09:00,6740.0,6740.0,6740.0,6740.0,0,0.0,0.0
2024-08-19 10:25:00+09:00,6720.0,6750.0,6710.0,6750.0,111,0.0,0.0
2024-08-19 10:30:00+09:00,6750.0,6750.0,6750.0,6750.0,17,0.0,0.0
2024-08-19 10:35:00+09:00,6750.0,6750.0,6750.0,6750.0,0,0.0,0.0
2024-08-19 10:50:00+09:00,6710.0,6710.0,6700.0,6700.0,117,0.0,0.0
2024-08-19 11:00:00+09:00,6750.0,6750.0,6750.0,6750.0,119,0.0,0.0
2024-08-19 11:10:00+09:00,6750.0,6750.0,6720.0,6720.0,54,0.0,0.0
2024-08-19 11:20:00+09:00,6760.0,6760.0,6760.0,6760.0,5,0.0,0.0
2024-08-19 11:25:00+09:00,6760.0,6760.0,6760.0,6760.0,4,0.0,0.0
2024-08-19 11:35:00+09:00,6760.0,6760.0,6760.0,6760.0,1,0.0,0.0
2024-08-19 11:55:00+09:00,6760.0,6760.0,6760.0,6760.0,28,0.0,0.0
2024-08-19 12:00:00+09:00,6760.0,6760.0,6760.0,6760.0,184,0.0,0.0
2024-08-19 12:05:00+09:00,6760.0,6760.0,6660.0,6660.0,2513,0.0,0.0
2024-08-19 12:15:00+09:00,6730.0,6730.0,6730.0,6730.0,0,0.0,0.0
2024-08-19 12:25:00+09:00,6720.0,6720.0,6720.0,6720.0,11,0.0,0.0
2024-08-19 12:40:00+09:00,6720.0,6720.0,6720.0,6720.0,0,0.0,0.0
2024-08-19 13:05:00+09:00,6730.0,6730.0,6730.0,6730.0,499,0.0,0.0
2024-08-19 13:10:00+09:00,6720.0,6720.0,6650.0,6660.0,1565,0.0,0.0
2024-08-19 13:15:00+09:00,6660.0,6680.0,6650.0,6650.0,1439,0.0,0.0
2024-08-19 13:20:00+09:00,6650.0,6670.0,6650.0,6670.0,35,0.0,0.0
2024-08-19 13:25:00+09:00,6670.0,6670.0,6670.0,6670.0,1,0.0,0.0
2024-08-19 13:30:00+09:00,6670.0,6670.0,6670.0,6670.0,48,0.0,0.0
2024-08-19 13:45:00+09:00,6680.0,6680.0,6680.0,6680.0,0,0.0,0.0
2024-08-19 13:55:00+09:00,6680.0,6730.0,6680.0,6730.0,2786,0.0,0.0
2024-08-19 14:00:00+09:00,6690.0,6690.0,6690.0,6690.0,0,0.0,0.0
2024-08-19 14:35:00+09:00,6700.0,6700.0,6700.0,6700.0,2,0.0,0.0
2024-08-19 14:40:00+09:00,6700.0,6720.0,6690.0,6720.0,780,0.0,0.0
2024-08-19 14:45:00+09:00,6720.0,6720.0,6690.0,6690.0,0,0.0,0.0
2024-08-19 14:50:00+09:00,6700.0,6700.0,6700.0,6700.0,7,0.0,0.0
2024-08-20 09:00:00+09:00,6720.0,6730.0,6720.0,6730.0,161,0.0,0.0
2024-08-20 09:05:00+09:00,6730.0,6780.0,6730.0,6780.0,102,0.0,0.0
2024-08-20 09:15:00+09:00,6780.0,6780.0,6780.0,6780.0,2,0.0,0.0
2024-08-20 09:20:00+09:00,6780.0,6800.0,6780.0,6800.0,186,0.0,0.0
2024-08-20 09:25:00+09:00,6790.0,6790.0,6750.0,6750.0,759,0.0,0.0
2024-08-20 09:30:00+09:00,6750.0,6750.0,6750.0,6750.0,0,0.0,0.0
2024-08-20 09:35:00+09:00,6760.0,6760.0,6760.0,6760.0,9,0.0,0.0
2024-08-20 09:40:00+09:00,6760.0,6760.0,6760.0,6760.0,95,0.0,0.0
2024-08-20 09:45:00+09:00,6780.0,6800.0,6750.0,6750.0,32,0.0,0.0
2024-08-20 09:50:00+09:00,6790.0,6790.0,6790.0,6790.0,36,0.0,0.0
2024-08-20 10:00:00+09:00,6790.0,6790.0,6790.0,6790.0,140,0.0,0.0
2024-08-20 10:05:00+09:00,6790.0,6790.0,6790.0,6790.0,15,0.0,0.0
2024-08-20 10:15:00+09:00,6750.0,6750.0,6730.0,6730.0,218,0.0,0.0
2024-08-20 10:20:00+09:00,6750.0,6750.0,6730.0,6730.0,5,0.0,0.0
2024-08-20 10:55:00+09:00,6750.0,6750.0,6750.0,6750.0,39,0.0,0.0
2024-08-20 11:05:00+09:00,6750.0,6750.0,6750.0,6750.0,80,0.0,0.0
2024-08-20 11:10:00+09:00,6750.0,6750.0,6750.0,6750.0,36,0.0,0.0
2024-08-20 11:15:00+09:00,6760.0,6760.0,6760.0,6760.0,0,0.0,0.0
2024-08-20 11:20:00+09:00,6770.0,6770.0,6770.0,6770.0,64,0.0,0.0
2024-08-20 11:35:00+09:00,6760.0,6760.0,6750.0,6750.0,46,0.0,0.0
2024-08-20 11:40:00+09:00,6750.0,6750.0,6740.0,6740.0,1376,0.0,0.0
2024-08-20 12:10:00+09:00,6740.0,6740.0,6740.0,6740.0,0,0.0,0.0
2024-08-20 12:15:00+09:00,6770.0,6770.0,6770.0,6770.0,3,0.0,0.0
2024-08-20 13:05:00+09:00,6770.0,6770.0,6770.0,6770.0,5,0.0,0.0
2024-08-20 13:20:00+09:00,6750.0,6750.0,6750.0,6750.0,37,0.0,0.0
2024-08-20 13:25:00+09:00,6760.0,6760.0,6760.0,6760.0,230,0.0,0.0
2024-08-20 13:30:00+09:00,6770.0,6770.0,6760.0,6760.0,0,0.0,0.0
2024-08-20 13:40:00+09:00,6760.0,6760.0,6760.0,6760.0,6,0.0,0.0
2024-08-20 13:50:00+09:00,6760.0,6760.0,6750.0,6760.0,141,0.0,0.0
2024-08-20 14:15:00+09:00,6760.0,6760.0,6760.0,6760.0,0,0.0,0.0
2024-08-20 14:25:00+09:00,6760.0,6760.0,6760.0,6760.0,57,0.0,0.0
2024-08-20 14:30:00+09:00,6760.0,6760.0,6760.0,6760.0,29,0.0,0.0
2024-08-20 14:35:00+09:00,6770.0,6780.0,6740.0,6740.0,1701,0.0,0.0
2024-08-20 14:40:00+09:00,6730.0,6770.0,6730.0,6770.0,0,0.0,0.0
2024-08-20 14:50:00+09:00,6730.0,6780.0,6710.0,6780.0,3788,0.0,0.0
2024-08-21 09:00:00+09:00,6720.0,6780.0,6720.0,6770.0,75,0.0,0.0
2024-08-21 09:05:00+09:00,6770.0,6870.0,6760.0,6760.0,513,0.0,0.0
2024-08-21 09:15:00+09:00,6760.0,6760.0,6760.0,6760.0,12,0.0,0.0
2024-08-21 09:20:00+09:00,6750.0,6750.0,6750.0,6750.0,138,0.0,0.0
2024-08-21 09:25:00+09:00,6740.0,6760.0,6740.0,6760.0,3,0.0,0.0
2024-08-21 09:30:00+09:00,6760.0,6760.0,6760.0,6760.0,81,0.0,0.0
2024-08-21 09:35:00+09:00,6770.0,6770.0,6770.0,6770.0,95,0.0,0.0
2024-08-21 09:40:00+09:00,6770.0,6820.0,6770.0,6820.0,12,0.0,0.0
2024-08-21 09:45:00+09:00,6820.0,6860.0,6820.0,6860.0,573,0.0,0.0
2024-08-21 09:50:00+09:00,6850.0,6850.0,6850.0,6850.0,250,0.0,0.0
2024-08-21 09:55:00+09:00,6850.0,6850.0,6850.0,6850.0,125,0.0,0.0
2024-08-21 10:05:00+09:00,6790.0,6790.0,6790.0,6790.0,565,0.0,0.0
2024-08-21 10:10:00+09:00,6790.0,6790.0,6790.0,6790.0,751,0.0,0.0
2024-08-21 10:30:00+09:00,6820.0,6820.0,6820.0,6820.0,0,0.0,0.0
2024-08-21 11:00:00+09:00,6780.0,6780.0,6760.0,6760.0,557,0.0,0.0
2024-08-21 11:05:00+09:00,6760.0,6760.0,6760.0,6760.0,10,0.0,0.0
2024-08-21 11:15:00+09:00,6760.0,6760.0,6760.0,6760.0,5,0.0,0.0
2024-08-21 11:20:00+09:00,6770.0,6770.0,6770.0,6770.0,1,0.0,0.0
2024-08-21 11:30:00+09:00,6770.0,6770.0,6770.0,6770.0,10,0.0,0.0
2024-08-21 11:45:00+09:00,6770.0,6770.0,6770.0,6770.0,195,0.0,0.0
2024-08-21 11:55:00+09:00,6770.0,6770.0,6740.0,6760.0,358,0.0,0.0
2024-08-21 12:10:00+09:00,6760.0,6760.0,6760.0,6760.0,196,0.0,0.0
2024-08-21 12:15:00+09:00,6770.0,6780.0,6770.0,6780.0,136,0.0,0.0
2024-08-21 12:20:00+09:00,6760.0,6760.0,6760.0,6760.0,104,0.0,0.0
2024-08-21 12:30:00+09:00,6760.0,6780.0,6760.0,6780.0,0,0.0,0.0
2024-08-21 12:50:00+09:00,6790.0,6800.0,6790.0,6800.0,191,0.0,0.0
2024-08-21 12:55:00+09:00,6810.0,6810.0,6810.0,6810.0,38,0.0,0.0
2024-08-21 13:00:00+09:00,6800.0,6810.0,6800.0,6810.0,20,0.0,0.0
2024-08-21 13:05:00+09:00,6790.0,6790.0,6790.0,6790.0,180,0.0,0.0
2024-08-21 13:15:00+09:00,6810.0,6830.0,6810.0,6830.0,215,0.0,0.0
2024-08-21 13:30:00+09:00,6800.0,6800.0,6800.0,6800.0,107,0.0,0.0
2024-08-21 13:35:00+09:00,6830.0,6830.0,6830.0,6830.0,22,0.0,0.0
2024-08-21 13:40:00+09:00,6830.0,6840.0,6830.0,6840.0,20,0.0,0.0
2024-08-21 13:45:00+09:00,6830.0,6840.0,6830.0,6840.0,38,0.0,0.0
2024-08-21 13:50:00+09:00,6840.0,6850.0,6840.0,6850.0,187,0.0,0.0
2024-08-21 13:55:00+09:00,6840.0,6840.0,6840.0,6840.0,95,0.0,0.0
2024-08-21 14:00:00+09:00,6840.0,6850.0,6840.0,6850.0,202,0.0,0.0
2024-08-21 14:05:00+09:00,6850.0,6860.0,6840.0,6840.0,411,0.0,0.0
2024-08-21 14:10:00+09:00,6860.0,6860.0,6860.0,6860.0,0,0.0,0.0
2024-08-21 14:15:00+09:00,6860.0,6860.0,6860.0,6860.0,37,0.0,0.0
2024-08-21 14:20:00+09:00,6860.0,6860.0,6860.0,6860.0,0,0.0,0.0
2024-08-21 14:25:00+09:00,6860.0,6860.0,6860.0,6860.0,13,0.0,0.0
2024-08-21 14:30:00+09:00,6860.0,6860.0,6850.0,6850.0,409,0.0,0.0
2024-08-21 14:35:00+09:00,6860.0,6860.0,6860.0,6860.0,0,0.0,0.0
2024-08-21 14:40:00+09:00,6860.0,6870.0,6860.0,6870.0,325,0.0,0.0
2024-08-21 14:50:00+09:00,6860.0,6860.0,6850.0,6850.0,208,0.0,0.0
2024-08-21 14:55:00+09:00,6850.0,6880.0,6850.0,6870.0,553,0.0,0.0
2024-08-22 09:00:00+09:00,6940.0,6980.0,6900.0,6980.0,225,0.0,0.0
2024-08-22 09:10:00+09:00,6970.0,6970.0,6970.0,6970.0,56,0.0,0.0
2024-08-22 09:20:00+09:00,6970.0,6980.0,6930.0,6980.0,1181,0.0,0.0
2024-08-22 09:25:00+09:00,6980.0,6990.0,6980.0,6990.0,0,0.0,0.0
2024-08-22 09:30:00+09:00,6990.0,6990.0,6980.0,6980.0,14,0.0,0.0
2024-08-22 09:35:00+09:00,6970.0,6970.0,6970.0,6970.0,10,0.0,0.0
2024-08-22 09:40:00+09:00,6970.0,6970.0,6970.0,6970.0,9,0.0,0.0
2024-08-22 09:45:00+09:00,6970.0,6970.0,6960.0,6960.0,15,0.0,0.0
2024-08-22 10:10:00+09:00,6970.0,6970.0,6970.0,6970.0,18,0.0,0.0
2024-08-22 10:20:00+09:00,6970.0,6990.0,6970.0,6990.0,144,0.0,0.0
2024-08-22 10:35:00+09:00,6990.0,6990.0,6990.0,6990.0,0,0.0,0.0
2024-08-22 10:40:00+09:00,6990.0,6990.0,6970.0,6970.0,258,0.0,0.0
2024-08-22 10:55:00+09:00,6960.0,6960.0,6960.0,6960.0,20,0.0,0.0
2024-08-22 11:05:00+09:00,6960.0,6960.0,6950.0,6950.0,114,0.0,0.0
2024-08-22 11:20:00+09:00,6940.0,6940.0,6920.0,6920.0,1027,0.0,0.0
2024-08-22 11:25:00+09:00,6930.0,6950.0,6930.0,6950.0,174,0.0,0.0
2024-08-22 11:55:00+09:00,6950.0,6950.0,6950.0,6950.0,0,0.0,0.0
2024-08-22 12:00:00+09:00,6950.0,6950.0,6950.0,6950.0,9,0.0,0.0
2024-08-22 12:10:00+09:00,6930.0,6930.0,6920.0,6920.0,2,0.0,0.0
2024-08-22 12:15:00+09:00,6920.0,6920.0,6920.0,6920.0,117,0.0,0.0
2024-08-22 12:40:00+09:00,6910.0,6910.0,6910.0,6910.0,0,0.0,0.0
2024-08-22 12:50:00+09:00,6940.0,6940.0,6940.0,6940.0,1,0.0,0.0
2024-08-22 12:55:00+09:00,6940.0,6940.0,6900.0,6900.0,60,0.0,0.0
2024-08-22 13:10:00+09:00,6930.0,6940.0,6900.0,6900.0,533,0.0,0.0
2024-08-22 13:15:00+09:00,6930.0,6940.0,6930.0,6930.0,122,0.0,0.0
2024-08-22 13:30:00+09:00,6940.0,6940.0,6940.0,6940.0,150,0.0,0.0
2024-08-22 13:40:00+09:00,6940.0,6940.0,6930.0,6930.0,0,0.0,0.0
2024-08-22 14:00:00+09:00,6930.0,6940.0,6930.0,6940.0,56,0.0,0.0
2024-08-22 14:05:00+09:00,6940.0,6940.0,6940.0,6940.0,3,0.0,0.0
2024-08-22 14:10:00+09:00,6940.0,6940.0,6940.0,6940.0,17,0.0,0.0
2024-08-22 14:20:00+09:00,6940.0,6940.0,6940.0,6940.0,0,0.0,0.0
2024-08-22 14:25:00+09:00,6940.0,6940.0,6940.0,6940.0,8,0.0,0.0
2024-08-22 14:35:00+09:00,6940.0,6940.0,6940.0,6940.0,44,0.0,0.0
2024-08-22 14:45:00+09:00,6930.0,6930.0,6930.0,6930.0,0,0.0,0.0
2024-08-22 14:50:00+09:00,6950.0,6950.0,6950.0,6950.0,96,0.0,0.0
2024-08-22 14:55:00+09:00,6940.0,6940.0,6930.0,6930.0,0,0.0,0.0
2024-08-23 09:00:00+09:00,6940.0,6940.0,6880.0,6880.0,18,0.0,0.0
2024-08-23 09:05:00+09:00,6920.0,6920.0,6890.0,6890.0,46,0.0,0.0
2024-08-23 09:15:00+09:00,6890.0,6890.0,6880.0,6880.0,61,0.0,0.0
2024-08-23 09:20:00+09:00,6880.0,6880.0,6800.0,6800.0,211,0.0,0.0
2024-08-23 09:40:00+09:00,6870.0,6870.0,6870.0,6870.0,8,0.0,0.0
2024-08-23 09:45:00+09:00,6870.0,6870.0,6870.0,6870.0,23,0.0,0.0
2024-08-23 10:00:00+09:00,6870.0,6870.0,6870.0,6870.0,0,0.0,0.0
2024-08-23 10:05:00+09:00,6870.0,6870.0,6870.0,6870.0,15,0.0,0.0
2024-08-23 10:10:00+09:00,6870.0,6870.0,6870.0,6870.0,4,0.0,0.0
2024-08-23 10:20:00+09:00,6870.0,6870.0,6870.0,6870.0,36,0.0,0.0
2024-08-23 10:25:00+09:00,6860.0,6860.0,6850.0,6850.0,4,0.0,0.0
2024-08-23 10:30:00+09:00,6850.0,6860.0,6850.0,6860.0,46,0.0,0.0
2024-08-23 10:35:00+09:00,6860.0,6860.0,6860.0,6860.0,6,0.0,0.0
2024-08-23 10:50:00+09:00,6850.0,6850.0,6850.0,6850.0,30,0.0,0.0
2024-08-23 10:55:00+09:00,6850.0,6850.0,6840.0,6840.0,0,0.0,0.0
2024-08-23 11:15:00+09:00,6840.0,6840.0,6830.0,6830.0,245,0.0,0.0
2024-08-23 11:25:00+09:00,6830.0,6830.0,6830.0,6830.0,0,0.0,0.0
2024-08-23 11:30:00+09:00,6830.0,6830.0,6830.0,6830.0,0,0.0,0.0
2024-08-23 11:35:00+09:00,6860.0,6860.0,6860.0,6860.0,1,0.0,0.0
2024-08-23 11:45:00+09:00,6830.0,6830.0,6830.0,6830.0,166,0.0,0.0
2024-08-23 11:50:00+09:00,6820.0,6820.0,6780.0,6780.0,1275,0.0,0.0
2024-08-23 11:55:00+09:00,6780.0,6780.0,6780.0,6780.0,312,0.0,0.0
2024-08-23 12:00:00+09:00,6780.0,6780.0,6780.0,6780.0,0,0.0,0.0
2024-08-23 12:10:00+09:00,6800.0,6800.0,6800.0,6800.0,0,0.0,0.0
2024-08-23 12:20:00+09:00,6790.0,6790.0,6780.0,6780.0,360,0.0,0.0
2024-08-23 12:25:00+09:00,6810.0,6820.0,6810.0,6820.0,72,0.0,0.0
2024-08-23 12:35:00+09:00,6810.0,6870.0,6720.0,6870.0,477,0.0,0.0
2024-08-23 13:10:00+09:00,6820.0,6820.0,6820.0,6820.0,0,0.0,0.0
2024-08-23 13:20:00+09:00,6820.0,6820.0,6820.0,6820.0,33,0.0,0.0
2024-08-23 13:40:00+09:00,6820.0,6820.0,6820.0,6820.0,18,0.0,0.0
2024-08-23 14:00:00+09:00,6830.0,6840.0,6830.0,6830.0,2979,0.0,0.0
2024-08-23 14:15:00+09:00,6830.0,6860.0,6830.0,6860.0,0,0.0,0.0
2024-08-23 14:20:00+09:00,6830.0,6830.0,6830.0,6830.0,2,0.0,0.0
2024-08-23 14:25:00+09:00,6820.0,6820.0,6820.0,6820.0,59,0.0,0.0
2024-08-23 14:55:00+09:00,6830.0,6830.0,6830.0,6830.0,190,0.0,0.0
