Datetime,Open,High,Low,Close,Volume,Dividends,Stock Splits
2024-07-10 09:35:00-04:00,59.20000076293945,59.20000076293945,59.20000076293945,59.20000076293945,0,0.0,0.0
2024-07-10 09:40:00-04:00,59.22999954223633,59.25,59.099998474121094,59.099998474121094,978,0.0,0.0
2024-07-10 09:45:00-04:00,59.099998474121094,59.099998474121094,59.099998474121094,59.099998474121094,985,0.0,0.0
2024-07-10 09:50:00-04:00,59.099998474121094,59.17499923706055,59.099998474121094,59.099998474121094,975,0.0,0.0
2024-07-10 09:55:00-04:00,59.099998474121094,59.13999938964844,59.099998474121094,59.099998474121094,901,0.0,0.0
2024-07-10 10:00:00-04:00,59.099998474121094,59.11000061035156,59.099998474121094,59.11000061035156,1371,0.0,0.0
2024-07-10 10:05:00-04:00,59.15999984741211,59.15999984741211,59.154998779296875,59.154998779296875,1421,0.0,0.0
2024-07-10 10:10:00-04:00,59.154998779296875,59.154998779296875,59.154998779296875,59.154998779296875,854,0.0,0.0
2024-07-10 10:15:00-04:00,59.154998779296875,59.154998779296875,59.154998779296875,59.154998779296875,649,0.0,0.0
2024-07-10 10:20:00-04:00,59.130001068115234,59.220001220703125,59.130001068115234,59.20000076293945,6708,0.0,0.0
2024-07-10 10:30:00-04:00,59.18000030517578,59.20000076293945,59.16999816894531,59.20000076293945,690,0.0,0.0
2024-07-10 10:45:00-04:00,59.20000076293945,59.20000076293945,59.20000076293945,59.20000076293945,559,0.0,0.0
2024-07-10 10:50:00-04:00,59.20000076293945,59.255001068115234,59.20000076293945,59.255001068115234,6313,0.0,0.0
2024-07-10 10:55:00-04:00,59.25,59.25,59.25,59.25,567,0.0,0.0
2024-07-10 11:00:00-04:00,59.209999084472656,59.25,59.209999084472656,59.25,1275,0.0,0.0
2024-07-10 11:05:00-04:00,59.25,59.26499938964844,59.25,59.26499938964844,3154,0.0,0.0
2024-07-10 11:30:00-04:00,59.220001220703125,59.220001220703125,59.220001220703125,59.220001220703125,1376,0.0,0.0
2024-07-10 12:20:00-04:00,59.25,59.25,59.25,59.25,446,0.0,0.0
2024-07-10 12:25:00-04:00,59.27000045776367,59.27000045776367,59.27000045776367,59.27000045776367,538,0.0,0.0
2024-07-10 12:30:00-04:00,59.25,59.25,59.25,59.25,241,0.0,0.0
2024-07-10 12:35:00-04:00,59.25,59.27000045776367,59.25,59.27000045776367,1223,0.0,0.0
2024-07-10 12:50:00-04:00,59.290000915527344,59.290000915527344,59.290000915527344,59.290000915527344,445,0.0,0.0
2024-07-10 13:00:00-04:00,59.290000915527344,59.290000915527344,59.290000915527344,59.290000915527344,755,0.0,0.0
2024-07-10 13:05:00-04:00,59.2599983215332,59.275001525878906,59.25,59.275001525878906,1128,0.0,0.0
2024-07-10 13:20:00-04:00,59.2599983215332,59.2599983215332,59.2599983215332,59.2599983215332,1299,0.0,0.0
2024-07-10 13:30:00-04:00,59.279998779296875,59.279998779296875,59.279998779296875,59.279998779296875,775,0.0,0.0
2024-07-10 13:35:00-04:00,59.310001373291016,59.310001373291016,59.310001373291016,59.310001373291016,586,0.0,0.0
2024-07-10 13:55:00-04:00,59.29999923706055,59.310001373291016,59.29999923706055,59.29999923706055,7341,0.0,0.0
2024-07-10 14:00:00-04:00,59.290000915527344,59.290000915527344,59.290000915527344,59.290000915527344,1556,0.0,0.0
2024-07-10 14:15:00-04:00,59.29999923706055,59.29999923706055,59.290000915527344,59.29999923706055,1137,0.0,0.0
2024-07-10 14:30:00-04:00,59.310001373291016,59.310001373291016,59.29999923706055,59.29999923706055,942,0.0,0.0
2024-07-10 14:35:00-04:00,59.29999923706055,59.310001373291016,59.29999923706055,59.310001373291016,580,0.0,0.0
2024-07-10 14:45:00-04:00,59.29999923706055,59.310001373291016,59.290000915527344,59.290000915527344,846,0.0,0.0
2024-07-10 14:55:00-04:00,59.290000915527344,59.290000915527344,59.290000915527344,59.290000915527344,1519,0.0,0.0
2024-07-10 15:40:00-04:00,59.29999923706055,59.310001373291016,59.25,59.25,1707,0.0,0.0
2024-07-10 15:45:00-04:00,59.27000045776367,59.310001373291016,59.27000045776367,59.27000045776367,882,0.0,0.0
2024-07-10 15:50:00-04:00,59.279998779296875,59.310001373291016,59.279998779296875,59.310001373291016,3434,0.0,0.0
2024-07-10 15:55:00-04:00,59.29999923706055,59.3650016784668,59.27000045776367,59.29999923706055,11006,0.0,0.0
2024-07-11 09:30:00-04:00,59.5,59.5,59.5,59.5,2735,0.0,0.0
2024-07-11 10:00:00-04:00,59.5,59.5,59.5,59.5,1396,0.0,0.0
2024-07-11 10:15:00-04:00,59.88990020751953,59.88990020751953,59.880001068115234,59.880001068115234,890,0.0,0.0
2024-07-11 10:20:00-04:00,59.992000579833984,60.0099983215332,59.992000579833984,60.0,1129,0.0,0.0
2024-07-11 10:25:00-04:00,60.02000045776367,60.02000045776367,59.349998474121094,59.41999816894531,13243,0.0,0.0
2024-07-11 10:30:00-04:00,59.33100128173828,59.33100128173828,59.33100128173828,59.33100128173828,2082,0.0,0.0
2024-07-11 10:40:00-04:00,59.34000015258789,59.34000015258789,59.34000015258789,59.34000015258789,2416,0.0,0.0
2024-07-11 10:55:00-04:00,59.35499954223633,59.35499954223633,59.35499954223633,59.35499954223633,856,0.0,0.0
2024-07-11 11:00:00-04:00,59.369998931884766,59.369998931884766,59.369998931884766,59.369998931884766,1798,0.0,0.0
2024-07-11 11:15:00-04:00,59.369998931884766,59.369998931884766,59.369998931884766,59.369998931884766,542,0.0,0.0
2024-07-11 11:30:00-04:00,59.36000061035156,59.36000061035156,59.36000061035156,59.36000061035156,2304,0.0,0.0
2024-07-11 12:00:00-04:00,59.130001068115234,59.130001068115234,59.130001068115234,59.130001068115234,447,0.0,0.0
2024-07-11 12:15:00-04:00,59.33000183105469,59.33000183105469,59.220001220703125,59.310001373291016,1713,0.0,0.0
2024-07-11 12:30:00-04:00,59.31999969482422,59.31999969482422,59.31999969482422,59.31999969482422,218,0.0,0.0
2024-07-11 12:35:00-04:00,59.279998779296875,59.279998779296875,59.22999954223633,59.22999954223633,792,0.0,0.0
2024-07-11 12:40:00-04:00,59.18000030517578,59.18000030517578,59.18000030517578,59.18000030517578,559,0.0,0.0
2024-07-11 12:50:00-04:00,59.150001525878906,59.150001525878906,59.150001525878906,59.150001525878906,505,0.0,0.0
2024-07-11 13:10:00-04:00,59.369998931884766,59.369998931884766,59.29999923706055,59.29999923706055,922,0.0,0.0
2024-07-11 13:20:00-04:00,59.34149932861328,59.34149932861328,59.34149932861328,59.34149932861328,386,0.0,0.0
2024-07-11 13:25:00-04:00,59.34000015258789,59.34000015258789,59.34000015258789,59.34000015258789,670,0.0,0.0
2024-07-11 13:30:00-04:00,59.34000015258789,59.34000015258789,59.34000015258789,59.34000015258789,368,0.0,0.0
2024-07-11 13:35:00-04:00,59.34000015258789,59.34000015258789,59.34000015258789,59.34000015258789,3001,0.0,0.0
2024-07-11 13:55:00-04:00,59.380001068115234,59.380001068115234,59.380001068115234,59.380001068115234,104,0.0,0.0
2024-07-11 14:00:00-04:00,59.369998931884766,59.369998931884766,59.369998931884766,59.369998931884766,106,0.0,0.0
2024-07-11 14:05:00-04:00,59.349998474121094,59.349998474121094,59.349998474121094,59.349998474121094,305,0.0,0.0
2024-07-11 14:15:00-04:00,59.369998931884766,59.369998931884766,59.31999969482422,59.31999969482422,2592,0.0,0.0
2024-07-11 14:25:00-04:00,59.209999084472656,59.209999084472656,59.209999084472656,59.209999084472656,365,0.0,0.0
2024-07-11 14:30:00-04:00,59.349998474121094,59.349998474121094,59.349998474121094,59.349998474121094,488,0.0,0.0
2024-07-11 14:35:00-04:00,59.32500076293945,59.32500076293945,59.32500076293945,59.32500076293945,706,0.0,0.0
2024-07-11 14:55:00-04:00,59.36000061035156,59.36000061035156,59.36000061035156,59.36000061035156,235,0.0,0.0
2024-07-11 15:00:00-04:00,59.349998474121094,59.349998474121094,59.349998474121094,59.349998474121094,791,0.0,0.0
2024-07-11 15:10:00-04:00,59.33000183105469,59.33000183105469,59.26499938964844,59.28499984741211,1217,0.0,0.0
2024-07-11 15:15:00-04:00,59.28499984741211,59.28499984741211,59.28499984741211,59.28499984741211,1099,0.0,0.0
2024-07-11 15:30:00-04:00,59.279998779296875,59.279998779296875,59.279998779296875,59.279998779296875,753,0.0,0.0
2024-07-11 15:35:00-04:00,59.34000015258789,59.34000015258789,59.290000915527344,59.290000915527344,2379,0.0,0.0
2024-07-11 15:45:00-04:00,59.349998474121094,59.349998474121094,59.349998474121094,59.349998474121094,1885,0.0,0.0
2024-07-11 15:50:00-04:00,59.34000015258789,59.35499954223633,59.34000015258789,59.35499954223633,920,0.0,0.0
2024-07-11 15:55:00-04:00,59.33000183105469,59.33000183105469,59.25,59.2599983215332,3431,0.0,0.0
2024-07-12 09:30:00-04:00,59.650001525878906,59.650001525878906,59.650001525878906,59.650001525878906,1837,0.0,0.0
2024-07-12 09:45:00-04:00,59.599998474121094,59.689998626708984,59.54999923706055,59.61000061035156,6623,0.0,0.0
2024-07-12 09:50:00-04:00,59.3921012878418,59.599998474121094,59.380001068115234,59.380001068115234,5815,0.0,0.0
2024-07-12 09:55:00-04:00,59.540000915527344,59.540000915527344,59.529998779296875,59.529998779296875,214,0.0,0.0
2024-07-12 10:00:00-04:00,59.5,59.619998931884766,59.5,59.529998779296875,4073,0.0,0.0
2024-07-12 10:05:00-04:00,59.625,59.625,59.625,59.625,226,0.0,0.0
2024-07-12 10:10:00-04:00,59.625,59.625,59.625,59.625,560,0.0,0.0
2024-07-12 10:15:00-04:00,59.540000915527344,59.61000061035156,59.540000915527344,59.54999923706055,3445,0.0,0.0
2024-07-12 10:25:00-04:00,59.595001220703125,59.595001220703125,59.595001220703125,59.595001220703125,374,0.0,0.0
2024-07-12 10:40:00-04:00,59.5,59.58000183105469,59.5,59.58000183105469,956,0.0,0.0
2024-07-12 10:50:00-04:00,59.5,59.5,59.5,59.5,217,0.0,0.0
2024-07-12 10:55:00-04:00,59.5,59.540000915527344,59.5,59.540000915527344,560,0.0,0.0
2024-07-12 11:00:00-04:00,59.540000915527344,59.540000915527344,59.540000915527344,59.540000915527344,337,0.0,0.0
2024-07-12 11:05:00-04:00,59.5,59.5,59.5,59.5,2075,0.0,0.0
2024-07-12 12:10:00-04:00,59.209999084472656,59.209999084472656,59.189998626708984,59.189998626708984,4001,0.0,0.0
2024-07-12 12:20:00-04:00,59.25,59.25,59.20000076293945,59.20000076293945,1456,0.0,0.0
2024-07-12 12:35:00-04:00,59.380001068115234,59.380001068115234,59.380001068115234,59.380001068115234,308,0.0,0.0
2024-07-12 12:50:00-04:00,59.25,59.25,59.25,59.25,169,0.0,0.0
2024-07-12 12:55:00-04:00,59.380001068115234,59.380001068115234,59.380001068115234,59.380001068115234,253,0.0,0.0
2024-07-12 13:05:00-04:00,59.37990188598633,59.37990188598633,59.37990188598633,59.37990188598633,337,0.0,0.0
2024-07-12 13:10:00-04:00,59.310001373291016,59.310001373291016,59.310001373291016,59.310001373291016,214,0.0,0.0
2024-07-12 13:15:00-04:00,59.310001373291016,59.310001373291016,59.310001373291016,59.310001373291016,303,0.0,0.0
2024-07-12 13:30:00-04:00,59.25,59.25,59.189998626708984,59.20000076293945,10623,0.0,0.0
2024-07-12 13:40:00-04:00,59.20000076293945,59.20500183105469,59.20000076293945,59.20500183105469,6131,0.0,0.0
2024-07-12 13:55:00-04:00,59.20000076293945,59.20000076293945,59.20000076293945,59.20000076293945,1749,0.0,0.0
2024-07-12 14:35:00-04:00,59.2599983215332,59.2599983215332,59.2599983215332,59.2599983215332,398,0.0,0.0
2024-07-12 14:45:00-04:00,59.26499938964844,59.26499938964844,59.26499938964844,59.26499938964844,593,0.0,0.0
2024-07-12 14:55:00-04:00,59.290000915527344,59.290000915527344,59.22999954223633,59.22999954223633,698,0.0,0.0
2024-07-12 15:00:00-04:00,59.26499938964844,59.26499938964844,59.26499938964844,59.26499938964844,373,0.0,0.0
2024-07-12 15:10:00-04:00,59.27000045776367,59.27000045776367,59.27000045776367,59.27000045776367,1097,0.0,0.0
2024-07-12 15:15:00-04:00,59.27000045776367,59.290000915527344,59.27000045776367,59.27000045776367,530,0.0,0.0
2024-07-12 15:20:00-04:00,59.27000045776367,59.290000915527344,59.22999954223633,59.27000045776367,1484,0.0,0.0
2024-07-12 15:30:00-04:00,59.275001525878906,59.279998779296875,59.27000045776367,59.279998779296875,793,0.0,0.0
2024-07-12 15:35:00-04:00,59.23099899291992,59.27000045776367,59.23099899291992,59.27000045776367,1344,0.0,0.0
2024-07-12 15:40:00-04:00,59.2599983215332,59.310001373291016,59.2599983215332,59.290000915527344,2496,0.0,0.0
2024-07-12 15:45:00-04:00,59.310001373291016,59.40999984741211,59.30500030517578,59.30500030517578,2948,0.0,0.0
2024-07-12 15:50:00-04:00,59.30500030517578,59.380001068115234,59.29999923706055,59.380001068115234,1200,0.0,0.0
2024-07-12 15:55:00-04:00,59.25,59.31999969482422,59.20000076293945,59.20000076293945,5085,0.0,0.0
2024-07-15 09:30:00-04:00,59.29999923706055,59.29999923706055,59.29999923706055,59.29999923706055,592,0.0,0.0
2024-07-15 09:35:00-04:00,59.63999938964844,60.06999969482422,59.63999938964844,60.060001373291016,2480,0.0,0.0
2024-07-15 09:40:00-04:00,59.72999954223633,59.77000045776367,59.66999816894531,59.72999954223633,2281,0.0,0.0
2024-07-15 09:45:00-04:00,59.72999954223633,59.849998474121094,59.72999954223633,59.849998474121094,554,0.0,0.0
2024-07-15 09:50:00-04:00,59.709999084472656,59.709999084472656,59.709999084472656,59.709999084472656,418,0.0,0.0
2024-07-15 09:55:00-04:00,59.790000915527344,59.790000915527344,59.709999084472656,59.709999084472656,418,0.0,0.0
2024-07-15 10:00:00-04:00,59.709999084472656,59.709999084472656,59.709999084472656,59.709999084472656,1086,0.0,0.0
2024-07-15 10:20:00-04:00,59.83000183105469,59.83000183105469,59.66999816894531,59.724998474121094,2844,0.0,0.0
2024-07-15 10:25:00-04:00,59.65999984741211,59.65999984741211,59.63999938964844,59.63999938964844,482,0.0,0.0
2024-07-15 10:30:00-04:00,59.790000915527344,59.79999923706055,59.63999938964844,59.63999938964844,1369,0.0,0.0
2024-07-15 10:35:00-04:00,59.65999984741211,59.68000030517578,59.564998626708984,59.650001525878906,3962,0.0,0.0
2024-07-15 10:45:00-04:00,59.619998931884766,59.63999938964844,59.56999969482422,59.57500076293945,1641,0.0,0.0
2024-07-15 10:50:00-04:00,59.59000015258789,59.59000015258789,59.59000015258789,59.59000015258789,838,0.0,0.0
2024-07-15 10:55:00-04:00,59.650001525878906,59.650001525878906,59.540000915527344,59.55500030517578,6243,0.0,0.0
2024-07-15 11:00:00-04:00,59.540000915527344,59.540000915527344,59.540000915527344,59.540000915527344,1406,0.0,0.0
2024-07-15 11:05:00-04:00,59.61000061035156,59.61000061035156,59.61000061035156,59.61000061035156,495,0.0,0.0
2024-07-15 11:20:00-04:00,59.64500045776367,59.64500045776367,59.64500045776367,59.64500045776367,188,0.0,0.0
2024-07-15 11:25:00-04:00,59.630001068115234,59.630001068115234,59.630001068115234,59.630001068115234,351,0.0,0.0
2024-07-15 11:30:00-04:00,59.59000015258789,59.59000015258789,59.59000015258789,59.59000015258789,1558,0.0,0.0
2024-07-15 11:40:00-04:00,59.59000015258789,59.599998474121094,59.470001220703125,59.470001220703125,2213,0.0,0.0
2024-07-15 11:45:00-04:00,59.439998626708984,59.439998626708984,59.439998626708984,59.439998626708984,207,0.0,0.0
2024-07-15 11:50:00-04:00,59.439998626708984,59.439998626708984,59.439998626708984,59.439998626708984,1626,0.0,0.0
2024-07-15 12:40:00-04:00,59.400001525878906,59.400001525878906,59.380001068115234,59.380001068115234,1925,0.0,0.0
2024-07-15 12:45:00-04:00,59.380001068115234,59.380001068115234,59.380001068115234,59.380001068115234,666,0.0,0.0
2024-07-15 13:00:00-04:00,59.381099700927734,59.381099700927734,59.381099700927734,59.381099700927734,1387,0.0,0.0
2024-07-15 13:35:00-04:00,59.4900016784668,59.4900016784668,59.45000076293945,59.4900016784668,472,0.0,0.0
2024-07-15 13:40:00-04:00,59.5,59.5,59.5,59.5,1700,0.0,0.0
2024-07-15 14:15:00-04:00,59.52989959716797,59.540000915527344,59.45000076293945,59.45000076293945,15095,0.0,0.0
2024-07-15 14:20:00-04:00,59.369998931884766,59.38999938964844,59.349998474121094,59.369998931884766,4871,0.0,0.0
2024-07-15 14:35:00-04:00,59.459999084472656,59.46099853515625,59.43000030517578,59.459999084472656,1532,0.0,0.0
2024-07-15 14:40:00-04:00,59.404998779296875,59.404998779296875,59.404998779296875,59.404998779296875,815,0.0,0.0
2024-07-15 14:55:00-04:00,59.439998626708984,59.439998626708984,59.439998626708984,59.439998626708984,1693,0.0,0.0
2024-07-15 15:20:00-04:00,59.52000045776367,59.540000915527344,59.52000045776367,59.53499984741211,1324,0.0,0.0
2024-07-15 15:25:00-04:00,59.52690124511719,59.540000915527344,59.52690124511719,59.540000915527344,620,0.0,0.0
2024-07-15 15:30:00-04:00,59.540000915527344,59.540000915527344,59.4900016784668,59.4900016784668,3064,0.0,0.0
2024-07-15 15:40:00-04:00,59.45000076293945,59.45000076293945,59.41749954223633,59.45000076293945,1546,0.0,0.0
2024-07-15 15:45:00-04:00,59.380001068115234,59.41999816894531,59.380001068115234,59.41999816894531,12436,0.0,0.0
2024-07-15 15:50:00-04:00,59.41999816894531,59.41999816894531,59.380001068115234,59.40999984741211,4875,0.0,0.0
2024-07-15 15:55:00-04:00,59.41749954223633,59.439998626708984,59.3650016784668,59.38999938964844,6817,0.0,0.0
2024-07-16 09:30:00-04:00,59.529998779296875,59.529998779296875,59.529998779296875,59.529998779296875,819,0.0,0.0
2024-07-16 09:35:00-04:00,59.56999969482422,59.56999969482422,59.56999969482422,59.56999969482422,2141,0.0,0.0
2024-07-16 09:40:00-04:00,59.5099983215332,59.56999969482422,59.5099983215332,59.56999969482422,3583,0.0,0.0
2024-07-16 09:45:00-04:00,59.56999969482422,59.56999969482422,59.56999969482422,59.56999969482422,5242,0.0,0.0
2024-07-16 09:50:00-04:00,59.5625,59.775001525878906,59.5625,59.650001525878906,8689,0.0,0.0
2024-07-16 10:00:00-04:00,59.6150016784668,59.6150016784668,59.6150016784668,59.6150016784668,377,0.0,0.0
2024-07-16 10:10:00-04:00,59.560001373291016,59.560001373291016,59.560001373291016,59.560001373291016,985,0.0,0.0
2024-07-16 10:15:00-04:00,59.43000030517578,59.43000030517578,59.400001525878906,59.400001525878906,826,0.0,0.0
2024-07-16 10:20:00-04:00,59.400001525878906,59.540000915527344,59.400001525878906,59.400001525878906,951,0.0,0.0
2024-07-16 10:25:00-04:00,59.400001525878906,59.540000915527344,59.38999938964844,59.435001373291016,2421,0.0,0.0
2024-07-16 10:30:00-04:00,59.48500061035156,59.48500061035156,59.48500061035156,59.48500061035156,216,0.0,0.0
2024-07-16 10:35:00-04:00,59.4900016784668,59.5,59.4900016784668,59.5,1364,0.0,0.0
2024-07-16 11:05:00-04:00,59.65999984741211,59.68000030517578,59.650001525878906,59.65999984741211,1656,0.0,0.0
2024-07-16 11:10:00-04:00,59.65999984741211,59.68000030517578,59.65999984741211,59.67900085449219,1488,0.0,0.0
2024-07-16 11:15:00-04:00,59.630001068115234,59.630001068115234,59.630001068115234,59.630001068115234,563,0.0,0.0
2024-07-16 11:40:00-04:00,59.6150016784668,59.6150016784668,59.6150016784668,59.6150016784668,1005,0.0,0.0
2024-07-16 11:55:00-04:00,59.560001373291016,59.560001373291016,59.560001373291016,59.560001373291016,106,0.0,0.0
2024-07-16 12:05:00-04:00,59.599998474121094,59.599998474121094,59.56999969482422,59.56999969482422,1218,0.0,0.0
2024-07-16 12:15:00-04:00,59.599998474121094,59.599998474121094,59.599998474121094,59.599998474121094,913,0.0,0.0
2024-07-16 12:25:00-04:00,59.58000183105469,59.58000183105469,59.56999969482422,59.56999969482422,848,0.0,0.0
2024-07-16 12:30:00-04:00,59.599998474121094,59.599998474121094,59.54999923706055,59.54999923706055,936,0.0,0.0
2024-07-16 12:45:00-04:00,59.54999923706055,59.54999923706055,59.54999923706055,59.54999923706055,376,0.0,0.0
2024-07-16 13:00:00-04:00,59.599998474121094,59.599998474121094,59.599998474121094,59.599998474121094,373,0.0,0.0
2024-07-16 13:05:00-04:00,59.560001373291016,59.560001373291016,59.54999923706055,59.54999923706055,766,0.0,0.0
2024-07-16 13:15:00-04:00,59.54999923706055,59.54999923706055,59.54999923706055,59.54999923706055,449,0.0,0.0
2024-07-16 13:25:00-04:00,59.54999923706055,59.54999923706055,59.54999923706055,59.54999923706055,541,0.0,0.0
2024-07-16 13:40:00-04:00,59.56999969482422,59.599998474121094,59.54999923706055,59.54999923706055,2851,0.0,0.0
2024-07-16 13:45:00-04:00,59.595001220703125,59.595001220703125,59.540000915527344,59.540000915527344,697,0.0,0.0
2024-07-16 13:50:00-04:00,59.54999923706055,59.54999923706055,59.54999923706055,59.54999923706055,305,0.0,0.0
2024-07-16 13:55:00-04:00,59.54999923706055,59.54999923706055,59.54999923706055,59.54999923706055,4751,0.0,0.0
2024-07-16 14:00:00-04:00,59.52000045776367,59.54999923706055,59.52000045776367,59.52000045776367,6812,0.0,0.0
2024-07-16 14:05:00-04:00,59.529998779296875,59.555198669433594,59.5,59.53010177612305,12060,0.0,0.0
2024-07-16 14:15:00-04:00,59.52000045776367,59.52000045776367,59.52000045776367,59.52000045776367,1217,0.0,0.0
2024-07-16 14:40:00-04:00,59.529998779296875,59.529998779296875,59.529998779296875,59.529998779296875,452,0.0,0.0
2024-07-16 14:45:00-04:00,59.52000045776367,59.52000045776367,59.52000045776367,59.52000045776367,745,0.0,0.0
2024-07-16 14:55:00-04:00,59.52750015258789,59.52750015258789,59.52000045776367,59.52000045776367,786,0.0,0.0
2024-07-16 15:05:00-04:00,59.54999923706055,59.54999923706055,59.54999923706055,59.54999923706055,946,0.0,0.0
2024-07-16 15:10:00-04:00,59.52000045776367,59.52000045776367,59.52000045776367,59.52000045776367,954,0.0,0.0
2024-07-16 15:15:00-04:00,59.54999923706055,59.54999923706055,59.52000045776367,59.52000045776367,1764,0.0,0.0
2024-07-16 15:20:00-04:00,59.5099983215332,59.5099983215332,59.5099983215332,59.5099983215332,1761,0.0,0.0
2024-07-16 15:25:00-04:00,59.5099983215332,59.5099983215332,59.5099983215332,59.5099983215332,1005,0.0,0.0
2024-07-16 15:35:00-04:00,59.5099983215332,59.5099983215332,59.5099983215332,59.5099983215332,743,0.0,0.0
2024-07-16 15:45:00-04:00,59.5099983215332,59.5099983215332,59.4900016784668,59.5,2627,0.0,0.0
2024-07-16 15:50:00-04:00,59.4900016784668,59.529998779296875,59.4900016784668,59.529998779296875,3672,0.0,0.0
2024-07-16 15:55:00-04:00,59.5099983215332,59.52000045776367,59.4900016784668,59.4900016784668,10115,0.0,0.0
2024-07-17 09:45:00-04:00,59.54499816894531,59.54499816894531,59.54499816894531,59.54499816894531,1742,0.0,0.0
2024-07-17 09:50:00-04:00,59.540000915527344,59.540000915527344,59.45000076293945,59.45000076293945,2070,0.0,0.0
2024-07-17 09:55:00-04:00,59.45000076293945,59.45000076293945,59.45000076293945,59.45000076293945,107,0.0,0.0
2024-07-17 10:00:00-04:00,59.459999084472656,59.459999084472656,59.2599983215332,59.2599983215332,21752,0.0,0.0
2024-07-17 10:05:00-04:00,59.38999938964844,59.38999938964844,59.38999938964844,59.38999938964844,186,0.0,0.0
2024-07-17 10:15:00-04:00,59.52000045776367,59.599998474121094,59.52000045776367,59.599998474121094,433,0.0,0.0
2024-07-17 10:20:00-04:00,59.599998474121094,59.599998474121094,59.599998474121094,59.599998474121094,447,0.0,0.0
2024-07-17 10:25:00-04:00,59.459999084472656,59.494998931884766,59.459999084472656,59.494998931884766,234,0.0,0.0
2024-07-17 10:30:00-04:00,59.470001220703125,59.470001220703125,59.470001220703125,59.470001220703125,528,0.0,0.0
2024-07-17 10:45:00-04:00,59.380001068115234,59.380001068115234,59.34000015258789,59.34000015258789,400,0.0,0.0
2024-07-17 10:55:00-04:00,59.42499923706055,59.42499923706055,59.42499923706055,59.42499923706055,983,0.0,0.0
2024-07-17 11:15:00-04:00,59.52000045776367,59.54999923706055,59.41999816894531,59.54999923706055,1207,0.0,0.0
2024-07-17 11:20:00-04:00,59.54999923706055,59.54999923706055,59.5099983215332,59.5099983215332,1443,0.0,0.0
2024-07-17 11:30:00-04:00,59.43000030517578,59.43000030517578,59.43000030517578,59.43000030517578,231,0.0,0.0
2024-07-17 11:35:00-04:00,59.540000915527344,59.540000915527344,59.5099983215332,59.540000915527344,2081,0.0,0.0
2024-07-17 11:40:00-04:00,59.5,59.5,59.5,59.5,2153,0.0,0.0
2024-07-17 11:45:00-04:00,59.52000045776367,59.52000045776367,59.5,59.5099983215332,1387,0.0,0.0
2024-07-17 11:50:00-04:00,59.4900016784668,59.4900016784668,59.4900016784668,59.4900016784668,885,0.0,0.0
2024-07-17 11:55:00-04:00,59.470001220703125,59.470001220703125,59.470001220703125,59.470001220703125,387,0.0,0.0
2024-07-17 12:00:00-04:00,59.470001220703125,59.5099983215332,59.470001220703125,59.470001220703125,1561,0.0,0.0
2024-07-17 12:20:00-04:00,59.470001220703125,59.470001220703125,59.470001220703125,59.470001220703125,892,0.0,0.0
2024-07-17 12:35:00-04:00,59.5,59.5,59.474998474121094,59.474998474121094,1263,0.0,0.0
2024-07-17 12:55:00-04:00,59.47999954223633,59.47999954223633,59.47999954223633,59.47999954223633,526,0.0,0.0
2024-07-17 13:00:00-04:00,59.400001525878906,59.400001525878906,59.400001525878906,59.400001525878906,508,0.0,0.0
2024-07-17 13:25:00-04:00,59.439998626708984,59.439998626708984,59.439998626708984,59.439998626708984,796,0.0,0.0
2024-07-17 13:50:00-04:00,59.439998626708984,59.439998626708984,59.439998626708984,59.439998626708984,445,0.0,0.0
2024-07-17 13:55:00-04:00,59.4900016784668,59.4900016784668,59.4900016784668,59.4900016784668,660,0.0,0.0
2024-07-17 14:05:00-04:00,59.5,59.5,59.5,59.5,508,0.0,0.0
2024-07-17 14:20:00-04:00,59.505001068115234,59.505001068115234,59.41999816894531,59.41999816894531,415,0.0,0.0
2024-07-17 14:30:00-04:00,59.46910095214844,59.46910095214844,59.46910095214844,59.46910095214844,467,0.0,0.0
2024-07-17 14:40:00-04:00,59.470001220703125,59.470001220703125,59.470001220703125,59.470001220703125,426,0.0,0.0
2024-07-17 14:45:00-04:00,59.439998626708984,59.439998626708984,59.439998626708984,59.439998626708984,207,0.0,0.0
2024-07-17 14:50:00-04:00,59.45989990234375,59.540000915527344,59.44499969482422,59.540000915527344,8972,0.0,0.0
2024-07-17 14:55:00-04:00,59.45000076293945,59.492698669433594,59.45000076293945,59.48500061035156,4701,0.0,0.0
2024-07-17 15:15:00-04:00,59.470001220703125,59.470001220703125,59.459999084472656,59.459999084472656,870,0.0,0.0
2024-07-17 15:20:00-04:00,59.4900016784668,59.4900016784668,59.4900016784668,59.4900016784668,955,0.0,0.0
2024-07-17 15:30:00-04:00,59.5,59.5,59.44150161743164,59.470001220703125,7132,0.0,0.0
2024-07-17 15:35:00-04:00,59.459999084472656,59.459999084472656,59.459999084472656,59.459999084472656,908,0.0,0.0
2024-07-17 15:45:00-04:00,59.4900016784668,59.4900016784668,59.47999954223633,59.47999954223633,4245,0.0,0.0
2024-07-17 15:50:00-04:00,59.459999084472656,59.5,59.43450164794922,59.5,18136,0.0,0.0
2024-07-17 15:55:00-04:00,59.439998626708984,59.5,59.439998626708984,59.5,3410,0.0,0.0
2024-07-18 09:30:00-04:00,59.36000061035156,59.36000061035156,59.36000061035156,59.36000061035156,1997,0.0,0.0
2024-07-18 10:00:00-04:00,59.52000045776367,59.52000045776367,59.52000045776367,59.52000045776367,556,0.0,0.0
2024-07-18 10:05:00-04:00,59.5,59.5,59.5,59.5,342,0.0,0.0
2024-07-18 10:10:00-04:00,59.459999084472656,59.459999084472656,59.459999084472656,59.459999084472656,204,0.0,0.0
2024-07-18 10:15:00-04:00,59.5,59.5,59.459999084472656,59.494998931884766,4376,0.0,0.0
2024-07-18 10:30:00-04:00,59.5,59.5,59.5,59.5,1366,0.0,0.0
2024-07-18 10:40:00-04:00,59.45000076293945,59.45000076293945,59.45000076293945,59.45000076293945,994,0.0,0.0
2024-07-18 11:00:00-04:00,59.5,59.5,59.5,59.5,410,0.0,0.0
2024-07-18 11:05:00-04:00,59.47999954223633,59.47999954223633,59.47999954223633,59.47999954223633,187,0.0,0.0
2024-07-18 11:15:00-04:00,59.5,59.5,59.5,59.5,209,0.0,0.0
2024-07-18 11:30:00-04:00,59.47520065307617,59.47520065307617,59.47520065307617,59.47520065307617,1408,0.0,0.0
2024-07-18 11:40:00-04:00,59.5,59.5,59.4900016784668,59.4900016784668,522,0.0,0.0
2024-07-18 11:45:00-04:00,59.459999084472656,59.459999084472656,59.459999084472656,59.459999084472656,778,0.0,0.0
2024-07-18 12:05:00-04:00,59.459999084472656,59.474998474121094,59.459999084472656,59.474998474121094,638,0.0,0.0
2024-07-18 12:10:00-04:00,59.470001220703125,59.470001220703125,59.459999084472656,59.459999084472656,1204,0.0,0.0
2024-07-18 12:25:00-04:00,59.45000076293945,59.45000076293945,59.45000076293945,59.45000076293945,3049,0.0,0.0
2024-07-18 12:40:00-04:00,59.45000076293945,59.45000076293945,59.45000076293945,59.45000076293945,301,0.0,0.0
2024-07-18 12:45:00-04:00,59.45560073852539,59.45560073852539,59.45560073852539,59.45560073852539,1453,0.0,0.0
2024-07-18 13:30:00-04:00,59.46770095825195,59.494998931884766,59.45000076293945,59.45000076293945,14592,0.0,0.0
2024-07-18 13:40:00-04:00,59.47999954223633,59.47999954223633,59.47999954223633,59.47999954223633,155,0.0,0.0
2024-07-18 13:45:00-04:00,59.47999954223633,59.47999954223633,59.45000076293945,59.46900177001953,3436,0.0,0.0
2024-07-18 13:50:00-04:00,59.459999084472656,59.459999084472656,59.447601318359375,59.45000076293945,5135,0.0,0.0
2024-07-18 14:05:00-04:00,59.45000076293945,59.45000076293945,59.45000076293945,59.45000076293945,1800,0.0,0.0
2024-07-18 14:35:00-04:00,59.43000030517578,59.43000030517578,59.400001525878906,59.400001525878906,1743,0.0,0.0
2024-07-18 14:55:00-04:00,59.444698333740234,59.444698333740234,59.444698333740234,59.444698333740234,337,0.0,0.0
2024-07-18 15:00:00-04:00,59.45000076293945,59.45000076293945,59.42499923706055,59.42499923706055,1495,0.0,0.0
2024-07-18 15:05:00-04:00,59.42499923706055,59.44990158081055,59.41999816894531,59.41999816894531,1012,0.0,0.0
2024-07-18 15:10:00-04:00,59.380001068115234,59.380001068115234,59.380001068115234,59.380001068115234,379,0.0,0.0
2024-07-18 15:15:00-04:00,59.39500045776367,59.470001220703125,59.39500045776367,59.470001220703125,1423,0.0,0.0
2024-07-18 15:20:00-04:00,59.43000030517578,59.43000030517578,59.43000030517578,59.43000030517578,318,0.0,0.0
2024-07-18 15:25:00-04:00,59.46369934082031,59.46369934082031,59.43000030517578,59.43000030517578,1626,0.0,0.0
2024-07-18 15:30:00-04:00,59.415000915527344,59.415000915527344,59.415000915527344,59.415000915527344,358,0.0,0.0
2024-07-18 15:35:00-04:00,59.40999984741211,59.43000030517578,59.404998779296875,59.43000030517578,1776,0.0,0.0
2024-07-18 15:40:00-04:00,59.43000030517578,59.43000030517578,59.400001525878906,59.400001525878906,1580,0.0,0.0
2024-07-18 15:45:00-04:00,59.38999938964844,59.45000076293945,59.380001068115234,59.45000076293945,2366,0.0,0.0
2024-07-18 15:50:00-04:00,59.43000030517578,59.439998626708984,59.36399841308594,59.39500045776367,2650,0.0,0.0
2024-07-18 15:55:00-04:00,59.369998931884766,59.43000030517578,59.369998931884766,59.43000030517578,4045,0.0,0.0
2024-07-19 09:30:00-04:00,59.369998931884766,59.529998779296875,59.369998931884766,59.529998779296875,2474,0.0,0.0
2024-07-19 09:40:00-04:00,59.349998474121094,59.349998474121094,59.33000183105469,59.33000183105469,1418,0.0,0.0
2024-07-19 09:45:00-04:00,59.505001068115234,59.505001068115234,59.349998474121094,59.349998474121094,700,0.0,0.0
2024-07-19 09:50:00-04:00,59.33000183105469,59.380001068115234,59.220001220703125,59.310001373291016,3188,0.0,0.0
2024-07-19 09:55:00-04:00,59.310001373291016,59.32500076293945,59.310001373291016,59.32500076293945,724,0.0,0.0
2024-07-19 10:00:00-04:00,59.32500076293945,59.345001220703125,59.32500076293945,59.345001220703125,1556,0.0,0.0
2024-07-19 10:15:00-04:00,59.345001220703125,59.35499954223633,59.345001220703125,59.35499954223633,1312,0.0,0.0
2024-07-19 10:20:00-04:00,59.36000061035156,59.43000030517578,59.33000183105469,59.33000183105469,641,0.0,0.0
2024-07-19 10:25:00-04:00,59.35499954223633,59.38999938964844,59.255001068115234,59.30500030517578,4396,0.0,0.0
2024-07-19 10:35:00-04:00,59.290000915527344,59.290000915527344,59.290000915527344,59.290000915527344,368,0.0,0.0
2024-07-19 10:55:00-04:00,59.2400016784668,59.2400016784668,59.2400016784668,59.2400016784668,609,0.0,0.0
2024-07-19 11:10:00-04:00,59.290000915527344,59.290000915527344,59.25,59.25,648,0.0,0.0
2024-07-19 11:25:00-04:00,59.27000045776367,59.27000045776367,59.27000045776367,59.27000045776367,361,0.0,0.0
2024-07-19 11:30:00-04:00,59.2599983215332,59.310001373291016,59.2599983215332,59.30500030517578,899,0.0,0.0
2024-07-19 12:05:00-04:00,59.34000015258789,59.34000015258789,59.34000015258789,59.34000015258789,351,0.0,0.0
2024-07-19 12:10:00-04:00,59.33000183105469,59.33000183105469,59.33000183105469,59.33000183105469,266,0.0,0.0
2024-07-19 12:15:00-04:00,59.41999816894531,59.41999816894531,59.41999816894531,59.41999816894531,539,0.0,0.0
2024-07-19 12:30:00-04:00,59.36000061035156,59.36000061035156,59.36000061035156,59.36000061035156,346,0.0,0.0
2024-07-19 12:35:00-04:00,59.31999969482422,59.35499954223633,59.31999969482422,59.35499954223633,1395,0.0,0.0
2024-07-19 13:10:00-04:00,59.380001068115234,59.380001068115234,59.380001068115234,59.380001068115234,244,0.0,0.0
2024-07-19 13:15:00-04:00,59.345001220703125,59.345001220703125,59.342498779296875,59.342498779296875,801,0.0,0.0
2024-07-19 13:35:00-04:00,59.36000061035156,59.36000061035156,59.36000061035156,59.36000061035156,905,0.0,0.0
2024-07-19 14:00:00-04:00,59.31999969482422,59.31999969482422,59.31999969482422,59.31999969482422,209,0.0,0.0
2024-07-19 14:10:00-04:00,59.31999969482422,59.31999969482422,59.31999969482422,59.31999969482422,606,0.0,0.0
2024-07-19 14:30:00-04:00,59.34000015258789,59.34000015258789,59.34000015258789,59.34000015258789,1159,0.0,0.0
2024-07-19 15:10:00-04:00,59.369998931884766,59.369998931884766,59.369998931884766,59.369998931884766,411,0.0,0.0
2024-07-19 15:25:00-04:00,59.334999084472656,59.380001068115234,59.334999084472656,59.380001068115234,502,0.0,0.0
2024-07-19 15:35:00-04:00,59.31999969482422,59.31999969482422,59.31999969482422,59.31999969482422,275,0.0,0.0
2024-07-19 15:40:00-04:00,59.29999923706055,59.349998474121094,59.290000915527344,59.310001373291016,1838,0.0,0.0
2024-07-19 15:45:00-04:00,59.314998626708984,59.314998626708984,59.27000045776367,59.27000045776367,1359,0.0,0.0
2024-07-19 15:50:00-04:00,59.255001068115234,59.255001068115234,59.244998931884766,59.244998931884766,877,0.0,0.0
2024-07-19 15:55:00-04:00,59.189998626708984,59.29999923706055,59.189998626708984,59.29600143432617,2254,0.0,0.0
2024-07-22 09:40:00-04:00,59.63999938964844,59.63999938964844,59.63999938964844,59.63999938964844,1457,0.0,0.0
2024-07-22 09:50:00-04:00,59.45000076293945,59.45000076293945,59.310001373291016,59.31999969482422,417,0.0,0.0
2024-07-22 10:00:00-04:00,59.400001525878906,59.400001525878906,59.31999969482422,59.400001525878906,406,0.0,0.0
2024-07-22 10:05:00-04:00,59.38999938964844,59.400001525878906,59.31999969482422,59.31999969482422,807,0.0,0.0
2024-07-22 10:10:00-04:00,59.38999938964844,59.38999938964844,59.38999938964844,59.38999938964844,225,0.0,0.0
2024-07-22 10:15:00-04:00,59.31999969482422,59.380001068115234,59.31999969482422,59.380001068115234,670,0.0,0.0
2024-07-22 10:20:00-04:00,59.26499938964844,59.369998931884766,59.26499938964844,59.369998931884766,908,0.0,0.0
2024-07-22 10:25:00-04:00,59.29999923706055,59.310001373291016,59.27840042114258,59.27840042114258,459,0.0,0.0
2024-07-22 10:30:00-04:00,59.349998474121094,59.349998474121094,59.26499938964844,59.26499938964844,532,0.0,0.0
2024-07-22 10:35:00-04:00,59.369998931884766,59.369998931884766,59.36000061035156,59.36000061035156,789,0.0,0.0
2024-07-22 10:40:00-04:00,59.36000061035156,59.369998931884766,59.36000061035156,59.369998931884766,601,0.0,0.0
2024-07-22 10:45:00-04:00,59.29999923706055,59.29999923706055,59.29999923706055,59.29999923706055,927,0.0,0.0
2024-07-22 10:55:00-04:00,59.369998931884766,59.38999938964844,59.369998931884766,59.380001068115234,1575,0.0,0.0
2024-07-22 11:10:00-04:00,59.369998931884766,59.4900016784668,59.369998931884766,59.4900016784668,1149,0.0,0.0
2024-07-22 11:15:00-04:00,59.41999816894531,59.41999816894531,59.41999816894531,59.41999816894531,526,0.0,0.0
2024-07-22 11:20:00-04:00,59.380001068115234,59.38999938964844,59.380001068115234,59.38999938964844,565,0.0,0.0
2024-07-22 11:30:00-04:00,59.41999816894531,59.41999816894531,59.3849983215332,59.3849983215332,708,0.0,0.0
2024-07-22 11:40:00-04:00,59.4900016784668,59.4900016784668,59.369998931884766,59.369998931884766,744,0.0,0.0
2024-07-22 11:45:00-04:00,59.42499923706055,59.4900016784668,59.369998931884766,59.43000030517578,2970,0.0,0.0
2024-07-22 11:50:00-04:00,59.4900016784668,59.4900016784668,59.4900016784668,59.4900016784668,383,0.0,0.0
2024-07-22 11:55:00-04:00,59.4900016784668,59.4900016784668,59.369998931884766,59.4900016784668,524,0.0,0.0
2024-07-22 12:00:00-04:00,59.4900016784668,59.4900016784668,59.369998931884766,59.41999816894531,2037,0.0,0.0
2024-07-22 12:15:00-04:00,59.400001525878906,59.400001525878906,59.400001525878906,59.400001525878906,112,0.0,0.0
2024-07-22 12:20:00-04:00,59.400001525878906,59.400001525878906,59.400001525878906,59.400001525878906,1118,0.0,0.0
2024-07-22 12:40:00-04:00,59.29999923706055,59.29999923706055,59.29999923706055,59.29999923706055,397,0.0,0.0
2024-07-22 12:45:00-04:00,59.349998474121094,59.349998474121094,59.349998474121094,59.349998474121094,226,0.0,0.0
2024-07-22 12:50:00-04:00,59.36000061035156,59.36000061035156,59.36000061035156,59.36000061035156,316,0.0,0.0
2024-07-22 12:55:00-04:00,59.369998931884766,59.369998931884766,59.369998931884766,59.369998931884766,302,0.0,0.0
2024-07-22 13:00:00-04:00,59.310001373291016,59.310001373291016,59.29999923706055,59.29999923706055,3734,0.0,0.0
2024-07-22 13:55:00-04:00,59.369998931884766,59.369998931884766,59.36000061035156,59.36000061035156,633,0.0,0.0
2024-07-22 14:00:00-04:00,59.349998474121094,59.349998474121094,59.349998474121094,59.349998474121094,1028,0.0,0.0
2024-07-22 14:05:00-04:00,59.31999969482422,59.31999969482422,59.30500030517578,59.310001373291016,4756,0.0,0.0
2024-07-22 14:30:00-04:00,59.369998931884766,59.369998931884766,59.369998931884766,59.369998931884766,806,0.0,0.0
2024-07-22 14:35:00-04:00,59.369998931884766,59.369998931884766,59.369998931884766,59.369998931884766,1304,0.0,0.0
2024-07-22 14:40:00-04:00,59.369998931884766,59.369998931884766,59.369998931884766,59.369998931884766,2934,0.0,0.0
2024-07-22 14:45:00-04:00,59.47999954223633,59.47999954223633,59.470001220703125,59.470001220703125,539,0.0,0.0
2024-07-22 14:50:00-04:00,59.5,59.5,59.47999954223633,59.5,1772,0.0,0.0
2024-07-22 14:55:00-04:00,59.4900016784668,59.4900016784668,59.4900016784668,59.4900016784668,415,0.0,0.0
2024-07-22 15:00:00-04:00,59.5,59.5,59.47999954223633,59.4900016784668,1400,0.0,0.0
2024-07-22 15:05:00-04:00,59.5,59.5,59.45000076293945,59.45000076293945,9168,0.0,0.0
2024-07-22 15:10:00-04:00,59.494998931884766,59.5,59.494998931884766,59.5,7102,0.0,0.0
2024-07-22 15:15:00-04:00,59.5,59.5,59.5,59.5,405,0.0,0.0
2024-07-22 15:20:00-04:00,59.5,59.5,59.5,59.5,3922,0.0,0.0
2024-07-22 15:25:00-04:00,59.5,59.5,59.4900016784668,59.4900016784668,4739,0.0,0.0
2024-07-22 15:30:00-04:00,59.5,59.5,59.470001220703125,59.470001220703125,893,0.0,0.0
2024-07-22 15:35:00-04:00,59.5,59.5,59.48099899291992,59.48099899291992,2462,0.0,0.0
2024-07-22 15:45:00-04:00,59.5,59.5,59.310001373291016,59.361000061035156,11411,0.0,0.0
2024-07-22 15:50:00-04:00,59.43000030517578,59.43000030517578,59.43000030517578,59.43000030517578,1380,0.0,0.0
2024-07-22 15:55:00-04:00,59.46500015258789,59.46500015258789,59.380001068115234,59.400001525878906,5377,0.0,0.0
2024-07-23 09:30:00-04:00,59.279998779296875,59.279998779296875,59.279998779296875,59.279998779296875,748,0.0,0.0
2024-07-23 09:35:00-04:00,59.349998474121094,59.349998474121094,59.349998474121094,59.349998474121094,1460,0.0,0.0
2024-07-23 09:40:00-04:00,59.400001525878906,59.45000076293945,59.369998931884766,59.45000076293945,10530,0.0,0.0
2024-07-23 09:45:00-04:00,59.45000076293945,59.47999954223633,59.45000076293945,59.47999954223633,3133,0.0,0.0
2024-07-23 09:50:00-04:00,59.45000076293945,59.45000076293945,59.45000076293945,59.45000076293945,3134,0.0,0.0
2024-07-23 09:55:00-04:00,59.45000076293945,59.45000076293945,59.45000076293945,59.45000076293945,5471,0.0,0.0
2024-07-23 10:00:00-04:00,59.470001220703125,59.5,59.45000076293945,59.5,3047,0.0,0.0
2024-07-23 10:05:00-04:00,59.5,59.5,59.5,59.5,3623,0.0,0.0
2024-07-23 10:10:00-04:00,59.5,59.5,59.5,59.5,1447,0.0,0.0
2024-07-23 10:15:00-04:00,59.5,59.54999923706055,59.5,59.54999923706055,1894,0.0,0.0
2024-07-23 10:25:00-04:00,59.5,59.54999923706055,59.5,59.54999923706055,759,0.0,0.0
2024-07-23 10:30:00-04:00,59.54999923706055,59.54999923706055,59.52000045776367,59.52989959716797,1004,0.0,0.0
2024-07-23 10:35:00-04:00,59.54999923706055,59.54999923706055,59.54999923706055,59.54999923706055,1015,0.0,0.0
2024-07-23 10:45:00-04:00,59.4900016784668,59.4900016784668,59.4900016784668,59.4900016784668,408,0.0,0.0
2024-07-23 10:50:00-04:00,59.43000030517578,59.459999084472656,59.375,59.375,938,0.0,0.0
2024-07-23 10:55:00-04:00,59.439998626708984,59.45000076293945,59.439998626708984,59.45000076293945,920,0.0,0.0
2024-07-23 11:00:00-04:00,59.45000076293945,59.45000076293945,59.45000076293945,59.45000076293945,288,0.0,0.0
2024-07-23 11:05:00-04:00,59.459999084472656,59.459999084472656,59.459999084472656,59.459999084472656,264,0.0,0.0
2024-07-23 11:10:00-04:00,59.45000076293945,59.459999084472656,59.45000076293945,59.45000076293945,1130,0.0,0.0
2024-07-23 11:15:00-04:00,59.369998931884766,59.369998931884766,59.369998931884766,59.369998931884766,864,0.0,0.0
2024-07-23 11:40:00-04:00,59.5,59.5,59.5,59.5,2962,0.0,0.0
2024-07-23 11:45:00-04:00,59.470001220703125,59.470001220703125,59.470001220703125,59.470001220703125,1481,0.0,0.0
2024-07-23 12:20:00-04:00,59.470001220703125,59.470001220703125,59.470001220703125,59.470001220703125,826,0.0,0.0
2024-07-23 12:55:00-04:00,59.41999816894531,59.41999816894531,59.41999816894531,59.41999816894531,1011,0.0,0.0
2024-07-23 13:05:00-04:00,59.5,59.5,59.5,59.5,405,0.0,0.0
2024-07-23 13:10:00-04:00,59.5,59.5,59.5,59.5,402,0.0,0.0
2024-07-23 13:15:00-04:00,59.470001220703125,59.470001220703125,59.470001220703125,59.470001220703125,818,0.0,0.0
2024-07-23 13:25:00-04:00,59.470001220703125,59.470001220703125,59.45500183105469,59.45500183105469,2447,0.0,0.0
2024-07-23 13:55:00-04:00,59.459999084472656,59.47999954223633,59.459999084472656,59.47999954223633,551,0.0,0.0
2024-07-23 14:05:00-04:00,59.474998474121094,59.4900016784668,59.474998474121094,59.47999954223633,1116,0.0,0.0
2024-07-23 14:10:00-04:00,59.459999084472656,59.459999084472656,59.45000076293945,59.45000076293945,1732,0.0,0.0
2024-07-23 14:45:00-04:00,59.45000076293945,59.45000076293945,59.45000076293945,59.45000076293945,258,0.0,0.0
2024-07-23 14:50:00-04:00,59.45000076293945,59.45000076293945,59.439998626708984,59.439998626708984,567,0.0,0.0
2024-07-23 14:55:00-04:00,59.46500015258789,59.470001220703125,59.46500015258789,59.470001220703125,747,0.0,0.0
2024-07-23 15:00:00-04:00,59.45000076293945,59.45500183105469,59.45000076293945,59.45500183105469,640,0.0,0.0
2024-07-23 15:05:00-04:00,59.470001220703125,59.470001220703125,59.45000076293945,59.45000076293945,1205,0.0,0.0
2024-07-23 15:10:00-04:00,59.45000076293945,59.470001220703125,59.45000076293945,59.470001220703125,977,0.0,0.0
2024-07-23 15:15:00-04:00,59.459999084472656,59.459999084472656,59.459999084472656,59.459999084472656,610,0.0,0.0
2024-07-23 15:20:00-04:00,59.470001220703125,59.470001220703125,59.470001220703125,59.470001220703125,303,0.0,0.0
2024-07-23 15:25:00-04:00,59.45000076293945,59.459999084472656,59.41999816894531,59.41999816894531,1618,0.0,0.0
2024-07-23 15:30:00-04:00,59.45000076293945,59.474998474121094,59.45000076293945,59.474998474121094,1414,0.0,0.0
2024-07-23 15:35:00-04:00,59.459999084472656,59.470001220703125,59.459999084472656,59.46500015258789,2036,0.0,0.0
2024-07-23 15:40:00-04:00,59.459999084472656,59.459999084472656,59.44499969482422,59.459999084472656,4856,0.0,0.0
2024-07-23 15:45:00-04:00,59.5,59.5,59.5,59.5,1195,0.0,0.0
2024-07-23 15:50:00-04:00,59.48500061035156,59.5,59.47999954223633,59.47999954223633,6408,0.0,0.0
2024-07-23 15:55:00-04:00,59.5,59.5,59.459999084472656,59.5,13719,0.0,0.0
2024-07-24 09:30:00-04:00,59.61000061035156,59.61000061035156,59.61000061035156,59.61000061035156,748,0.0,0.0
2024-07-24 09:35:00-04:00,59.5,59.5,59.5,59.5,690,0.0,0.0
2024-07-24 09:40:00-04:00,59.5,59.5,59.5,59.5,920,0.0,0.0
2024-07-24 09:45:00-04:00,59.5,59.5,59.459999084472656,59.459999084472656,998,0.0,0.0
2024-07-24 09:50:00-04:00,59.45500183105469,59.45500183105469,59.45500183105469,59.45500183105469,406,0.0,0.0
2024-07-24 09:55:00-04:00,59.45500183105469,59.45500183105469,59.400001525878906,59.400001525878906,2072,0.0,0.0
2024-07-24 10:00:00-04:00,59.400001525878906,59.415000915527344,59.400001525878906,59.415000915527344,473,0.0,0.0
2024-07-24 10:05:00-04:00,59.400001525878906,59.439998626708984,59.400001525878906,59.400001525878906,524,0.0,0.0
2024-07-24 10:10:00-04:00,59.400001525878906,59.415000915527344,59.400001525878906,59.407501220703125,2597,0.0,0.0
2024-07-24 10:15:00-04:00,59.400001525878906,59.415000915527344,59.400001525878906,59.400001525878906,1385,0.0,0.0
2024-07-24 10:20:00-04:00,59.415000915527344,59.45000076293945,59.400001525878906,59.45000076293945,1178,0.0,0.0
2024-07-24 10:25:00-04:00,59.45000076293945,59.45000076293945,59.45000076293945,59.45000076293945,1147,0.0,0.0
2024-07-24 10:30:00-04:00,59.45000076293945,59.45000076293945,59.3849983215332,59.3849983215332,3173,0.0,0.0
2024-07-24 10:45:00-04:00,59.45000076293945,59.45000076293945,59.45000076293945,59.45000076293945,921,0.0,0.0
2024-07-24 10:50:00-04:00,59.45000076293945,59.45000076293945,59.43000030517578,59.439998626708984,3213,0.0,0.0
2024-07-24 11:25:00-04:00,59.5,59.5,59.5,59.5,584,0.0,0.0
2024-07-24 11:30:00-04:00,59.5,59.5,59.5,59.5,864,0.0,0.0
2024-07-24 11:40:00-04:00,59.61000061035156,59.61000061035156,59.61000061035156,59.61000061035156,603,0.0,0.0
2024-07-24 11:55:00-04:00,59.595001220703125,59.595001220703125,59.595001220703125,59.595001220703125,316,0.0,0.0
2024-07-24 12:00:00-04:00,59.599998474121094,59.63999938964844,59.599998474121094,59.63999938964844,2076,0.0,0.0
2024-07-24 12:15:00-04:00,59.689998626708984,59.689998626708984,59.689998626708984,59.689998626708984,309,0.0,0.0
2024-07-24 12:20:00-04:00,59.709999084472656,59.709999084472656,59.709999084472656,59.709999084472656,573,0.0,0.0
2024-07-24 12:25:00-04:00,59.65999984741211,59.65999984741211,59.650001525878906,59.650001525878906,557,0.0,0.0
2024-07-24 12:40:00-04:00,59.63999938964844,59.63999938964844,59.63999938964844,59.63999938964844,1782,0.0,0.0
2024-07-24 13:20:00-04:00,59.57500076293945,59.57500076293945,59.57500076293945,59.57500076293945,787,0.0,0.0
2024-07-24 13:50:00-04:00,59.6150016784668,59.6150016784668,59.6150016784668,59.6150016784668,971,0.0,0.0
2024-07-24 14:10:00-04:00,59.59000015258789,59.59000015258789,59.59000015258789,59.59000015258789,721,0.0,0.0
2024-07-24 14:35:00-04:00,59.529998779296875,59.529998779296875,59.529998779296875,59.529998779296875,812,0.0,0.0
2024-07-24 15:00:00-04:00,59.52000045776367,59.52000045776367,59.52000045776367,59.52000045776367,354,0.0,0.0
2024-07-24 15:10:00-04:00,59.54999923706055,59.54999923706055,59.54999923706055,59.54999923706055,2209,0.0,0.0
2024-07-24 15:30:00-04:00,59.599998474121094,59.599998474121094,59.599998474121094,59.599998474121094,471,0.0,0.0
2024-07-24 15:35:00-04:00,59.54999923706055,59.54999923706055,59.540000915527344,59.540000915527344,1762,0.0,0.0
2024-07-24 15:50:00-04:00,59.529998779296875,59.529998779296875,59.52000045776367,59.52000045776367,1224,0.0,0.0
2024-07-24 15:55:00-04:00,59.4900016784668,59.58000183105469,59.474998474121094,59.5099983215332,4040,0.0,0.0
2024-07-25 09:30:00-04:00,59.7400016784668,59.7400016784668,59.4364013671875,59.4364013671875,1008,0.0,0.0
2024-07-25 09:35:00-04:00,59.79999923706055,59.79999923706055,59.79999923706055,59.79999923706055,672,0.0,0.0
2024-07-25 09:40:00-04:00,59.869998931884766,60.22999954223633,59.869998931884766,60.1150016784668,2507,0.0,0.0
2024-07-25 10:15:00-04:00,60.0,60.0,60.0,60.0,985,0.0,0.0
2024-07-25 10:20:00-04:00,60.0,60.0,60.0,60.0,587,0.0,0.0
2024-07-25 10:25:00-04:00,60.0,60.0,60.0,60.0,772,0.0,0.0
2024-07-25 10:30:00-04:00,60.0369987487793,60.0369987487793,60.0369987487793,60.0369987487793,262,0.0,0.0
2024-07-25 10:35:00-04:00,59.970001220703125,59.97999954223633,59.93000030517578,59.974998474121094,2966,0.0,0.0
2024-07-25 10:45:00-04:00,59.63999938964844,59.63999938964844,59.63999938964844,59.63999938964844,1611,0.0,0.0
2024-07-25 11:00:00-04:00,59.75,59.75,59.75,59.75,1033,0.0,0.0
2024-07-25 11:25:00-04:00,59.869998931884766,59.869998931884766,59.869998931884766,59.869998931884766,2131,0.0,0.0
2024-07-25 11:30:00-04:00,59.90999984741211,59.90999984741211,59.900001525878906,59.90999984741211,6440,0.0,0.0
2024-07-25 11:40:00-04:00,59.90999984741211,59.90999984741211,59.90999984741211,59.90999984741211,1886,0.0,0.0
2024-07-25 11:45:00-04:00,59.90999984741211,59.90999984741211,59.88999938964844,59.90999984741211,9390,0.0,0.0
2024-07-25 11:50:00-04:00,59.90999984741211,59.90999984741211,59.90999984741211,59.90999984741211,1803,0.0,0.0
2024-07-25 11:55:00-04:00,59.90999984741211,59.90999984741211,59.90999984741211,59.90999984741211,1600,0.0,0.0
2024-07-25 12:00:00-04:00,59.904998779296875,59.904998779296875,59.880001068115234,59.880001068115234,682,0.0,0.0
2024-07-25 12:05:00-04:00,59.90999984741211,59.90999984741211,59.90999984741211,59.90999984741211,249,0.0,0.0
2024-07-25 12:15:00-04:00,59.88999938964844,59.90999984741211,59.88999938964844,59.90999984741211,459,0.0,0.0
2024-07-25 12:20:00-04:00,59.84000015258789,59.84000015258789,59.84000015258789,59.84000015258789,560,0.0,0.0
2024-07-25 12:30:00-04:00,59.81999969482422,59.81999969482422,59.81999969482422,59.81999969482422,575,0.0,0.0
2024-07-25 13:00:00-04:00,59.90999984741211,59.90999984741211,59.88999938964844,59.88999938964844,1800,0.0,0.0
2024-07-25 13:05:00-04:00,59.86000061035156,59.86000061035156,59.83000183105469,59.83000183105469,1269,0.0,0.0
2024-07-25 13:30:00-04:00,59.81999969482422,59.84600067138672,59.81999969482422,59.81999969482422,879,0.0,0.0
2024-07-25 13:35:00-04:00,59.869998931884766,59.88999938964844,59.869998931884766,59.88999938964844,1072,0.0,0.0
2024-07-25 13:40:00-04:00,59.90999984741211,59.90999984741211,59.86000061035156,59.869998931884766,1842,0.0,0.0
2024-07-25 13:45:00-04:00,59.869998931884766,59.869998931884766,59.869998931884766,59.869998931884766,1512,0.0,0.0
2024-07-25 14:00:00-04:00,59.842498779296875,59.842498779296875,59.814998626708984,59.814998626708984,2508,0.0,0.0
2024-07-25 14:25:00-04:00,59.79999923706055,59.79999923706055,59.779998779296875,59.779998779296875,1038,0.0,0.0
2024-07-25 14:30:00-04:00,59.84000015258789,59.84000015258789,59.83000183105469,59.83000183105469,727,0.0,0.0
2024-07-25 14:35:00-04:00,59.83000183105469,59.83000183105469,59.83000183105469,59.83000183105469,745,0.0,0.0
2024-07-25 14:50:00-04:00,59.790000915527344,59.790000915527344,59.790000915527344,59.790000915527344,1145,0.0,0.0
2024-07-25 15:15:00-04:00,59.875,59.875,59.875,59.875,567,0.0,0.0
2024-07-25 15:30:00-04:00,59.84000015258789,59.900001525878906,59.84000015258789,59.900001525878906,858,0.0,0.0
2024-07-25 15:35:00-04:00,59.84000015258789,59.84000015258789,59.810001373291016,59.810001373291016,1129,0.0,0.0
2024-07-25 15:40:00-04:00,59.78099822998047,59.80500030517578,59.779998779296875,59.779998779296875,921,0.0,0.0
2024-07-25 15:45:00-04:00,59.72999954223633,59.72999954223633,59.68000030517578,59.70000076293945,1261,0.0,0.0
2024-07-25 15:50:00-04:00,59.63999938964844,59.70000076293945,59.63999938964844,59.650001525878906,1436,0.0,0.0
2024-07-25 15:55:00-04:00,59.654998779296875,59.654998779296875,59.400001525878906,59.400001525878906,5093,0.0,0.0
2024-07-26 09:30:00-04:00,59.70000076293945,59.70000076293945,59.70000076293945,59.70000076293945,1092,0.0,0.0
2024-07-26 09:55:00-04:00,59.58000183105469,59.58000183105469,59.58000183105469,59.58000183105469,922,0.0,0.0
2024-07-26 10:10:00-04:00,59.70000076293945,59.70000076293945,59.70000076293945,59.70000076293945,944,0.0,0.0
2024-07-26 10:30:00-04:00,59.630001068115234,59.630001068115234,59.630001068115234,59.630001068115234,1685,0.0,0.0
2024-07-26 11:50:00-04:00,59.75,59.75,59.75,59.75,4433,0.0,0.0
2024-07-26 11:55:00-04:00,59.880001068115234,59.880001068115234,59.790000915527344,59.880001068115234,4681,0.0,0.0
2024-07-26 12:00:00-04:00,59.880001068115234,59.880001068115234,59.790000915527344,59.790000915527344,4711,0.0,0.0
2024-07-26 12:05:00-04:00,59.880001068115234,59.880001068115234,59.845001220703125,59.880001068115234,3004,0.0,0.0
2024-07-26 12:10:00-04:00,59.880001068115234,59.880001068115234,59.880001068115234,59.880001068115234,831,0.0,0.0
2024-07-26 12:15:00-04:00,59.880001068115234,59.880001068115234,59.84000015258789,59.84000015258789,2524,0.0,0.0
2024-07-26 12:20:00-04:00,59.85499954223633,59.880001068115234,59.84000015258789,59.84000015258789,934,0.0,0.0
2024-07-26 12:25:00-04:00,59.880001068115234,59.880001068115234,59.82500076293945,59.82500076293945,520,0.0,0.0
2024-07-26 12:30:00-04:00,59.880001068115234,59.880001068115234,59.880001068115234,59.880001068115234,1033,0.0,0.0
2024-07-26 12:40:00-04:00,59.84000015258789,59.84000015258789,59.810001373291016,59.810001373291016,2300,0.0,0.0
2024-07-26 13:20:00-04:00,59.79499816894531,59.79499816894531,59.79499816894531,59.79499816894531,401,0.0,0.0
2024-07-26 13:35:00-04:00,59.77000045776367,59.77000045776367,59.77000045776367,59.77000045776367,1042,0.0,0.0
2024-07-26 13:45:00-04:00,59.790000915527344,59.790000915527344,59.790000915527344,59.790000915527344,11641,0.0,0.0
2024-07-26 14:05:00-04:00,59.790000915527344,59.790000915527344,59.790000915527344,59.790000915527344,842,0.0,0.0
2024-07-26 14:15:00-04:00,59.790000915527344,59.790000915527344,59.790000915527344,59.790000915527344,1137,0.0,0.0
2024-07-26 14:40:00-04:00,59.79999923706055,59.79999923706055,59.79999923706055,59.79999923706055,620,0.0,0.0
2024-07-26 14:55:00-04:00,59.80500030517578,59.84000015258789,59.80500030517578,59.84000015258789,3467,0.0,0.0
2024-07-26 15:05:00-04:00,59.80500030517578,59.80500030517578,59.80500030517578,59.80500030517578,369,0.0,0.0
2024-07-26 15:10:00-04:00,59.81999969482422,59.84000015258789,59.77000045776367,59.77000045776367,3343,0.0,0.0
2024-07-26 15:15:00-04:00,59.77000045776367,59.77000045776367,59.77000045776367,59.77000045776367,618,0.0,0.0
2024-07-26 15:20:00-04:00,59.79499816894531,59.79499816894531,59.79499816894531,59.79499816894531,313,0.0,0.0
2024-07-26 15:30:00-04:00,59.767601013183594,59.77000045776367,59.767601013183594,59.77000045776367,1022,0.0,0.0
2024-07-26 15:35:00-04:00,59.79499816894531,59.79499816894531,59.79499816894531,59.79499816894531,179,0.0,0.0
2024-07-26 15:40:00-04:00,59.77000045776367,59.77000045776367,59.7599983215332,59.77000045776367,3429,0.0,0.0
2024-07-26 15:45:00-04:00,59.81999969482422,59.84000015258789,59.78099822998047,59.810001373291016,1896,0.0,0.0
2024-07-26 15:50:00-04:00,59.76499938964844,59.76499938964844,59.540000915527344,59.540000915527344,3049,0.0,0.0
2024-07-26 15:55:00-04:00,59.650001525878906,59.65999984741211,59.650001525878906,59.65999984741211,2177,0.0,0.0
2024-07-29 09:30:00-04:00,59.574501037597656,59.574501037597656,59.560001373291016,59.560001373291016,12534,0.0,0.0
2024-07-29 10:00:00-04:00,59.779998779296875,59.84000015258789,59.779998779296875,59.84000015258789,2485,0.0,0.0
2024-07-29 10:10:00-04:00,59.65190124511719,59.65190124511719,59.65190124511719,59.65190124511719,392,0.0,0.0
2024-07-29 10:15:00-04:00,59.73500061035156,59.73500061035156,59.66999816894531,59.66999816894531,6368,0.0,0.0
2024-07-29 10:30:00-04:00,59.58000183105469,59.58000183105469,59.58000183105469,59.58000183105469,862,0.0,0.0
2024-07-29 11:00:00-04:00,59.58000183105469,59.59000015258789,59.560001373291016,59.59000015258789,1644,0.0,0.0
2024-07-29 11:20:00-04:00,59.63999938964844,59.63999938964844,59.63999938964844,59.63999938964844,2050,0.0,0.0
2024-07-29 11:30:00-04:00,59.599998474121094,59.630001068115234,59.599998474121094,59.630001068115234,936,0.0,0.0
2024-07-29 11:35:00-04:00,59.79999923706055,59.79999923706055,59.79999923706055,59.79999923706055,359,0.0,0.0
2024-07-29 12:10:00-04:00,59.7599983215332,59.7599983215332,59.7599983215332,59.7599983215332,584,0.0,0.0
2024-07-29 12:40:00-04:00,59.73500061035156,59.73500061035156,59.73500061035156,59.73500061035156,650,0.0,0.0
2024-07-29 13:00:00-04:00,59.59000015258789,59.59000015258789,59.59000015258789,59.59000015258789,354,0.0,0.0
2024-07-29 13:30:00-04:00,59.66999816894531,59.66999816894531,59.66999816894531,59.66999816894531,993,0.0,0.0
2024-07-29 14:10:00-04:00,59.66999816894531,59.689998626708984,59.650001525878906,59.689998626708984,3056,0.0,0.0
2024-07-29 14:50:00-04:00,59.63999938964844,59.63999938964844,59.63999938964844,59.63999938964844,2274,0.0,0.0
2024-07-29 15:25:00-04:00,59.75,59.77000045776367,59.75,59.75,2637,0.0,0.0
2024-07-29 15:40:00-04:00,59.75,59.75,59.75,59.75,671,0.0,0.0
2024-07-29 15:45:00-04:00,59.779998779296875,59.779998779296875,59.77000045776367,59.77000045776367,1605,0.0,0.0
2024-07-29 15:50:00-04:00,59.77000045776367,59.779998779296875,59.75,59.779998779296875,3185,0.0,0.0
2024-07-29 15:55:00-04:00,59.779998779296875,59.779998779296875,59.779998779296875,59.779998779296875,3836,0.0,0.0
2024-07-30 09:30:00-04:00,59.81999969482422,59.81999969482422,59.79499816894531,59.79499816894531,1509,0.0,0.0
2024-07-30 09:45:00-04:00,59.84000015258789,59.84000015258789,59.84000015258789,59.84000015258789,680,0.0,0.0
2024-07-30 10:00:00-04:00,59.779998779296875,59.779998779296875,59.779998779296875,59.779998779296875,993,0.0,0.0
2024-07-30 10:15:00-04:00,59.68000030517578,59.68000030517578,59.68000030517578,59.68000030517578,160,0.0,0.0
2024-07-30 10:20:00-04:00,59.790000915527344,59.810001373291016,59.76499938964844,59.810001373291016,1062,0.0,0.0
2024-07-30 10:25:00-04:00,59.779998779296875,59.787498474121094,59.75,59.787498474121094,2531,0.0,0.0
2024-07-30 10:30:00-04:00,59.7599983215332,59.7599983215332,59.7599983215332,59.7599983215332,537,0.0,0.0
2024-07-30 10:35:00-04:00,59.821998596191406,59.8650016784668,59.821998596191406,59.8650016784668,244,0.0,0.0
2024-07-30 10:40:00-04:00,59.77000045776367,59.77000045776367,59.77000045776367,59.77000045776367,407,0.0,0.0
2024-07-30 10:45:00-04:00,59.779998779296875,59.869998931884766,59.779998779296875,59.869998931884766,989,0.0,0.0
2024-07-30 11:05:00-04:00,59.68000030517578,59.68000030517578,59.63999938964844,59.63999938964844,2567,0.0,0.0
2024-07-30 11:10:00-04:00,59.650001525878906,59.72999954223633,59.650001525878906,59.72999954223633,846,0.0,0.0
2024-07-30 11:25:00-04:00,59.7400016784668,59.7400016784668,59.7400016784668,59.7400016784668,202,0.0,0.0
2024-07-30 11:30:00-04:00,59.70000076293945,59.70000076293945,59.70000076293945,59.70000076293945,631,0.0,0.0
2024-07-30 12:10:00-04:00,59.689998626708984,59.689998626708984,59.689998626708984,59.689998626708984,645,0.0,0.0
2024-07-30 12:20:00-04:00,59.650001525878906,59.650001525878906,59.650001525878906,59.650001525878906,2202,0.0,0.0
2024-07-30 12:35:00-04:00,59.709999084472656,59.709999084472656,59.709999084472656,59.709999084472656,1096,0.0,0.0
2024-07-30 13:10:00-04:00,59.650001525878906,59.650001525878906,59.650001525878906,59.650001525878906,129,0.0,0.0
2024-07-30 13:15:00-04:00,59.650001525878906,59.650001525878906,59.650001525878906,59.650001525878906,199,0.0,0.0
2024-07-30 13:20:00-04:00,59.650001525878906,59.650001525878906,59.650001525878906,59.650001525878906,839,0.0,0.0
2024-07-30 13:25:00-04:00,59.650001525878906,59.650001525878906,59.650001525878906,59.650001525878906,2183,0.0,0.0
2024-07-30 13:30:00-04:00,59.650001525878906,59.66999816894531,59.650001525878906,59.66999816894531,1188,0.0,0.0
2024-07-30 13:35:00-04:00,59.73500061035156,59.73500061035156,59.73500061035156,59.73500061035156,779,0.0,0.0
2024-07-30 13:55:00-04:00,59.77000045776367,59.77000045776367,59.76499938964844,59.77000045776367,2345,0.0,0.0
2024-07-30 14:00:00-04:00,59.79249954223633,59.79249954223633,59.79249954223633,59.79249954223633,2222,0.0,0.0
2024-07-30 14:30:00-04:00,59.720001220703125,59.720001220703125,59.650001525878906,59.650001525878906,949,0.0,0.0
2024-07-30 14:40:00-04:00,59.70000076293945,59.70500183105469,59.70000076293945,59.70500183105469,1324,0.0,0.0
2024-07-30 14:50:00-04:00,59.689998626708984,59.689998626708984,59.689998626708984,59.689998626708984,510,0.0,0.0
2024-07-30 14:55:00-04:00,59.75,59.75,59.709999084472656,59.71500015258789,4271,0.0,0.0
2024-07-30 15:05:00-04:00,59.7400016784668,59.7400016784668,59.7400016784668,59.7400016784668,612,0.0,0.0
2024-07-30 15:15:00-04:00,59.75,59.75,59.75,59.75,2341,0.0,0.0
2024-07-30 15:25:00-04:00,59.75,59.75,59.75,59.75,293,0.0,0.0
2024-07-30 15:30:00-04:00,59.75,59.75,59.75,59.75,584,0.0,0.0
2024-07-30 15:35:00-04:00,59.75,59.75,59.7400016784668,59.7400016784668,501,0.0,0.0
2024-07-30 15:40:00-04:00,59.7400016784668,59.7400016784668,59.7400016784668,59.7400016784668,1195,0.0,0.0
2024-07-30 15:50:00-04:00,59.75,59.75,59.7400016784668,59.75,2218,0.0,0.0
2024-07-30 15:55:00-04:00,59.744998931884766,59.75,59.72999954223633,59.72999954223633,13037,0.0,0.0
2024-07-31 09:30:00-04:00,59.82500076293945,59.82500076293945,59.82500076293945,59.82500076293945,0,0.0,0.0
2024-07-31 10:20:00-04:00,59.775001525878906,59.775001525878906,59.775001525878906,59.775001525878906,418,0.0,0.0
2024-07-31 10:30:00-04:00,59.779998779296875,59.779998779296875,59.779998779296875,59.779998779296875,933,0.0,0.0
2024-07-31 10:35:00-04:00,59.790000915527344,59.790000915527344,59.790000915527344,59.790000915527344,212,0.0,0.0
2024-07-31 10:40:00-04:00,59.79999923706055,59.80500030517578,59.79999923706055,59.80500030517578,1066,0.0,0.0
2024-07-31 10:45:00-04:00,59.814998626708984,59.814998626708984,59.814998626708984,59.814998626708984,450,0.0,0.0
2024-07-31 10:50:00-04:00,59.84000015258789,59.904998779296875,59.84000015258789,59.904998779296875,1016,0.0,0.0
2024-07-31 11:10:00-04:00,59.94499969482422,59.94499969482422,59.88999938964844,59.88999938964844,1213,0.0,0.0
2024-07-31 11:15:00-04:00,59.7400016784668,59.7400016784668,59.7400016784668,59.7400016784668,673,0.0,0.0
2024-07-31 11:30:00-04:00,59.790000915527344,59.790000915527344,59.76499938964844,59.76499938964844,489,0.0,0.0
2024-07-31 11:40:00-04:00,59.81850051879883,59.81850051879883,59.81850051879883,59.81850051879883,1585,0.0,0.0
2024-07-31 11:50:00-04:00,59.810001373291016,59.810001373291016,59.810001373291016,59.810001373291016,1116,0.0,0.0
2024-07-31 12:05:00-04:00,59.86000061035156,59.86000061035156,59.814998626708984,59.814998626708984,2038,0.0,0.0
2024-07-31 12:25:00-04:00,59.84000015258789,59.84000015258789,59.84000015258789,59.84000015258789,401,0.0,0.0
2024-07-31 12:30:00-04:00,59.85499954223633,59.85499954223633,59.85499954223633,59.85499954223633,495,0.0,0.0
2024-07-31 12:35:00-04:00,59.81999969482422,59.81999969482422,59.81999969482422,59.81999969482422,1365,0.0,0.0
2024-07-31 13:05:00-04:00,59.779998779296875,59.779998779296875,59.779998779296875,59.779998779296875,301,0.0,0.0
2024-07-31 13:15:00-04:00,59.775001525878906,59.775001525878906,59.775001525878906,59.775001525878906,669,0.0,0.0
2024-07-31 13:30:00-04:00,59.72999954223633,59.72999954223633,59.650001525878906,59.650001525878906,768,0.0,0.0
2024-07-31 13:50:00-04:00,59.7400016784668,59.7599983215332,59.7400016784668,59.744998931884766,801,0.0,0.0
2024-07-31 14:00:00-04:00,59.689998626708984,59.689998626708984,59.689998626708984,59.689998626708984,495,0.0,0.0
2024-07-31 14:15:00-04:00,59.650001525878906,59.77000045776367,59.650001525878906,59.77000045776367,12821,0.0,0.0
2024-07-31 14:20:00-04:00,59.79999923706055,59.79999923706055,59.79999923706055,59.79999923706055,491,0.0,0.0
2024-07-31 14:25:00-04:00,59.79999923706055,59.79999923706055,59.79999923706055,59.79999923706055,318,0.0,0.0
2024-07-31 14:30:00-04:00,59.79999923706055,59.79999923706055,59.79999923706055,59.79999923706055,1010,0.0,0.0
2024-07-31 14:40:00-04:00,59.86000061035156,59.880001068115234,59.86000061035156,59.880001068115234,1812,0.0,0.0
2024-07-31 14:45:00-04:00,59.880001068115234,60.0,59.880001068115234,60.0,1932,0.0,0.0
2024-07-31 14:50:00-04:00,60.1150016784668,60.150001525878906,60.0099983215332,60.0099983215332,3345,0.0,0.0
2024-07-31 14:55:00-04:00,60.02000045776367,60.040000915527344,60.02000045776367,60.02000045776367,3456,0.0,0.0
2024-07-31 15:00:00-04:00,60.119998931884766,60.119998931884766,60.119998931884766,60.119998931884766,590,0.0,0.0
2024-07-31 15:05:00-04:00,59.97999954223633,60.029998779296875,59.97999954223633,60.029998779296875,577,0.0,0.0
2024-07-31 15:10:00-04:00,59.9900016784668,59.9900016784668,59.869998931884766,59.869998931884766,1838,0.0,0.0
2024-07-31 15:15:00-04:00,59.939998626708984,59.9900016784668,59.939998626708984,59.97999954223633,2647,0.0,0.0
2024-07-31 15:20:00-04:00,59.939998626708984,59.939998626708984,59.75,59.75,1168,0.0,0.0
2024-07-31 15:25:00-04:00,59.790000915527344,59.790000915527344,59.75,59.75,613,0.0,0.0
2024-07-31 15:30:00-04:00,59.779998779296875,59.779998779296875,59.779998779296875,59.779998779296875,1627,0.0,0.0
2024-07-31 15:40:00-04:00,59.75,59.79999923706055,59.75,59.79999923706055,2076,0.0,0.0
2024-07-31 15:45:00-04:00,59.829898834228516,59.829898834228516,59.810001373291016,59.810001373291016,2455,0.0,0.0
2024-07-31 15:50:00-04:00,59.779998779296875,59.779998779296875,59.540000915527344,59.540000915527344,16576,0.0,0.0
2024-07-31 15:55:00-04:00,59.540000915527344,59.560001373291016,59.470001220703125,59.470001220703125,3797,0.0,0.0
2024-08-01 09:50:00-04:00,59.63999938964844,59.63999938964844,59.63999938964844,59.63999938964844,0,0.0,0.0
2024-08-01 09:55:00-04:00,59.529998779296875,59.529998779296875,59.529998779296875,59.529998779296875,309,0.0,0.0
2024-08-01 10:00:00-04:00,59.5,59.5,59.5,59.5,2658,0.0,0.0
2024-08-01 10:05:00-04:00,59.5,59.5,59.5,59.5,1686,0.0,0.0
2024-08-01 10:10:00-04:00,59.5,59.5,59.5,59.5,267,0.0,0.0
2024-08-01 10:15:00-04:00,59.5,59.5,59.5,59.5,412,0.0,0.0
2024-08-01 10:20:00-04:00,59.5,59.52000045776367,59.5,59.52000045776367,5208,0.0,0.0
2024-08-01 10:30:00-04:00,59.52000045776367,59.52000045776367,59.52000045776367,59.52000045776367,602,0.0,0.0
2024-08-01 10:35:00-04:00,59.52000045776367,59.52000045776367,59.5,59.5,823,0.0,0.0
2024-08-01 10:45:00-04:00,59.52000045776367,59.569000244140625,59.52000045776367,59.569000244140625,2208,0.0,0.0
2024-08-01 11:05:00-04:00,59.55500030517578,59.55500030517578,59.52000045776367,59.52000045776367,3762,0.0,0.0
2024-08-01 11:10:00-04:00,59.52000045776367,59.52000045776367,59.52000045776367,59.52000045776367,701,0.0,0.0
2024-08-01 11:15:00-04:00,59.52000045776367,59.52000045776367,59.52000045776367,59.52000045776367,1439,0.0,0.0
2024-08-01 11:20:00-04:00,59.52000045776367,59.540000915527344,59.52000045776367,59.540000915527344,1262,0.0,0.0
2024-08-01 11:25:00-04:00,59.53499984741211,59.53499984741211,59.53499984741211,59.53499984741211,186,0.0,0.0
2024-08-01 11:30:00-04:00,59.53499984741211,59.53499984741211,59.5,59.52000045776367,5318,0.0,0.0
2024-08-01 11:35:00-04:00,59.52000045776367,59.52000045776367,59.349998474121094,59.349998474121094,21351,0.0,0.0
2024-08-01 11:40:00-04:00,59.349998474121094,59.349998474121094,59.349998474121094,59.349998474121094,917,0.0,0.0
2024-08-01 11:50:00-04:00,59.349998474121094,59.380001068115234,59.349998474121094,59.380001068115234,1065,0.0,0.0
2024-08-01 12:00:00-04:00,59.380001068115234,59.380001068115234,59.380001068115234,59.380001068115234,750,0.0,0.0
2024-08-01 12:05:00-04:00,59.400001525878906,59.400001525878906,59.400001525878906,59.400001525878906,196,0.0,0.0
2024-08-01 12:10:00-04:00,59.43000030517578,59.43000030517578,59.400001525878906,59.43000030517578,1285,0.0,0.0
2024-08-01 12:15:00-04:00,59.459999084472656,59.459999084472656,59.459999084472656,59.459999084472656,110,0.0,0.0
2024-08-01 12:20:00-04:00,59.400001525878906,59.45000076293945,59.400001525878906,59.439998626708984,1360,0.0,0.0
2024-08-01 12:35:00-04:00,59.48500061035156,59.48500061035156,59.400001525878906,59.400001525878906,711,0.0,0.0
2024-08-01 12:40:00-04:00,59.45000076293945,59.5,59.45000076293945,59.5,462,0.0,0.0
2024-08-01 12:45:00-04:00,59.45000076293945,59.45000076293945,59.45000076293945,59.45000076293945,1347,0.0,0.0
2024-08-01 13:20:00-04:00,59.44499969482422,59.44499969482422,59.44499969482422,59.44499969482422,643,0.0,0.0
2024-08-01 13:35:00-04:00,59.470001220703125,59.470001220703125,59.43000030517578,59.43000030517578,624,0.0,0.0
2024-08-01 13:45:00-04:00,59.47999954223633,59.47999954223633,59.439998626708984,59.439998626708984,580,0.0,0.0
2024-08-01 13:50:00-04:00,59.47999954223633,59.47999954223633,59.47999954223633,59.47999954223633,1629,0.0,0.0
2024-08-01 14:10:00-04:00,59.45000076293945,59.45000076293945,59.45000076293945,59.45000076293945,2441,0.0,0.0
2024-08-01 14:15:00-04:00,59.47999954223633,59.47999954223633,59.47999954223633,59.47999954223633,1186,0.0,0.0
2024-08-01 14:20:00-04:00,59.57500076293945,59.57500076293945,59.57500076293945,59.57500076293945,342,0.0,0.0
2024-08-01 14:25:00-04:00,59.59000015258789,59.59000015258789,59.59000015258789,59.59000015258789,180,0.0,0.0
2024-08-01 14:30:00-04:00,59.4656982421875,59.4656982421875,59.4656982421875,59.4656982421875,275,0.0,0.0
2024-08-01 14:35:00-04:00,59.45000076293945,59.45000076293945,59.45000076293945,59.45000076293945,517,0.0,0.0
2024-08-01 14:40:00-04:00,59.45100021362305,59.45100021362305,59.45100021362305,59.45100021362305,372,0.0,0.0
2024-08-01 14:45:00-04:00,59.45000076293945,59.45000076293945,59.45000076293945,59.45000076293945,794,0.0,0.0
2024-08-01 14:50:00-04:00,59.45000076293945,59.45000076293945,59.45000076293945,59.45000076293945,681,0.0,0.0
2024-08-01 15:00:00-04:00,59.459999084472656,59.459999084472656,59.459999084472656,59.459999084472656,324,0.0,0.0
2024-08-01 15:05:00-04:00,59.471900939941406,59.471900939941406,59.471900939941406,59.471900939941406,678,0.0,0.0
2024-08-01 15:15:00-04:00,59.45100021362305,59.45100021362305,59.45100021362305,59.45100021362305,739,0.0,0.0
2024-08-01 15:25:00-04:00,59.5,59.5,59.5,59.5,356,0.0,0.0
2024-08-01 15:30:00-04:00,59.45000076293945,59.5,59.45000076293945,59.5,3421,0.0,0.0
2024-08-01 15:35:00-04:00,59.532501220703125,59.532501220703125,59.5,59.52000045776367,3495,0.0,0.0
2024-08-01 15:40:00-04:00,59.5,59.5,59.5,59.5,854,0.0,0.0
2024-08-01 15:50:00-04:00,59.619998931884766,59.619998931884766,59.529998779296875,59.619998931884766,3931,0.0,0.0
2024-08-01 15:55:00-04:00,59.54999923706055,59.630001068115234,59.5,59.5,4949,0.0,0.0
2024-08-02 09:30:00-04:00,59.25,59.45000076293945,59.20000076293945,59.400001525878906,2871,0.0,0.0
2024-08-02 09:35:00-04:00,59.45000076293945,59.45000076293945,59.45000076293945,59.45000076293945,945,0.0,0.0
2024-08-02 09:40:00-04:00,59.54999923706055,59.55500030517578,59.54999923706055,59.55500030517578,1589,0.0,0.0
2024-08-02 10:05:00-04:00,59.459999084472656,59.54499816894531,59.45000076293945,59.45000076293945,4480,0.0,0.0
2024-08-02 10:10:00-04:00,59.41999816894531,59.45000076293945,59.41999816894531,59.45000076293945,2111,0.0,0.0
2024-08-02 10:15:00-04:00,59.45000076293945,59.45000076293945,59.45000076293945,59.45000076293945,2189,0.0,0.0
2024-08-02 10:20:00-04:00,59.459999084472656,59.459999084472656,59.459999084472656,59.459999084472656,683,0.0,0.0
2024-08-02 10:25:00-04:00,59.459999084472656,59.459999084472656,59.459999084472656,59.459999084472656,1131,0.0,0.0
2024-08-02 10:30:00-04:00,59.459999084472656,59.459999084472656,59.45000076293945,59.45000076293945,1560,0.0,0.0
2024-08-02 10:35:00-04:00,59.439998626708984,59.439998626708984,59.439998626708984,59.439998626708984,442,0.0,0.0
2024-08-02 10:40:00-04:00,59.525001525878906,59.525001525878906,59.525001525878906,59.525001525878906,488,0.0,0.0
2024-08-02 10:45:00-04:00,59.45000076293945,59.45000076293945,59.45000076293945,59.45000076293945,358,0.0,0.0
2024-08-02 10:55:00-04:00,59.459999084472656,59.459999084472656,59.459999084472656,59.459999084472656,169,0.0,0.0
2024-08-02 11:00:00-04:00,59.459999084472656,59.459999084472656,59.459999084472656,59.459999084472656,1132,0.0,0.0
2024-08-02 11:05:00-04:00,59.45000076293945,59.45000076293945,59.45000076293945,59.45000076293945,130,0.0,0.0
2024-08-02 11:10:00-04:00,59.45000076293945,59.45000076293945,59.45000076293945,59.45000076293945,412,0.0,0.0
2024-08-02 11:15:00-04:00,59.45000076293945,59.45000076293945,59.45000076293945,59.45000076293945,474,0.0,0.0
2024-08-02 11:20:00-04:00,59.40999984741211,59.45000076293945,59.375,59.400001525878906,5778,0.0,0.0
2024-08-02 11:25:00-04:00,59.439998626708984,59.439998626708984,59.439998626708984,59.439998626708984,2278,0.0,0.0
2024-08-02 11:45:00-04:00,59.45000076293945,59.45000076293945,59.45000076293945,59.45000076293945,940,0.0,0.0
2024-08-02 11:50:00-04:00,59.42499923706055,59.5,59.42499923706055,59.5,1510,0.0,0.0
2024-08-02 12:05:00-04:00,59.45000076293945,59.45000076293945,59.45000076293945,59.45000076293945,1011,0.0,0.0
2024-08-02 12:10:00-04:00,59.41999816894531,59.45000076293945,59.41999816894531,59.45000076293945,353,0.0,0.0
2024-08-02 12:15:00-04:00,59.41999816894531,59.45000076293945,59.41999816894531,59.45000076293945,116,0.0,0.0
2024-08-02 12:20:00-04:00,59.41999816894531,59.41999816894531,59.41999816894531,59.41999816894531,1244,0.0,0.0
2024-08-02 12:25:00-04:00,59.41999816894531,59.41999816894531,59.41999816894531,59.41999816894531,304,0.0,0.0
2024-08-02 12:30:00-04:00,59.45000076293945,59.45000076293945,59.45000076293945,59.45000076293945,474,0.0,0.0
2024-08-02 12:35:00-04:00,59.45000076293945,59.45000076293945,59.45000076293945,59.45000076293945,550,0.0,0.0
2024-08-02 12:40:00-04:00,59.435001373291016,59.435001373291016,59.435001373291016,59.435001373291016,285,0.0,0.0
2024-08-02 12:45:00-04:00,59.435001373291016,59.470001220703125,59.435001373291016,59.44499969482422,2709,0.0,0.0
2024-08-02 12:50:00-04:00,59.45500183105469,59.46500015258789,59.45000076293945,59.45000076293945,2434,0.0,0.0
2024-08-02 12:55:00-04:00,59.47999954223633,59.47999954223633,59.47999954223633,59.47999954223633,3326,0.0,0.0
2024-08-02 13:00:00-04:00,59.55500030517578,59.55500030517578,59.55500030517578,59.55500030517578,1147,0.0,0.0
2024-08-02 13:25:00-04:00,59.47999954223633,59.47999954223633,59.47999954223633,59.47999954223633,299,0.0,0.0
2024-08-02 13:30:00-04:00,59.48500061035156,59.48500061035156,59.48500061035156,59.48500061035156,357,0.0,0.0
2024-08-02 13:35:00-04:00,59.48500061035156,59.54999923706055,59.48500061035156,59.54999923706055,1089,0.0,0.0
2024-08-02 13:55:00-04:00,59.47999954223633,59.47999954223633,59.47999954223633,59.47999954223633,290,0.0,0.0
2024-08-02 14:00:00-04:00,59.470001220703125,59.470001220703125,59.470001220703125,59.470001220703125,109,0.0,0.0
2024-08-02 14:05:00-04:00,59.47999954223633,59.47999954223633,59.47999954223633,59.47999954223633,1099,0.0,0.0
2024-08-02 14:15:00-04:00,59.560001373291016,59.560001373291016,59.560001373291016,59.560001373291016,1852,0.0,0.0
2024-08-02 14:55:00-04:00,59.470001220703125,59.494998931884766,59.470001220703125,59.494998931884766,1096,0.0,0.0
2024-08-02 15:05:00-04:00,59.5,59.5,59.5,59.5,782,0.0,0.0
2024-08-02 15:10:00-04:00,59.59000015258789,59.59000015258789,59.59000015258789,59.59000015258789,275,0.0,0.0
2024-08-02 15:15:00-04:00,59.540000915527344,59.560001373291016,59.540000915527344,59.560001373291016,1467,0.0,0.0
2024-08-02 15:25:00-04:00,59.52000045776367,59.56999969482422,59.52000045776367,59.56999969482422,1233,0.0,0.0
2024-08-02 15:30:00-04:00,59.61000061035156,59.619998931884766,59.599998474121094,59.599998474121094,3211,0.0,0.0
2024-08-02 15:35:00-04:00,59.59000015258789,59.59000015258789,59.59000015258789,59.59000015258789,1288,0.0,0.0
2024-08-02 15:40:00-04:00,59.4900016784668,59.540000915527344,59.4900016784668,59.540000915527344,1771,0.0,0.0
2024-08-02 15:45:00-04:00,59.5,59.5,59.5,59.5,1714,0.0,0.0
2024-08-02 15:50:00-04:00,59.630001068115234,59.630001068115234,59.630001068115234,59.630001068115234,455,0.0,0.0
2024-08-02 15:55:00-04:00,59.63999938964844,59.720001220703125,59.5,59.5,5968,0.0,0.0
2024-08-05 09:30:00-04:00,59.25,59.25,59.0,59.13999938964844,2089,0.0,0.0
2024-08-05 09:35:00-04:00,59.0,59.13999938964844,59.0,59.13999938964844,1813,0.0,0.0
2024-08-05 09:40:00-04:00,59.27000045776367,59.380001068115234,59.27000045776367,59.380001068115234,1713,0.0,0.0
2024-08-05 09:45:00-04:00,59.380001068115234,59.380001068115234,59.380001068115234,59.380001068115234,1165,0.0,0.0
2024-08-05 09:50:00-04:00,59.380001068115234,59.380001068115234,59.380001068115234,59.380001068115234,920,0.0,0.0
2024-08-05 09:55:00-04:00,59.380001068115234,59.380001068115234,59.380001068115234,59.380001068115234,1791,0.0,0.0
2024-08-05 10:00:00-04:00,59.25,59.25,59.25,59.25,247,0.0,0.0
2024-08-05 10:05:00-04:00,59.380001068115234,59.380001068115234,59.25,59.25,695,0.0,0.0
2024-08-05 10:10:00-04:00,59.380001068115234,59.380001068115234,59.380001068115234,59.380001068115234,430,0.0,0.0
2024-08-05 10:15:00-04:00,59.35499954223633,59.35499954223633,59.35499954223633,59.35499954223633,214,0.0,0.0
2024-08-05 10:20:00-04:00,59.345001220703125,59.380001068115234,59.345001220703125,59.380001068115234,2338,0.0,0.0
2024-08-05 10:25:00-04:00,59.314998626708984,59.369998931884766,59.314998626708984,59.369998931884766,1732,0.0,0.0
2024-08-05 10:35:00-04:00,59.369998931884766,59.380001068115234,59.25,59.369998931884766,2339,0.0,0.0
2024-08-05 10:40:00-04:00,59.310001373291016,59.36000061035156,59.25,59.33000183105469,4444,0.0,0.0
2024-08-05 10:50:00-04:00,59.369998931884766,59.369998931884766,59.369998931884766,59.369998931884766,1491,0.0,0.0
2024-08-05 11:00:00-04:00,59.32500076293945,59.369998931884766,59.279998779296875,59.369998931884766,4991,0.0,0.0
2024-08-05 11:05:00-04:00,59.36000061035156,59.369998931884766,59.36000061035156,59.36000061035156,5286,0.0,0.0
2024-08-05 11:10:00-04:00,59.38999938964844,59.38999938964844,59.314998626708984,59.38999938964844,1655,0.0,0.0
2024-08-05 11:15:00-04:00,59.459999084472656,59.459999084472656,59.45000076293945,59.45000076293945,730,0.0,0.0
2024-08-05 11:20:00-04:00,59.369998931884766,59.459999084472656,59.369998931884766,59.459999084472656,1119,0.0,0.0
2024-08-05 11:25:00-04:00,59.5,59.5,59.5,59.5,691,0.0,0.0
2024-08-05 11:30:00-04:00,59.439998626708984,59.459999084472656,59.400001525878906,59.459999084472656,1868,0.0,0.0
2024-08-05 11:40:00-04:00,59.54999923706055,59.54999923706055,59.45500183105469,59.45500183105469,1237,0.0,0.0
2024-08-05 11:45:00-04:00,59.45000076293945,59.45000076293945,59.45000076293945,59.45000076293945,673,0.0,0.0
2024-08-05 11:50:00-04:00,59.380001068115234,59.47999954223633,59.369998931884766,59.459999084472656,1087,0.0,0.0
2024-08-05 11:55:00-04:00,59.459999084472656,59.459999084472656,59.459999084472656,59.459999084472656,267,0.0,0.0
2024-08-05 12:00:00-04:00,59.38999938964844,59.45000076293945,59.38999938964844,59.45000076293945,1641,0.0,0.0
2024-08-05 12:15:00-04:00,59.439998626708984,59.439998626708984,59.43009948730469,59.43009948730469,834,0.0,0.0
2024-08-05 12:20:00-04:00,59.34000015258789,59.369998931884766,59.314998626708984,59.314998626708984,2854,0.0,0.0
2024-08-05 12:25:00-04:00,59.369998931884766,59.38999938964844,59.369998931884766,59.38999938964844,611,0.0,0.0
2024-08-05 12:30:00-04:00,59.38999938964844,59.400001525878906,59.38999938964844,59.400001525878906,570,0.0,0.0
2024-08-05 12:35:00-04:00,59.39500045776367,59.39500045776367,59.39500045776367,59.39500045776367,340,0.0,0.0
2024-08-05 12:40:00-04:00,59.400001525878906,59.400001525878906,59.400001525878906,59.400001525878906,384,0.0,0.0
2024-08-05 12:45:00-04:00,59.39500045776367,59.400001525878906,59.39500045776367,59.400001525878906,1177,0.0,0.0
2024-08-05 12:50:00-04:00,59.400001525878906,59.400001525878906,59.400001525878906,59.400001525878906,177,0.0,0.0
2024-08-05 12:55:00-04:00,59.39500045776367,59.400001525878906,59.375,59.375,1533,0.0,0.0
2024-08-05 13:00:00-04:00,59.400001525878906,59.400001525878906,59.34000015258789,59.36000061035156,6379,0.0,0.0
2024-08-05 13:05:00-04:00,59.349998474121094,59.36000061035156,59.349998474121094,59.36000061035156,1303,0.0,0.0
2024-08-05 13:15:00-04:00,59.36000061035156,59.36000061035156,59.36000061035156,59.36000061035156,2677,0.0,0.0
2024-08-05 13:50:00-04:00,59.38999938964844,59.400001525878906,59.38999938964844,59.400001525878906,1108,0.0,0.0
2024-08-05 14:00:00-04:00,59.400001525878906,59.400001525878906,59.36000061035156,59.36000061035156,1511,0.0,0.0
2024-08-05 14:25:00-04:00,59.39500045776367,59.39500045776367,59.39500045776367,59.39500045776367,4225,0.0,0.0
2024-08-05 14:35:00-04:00,59.3849983215332,59.40999984741211,59.380001068115234,59.380001068115234,6210,0.0,0.0
2024-08-05 14:40:00-04:00,59.369998931884766,59.41999816894531,59.36000061035156,59.40999984741211,4573,0.0,0.0
2024-08-05 14:45:00-04:00,59.38999938964844,59.38999938964844,59.38999938964844,59.38999938964844,350,0.0,0.0
2024-08-05 14:50:00-04:00,59.36000061035156,59.380001068115234,59.34000015258789,59.36000061035156,3660,0.0,0.0
2024-08-05 14:55:00-04:00,59.3849983215332,59.3849983215332,59.369998931884766,59.369998931884766,3327,0.0,0.0
2024-08-05 15:00:00-04:00,59.380001068115234,59.380001068115234,59.380001068115234,59.380001068115234,225,0.0,0.0
2024-08-05 15:10:00-04:00,59.36000061035156,59.404998779296875,59.33000183105469,59.369998931884766,8541,0.0,0.0
2024-08-05 15:15:00-04:00,59.439998626708984,59.439998626708984,59.40999984741211,59.40999984741211,978,0.0,0.0
2024-08-05 15:20:00-04:00,59.40999984741211,59.40999984741211,59.40999984741211,59.40999984741211,414,0.0,0.0
2024-08-05 15:25:00-04:00,59.400001525878906,59.400001525878906,59.400001525878906,59.400001525878906,4106,0.0,0.0
2024-08-05 15:30:00-04:00,59.40999984741211,59.44900131225586,59.404998779296875,59.404998779296875,1031,0.0,0.0
2024-08-05 15:35:00-04:00,59.38999938964844,59.40999984741211,59.369998931884766,59.40999984741211,2735,0.0,0.0
2024-08-05 15:40:00-04:00,59.40999984741211,59.40999984741211,59.40999984741211,59.40999984741211,851,0.0,0.0
2024-08-05 15:45:00-04:00,59.380001068115234,59.380001068115234,59.380001068115234,59.380001068115234,1000,0.0,0.0
2024-08-05 15:50:00-04:00,59.43000030517578,59.44499969482422,59.38999938964844,59.40999984741211,6806,0.0,0.0
2024-08-05 15:55:00-04:00,59.45000076293945,59.650001525878906,59.45000076293945,59.650001525878906,5189,0.0,0.0
2024-08-06 09:30:00-04:00,59.4900016784668,59.4900016784668,59.45000076293945,59.459999084472656,1277,0.0,0.0
2024-08-06 09:35:00-04:00,59.709999084472656,59.720001220703125,59.599998474121094,59.720001220703125,963,0.0,0.0
2024-08-06 09:40:00-04:00,59.720001220703125,59.7400016784668,59.5099983215332,59.630001068115234,1405,0.0,0.0
2024-08-06 09:45:00-04:00,59.790000915527344,59.790000915527344,59.790000915527344,59.790000915527344,754,0.0,0.0
2024-08-06 09:50:00-04:00,60.11000061035156,60.16999816894531,60.11000061035156,60.16999816894531,831,0.0,0.0
2024-08-06 09:55:00-04:00,60.16999816894531,60.16999816894531,60.08000183105469,60.119998931884766,1183,0.0,0.0
2024-08-06 10:00:00-04:00,60.099998474121094,60.13999938964844,59.97999954223633,59.97999954223633,1213,0.0,0.0
2024-08-06 10:05:00-04:00,60.15999984741211,60.45000076293945,60.15999984741211,60.400001525878906,908,0.0,0.0
2024-08-06 10:10:00-04:00,60.27000045776367,60.27000045776367,60.27000045776367,60.27000045776367,747,0.0,0.0
2024-08-06 10:15:00-04:00,59.97800064086914,59.97800064086914,59.97800064086914,59.97800064086914,1392,0.0,0.0
2024-08-06 10:25:00-04:00,60.20000076293945,60.20000076293945,59.98500061035156,59.994998931884766,1999,0.0,0.0
2024-08-06 10:45:00-04:00,59.89500045776367,59.89500045776367,59.89500045776367,59.89500045776367,970,0.0,0.0
2024-08-06 10:55:00-04:00,59.810001373291016,59.900001525878906,59.810001373291016,59.810001373291016,3113,0.0,0.0
2024-08-06 11:00:00-04:00,59.95000076293945,59.95000076293945,59.95000076293945,59.95000076293945,617,0.0,0.0
2024-08-06 11:05:00-04:00,59.79999923706055,59.79999923706055,59.79999923706055,59.79999923706055,979,0.0,0.0
2024-08-06 11:20:00-04:00,59.619998931884766,59.65999984741211,59.619998931884766,59.65999984741211,538,0.0,0.0
2024-08-06 11:25:00-04:00,59.70000076293945,59.70000076293945,59.70000076293945,59.70000076293945,1911,0.0,0.0
2024-08-06 11:55:00-04:00,59.650001525878906,59.650001525878906,59.650001525878906,59.650001525878906,122,0.0,0.0
2024-08-06 12:00:00-04:00,59.630001068115234,59.630001068115234,59.630001068115234,59.630001068115234,267,0.0,0.0
2024-08-06 12:10:00-04:00,59.63999938964844,59.63999938964844,59.63999938964844,59.63999938964844,120,0.0,0.0
2024-08-06 12:15:00-04:00,59.70000076293945,59.70000076293945,59.70000076293945,59.70000076293945,355,0.0,0.0
2024-08-06 12:20:00-04:00,59.70000076293945,59.70000076293945,59.70000076293945,59.70000076293945,667,0.0,0.0
2024-08-06 12:35:00-04:00,59.619998931884766,59.619998931884766,59.61000061035156,59.61000061035156,421,0.0,0.0
2024-08-06 12:40:00-04:00,59.61000061035156,59.61000061035156,59.61000061035156,59.61000061035156,1162,0.0,0.0
2024-08-06 12:45:00-04:00,59.45000076293945,59.45000076293945,59.45000076293945,59.45000076293945,228,0.0,0.0
2024-08-06 12:50:00-04:00,59.400001525878906,59.400001525878906,59.400001525878906,59.400001525878906,450,0.0,0.0
2024-08-06 13:00:00-04:00,59.439998626708984,59.45000076293945,59.439998626708984,59.45000076293945,330,0.0,0.0
2024-08-06 13:05:00-04:00,59.52000045776367,59.52000045776367,59.52000045776367,59.52000045776367,308,0.0,0.0
2024-08-06 13:20:00-04:00,59.43000030517578,59.43000030517578,59.43000030517578,59.43000030517578,396,0.0,0.0
2024-08-06 13:25:00-04:00,59.52000045776367,59.52000045776367,59.52000045776367,59.52000045776367,1690,0.0,0.0
2024-08-06 14:10:00-04:00,59.439998626708984,59.439998626708984,59.439998626708984,59.439998626708984,242,0.0,0.0
2024-08-06 14:25:00-04:00,59.560001373291016,59.560001373291016,59.560001373291016,59.560001373291016,511,0.0,0.0
2024-08-06 14:30:00-04:00,59.43000030517578,59.43000030517578,59.43000030517578,59.43000030517578,287,0.0,0.0
2024-08-06 14:35:00-04:00,59.43000030517578,59.43000030517578,59.43000030517578,59.43000030517578,1221,0.0,0.0
2024-08-06 14:55:00-04:00,59.45000076293945,59.45000076293945,59.45000076293945,59.45000076293945,1056,0.0,0.0
2024-08-06 15:00:00-04:00,59.5,59.5,59.48500061035156,59.48500061035156,13234,0.0,0.0
2024-08-06 15:10:00-04:00,59.41999816894531,59.41999816894531,59.404998779296875,59.404998779296875,499,0.0,0.0
2024-08-06 15:15:00-04:00,59.41999816894531,59.41999816894531,59.41999816894531,59.41999816894531,216,0.0,0.0
2024-08-06 15:20:00-04:00,59.4900016784668,59.4900016784668,59.4900016784668,59.4900016784668,563,0.0,0.0
2024-08-06 15:25:00-04:00,59.4900016784668,59.51499938964844,59.4900016784668,59.51499938964844,1343,0.0,0.0
2024-08-06 15:30:00-04:00,59.4900016784668,59.4900016784668,59.4900016784668,59.4900016784668,822,0.0,0.0
2024-08-06 15:45:00-04:00,59.459999084472656,59.459999084472656,59.40999984741211,59.40999984741211,1801,0.0,0.0
2024-08-06 15:55:00-04:00,59.40999984741211,59.540000915527344,59.40999984741211,59.459999084472656,8059,0.0,0.0
2024-08-07 09:30:00-04:00,59.970001220703125,59.970001220703125,59.970001220703125,59.970001220703125,12929,0.0,0.0
2024-08-07 09:45:00-04:00,59.529998779296875,59.529998779296875,59.529998779296875,59.529998779296875,739,0.0,0.0
2024-08-07 09:50:00-04:00,59.5,59.5,59.5,59.5,922,0.0,0.0
2024-08-07 09:55:00-04:00,59.529998779296875,59.529998779296875,59.45000076293945,59.45000076293945,1335,0.0,0.0
2024-08-07 10:00:00-04:00,59.38999938964844,59.38999938964844,59.38999938964844,59.38999938964844,620,0.0,0.0
2024-08-07 10:10:00-04:00,59.540000915527344,59.56999969482422,59.45000076293945,59.459999084472656,1347,0.0,0.0
2024-08-07 10:20:00-04:00,59.46500015258789,59.5093994140625,59.33000183105469,59.33000183105469,1230,0.0,0.0
2024-08-07 10:40:00-04:00,59.45500183105469,59.5,59.45000076293945,59.459999084472656,1921,0.0,0.0
2024-08-07 10:45:00-04:00,59.5,59.5099983215332,59.459999084472656,59.5,2871,0.0,0.0
2024-08-07 10:50:00-04:00,59.459999084472656,59.459999084472656,59.45000076293945,59.459999084472656,5272,0.0,0.0
2024-08-07 11:00:00-04:00,59.40999984741211,59.45000076293945,59.40999984741211,59.45000076293945,1382,0.0,0.0
2024-08-07 11:05:00-04:00,59.45000076293945,59.474998474121094,59.45000076293945,59.474998474121094,5326,0.0,0.0
2024-08-07 11:10:00-04:00,59.5099983215332,59.5099983215332,59.5099983215332,59.5099983215332,16516,0.0,0.0
2024-08-07 11:15:00-04:00,59.51499938964844,59.529998779296875,59.51499938964844,59.529998779296875,0,0.0,0.0
2024-08-07 12:00:00-04:00,59.45000076293945,59.45000076293945,59.45000076293945,59.45000076293945,8916,0.0,0.0
2024-08-07 12:05:00-04:00,59.45000076293945,59.45000076293945,59.45000076293945,59.45000076293945,123,0.0,0.0
2024-08-07 12:10:00-04:00,59.45000076293945,59.47999954223633,59.45000076293945,59.47999954223633,1143,0.0,0.0
2024-08-07 12:25:00-04:00,59.46099853515625,59.525001525878906,59.46009826660156,59.525001525878906,389,0.0,0.0
2024-08-07 12:30:00-04:00,59.467899322509766,59.467899322509766,59.46009826660156,59.46009826660156,386,0.0,0.0
2024-08-07 12:35:00-04:00,59.46739959716797,59.46739959716797,59.46739959716797,59.46739959716797,577,0.0,0.0
2024-08-07 12:40:00-04:00,59.46839904785156,59.46839904785156,59.41999816894531,59.41999816894531,1029,0.0,0.0
2024-08-07 12:45:00-04:00,59.43000030517578,59.43000030517578,59.43000030517578,59.43000030517578,340,0.0,0.0
2024-08-07 12:50:00-04:00,59.42499923706055,59.4900016784668,59.42499923706055,59.4900016784668,1349,0.0,0.0
2024-08-07 12:55:00-04:00,59.384700775146484,59.45000076293945,59.384700775146484,59.439998626708984,858,0.0,0.0
2024-08-07 13:00:00-04:00,59.44499969482422,59.44499969482422,59.44499969482422,59.44499969482422,334,0.0,0.0
2024-08-07 13:05:00-04:00,59.470001220703125,59.505001068115234,59.470001220703125,59.47999954223633,928,0.0,0.0
2024-08-07 13:20:00-04:00,59.45009994506836,59.45009994506836,59.45009994506836,59.45009994506836,1089,0.0,0.0
2024-08-07 13:25:00-04:00,59.45009994506836,59.45009994506836,59.45009994506836,59.45009994506836,116,0.0,0.0
2024-08-07 13:30:00-04:00,59.45669937133789,59.45669937133789,59.45669937133789,59.45669937133789,517,0.0,0.0
2024-08-07 13:35:00-04:00,59.45000076293945,59.459999084472656,59.36669921875,59.45000076293945,2580,0.0,0.0
2024-08-07 13:40:00-04:00,59.41999816894531,59.42499923706055,59.41999816894531,59.42499923706055,1234,0.0,0.0
2024-08-07 13:55:00-04:00,59.415000915527344,59.41999816894531,59.415000915527344,59.415000915527344,894,0.0,0.0
2024-08-07 14:00:00-04:00,59.40999984741211,59.45000076293945,59.40999984741211,59.45000076293945,2003,0.0,0.0
2024-08-07 14:15:00-04:00,59.459999084472656,59.459999084472656,59.400001525878906,59.400001525878906,2817,0.0,0.0
2024-08-07 14:20:00-04:00,59.380001068115234,59.380001068115234,59.380001068115234,59.380001068115234,1055,0.0,0.0
2024-08-07 14:25:00-04:00,59.400001525878906,59.40439987182617,59.400001525878906,59.40439987182617,689,0.0,0.0
2024-08-07 14:30:00-04:00,59.384700775146484,59.384700775146484,59.384700775146484,59.384700775146484,262,0.0,0.0
2024-08-07 14:35:00-04:00,59.380001068115234,59.400001525878906,59.380001068115234,59.38999938964844,2236,0.0,0.0
2024-08-07 14:45:00-04:00,59.400001525878906,59.400001525878906,59.400001525878906,59.400001525878906,470,0.0,0.0
2024-08-07 14:50:00-04:00,59.400001525878906,59.400001525878906,59.3650016784668,59.3650016784668,911,0.0,0.0
2024-08-07 14:55:00-04:00,59.400001525878906,59.40999984741211,59.400001525878906,59.40999984741211,754,0.0,0.0
2024-08-07 15:00:00-04:00,59.42499923706055,59.45000076293945,59.42499923706055,59.45000076293945,1309,0.0,0.0
2024-08-07 15:10:00-04:00,59.45000076293945,59.45000076293945,59.400001525878906,59.41999816894531,2246,0.0,0.0
2024-08-07 15:15:00-04:00,59.47999954223633,59.47999954223633,59.47999954223633,59.47999954223633,273,0.0,0.0
2024-08-07 15:20:00-04:00,59.560001373291016,59.560001373291016,59.560001373291016,59.560001373291016,998,0.0,0.0
2024-08-07 15:25:00-04:00,59.5,59.5,59.5,59.5,367,0.0,0.0
2024-08-07 15:30:00-04:00,59.45000076293945,59.459999084472656,59.45000076293945,59.45610046386719,1515,0.0,0.0
2024-08-07 15:35:00-04:00,59.45000076293945,59.4900016784668,59.45000076293945,59.4900016784668,847,0.0,0.0
2024-08-07 15:40:00-04:00,59.459999084472656,59.459999084472656,59.45000076293945,59.459999084472656,2924,0.0,0.0
2024-08-07 15:45:00-04:00,59.459999084472656,59.48500061035156,59.459999084472656,59.47999954223633,1134,0.0,0.0
2024-08-07 15:50:00-04:00,59.459999084472656,59.474998474121094,59.41999816894531,59.42499923706055,4349,0.0,0.0
2024-08-07 15:55:00-04:00,59.41999816894531,59.459999084472656,59.400001525878906,59.43000030517578,25167,0.0,0.0
2024-08-08 09:40:00-04:00,59.43000030517578,59.43000030517578,59.36000061035156,59.36000061035156,4192,0.0,0.0
2024-08-08 10:00:00-04:00,59.380001068115234,59.380001068115234,59.36000061035156,59.36000061035156,1864,0.0,0.0
2024-08-08 10:15:00-04:00,59.45000076293945,59.540000915527344,59.43000030517578,59.5,3521,0.0,0.0
2024-08-08 10:25:00-04:00,59.54999923706055,59.54999923706055,59.54999923706055,59.54999923706055,971,0.0,0.0
2024-08-08 10:45:00-04:00,59.470001220703125,59.470001220703125,59.470001220703125,59.470001220703125,244,0.0,0.0
2024-08-08 10:50:00-04:00,59.45000076293945,59.45000076293945,59.45000076293945,59.45000076293945,1108,0.0,0.0
2024-08-08 11:05:00-04:00,59.47999954223633,59.47999954223633,59.47999954223633,59.47999954223633,1460,0.0,0.0
2024-08-08 11:10:00-04:00,59.45000076293945,59.57500076293945,59.45000076293945,59.57500076293945,1260,0.0,0.0
2024-08-08 11:15:00-04:00,59.52000045776367,59.52000045776367,59.52000045776367,59.52000045776367,340,0.0,0.0
2024-08-08 11:40:00-04:00,59.54890060424805,59.54890060424805,59.54890060424805,59.54890060424805,127,0.0,0.0
2024-08-08 11:50:00-04:00,59.459999084472656,59.459999084472656,59.459999084472656,59.459999084472656,310,0.0,0.0
2024-08-08 11:55:00-04:00,59.459999084472656,59.459999084472656,59.459999084472656,59.459999084472656,809,0.0,0.0
2024-08-08 12:30:00-04:00,59.45000076293945,59.45000076293945,59.45000076293945,59.45000076293945,339,0.0,0.0
2024-08-08 12:35:00-04:00,59.40999984741211,59.40999984741211,59.40999984741211,59.40999984741211,123,0.0,0.0
2024-08-08 12:40:00-04:00,59.45000076293945,59.45000076293945,59.45000076293945,59.45000076293945,4151,0.0,0.0
2024-08-08 13:40:00-04:00,59.47869873046875,59.47869873046875,59.47869873046875,59.47869873046875,1150,0.0,0.0
2024-08-08 14:05:00-04:00,59.47999954223633,59.47999954223633,59.470001220703125,59.470001220703125,1087,0.0,0.0
2024-08-08 14:15:00-04:00,59.45500183105469,59.45500183105469,59.45500183105469,59.45500183105469,1019,0.0,0.0
2024-08-08 14:20:00-04:00,59.459999084472656,59.459999084472656,59.459999084472656,59.459999084472656,1857,0.0,0.0
2024-08-08 15:05:00-04:00,59.47999954223633,59.47999954223633,59.47999954223633,59.47999954223633,1253,0.0,0.0
2024-08-08 15:25:00-04:00,59.5,59.5,59.5,59.5,581,0.0,0.0
2024-08-08 15:30:00-04:00,59.5,59.5,59.5,59.5,612,0.0,0.0
2024-08-08 15:35:00-04:00,59.4900016784668,59.52000045776367,59.4900016784668,59.4900016784668,2097,0.0,0.0
2024-08-08 15:45:00-04:00,59.4900016784668,59.52000045776367,59.4900016784668,59.52000045776367,2986,0.0,0.0
2024-08-08 15:50:00-04:00,59.529998779296875,59.540000915527344,59.529998779296875,59.529998779296875,1662,0.0,0.0
2024-08-08 15:55:00-04:00,59.52000045776367,59.584999084472656,59.52000045776367,59.529998779296875,3178,0.0,0.0
2024-08-09 09:30:00-04:00,59.52000045776367,59.52000045776367,59.52000045776367,59.52000045776367,568,0.0,0.0
2024-08-09 09:45:00-04:00,59.5,59.5,59.5,59.5,2926,0.0,0.0
2024-08-09 11:25:00-04:00,59.5,59.65999984741211,59.5,59.65999984741211,2581,0.0,0.0
2024-08-09 11:30:00-04:00,59.529998779296875,59.529998779296875,59.5099983215332,59.5099983215332,3071,0.0,0.0
2024-08-09 11:45:00-04:00,59.567501068115234,59.567501068115234,59.567501068115234,59.567501068115234,128,0.0,0.0
2024-08-09 11:55:00-04:00,59.560001373291016,59.560001373291016,59.560001373291016,59.560001373291016,628,0.0,0.0
2024-08-09 12:05:00-04:00,59.61000061035156,59.61000061035156,59.61000061035156,59.61000061035156,1920,0.0,0.0
2024-08-09 13:10:00-04:00,59.59000015258789,59.59000015258789,59.59000015258789,59.59000015258789,337,0.0,0.0
2024-08-09 13:45:00-04:00,59.54999923706055,59.54999923706055,59.54999923706055,59.54999923706055,804,0.0,0.0
2024-08-09 14:15:00-04:00,59.54999923706055,59.54999923706055,59.54999923706055,59.54999923706055,471,0.0,0.0
2024-08-09 14:50:00-04:00,59.54999923706055,59.54999923706055,59.54999923706055,59.54999923706055,698,0.0,0.0
2024-08-09 15:00:00-04:00,59.61000061035156,59.61000061035156,59.61000061035156,59.61000061035156,552,0.0,0.0
2024-08-09 15:10:00-04:00,59.560001373291016,59.560001373291016,59.560001373291016,59.560001373291016,341,0.0,0.0
2024-08-09 15:25:00-04:00,59.54999923706055,59.54999923706055,59.54999923706055,59.54999923706055,496,0.0,0.0
2024-08-09 15:50:00-04:00,59.59000015258789,59.59000015258789,59.59000015258789,59.59000015258789,389,0.0,0.0
2024-08-09 15:55:00-04:00,59.59000015258789,59.82500076293945,59.59000015258789,59.790000915527344,5448,0.0,0.0
