Datetime,Open,High,Low,Close,Volume,Dividends,Stock Splits
2024-07-10 09:30:00-04:00,53.834999084472656,56.7599983215332,52.7400016784668,56.04990005493164,64832,0.0,0.0
2024-07-10 09:35:00-04:00,55.775001525878906,55.97999954223633,52.5099983215332,53.04999923706055,75988,0.0,0.0
2024-07-10 09:40:00-04:00,53.19499969482422,55.34000015258789,53.04999923706055,54.94499969482422,22115,0.0,0.0
2024-07-10 09:45:00-04:00,54.85499954223633,55.380001068115234,54.29999923706055,54.77000045776367,33812,0.0,0.0
2024-07-10 09:50:00-04:00,54.439998626708984,54.439998626708984,52.47999954223633,52.86000061035156,23557,0.0,0.0
2024-07-10 09:55:00-04:00,53.0099983215332,53.13999938964844,51.720001220703125,51.720001220703125,20125,0.0,0.0
2024-07-10 10:00:00-04:00,52.06999969482422,52.150001525878906,51.130001068115234,51.244998931884766,13580,0.0,0.0
2024-07-10 10:05:00-04:00,51.2400016784668,52.244998931884766,51.150001525878906,51.79999923706055,12566,0.0,0.0
2024-07-10 10:10:00-04:00,51.689998626708984,51.744998931884766,50.88999938964844,51.06999969482422,26203,0.0,0.0
2024-07-10 10:15:00-04:00,51.0,52.029998779296875,50.9900016784668,51.54999923706055,10825,0.0,0.0
2024-07-10 10:20:00-04:00,51.45000076293945,52.08000183105469,51.119998931884766,52.06999969482422,11460,0.0,0.0
2024-07-10 10:25:00-04:00,52.08000183105469,52.650001525878906,51.810001373291016,51.939998626708984,9735,0.0,0.0
2024-07-10 10:30:00-04:00,51.54999923706055,51.560001373291016,51.290000915527344,51.52000045776367,10494,0.0,0.0
2024-07-10 10:35:00-04:00,51.380001068115234,51.560001373291016,51.0,51.560001373291016,14738,0.0,0.0
2024-07-10 10:40:00-04:00,51.630001068115234,52.66999816894531,51.630001068115234,52.2400016784668,12110,0.0,0.0
2024-07-10 10:45:00-04:00,52.188201904296875,52.560001373291016,52.099998474121094,52.5099983215332,3994,0.0,0.0
2024-07-10 10:50:00-04:00,52.5,52.65999984741211,52.11000061035156,52.290000915527344,4223,0.0,0.0
2024-07-10 10:55:00-04:00,52.34000015258789,52.34000015258789,52.25,52.2599983215332,5346,0.0,0.0
2024-07-10 11:00:00-04:00,52.025299072265625,52.54990005493164,52.025299072265625,52.09000015258789,4828,0.0,0.0
2024-07-10 11:05:00-04:00,52.06999969482422,52.779998779296875,51.9900016784668,52.630001068115234,8977,0.0,0.0
2024-07-10 11:10:00-04:00,52.279998779296875,52.70000076293945,52.279998779296875,52.70000076293945,2802,0.0,0.0
2024-07-10 11:15:00-04:00,52.70000076293945,52.779998779296875,52.5099983215332,52.529998779296875,2576,0.0,0.0
2024-07-10 11:20:00-04:00,52.54999923706055,52.54999923706055,52.182498931884766,52.45000076293945,4027,0.0,0.0
2024-07-10 11:25:00-04:00,52.439998626708984,52.439998626708984,52.18000030517578,52.18000030517578,5930,0.0,0.0
2024-07-10 11:30:00-04:00,52.06999969482422,52.06999969482422,51.660099029541016,51.779998779296875,5597,0.0,0.0
2024-07-10 11:35:00-04:00,51.779998779296875,51.95000076293945,51.02000045776367,51.06999969482422,10236,0.0,0.0
2024-07-10 11:40:00-04:00,51.189998626708984,51.56999969482422,51.02000045776367,51.56999969482422,11389,0.0,0.0
2024-07-10 11:45:00-04:00,51.40999984741211,51.40999984741211,51.10499954223633,51.400001525878906,14131,0.0,0.0
2024-07-10 11:50:00-04:00,51.400001525878906,51.52000045776367,51.11000061035156,51.310001373291016,25081,0.0,0.0
2024-07-10 11:55:00-04:00,51.47999954223633,51.869998931884766,51.47999954223633,51.869998931884766,9033,0.0,0.0
2024-07-10 12:00:00-04:00,51.880001068115234,51.9900016784668,51.779998779296875,51.9900016784668,6157,0.0,0.0
2024-07-10 12:05:00-04:00,52.130001068115234,52.56999969482422,52.130001068115234,52.45000076293945,4957,0.0,0.0
2024-07-10 12:10:00-04:00,52.41999816894531,52.41999816894531,51.970001220703125,52.130001068115234,4974,0.0,0.0
2024-07-10 12:15:00-04:00,52.130001068115234,52.380001068115234,51.869998931884766,52.03499984741211,5441,0.0,0.0
2024-07-10 12:20:00-04:00,52.15999984741211,52.36000061035156,52.15999984741211,52.349998474121094,3720,0.0,0.0
2024-07-10 12:25:00-04:00,52.43000030517578,52.79999923706055,52.41999816894531,52.790000915527344,12446,0.0,0.0
2024-07-10 12:30:00-04:00,52.63999938964844,52.97999954223633,52.60380172729492,52.79999923706055,4098,0.0,0.0
2024-07-10 12:35:00-04:00,52.70000076293945,52.79999923706055,52.45500183105469,52.70000076293945,13655,0.0,0.0
2024-07-10 12:40:00-04:00,52.54999923706055,52.66999816894531,52.5099983215332,52.66999816894531,4276,0.0,0.0
2024-07-10 12:45:00-04:00,52.400001525878906,52.459999084472656,51.630001068115234,51.755001068115234,8713,0.0,0.0
2024-07-10 12:50:00-04:00,51.755001068115234,51.869998931884766,51.5099983215332,51.529998779296875,4639,0.0,0.0
2024-07-10 12:55:00-04:00,51.400001525878906,51.64899826049805,51.400001525878906,51.53499984741211,3387,0.0,0.0
2024-07-10 13:00:00-04:00,51.540000915527344,51.66999816894531,51.41999816894531,51.66999816894531,10121,0.0,0.0
2024-07-10 13:05:00-04:00,51.459999084472656,51.56999969482422,51.38999938964844,51.5099983215332,3322,0.0,0.0
2024-07-10 13:10:00-04:00,51.61000061035156,51.744998931884766,51.599998474121094,51.709999084472656,5672,0.0,0.0
2024-07-10 13:15:00-04:00,51.650001525878906,51.7400016784668,51.0,51.0099983215332,17688,0.0,0.0
2024-07-10 13:20:00-04:00,51.0,51.05500030517578,50.61000061035156,50.904998779296875,15400,0.0,0.0
2024-07-10 13:25:00-04:00,51.0,51.08000183105469,50.79999923706055,50.939998626708984,9377,0.0,0.0
2024-07-10 13:30:00-04:00,50.90999984741211,51.060001373291016,50.7401008605957,50.875,3595,0.0,0.0
2024-07-10 13:35:00-04:00,50.880001068115234,50.880001068115234,50.09000015258789,50.09000015258789,14199,0.0,0.0
2024-07-10 13:40:00-04:00,50.2599983215332,50.45000076293945,50.2599983215332,50.45000076293945,4430,0.0,0.0
2024-07-10 13:45:00-04:00,50.529998779296875,50.810001373291016,50.529998779296875,50.61000061035156,4585,0.0,0.0
2024-07-10 13:50:00-04:00,50.47999954223633,50.599998474121094,50.27000045776367,50.599998474121094,8440,0.0,0.0
2024-07-10 13:55:00-04:00,50.540000915527344,50.59000015258789,50.420101165771484,50.54999923706055,3309,0.0,0.0
2024-07-10 14:00:00-04:00,50.630001068115234,51.04999923706055,50.540000915527344,50.974998474121094,4033,0.0,0.0
2024-07-10 14:05:00-04:00,51.040000915527344,51.04999923706055,50.529998779296875,50.529998779296875,9672,0.0,0.0
2024-07-10 14:10:00-04:00,50.60499954223633,50.68000030517578,50.40999984741211,50.68000030517578,11762,0.0,0.0
2024-07-10 14:15:00-04:00,50.779998779296875,50.900001525878906,50.76129913330078,50.900001525878906,3841,0.0,0.0
2024-07-10 14:20:00-04:00,50.779998779296875,51.209999084472656,50.7036018371582,51.20000076293945,4626,0.0,0.0
2024-07-10 14:25:00-04:00,51.209999084472656,51.209999084472656,51.09000015258789,51.09000015258789,1967,0.0,0.0
2024-07-10 14:30:00-04:00,51.15999984741211,51.15999984741211,50.25,50.25,13995,0.0,0.0
2024-07-10 14:35:00-04:00,50.2400016784668,50.790000915527344,50.2400016784668,50.494998931884766,12160,0.0,0.0
2024-07-10 14:40:00-04:00,50.400001525878906,50.40999984741211,50.26499938964844,50.40999984741211,2738,0.0,0.0
2024-07-10 14:45:00-04:00,50.33000183105469,50.40999984741211,50.33000183105469,50.369998931884766,2087,0.0,0.0
2024-07-10 14:50:00-04:00,50.459999084472656,50.470001220703125,50.270999908447266,50.41999816894531,6750,0.0,0.0
2024-07-10 14:55:00-04:00,50.38999938964844,50.45000076293945,50.27000045776367,50.38999938964844,6390,0.0,0.0
2024-07-10 15:00:00-04:00,50.43000030517578,50.65999984741211,50.369998931884766,50.369998931884766,8969,0.0,0.0
2024-07-10 15:05:00-04:00,50.40999984741211,50.41999816894531,50.209999084472656,50.400001525878906,17783,0.0,0.0
2024-07-10 15:10:00-04:00,50.39500045776367,50.68000030517578,50.39500045776367,50.68000030517578,3732,0.0,0.0
2024-07-10 15:15:00-04:00,50.70000076293945,50.70000076293945,50.42499923706055,50.56999969482422,12773,0.0,0.0
2024-07-10 15:20:00-04:00,50.42499923706055,50.97999954223633,50.42499923706055,50.89500045776367,12133,0.0,0.0
2024-07-10 15:25:00-04:00,50.89500045776367,50.904998779296875,50.42250061035156,50.459999084472656,10021,0.0,0.0
2024-07-10 15:30:00-04:00,50.470001220703125,50.65999984741211,50.369998931884766,50.4900016784668,13011,0.0,0.0
2024-07-10 15:35:00-04:00,50.42499923706055,50.470001220703125,49.70000076293945,49.70000076293945,30279,0.0,0.0
2024-07-10 15:40:00-04:00,49.684600830078125,49.749900817871094,49.560001373291016,49.650001525878906,20960,0.0,0.0
2024-07-10 15:45:00-04:00,49.7400016784668,50.43000030517578,49.70500183105469,50.29999923706055,19085,0.0,0.0
2024-07-10 15:50:00-04:00,50.29499816894531,50.29499816894531,49.959999084472656,49.96500015258789,37364,0.0,0.0
2024-07-10 15:55:00-04:00,49.880001068115234,49.880001068115234,49.0099983215332,49.060001373291016,57876,0.0,0.0
2024-07-11 09:30:00-04:00,50.22999954223633,51.970001220703125,50.119998931884766,51.349998474121094,26830,0.0,0.0
2024-07-11 09:35:00-04:00,51.130001068115234,51.45000076293945,50.529998779296875,50.75,8513,0.0,0.0
2024-07-11 09:40:00-04:00,51.529998779296875,52.880001068115234,51.19200134277344,52.25189971923828,11239,0.0,0.0
2024-07-11 09:45:00-04:00,52.5,52.869998931884766,52.25,52.459999084472656,18409,0.0,0.0
2024-07-11 09:50:00-04:00,52.6349983215332,53.314998626708984,52.630001068115234,53.279998779296875,21912,0.0,0.0
2024-07-11 09:55:00-04:00,53.32500076293945,53.83000183105469,52.32809829711914,53.83000183105469,12254,0.0,0.0
2024-07-11 10:00:00-04:00,53.5,54.68000030517578,53.5,54.56840133666992,5775,0.0,0.0
2024-07-11 10:05:00-04:00,54.45000076293945,55.560001373291016,54.45000076293945,55.275001525878906,20871,0.0,0.0
2024-07-11 10:10:00-04:00,55.519901275634766,55.519901275634766,55.0,55.0,10981,0.0,0.0
2024-07-11 10:15:00-04:00,54.901100158691406,55.34000015258789,54.901100158691406,55.34000015258789,4762,0.0,0.0
2024-07-11 10:20:00-04:00,55.54999923706055,55.7599983215332,55.029998779296875,55.029998779296875,20613,0.0,0.0
2024-07-11 10:25:00-04:00,55.029998779296875,55.560001373291016,55.0099983215332,55.560001373291016,6163,0.0,0.0
2024-07-11 10:30:00-04:00,55.900001525878906,55.9900016784668,55.446800231933594,55.7400016784668,5718,0.0,0.0
2024-07-11 10:35:00-04:00,55.5,55.840599060058594,55.36000061035156,55.36000061035156,3420,0.0,0.0
2024-07-11 10:40:00-04:00,55.5,56.150001525878906,55.36000061035156,55.97999954223633,8445,0.0,0.0
2024-07-11 10:45:00-04:00,56.220001220703125,56.380001068115234,56.0,56.290000915527344,7922,0.0,0.0
2024-07-11 10:50:00-04:00,56.24509811401367,56.63999938964844,55.96189880371094,56.53499984741211,10084,0.0,0.0
2024-07-11 10:55:00-04:00,56.599998474121094,56.599998474121094,55.570098876953125,55.88999938964844,11963,0.0,0.0
2024-07-11 11:00:00-04:00,56.119998931884766,56.20000076293945,55.470001220703125,55.470001220703125,6578,0.0,0.0
2024-07-11 11:05:00-04:00,55.730899810791016,56.15999984741211,55.58000183105469,55.63999938964844,4931,0.0,0.0
2024-07-11 11:10:00-04:00,55.337799072265625,55.53499984741211,55.04999923706055,55.04999923706055,4746,0.0,0.0
2024-07-11 11:15:00-04:00,55.15999984741211,55.470001220703125,55.000099182128906,55.000099182128906,2425,0.0,0.0
2024-07-11 11:20:00-04:00,55.279998779296875,55.54999923706055,55.279998779296875,55.54999923706055,1217,0.0,0.0
2024-07-11 11:25:00-04:00,55.66999816894531,55.95000076293945,55.66999816894531,55.775901794433594,1790,0.0,0.0
2024-07-11 11:30:00-04:00,55.959999084472656,55.959999084472656,55.59000015258789,55.59000015258789,2333,0.0,0.0
2024-07-11 11:35:00-04:00,55.59000015258789,55.7400016784668,54.72999954223633,54.72999954223633,10105,0.0,0.0
2024-07-11 11:40:00-04:00,54.56999969482422,54.970001220703125,54.56999969482422,54.970001220703125,5434,0.0,0.0
2024-07-11 11:45:00-04:00,54.61000061035156,54.82500076293945,54.61000061035156,54.62260055541992,1367,0.0,0.0
2024-07-11 11:50:00-04:00,54.82500076293945,55.08000183105469,54.82500076293945,55.08000183105469,4008,0.0,0.0
2024-07-11 11:55:00-04:00,54.71009826660156,54.900001525878906,54.560001373291016,54.560001373291016,10746,0.0,0.0
2024-07-11 12:00:00-04:00,54.60499954223633,54.650001525878906,54.45000076293945,54.63999938964844,7384,0.0,0.0
2024-07-11 12:05:00-04:00,54.54290008544922,54.630001068115234,54.380001068115234,54.630001068115234,6200,0.0,0.0
2024-07-11 12:10:00-04:00,54.61000061035156,54.93000030517578,54.61000061035156,54.8650016784668,6607,0.0,0.0
2024-07-11 12:15:00-04:00,54.8650016784668,55.15999984741211,54.8650016784668,55.15999984741211,8215,0.0,0.0
2024-07-11 12:20:00-04:00,55.0099983215332,55.0099983215332,55.0,55.0099983215332,2856,0.0,0.0
2024-07-11 12:25:00-04:00,54.95000076293945,55.31999969482422,54.86000061035156,55.31999969482422,7493,0.0,0.0
2024-07-11 12:30:00-04:00,55.33000183105469,55.33000183105469,55.33000183105469,55.33000183105469,2212,0.0,0.0
2024-07-11 12:35:00-04:00,55.130001068115234,55.130001068115234,55.130001068115234,55.130001068115234,101,0.0,0.0
2024-07-11 12:40:00-04:00,55.32500076293945,55.439998626708984,55.06999969482422,55.06999969482422,1679,0.0,0.0
2024-07-11 12:45:00-04:00,55.06999969482422,55.209999084472656,55.060001373291016,55.20000076293945,2421,0.0,0.0
2024-07-11 12:50:00-04:00,55.165000915527344,55.27000045776367,55.11000061035156,55.152000427246094,3750,0.0,0.0
2024-07-11 12:55:00-04:00,55.20000076293945,55.40999984741211,55.20000076293945,55.23500061035156,6565,0.0,0.0
2024-07-11 13:00:00-04:00,55.0,55.04999923706055,54.900001525878906,55.02000045776367,3093,0.0,0.0
2024-07-11 13:05:00-04:00,55.150001525878906,55.279998779296875,55.0900993347168,55.150001525878906,2924,0.0,0.0
2024-07-11 13:10:00-04:00,55.150001525878906,55.150001525878906,55.040000915527344,55.040000915527344,1014,0.0,0.0
2024-07-11 13:15:00-04:00,55.40999984741211,55.689998626708984,55.40999984741211,55.53499984741211,3617,0.0,0.0
2024-07-11 13:20:00-04:00,55.689998626708984,55.689998626708984,55.540000915527344,55.540000915527344,1342,0.0,0.0
2024-07-11 13:25:00-04:00,55.65999984741211,55.7599983215332,55.65999984741211,55.72999954223633,1560,0.0,0.0
2024-07-11 13:30:00-04:00,55.7599983215332,55.7599983215332,55.60499954223633,55.65999984741211,1499,0.0,0.0
2024-07-11 13:35:00-04:00,55.5099983215332,55.669898986816406,55.36000061035156,55.669898986816406,3668,0.0,0.0
2024-07-11 13:40:00-04:00,55.650001525878906,55.77000045776367,55.60499954223633,55.77000045776367,4012,0.0,0.0
2024-07-11 13:45:00-04:00,55.58000183105469,55.769901275634766,55.58000183105469,55.769901275634766,1161,0.0,0.0
2024-07-11 13:50:00-04:00,55.369998931884766,55.380001068115234,55.16999816894531,55.18000030517578,2533,0.0,0.0
2024-07-11 13:55:00-04:00,55.290000915527344,55.290000915527344,55.290000915527344,55.290000915527344,1673,0.0,0.0
2024-07-11 14:00:00-04:00,55.130001068115234,55.18000030517578,55.06999969482422,55.119998931884766,3536,0.0,0.0
2024-07-11 14:05:00-04:00,55.0,55.09000015258789,55.0,55.05500030517578,1847,0.0,0.0
2024-07-11 14:10:00-04:00,55.20000076293945,55.369998931884766,55.20000076293945,55.369998931884766,3602,0.0,0.0
2024-07-11 14:15:00-04:00,55.400001525878906,55.5,55.400001525878906,55.4900016784668,1003,0.0,0.0
2024-07-11 14:20:00-04:00,55.5,55.5,55.479000091552734,55.47999954223633,1990,0.0,0.0
2024-07-11 14:25:00-04:00,55.505001068115234,55.65999984741211,55.42539978027344,55.461299896240234,2984,0.0,0.0
2024-07-11 14:30:00-04:00,55.63999938964844,55.779998779296875,55.59000015258789,55.779998779296875,2562,0.0,0.0
2024-07-11 14:35:00-04:00,55.61000061035156,55.63999938964844,55.400001525878906,55.45000076293945,7937,0.0,0.0
2024-07-11 14:40:00-04:00,55.51499938964844,55.51499938964844,55.51499938964844,55.51499938964844,639,0.0,0.0
2024-07-11 14:45:00-04:00,55.58000183105469,55.61000061035156,55.58000183105469,55.61000061035156,532,0.0,0.0
2024-07-11 14:50:00-04:00,55.51499938964844,55.86000061035156,55.400001525878906,55.86000061035156,2949,0.0,0.0
2024-07-11 14:55:00-04:00,56.040000915527344,56.040000915527344,55.68000030517578,55.744998931884766,3370,0.0,0.0
2024-07-11 15:00:00-04:00,55.619998931884766,55.70000076293945,55.61000061035156,55.70000076293945,1326,0.0,0.0
2024-07-11 15:05:00-04:00,55.70000076293945,55.70000076293945,55.369998931884766,55.369998931884766,2732,0.0,0.0
2024-07-11 15:10:00-04:00,55.380001068115234,55.380001068115234,55.34000015258789,55.34000015258789,2249,0.0,0.0
2024-07-11 15:15:00-04:00,55.31999969482422,55.31999969482422,54.95000076293945,54.95000076293945,7107,0.0,0.0
2024-07-11 15:20:00-04:00,54.959999084472656,55.18000030517578,54.959999084472656,55.125,16437,0.0,0.0
2024-07-11 15:25:00-04:00,55.22999954223633,55.41999816894531,55.22999954223633,55.404998779296875,3642,0.0,0.0
2024-07-11 15:30:00-04:00,55.45000076293945,55.599998474121094,55.349998474121094,55.5,4990,0.0,0.0
2024-07-11 15:35:00-04:00,55.56999969482422,55.599998474121094,55.2400016784668,55.2400016784668,5850,0.0,0.0
2024-07-11 15:40:00-04:00,55.154998779296875,55.334999084472656,55.099998474121094,55.290000915527344,11497,0.0,0.0
2024-07-11 15:45:00-04:00,55.15999984741211,55.43000030517578,55.119998931884766,55.30009841918945,14940,0.0,0.0
2024-07-11 15:50:00-04:00,55.44499969482422,55.97999954223633,55.42499923706055,55.505001068115234,21093,0.0,0.0
2024-07-11 15:55:00-04:00,55.47999954223633,55.52000045776367,55.02000045776367,55.02000045776367,39016,0.0,0.0
2024-07-12 09:30:00-04:00,56.43000030517578,57.35499954223633,56.43000030517578,57.35499954223633,10847,0.0,0.0
2024-07-12 09:35:00-04:00,57.220001220703125,58.16999816894531,56.349998474121094,56.7400016784668,10921,0.0,0.0
2024-07-12 09:40:00-04:00,56.76499938964844,56.76499938964844,56.0,56.0,5663,0.0,0.0
2024-07-12 09:45:00-04:00,56.03070068359375,56.09000015258789,55.84000015258789,55.84000015258789,4222,0.0,0.0
2024-07-12 09:50:00-04:00,55.84000015258789,55.84000015258789,55.63999938964844,55.63999938964844,3610,0.0,0.0
2024-07-12 09:55:00-04:00,56.13999938964844,56.33000183105469,56.08000183105469,56.11000061035156,2355,0.0,0.0
2024-07-12 10:00:00-04:00,56.06999969482422,56.18000030517578,55.7599983215332,56.18000030517578,4745,0.0,0.0
2024-07-12 10:05:00-04:00,56.2859992980957,56.2859992980957,56.18000030517578,56.18000030517578,1696,0.0,0.0
2024-07-12 10:10:00-04:00,56.02000045776367,56.22999954223633,55.84000015258789,56.10499954223633,2990,0.0,0.0
2024-07-12 10:15:00-04:00,55.9900016784668,55.9900016784668,55.900001525878906,55.900001525878906,1252,0.0,0.0
2024-07-12 10:20:00-04:00,56.209999084472656,56.3125,56.02000045776367,56.02000045776367,3428,0.0,0.0
2024-07-12 10:25:00-04:00,56.279998779296875,56.29999923706055,56.18000030517578,56.24800109863281,1470,0.0,0.0
2024-07-12 10:30:00-04:00,56.28499984741211,56.28499984741211,55.9900016784668,56.108001708984375,4015,0.0,0.0
2024-07-12 10:35:00-04:00,56.0,56.0,55.880001068115234,55.939998626708984,5499,0.0,0.0
2024-07-12 10:40:00-04:00,55.810001373291016,56.05500030517578,55.779998779296875,56.0,1857,0.0,0.0
2024-07-12 10:45:00-04:00,56.0099983215332,56.0099983215332,55.77000045776367,55.77000045776367,1689,0.0,0.0
2024-07-12 10:50:00-04:00,55.310001373291016,55.53499984741211,55.2599983215332,55.44499969482422,1982,0.0,0.0
2024-07-12 10:55:00-04:00,55.63999938964844,55.63999938964844,55.47999954223633,55.599998474121094,1758,0.0,0.0
2024-07-12 11:00:00-04:00,55.599998474121094,56.2400016784668,55.599998474121094,56.2400016784668,2006,0.0,0.0
2024-07-12 11:05:00-04:00,56.040000915527344,56.31999969482422,56.040000915527344,56.22999954223633,3719,0.0,0.0
2024-07-12 11:10:00-04:00,56.27000045776367,56.665000915527344,56.209999084472656,56.665000915527344,3148,0.0,0.0
2024-07-12 11:15:00-04:00,56.67499923706055,57.025001525878906,56.630001068115234,57.025001525878906,2848,0.0,0.0
2024-07-12 11:20:00-04:00,56.86000061035156,56.95500183105469,56.68000030517578,56.68000030517578,2809,0.0,0.0
2024-07-12 11:25:00-04:00,56.85499954223633,56.85499954223633,56.5,56.58000183105469,5587,0.0,0.0
2024-07-12 11:30:00-04:00,56.75,56.974998474121094,56.75,56.849998474121094,3929,0.0,0.0
2024-07-12 11:35:00-04:00,56.68000030517578,56.9900016784668,56.68000030517578,56.939998626708984,6003,0.0,0.0
2024-07-12 11:40:00-04:00,57.02000045776367,57.0525016784668,56.81999969482422,56.90999984741211,1758,0.0,0.0
2024-07-12 11:45:00-04:00,56.81999969482422,57.04999923706055,56.81999969482422,56.81999969482422,623,0.0,0.0
2024-07-12 11:50:00-04:00,57.04999923706055,57.04999923706055,56.380001068115234,56.380001068115234,3219,0.0,0.0
2024-07-12 11:55:00-04:00,56.625,56.625,56.4827995300293,56.4827995300293,1484,0.0,0.0
2024-07-12 12:00:00-04:00,56.415000915527344,56.48500061035156,56.380001068115234,56.380001068115234,1123,0.0,0.0
2024-07-12 12:05:00-04:00,56.38999938964844,56.5099983215332,56.150001525878906,56.150001525878906,2098,0.0,0.0
2024-07-12 12:10:00-04:00,56.029998779296875,56.15999984741211,55.95000076293945,56.084999084472656,2149,0.0,0.0
2024-07-12 12:15:00-04:00,56.130001068115234,56.13999938964844,55.810001373291016,55.810001373291016,1794,0.0,0.0
2024-07-12 12:20:00-04:00,55.86000061035156,55.86000061035156,55.72999954223633,55.86000061035156,2008,0.0,0.0
2024-07-12 12:25:00-04:00,55.630001068115234,55.80500030517578,55.56999969482422,55.69499969482422,1883,0.0,0.0
2024-07-12 12:30:00-04:00,55.630001068115234,55.709999084472656,55.630001068115234,55.709999084472656,502,0.0,0.0
2024-07-12 12:35:00-04:00,55.73500061035156,55.91999816894531,55.599998474121094,55.91999816894531,1829,0.0,0.0
2024-07-12 12:40:00-04:00,55.869998931884766,55.869998931884766,55.630001068115234,55.630001068115234,2372,0.0,0.0
2024-07-12 12:45:00-04:00,55.68000030517578,55.68000030517578,55.38999938964844,55.47999954223633,1485,0.0,0.0
2024-07-12 12:50:00-04:00,55.29999923706055,55.439998626708984,55.29999923706055,55.439998626708984,1361,0.0,0.0
2024-07-12 12:55:00-04:00,55.40999984741211,55.45500183105469,55.33000183105469,55.43000030517578,986,0.0,0.0
2024-07-12 13:00:00-04:00,55.5099983215332,55.5099983215332,55.060001373291016,55.060001373291016,2005,0.0,0.0
2024-07-12 13:05:00-04:00,55.040000915527344,55.224998474121094,55.040000915527344,55.119998931884766,1176,0.0,0.0
2024-07-12 13:10:00-04:00,55.29999923706055,55.3849983215332,55.130001068115234,55.255001068115234,3135,0.0,0.0
2024-07-12 13:15:00-04:00,55.029998779296875,55.029998779296875,54.650001525878906,54.81999969482422,4434,0.0,0.0
2024-07-12 13:20:00-04:00,54.77000045776367,54.81999969482422,54.77000045776367,54.81999969482422,1429,0.0,0.0
2024-07-12 13:25:00-04:00,55.02000045776367,55.150001525878906,54.88999938964844,54.900001525878906,2469,0.0,0.0
2024-07-12 13:30:00-04:00,54.880001068115234,54.880001068115234,54.880001068115234,54.880001068115234,1233,0.0,0.0
2024-07-12 13:40:00-04:00,54.98500061035156,55.16999816894531,54.869998931884766,55.09000015258789,1245,0.0,0.0
2024-07-12 13:45:00-04:00,55.20500183105469,55.20500183105469,55.040000915527344,55.040000915527344,1848,0.0,0.0
2024-07-12 13:50:00-04:00,55.23500061035156,55.40999984741211,55.099998474121094,55.189998626708984,2876,0.0,0.0
2024-07-12 13:55:00-04:00,55.06999969482422,55.17499923706055,55.06999969482422,55.17499923706055,949,0.0,0.0
2024-07-12 14:00:00-04:00,55.08000183105469,55.310001373291016,55.06999969482422,55.310001373291016,1750,0.0,0.0
2024-07-12 14:05:00-04:00,55.16999816894531,55.380001068115234,55.16999816894531,55.380001068115234,1126,0.0,0.0
2024-07-12 14:10:00-04:00,55.349998474121094,55.43000030517578,55.15999984741211,55.15999984741211,2021,0.0,0.0
2024-07-12 14:15:00-04:00,55.29999923706055,55.29999923706055,55.06999969482422,55.27000045776367,808,0.0,0.0
2024-07-12 14:20:00-04:00,55.220001220703125,55.33000183105469,55.15999984741211,55.33000183105469,1169,0.0,0.0
2024-07-12 14:25:00-04:00,55.20000076293945,55.20000076293945,55.16999816894531,55.16999816894531,1859,0.0,0.0
2024-07-12 14:30:00-04:00,55.150001525878906,55.22999954223633,55.13999938964844,55.150001525878906,2755,0.0,0.0
2024-07-12 14:35:00-04:00,55.16999816894531,55.31999969482422,55.16999816894531,55.16999816894531,2050,0.0,0.0
2024-07-12 14:40:00-04:00,55.369998931884766,55.369998931884766,54.810001373291016,55.0,3744,0.0,0.0
2024-07-12 14:45:00-04:00,54.91999816894531,54.939998626708984,54.7400016784668,54.81999969482422,862,0.0,0.0
2024-07-12 14:50:00-04:00,54.95500183105469,55.08000183105469,54.83000183105469,54.83000183105469,1460,0.0,0.0
2024-07-12 14:55:00-04:00,54.72999954223633,54.845001220703125,54.72999954223633,54.845001220703125,634,0.0,0.0
2024-07-12 15:00:00-04:00,54.959999084472656,55.08000183105469,54.93000030517578,55.02000045776367,2144,0.0,0.0
2024-07-12 15:05:00-04:00,55.0,55.0,54.970001220703125,54.970001220703125,1181,0.0,0.0
2024-07-12 15:10:00-04:00,54.939998626708984,54.939998626708984,54.83000183105469,54.83000183105469,2049,0.0,0.0
2024-07-12 15:15:00-04:00,54.84000015258789,54.915000915527344,54.810001373291016,54.810001373291016,1885,0.0,0.0
2024-07-12 15:20:00-04:00,54.779998779296875,54.83000183105469,54.70000076293945,54.82500076293945,1450,0.0,0.0
2024-07-12 15:25:00-04:00,54.7400016784668,55.02000045776367,54.7400016784668,54.83000183105469,3474,0.0,0.0
2024-07-12 15:30:00-04:00,55.084999084472656,55.084999084472656,54.75,55.02000045776367,3290,0.0,0.0
2024-07-12 15:35:00-04:00,55.130001068115234,55.130001068115234,54.779998779296875,54.814998626708984,3051,0.0,0.0
2024-07-12 15:40:00-04:00,54.77000045776367,55.22999954223633,54.7599983215332,55.06999969482422,8131,0.0,0.0
2024-07-12 15:45:00-04:00,55.09000015258789,55.09000015258789,54.939998626708984,55.060001373291016,3339,0.0,0.0
2024-07-12 15:50:00-04:00,54.959999084472656,55.22999954223633,54.959999084472656,55.099998474121094,7178,0.0,0.0
2024-07-12 15:55:00-04:00,55.09000015258789,55.19499969482422,54.720001220703125,54.72999954223633,20750,0.0,0.0
2024-07-15 09:30:00-04:00,54.209999084472656,54.209999084472656,53.4900016784668,53.505001068115234,10850,0.0,0.0
2024-07-15 09:35:00-04:00,53.720001220703125,54.560001373291016,53.27939987182617,53.91999816894531,5051,0.0,0.0
2024-07-15 09:40:00-04:00,54.04999923706055,54.310001373291016,54.04999923706055,54.310001373291016,1607,0.0,0.0
2024-07-15 09:45:00-04:00,54.790000915527344,54.84000015258789,54.66999816894531,54.79999923706055,1433,0.0,0.0
2024-07-15 09:50:00-04:00,54.5099983215332,54.93000030517578,54.5,54.93000030517578,1924,0.0,0.0
2024-07-15 10:00:00-04:00,55.17499923706055,55.17499923706055,54.779998779296875,54.779998779296875,2808,0.0,0.0
2024-07-15 10:05:00-04:00,54.5,54.5,54.5,54.5,683,0.0,0.0
2024-07-15 10:10:00-04:00,54.560001373291016,54.77000045776367,54.560001373291016,54.77000045776367,1179,0.0,0.0
2024-07-15 10:15:00-04:00,54.71500015258789,54.91999816894531,54.54999923706055,54.91999816894531,2553,0.0,0.0
2024-07-15 10:25:00-04:00,55.0099983215332,55.0099983215332,54.720001220703125,54.875,3632,0.0,0.0
2024-07-15 10:30:00-04:00,54.7400016784668,54.7400016784668,54.689998626708984,54.7400016784668,1719,0.0,0.0
2024-07-15 10:35:00-04:00,54.83100128173828,54.83100128173828,54.2400016784668,54.52000045776367,2024,0.0,0.0
2024-07-15 10:40:00-04:00,54.11000061035156,54.25,54.11000061035156,54.25,785,0.0,0.0
2024-07-15 10:45:00-04:00,54.189998626708984,54.369998931884766,54.189998626708984,54.369998931884766,2053,0.0,0.0
2024-07-15 10:50:00-04:00,54.130001068115234,54.5,54.130001068115234,54.38999938964844,3382,0.0,0.0
2024-07-15 10:55:00-04:00,54.36000061035156,54.43000030517578,54.279998779296875,54.279998779296875,1048,0.0,0.0
2024-07-15 11:00:00-04:00,54.290000915527344,54.59000015258789,54.290000915527344,54.59000015258789,2468,0.0,0.0
2024-07-15 11:05:00-04:00,54.529998779296875,54.529998779296875,54.5,54.5,806,0.0,0.0
2024-07-15 11:10:00-04:00,54.70000076293945,54.720001220703125,54.70000076293945,54.709999084472656,1578,0.0,0.0
2024-07-15 11:20:00-04:00,54.810001373291016,54.810001373291016,54.71500015258789,54.71500015258789,774,0.0,0.0
2024-07-15 11:25:00-04:00,54.657501220703125,54.68000030517578,54.619998931884766,54.68000030517578,1881,0.0,0.0
2024-07-15 11:30:00-04:00,54.33000183105469,54.33000183105469,54.33000183105469,54.33000183105469,798,0.0,0.0
2024-07-15 11:35:00-04:00,54.47999954223633,54.47999954223633,54.44499969482422,54.44499969482422,692,0.0,0.0
2024-07-15 11:40:00-04:00,54.66999816894531,54.66999816894531,54.66999816894531,54.66999816894531,698,0.0,0.0
2024-07-15 11:45:00-04:00,54.45000076293945,54.45000076293945,54.439998626708984,54.439998626708984,611,0.0,0.0
2024-07-15 11:50:00-04:00,54.58000183105469,54.68000030517578,54.58000183105469,54.68000030517578,2614,0.0,0.0
2024-07-15 11:55:00-04:00,54.9900016784668,54.9900016784668,54.709999084472656,54.875,4335,0.0,0.0
2024-07-15 12:00:00-04:00,54.75,54.75,54.720001220703125,54.720001220703125,2044,0.0,0.0
2024-07-15 12:05:00-04:00,54.47999954223633,54.61000061035156,54.439998626708984,54.439998626708984,4822,0.0,0.0
2024-07-15 12:15:00-04:00,54.46799850463867,54.46799850463867,54.46799850463867,54.46799850463867,437,0.0,0.0
2024-07-15 12:20:00-04:00,54.58000183105469,54.58000183105469,54.58000183105469,54.58000183105469,234,0.0,0.0
2024-07-15 12:25:00-04:00,54.56999969482422,54.630001068115234,54.56999969482422,54.619998931884766,2152,0.0,0.0
2024-07-15 12:30:00-04:00,54.599998474121094,54.599998474121094,54.36000061035156,54.38999938964844,1907,0.0,0.0
2024-07-15 12:40:00-04:00,54.369998931884766,54.66999816894531,54.369998931884766,54.66999816894531,1807,0.0,0.0
2024-07-15 12:45:00-04:00,54.665000915527344,54.665000915527344,54.529998779296875,54.529998779296875,646,0.0,0.0
2024-07-15 12:50:00-04:00,54.58110046386719,54.58110046386719,54.58110046386719,54.58110046386719,629,0.0,0.0
2024-07-15 12:55:00-04:00,54.72999954223633,54.810001373291016,54.5099983215332,54.5099983215332,2815,0.0,0.0
2024-07-15 13:00:00-04:00,54.5099983215332,54.53499984741211,54.36000061035156,54.53499984741211,4048,0.0,0.0
2024-07-15 13:10:00-04:00,54.529998779296875,54.65999984741211,54.529998779296875,54.65999984741211,696,0.0,0.0
2024-07-15 13:15:00-04:00,54.38999938964844,54.38999938964844,54.36000061035156,54.36000061035156,787,0.0,0.0
2024-07-15 13:20:00-04:00,54.58000183105469,54.84000015258789,54.470001220703125,54.84000015258789,2565,0.0,0.0
2024-07-15 13:25:00-04:00,54.81999969482422,54.869998931884766,54.689998626708984,54.689998626708984,1793,0.0,0.0
2024-07-15 13:30:00-04:00,54.65999984741211,54.65999984741211,54.560001373291016,54.560001373291016,1704,0.0,0.0
2024-07-15 13:35:00-04:00,54.6150016784668,54.6150016784668,54.6150016784668,54.6150016784668,769,0.0,0.0
2024-07-15 13:40:00-04:00,54.599998474121094,54.599998474121094,54.599998474121094,54.599998474121094,276,0.0,0.0
2024-07-15 13:45:00-04:00,54.68000030517578,54.68000030517578,54.68000030517578,54.68000030517578,1021,0.0,0.0
2024-07-15 13:55:00-04:00,54.560001373291016,54.560001373291016,54.400001525878906,54.400001525878906,610,0.0,0.0
2024-07-15 14:00:00-04:00,54.63999938964844,54.68000030517578,54.63999938964844,54.68000030517578,1100,0.0,0.0
2024-07-15 14:05:00-04:00,54.76499938964844,54.76499938964844,54.630001068115234,54.630001068115234,3976,0.0,0.0
2024-07-15 14:10:00-04:00,54.875,54.875,54.79999923706055,54.79999923706055,1241,0.0,0.0
2024-07-15 14:20:00-04:00,54.70500183105469,54.959999084472656,54.70500183105469,54.959999084472656,2116,0.0,0.0
2024-07-15 14:25:00-04:00,54.790000915527344,54.79999923706055,54.59000015258789,54.59000015258789,2440,0.0,0.0
2024-07-15 14:30:00-04:00,54.45000076293945,54.60499954223633,54.45000076293945,54.60499954223633,686,0.0,0.0
2024-07-15 14:35:00-04:00,54.400001525878906,54.4900016784668,54.400001525878906,54.4900016784668,2136,0.0,0.0
2024-07-15 14:40:00-04:00,54.08000183105469,54.08000183105469,53.790000915527344,53.790000915527344,3543,0.0,0.0
2024-07-15 14:55:00-04:00,53.81999969482422,53.81999969482422,53.69269943237305,53.69269943237305,2093,0.0,0.0
2024-07-15 15:00:00-04:00,53.779998779296875,53.95000076293945,53.7400016784668,53.7400016784668,2887,0.0,0.0
2024-07-15 15:05:00-04:00,53.779998779296875,53.95000076293945,53.779998779296875,53.849998474121094,879,0.0,0.0
2024-07-15 15:10:00-04:00,53.84000015258789,53.900001525878906,53.84000015258789,53.900001525878906,1909,0.0,0.0
2024-07-15 15:15:00-04:00,53.93000030517578,53.93000030517578,53.790000915527344,53.92499923706055,3342,0.0,0.0
2024-07-15 15:20:00-04:00,53.91999816894531,54.209999084472656,53.91999816894531,54.02000045776367,3585,0.0,0.0
2024-07-15 15:25:00-04:00,53.869998931884766,53.869998931884766,53.869998931884766,53.869998931884766,693,0.0,0.0
2024-07-15 15:30:00-04:00,53.790000915527344,53.91999816894531,53.7599983215332,53.91999816894531,1873,0.0,0.0
2024-07-15 15:35:00-04:00,53.88999938964844,53.88999938964844,53.70500183105469,53.70500183105469,1612,0.0,0.0
2024-07-15 15:40:00-04:00,53.61000061035156,53.61000061035156,53.310001373291016,53.310001373291016,3799,0.0,0.0
2024-07-15 15:45:00-04:00,53.40999984741211,53.470001220703125,53.260101318359375,53.35499954223633,3556,0.0,0.0
2024-07-15 15:50:00-04:00,53.27000045776367,53.40999984741211,53.2599983215332,53.36000061035156,7038,0.0,0.0
2024-07-15 15:55:00-04:00,53.209999084472656,53.24909973144531,53.064998626708984,53.119998931884766,9911,0.0,0.0
2024-07-16 09:30:00-04:00,53.90999984741211,54.03499984741211,53.500099182128906,54.01499938964844,4370,0.0,0.0
2024-07-16 09:35:00-04:00,54.83000183105469,55.224998474121094,54.689998626708984,54.994998931884766,3517,0.0,0.0
2024-07-16 09:40:00-04:00,55.01499938964844,55.67499923706055,54.83000183105469,55.59000015258789,7712,0.0,0.0
2024-07-16 09:45:00-04:00,55.90999984741211,55.90999984741211,55.45000076293945,55.85150146484375,3086,0.0,0.0
2024-07-16 09:50:00-04:00,55.845001220703125,56.2599983215332,55.845001220703125,56.19499969482422,2920,0.0,0.0
2024-07-16 09:55:00-04:00,56.20000076293945,56.30500030517578,55.9900016784668,55.9900016784668,2390,0.0,0.0
2024-07-16 10:00:00-04:00,55.88999938964844,56.19499969482422,55.86000061035156,55.870399475097656,3467,0.0,0.0
2024-07-16 10:05:00-04:00,56.220001220703125,56.220001220703125,55.70000076293945,55.814998626708984,1806,0.0,0.0
2024-07-16 10:10:00-04:00,56.064998626708984,56.279998779296875,56.064998626708984,56.279998779296875,3461,0.0,0.0
2024-07-16 10:15:00-04:00,56.08000183105469,56.20000076293945,56.060001373291016,56.185001373291016,1730,0.0,0.0
2024-07-16 10:20:00-04:00,56.275001525878906,56.275001525878906,56.2599983215332,56.2599983215332,1443,0.0,0.0
2024-07-16 10:25:00-04:00,56.119998931884766,56.22999954223633,56.099998474121094,56.130001068115234,1463,0.0,0.0
2024-07-16 10:30:00-04:00,56.287498474121094,56.290000915527344,56.28499984741211,56.28499984741211,1080,0.0,0.0
2024-07-16 10:35:00-04:00,56.54999923706055,56.959999084472656,56.54999923706055,56.834999084472656,5502,0.0,0.0
2024-07-16 10:40:00-04:00,56.63999938964844,56.959999084472656,56.63999938964844,56.93199920654297,2043,0.0,0.0
2024-07-16 10:45:00-04:00,57.279998779296875,57.889198303222656,57.040000915527344,57.57500076293945,10035,0.0,0.0
2024-07-16 10:50:00-04:00,57.64500045776367,57.650001525878906,57.64500045776367,57.650001525878906,1425,0.0,0.0
2024-07-16 10:55:00-04:00,57.95000076293945,57.95000076293945,57.810001373291016,57.86000061035156,1802,0.0,0.0
2024-07-16 11:00:00-04:00,57.939998626708984,58.189998626708984,57.849998474121094,58.189998626708984,6422,0.0,0.0
2024-07-16 11:05:00-04:00,58.279998779296875,58.279998779296875,57.95000076293945,58.07500076293945,4801,0.0,0.0
2024-07-16 11:10:00-04:00,58.10499954223633,58.22999954223633,57.97999954223633,58.10499954223633,1326,0.0,0.0
2024-07-16 11:15:00-04:00,58.0,58.22999954223633,57.95000076293945,58.22999954223633,4847,0.0,0.0
2024-07-16 11:20:00-04:00,58.15999984741211,58.165000915527344,57.95000076293945,57.95000076293945,4224,0.0,0.0
2024-07-16 11:25:00-04:00,57.86000061035156,58.040000915527344,57.86000061035156,57.959999084472656,2382,0.0,0.0
2024-07-16 11:30:00-04:00,58.154998779296875,58.154998779296875,57.95000076293945,57.95000076293945,2789,0.0,0.0
2024-07-16 11:35:00-04:00,58.220001220703125,58.220001220703125,57.63999938964844,57.77000045776367,3280,0.0,0.0
2024-07-16 11:40:00-04:00,57.77000045776367,58.349998474121094,57.77000045776367,58.349998474121094,5107,0.0,0.0
2024-07-16 11:45:00-04:00,57.97999954223633,58.04999923706055,57.93000030517578,58.040000915527344,1684,0.0,0.0
2024-07-16 11:50:00-04:00,58.02000045776367,58.02000045776367,57.849998474121094,57.8650016784668,1801,0.0,0.0
2024-07-16 11:55:00-04:00,57.8650016784668,57.8650016784668,57.8650016784668,57.8650016784668,487,0.0,0.0
2024-07-16 12:00:00-04:00,58.02000045776367,58.02000045776367,58.02000045776367,58.02000045776367,216,0.0,0.0
2024-07-16 12:05:00-04:00,57.70000076293945,57.70000076293945,57.70000076293945,57.70000076293945,616,0.0,0.0
2024-07-16 12:10:00-04:00,58.0099983215332,58.0099983215332,57.70000076293945,57.70000076293945,2090,0.0,0.0
2024-07-16 12:15:00-04:00,57.630001068115234,57.71500015258789,57.630001068115234,57.71500015258789,366,0.0,0.0
2024-07-16 12:20:00-04:00,57.5,57.83000183105469,57.5,57.70000076293945,1356,0.0,0.0
2024-07-16 12:30:00-04:00,57.810001373291016,57.810001373291016,57.52000045776367,57.52000045776367,1619,0.0,0.0
2024-07-16 12:35:00-04:00,57.52000045776367,57.52000045776367,57.52000045776367,57.52000045776367,207,0.0,0.0
2024-07-16 12:40:00-04:00,57.65999984741211,57.65999984741211,57.65999984741211,57.65999984741211,669,0.0,0.0
2024-07-16 12:45:00-04:00,57.665000915527344,57.67100143432617,57.01499938964844,57.16999816894531,5709,0.0,0.0
2024-07-16 12:50:00-04:00,57.27410125732422,57.27410125732422,57.150001525878906,57.244998931884766,708,0.0,0.0
2024-07-16 12:55:00-04:00,57.23500061035156,57.23500061035156,57.060001373291016,57.22309875488281,675,0.0,0.0
2024-07-16 13:00:00-04:00,57.224998474121094,57.224998474121094,57.04999923706055,57.04999923706055,765,0.0,0.0
2024-07-16 13:05:00-04:00,57.04999923706055,57.04999923706055,56.900001525878906,57.025001525878906,2231,0.0,0.0
2024-07-16 13:10:00-04:00,56.86000061035156,56.86000061035156,56.86000061035156,56.86000061035156,868,0.0,0.0
2024-07-16 13:15:00-04:00,56.83000183105469,56.880001068115234,56.83000183105469,56.880001068115234,1414,0.0,0.0
2024-07-16 13:20:00-04:00,57.040000915527344,57.36989974975586,56.96500015258789,57.36989974975586,11037,0.0,0.0
2024-07-16 13:25:00-04:00,57.41999816894531,58.22999954223633,57.41999816894531,58.06999969482422,10785,0.0,0.0
2024-07-16 13:35:00-04:00,57.97999954223633,58.209999084472656,57.97999954223633,58.1349983215332,7854,0.0,0.0
2024-07-16 13:40:00-04:00,57.959999084472656,58.33000183105469,57.959999084472656,58.220001220703125,4016,0.0,0.0
2024-07-16 13:45:00-04:00,58.36000061035156,58.36000061035156,58.13999938964844,58.13999938964844,2140,0.0,0.0
2024-07-16 13:50:00-04:00,58.45000076293945,58.45000076293945,58.38990020751953,58.38990020751953,507,0.0,0.0
2024-07-16 13:55:00-04:00,58.220001220703125,58.220001220703125,58.02000045776367,58.02000045776367,1694,0.0,0.0
2024-07-16 14:00:00-04:00,58.04499816894531,58.04499816894531,57.939998626708984,57.939998626708984,216,0.0,0.0
2024-07-16 14:05:00-04:00,58.03499984741211,58.599998474121094,58.03499984741211,58.599998474121094,8787,0.0,0.0
2024-07-16 14:10:00-04:00,58.44499969482422,58.44499969482422,57.93000030517578,58.119998931884766,3414,0.0,0.0
2024-07-16 14:15:00-04:00,57.9900016784668,57.9900016784668,57.7599983215332,57.7599983215332,1077,0.0,0.0
2024-07-16 14:20:00-04:00,57.720001220703125,57.82500076293945,57.720001220703125,57.81999969482422,3891,0.0,0.0
2024-07-16 14:25:00-04:00,57.83000183105469,57.83000183105469,57.73500061035156,57.81999969482422,4096,0.0,0.0
2024-07-16 14:30:00-04:00,57.775001525878906,57.95000076293945,57.775001525878906,57.939998626708984,3355,0.0,0.0
2024-07-16 14:35:00-04:00,58.165000915527344,58.165000915527344,58.1150016784668,58.1150016784668,773,0.0,0.0
2024-07-16 14:40:00-04:00,58.13999938964844,58.21500015258789,58.1349983215332,58.21500015258789,1340,0.0,0.0
2024-07-16 14:45:00-04:00,58.349998474121094,58.47999954223633,58.349998474121094,58.349998474121094,5405,0.0,0.0
2024-07-16 14:50:00-04:00,58.380001068115234,58.41999816894531,58.29499816894531,58.33000183105469,2755,0.0,0.0
2024-07-16 14:55:00-04:00,58.439998626708984,58.540000915527344,58.3849983215332,58.540000915527344,1743,0.0,0.0
2024-07-16 15:00:00-04:00,58.540000915527344,58.540000915527344,58.310001373291016,58.310001373291016,513,0.0,0.0
2024-07-16 15:05:00-04:00,58.41999816894531,58.540000915527344,58.31999969482422,58.349998474121094,5284,0.0,0.0
2024-07-16 15:10:00-04:00,58.34000015258789,58.380001068115234,58.310001373291016,58.310001373291016,3418,0.0,0.0
2024-07-16 15:15:00-04:00,58.369998931884766,58.40729904174805,58.13999938964844,58.13999938964844,3029,0.0,0.0
2024-07-16 15:20:00-04:00,58.255001068115234,58.26250076293945,58.08000183105469,58.08000183105469,8261,0.0,0.0
2024-07-16 15:25:00-04:00,58.08000183105469,58.08000183105469,57.939998626708984,57.939998626708984,2377,0.0,0.0
2024-07-16 15:30:00-04:00,57.93000030517578,58.029998779296875,57.650001525878906,57.650001525878906,4889,0.0,0.0
2024-07-16 15:35:00-04:00,57.59000015258789,57.64500045776367,57.59000015258789,57.64500045776367,2503,0.0,0.0
2024-07-16 15:40:00-04:00,57.400001525878906,57.494998931884766,57.16999816894531,57.16999816894531,9008,0.0,0.0
2024-07-16 15:45:00-04:00,57.244998931884766,57.35499954223633,57.18000030517578,57.35499954223633,4019,0.0,0.0
2024-07-16 15:50:00-04:00,57.415000915527344,58.040000915527344,57.34000015258789,57.619998931884766,14301,0.0,0.0
2024-07-16 15:55:00-04:00,57.560001373291016,57.650001525878906,57.41999816894531,57.41999816894531,15460,0.0,0.0
2024-07-17 09:30:00-04:00,57.310001373291016,57.439998626708984,55.869998931884766,57.439998626708984,11655,0.0,0.0
2024-07-17 09:35:00-04:00,57.04999923706055,57.04999923706055,56.84230041503906,56.84230041503906,858,0.0,0.0
2024-07-17 09:40:00-04:00,57.01499938964844,57.01499938964844,57.01499938964844,57.01499938964844,1255,0.0,0.0
2024-07-17 09:45:00-04:00,57.02000045776367,57.06999969482422,56.90230178833008,56.90230178833008,1977,0.0,0.0
2024-07-17 09:50:00-04:00,56.95000076293945,57.5099983215332,56.95000076293945,57.43000030517578,2381,0.0,0.0
2024-07-17 09:55:00-04:00,57.27000045776367,57.439998626708984,57.220001220703125,57.439998626708984,2463,0.0,0.0
2024-07-17 10:00:00-04:00,57.5099983215332,57.5099983215332,57.09000015258789,57.09000015258789,2398,0.0,0.0
2024-07-17 10:05:00-04:00,56.9900016784668,56.9900016784668,56.9900016784668,56.9900016784668,1340,0.0,0.0
2024-07-17 10:10:00-04:00,56.84989929199219,56.84989929199219,56.2599983215332,56.2599983215332,1699,0.0,0.0
2024-07-17 10:15:00-04:00,56.619998931884766,56.619998931884766,55.79999923706055,55.810001373291016,7334,0.0,0.0
2024-07-17 10:20:00-04:00,55.650001525878906,55.650001525878906,55.5099983215332,55.5099983215332,1797,0.0,0.0
2024-07-17 10:25:00-04:00,55.560001373291016,55.67499923706055,55.525001525878906,55.584999084472656,3141,0.0,0.0
2024-07-17 10:30:00-04:00,55.845001220703125,55.845001220703125,55.75,55.7599983215332,1117,0.0,0.0
2024-07-17 10:35:00-04:00,55.58000183105469,55.58000183105469,55.58000183105469,55.58000183105469,661,0.0,0.0
2024-07-17 10:40:00-04:00,55.22999954223633,55.369998931884766,55.0099983215332,55.22999954223633,4522,0.0,0.0
2024-07-17 10:45:00-04:00,55.5,55.5,55.13999938964844,55.13999938964844,2622,0.0,0.0
2024-07-17 10:50:00-04:00,55.060001373291016,55.060001373291016,55.060001373291016,55.060001373291016,337,0.0,0.0
2024-07-17 10:55:00-04:00,55.0,55.0,54.91999816894531,54.970001220703125,4437,0.0,0.0
2024-07-17 11:00:00-04:00,55.0,55.0,54.890098571777344,54.890098571777344,1298,0.0,0.0
2024-07-17 11:05:00-04:00,54.90999984741211,54.91999816894531,54.72999954223633,54.83000183105469,3285,0.0,0.0
2024-07-17 11:10:00-04:00,54.82500076293945,54.82500076293945,54.82500076293945,54.82500076293945,172,0.0,0.0
2024-07-17 11:15:00-04:00,54.7400016784668,54.95000076293945,54.7400016784668,54.95000076293945,1557,0.0,0.0
2024-07-17 11:20:00-04:00,54.5,54.5,54.34000015258789,54.435001373291016,2291,0.0,0.0
2024-07-17 11:25:00-04:00,54.435001373291016,54.529998779296875,54.41999816894531,54.41999816894531,3536,0.0,0.0
2024-07-17 11:30:00-04:00,54.43000030517578,54.52000045776367,54.404998779296875,54.52000045776367,2107,0.0,0.0
2024-07-17 11:35:00-04:00,54.36000061035156,54.36000061035156,54.14500045776367,54.220001220703125,2614,0.0,0.0
2024-07-17 11:40:00-04:00,54.2400016784668,54.314998626708984,54.185001373291016,54.30500030517578,1195,0.0,0.0
2024-07-17 11:45:00-04:00,54.38999938964844,54.96500015258789,54.310001373291016,54.96500015258789,7369,0.0,0.0
2024-07-17 11:50:00-04:00,54.81999969482422,55.11000061035156,54.79999923706055,55.11000061035156,3014,0.0,0.0
2024-07-17 11:55:00-04:00,55.125,55.16999816894531,55.125,55.125,1132,0.0,0.0
2024-07-17 12:00:00-04:00,55.119998931884766,55.119998931884766,54.959999084472656,54.959999084472656,2227,0.0,0.0
2024-07-17 12:05:00-04:00,54.959999084472656,55.029998779296875,54.84000015258789,54.97999954223633,1846,0.0,0.0
2024-07-17 12:10:00-04:00,54.95500183105469,54.959999084472656,54.95000076293945,54.95000076293945,1030,0.0,0.0
2024-07-17 12:15:00-04:00,54.849998474121094,54.900001525878906,54.810001373291016,54.900001525878906,1847,0.0,0.0
2024-07-17 12:20:00-04:00,54.900001525878906,55.0,54.540000915527344,54.540000915527344,3923,0.0,0.0
2024-07-17 12:25:00-04:00,54.665000915527344,54.665000915527344,54.43000030517578,54.51599884033203,1313,0.0,0.0
2024-07-17 12:30:00-04:00,54.58000183105469,54.58000183105469,54.41999816894531,54.529998779296875,816,0.0,0.0
2024-07-17 12:35:00-04:00,54.529998779296875,54.529998779296875,54.529998779296875,54.529998779296875,346,0.0,0.0
2024-07-17 12:40:00-04:00,54.45500183105469,54.45500183105469,54.27000045776367,54.27000045776367,2068,0.0,0.0
2024-07-17 12:45:00-04:00,54.3650016784668,54.3650016784668,54.3650016784668,54.3650016784668,113,0.0,0.0
2024-07-17 12:50:00-04:00,54.369998931884766,54.4900016784668,54.369998931884766,54.380001068115234,882,0.0,0.0
2024-07-17 12:55:00-04:00,54.505001068115234,54.505001068115234,54.38999938964844,54.38999938964844,680,0.0,0.0
2024-07-17 13:00:00-04:00,54.38999938964844,54.439998626708984,54.20000076293945,54.220001220703125,6174,0.0,0.0
2024-07-17 13:05:00-04:00,54.36000061035156,54.439998626708984,54.314998626708984,54.439998626708984,2096,0.0,0.0
2024-07-17 13:10:00-04:00,54.439998626708984,54.48500061035156,54.439998626708984,54.48500061035156,279,0.0,0.0
2024-07-17 13:15:00-04:00,54.470001220703125,54.4900016784668,54.33000183105469,54.400001525878906,1136,0.0,0.0
2024-07-17 13:20:00-04:00,54.400001525878906,54.61000061035156,54.34000015258789,54.61000061035156,2631,0.0,0.0
2024-07-17 13:25:00-04:00,54.63999938964844,54.63999938964844,54.33000183105469,54.33000183105469,2161,0.0,0.0
2024-07-17 13:35:00-04:00,54.380001068115234,54.439998626708984,54.34000015258789,54.439998626708984,355,0.0,0.0
2024-07-17 13:40:00-04:00,54.52000045776367,54.52000045776367,54.490699768066406,54.490699768066406,1427,0.0,0.0
2024-07-17 13:45:00-04:00,54.34000015258789,54.34000015258789,54.150001525878906,54.150001525878906,2287,0.0,0.0
2024-07-17 13:50:00-04:00,54.38999938964844,54.38999938964844,54.16999816894531,54.16999816894531,912,0.0,0.0
2024-07-17 13:55:00-04:00,54.16999816894531,54.27000045776367,53.66999816894531,53.8650016784668,8760,0.0,0.0
2024-07-17 14:00:00-04:00,53.76499938964844,53.88999938964844,53.755001068115234,53.88999938964844,1223,0.0,0.0
2024-07-17 14:05:00-04:00,54.02000045776367,54.099998474121094,53.959999084472656,53.959999084472656,3584,0.0,0.0
2024-07-17 14:10:00-04:00,53.900699615478516,53.900699615478516,53.900699615478516,53.900699615478516,3054,0.0,0.0
2024-07-17 14:15:00-04:00,53.97999954223633,54.0099983215332,53.915000915527344,53.96799850463867,1339,0.0,0.0
2024-07-17 14:20:00-04:00,53.91999816894531,53.935001373291016,53.779998779296875,53.790000915527344,4077,0.0,0.0
2024-07-17 14:25:00-04:00,53.85499954223633,53.85499954223633,53.599998474121094,53.75,985,0.0,0.0
2024-07-17 14:30:00-04:00,53.755001068115234,53.755001068115234,53.58000183105469,53.6150016784668,2539,0.0,0.0
2024-07-17 14:35:00-04:00,53.599998474121094,53.619998931884766,53.22999954223633,53.38999938964844,5626,0.0,0.0
2024-07-17 14:40:00-04:00,53.45500183105469,53.46500015258789,53.369998931884766,53.46500015258789,1787,0.0,0.0
2024-07-17 14:45:00-04:00,53.46500015258789,53.56999969482422,53.40999984741211,53.46500015258789,5761,0.0,0.0
2024-07-17 14:50:00-04:00,53.58000183105469,53.59000015258789,53.432498931884766,53.59000015258789,8962,0.0,0.0
2024-07-17 14:55:00-04:00,53.599998474121094,53.599998474121094,53.439998626708984,53.49549865722656,5589,0.0,0.0
2024-07-17 15:00:00-04:00,53.40999984741211,53.40999984741211,53.349998474121094,53.349998474121094,1349,0.0,0.0
2024-07-17 15:05:00-04:00,53.400001525878906,53.400001525878906,53.375,53.400001525878906,1794,0.0,0.0
2024-07-17 15:10:00-04:00,53.29999923706055,53.29999923706055,53.16999816894531,53.27000045776367,3074,0.0,0.0
2024-07-17 15:15:00-04:00,53.404998779296875,53.404998779296875,53.150001525878906,53.18000030517578,3590,0.0,0.0
2024-07-17 15:20:00-04:00,53.150001525878906,53.529998779296875,53.060001373291016,53.16999816894531,13316,0.0,0.0
2024-07-17 15:25:00-04:00,53.099998474121094,53.23500061035156,53.060001373291016,53.060001373291016,9391,0.0,0.0
2024-07-17 15:30:00-04:00,53.16999816894531,53.22999954223633,53.16999816894531,53.20000076293945,3699,0.0,0.0
2024-07-17 15:35:00-04:00,53.27000045776367,53.27000045776367,53.130001068115234,53.130001068115234,5741,0.0,0.0
2024-07-17 15:40:00-04:00,53.029998779296875,53.04999923706055,52.630001068115234,52.75,9837,0.0,0.0
2024-07-17 15:45:00-04:00,52.744998931884766,52.75,52.52000045776367,52.66999816894531,12584,0.0,0.0
2024-07-17 15:50:00-04:00,52.67499923706055,53.0099983215332,52.560001373291016,52.900001525878906,17725,0.0,0.0
2024-07-17 15:55:00-04:00,52.94499969482422,53.15999984741211,52.900001525878906,53.15999984741211,15382,0.0,0.0
2024-07-18 09:30:00-04:00,53.16999816894531,54.79990005493164,52.02000045776367,52.02000045776367,10237,0.0,0.0
2024-07-18 09:35:00-04:00,52.0,52.08000183105469,51.340599060058594,51.84000015258789,4670,0.0,0.0
2024-07-18 09:40:00-04:00,51.380001068115234,52.04999923706055,50.650001525878906,51.099998474121094,9166,0.0,0.0
2024-07-18 09:45:00-04:00,50.5099983215332,51.5,50.5099983215332,51.5,3469,0.0,0.0
2024-07-18 09:50:00-04:00,51.9900016784668,51.9900016784668,51.45000076293945,51.70000076293945,5329,0.0,0.0
2024-07-18 09:55:00-04:00,51.779998779296875,51.834999084472656,51.77000045776367,51.834999084472656,2388,0.0,0.0
2024-07-18 10:00:00-04:00,52.0,52.2400016784668,51.97999954223633,52.119998931884766,4547,0.0,0.0
2024-07-18 10:05:00-04:00,51.95000076293945,52.14500045776367,51.95000076293945,52.14500045776367,1011,0.0,0.0
2024-07-18 10:10:00-04:00,51.970001220703125,52.41999816894531,51.970001220703125,52.185001373291016,2472,0.0,0.0
2024-07-18 10:15:00-04:00,52.345001220703125,52.4900016784668,52.16999816894531,52.185001373291016,6349,0.0,0.0
2024-07-18 10:20:00-04:00,51.849998474121094,52.0,51.61000061035156,51.61000061035156,4769,0.0,0.0
2024-07-18 10:25:00-04:00,51.937400817871094,52.064998626708984,51.869998931884766,52.064998626708984,1100,0.0,0.0
2024-07-18 10:30:00-04:00,52.04499816894531,52.04499816894531,51.880001068115234,51.997398376464844,6479,0.0,0.0
2024-07-18 10:35:00-04:00,52.15999984741211,52.5,52.15999984741211,52.41999816894531,4291,0.0,0.0
2024-07-18 10:40:00-04:00,52.39500045776367,52.39500045776367,52.39500045776367,52.39500045776367,600,0.0,0.0
2024-07-18 10:45:00-04:00,52.13999938964844,52.32500076293945,52.13999938964844,52.32500076293945,910,0.0,0.0
2024-07-18 10:50:00-04:00,52.33000183105469,52.33000183105469,52.30500030517578,52.30500030517578,2515,0.0,0.0
2024-07-18 10:55:00-04:00,52.07500076293945,52.07500076293945,51.72999954223633,51.810001373291016,17077,0.0,0.0
2024-07-18 11:00:00-04:00,51.89500045776367,52.04499816894531,51.88999938964844,51.974998474121094,1998,0.0,0.0
2024-07-18 11:05:00-04:00,51.939998626708984,51.939998626708984,51.75,51.88999938964844,1100,0.0,0.0
2024-07-18 11:10:00-04:00,51.89500045776367,51.89500045776367,51.89500045776367,51.89500045776367,339,0.0,0.0
2024-07-18 11:15:00-04:00,52.0099983215332,52.0099983215332,51.900001525878906,51.900001525878906,556,0.0,0.0
2024-07-18 11:20:00-04:00,51.83000183105469,52.18000030517578,51.83000183105469,51.99660110473633,24146,0.0,0.0
2024-07-18 11:25:00-04:00,51.849998474121094,52.0099983215332,51.849998474121094,52.0099983215332,1337,0.0,0.0
2024-07-18 11:30:00-04:00,52.040000915527344,52.41999816894531,52.040000915527344,52.41999816894531,3317,0.0,0.0
2024-07-18 11:35:00-04:00,52.47249984741211,52.47249984741211,52.34000015258789,52.345001220703125,1027,0.0,0.0
2024-07-18 11:40:00-04:00,52.470001220703125,52.505001068115234,52.209999084472656,52.209999084472656,5563,0.0,0.0
2024-07-18 11:45:00-04:00,52.09000015258789,52.2599983215332,52.09000015258789,52.154998779296875,2233,0.0,0.0
2024-07-18 11:50:00-04:00,52.16999816894531,52.26750183105469,52.16999816894531,52.26750183105469,2048,0.0,0.0
2024-07-18 11:55:00-04:00,52.2400016784668,52.2400016784668,52.2400016784668,52.2400016784668,281,0.0,0.0
2024-07-18 12:00:00-04:00,52.119998931884766,52.189998626708984,52.06999969482422,52.130001068115234,4329,0.0,0.0
2024-07-18 12:10:00-04:00,52.33000183105469,52.33000183105469,51.939998626708984,51.974998474121094,5004,0.0,0.0
2024-07-18 12:15:00-04:00,52.0099983215332,52.0099983215332,52.0099983215332,52.0099983215332,786,0.0,0.0
2024-07-18 12:20:00-04:00,52.04999923706055,52.04999923706055,51.939998626708984,51.974998474121094,3607,0.0,0.0
2024-07-18 12:25:00-04:00,51.994998931884766,51.994998931884766,51.88999938964844,51.9900016784668,752,0.0,0.0
2024-07-18 12:30:00-04:00,51.9900016784668,51.9900016784668,51.9900016784668,51.9900016784668,299,0.0,0.0
2024-07-18 12:35:00-04:00,52.0,52.119998931884766,52.0,52.119998931884766,4007,0.0,0.0
2024-07-18 12:45:00-04:00,52.029998779296875,52.189998626708984,52.029998779296875,52.189998626708984,2187,0.0,0.0
2024-07-18 12:50:00-04:00,52.15999984741211,52.15999984741211,52.15999984741211,52.15999984741211,470,0.0,0.0
2024-07-18 12:55:00-04:00,52.220001220703125,52.26499938964844,52.20000076293945,52.20000076293945,2432,0.0,0.0
2024-07-18 13:00:00-04:00,52.23899841308594,52.23899841308594,51.880001068115234,51.880001068115234,3693,0.0,0.0
2024-07-18 13:05:00-04:00,51.974998474121094,51.98500061035156,51.849998474121094,51.849998474121094,1127,0.0,0.0
2024-07-18 13:10:00-04:00,51.86000061035156,51.97999954223633,51.79999923706055,51.880001068115234,2287,0.0,0.0
2024-07-18 13:15:00-04:00,51.97999954223633,51.97999954223633,51.93000030517578,51.93000030517578,4984,0.0,0.0
2024-07-18 13:20:00-04:00,51.77000045776367,51.939998626708984,51.77000045776367,51.939998626708984,533,0.0,0.0
2024-07-18 13:25:00-04:00,51.95000076293945,51.95000076293945,51.95000076293945,51.95000076293945,487,0.0,0.0
2024-07-18 13:30:00-04:00,51.83000183105469,51.94499969482422,51.81999969482422,51.83000183105469,1453,0.0,0.0
2024-07-18 13:35:00-04:00,51.81999969482422,51.91999816894531,51.79999923706055,51.8650016784668,1874,0.0,0.0
2024-07-18 13:40:00-04:00,51.86000061035156,51.904998779296875,51.86000061035156,51.904998779296875,641,0.0,0.0
2024-07-18 13:45:00-04:00,51.79999923706055,51.904998779296875,51.79999923706055,51.88999938964844,2444,0.0,0.0
2024-07-18 13:50:00-04:00,51.8849983215332,52.064998626708984,51.8849983215332,52.0,3610,0.0,0.0
2024-07-18 13:55:00-04:00,51.90999984741211,52.0,51.88999938964844,51.93000030517578,1701,0.0,0.0
2024-07-18 14:00:00-04:00,51.790000915527344,51.904998779296875,51.689998626708984,51.76499938964844,2483,0.0,0.0
2024-07-18 14:05:00-04:00,51.76499938964844,51.76499938964844,51.73500061035156,51.73500061035156,2522,0.0,0.0
2024-07-18 14:10:00-04:00,51.73500061035156,51.83000183105469,51.61000061035156,51.650001525878906,11387,0.0,0.0
2024-07-18 14:15:00-04:00,51.83000183105469,51.900001525878906,51.83000183105469,51.900001525878906,1544,0.0,0.0
2024-07-18 14:20:00-04:00,51.66999816894531,52.0,51.66999816894531,52.0,6201,0.0,0.0
2024-07-18 14:30:00-04:00,52.029998779296875,52.029998779296875,51.738800048828125,51.738800048828125,2286,0.0,0.0
2024-07-18 14:35:00-04:00,51.900001525878906,52.060001373291016,51.900001525878906,51.97999954223633,4396,0.0,0.0
2024-07-18 14:40:00-04:00,51.97999954223633,52.01029968261719,51.974998474121094,52.01029968261719,830,0.0,0.0
2024-07-18 14:45:00-04:00,52.04999923706055,52.06999969482422,52.04999923706055,52.06999969482422,1083,0.0,0.0
2024-07-18 14:50:00-04:00,52.0099983215332,52.099998474121094,51.82500076293945,52.099998474121094,7926,0.0,0.0
2024-07-18 15:00:00-04:00,52.099998474121094,52.099998474121094,51.91999816894531,51.91999816894531,3271,0.0,0.0
2024-07-18 15:05:00-04:00,51.95000076293945,52.0,51.83000183105469,51.88990020751953,20801,0.0,0.0
2024-07-18 15:10:00-04:00,51.790000915527344,51.899898529052734,51.790000915527344,51.88999938964844,2072,0.0,0.0
2024-07-18 15:15:00-04:00,51.915000915527344,52.02000045776367,51.83000183105469,51.970001220703125,21910,0.0,0.0
2024-07-18 15:20:00-04:00,51.95000076293945,52.290000915527344,51.95000076293945,52.09000015258789,7772,0.0,0.0
2024-07-18 15:25:00-04:00,52.0,52.09000015258789,51.93000030517578,52.09000015258789,4103,0.0,0.0
2024-07-18 15:30:00-04:00,52.189998626708984,52.20000076293945,52.189998626708984,52.20000076293945,1436,0.0,0.0
2024-07-18 15:35:00-04:00,52.25,52.290000915527344,52.150001525878906,52.20000076293945,1846,0.0,0.0
2024-07-18 15:40:00-04:00,52.150001525878906,52.27000045776367,52.150001525878906,52.20500183105469,3764,0.0,0.0
2024-07-18 15:45:00-04:00,52.275001525878906,52.560001373291016,52.220001220703125,52.560001373291016,4767,0.0,0.0
2024-07-18 15:50:00-04:00,52.540000915527344,52.540000915527344,52.40999984741211,52.40999984741211,5075,0.0,0.0
2024-07-18 15:55:00-04:00,52.494998931884766,52.494998931884766,52.10499954223633,52.38999938964844,14736,0.0,0.0
2024-07-19 09:30:00-04:00,51.779998779296875,52.040000915527344,51.70009994506836,51.85369873046875,4612,0.0,0.0
2024-07-19 09:35:00-04:00,51.849998474121094,52.43000030517578,51.720001220703125,52.43000030517578,3528,0.0,0.0
2024-07-19 09:40:00-04:00,53.05070114135742,53.05070114135742,52.630001068115234,52.630001068115234,1831,0.0,0.0
2024-07-19 09:45:00-04:00,52.814998626708984,52.814998626708984,52.814998626708984,52.814998626708984,489,0.0,0.0
2024-07-19 09:50:00-04:00,52.83000183105469,53.005001068115234,52.70000076293945,52.90999984741211,3817,0.0,0.0
2024-07-19 09:55:00-04:00,53.0,53.2400016784668,52.970001220703125,52.970001220703125,1218,0.0,0.0
2024-07-19 10:00:00-04:00,52.540000915527344,52.540000915527344,52.529998779296875,52.529998779296875,2331,0.0,0.0
2024-07-19 10:05:00-04:00,52.97999954223633,53.04499816894531,52.790000915527344,52.790000915527344,2859,0.0,0.0
2024-07-19 10:10:00-04:00,52.869998931884766,52.869998931884766,52.869998931884766,52.869998931884766,439,0.0,0.0
2024-07-19 10:15:00-04:00,52.85499954223633,52.85499954223633,52.619998931884766,52.619998931884766,1759,0.0,0.0
2024-07-19 10:20:00-04:00,52.54999923706055,52.54999923706055,52.34000015258789,52.34000015258789,1351,0.0,0.0
2024-07-19 10:25:00-04:00,52.439998626708984,52.880001068115234,52.439998626708984,52.880001068115234,2882,0.0,0.0
2024-07-19 10:30:00-04:00,52.68000030517578,52.69499969482422,52.68000030517578,52.69499969482422,408,0.0,0.0
2024-07-19 10:35:00-04:00,52.766998291015625,52.900001525878906,52.766998291015625,52.900001525878906,1401,0.0,0.0
2024-07-19 10:40:00-04:00,52.79999923706055,53.02000045776367,52.79999923706055,52.93000030517578,3014,0.0,0.0
2024-07-19 10:50:00-04:00,53.099998474121094,53.099998474121094,52.939998626708984,52.994998931884766,5348,0.0,0.0
2024-07-19 10:55:00-04:00,52.970001220703125,53.18000030517578,52.970001220703125,53.11000061035156,3466,0.0,0.0
2024-07-19 11:05:00-04:00,53.290000915527344,53.290000915527344,53.11000061035156,53.25,988,0.0,0.0
2024-07-19 11:10:00-04:00,53.09000015258789,53.1349983215332,53.09000015258789,53.1349983215332,2188,0.0,0.0
2024-07-19 11:20:00-04:00,53.17499923706055,53.349998474121094,53.17499923706055,53.317298889160156,964,0.0,0.0
2024-07-19 11:25:00-04:00,53.33100128173828,53.33100128173828,52.95000076293945,52.95000076293945,3726,0.0,0.0
2024-07-19 11:30:00-04:00,53.0088996887207,53.0088996887207,52.93000030517578,52.93000030517578,1817,0.0,0.0
2024-07-19 11:35:00-04:00,52.709999084472656,52.709999084472656,52.709999084472656,52.709999084472656,423,0.0,0.0
2024-07-19 11:40:00-04:00,52.29999923706055,52.345001220703125,51.97999954223633,51.97999954223633,7341,0.0,0.0
2024-07-19 11:45:00-04:00,52.0,52.470001220703125,51.97999954223633,52.45000076293945,4636,0.0,0.0
2024-07-19 11:50:00-04:00,52.580101013183594,52.580101013183594,52.41999816894531,52.439998626708984,3937,0.0,0.0
2024-07-19 11:55:00-04:00,52.33000183105469,52.33000183105469,52.2599983215332,52.2599983215332,2402,0.0,0.0
2024-07-19 12:00:00-04:00,52.0,52.0,52.0,52.0,1082,0.0,0.0
2024-07-19 12:05:00-04:00,52.43000030517578,52.810001373291016,52.43000030517578,52.529998779296875,2935,0.0,0.0
2024-07-19 12:10:00-04:00,52.63999938964844,52.70000076293945,52.6349983215332,52.70000076293945,859,0.0,0.0
2024-07-19 12:15:00-04:00,52.7400016784668,52.79999923706055,52.7400016784668,52.79999923706055,997,0.0,0.0
2024-07-19 12:20:00-04:00,52.81999969482422,52.81999969482422,52.47999954223633,52.47999954223633,2404,0.0,0.0
2024-07-19 12:30:00-04:00,52.400001525878906,52.400001525878906,52.36009979248047,52.36009979248047,1602,0.0,0.0
2024-07-19 12:40:00-04:00,52.47999954223633,52.619998931884766,52.47999954223633,52.619998931884766,1286,0.0,0.0
2024-07-19 12:45:00-04:00,52.70000076293945,52.70000076293945,52.560001373291016,52.560001373291016,441,0.0,0.0
2024-07-19 12:50:00-04:00,52.66999816894531,52.66999816894531,52.54999923706055,52.54999923706055,1863,0.0,0.0
2024-07-19 12:55:00-04:00,52.209999084472656,52.209999084472656,52.209999084472656,52.209999084472656,230,0.0,0.0
2024-07-19 13:00:00-04:00,52.279998779296875,52.279998779296875,52.279998779296875,52.279998779296875,274,0.0,0.0
2024-07-19 13:05:00-04:00,52.5,52.5,52.31100082397461,52.31999969482422,1924,0.0,0.0
2024-07-19 13:10:00-04:00,52.380001068115234,52.43000030517578,52.380001068115234,52.400001525878906,2947,0.0,0.0
2024-07-19 13:15:00-04:00,52.16230010986328,52.16230010986328,52.16230010986328,52.16230010986328,564,0.0,0.0
2024-07-19 13:20:00-04:00,52.334999084472656,52.334999084472656,52.2510986328125,52.2510986328125,492,0.0,0.0
2024-07-19 13:25:00-04:00,52.439998626708984,52.599998474121094,52.439998626708984,52.599998474121094,874,0.0,0.0
2024-07-19 13:30:00-04:00,52.220001220703125,52.415000915527344,52.220001220703125,52.2599983215332,902,0.0,0.0
2024-07-19 13:35:00-04:00,52.529998779296875,52.529998779296875,52.25,52.27349853515625,1440,0.0,0.0
2024-07-19 13:40:00-04:00,52.2599983215332,52.2599983215332,52.11000061035156,52.11000061035156,3502,0.0,0.0
2024-07-19 13:45:00-04:00,52.119998931884766,52.119998931884766,52.119998931884766,52.119998931884766,1698,0.0,0.0
2024-07-19 13:50:00-04:00,52.16999816894531,52.16999816894531,52.16999816894531,52.16999816894531,151,0.0,0.0
2024-07-19 13:55:00-04:00,52.029998779296875,52.20000076293945,52.029998779296875,52.20000076293945,1661,0.0,0.0
2024-07-19 14:00:00-04:00,52.34000015258789,52.400001525878906,52.11000061035156,52.11000061035156,2973,0.0,0.0
2024-07-19 14:10:00-04:00,52.02000045776367,52.02000045776367,52.02000045776367,52.02000045776367,573,0.0,0.0
2024-07-19 14:20:00-04:00,52.08000183105469,52.099998474121094,51.95500183105469,52.099998474121094,2353,0.0,0.0
2024-07-19 14:25:00-04:00,51.939998626708984,52.179901123046875,51.939998626708984,52.064998626708984,1352,0.0,0.0
2024-07-19 14:30:00-04:00,51.95000076293945,51.95000076293945,51.86000061035156,51.86000061035156,2072,0.0,0.0
2024-07-19 14:40:00-04:00,51.7599983215332,51.7599983215332,51.7599983215332,51.7599983215332,624,0.0,0.0
2024-07-19 14:50:00-04:00,51.93000030517578,52.119998931884766,51.93000030517578,52.119998931884766,1972,0.0,0.0
2024-07-19 14:55:00-04:00,52.22999954223633,52.58000183105469,52.22999954223633,52.58000183105469,6032,0.0,0.0
2024-07-19 15:00:00-04:00,52.650001525878906,52.709999084472656,52.650001525878906,52.709999084472656,2661,0.0,0.0
2024-07-19 15:05:00-04:00,52.810001373291016,52.810001373291016,52.689998626708984,52.689998626708984,2494,0.0,0.0
2024-07-19 15:10:00-04:00,52.6150016784668,52.6150016784668,52.6150016784668,52.6150016784668,229,0.0,0.0
2024-07-19 15:15:00-04:00,52.61539840698242,52.77000045776367,52.599998474121094,52.70500183105469,1734,0.0,0.0
2024-07-19 15:20:00-04:00,52.810001373291016,52.83000183105469,52.755001068115234,52.755001068115234,1180,0.0,0.0
2024-07-19 15:25:00-04:00,52.7599983215332,52.7599983215332,52.599998474121094,52.599998474121094,2798,0.0,0.0
2024-07-19 15:30:00-04:00,52.66809844970703,52.66809844970703,52.54999923706055,52.54999923706055,2254,0.0,0.0
2024-07-19 15:35:00-04:00,52.54999923706055,52.54999923706055,52.380001068115234,52.380001068115234,1088,0.0,0.0
2024-07-19 15:40:00-04:00,52.459999084472656,52.459999084472656,52.36000061035156,52.36000061035156,2476,0.0,0.0
2024-07-19 15:45:00-04:00,52.45000076293945,52.75,52.45000076293945,52.75,2978,0.0,0.0
2024-07-19 15:50:00-04:00,52.86000061035156,52.86000061035156,52.72999954223633,52.72999954223633,2421,0.0,0.0
2024-07-19 15:55:00-04:00,52.72999954223633,52.7599983215332,52.529998779296875,52.54999923706055,13931,0.0,0.0
2024-07-22 09:30:00-04:00,52.529998779296875,52.529998779296875,52.099998474121094,52.21379852294922,2445,0.0,0.0
2024-07-22 09:35:00-04:00,52.494998931884766,52.494998931884766,52.494998931884766,52.494998931884766,2738,0.0,0.0
2024-07-22 09:40:00-04:00,53.0,53.0,52.63999938964844,52.63999938964844,1454,0.0,0.0
2024-07-22 09:45:00-04:00,52.92499923706055,52.939998626708984,52.92499923706055,52.939998626708984,271,0.0,0.0
2024-07-22 09:50:00-04:00,53.13999938964844,53.150001525878906,52.779998779296875,52.959999084472656,2801,0.0,0.0
2024-07-22 10:00:00-04:00,52.90999984741211,52.90999984741211,52.90999984741211,52.90999984741211,664,0.0,0.0
2024-07-22 10:05:00-04:00,52.65999984741211,52.790000915527344,52.65999984741211,52.790000915527344,2413,0.0,0.0
2024-07-22 10:10:00-04:00,52.9900016784668,52.9900016784668,52.9900016784668,52.9900016784668,592,0.0,0.0
2024-07-22 10:15:00-04:00,53.08399963378906,53.2599983215332,53.08399963378906,53.2599983215332,2088,0.0,0.0
2024-07-22 10:20:00-04:00,53.26499938964844,53.26499938964844,53.26499938964844,53.26499938964844,668,0.0,0.0
2024-07-22 10:25:00-04:00,53.26499938964844,53.380001068115234,52.66999816894531,52.66999816894531,3456,0.0,0.0
2024-07-22 10:30:00-04:00,52.52000045776367,52.59000015258789,52.52000045776367,52.59000015258789,1695,0.0,0.0
2024-07-22 10:40:00-04:00,52.56999969482422,52.599998474121094,52.369998931884766,52.369998931884766,1286,0.0,0.0
2024-07-22 10:45:00-04:00,52.400001525878906,52.400001525878906,52.279998779296875,52.279998779296875,2420,0.0,0.0
2024-07-22 10:50:00-04:00,52.029998779296875,52.029998779296875,51.81999969482422,51.87799835205078,4804,0.0,0.0
2024-07-22 11:05:00-04:00,51.880001068115234,52.060001373291016,51.880001068115234,52.060001373291016,388,0.0,0.0
2024-07-22 11:10:00-04:00,51.90999984741211,51.90999984741211,51.90999984741211,51.90999984741211,1882,0.0,0.0
2024-07-22 11:15:00-04:00,51.91999816894531,52.09000015258789,51.80500030517578,52.09000015258789,3475,0.0,0.0
2024-07-22 11:20:00-04:00,52.005001068115234,52.005001068115234,51.79499816894531,51.79499816894531,399,0.0,0.0
2024-07-22 11:25:00-04:00,51.790000915527344,51.790000915527344,51.790000915527344,51.790000915527344,1010,0.0,0.0
2024-07-22 11:30:00-04:00,51.54909896850586,51.54909896850586,51.54909896850586,51.54909896850586,1128,0.0,0.0
2024-07-22 11:35:00-04:00,51.6349983215332,51.6349983215332,51.619998931884766,51.619998931884766,638,0.0,0.0
2024-07-22 11:40:00-04:00,51.630001068115234,52.08000183105469,51.630001068115234,52.0,1970,0.0,0.0
2024-07-22 11:45:00-04:00,51.86000061035156,51.86000061035156,51.746700286865234,51.790000915527344,2662,0.0,0.0
2024-07-22 11:50:00-04:00,52.0,52.0,52.0,52.0,1541,0.0,0.0
2024-07-22 12:00:00-04:00,51.88999938964844,51.88999938964844,51.88999938964844,51.88999938964844,1165,0.0,0.0
2024-07-22 12:05:00-04:00,52.0,52.0,51.9900016784668,52.0,3110,0.0,0.0
2024-07-22 12:10:00-04:00,52.04999923706055,52.04999923706055,52.04999923706055,52.04999923706055,219,0.0,0.0
2024-07-22 12:15:00-04:00,52.00899887084961,52.04999923706055,52.00899887084961,52.04999923706055,787,0.0,0.0
2024-07-22 12:20:00-04:00,51.97999954223633,52.029998779296875,51.900001525878906,51.97999954223633,5412,0.0,0.0
2024-07-22 12:25:00-04:00,51.939998626708984,51.939998626708984,51.939998626708984,51.939998626708984,305,0.0,0.0
2024-07-22 12:30:00-04:00,51.939998626708984,51.939998626708984,51.939998626708984,51.939998626708984,1147,0.0,0.0
2024-07-22 12:35:00-04:00,51.87070083618164,51.87070083618164,51.87070083618164,51.87070083618164,436,0.0,0.0
2024-07-22 12:45:00-04:00,51.90999984741211,51.90999984741211,51.90999984741211,51.90999984741211,1085,0.0,0.0
2024-07-22 12:50:00-04:00,51.869998931884766,52.060001373291016,51.869998931884766,51.9900016784668,1991,0.0,0.0
2024-07-22 13:00:00-04:00,52.025001525878906,52.025001525878906,52.025001525878906,52.025001525878906,441,0.0,0.0
2024-07-22 13:05:00-04:00,52.09000015258789,52.095001220703125,52.09000015258789,52.095001220703125,981,0.0,0.0
2024-07-22 13:15:00-04:00,52.0099983215332,52.0099983215332,52.0099983215332,52.0099983215332,325,0.0,0.0
2024-07-22 13:20:00-04:00,52.0,52.0,51.9900016784668,51.9900016784668,1566,0.0,0.0
2024-07-22 13:30:00-04:00,52.0,52.0099983215332,52.0,52.0099983215332,484,0.0,0.0
2024-07-22 13:35:00-04:00,51.97999954223633,52.0,51.970001220703125,52.0,833,0.0,0.0
2024-07-22 13:40:00-04:00,52.0,52.0,51.900001525878906,51.900001525878906,338,0.0,0.0
2024-07-22 13:45:00-04:00,51.86000061035156,52.0,51.86000061035156,52.0,1130,0.0,0.0
2024-07-22 13:50:00-04:00,51.95000076293945,51.95000076293945,51.95000076293945,51.95000076293945,1661,0.0,0.0
2024-07-22 14:15:00-04:00,51.869998931884766,51.869998931884766,51.869998931884766,51.869998931884766,352,0.0,0.0
2024-07-22 14:20:00-04:00,51.99399948120117,51.99399948120117,51.91999816894531,51.96500015258789,732,0.0,0.0
2024-07-22 14:25:00-04:00,52.04999923706055,52.060001373291016,52.04999923706055,52.060001373291016,2422,0.0,0.0
2024-07-22 14:30:00-04:00,52.25,52.64939880371094,52.25,52.52000045776367,2557,0.0,0.0
2024-07-22 14:35:00-04:00,52.40999984741211,52.40999984741211,52.22999954223633,52.22999954223633,2139,0.0,0.0
2024-07-22 14:40:00-04:00,52.220001220703125,52.220001220703125,52.209999084472656,52.209999084472656,902,0.0,0.0
2024-07-22 14:45:00-04:00,52.15999984741211,52.15999984741211,52.13999938964844,52.13999938964844,1065,0.0,0.0
2024-07-22 14:55:00-04:00,52.41999816894531,52.43000030517578,52.310001373291016,52.310001373291016,2110,0.0,0.0
2024-07-22 15:00:00-04:00,52.380001068115234,52.380001068115234,52.349998474121094,52.349998474121094,1112,0.0,0.0
2024-07-22 15:05:00-04:00,52.42499923706055,52.540000915527344,52.349998474121094,52.4900016784668,2147,0.0,0.0
2024-07-22 15:10:00-04:00,52.5,52.505001068115234,52.5,52.505001068115234,1836,0.0,0.0
2024-07-22 15:15:00-04:00,52.5099983215332,52.63999938964844,52.5099983215332,52.57500076293945,1806,0.0,0.0
2024-07-22 15:20:00-04:00,52.584999084472656,52.65999984741211,52.584999084472656,52.65999984741211,1843,0.0,0.0
2024-07-22 15:25:00-04:00,52.51499938964844,52.630001068115234,52.51499938964844,52.630001068115234,1593,0.0,0.0
2024-07-22 15:30:00-04:00,52.630001068115234,52.630001068115234,52.33000183105469,52.404998779296875,3082,0.0,0.0
2024-07-22 15:35:00-04:00,52.400001525878906,52.404998779296875,52.31999969482422,52.404998779296875,1272,0.0,0.0
2024-07-22 15:40:00-04:00,52.310001373291016,52.310001373291016,52.15999984741211,52.15999984741211,2296,0.0,0.0
2024-07-22 15:45:00-04:00,52.29499816894531,52.459999084472656,52.29499816894531,52.459999084472656,3469,0.0,0.0
2024-07-22 15:50:00-04:00,52.63999938964844,52.83000183105469,52.63999938964844,52.70000076293945,8765,0.0,0.0
2024-07-22 15:55:00-04:00,52.84000015258789,52.885101318359375,52.529998779296875,52.54999923706055,16475,0.0,0.0
2024-07-23 09:30:00-04:00,52.52000045776367,52.52000045776367,52.52000045776367,52.52000045776367,1785,0.0,0.0
2024-07-23 09:35:00-04:00,52.43000030517578,52.599998474121094,52.02000045776367,52.02000045776367,981,0.0,0.0
2024-07-23 09:40:00-04:00,52.75,53.529998779296875,52.75,53.529998779296875,1555,0.0,0.0
2024-07-23 09:45:00-04:00,53.029998779296875,53.400001525878906,52.86000061035156,52.95000076293945,4175,0.0,0.0
2024-07-23 09:55:00-04:00,53.040000915527344,53.040000915527344,53.040000915527344,53.040000915527344,739,0.0,0.0
2024-07-23 10:00:00-04:00,53.439998626708984,53.439998626708984,53.439998626708984,53.439998626708984,105,0.0,0.0
2024-07-23 10:05:00-04:00,53.26499938964844,53.4900016784668,53.16999816894531,53.45000076293945,2771,0.0,0.0
2024-07-23 10:10:00-04:00,53.5,53.90999984741211,53.5,53.90999984741211,2001,0.0,0.0
2024-07-23 10:15:00-04:00,53.97999954223633,54.380001068115234,53.779300689697266,54.380001068115234,2324,0.0,0.0
2024-07-23 10:20:00-04:00,54.400001525878906,54.400001525878906,54.18000030517578,54.279998779296875,5997,0.0,0.0
2024-07-23 10:25:00-04:00,54.369998931884766,54.95000076293945,54.369998931884766,54.7599983215332,4639,0.0,0.0
2024-07-23 10:30:00-04:00,54.81999969482422,55.380001068115234,54.81999969482422,55.029998779296875,3427,0.0,0.0
2024-07-23 10:35:00-04:00,55.0,55.20000076293945,54.79999923706055,54.915000915527344,1481,0.0,0.0
2024-07-23 10:40:00-04:00,54.81999969482422,54.900001525878906,54.744998931884766,54.900001525878906,3153,0.0,0.0
2024-07-23 10:45:00-04:00,54.744998931884766,54.82500076293945,54.70000076293945,54.70000076293945,1759,0.0,0.0
2024-07-23 10:50:00-04:00,54.54999923706055,54.54999923706055,54.540000915527344,54.540000915527344,993,0.0,0.0
2024-07-23 10:55:00-04:00,54.345001220703125,54.345001220703125,54.345001220703125,54.345001220703125,617,0.0,0.0
2024-07-23 11:00:00-04:00,54.38999938964844,54.38999938964844,54.18000030517578,54.20500183105469,3010,0.0,0.0
2024-07-23 11:05:00-04:00,54.43000030517578,54.66999816894531,54.34000015258789,54.459999084472656,2418,0.0,0.0
2024-07-23 11:10:00-04:00,54.47999954223633,54.48500061035156,54.47999954223633,54.48500061035156,556,0.0,0.0
2024-07-23 11:15:00-04:00,54.45180130004883,54.564998626708984,54.45180130004883,54.564998626708984,1740,0.0,0.0
2024-07-23 11:20:00-04:00,54.564998626708984,54.619998931884766,54.459999084472656,54.459999084472656,1290,0.0,0.0
2024-07-23 11:25:00-04:00,54.33000183105469,54.33000183105469,54.33000183105469,54.33000183105469,395,0.0,0.0
2024-07-23 11:30:00-04:00,54.35499954223633,54.35499954223633,54.35499954223633,54.35499954223633,180,0.0,0.0
2024-07-23 11:35:00-04:00,54.33000183105469,54.334999084472656,54.33000183105469,54.334999084472656,1305,0.0,0.0
2024-07-23 11:40:00-04:00,54.334999084472656,54.86000061035156,54.334999084472656,54.599998474121094,2380,0.0,0.0
2024-07-23 11:45:00-04:00,54.709999084472656,54.709999084472656,54.66999816894531,54.66999816894531,497,0.0,0.0
2024-07-23 11:50:00-04:00,54.4900016784668,54.4900016784668,54.4900016784668,54.4900016784668,336,0.0,0.0
2024-07-23 11:55:00-04:00,54.59000015258789,54.59000015258789,54.59000015258789,54.59000015258789,138,0.0,0.0
2024-07-23 12:00:00-04:00,54.59000015258789,54.59000015258789,54.59000015258789,54.59000015258789,477,0.0,0.0
2024-07-23 12:05:00-04:00,54.630001068115234,54.790000915527344,54.630001068115234,54.630001068115234,2267,0.0,0.0
2024-07-23 12:10:00-04:00,54.7400016784668,54.939998626708984,54.7400016784668,54.939998626708984,806,0.0,0.0
2024-07-23 12:15:00-04:00,54.813499450683594,54.813499450683594,54.720001220703125,54.779998779296875,1849,0.0,0.0
2024-07-23 12:20:00-04:00,54.989898681640625,54.989898681640625,54.989898681640625,54.989898681640625,583,0.0,0.0
2024-07-23 12:25:00-04:00,54.790000915527344,54.790000915527344,54.790000915527344,54.790000915527344,504,0.0,0.0
2024-07-23 12:30:00-04:00,54.68000030517578,54.68000030517578,54.59000015258789,54.61000061035156,1639,0.0,0.0
2024-07-23 12:35:00-04:00,54.689998626708984,54.70899963378906,54.689998626708984,54.70899963378906,803,0.0,0.0
2024-07-23 12:45:00-04:00,54.77000045776367,54.775001525878906,54.77000045776367,54.775001525878906,651,0.0,0.0
2024-07-23 12:50:00-04:00,54.83000183105469,54.83000183105469,54.6349983215332,54.6349983215332,2021,0.0,0.0
2024-07-23 12:55:00-04:00,54.380001068115234,54.380001068115234,54.380001068115234,54.380001068115234,352,0.0,0.0
2024-07-23 13:00:00-04:00,54.55500030517578,54.55500030517578,54.55500030517578,54.55500030517578,881,0.0,0.0
2024-07-23 13:05:00-04:00,54.4203987121582,54.4203987121582,54.4203987121582,54.4203987121582,629,0.0,0.0
2024-07-23 13:10:00-04:00,54.540000915527344,54.540000915527344,54.51499938964844,54.51499938964844,1601,0.0,0.0
2024-07-23 13:15:00-04:00,54.369998931884766,54.369998931884766,54.275001525878906,54.29499816894531,1548,0.0,0.0
2024-07-23 13:20:00-04:00,54.06999969482422,54.26499938964844,53.974998474121094,54.04999923706055,1342,0.0,0.0
2024-07-23 13:30:00-04:00,53.775001525878906,53.775001525878906,53.52000045776367,53.52000045776367,1012,0.0,0.0
2024-07-23 13:35:00-04:00,53.720001220703125,53.724998474121094,53.720001220703125,53.724998474121094,782,0.0,0.0
2024-07-23 13:40:00-04:00,53.720001220703125,53.849998474121094,53.720001220703125,53.80500030517578,1582,0.0,0.0
2024-07-23 13:45:00-04:00,53.810001373291016,53.93000030517578,53.810001373291016,53.93000030517578,1221,0.0,0.0
2024-07-23 13:50:00-04:00,53.959999084472656,54.08000183105469,53.959999084472656,54.02000045776367,1037,0.0,0.0
2024-07-23 13:55:00-04:00,54.03519821166992,54.220001220703125,54.03519821166992,54.220001220703125,1943,0.0,0.0
2024-07-23 14:00:00-04:00,54.099998474121094,54.099998474121094,54.099998474121094,54.099998474121094,172,0.0,0.0
2024-07-23 14:05:00-04:00,53.994998931884766,53.994998931884766,53.959999084472656,53.959999084472656,2155,0.0,0.0
2024-07-23 14:10:00-04:00,54.06999969482422,54.06999969482422,54.06999969482422,54.06999969482422,1005,0.0,0.0
2024-07-23 14:15:00-04:00,54.084999084472656,54.22999954223633,54.02790069580078,54.14500045776367,2862,0.0,0.0
2024-07-23 14:20:00-04:00,54.15999984741211,54.27000045776367,54.15999984741211,54.27000045776367,508,0.0,0.0
2024-07-23 14:25:00-04:00,54.04999923706055,54.04999923706055,53.86199951171875,53.86199951171875,2055,0.0,0.0
2024-07-23 14:30:00-04:00,53.77000045776367,53.77000045776367,53.7599983215332,53.7599983215332,375,0.0,0.0
2024-07-23 14:35:00-04:00,54.09000015258789,54.09000015258789,53.779998779296875,54.0,1302,0.0,0.0
2024-07-23 14:45:00-04:00,54.04999923706055,54.04999923706055,53.935001373291016,53.935001373291016,768,0.0,0.0
2024-07-23 14:50:00-04:00,53.94499969482422,53.94499969482422,53.84000015258789,53.90999984741211,1783,0.0,0.0
2024-07-23 14:55:00-04:00,53.77000045776367,53.77000045776367,53.720001220703125,53.720001220703125,1017,0.0,0.0
2024-07-23 15:00:00-04:00,53.845001220703125,53.845001220703125,53.845001220703125,53.845001220703125,457,0.0,0.0
2024-07-23 15:05:00-04:00,53.9900016784668,53.9900016784668,53.71500015258789,53.71500015258789,2533,0.0,0.0
2024-07-23 15:10:00-04:00,53.869998931884766,53.9900016784668,53.869998931884766,53.9900016784668,463,0.0,0.0
2024-07-23 15:15:00-04:00,53.91999816894531,53.9900016784668,53.470001220703125,53.470001220703125,3959,0.0,0.0
2024-07-23 15:30:00-04:00,53.470001220703125,53.470001220703125,53.19499969482422,53.25,6835,0.0,0.0
2024-07-23 15:35:00-04:00,53.22999954223633,53.7400016784668,53.22999954223633,53.55099868774414,3735,0.0,0.0
2024-07-23 15:40:00-04:00,53.58000183105469,53.58000183105469,53.58000183105469,53.58000183105469,1066,0.0,0.0
2024-07-23 15:45:00-04:00,53.7599983215332,54.11000061035156,53.67499923706055,54.060001373291016,6710,0.0,0.0
2024-07-23 15:50:00-04:00,54.02000045776367,54.18000030517578,54.0099983215332,54.08000183105469,12073,0.0,0.0
2024-07-23 15:55:00-04:00,54.09000015258789,54.16999816894531,53.970001220703125,53.9900016784668,10297,0.0,0.0
2024-07-24 09:30:00-04:00,53.459999084472656,53.939998626708984,52.189998626708984,52.90999984741211,5652,0.0,0.0
2024-07-24 09:35:00-04:00,52.5,52.56999969482422,52.220001220703125,52.56999969482422,4152,0.0,0.0
2024-07-24 09:40:00-04:00,52.29650115966797,52.9900016784668,52.2400016784668,52.5,33354,0.0,0.0
2024-07-24 09:45:00-04:00,52.5,52.7400016784668,52.32500076293945,52.7400016784668,5282,0.0,0.0
2024-07-24 09:50:00-04:00,52.970001220703125,53.071998596191406,52.61000061035156,52.61000061035156,3219,0.0,0.0
2024-07-24 09:55:00-04:00,52.349998474121094,52.79999923706055,52.34000015258789,52.349998474121094,3158,0.0,0.0
2024-07-24 10:00:00-04:00,53.13999938964844,53.13999938964844,52.9900016784668,53.0,2775,0.0,0.0
2024-07-24 10:05:00-04:00,53.0,53.0,53.0,53.0,835,0.0,0.0
2024-07-24 10:10:00-04:00,53.185001373291016,53.38999938964844,53.185001373291016,53.38999938964844,950,0.0,0.0
2024-07-24 10:15:00-04:00,53.54999923706055,53.54999923706055,53.54999923706055,53.54999923706055,524,0.0,0.0
2024-07-24 10:20:00-04:00,53.52000045776367,53.52000045776367,53.380001068115234,53.439998626708984,1010,0.0,0.0
2024-07-24 10:25:00-04:00,53.41999816894531,53.41999816894531,53.41999816894531,53.41999816894531,397,0.0,0.0
2024-07-24 10:30:00-04:00,53.7400016784668,53.7400016784668,53.51219940185547,53.51219940185547,1194,0.0,0.0
2024-07-24 10:35:00-04:00,53.5,53.5099983215332,53.41999816894531,53.5099983215332,744,0.0,0.0
2024-07-24 10:45:00-04:00,53.59000015258789,53.81999969482422,53.59000015258789,53.81999969482422,1657,0.0,0.0
2024-07-24 10:50:00-04:00,53.56769943237305,53.790000915527344,53.56769943237305,53.790000915527344,1817,0.0,0.0
2024-07-24 10:55:00-04:00,53.52000045776367,53.630001068115234,53.13999938964844,53.13999938964844,3588,0.0,0.0
2024-07-24 11:05:00-04:00,52.560001373291016,52.560001373291016,52.560001373291016,52.560001373291016,385,0.0,0.0
2024-07-24 11:10:00-04:00,52.279998779296875,52.279998779296875,52.279998779296875,52.279998779296875,289,0.0,0.0
2024-07-24 11:15:00-04:00,52.380001068115234,52.380001068115234,52.380001068115234,52.380001068115234,535,0.0,0.0
2024-07-24 11:20:00-04:00,52.45000076293945,52.45000076293945,52.45000076293945,52.45000076293945,461,0.0,0.0
2024-07-24 11:25:00-04:00,52.6150016784668,52.6150016784668,52.6150016784668,52.6150016784668,532,0.0,0.0
2024-07-24 11:30:00-04:00,52.779998779296875,53.0,52.779998779296875,53.0,3987,0.0,0.0
2024-07-24 11:35:00-04:00,53.130001068115234,53.130001068115234,52.810001373291016,52.810001373291016,1815,0.0,0.0
2024-07-24 11:45:00-04:00,52.41999816894531,52.45000076293945,52.41999816894531,52.45000076293945,649,0.0,0.0
2024-07-24 11:50:00-04:00,52.43000030517578,52.43000030517578,52.29010009765625,52.29010009765625,1549,0.0,0.0
2024-07-24 11:55:00-04:00,52.029998779296875,52.029998779296875,52.0,52.0,482,0.0,0.0
2024-07-24 12:00:00-04:00,51.95000076293945,52.125,51.95000076293945,52.125,944,0.0,0.0
2024-07-24 12:05:00-04:00,51.869998931884766,51.959999084472656,51.779998779296875,51.943199157714844,3459,0.0,0.0
2024-07-24 12:10:00-04:00,51.93000030517578,52.130001068115234,51.93000030517578,52.130001068115234,4010,0.0,0.0
2024-07-24 12:20:00-04:00,52.13999938964844,52.13999938964844,52.130001068115234,52.130001068115234,1067,0.0,0.0
2024-07-24 12:25:00-04:00,52.130001068115234,52.130001068115234,52.0,52.0099983215332,3080,0.0,0.0
2024-07-24 12:30:00-04:00,52.04499816894531,52.04499816894531,52.0,52.0,583,0.0,0.0
2024-07-24 12:35:00-04:00,51.880001068115234,52.0,51.880001068115234,52.0,2162,0.0,0.0
2024-07-24 12:40:00-04:00,51.9900016784668,51.9900016784668,51.970001220703125,51.970001220703125,2796,0.0,0.0
2024-07-24 12:45:00-04:00,52.18000030517578,52.189998626708984,52.060001373291016,52.189998626708984,1479,0.0,0.0
2024-07-24 12:55:00-04:00,52.09000015258789,52.09000015258789,52.09000015258789,52.09000015258789,252,0.0,0.0
2024-07-24 13:00:00-04:00,52.07809829711914,52.189998626708984,52.07809829711914,52.185001373291016,2554,0.0,0.0
2024-07-24 13:05:00-04:00,52.41999816894531,52.470001220703125,52.41999816894531,52.470001220703125,750,0.0,0.0
2024-07-24 13:10:00-04:00,52.34000015258789,52.34000015258789,52.34000015258789,52.34000015258789,299,0.0,0.0
2024-07-24 13:15:00-04:00,52.334999084472656,52.334999084472656,52.334999084472656,52.334999084472656,158,0.0,0.0
2024-07-24 13:20:00-04:00,52.34000015258789,52.380001068115234,52.34000015258789,52.380001068115234,1032,0.0,0.0
2024-07-24 13:25:00-04:00,52.20000076293945,52.20000076293945,52.20000076293945,52.20000076293945,678,0.0,0.0
2024-07-24 13:30:00-04:00,52.20000076293945,52.20000076293945,52.20000076293945,52.20000076293945,592,0.0,0.0
2024-07-24 13:40:00-04:00,52.380001068115234,52.459999084472656,52.380001068115234,52.459999084472656,3626,0.0,0.0
2024-07-24 13:45:00-04:00,52.5,52.5,52.5,52.5,220,0.0,0.0
2024-07-24 13:50:00-04:00,52.43000030517578,52.43000030517578,52.224998474121094,52.380001068115234,2274,0.0,0.0
2024-07-24 13:55:00-04:00,52.255001068115234,52.40999984741211,52.13999938964844,52.40999984741211,3117,0.0,0.0
2024-07-24 14:00:00-04:00,52.33000183105469,52.380001068115234,52.290000915527344,52.380001068115234,906,0.0,0.0
2024-07-24 14:05:00-04:00,52.380001068115234,52.380001068115234,52.380001068115234,52.380001068115234,1367,0.0,0.0
2024-07-24 14:10:00-04:00,52.3849983215332,52.3849983215332,52.119998931884766,52.150001525878906,1488,0.0,0.0
2024-07-24 14:15:00-04:00,52.08000183105469,52.128700256347656,52.0,52.095001220703125,1304,0.0,0.0
2024-07-24 14:20:00-04:00,52.095001220703125,52.27000045776367,52.095001220703125,52.27000045776367,720,0.0,0.0
2024-07-24 14:25:00-04:00,52.099998474121094,52.25,52.099998474121094,52.25,560,0.0,0.0
2024-07-24 14:30:00-04:00,52.2400016784668,52.2400016784668,52.095001220703125,52.13999938964844,3011,0.0,0.0
2024-07-24 14:35:00-04:00,52.02000045776367,52.06999969482422,51.869998931884766,52.06999969482422,7059,0.0,0.0
2024-07-24 14:40:00-04:00,51.83000183105469,52.0,51.77000045776367,51.900001525878906,6520,0.0,0.0
2024-07-24 14:45:00-04:00,51.95000076293945,52.0,51.849998474121094,51.93000030517578,11023,0.0,0.0
2024-07-24 14:50:00-04:00,52.01169967651367,52.04999923706055,51.90999984741211,52.0,3710,0.0,0.0
2024-07-24 14:55:00-04:00,52.220001220703125,52.220001220703125,52.220001220703125,52.220001220703125,455,0.0,0.0
2024-07-24 15:00:00-04:00,52.0,52.0,51.7599983215332,51.7599983215332,12273,0.0,0.0
2024-07-24 15:05:00-04:00,51.91999816894531,52.060001373291016,51.91999816894531,52.0,3761,0.0,0.0
2024-07-24 15:10:00-04:00,52.220001220703125,52.220001220703125,52.119998931884766,52.119998931884766,1762,0.0,0.0
2024-07-24 15:15:00-04:00,52.099998474121094,52.13999938964844,52.099998474121094,52.13999938964844,2277,0.0,0.0
2024-07-24 15:20:00-04:00,52.099998474121094,52.209999084472656,52.029998779296875,52.150001525878906,8263,0.0,0.0
2024-07-24 15:25:00-04:00,52.189998626708984,52.189998626708984,51.97999954223633,52.0,4866,0.0,0.0
2024-07-24 15:30:00-04:00,52.0,52.099998474121094,51.95000076293945,52.08000183105469,3609,0.0,0.0
2024-07-24 15:35:00-04:00,52.130001068115234,52.36000061035156,52.119998931884766,52.119998931884766,3543,0.0,0.0
2024-07-24 15:40:00-04:00,52.119998931884766,52.119998931884766,51.845001220703125,51.91999816894531,14340,0.0,0.0
2024-07-24 15:45:00-04:00,51.900001525878906,52.130001068115234,51.880001068115234,52.11000061035156,9504,0.0,0.0
2024-07-24 15:50:00-04:00,52.095001220703125,52.15999984741211,52.04999923706055,52.15999984741211,10708,0.0,0.0
2024-07-24 15:55:00-04:00,52.09000015258789,52.38999938964844,52.0,52.25,26599,0.0,0.0
2024-07-25 09:30:00-04:00,52.06999969482422,52.06999969482422,52.0,52.0,2130,0.0,0.0
2024-07-25 09:35:00-04:00,52.18000030517578,52.18000030517578,52.18000030517578,52.18000030517578,120,0.0,0.0
2024-07-25 09:40:00-04:00,51.72060012817383,52.790000915527344,51.72060012817383,52.459999084472656,1486,0.0,0.0
2024-07-25 09:45:00-04:00,52.90999984741211,52.90999984741211,52.90999984741211,52.90999984741211,426,0.0,0.0
2024-07-25 09:50:00-04:00,52.9900016784668,52.9900016784668,52.9900016784668,52.9900016784668,301,0.0,0.0
2024-07-25 09:55:00-04:00,53.2400016784668,53.2400016784668,52.029998779296875,52.029998779296875,3086,0.0,0.0
2024-07-25 10:00:00-04:00,51.9900016784668,51.9900016784668,51.9900016784668,51.9900016784668,391,0.0,0.0
2024-07-25 10:05:00-04:00,51.76499938964844,52.02000045776367,51.58000183105469,52.02000045776367,3013,0.0,0.0
2024-07-25 10:10:00-04:00,51.709999084472656,51.86000061035156,51.65999984741211,51.86000061035156,1553,0.0,0.0
2024-07-25 10:15:00-04:00,51.9900016784668,51.9900016784668,51.66999816894531,51.66999816894531,2244,0.0,0.0
2024-07-25 10:20:00-04:00,51.70000076293945,52.38999938964844,51.70000076293945,52.23500061035156,2429,0.0,0.0
2024-07-25 10:25:00-04:00,52.58000183105469,52.58000183105469,52.58000183105469,52.58000183105469,1196,0.0,0.0
2024-07-25 10:30:00-04:00,52.21500015258789,52.21500015258789,52.060001373291016,52.060001373291016,1073,0.0,0.0
2024-07-25 10:35:00-04:00,52.0,52.0,51.90999984741211,51.90999984741211,1206,0.0,0.0
2024-07-25 10:40:00-04:00,52.15999984741211,52.209999084472656,52.15999984741211,52.209999084472656,1762,0.0,0.0
2024-07-25 10:55:00-04:00,52.54499816894531,52.54499816894531,52.54499816894531,52.54499816894531,199,0.0,0.0
2024-07-25 11:00:00-04:00,52.724998474121094,52.92499923706055,52.724998474121094,52.92499923706055,2249,0.0,0.0
2024-07-25 11:05:00-04:00,53.005001068115234,53.005001068115234,52.96500015258789,52.96500015258789,534,0.0,0.0
2024-07-25 11:10:00-04:00,52.84000015258789,53.13999938964844,52.810001373291016,53.084999084472656,3607,0.0,0.0
2024-07-25 11:15:00-04:00,53.400001525878906,53.400001525878906,53.0099983215332,53.09000015258789,2539,0.0,0.0
2024-07-25 11:20:00-04:00,53.095001220703125,53.095001220703125,53.095001220703125,53.095001220703125,968,0.0,0.0
2024-07-25 11:25:00-04:00,52.869998931884766,52.869998931884766,52.869998931884766,52.869998931884766,525,0.0,0.0
2024-07-25 11:30:00-04:00,52.97999954223633,52.97999954223633,52.97999954223633,52.97999954223633,266,0.0,0.0
2024-07-25 11:40:00-04:00,53.029998779296875,53.029998779296875,52.7400016784668,52.7400016784668,1861,0.0,0.0
2024-07-25 11:45:00-04:00,52.76499938964844,52.86000061035156,52.75,52.75,423,0.0,0.0
2024-07-25 11:50:00-04:00,52.744998931884766,52.900001525878906,52.744998931884766,52.900001525878906,2115,0.0,0.0
2024-07-25 11:55:00-04:00,53.05500030517578,53.05500030517578,53.05500030517578,53.05500030517578,466,0.0,0.0
2024-07-25 12:00:00-04:00,53.209999084472656,53.400001525878906,53.20500183105469,53.400001525878906,2347,0.0,0.0
2024-07-25 12:05:00-04:00,53.70000076293945,53.83000183105469,53.599998474121094,53.599998474121094,2230,0.0,0.0
2024-07-25 12:15:00-04:00,54.0,54.15999984741211,54.0,54.0,4922,0.0,0.0
2024-07-25 12:20:00-04:00,54.189998626708984,54.20000076293945,54.1349983215332,54.1349983215332,1089,0.0,0.0
2024-07-25 12:25:00-04:00,54.04999923706055,54.077598571777344,54.029998779296875,54.077598571777344,1453,0.0,0.0
2024-07-25 12:30:00-04:00,53.939998626708984,53.939998626708984,53.93000030517578,53.93000030517578,704,0.0,0.0
2024-07-25 12:35:00-04:00,53.849998474121094,53.974998474121094,53.849998474121094,53.974998474121094,442,0.0,0.0
2024-07-25 12:40:00-04:00,54.09000015258789,54.09000015258789,54.09000015258789,54.09000015258789,396,0.0,0.0
2024-07-25 12:45:00-04:00,53.869998931884766,53.974998474121094,53.869998931884766,53.8849983215332,1327,0.0,0.0
2024-07-25 12:55:00-04:00,53.75,53.86000061035156,53.75,53.86000061035156,777,0.0,0.0
2024-07-25 13:00:00-04:00,54.060001373291016,54.060001373291016,54.060001373291016,54.060001373291016,919,0.0,0.0
2024-07-25 13:10:00-04:00,53.915000915527344,53.915000915527344,53.915000915527344,53.915000915527344,154,0.0,0.0
2024-07-25 13:15:00-04:00,53.904998779296875,53.90999984741211,53.904998779296875,53.90999984741211,989,0.0,0.0
2024-07-25 13:20:00-04:00,53.77000045776367,53.77000045776367,53.77000045776367,53.77000045776367,1113,0.0,0.0
2024-07-25 13:25:00-04:00,53.7400016784668,53.7400016784668,53.7400016784668,53.7400016784668,663,0.0,0.0
2024-07-25 13:30:00-04:00,53.9900016784668,54.0,53.79059982299805,53.858001708984375,2356,0.0,0.0
2024-07-25 13:35:00-04:00,53.96500015258789,54.05500030517578,53.96500015258789,54.05500030517578,1514,0.0,0.0
2024-07-25 13:40:00-04:00,54.02050018310547,54.04499816894531,53.869998931884766,53.869998931884766,2140,0.0,0.0
2024-07-25 13:45:00-04:00,54.0,54.0,54.0,54.0,224,0.0,0.0
2024-07-25 13:50:00-04:00,53.869998931884766,54.130001068115234,53.869998931884766,54.130001068115234,2644,0.0,0.0
2024-07-25 13:55:00-04:00,54.165000915527344,54.18000030517578,54.130001068115234,54.130001068115234,1036,0.0,0.0
2024-07-25 14:00:00-04:00,54.060001373291016,54.060001373291016,54.040000915527344,54.040000915527344,2122,0.0,0.0
2024-07-25 14:10:00-04:00,53.709999084472656,53.709999084472656,53.709999084472656,53.709999084472656,1918,0.0,0.0
2024-07-25 14:15:00-04:00,53.68000030517578,53.68000030517578,53.68000030517578,53.68000030517578,624,0.0,0.0
2024-07-25 14:20:00-04:00,53.654998779296875,53.654998779296875,53.654998779296875,53.654998779296875,1369,0.0,0.0
2024-07-25 14:30:00-04:00,53.564998626708984,53.564998626708984,53.4900016784668,53.4900016784668,383,0.0,0.0
2024-07-25 14:35:00-04:00,53.56999969482422,53.60499954223633,53.42499923706055,53.42499923706055,3027,0.0,0.0
2024-07-25 14:40:00-04:00,52.91999816894531,52.959999084472656,52.91999816894531,52.959999084472656,923,0.0,0.0
2024-07-25 14:45:00-04:00,52.779998779296875,52.779998779296875,52.75,52.75,565,0.0,0.0
2024-07-25 14:50:00-04:00,52.875,52.875,52.875,52.875,225,0.0,0.0
2024-07-25 14:55:00-04:00,52.84000015258789,52.9900016784668,52.72999954223633,52.880001068115234,5554,0.0,0.0
2024-07-25 15:00:00-04:00,52.77000045776367,52.880001068115234,52.75,52.75,2208,0.0,0.0
2024-07-25 15:05:00-04:00,52.83000183105469,52.834999084472656,52.7599983215332,52.7599983215332,3234,0.0,0.0
2024-07-25 15:10:00-04:00,52.81999969482422,52.970001220703125,52.7599983215332,52.96500015258789,13415,0.0,0.0
2024-07-25 15:15:00-04:00,52.88999938964844,52.98500061035156,52.599998474121094,52.7400016784668,4864,0.0,0.0
2024-07-25 15:20:00-04:00,52.86000061035156,52.86000061035156,52.86000061035156,52.86000061035156,1047,0.0,0.0
2024-07-25 15:25:00-04:00,52.849998474121094,53.230098724365234,52.849998474121094,53.14500045776367,3262,0.0,0.0
2024-07-25 15:30:00-04:00,53.099998474121094,53.1775016784668,53.060001373291016,53.1775016784668,2526,0.0,0.0
2024-07-25 15:35:00-04:00,53.209999084472656,53.369998931884766,53.209999084472656,53.35499954223633,3637,0.0,0.0
2024-07-25 15:40:00-04:00,53.439998626708984,53.459999084472656,53.33000183105469,53.33000183105469,2155,0.0,0.0
2024-07-25 15:45:00-04:00,53.39500045776367,53.400001525878906,53.18000030517578,53.39500045776367,7348,0.0,0.0
2024-07-25 15:50:00-04:00,53.43000030517578,53.45000076293945,53.18000030517578,53.290000915527344,8480,0.0,0.0
2024-07-25 15:55:00-04:00,53.244998931884766,53.334999084472656,52.72999954223633,52.72999954223633,16201,0.0,0.0
2024-07-26 09:30:00-04:00,54.099998474121094,54.099998474121094,53.55500030517578,53.55500030517578,5521,0.0,0.0
2024-07-26 09:45:00-04:00,54.29499816894531,54.95000076293945,53.73830032348633,54.35499954223633,1954,0.0,0.0
2024-07-26 09:50:00-04:00,54.35499954223633,54.35499954223633,54.35499954223633,54.35499954223633,628,0.0,0.0
2024-07-26 10:00:00-04:00,54.459999084472656,54.459999084472656,54.45000076293945,54.45000076293945,644,0.0,0.0
2024-07-26 10:05:00-04:00,54.11000061035156,54.11000061035156,54.04999923706055,54.04999923706055,2296,0.0,0.0
2024-07-26 10:10:00-04:00,53.95000076293945,53.95000076293945,53.91999816894531,53.91999816894531,2742,0.0,0.0
2024-07-26 10:15:00-04:00,54.540000915527344,54.540000915527344,54.540000915527344,54.540000915527344,1327,0.0,0.0
2024-07-26 10:20:00-04:00,54.929901123046875,54.929901123046875,54.929901123046875,54.929901123046875,856,0.0,0.0
2024-07-26 10:25:00-04:00,54.599998474121094,54.779998779296875,54.599998474121094,54.6150016784668,1904,0.0,0.0
2024-07-26 10:30:00-04:00,54.43000030517578,54.43000030517578,54.36000061035156,54.36000061035156,2247,0.0,0.0
2024-07-26 10:40:00-04:00,54.599998474121094,54.599998474121094,54.54999923706055,54.54999923706055,2756,0.0,0.0
2024-07-26 10:50:00-04:00,54.540000915527344,54.540000915527344,54.540000915527344,54.540000915527344,457,0.0,0.0
2024-07-26 10:55:00-04:00,54.79999923706055,54.79999923706055,54.40999984741211,54.40999984741211,1140,0.0,0.0
2024-07-26 11:00:00-04:00,54.86000061035156,54.86000061035156,54.55500030517578,54.689998626708984,1029,0.0,0.0
2024-07-26 11:05:00-04:00,54.689998626708984,54.689998626708984,54.689998626708984,54.689998626708984,419,0.0,0.0
2024-07-26 11:10:00-04:00,54.641998291015625,54.641998291015625,54.45000076293945,54.45000076293945,1984,0.0,0.0
2024-07-26 11:15:00-04:00,54.474998474121094,54.474998474121094,54.20000076293945,54.209999084472656,3109,0.0,0.0
2024-07-26 11:25:00-04:00,54.439998626708984,54.650001525878906,54.439998626708984,54.650001525878906,1237,0.0,0.0
2024-07-26 11:30:00-04:00,54.474998474121094,54.650001525878906,54.474998474121094,54.650001525878906,674,0.0,0.0
2024-07-26 11:35:00-04:00,54.630001068115234,54.93000030517578,54.46009826660156,54.93000030517578,1288,0.0,0.0
2024-07-26 11:40:00-04:00,54.90999984741211,54.90999984741211,54.68000030517578,54.68000030517578,1190,0.0,0.0
2024-07-26 11:45:00-04:00,54.68000030517578,54.849998474121094,54.650001525878906,54.849998474121094,606,0.0,0.0
2024-07-26 11:50:00-04:00,54.880001068115234,54.880001068115234,54.7598991394043,54.7598991394043,245,0.0,0.0
2024-07-26 11:55:00-04:00,54.900001525878906,54.900001525878906,54.86000061035156,54.88999938964844,1498,0.0,0.0
2024-07-26 12:00:00-04:00,54.755001068115234,54.95000076293945,54.755001068115234,54.93000030517578,2052,0.0,0.0
2024-07-26 12:05:00-04:00,55.20000076293945,55.20000076293945,55.0098991394043,55.040000915527344,682,0.0,0.0
2024-07-26 12:10:00-04:00,55.0,55.0,54.84000015258789,54.84000015258789,2001,0.0,0.0
2024-07-26 12:15:00-04:00,55.099998474121094,55.099998474121094,54.83000183105469,54.83000183105469,1791,0.0,0.0
2024-07-26 12:20:00-04:00,55.08000183105469,55.08000183105469,55.08000183105469,55.08000183105469,178,0.0,0.0
2024-07-26 12:25:00-04:00,55.09000015258789,55.09000015258789,55.0,55.06999969482422,882,0.0,0.0
2024-07-26 12:30:00-04:00,55.09000015258789,55.09000015258789,54.790000915527344,54.810001373291016,2844,0.0,0.0
2024-07-26 12:35:00-04:00,54.75,54.900001525878906,54.75,54.900001525878906,1009,0.0,0.0
2024-07-26 12:40:00-04:00,54.900001525878906,54.970001220703125,54.7599983215332,54.7599983215332,1521,0.0,0.0
2024-07-26 12:45:00-04:00,54.970001220703125,54.970001220703125,54.650001525878906,54.70500183105469,2533,0.0,0.0
2024-07-26 12:50:00-04:00,54.63999938964844,54.650001525878906,54.63999938964844,54.650001525878906,568,0.0,0.0
2024-07-26 12:55:00-04:00,54.90999984741211,54.90999984741211,54.90999984741211,54.90999984741211,454,0.0,0.0
2024-07-26 13:00:00-04:00,54.95000076293945,55.04999923706055,54.83000183105469,55.04999923706055,3297,0.0,0.0
2024-07-26 13:05:00-04:00,55.04999923706055,55.04999923706055,54.79999923706055,54.79999923706055,2066,0.0,0.0
2024-07-26 13:10:00-04:00,54.599998474121094,54.599998474121094,54.599998474121094,54.599998474121094,517,0.0,0.0
2024-07-26 13:15:00-04:00,54.900001525878906,55.13999938964844,54.7599983215332,55.13999938964844,1504,0.0,0.0
2024-07-26 13:20:00-04:00,55.130001068115234,55.130001068115234,54.93000030517578,54.93000030517578,1958,0.0,0.0
2024-07-26 13:25:00-04:00,55.099998474121094,55.099998474121094,55.0099983215332,55.0099983215332,670,0.0,0.0
2024-07-26 13:30:00-04:00,54.94499969482422,55.02000045776367,54.869998931884766,54.869998931884766,2706,0.0,0.0
2024-07-26 13:35:00-04:00,54.85499954223633,55.060001373291016,54.7599983215332,54.7599983215332,1375,0.0,0.0
2024-07-26 13:40:00-04:00,54.86000061035156,54.875,54.86000061035156,54.875,1273,0.0,0.0
2024-07-26 13:45:00-04:00,54.970001220703125,55.099998474121094,54.970001220703125,55.099998474121094,830,0.0,0.0
2024-07-26 13:50:00-04:00,55.02000045776367,55.02000045776367,55.02000045776367,55.02000045776367,798,0.0,0.0
2024-07-26 13:55:00-04:00,55.20000076293945,55.20000076293945,54.970001220703125,55.029998779296875,2663,0.0,0.0
2024-07-26 14:00:00-04:00,54.959999084472656,55.06999969482422,54.880001068115234,55.06999969482422,963,0.0,0.0
2024-07-26 14:05:00-04:00,54.970001220703125,55.029998779296875,54.880001068115234,54.974998474121094,2066,0.0,0.0
2024-07-26 14:10:00-04:00,54.900001525878906,54.900001525878906,54.790000915527344,54.86000061035156,2560,0.0,0.0
2024-07-26 14:15:00-04:00,54.959999084472656,54.959999084472656,54.904998779296875,54.904998779296875,876,0.0,0.0
2024-07-26 14:20:00-04:00,54.904998779296875,55.0,54.869998931884766,55.0,1452,0.0,0.0
2024-07-26 14:25:00-04:00,54.9900016784668,55.09000015258789,54.619998931884766,54.775001525878906,6176,0.0,0.0
2024-07-26 14:30:00-04:00,54.439998626708984,54.689998626708984,54.369998931884766,54.52000045776367,1275,0.0,0.0
2024-07-26 14:35:00-04:00,54.51499938964844,54.7400016784668,54.505001068115234,54.7400016784668,421,0.0,0.0
2024-07-26 14:40:00-04:00,54.68000030517578,54.84000015258789,54.68000030517578,54.84000015258789,2019,0.0,0.0
2024-07-26 14:45:00-04:00,54.880001068115234,54.880001068115234,54.4900016784668,54.4900016784668,3384,0.0,0.0
2024-07-26 14:50:00-04:00,54.58000183105469,54.58000183105469,54.58000183105469,54.58000183105469,218,0.0,0.0
2024-07-26 14:55:00-04:00,54.58000183105469,54.584999084472656,54.220001220703125,54.220001220703125,3893,0.0,0.0
2024-07-26 15:00:00-04:00,54.290000915527344,54.290000915527344,54.084999084472656,54.119998931884766,603,0.0,0.0
2024-07-26 15:05:00-04:00,54.220001220703125,54.2400016784668,54.119998931884766,54.209999084472656,2490,0.0,0.0
2024-07-26 15:10:00-04:00,54.27000045776367,54.33000183105469,54.040000915527344,54.040000915527344,4344,0.0,0.0
2024-07-26 15:15:00-04:00,54.02000045776367,54.060001373291016,53.95000076293945,54.060001373291016,752,0.0,0.0
2024-07-26 15:20:00-04:00,54.060001373291016,54.369998931884766,54.060001373291016,54.33000183105469,1380,0.0,0.0
2024-07-26 15:25:00-04:00,54.369998931884766,54.369998931884766,54.13999938964844,54.244998931884766,2809,0.0,0.0
2024-07-26 15:30:00-04:00,54.279998779296875,54.279998779296875,54.029998779296875,54.08000183105469,3740,0.0,0.0
2024-07-26 15:35:00-04:00,54.07849884033203,54.22999954223633,54.04999923706055,54.189998626708984,3217,0.0,0.0
2024-07-26 15:40:00-04:00,54.290000915527344,54.369998931884766,54.22999954223633,54.369998931884766,3590,0.0,0.0
2024-07-26 15:45:00-04:00,54.369998931884766,54.529998779296875,54.290000915527344,54.529998779296875,11090,0.0,0.0
2024-07-26 15:50:00-04:00,54.45500183105469,54.45500183105469,54.22100067138672,54.22480010986328,13711,0.0,0.0
2024-07-26 15:55:00-04:00,54.209999084472656,54.58000183105469,54.17100143432617,54.38999938964844,23142,0.0,0.0
2024-07-29 09:30:00-04:00,55.11000061035156,55.11000061035156,55.11000061035156,55.11000061035156,3671,0.0,0.0
2024-07-29 09:35:00-04:00,55.149898529052734,55.149898529052734,55.149898529052734,55.149898529052734,154,0.0,0.0
2024-07-29 09:40:00-04:00,55.11000061035156,55.967498779296875,55.11000061035156,55.967498779296875,3426,0.0,0.0
2024-07-29 09:45:00-04:00,56.07500076293945,56.13999938964844,56.06999969482422,56.13999938964844,910,0.0,0.0
2024-07-29 09:50:00-04:00,55.68000030517578,55.68000030517578,55.68000030517578,55.68000030517578,844,0.0,0.0
2024-07-29 09:55:00-04:00,56.099998474121094,56.470001220703125,56.099998474121094,56.470001220703125,1808,0.0,0.0
2024-07-29 10:05:00-04:00,56.31999969482422,56.529998779296875,56.04999923706055,56.529998779296875,4158,0.0,0.0
2024-07-29 10:10:00-04:00,56.619998931884766,56.630001068115234,56.532100677490234,56.532100677490234,1560,0.0,0.0
2024-07-29 10:15:00-04:00,56.53010177612305,56.724998474121094,56.53010177612305,56.724998474121094,680,0.0,0.0
2024-07-29 10:20:00-04:00,56.869998931884766,56.869998931884766,56.13999938964844,56.13999938964844,5544,0.0,0.0
2024-07-29 10:25:00-04:00,56.41999816894531,56.41999816894531,56.41999816894531,56.41999816894531,137,0.0,0.0
2024-07-29 10:30:00-04:00,56.380001068115234,56.380001068115234,56.380001068115234,56.380001068115234,1526,0.0,0.0
2024-07-29 10:35:00-04:00,56.27000045776367,56.68000030517578,56.27000045776367,56.68000030517578,1763,0.0,0.0
2024-07-29 10:40:00-04:00,56.65129852294922,56.65129852294922,56.65129852294922,56.65129852294922,1406,0.0,0.0
2024-07-29 10:45:00-04:00,56.22999954223633,56.22999954223633,56.22999954223633,56.22999954223633,1769,0.0,0.0
2024-07-29 10:55:00-04:00,56.470001220703125,56.470001220703125,56.130001068115234,56.130001068115234,1179,0.0,0.0
2024-07-29 11:05:00-04:00,56.09000015258789,56.09000015258789,56.09000015258789,56.09000015258789,369,0.0,0.0
2024-07-29 11:10:00-04:00,56.17499923706055,56.17499923706055,56.09000015258789,56.09000015258789,751,0.0,0.0
2024-07-29 11:15:00-04:00,56.14649963378906,56.17499923706055,56.14649963378906,56.17499923706055,1582,0.0,0.0
2024-07-29 11:20:00-04:00,56.36000061035156,56.36000061035156,56.36000061035156,56.36000061035156,479,0.0,0.0
2024-07-29 11:25:00-04:00,56.0,56.380001068115234,56.0,56.380001068115234,973,0.0,0.0
2024-07-29 11:40:00-04:00,56.380001068115234,56.459999084472656,56.380001068115234,56.45000076293945,2605,0.0,0.0
2024-07-29 11:45:00-04:00,56.58000183105469,56.58000183105469,56.58000183105469,56.58000183105469,714,0.0,0.0
2024-07-29 11:50:00-04:00,56.54999923706055,56.59000015258789,56.54999923706055,56.59000015258789,1160,0.0,0.0
2024-07-29 11:55:00-04:00,56.630001068115234,56.630001068115234,56.630001068115234,56.630001068115234,456,0.0,0.0
2024-07-29 12:00:00-04:00,56.66999816894531,56.66999816894531,56.630001068115234,56.630001068115234,1705,0.0,0.0
2024-07-29 12:05:00-04:00,56.77000045776367,56.900001525878906,56.77000045776367,56.900001525878906,690,0.0,0.0
2024-07-29 12:10:00-04:00,56.75,57.0,56.75,57.0,2606,0.0,0.0
2024-07-29 12:15:00-04:00,56.86000061035156,56.86000061035156,56.86000061035156,56.86000061035156,917,0.0,0.0
2024-07-29 12:20:00-04:00,57.0,57.33000183105469,57.0,57.13999938964844,3040,0.0,0.0
2024-07-29 12:30:00-04:00,56.9900016784668,57.15999984741211,56.77000045776367,56.77000045776367,3190,0.0,0.0
2024-07-29 12:40:00-04:00,57.0,57.0,56.935001373291016,56.935001373291016,1997,0.0,0.0
2024-07-29 12:50:00-04:00,56.84000015258789,56.84000015258789,56.84000015258789,56.84000015258789,1055,0.0,0.0
2024-07-29 12:55:00-04:00,56.76499938964844,56.790000915527344,56.76499938964844,56.790000915527344,1332,0.0,0.0
2024-07-29 13:00:00-04:00,56.70000076293945,56.959999084472656,56.70000076293945,56.959999084472656,636,0.0,0.0
2024-07-29 13:05:00-04:00,56.81629943847656,56.81629943847656,56.81629943847656,56.81629943847656,540,0.0,0.0
2024-07-29 13:10:00-04:00,56.720001220703125,57.06999969482422,56.720001220703125,57.06999969482422,1309,0.0,0.0
2024-07-29 13:15:00-04:00,56.98500061035156,56.98500061035156,56.814998626708984,56.814998626708984,1300,0.0,0.0
2024-07-29 13:20:00-04:00,56.2599983215332,56.45500183105469,56.2599983215332,56.36000061035156,5407,0.0,0.0
2024-07-29 13:25:00-04:00,56.43000030517578,56.43000030517578,56.119998931884766,56.119998931884766,909,0.0,0.0
2024-07-29 13:30:00-04:00,55.935001373291016,56.16999816894531,55.709999084472656,56.16999816894531,4455,0.0,0.0
2024-07-29 13:35:00-04:00,55.749000549316406,55.749000549316406,55.749000549316406,55.749000549316406,546,0.0,0.0
2024-07-29 13:40:00-04:00,55.5,55.53799819946289,55.5,55.53799819946289,565,0.0,0.0
2024-07-29 13:45:00-04:00,55.689998626708984,55.70000076293945,55.689998626708984,55.70000076293945,596,0.0,0.0
2024-07-29 13:50:00-04:00,55.70000076293945,55.77000045776367,55.70000076293945,55.77000045776367,1068,0.0,0.0
2024-07-29 13:55:00-04:00,55.779998779296875,56.02000045776367,55.779998779296875,56.02000045776367,1939,0.0,0.0
2024-07-29 14:00:00-04:00,55.97999954223633,55.97999954223633,55.97999954223633,55.97999954223633,134,0.0,0.0
2024-07-29 14:05:00-04:00,56.029998779296875,56.06999969482422,55.869998931884766,56.06999969482422,1988,0.0,0.0
2024-07-29 14:10:00-04:00,56.150001525878906,56.15999984741211,56.095001220703125,56.095001220703125,982,0.0,0.0
2024-07-29 14:15:00-04:00,56.09000015258789,56.189998626708984,56.02000045776367,56.189998626708984,849,0.0,0.0
2024-07-29 14:20:00-04:00,56.22999954223633,56.540000915527344,56.22999954223633,56.43000030517578,2339,0.0,0.0
2024-07-29 14:25:00-04:00,56.43000030517578,56.45000076293945,56.28559875488281,56.45000076293945,1078,0.0,0.0
2024-07-29 14:30:00-04:00,56.290000915527344,56.439998626708984,56.290000915527344,56.439998626708984,705,0.0,0.0
2024-07-29 14:35:00-04:00,56.45000076293945,56.45000076293945,56.13999938964844,56.20500183105469,3326,0.0,0.0
2024-07-29 14:40:00-04:00,56.20500183105469,56.20500183105469,56.130001068115234,56.130001068115234,520,0.0,0.0
2024-07-29 14:45:00-04:00,56.29999923706055,56.33000183105469,56.20500183105469,56.31999969482422,3484,0.0,0.0
2024-07-29 14:50:00-04:00,56.459999084472656,56.459999084472656,56.369998931884766,56.369998931884766,3200,0.0,0.0
2024-07-29 14:55:00-04:00,56.29999923706055,56.29999923706055,55.93000030517578,56.06999969482422,2822,0.0,0.0
2024-07-29 15:00:00-04:00,56.06999969482422,56.06999969482422,56.06999969482422,56.06999969482422,124,0.0,0.0
2024-07-29 15:05:00-04:00,56.209999084472656,56.209999084472656,55.31999969482422,55.31999969482422,11550,0.0,0.0
2024-07-29 15:10:00-04:00,55.34000015258789,55.40999984741211,54.619998931884766,54.689998626708984,18914,0.0,0.0
2024-07-29 15:15:00-04:00,54.970001220703125,55.16999816894531,54.79999923706055,54.880001068115234,4389,0.0,0.0
2024-07-29 15:20:00-04:00,55.18000030517578,55.63999938964844,55.18000030517578,55.63999938964844,7818,0.0,0.0
2024-07-29 15:25:00-04:00,55.720001220703125,56.084999084472656,55.720001220703125,55.91999816894531,8829,0.0,0.0
2024-07-29 15:30:00-04:00,55.91999816894531,56.244998931884766,55.86000061035156,56.244998931884766,7200,0.0,0.0
2024-07-29 15:35:00-04:00,56.25,56.36000061035156,56.25,56.349998474121094,3056,0.0,0.0
2024-07-29 15:40:00-04:00,56.48500061035156,56.54499816894531,56.47999954223633,56.52750015258789,10555,0.0,0.0
2024-07-29 15:45:00-04:00,56.47999954223633,56.51499938964844,56.29999923706055,56.29999923706055,3921,0.0,0.0
2024-07-29 15:50:00-04:00,56.290000915527344,56.4900016784668,56.18000030517578,56.18000030517578,12430,0.0,0.0
2024-07-29 15:55:00-04:00,56.06999969482422,56.099998474121094,55.665000915527344,55.9900016784668,13995,0.0,0.0
2024-07-30 09:30:00-04:00,56.470001220703125,56.470001220703125,55.80500030517578,55.8650016784668,2730,0.0,0.0
2024-07-30 09:35:00-04:00,56.560001373291016,56.619998931884766,56.560001373291016,56.619998931884766,1676,0.0,0.0
2024-07-30 09:40:00-04:00,56.75,56.97999954223633,56.75,56.97999954223633,539,0.0,0.0
2024-07-30 09:45:00-04:00,56.45000076293945,56.60499954223633,56.45000076293945,56.60499954223633,502,0.0,0.0
2024-07-30 09:50:00-04:00,56.599998474121094,57.0,56.599998474121094,56.98500061035156,2531,0.0,0.0
2024-07-30 09:55:00-04:00,57.119998931884766,57.38999938964844,57.099998474121094,57.29999923706055,3477,0.0,0.0
2024-07-30 10:00:00-04:00,57.15999984741211,57.15999984741211,56.595001220703125,56.595001220703125,2655,0.0,0.0
2024-07-30 10:10:00-04:00,56.459999084472656,56.459999084472656,56.20000076293945,56.20000076293945,389,0.0,0.0
2024-07-30 10:15:00-04:00,56.13999938964844,56.13999938964844,56.13999938964844,56.13999938964844,388,0.0,0.0
2024-07-30 10:20:00-04:00,56.119998931884766,56.349998474121094,56.11000061035156,56.11000061035156,1393,0.0,0.0
2024-07-30 10:25:00-04:00,56.119998931884766,56.720001220703125,56.11000061035156,56.720001220703125,3893,0.0,0.0
2024-07-30 10:30:00-04:00,56.9900016784668,57.45000076293945,56.93000030517578,57.15999984741211,6305,0.0,0.0
2024-07-30 10:35:00-04:00,57.15999984741211,57.15999984741211,57.15999984741211,57.15999984741211,402,0.0,0.0
2024-07-30 10:40:00-04:00,57.279998779296875,57.31999969482422,57.20000076293945,57.31999969482422,4320,0.0,0.0
2024-07-30 10:55:00-04:00,57.154998779296875,57.154998779296875,56.970001220703125,57.14500045776367,667,0.0,0.0
2024-07-30 11:00:00-04:00,57.0099983215332,57.0099983215332,56.59000015258789,56.69499969482422,1976,0.0,0.0
2024-07-30 11:05:00-04:00,56.41999816894531,56.41999816894531,56.400001525878906,56.400001525878906,2337,0.0,0.0
2024-07-30 11:15:00-04:00,56.2400016784668,56.2400016784668,56.2400016784668,56.2400016784668,630,0.0,0.0
2024-07-30 11:20:00-04:00,56.470001220703125,56.5099983215332,56.470001220703125,56.5099983215332,1334,0.0,0.0
2024-07-30 11:25:00-04:00,56.60499954223633,56.619998931884766,56.40999984741211,56.40999984741211,947,0.0,0.0
2024-07-30 11:30:00-04:00,56.27000045776367,56.27000045776367,56.27000045776367,56.27000045776367,984,0.0,0.0
2024-07-30 11:40:00-04:00,56.029998779296875,56.029998779296875,56.029998779296875,56.029998779296875,157,0.0,0.0
2024-07-30 11:50:00-04:00,56.02000045776367,56.2599983215332,55.849998474121094,56.2599983215332,4068,0.0,0.0
2024-07-30 11:55:00-04:00,56.18000030517578,56.18000030517578,56.18000030517578,56.18000030517578,318,0.0,0.0
2024-07-30 12:00:00-04:00,56.36000061035156,56.36000061035156,56.06999969482422,56.06999969482422,2080,0.0,0.0
2024-07-30 12:15:00-04:00,56.15999984741211,56.275001525878906,56.15999984741211,56.275001525878906,802,0.0,0.0
2024-07-30 12:20:00-04:00,56.150001525878906,56.150001525878906,56.04999923706055,56.04999923706055,845,0.0,0.0
2024-07-30 12:25:00-04:00,56.04499816894531,56.25,56.04499816894531,56.25,2594,0.0,0.0
2024-07-30 12:30:00-04:00,56.36109924316406,56.36109924316406,56.36109924316406,56.36109924316406,930,0.0,0.0
2024-07-30 12:40:00-04:00,56.5099983215332,56.5099983215332,56.5099983215332,56.5099983215332,648,0.0,0.0
2024-07-30 12:45:00-04:00,56.46500015258789,56.46500015258789,56.46500015258789,56.46500015258789,161,0.0,0.0
2024-07-30 12:50:00-04:00,56.46500015258789,56.46500015258789,56.34000015258789,56.34000015258789,1440,0.0,0.0
2024-07-30 12:55:00-04:00,56.04999923706055,56.04999923706055,55.900001525878906,56.04999923706055,1622,0.0,0.0
2024-07-30 13:00:00-04:00,56.099998474121094,56.310001373291016,56.0,56.310001373291016,3139,0.0,0.0
2024-07-30 13:10:00-04:00,56.32500076293945,56.400001525878906,56.32500076293945,56.400001525878906,1298,0.0,0.0
2024-07-30 13:15:00-04:00,56.45000076293945,56.459999084472656,56.400001525878906,56.400001525878906,561,0.0,0.0
2024-07-30 13:20:00-04:00,56.43000030517578,56.43000030517578,56.43000030517578,56.43000030517578,610,0.0,0.0
2024-07-30 13:25:00-04:00,56.25,56.25,56.220001220703125,56.220001220703125,626,0.0,0.0
2024-07-30 13:30:00-04:00,56.130001068115234,56.130001068115234,56.130001068115234,56.130001068115234,787,0.0,0.0
2024-07-30 13:35:00-04:00,56.209999084472656,56.209999084472656,56.209999084472656,56.209999084472656,599,0.0,0.0
2024-07-30 13:40:00-04:00,56.36000061035156,56.529998779296875,56.33000183105469,56.529998779296875,3808,0.0,0.0
2024-07-30 13:50:00-04:00,56.60499954223633,56.60499954223633,56.279998779296875,56.279998779296875,2262,0.0,0.0
2024-07-30 14:00:00-04:00,56.290000915527344,56.290000915527344,56.150001525878906,56.150001525878906,648,0.0,0.0
2024-07-30 14:05:00-04:00,56.29999923706055,56.29999923706055,56.29999923706055,56.29999923706055,730,0.0,0.0
2024-07-30 14:15:00-04:00,56.41999816894531,56.63999938964844,56.41999816894531,56.63999938964844,2524,0.0,0.0
2024-07-30 14:20:00-04:00,56.630001068115234,56.79999923706055,56.619998931884766,56.79999923706055,2062,0.0,0.0
2024-07-30 14:25:00-04:00,56.689998626708984,56.755001068115234,56.68000030517578,56.68000030517578,1518,0.0,0.0
2024-07-30 14:30:00-04:00,56.70500183105469,56.70500183105469,56.70500183105469,56.70500183105469,377,0.0,0.0
2024-07-30 14:35:00-04:00,56.7599983215332,56.7599983215332,56.59000015258789,56.599998474121094,1884,0.0,0.0
2024-07-30 14:40:00-04:00,56.599998474121094,56.599998474121094,56.58000183105469,56.58000183105469,1185,0.0,0.0
2024-07-30 14:50:00-04:00,56.150001525878906,56.25,56.040000915527344,56.25,2439,0.0,0.0
2024-07-30 15:00:00-04:00,56.40999984741211,56.40999984741211,56.40999984741211,56.40999984741211,364,0.0,0.0
2024-07-30 15:05:00-04:00,56.310001373291016,56.310001373291016,56.06999969482422,56.16999816894531,1860,0.0,0.0
2024-07-30 15:10:00-04:00,56.275001525878906,56.275001525878906,56.275001525878906,56.275001525878906,810,0.0,0.0
2024-07-30 15:15:00-04:00,56.275001525878906,56.40999984741211,56.27000045776367,56.314998626708984,1440,0.0,0.0
2024-07-30 15:20:00-04:00,56.32500076293945,56.32500076293945,56.150001525878906,56.150001525878906,1580,0.0,0.0
2024-07-30 15:25:00-04:00,56.400001525878906,56.400001525878906,56.150001525878906,56.27000045776367,1507,0.0,0.0
2024-07-30 15:30:00-04:00,56.369998931884766,56.40999984741211,56.18000030517578,56.404998779296875,3905,0.0,0.0
2024-07-30 15:35:00-04:00,56.290000915527344,56.290000915527344,56.060001373291016,56.060001373291016,3097,0.0,0.0
2024-07-30 15:40:00-04:00,56.095001220703125,56.18000030517578,56.04999923706055,56.16999816894531,8489,0.0,0.0
2024-07-30 15:45:00-04:00,56.16999816894531,56.22999954223633,56.060001373291016,56.08000183105469,7363,0.0,0.0
2024-07-30 15:50:00-04:00,56.04999923706055,56.16999816894531,55.880001068115234,55.95000076293945,12750,0.0,0.0
2024-07-30 15:55:00-04:00,55.88999938964844,56.040000915527344,55.54999923706055,55.57099914550781,19470,0.0,0.0
2024-07-31 09:30:00-04:00,56.5,56.5,56.5,56.5,3345,0.0,0.0
2024-07-31 09:35:00-04:00,56.650001525878906,56.650001525878906,56.599998474121094,56.599998474121094,1423,0.0,0.0
2024-07-31 09:40:00-04:00,56.03110122680664,56.04999923706055,56.03110122680664,56.04999923706055,818,0.0,0.0
2024-07-31 09:45:00-04:00,56.439998626708984,56.4900016784668,56.439998626708984,56.4900016784668,838,0.0,0.0
2024-07-31 09:50:00-04:00,56.5,56.5,56.5,56.5,1802,0.0,0.0
2024-07-31 10:00:00-04:00,56.42499923706055,56.42499923706055,56.42499923706055,56.42499923706055,375,0.0,0.0
2024-07-31 10:05:00-04:00,56.79999923706055,56.79999923706055,56.79999923706055,56.79999923706055,527,0.0,0.0
2024-07-31 10:10:00-04:00,56.79999923706055,57.099998474121094,56.79999923706055,57.099998474121094,1576,0.0,0.0
2024-07-31 10:15:00-04:00,57.34000015258789,57.38990020751953,57.119998931884766,57.34000015258789,1471,0.0,0.0
2024-07-31 10:20:00-04:00,57.349998474121094,57.47999954223633,57.09000015258789,57.09000015258789,1173,0.0,0.0
2024-07-31 10:25:00-04:00,57.400001525878906,57.720001220703125,57.400001525878906,57.70000076293945,1098,0.0,0.0
2024-07-31 10:30:00-04:00,57.70000076293945,57.70000076293945,56.90999984741211,56.90999984741211,2384,0.0,0.0
2024-07-31 10:40:00-04:00,57.36000061035156,57.369998931884766,57.35499954223633,57.369998931884766,784,0.0,0.0
2024-07-31 10:45:00-04:00,57.36000061035156,57.470001220703125,57.16999816894531,57.470001220703125,2344,0.0,0.0
2024-07-31 10:50:00-04:00,57.25,57.43000030517578,57.2400016784668,57.369998931884766,2863,0.0,0.0
2024-07-31 10:55:00-04:00,57.599998474121094,57.91999816894531,57.560001373291016,57.91999816894531,2390,0.0,0.0
2024-07-31 11:00:00-04:00,57.84000015258789,57.95000076293945,57.84000015258789,57.95000076293945,1281,0.0,0.0
2024-07-31 11:05:00-04:00,57.58000183105469,57.58000183105469,57.5,57.56999969482422,567,0.0,0.0
2024-07-31 11:10:00-04:00,57.61000061035156,57.61000061035156,57.54999923706055,57.54999923706055,336,0.0,0.0
2024-07-31 11:15:00-04:00,57.59000015258789,57.709999084472656,57.584999084472656,57.70000076293945,1900,0.0,0.0
2024-07-31 11:20:00-04:00,57.849998474121094,57.849998474121094,57.59000015258789,57.59000015258789,791,0.0,0.0
2024-07-31 11:25:00-04:00,57.689998626708984,57.72999954223633,57.625,57.625,330,0.0,0.0
2024-07-31 11:30:00-04:00,57.81999969482422,57.869998931884766,57.630001068115234,57.630001068115234,976,0.0,0.0
2024-07-31 11:35:00-04:00,57.88999938964844,57.88999938964844,57.845001220703125,57.845001220703125,625,0.0,0.0
2024-07-31 11:40:00-04:00,58.0,58.0,58.0,58.0,374,0.0,0.0
2024-07-31 11:45:00-04:00,58.0,58.220001220703125,57.81999969482422,58.220001220703125,6284,0.0,0.0
2024-07-31 11:50:00-04:00,58.220001220703125,58.5,58.09000015258789,58.5,4156,0.0,0.0
2024-07-31 11:55:00-04:00,58.4900016784668,58.4900016784668,58.060001373291016,58.060001373291016,1407,0.0,0.0
2024-07-31 12:00:00-04:00,58.29999923706055,58.29999923706055,58.09000015258789,58.09000015258789,682,0.0,0.0
2024-07-31 12:05:00-04:00,58.18000030517578,58.415000915527344,58.060001373291016,58.40999984741211,3668,0.0,0.0
2024-07-31 12:10:00-04:00,58.54999923706055,58.54999923706055,58.54999923706055,58.54999923706055,628,0.0,0.0
2024-07-31 12:15:00-04:00,58.599998474121094,58.599998474121094,58.43000030517578,58.47999954223633,803,0.0,0.0
2024-07-31 12:20:00-04:00,58.47999954223633,58.47999954223633,58.369998931884766,58.415000915527344,796,0.0,0.0
2024-07-31 12:25:00-04:00,58.560001373291016,58.560001373291016,58.25,58.279998779296875,1880,0.0,0.0
2024-07-31 12:30:00-04:00,58.33000183105469,58.33000183105469,58.33000183105469,58.33000183105469,703,0.0,0.0
2024-07-31 12:35:00-04:00,58.29999923706055,58.29999923706055,58.2599983215332,58.2599983215332,461,0.0,0.0
2024-07-31 12:40:00-04:00,58.211299896240234,58.34000015258789,58.211299896240234,58.34000015258789,785,0.0,0.0
2024-07-31 12:45:00-04:00,58.1349983215332,58.34000015258789,58.1349983215332,58.34000015258789,534,0.0,0.0
2024-07-31 12:50:00-04:00,58.2599983215332,58.2599983215332,58.09000015258789,58.2599983215332,1110,0.0,0.0
2024-07-31 12:55:00-04:00,58.09000015258789,58.11000061035156,57.90999984741211,58.11000061035156,1133,0.0,0.0
2024-07-31 13:00:00-04:00,58.15999984741211,58.16999816894531,57.900001525878906,58.060001373291016,1524,0.0,0.0
2024-07-31 13:05:00-04:00,58.36000061035156,58.52000045776367,58.36000061035156,58.52000045776367,1935,0.0,0.0
2024-07-31 13:10:00-04:00,58.52000045776367,58.52000045776367,58.52000045776367,58.52000045776367,883,0.0,0.0
2024-07-31 13:15:00-04:00,58.599998474121094,58.68000030517578,58.599998474121094,58.68000030517578,756,0.0,0.0
2024-07-31 13:20:00-04:00,58.7400016784668,58.7400016784668,58.720001220703125,58.720001220703125,1339,0.0,0.0
2024-07-31 13:25:00-04:00,58.58000183105469,58.77000045776367,58.55500030517578,58.70000076293945,2309,0.0,0.0
2024-07-31 13:30:00-04:00,58.779998779296875,58.779998779296875,58.560001373291016,58.68000030517578,1829,0.0,0.0
2024-07-31 13:35:00-04:00,58.81999969482422,58.81999969482422,58.529998779296875,58.56999969482422,1669,0.0,0.0
2024-07-31 13:40:00-04:00,58.650001525878906,58.689998626708984,58.595001220703125,58.689998626708984,477,0.0,0.0
2024-07-31 13:45:00-04:00,58.5099983215332,58.77000045776367,58.5099983215332,58.63999938964844,1619,0.0,0.0
2024-07-31 13:50:00-04:00,58.709999084472656,58.709999084472656,58.369998931884766,58.369998931884766,2074,0.0,0.0
2024-07-31 13:55:00-04:00,58.470001220703125,58.52000045776367,58.29999923706055,58.310001373291016,1313,0.0,0.0
2024-07-31 14:00:00-04:00,58.22999954223633,58.29999923706055,58.11000061035156,58.119998931884766,1366,0.0,0.0
2024-07-31 14:05:00-04:00,58.22999954223633,58.22999954223633,58.209999084472656,58.209999084472656,124,0.0,0.0
2024-07-31 14:10:00-04:00,58.02000045776367,58.2400016784668,57.994998931884766,58.209999084472656,2449,0.0,0.0
2024-07-31 14:15:00-04:00,58.209999084472656,58.33000183105469,58.11000061035156,58.11000061035156,402,0.0,0.0
2024-07-31 14:20:00-04:00,58.349998474121094,58.349998474121094,58.154998779296875,58.22999954223633,1323,0.0,0.0
2024-07-31 14:25:00-04:00,58.22999954223633,58.22999954223633,57.7400016784668,57.7400016784668,1023,0.0,0.0
2024-07-31 14:30:00-04:00,58.099998474121094,58.16999816894531,58.099998474121094,58.16999816894531,614,0.0,0.0
2024-07-31 14:35:00-04:00,58.099998474121094,58.099998474121094,58.099998474121094,58.099998474121094,639,0.0,0.0
2024-07-31 14:40:00-04:00,58.459999084472656,58.459999084472656,57.790000915527344,57.790000915527344,396,0.0,0.0
2024-07-31 14:45:00-04:00,58.45000076293945,58.79999923706055,58.34000015258789,58.59000015258789,2381,0.0,0.0
2024-07-31 14:50:00-04:00,59.0099983215332,59.040000915527344,58.79999923706055,58.97999954223633,2557,0.0,0.0
2024-07-31 14:55:00-04:00,59.060001373291016,59.119998931884766,59.04119873046875,59.119998931884766,1404,0.0,0.0
2024-07-31 15:00:00-04:00,59.369998931884766,59.45869827270508,59.099998474121094,59.099998474121094,2446,0.0,0.0
2024-07-31 15:05:00-04:00,59.4900016784668,59.5,59.09000015258789,59.220001220703125,1722,0.0,0.0
2024-07-31 15:10:00-04:00,59.21500015258789,59.25,58.9900016784668,59.099998474121094,1896,0.0,0.0
2024-07-31 15:15:00-04:00,59.279998779296875,59.54999923706055,59.0099983215332,59.0099983215332,4813,0.0,0.0
2024-07-31 15:20:00-04:00,58.869998931884766,59.0,58.56999969482422,58.56999969482422,2017,0.0,0.0
2024-07-31 15:25:00-04:00,58.36000061035156,58.619998931884766,58.18000030517578,58.18000030517578,1929,0.0,0.0
2024-07-31 15:30:00-04:00,58.310001373291016,58.310001373291016,58.16999816894531,58.20000076293945,2776,0.0,0.0
2024-07-31 15:35:00-04:00,58.02000045776367,58.02000045776367,57.88999938964844,57.88999938964844,1247,0.0,0.0
2024-07-31 15:40:00-04:00,58.06999969482422,58.06999969482422,58.06999969482422,58.06999969482422,1129,0.0,0.0
2024-07-31 15:45:00-04:00,58.130001068115234,58.130001068115234,57.83000183105469,57.8650016784668,5317,0.0,0.0
2024-07-31 15:50:00-04:00,57.849998474121094,57.900001525878906,57.25,57.349998474121094,8132,0.0,0.0
2024-07-31 15:55:00-04:00,57.40999984741211,57.68000030517578,57.310001373291016,57.41999816894531,10952,0.0,0.0
2024-08-01 09:30:00-04:00,57.70000076293945,58.0,57.70000076293945,58.0,2538,0.0,0.0
2024-08-01 09:40:00-04:00,58.099998474121094,58.099998474121094,58.099998474121094,58.099998474121094,690,0.0,0.0
2024-08-01 09:45:00-04:00,58.41999816894531,59.349998474121094,58.41999816894531,59.349998474121094,9997,0.0,0.0
2024-08-01 09:50:00-04:00,58.709999084472656,59.0099983215332,58.27000045776367,58.5099983215332,17198,0.0,0.0
2024-08-01 09:55:00-04:00,58.81999969482422,60.09000015258789,58.81999969482422,59.861698150634766,12378,0.0,0.0
2024-08-01 10:00:00-04:00,59.7400016784668,59.900001525878906,59.380001068115234,59.7599983215332,6625,0.0,0.0
2024-08-01 10:05:00-04:00,59.9900016784668,60.0,59.45000076293945,59.45000076293945,3205,0.0,0.0
2024-08-01 10:10:00-04:00,59.34000015258789,59.4900016784668,59.02000045776367,59.439998626708984,2316,0.0,0.0
2024-08-01 10:15:00-04:00,59.27000045776367,59.439998626708984,58.40999984741211,58.959999084472656,28328,0.0,0.0
2024-08-01 10:20:00-04:00,58.810001373291016,58.810001373291016,58.0,58.0,6412,0.0,0.0
2024-08-01 10:25:00-04:00,58.060001373291016,58.060001373291016,57.60689926147461,57.60689926147461,12014,0.0,0.0
2024-08-01 10:30:00-04:00,57.56999969482422,57.56999969482422,56.54999923706055,57.150001525878906,6077,0.0,0.0
2024-08-01 10:35:00-04:00,57.09600067138672,57.150001525878906,56.83000183105469,56.83000183105469,1571,0.0,0.0
2024-08-01 10:40:00-04:00,56.939998626708984,56.939998626708984,56.63999938964844,56.63999938964844,3723,0.0,0.0
2024-08-01 10:45:00-04:00,56.400001525878906,56.540000915527344,56.400001525878906,56.540000915527344,1315,0.0,0.0
2024-08-01 10:50:00-04:00,56.189998626708984,56.4900016784668,56.150001525878906,56.150001525878906,2391,0.0,0.0
2024-08-01 10:55:00-04:00,56.15549850463867,56.372100830078125,56.064998626708984,56.130001068115234,3977,0.0,0.0
2024-08-01 11:00:00-04:00,55.849998474121094,55.86000061035156,55.849998474121094,55.86000061035156,493,0.0,0.0
2024-08-01 11:05:00-04:00,55.849998474121094,55.849998474121094,55.790000915527344,55.849998474121094,3796,0.0,0.0
2024-08-01 11:15:00-04:00,55.779998779296875,56.290000915527344,55.779998779296875,56.290000915527344,2266,0.0,0.0
2024-08-01 11:20:00-04:00,56.38999938964844,56.66999816894531,56.0,56.02000045776367,7770,0.0,0.0
2024-08-01 11:25:00-04:00,56.099998474121094,56.150001525878906,56.099998474121094,56.150001525878906,984,0.0,0.0
2024-08-01 11:30:00-04:00,56.15999984741211,56.439998626708984,56.15999984741211,56.439998626708984,1485,0.0,0.0
2024-08-01 11:35:00-04:00,56.290000915527344,56.310001373291016,56.18000030517578,56.310001373291016,1633,0.0,0.0
2024-08-01 11:40:00-04:00,56.26599884033203,56.31999969482422,55.599998474121094,55.599998474121094,2307,0.0,0.0
2024-08-01 11:45:00-04:00,55.560001373291016,55.560001373291016,55.43000030517578,55.43000030517578,3185,0.0,0.0
2024-08-01 11:50:00-04:00,55.939998626708984,55.939998626708984,55.939998626708984,55.939998626708984,276,0.0,0.0
2024-08-01 11:55:00-04:00,55.959999084472656,56.099998474121094,55.959999084472656,56.04999923706055,1261,0.0,0.0
2024-08-01 12:05:00-04:00,55.900001525878906,56.029998779296875,55.900001525878906,56.029998779296875,740,0.0,0.0
2024-08-01 12:10:00-04:00,55.970001220703125,55.970001220703125,55.970001220703125,55.970001220703125,1453,0.0,0.0
2024-08-01 12:15:00-04:00,55.880001068115234,56.15999984741211,55.880001068115234,56.0,1600,0.0,0.0
2024-08-01 12:20:00-04:00,55.81999969482422,56.0,55.7599983215332,56.0,5192,0.0,0.0
2024-08-01 12:25:00-04:00,56.08000183105469,56.20000076293945,56.08000183105469,56.20000076293945,1024,0.0,0.0
2024-08-01 12:30:00-04:00,56.22999954223633,56.22999954223633,56.22999954223633,56.22999954223633,954,0.0,0.0
2024-08-01 12:35:00-04:00,55.849998474121094,55.849998474121094,55.849998474121094,55.849998474121094,1107,0.0,0.0
2024-08-01 12:40:00-04:00,55.79499816894531,55.959999084472656,55.79499816894531,55.959999084472656,747,0.0,0.0
2024-08-01 12:45:00-04:00,55.939998626708984,55.939998626708984,55.7400016784668,55.7400016784668,368,0.0,0.0
2024-08-01 12:50:00-04:00,55.64820098876953,55.64820098876953,55.5,55.505001068115234,1113,0.0,0.0
2024-08-01 12:55:00-04:00,55.709999084472656,55.709999084472656,55.709999084472656,55.709999084472656,1002,0.0,0.0
2024-08-01 13:00:00-04:00,55.540000915527344,55.58000183105469,55.34000015258789,55.34000015258789,1123,0.0,0.0
2024-08-01 13:05:00-04:00,55.380001068115234,55.380001068115234,55.20000076293945,55.20000076293945,1327,0.0,0.0
2024-08-01 13:10:00-04:00,55.38999938964844,55.38999938964844,55.38999938964844,55.38999938964844,407,0.0,0.0
2024-08-01 13:15:00-04:00,55.38999938964844,55.5099983215332,55.27000045776367,55.27000045776367,589,0.0,0.0
2024-08-01 13:20:00-04:00,55.220001220703125,55.220001220703125,55.20000076293945,55.20000076293945,2012,0.0,0.0
2024-08-01 13:25:00-04:00,55.04999923706055,55.04999923706055,55.0099983215332,55.0099983215332,1212,0.0,0.0
2024-08-01 13:30:00-04:00,55.25,55.25,55.189998626708984,55.189998626708984,785,0.0,0.0
2024-08-01 13:35:00-04:00,55.20000076293945,55.20000076293945,55.0,55.0,1575,0.0,0.0
2024-08-01 13:40:00-04:00,55.0099983215332,55.130001068115234,55.0099983215332,55.130001068115234,834,0.0,0.0
2024-08-01 13:45:00-04:00,55.04999923706055,55.109901428222656,54.743900299072266,55.109901428222656,976,0.0,0.0
2024-08-01 13:50:00-04:00,55.02000045776367,55.02000045776367,54.83000183105469,54.8380012512207,2109,0.0,0.0
2024-08-01 13:55:00-04:00,55.165000915527344,55.40999984741211,55.165000915527344,55.40999984741211,2697,0.0,0.0
2024-08-01 14:05:00-04:00,55.559898376464844,55.559898376464844,55.559898376464844,55.559898376464844,836,0.0,0.0
2024-08-01 14:10:00-04:00,55.29999923706055,55.29999923706055,55.26499938964844,55.26499938964844,1129,0.0,0.0
2024-08-01 14:15:00-04:00,55.099998474121094,55.099998474121094,55.02000045776367,55.02000045776367,1767,0.0,0.0
2024-08-01 14:20:00-04:00,55.02000045776367,55.09000015258789,54.93000030517578,55.0,4634,0.0,0.0
2024-08-01 14:25:00-04:00,55.18000030517578,55.20000076293945,55.18000030517578,55.20000076293945,692,0.0,0.0
2024-08-01 14:30:00-04:00,55.0,55.06999969482422,54.95000076293945,55.06999969482422,4305,0.0,0.0
2024-08-01 14:35:00-04:00,55.279998779296875,55.540000915527344,55.279998779296875,55.540000915527344,909,0.0,0.0
2024-08-01 14:40:00-04:00,55.439998626708984,55.439998626708984,54.959999084472656,54.959999084472656,3217,0.0,0.0
2024-08-01 14:45:00-04:00,55.029998779296875,55.029998779296875,55.029998779296875,55.029998779296875,274,0.0,0.0
2024-08-01 14:50:00-04:00,55.005001068115234,55.08000183105469,55.005001068115234,55.02000045776367,1168,0.0,0.0
2024-08-01 14:55:00-04:00,55.09000015258789,55.09000015258789,55.09000015258789,55.09000015258789,1282,0.0,0.0
2024-08-01 15:00:00-04:00,55.20000076293945,55.20000076293945,55.084999084472656,55.084999084472656,1798,0.0,0.0
2024-08-01 15:05:00-04:00,55.189998626708984,55.189998626708984,55.0,55.05120086669922,1713,0.0,0.0
2024-08-01 15:10:00-04:00,55.33000183105469,55.33000183105469,55.21500015258789,55.310001373291016,1048,0.0,0.0
2024-08-01 15:15:00-04:00,55.189998626708984,55.369998931884766,55.09000015258789,55.275001525878906,5062,0.0,0.0
2024-08-01 15:20:00-04:00,55.34000015258789,55.34000015258789,55.140098571777344,55.34000015258789,1810,0.0,0.0
2024-08-01 15:25:00-04:00,55.45000076293945,55.72999954223633,55.34550094604492,55.72999954223633,2039,0.0,0.0
2024-08-01 15:30:00-04:00,55.75,55.75,55.5,55.5,3103,0.0,0.0
2024-08-01 15:35:00-04:00,55.41999816894531,55.41999816894531,55.150001525878906,55.209999084472656,2653,0.0,0.0
2024-08-01 15:40:00-04:00,55.369998931884766,55.38999938964844,55.369998931884766,55.38999938964844,1218,0.0,0.0
2024-08-01 15:45:00-04:00,55.439998626708984,55.61000061035156,55.209999084472656,55.369998931884766,5472,0.0,0.0
2024-08-01 15:50:00-04:00,55.2599983215332,55.505001068115234,55.220001220703125,55.36000061035156,7552,0.0,0.0
2024-08-01 15:55:00-04:00,55.43000030517578,55.7599983215332,55.31999969482422,55.349998474121094,20446,0.0,0.0
2024-08-02 09:30:00-04:00,53.0099983215332,53.29999923706055,52.0099983215332,53.22999954223633,10332,0.0,0.0
2024-08-02 09:35:00-04:00,52.630001068115234,53.22999954223633,52.0099983215332,53.22999954223633,3724,0.0,0.0
2024-08-02 09:40:00-04:00,53.189998626708984,53.189998626708984,52.790000915527344,52.790000915527344,1891,0.0,0.0
2024-08-02 09:45:00-04:00,52.887298583984375,53.20000076293945,52.76499938964844,53.20000076293945,5486,0.0,0.0
2024-08-02 09:50:00-04:00,53.279998779296875,53.32500076293945,52.9901008605957,53.31999969482422,2388,0.0,0.0
2024-08-02 09:55:00-04:00,53.31999969482422,53.40999984741211,52.81060028076172,52.81060028076172,3572,0.0,0.0
2024-08-02 10:00:00-04:00,53.369998931884766,53.369998931884766,53.369998931884766,53.369998931884766,768,0.0,0.0
2024-08-02 10:05:00-04:00,53.09000015258789,53.09000015258789,53.05500030517578,53.05500030517578,1964,0.0,0.0
2024-08-02 10:10:00-04:00,53.04999923706055,53.150001525878906,52.580101013183594,52.91999816894531,3240,0.0,0.0
2024-08-02 10:15:00-04:00,52.91999816894531,52.91999816894531,52.8489990234375,52.904998779296875,4126,0.0,0.0
2024-08-02 10:25:00-04:00,52.61000061035156,53.400001525878906,52.61000061035156,53.040000915527344,2291,0.0,0.0
2024-08-02 10:30:00-04:00,53.209999084472656,53.209999084472656,53.029998779296875,53.19499969482422,1357,0.0,0.0
2024-08-02 10:35:00-04:00,53.20500183105469,53.310001373291016,53.0,53.13999938964844,3720,0.0,0.0
2024-08-02 10:40:00-04:00,52.994998931884766,53.099998474121094,52.91999816894531,53.007999420166016,2023,0.0,0.0
2024-08-02 10:45:00-04:00,53.290000915527344,53.40999984741211,53.290000915527344,53.40999984741211,1665,0.0,0.0
2024-08-02 10:50:00-04:00,53.3849983215332,53.3849983215332,53.09000015258789,53.09000015258789,357,0.0,0.0
2024-08-02 10:55:00-04:00,53.290000915527344,53.290000915527344,53.22999954223633,53.279998779296875,8031,0.0,0.0
2024-08-02 11:00:00-04:00,53.22999954223633,53.68000030517578,53.22999954223633,53.6150016784668,6254,0.0,0.0
2024-08-02 11:05:00-04:00,53.7400016784668,53.7400016784668,53.0,53.029998779296875,23005,0.0,0.0
2024-08-02 11:10:00-04:00,53.17499923706055,53.41999816894531,53.17499923706055,53.41999816894531,1238,0.0,0.0
2024-08-02 11:15:00-04:00,53.52000045776367,54.380001068115234,53.439998626708984,54.25,14463,0.0,0.0
2024-08-02 11:20:00-04:00,53.98500061035156,54.29990005493164,53.98500061035156,54.279998779296875,1838,0.0,0.0
2024-08-02 11:25:00-04:00,54.005001068115234,54.060001373291016,53.75,53.89500045776367,5171,0.0,0.0
2024-08-02 11:30:00-04:00,54.16999816894531,54.16999816894531,54.029998779296875,54.029998779296875,4449,0.0,0.0
2024-08-02 11:35:00-04:00,54.16999816894531,54.31999969482422,54.150001525878906,54.150001525878906,884,0.0,0.0
2024-08-02 11:40:00-04:00,54.31999969482422,54.654998779296875,54.31999969482422,54.630001068115234,7478,0.0,0.0
2024-08-02 11:45:00-04:00,54.625,54.625,54.209999084472656,54.31489944458008,2616,0.0,0.0
2024-08-02 11:50:00-04:00,54.130001068115234,54.29499816894531,53.72999954223633,53.89500045776367,3188,0.0,0.0
2024-08-02 11:55:00-04:00,53.834999084472656,54.02000045776367,53.834999084472656,53.869998931884766,1489,0.0,0.0
2024-08-02 12:00:00-04:00,54.08000183105469,54.380001068115234,54.08000183105469,54.119998931884766,1959,0.0,0.0
2024-08-02 12:05:00-04:00,54.310001373291016,54.310001373291016,54.04499816894531,54.15999984741211,2328,0.0,0.0
2024-08-02 12:10:00-04:00,54.15999984741211,54.15999984741211,53.935001373291016,53.9900016784668,1347,0.0,0.0
2024-08-02 12:15:00-04:00,53.994998931884766,53.994998931884766,53.994998931884766,53.994998931884766,243,0.0,0.0
2024-08-02 12:20:00-04:00,54.18000030517578,54.40999984741211,54.14500045776367,54.40999984741211,3586,0.0,0.0
2024-08-02 12:25:00-04:00,54.6150016784668,54.6150016784668,54.400001525878906,54.400001525878906,1027,0.0,0.0
2024-08-02 12:30:00-04:00,54.439998626708984,54.439998626708984,54.14500045776367,54.334999084472656,1342,0.0,0.0
2024-08-02 12:40:00-04:00,54.619998931884766,54.619998931884766,54.619998931884766,54.619998931884766,578,0.0,0.0
2024-08-02 12:45:00-04:00,54.650001525878906,54.650001525878906,54.473899841308594,54.473899841308594,705,0.0,0.0
2024-08-02 12:50:00-04:00,54.22999954223633,54.22999954223633,54.22999954223633,54.22999954223633,623,0.0,0.0
2024-08-02 12:55:00-04:00,53.98590087890625,53.98590087890625,53.98590087890625,53.98590087890625,455,0.0,0.0
2024-08-02 13:00:00-04:00,53.994998931884766,54.22999954223633,53.900001525878906,53.900001525878906,5958,0.0,0.0
2024-08-02 13:10:00-04:00,54.025001525878906,54.025001525878906,53.779998779296875,53.880001068115234,2291,0.0,0.0
2024-08-02 13:15:00-04:00,53.790000915527344,53.790000915527344,53.790000915527344,53.790000915527344,1329,0.0,0.0
2024-08-02 13:20:00-04:00,53.790000915527344,53.790000915527344,53.790000915527344,53.790000915527344,453,0.0,0.0
2024-08-02 13:25:00-04:00,53.73360061645508,53.8650016784668,53.73360061645508,53.8650016784668,2730,0.0,0.0
2024-08-02 13:35:00-04:00,53.779998779296875,53.779998779296875,53.4900016784668,53.4900016784668,1973,0.0,0.0
2024-08-02 13:40:00-04:00,53.720001220703125,53.720001220703125,53.720001220703125,53.720001220703125,482,0.0,0.0
2024-08-02 13:45:00-04:00,54.08000183105469,54.08000183105469,53.82500076293945,53.82500076293945,347,0.0,0.0
2024-08-02 13:50:00-04:00,53.82500076293945,53.82500076293945,53.56999969482422,53.56999969482422,627,0.0,0.0
2024-08-02 13:55:00-04:00,53.474998474121094,53.56999969482422,53.474998474121094,53.56999969482422,671,0.0,0.0
2024-08-02 14:00:00-04:00,53.470001220703125,53.61000061035156,53.470001220703125,53.61000061035156,2482,0.0,0.0
2024-08-02 14:20:00-04:00,53.7599983215332,53.994998931884766,53.7599983215332,53.994998931884766,1327,0.0,0.0
2024-08-02 14:25:00-04:00,53.994998931884766,54.0,53.79999923706055,53.970001220703125,1850,0.0,0.0
2024-08-02 14:30:00-04:00,53.974998474121094,53.98759841918945,53.974998474121094,53.97999954223633,1254,0.0,0.0
2024-08-02 14:35:00-04:00,53.974998474121094,53.974998474121094,53.79499816894531,53.79499816894531,969,0.0,0.0
2024-08-02 14:40:00-04:00,53.81999969482422,53.970001220703125,53.790000915527344,53.970001220703125,2187,0.0,0.0
2024-08-02 14:50:00-04:00,53.994998931884766,54.18000030517578,53.994998931884766,54.18000030517578,981,0.0,0.0
2024-08-02 14:55:00-04:00,54.06999969482422,54.07500076293945,54.06999969482422,54.07500076293945,616,0.0,0.0
2024-08-02 15:00:00-04:00,54.16999816894531,54.40999984741211,54.16999816894531,54.40999984741211,1026,0.0,0.0
2024-08-02 15:05:00-04:00,54.275001525878906,54.275001525878906,54.099998474121094,54.185001373291016,2779,0.0,0.0
2024-08-02 15:10:00-04:00,53.970001220703125,53.970001220703125,53.970001220703125,53.970001220703125,681,0.0,0.0
2024-08-02 15:15:00-04:00,54.13999938964844,54.150001525878906,54.11000061035156,54.150001525878906,1430,0.0,0.0
2024-08-02 15:20:00-04:00,54.0,54.0,53.8650016784668,53.8650016784668,1843,0.0,0.0
2024-08-02 15:25:00-04:00,54.130001068115234,54.2400016784668,54.119998931884766,54.2400016784668,8929,0.0,0.0
2024-08-02 15:30:00-04:00,54.125,54.18000030517578,54.0099983215332,54.18000030517578,1166,0.0,0.0
2024-08-02 15:35:00-04:00,53.9900016784668,53.9900016784668,53.91999816894531,53.91999816894531,1471,0.0,0.0
2024-08-02 15:40:00-04:00,54.040000915527344,54.06999969482422,54.040000915527344,54.06999969482422,2212,0.0,0.0
2024-08-02 15:45:00-04:00,54.2599983215332,54.4900016784668,54.2599983215332,54.33000183105469,7558,0.0,0.0
2024-08-02 15:50:00-04:00,54.279998779296875,54.310001373291016,54.1349983215332,54.220001220703125,8564,0.0,0.0
2024-08-02 15:55:00-04:00,54.21500015258789,54.220001220703125,53.81999969482422,53.94499969482422,16115,0.0,0.0
2024-08-05 09:30:00-04:00,49.5,49.69499969482422,49.0010986328125,49.604000091552734,13872,0.0,0.0
2024-08-05 09:35:00-04:00,49.54999923706055,50.2599983215332,49.52000045776367,50.130001068115234,4220,0.0,0.0
2024-08-05 09:40:00-04:00,50.150001525878906,50.54999923706055,49.970001220703125,50.29999923706055,6701,0.0,0.0
2024-08-05 09:45:00-04:00,51.0,51.70000076293945,51.0,51.70000076293945,1825,0.0,0.0
2024-08-05 09:50:00-04:00,51.619998931884766,51.619998931884766,51.439998626708984,51.439998626708984,935,0.0,0.0
2024-08-05 09:55:00-04:00,51.30500030517578,51.400001525878906,51.30500030517578,51.400001525878906,1474,0.0,0.0
2024-08-05 10:00:00-04:00,51.75,51.75,51.75,51.75,1475,0.0,0.0
2024-08-05 10:05:00-04:00,51.93000030517578,52.34000015258789,51.650001525878906,52.18000030517578,4685,0.0,0.0
2024-08-05 10:10:00-04:00,51.915000915527344,52.209999084472656,51.915000915527344,52.209999084472656,1273,0.0,0.0
2024-08-05 10:15:00-04:00,51.9900016784668,51.9900016784668,51.75559997558594,51.98500061035156,742,0.0,0.0
2024-08-05 10:20:00-04:00,51.98500061035156,52.263301849365234,51.98500061035156,52.263301849365234,1591,0.0,0.0
2024-08-05 10:25:00-04:00,51.9900016784668,51.9900016784668,51.209999084472656,51.540000915527344,3819,0.0,0.0
2024-08-05 10:30:00-04:00,51.1150016784668,51.1150016784668,50.842098236083984,50.842098236083984,1278,0.0,0.0
2024-08-05 10:35:00-04:00,50.75,50.75,50.56999969482422,50.56999969482422,2393,0.0,0.0
2024-08-05 10:40:00-04:00,50.52000045776367,50.52000045776367,50.52000045776367,50.52000045776367,255,0.0,0.0
2024-08-05 10:45:00-04:00,50.70000076293945,51.36000061035156,50.70000076293945,51.029998779296875,5213,0.0,0.0
2024-08-05 10:50:00-04:00,50.90999984741211,51.25,50.90999984741211,51.16999816894531,1535,0.0,0.0
2024-08-05 10:55:00-04:00,51.08000183105469,51.13999938964844,51.08000183105469,51.13999938964844,3096,0.0,0.0
2024-08-05 11:00:00-04:00,51.099998474121094,51.099998474121094,50.70000076293945,50.869998931884766,1977,0.0,0.0
2024-08-05 11:05:00-04:00,50.91999816894531,50.970001220703125,50.91999816894531,50.970001220703125,1510,0.0,0.0
2024-08-05 11:10:00-04:00,50.939998626708984,50.939998626708984,50.939998626708984,50.939998626708984,617,0.0,0.0
2024-08-05 11:15:00-04:00,50.7400016784668,50.97999954223633,50.7400016784668,50.97999954223633,1196,0.0,0.0
2024-08-05 11:20:00-04:00,51.0099983215332,51.0099983215332,51.0099983215332,51.0099983215332,1456,0.0,0.0
2024-08-05 11:25:00-04:00,50.630001068115234,50.630001068115234,50.404998779296875,50.404998779296875,2565,0.0,0.0
2024-08-05 11:30:00-04:00,50.38999938964844,50.529998779296875,50.38999938964844,50.529998779296875,2025,0.0,0.0
2024-08-05 11:35:00-04:00,50.900001525878906,50.900001525878906,50.845001220703125,50.845001220703125,1544,0.0,0.0
2024-08-05 11:40:00-04:00,51.084999084472656,51.209999084472656,51.0,51.209999084472656,1708,0.0,0.0
2024-08-05 11:45:00-04:00,51.20500183105469,51.40999984741211,51.20500183105469,51.26499938964844,1463,0.0,0.0
2024-08-05 11:50:00-04:00,51.04309844970703,51.04999923706055,50.830101013183594,50.830101013183594,1682,0.0,0.0
2024-08-05 12:00:00-04:00,50.9379997253418,51.220001220703125,50.9379997253418,51.220001220703125,1677,0.0,0.0
2024-08-05 12:05:00-04:00,50.81999969482422,50.81999969482422,50.540000915527344,50.599998474121094,1337,0.0,0.0
2024-08-05 12:10:00-04:00,50.5,50.61000061035156,50.41999816894531,50.61000061035156,2345,0.0,0.0
2024-08-05 12:15:00-04:00,50.619998931884766,50.86000061035156,50.619998931884766,50.86000061035156,2047,0.0,0.0
2024-08-05 12:25:00-04:00,50.94499969482422,51.13999938964844,50.94499969482422,51.13999938964844,1422,0.0,0.0
2024-08-05 12:30:00-04:00,51.119998931884766,51.119998931884766,50.83000183105469,51.060001373291016,906,0.0,0.0
2024-08-05 12:35:00-04:00,50.83000183105469,50.83000183105469,50.7400016784668,50.790000915527344,2592,0.0,0.0
2024-08-05 12:40:00-04:00,50.63999938964844,50.654998779296875,50.630001068115234,50.654998779296875,1187,0.0,0.0
2024-08-05 12:50:00-04:00,50.29999923706055,50.29999923706055,49.93000030517578,49.93000030517578,6119,0.0,0.0
2024-08-05 12:55:00-04:00,49.71500015258789,50.18989944458008,49.68000030517578,49.93000030517578,3542,0.0,0.0
2024-08-05 13:00:00-04:00,49.79999923706055,50.060001373291016,49.79999923706055,50.060001373291016,2296,0.0,0.0
2024-08-05 13:05:00-04:00,49.970001220703125,49.990299224853516,49.939998626708984,49.990299224853516,4689,0.0,0.0
2024-08-05 13:10:00-04:00,49.525001525878906,49.525001525878906,49.5,49.52000045776367,1681,0.0,0.0
2024-08-05 13:15:00-04:00,49.560001373291016,49.810001373291016,49.560001373291016,49.810001373291016,2958,0.0,0.0
2024-08-05 13:20:00-04:00,49.654998779296875,49.849998474121094,49.599998474121094,49.599998474121094,3340,0.0,0.0
2024-08-05 13:25:00-04:00,49.77000045776367,49.79999923706055,49.63999938964844,49.68000030517578,6485,0.0,0.0
2024-08-05 13:30:00-04:00,49.849998474121094,49.93000030517578,49.775001525878906,49.93000030517578,3158,0.0,0.0
2024-08-05 13:35:00-04:00,49.63999938964844,49.63999938964844,49.63999938964844,49.63999938964844,1150,0.0,0.0
2024-08-05 13:40:00-04:00,49.858001708984375,49.858001708984375,49.858001708984375,49.858001708984375,1924,0.0,0.0
2024-08-05 13:45:00-04:00,49.65999984741211,49.65999984741211,49.529998779296875,49.529998779296875,1355,0.0,0.0
2024-08-05 13:55:00-04:00,49.47999954223633,49.47999954223633,49.099998474121094,49.43000030517578,4157,0.0,0.0
2024-08-05 14:00:00-04:00,49.61000061035156,49.75,49.310001373291016,49.45000076293945,5346,0.0,0.0
2024-08-05 14:05:00-04:00,49.36800003051758,49.54999923706055,49.36800003051758,49.54999923706055,775,0.0,0.0
2024-08-05 14:10:00-04:00,49.58000183105469,49.810001373291016,49.41999816894531,49.41999816894531,3902,0.0,0.0
2024-08-05 14:20:00-04:00,49.5,49.5,49.5,49.5,208,0.0,0.0
2024-08-05 14:25:00-04:00,49.4900016784668,49.4900016784668,49.4900016784668,49.4900016784668,426,0.0,0.0
2024-08-05 14:30:00-04:00,49.4900016784668,49.4900016784668,49.40999984741211,49.40999984741211,2395,0.0,0.0
2024-08-05 14:35:00-04:00,49.400001525878906,49.400001525878906,49.20000076293945,49.20000076293945,1042,0.0,0.0
2024-08-05 14:40:00-04:00,49.25,49.5,49.25,49.38999938964844,4667,0.0,0.0
2024-08-05 14:45:00-04:00,49.3849983215332,49.3849983215332,49.2599983215332,49.2599983215332,688,0.0,0.0
2024-08-05 14:50:00-04:00,49.20000076293945,49.220001220703125,49.0786018371582,49.0786018371582,2357,0.0,0.0
2024-08-05 14:55:00-04:00,49.0,49.0,48.84000015258789,48.84000015258789,3583,0.0,0.0
2024-08-05 15:00:00-04:00,48.709999084472656,49.02000045776367,48.709999084472656,48.880001068115234,3887,0.0,0.0
2024-08-05 15:05:00-04:00,49.15999984741211,49.15999984741211,49.15999984741211,49.15999984741211,1243,0.0,0.0
2024-08-05 15:15:00-04:00,49.0,49.04499816894531,48.869998931884766,48.869998931884766,2675,0.0,0.0
2024-08-05 15:20:00-04:00,48.849998474121094,49.13999938964844,48.849998474121094,49.0,4131,0.0,0.0
2024-08-05 15:25:00-04:00,49.150001525878906,49.33000183105469,49.150001525878906,49.33000183105469,2552,0.0,0.0
2024-08-05 15:30:00-04:00,49.38999938964844,49.75,49.38999938964844,49.5099983215332,3845,0.0,0.0
2024-08-05 15:35:00-04:00,49.540000915527344,49.540000915527344,49.380001068115234,49.380001068115234,2696,0.0,0.0
2024-08-05 15:40:00-04:00,49.33000183105469,49.33000183105469,49.33000183105469,49.33000183105469,894,0.0,0.0
2024-08-05 15:45:00-04:00,49.310001373291016,49.619998931884766,49.15999984741211,49.619998931884766,4007,0.0,0.0
2024-08-05 15:50:00-04:00,49.55500030517578,49.564998626708984,49.314998626708984,49.314998626708984,6594,0.0,0.0
2024-08-05 15:55:00-04:00,49.32500076293945,49.34000015258789,48.65999984741211,48.709999084472656,35457,0.0,0.0
2024-08-06 09:30:00-04:00,50.09000015258789,50.14540100097656,49.0099983215332,50.14540100097656,11774,0.0,0.0
2024-08-06 09:35:00-04:00,50.15999984741211,50.15999984741211,50.15999984741211,50.15999984741211,2544,0.0,0.0
2024-08-06 09:40:00-04:00,50.15999984741211,50.224998474121094,49.584999084472656,49.959999084472656,2481,0.0,0.0
2024-08-06 09:45:00-04:00,49.54999923706055,50.0099983215332,49.54999923706055,50.0099983215332,1806,0.0,0.0
2024-08-06 09:50:00-04:00,50.0,50.060001373291016,49.827999114990234,49.827999114990234,2377,0.0,0.0
2024-08-06 09:55:00-04:00,49.89500045776367,49.89500045776367,49.89500045776367,49.89500045776367,1096,0.0,0.0
2024-08-06 10:00:00-04:00,49.70000076293945,49.70000076293945,49.70000076293945,49.70000076293945,202,0.0,0.0
2024-08-06 10:05:00-04:00,49.974998474121094,50.40999984741211,49.974998474121094,50.40999984741211,3393,0.0,0.0
2024-08-06 10:10:00-04:00,50.505001068115234,50.505001068115234,50.2599983215332,50.2599983215332,982,0.0,0.0
2024-08-06 10:15:00-04:00,50.369998931884766,50.369998931884766,50.0,50.0,3340,0.0,0.0
2024-08-06 10:20:00-04:00,50.38999938964844,50.689998626708984,50.38999938964844,50.470001220703125,3036,0.0,0.0
2024-08-06 10:25:00-04:00,50.54499816894531,50.54499816894531,50.54499816894531,50.54499816894531,6347,0.0,0.0
2024-08-06 10:30:00-04:00,50.849998474121094,51.5,50.849998474121094,51.5,1364,0.0,0.0
2024-08-06 10:35:00-04:00,51.83000183105469,51.93000030517578,51.27000045776367,51.27000045776367,9449,0.0,0.0
2024-08-06 10:40:00-04:00,51.3849983215332,51.3849983215332,51.3849983215332,51.3849983215332,231,0.0,0.0
2024-08-06 10:45:00-04:00,51.630001068115234,51.630001068115234,51.630001068115234,51.630001068115234,476,0.0,0.0
2024-08-06 10:50:00-04:00,52.13999938964844,52.7599983215332,52.13999938964844,52.7599983215332,1773,0.0,0.0
2024-08-06 10:55:00-04:00,52.1349983215332,52.13999938964844,51.75,51.75,1679,0.0,0.0
2024-08-06 11:00:00-04:00,51.75,51.75,51.689998626708984,51.7400016784668,2808,0.0,0.0
2024-08-06 11:05:00-04:00,51.7400016784668,51.9900016784668,51.7400016784668,51.9900016784668,616,0.0,0.0
2024-08-06 11:10:00-04:00,51.779998779296875,51.779998779296875,51.31999969482422,51.435001373291016,1557,0.0,0.0
2024-08-06 11:15:00-04:00,51.404998779296875,51.404998779296875,51.345001220703125,51.345001220703125,627,0.0,0.0
2024-08-06 11:20:00-04:00,51.13999938964844,51.13999938964844,51.064998626708984,51.064998626708984,748,0.0,0.0
2024-08-06 11:25:00-04:00,50.790000915527344,50.814998626708984,50.46500015258789,50.46500015258789,2892,0.0,0.0
2024-08-06 11:30:00-04:00,50.720001220703125,50.93000030517578,50.720001220703125,50.93000030517578,568,0.0,0.0
2024-08-06 11:35:00-04:00,51.11000061035156,51.310001373291016,50.880001068115234,51.310001373291016,5637,0.0,0.0
2024-08-06 11:40:00-04:00,51.560001373291016,51.665000915527344,51.560001373291016,51.665000915527344,1355,0.0,0.0
2024-08-06 11:45:00-04:00,51.775001525878906,51.959999084472656,51.775001525878906,51.89500045776367,1242,0.0,0.0
2024-08-06 11:50:00-04:00,52.11000061035156,52.529998779296875,52.11000061035156,52.529998779296875,1470,0.0,0.0
2024-08-06 11:55:00-04:00,52.41999816894531,52.41999816894531,52.15999984741211,52.20500183105469,5401,0.0,0.0
2024-08-06 12:10:00-04:00,52.192501068115234,52.192501068115234,52.192501068115234,52.192501068115234,135,0.0,0.0
2024-08-06 12:15:00-04:00,52.099998474121094,52.380001068115234,52.099998474121094,52.220001220703125,3621,0.0,0.0
2024-08-06 12:20:00-04:00,52.41999816894531,52.41999816894531,52.36000061035156,52.36000061035156,1469,0.0,0.0
2024-08-06 12:25:00-04:00,52.349998474121094,52.349998474121094,52.349998474121094,52.349998474121094,281,0.0,0.0
2024-08-06 12:30:00-04:00,52.349998474121094,52.349998474121094,52.349998474121094,52.349998474121094,773,0.0,0.0
2024-08-06 12:35:00-04:00,52.314998626708984,52.314998626708984,52.040000915527344,52.08000183105469,3506,0.0,0.0
2024-08-06 12:40:00-04:00,51.81999969482422,52.10499954223633,51.81999969482422,52.10499954223633,395,0.0,0.0
2024-08-06 12:45:00-04:00,51.82500076293945,51.82500076293945,51.82500076293945,51.82500076293945,341,0.0,0.0
2024-08-06 12:50:00-04:00,52.05500030517578,52.05500030517578,52.04999923706055,52.04999923706055,333,0.0,0.0
2024-08-06 12:55:00-04:00,52.07500076293945,52.75,52.07500076293945,52.75,6979,0.0,0.0
2024-08-06 13:00:00-04:00,53.09000015258789,53.09000015258789,52.79600143432617,53.029998779296875,2037,0.0,0.0
2024-08-06 13:05:00-04:00,52.779998779296875,52.779998779296875,52.654998779296875,52.654998779296875,1059,0.0,0.0
2024-08-06 13:15:00-04:00,52.58000183105469,52.58000183105469,52.58000183105469,52.58000183105469,408,0.0,0.0
2024-08-06 13:20:00-04:00,52.470001220703125,52.470001220703125,52.220001220703125,52.40439987182617,847,0.0,0.0
2024-08-06 13:25:00-04:00,52.5,52.5,52.5,52.5,538,0.0,0.0
2024-08-06 13:30:00-04:00,52.68000030517578,52.69499969482422,52.68000030517578,52.69499969482422,1802,0.0,0.0
2024-08-06 13:35:00-04:00,52.93000030517578,52.93000030517578,52.88999938964844,52.88999938964844,706,0.0,0.0
2024-08-06 13:40:00-04:00,52.9900016784668,53.06999969482422,52.91999816894531,52.92499923706055,1938,0.0,0.0
2024-08-06 13:45:00-04:00,52.79999923706055,53.09000015258789,52.79999923706055,53.09000015258789,1062,0.0,0.0
2024-08-06 13:50:00-04:00,53.099998474121094,53.099998474121094,53.099998474121094,53.099998474121094,1356,0.0,0.0
2024-08-06 13:55:00-04:00,53.40999984741211,53.58000183105469,53.40999984741211,53.58000183105469,869,0.0,0.0
2024-08-06 14:00:00-04:00,53.540000915527344,53.90999984741211,53.2599983215332,53.90999984741211,5467,0.0,0.0
2024-08-06 14:05:00-04:00,53.40999984741211,53.790000915527344,53.40999984741211,53.67399978637695,1384,0.0,0.0
2024-08-06 14:10:00-04:00,53.849998474121094,54.11000061035156,53.849998474121094,54.11000061035156,2130,0.0,0.0
2024-08-06 14:15:00-04:00,54.16999816894531,54.16999816894531,54.16999816894531,54.16999816894531,277,0.0,0.0
2024-08-06 14:20:00-04:00,54.18000030517578,54.18000030517578,53.779998779296875,54.18000030517578,6731,0.0,0.0
2024-08-06 14:25:00-04:00,54.2599983215332,54.369998931884766,54.2599983215332,54.36000061035156,4090,0.0,0.0
2024-08-06 14:30:00-04:00,54.470001220703125,54.47999954223633,54.470001220703125,54.47999954223633,1157,0.0,0.0
2024-08-06 14:35:00-04:00,54.43000030517578,54.43000030517578,54.290000915527344,54.43000030517578,3117,0.0,0.0
2024-08-06 14:40:00-04:00,54.279998779296875,54.40999984741211,54.255001068115234,54.255001068115234,1956,0.0,0.0
2024-08-06 14:45:00-04:00,54.16379928588867,54.27000045776367,54.040000915527344,54.27000045776367,5321,0.0,0.0
2024-08-06 14:50:00-04:00,54.380001068115234,54.380001068115234,54.36000061035156,54.380001068115234,2213,0.0,0.0
2024-08-06 14:55:00-04:00,54.38999938964844,54.47999954223633,54.2400016784668,54.2400016784668,5723,0.0,0.0
2024-08-06 15:00:00-04:00,54.220001220703125,54.220001220703125,53.849998474121094,53.9900016784668,1346,0.0,0.0
2024-08-06 15:05:00-04:00,54.0,54.0,53.72999954223633,53.900001525878906,1914,0.0,0.0
2024-08-06 15:10:00-04:00,54.0,54.290000915527344,54.0,54.20000076293945,4855,0.0,0.0
2024-08-06 15:15:00-04:00,53.959999084472656,54.0099983215332,53.77000045776367,54.005001068115234,4573,0.0,0.0
2024-08-06 15:20:00-04:00,53.94860076904297,54.04999923706055,53.94860076904297,54.04999923706055,1089,0.0,0.0
2024-08-06 15:25:00-04:00,53.900001525878906,54.01499938964844,53.84000015258789,53.93000030517578,3365,0.0,0.0
2024-08-06 15:30:00-04:00,53.94499969482422,53.94499969482422,53.939998626708984,53.939998626708984,1210,0.0,0.0
2024-08-06 15:35:00-04:00,53.89500045776367,53.89500045776367,53.744998931884766,53.83000183105469,1187,0.0,0.0
2024-08-06 15:40:00-04:00,53.83000183105469,53.83000183105469,53.72999954223633,53.775001525878906,4416,0.0,0.0
2024-08-06 15:45:00-04:00,53.560001373291016,53.66999816894531,53.459999084472656,53.470001220703125,4243,0.0,0.0
2024-08-06 15:50:00-04:00,53.625,53.849998474121094,53.55500030517578,53.73500061035156,5253,0.0,0.0
2024-08-06 15:55:00-04:00,53.63999938964844,53.66999816894531,53.349998474121094,53.400001525878906,12424,0.0,0.0
2024-08-07 09:30:00-04:00,54.72999954223633,54.91999816894531,54.0,54.0,5742,0.0,0.0
2024-08-07 09:35:00-04:00,53.70000076293945,53.70000076293945,53.70000076293945,53.70000076293945,1167,0.0,0.0
2024-08-07 09:40:00-04:00,53.790000915527344,54.77000045776367,53.75,54.7599983215332,2491,0.0,0.0
2024-08-07 09:45:00-04:00,54.51499938964844,54.51499938964844,54.51499938964844,54.51499938964844,163,0.0,0.0
2024-08-07 09:50:00-04:00,54.5,55.06999969482422,54.5,55.06999969482422,2784,0.0,0.0
2024-08-07 09:55:00-04:00,55.38999938964844,55.38999938964844,55.38999938964844,55.38999938964844,276,0.0,0.0
2024-08-07 10:00:00-04:00,55.40999984741211,55.40999984741211,55.279998779296875,55.279998779296875,1206,0.0,0.0
2024-08-07 10:05:00-04:00,55.0,56.02000045776367,54.88999938964844,56.02000045776367,2676,0.0,0.0
2024-08-07 10:10:00-04:00,56.02000045776367,56.02000045776367,55.41339874267578,55.970001220703125,3839,0.0,0.0
2024-08-07 10:15:00-04:00,55.970001220703125,55.97999954223633,55.654998779296875,55.654998779296875,2343,0.0,0.0
2024-08-07 10:20:00-04:00,55.97999954223633,56.08000183105469,55.939998626708984,55.97999954223633,6215,0.0,0.0
2024-08-07 10:25:00-04:00,56.2599983215332,56.2599983215332,56.2599983215332,56.2599983215332,449,0.0,0.0
2024-08-07 10:30:00-04:00,56.20000076293945,56.20000076293945,56.06999969482422,56.06999969482422,1212,0.0,0.0
2024-08-07 10:35:00-04:00,56.22999954223633,57.130001068115234,56.22999954223633,56.775001525878906,12025,0.0,0.0
2024-08-07 10:40:00-04:00,56.86000061035156,56.86000061035156,56.86000061035156,56.86000061035156,1750,0.0,0.0
2024-08-07 10:45:00-04:00,57.220001220703125,57.875,56.959999084472656,57.849998474121094,7711,0.0,0.0
2024-08-07 10:50:00-04:00,57.76499938964844,57.814998626708984,57.04999923706055,57.04999923706055,8629,0.0,0.0
2024-08-07 10:55:00-04:00,57.32500076293945,57.47999954223633,56.90999984741211,57.47999954223633,4132,0.0,0.0
2024-08-07 11:00:00-04:00,57.470001220703125,57.52000045776367,56.900001525878906,57.27000045776367,5070,0.0,0.0
2024-08-07 11:05:00-04:00,57.5,57.880001068115234,57.5,57.79999923706055,5558,0.0,0.0
2024-08-07 11:10:00-04:00,57.72999954223633,57.72999954223633,57.27000045776367,57.29999923706055,2518,0.0,0.0
2024-08-07 11:15:00-04:00,57.2599983215332,57.2599983215332,57.2599983215332,57.2599983215332,663,0.0,0.0
2024-08-07 11:20:00-04:00,57.000099182128906,57.18000030517578,57.000099182128906,57.18000030517578,788,0.0,0.0
2024-08-07 11:25:00-04:00,57.125,57.125,56.56999969482422,56.84000015258789,3963,0.0,0.0
2024-08-07 11:30:00-04:00,56.779998779296875,56.93000030517578,56.472198486328125,56.93000030517578,1712,0.0,0.0
2024-08-07 11:40:00-04:00,56.400001525878906,56.52000045776367,56.0,56.0099983215332,3171,0.0,0.0
2024-08-07 11:45:00-04:00,56.0,56.0,56.0,56.0,671,0.0,0.0
2024-08-07 11:50:00-04:00,55.974998474121094,56.189998626708984,55.974998474121094,56.01499938964844,1182,0.0,0.0
2024-08-07 11:55:00-04:00,56.01499938964844,56.01499938964844,55.75,55.95000076293945,894,0.0,0.0
2024-08-07 12:00:00-04:00,55.75,56.08000183105469,55.75,55.75,1243,0.0,0.0
2024-08-07 12:05:00-04:00,55.584999084472656,55.584999084472656,55.584999084472656,55.584999084472656,293,0.0,0.0
2024-08-07 12:10:00-04:00,55.75,55.939998626708984,55.75,55.939998626708984,1398,0.0,0.0
2024-08-07 12:15:00-04:00,55.83000183105469,55.834999084472656,55.83000183105469,55.834999084472656,422,0.0,0.0
2024-08-07 12:20:00-04:00,55.79499816894531,55.939998626708984,55.79499816894531,55.875,1822,0.0,0.0
2024-08-07 12:25:00-04:00,55.880001068115234,56.02000045776367,55.880001068115234,55.9900016784668,2631,0.0,0.0
2024-08-07 12:30:00-04:00,55.96500015258789,55.96500015258789,55.84000015258789,55.84000015258789,1584,0.0,0.0
2024-08-07 12:35:00-04:00,55.81999969482422,55.81999969482422,55.709999084472656,55.709999084472656,318,0.0,0.0
2024-08-07 12:40:00-04:00,55.529998779296875,55.529998779296875,55.5099983215332,55.5099983215332,1051,0.0,0.0
2024-08-07 12:45:00-04:00,55.5,55.5,55.5,55.5,593,0.0,0.0
2024-08-07 12:50:00-04:00,55.06999969482422,55.209999084472656,54.9900016784668,54.9900016784668,2782,0.0,0.0
2024-08-07 12:55:00-04:00,55.189998626708984,55.5,55.189998626708984,55.34000015258789,1227,0.0,0.0
2024-08-07 13:00:00-04:00,55.189998626708984,55.189998626708984,55.08000183105469,55.08000183105469,3166,0.0,0.0
2024-08-07 13:15:00-04:00,55.15999984741211,55.15999984741211,54.970001220703125,54.970001220703125,324,0.0,0.0
2024-08-07 13:20:00-04:00,54.83000183105469,54.974998474121094,54.83000183105469,54.88999938964844,1144,0.0,0.0
2024-08-07 13:25:00-04:00,55.150001525878906,55.26499938964844,54.79999923706055,54.79999923706055,1996,0.0,0.0
2024-08-07 13:35:00-04:00,54.97999954223633,54.97999954223633,54.97999954223633,54.97999954223633,257,0.0,0.0
2024-08-07 13:40:00-04:00,55.029998779296875,55.08000183105469,54.834999084472656,55.08000183105469,3890,0.0,0.0
2024-08-07 13:45:00-04:00,54.875,54.91999816894531,54.650001525878906,54.91999816894531,2856,0.0,0.0
2024-08-07 13:50:00-04:00,54.92499923706055,55.06999969482422,54.75,54.845001220703125,5059,0.0,0.0
2024-08-07 13:55:00-04:00,54.80500030517578,54.80500030517578,54.38999938964844,54.494998931884766,3354,0.0,0.0
2024-08-07 14:00:00-04:00,54.494998931884766,54.494998931884766,54.494998931884766,54.494998931884766,566,0.0,0.0
2024-08-07 14:05:00-04:00,54.505001068115234,54.505001068115234,54.505001068115234,54.505001068115234,116,0.0,0.0
2024-08-07 14:10:00-04:00,54.43000030517578,54.43000030517578,54.310001373291016,54.3650016784668,1977,0.0,0.0
2024-08-07 14:15:00-04:00,54.345001220703125,54.52000045776367,54.34000015258789,54.52000045776367,1891,0.0,0.0
2024-08-07 14:20:00-04:00,54.560001373291016,54.66999816894531,53.31999969482422,53.33570098876953,18584,0.0,0.0
2024-08-07 14:25:00-04:00,53.459999084472656,53.58000183105469,53.0,53.58000183105469,15051,0.0,0.0
2024-08-07 14:30:00-04:00,53.599998474121094,53.650001525878906,53.09000015258789,53.209999084472656,3181,0.0,0.0
2024-08-07 14:35:00-04:00,53.41999816894531,53.599998474121094,53.349998474121094,53.599998474121094,2950,0.0,0.0
2024-08-07 14:40:00-04:00,53.84000015258789,54.11000061035156,53.7599983215332,53.89500045776367,2852,0.0,0.0
2024-08-07 14:45:00-04:00,53.93000030517578,53.97999954223633,53.56999969482422,53.56999969482422,2938,0.0,0.0
2024-08-07 14:50:00-04:00,53.54999923706055,53.564998626708984,53.54999923706055,53.564998626708984,2086,0.0,0.0
2024-08-07 14:55:00-04:00,53.68000030517578,53.84000015258789,53.68000030517578,53.779998779296875,1466,0.0,0.0
2024-08-07 15:05:00-04:00,54.220001220703125,54.2400016784668,53.9900016784668,53.9900016784668,4228,0.0,0.0
2024-08-07 15:10:00-04:00,53.96500015258789,54.029998779296875,53.90999984741211,54.029998779296875,2314,0.0,0.0
2024-08-07 15:15:00-04:00,53.90999984741211,54.189998626708984,53.52000045776367,54.154998779296875,15218,0.0,0.0
2024-08-07 15:20:00-04:00,54.189998626708984,54.4900016784668,54.066001892089844,54.066001892089844,1527,0.0,0.0
2024-08-07 15:25:00-04:00,54.189998626708984,54.33000183105469,54.16999816894531,54.16999816894531,3428,0.0,0.0
2024-08-07 15:30:00-04:00,54.29999923706055,54.4900016784668,53.630001068115234,53.630001068115234,7459,0.0,0.0
2024-08-07 15:35:00-04:00,53.59000015258789,53.869998931884766,53.5,53.5,3333,0.0,0.0
2024-08-07 15:40:00-04:00,53.599998474121094,53.599998474121094,53.380001068115234,53.48500061035156,4937,0.0,0.0
2024-08-07 15:45:00-04:00,53.779998779296875,53.79999923706055,53.470001220703125,53.599998474121094,4426,0.0,0.0
2024-08-07 15:50:00-04:00,53.70000076293945,53.90999984741211,53.650001525878906,53.70000076293945,10793,0.0,0.0
2024-08-07 15:55:00-04:00,53.77000045776367,53.95000076293945,53.70000076293945,53.790000915527344,15669,0.0,0.0
2024-08-08 09:30:00-04:00,54.869998931884766,54.880001068115234,54.45000076293945,54.529998779296875,2510,0.0,0.0
2024-08-08 09:35:00-04:00,53.459999084472656,53.459999084472656,53.459999084472656,53.459999084472656,455,0.0,0.0
2024-08-08 09:40:00-04:00,54.56999969482422,54.7400016784668,54.43000030517578,54.43000030517578,2494,0.0,0.0
2024-08-08 09:45:00-04:00,54.36119842529297,54.599998474121094,54.13999938964844,54.25,2440,0.0,0.0
2024-08-08 09:50:00-04:00,54.7400016784668,55.130001068115234,54.7400016784668,55.130001068115234,2789,0.0,0.0
2024-08-08 09:55:00-04:00,54.84000015258789,54.89500045776367,54.84000015258789,54.89500045776367,592,0.0,0.0
2024-08-08 10:00:00-04:00,55.386199951171875,55.386199951171875,55.13999938964844,55.13999938964844,1452,0.0,0.0
2024-08-08 10:05:00-04:00,54.970001220703125,55.79499816894531,54.970001220703125,55.57500076293945,6134,0.0,0.0
2024-08-08 10:10:00-04:00,55.439998626708984,55.51499938964844,55.310001373291016,55.380001068115234,2365,0.0,0.0
2024-08-08 10:15:00-04:00,55.404998779296875,56.040000915527344,55.404998779296875,56.040000915527344,1672,0.0,0.0
2024-08-08 10:20:00-04:00,56.2400016784668,56.2400016784668,56.18000030517578,56.18000030517578,2075,0.0,0.0
2024-08-08 10:25:00-04:00,56.060001373291016,56.630001068115234,56.040000915527344,56.630001068115234,2505,0.0,0.0
2024-08-08 10:30:00-04:00,56.79999923706055,56.79999923706055,56.79999923706055,56.79999923706055,834,0.0,0.0
2024-08-08 10:35:00-04:00,56.625,56.779998779296875,56.619998931884766,56.619998931884766,2615,0.0,0.0
2024-08-08 10:40:00-04:00,56.63999938964844,56.63999938964844,56.31999969482422,56.40999984741211,4159,0.0,0.0
2024-08-08 10:45:00-04:00,56.209999084472656,56.58000183105469,55.970001220703125,56.58000183105469,5356,0.0,0.0
2024-08-08 10:50:00-04:00,56.58000183105469,56.689998626708984,56.45000076293945,56.689998626708984,2485,0.0,0.0
2024-08-08 10:55:00-04:00,56.65999984741211,56.790000915527344,56.56999969482422,56.790000915527344,3448,0.0,0.0
2024-08-08 11:00:00-04:00,56.58000183105469,56.650001525878906,56.540000915527344,56.650001525878906,1107,0.0,0.0
2024-08-08 11:05:00-04:00,56.459999084472656,56.459999084472656,56.459999084472656,56.459999084472656,1580,0.0,0.0
2024-08-08 11:15:00-04:00,56.474998474121094,56.474998474121094,56.474998474121094,56.474998474121094,644,0.0,0.0
2024-08-08 11:20:00-04:00,56.59000015258789,56.66999816894531,56.540000915527344,56.540000915527344,2484,0.0,0.0
2024-08-08 11:25:00-04:00,56.6150016784668,56.70500183105469,56.599998474121094,56.70500183105469,1529,0.0,0.0
2024-08-08 11:30:00-04:00,56.70000076293945,56.70000076293945,56.68000030517578,56.68000030517578,688,0.0,0.0
2024-08-08 11:40:00-04:00,56.58000183105469,56.654998779296875,56.52000045776367,56.52000045776367,1152,0.0,0.0
2024-08-08 11:45:00-04:00,56.439998626708984,56.439998626708984,56.439998626708984,56.439998626708984,1060,0.0,0.0
2024-08-08 11:50:00-04:00,56.630001068115234,56.630001068115234,56.40999984741211,56.40999984741211,2970,0.0,0.0
2024-08-08 11:55:00-04:00,56.345001220703125,56.459999084472656,56.345001220703125,56.459999084472656,432,0.0,0.0
2024-08-08 12:00:00-04:00,56.345001220703125,56.345001220703125,56.345001220703125,56.345001220703125,493,0.0,0.0
2024-08-08 12:05:00-04:00,56.5099983215332,56.86000061035156,56.5099983215332,56.67770004272461,2838,0.0,0.0
2024-08-08 12:10:00-04:00,56.76499938964844,57.47999954223633,56.650001525878906,57.20000076293945,9317,0.0,0.0
2024-08-08 12:15:00-04:00,57.34000015258789,57.720001220703125,57.220001220703125,57.720001220703125,4840,0.0,0.0
2024-08-08 12:20:00-04:00,57.709999084472656,57.75,57.59000015258789,57.75,2357,0.0,0.0
2024-08-08 12:25:00-04:00,57.83000183105469,58.4900016784668,57.7599983215332,58.459999084472656,18208,0.0,0.0
2024-08-08 12:30:00-04:00,58.334999084472656,58.334999084472656,58.06999969482422,58.06999969482422,2935,0.0,0.0
2024-08-08 12:35:00-04:00,58.185001373291016,58.29999923706055,58.064998626708984,58.06999969482422,2241,0.0,0.0
2024-08-08 12:40:00-04:00,58.1150016784668,58.1150016784668,57.880001068115234,57.95000076293945,5425,0.0,0.0
2024-08-08 12:45:00-04:00,58.099998474121094,58.33000183105469,58.04999923706055,58.04999923706055,7740,0.0,0.0
2024-08-08 12:50:00-04:00,58.04999923706055,58.06999969482422,58.0,58.0,2876,0.0,0.0
2024-08-08 12:55:00-04:00,57.97999954223633,57.97999954223633,57.58000183105469,57.58000183105469,4131,0.0,0.0
2024-08-08 13:00:00-04:00,57.58000183105469,57.58000183105469,57.58000183105469,57.58000183105469,446,0.0,0.0
2024-08-08 13:05:00-04:00,57.58000183105469,57.63999938964844,57.58000183105469,57.63999938964844,1000,0.0,0.0
2024-08-08 13:10:00-04:00,57.56999969482422,57.7599983215332,57.56999969482422,57.7599983215332,2159,0.0,0.0
2024-08-08 13:15:00-04:00,57.61000061035156,57.869998931884766,57.61000061035156,57.61000061035156,4648,0.0,0.0
2024-08-08 13:20:00-04:00,57.716800689697266,57.716800689697266,57.48500061035156,57.529998779296875,1903,0.0,0.0
2024-08-08 13:25:00-04:00,57.599998474121094,57.63999938964844,57.599998474121094,57.63999938964844,1105,0.0,0.0
2024-08-08 13:30:00-04:00,57.845001220703125,57.900001525878906,57.845001220703125,57.900001525878906,1568,0.0,0.0
2024-08-08 13:35:00-04:00,57.86000061035156,57.86000061035156,57.86000061035156,57.86000061035156,470,0.0,0.0
2024-08-08 13:40:00-04:00,58.15079879760742,58.15079879760742,58.15079879760742,58.15079879760742,569,0.0,0.0
2024-08-08 13:45:00-04:00,58.13999938964844,58.13999938964844,58.13999938964844,58.13999938964844,1307,0.0,0.0
2024-08-08 13:50:00-04:00,57.86000061035156,57.86000061035156,57.7400016784668,57.7400016784668,1786,0.0,0.0
2024-08-08 13:55:00-04:00,57.56999969482422,57.599998474121094,57.56999969482422,57.59239959716797,1046,0.0,0.0
2024-08-08 14:00:00-04:00,57.52000045776367,57.52000045776367,57.5,57.51499938964844,971,0.0,0.0
2024-08-08 14:05:00-04:00,57.61000061035156,57.61000061035156,57.61000061035156,57.61000061035156,1956,0.0,0.0
2024-08-08 14:10:00-04:00,57.959999084472656,57.959999084472656,57.959999084472656,57.959999084472656,106,0.0,0.0
2024-08-08 14:15:00-04:00,57.7599983215332,58.060001373291016,57.7599983215332,58.060001373291016,1850,0.0,0.0
2024-08-08 14:20:00-04:00,57.91999816894531,58.33000183105469,57.904998779296875,58.25,4675,0.0,0.0
2024-08-08 14:25:00-04:00,58.20500183105469,58.20500183105469,58.185001373291016,58.185001373291016,614,0.0,0.0
2024-08-08 14:30:00-04:00,58.20000076293945,58.36000061035156,58.20000076293945,58.29999923706055,1884,0.0,0.0
2024-08-08 14:35:00-04:00,58.220001220703125,58.2400016784668,58.150001525878906,58.150001525878906,2887,0.0,0.0
2024-08-08 14:45:00-04:00,57.779998779296875,57.790000915527344,57.779998779296875,57.790000915527344,1912,0.0,0.0
2024-08-08 14:55:00-04:00,58.0099983215332,58.0099983215332,57.71739959716797,57.71739959716797,2267,0.0,0.0
2024-08-08 15:00:00-04:00,57.79999923706055,57.79999923706055,57.75,57.75,2026,0.0,0.0
2024-08-08 15:05:00-04:00,57.88999938964844,57.939998626708984,57.88999938964844,57.939998626708984,3372,0.0,0.0
2024-08-08 15:10:00-04:00,58.220001220703125,58.61000061035156,58.220001220703125,58.5,4069,0.0,0.0
2024-08-08 15:15:00-04:00,58.68000030517578,58.75,58.52000045776367,58.52000045776367,4912,0.0,0.0
2024-08-08 15:20:00-04:00,58.5099983215332,58.720001220703125,58.5099983215332,58.720001220703125,2443,0.0,0.0
2024-08-08 15:25:00-04:00,58.709999084472656,58.72999954223633,57.470001220703125,57.480098724365234,16094,0.0,0.0
2024-08-08 15:30:00-04:00,57.40999984741211,57.470001220703125,56.62260055541992,56.79999923706055,12950,0.0,0.0
2024-08-08 15:35:00-04:00,56.744998931884766,56.869998931884766,56.70000076293945,56.869998931884766,8541,0.0,0.0
2024-08-08 15:40:00-04:00,56.81999969482422,57.20000076293945,56.81999969482422,57.150001525878906,5351,0.0,0.0
2024-08-08 15:45:00-04:00,57.18000030517578,57.38999938964844,57.16999816894531,57.369998931884766,6133,0.0,0.0
2024-08-08 15:50:00-04:00,57.400001525878906,57.9900016784668,57.400001525878906,57.939998626708984,12968,0.0,0.0
2024-08-08 15:55:00-04:00,57.86000061035156,57.9900016784668,57.58000183105469,57.97999954223633,21759,0.0,0.0
2024-08-09 09:30:00-04:00,57.869998931884766,58.20000076293945,57.869998931884766,58.20000076293945,7666,0.0,0.0
2024-08-09 09:40:00-04:00,57.099998474121094,57.220001220703125,57.0,57.02000045776367,4371,0.0,0.0
2024-08-09 09:45:00-04:00,56.849998474121094,57.35499954223633,56.849998474121094,57.35499954223633,2498,0.0,0.0
2024-08-09 09:50:00-04:00,57.58000183105469,57.58000183105469,57.58000183105469,57.58000183105469,3738,0.0,0.0
2024-08-09 09:55:00-04:00,57.334999084472656,57.334999084472656,57.014400482177734,57.014400482177734,617,0.0,0.0
2024-08-09 10:00:00-04:00,57.130001068115234,57.619998931884766,57.130001068115234,57.619998931884766,1743,0.0,0.0
2024-08-09 10:05:00-04:00,57.150001525878906,57.29999923706055,57.150001525878906,57.29999923706055,558,0.0,0.0
2024-08-09 10:10:00-04:00,57.06999969482422,57.06999969482422,56.689998626708984,56.900001525878906,4049,0.0,0.0
2024-08-09 10:20:00-04:00,56.92399978637695,57.400001525878906,56.92399978637695,57.400001525878906,1684,0.0,0.0
2024-08-09 10:30:00-04:00,57.3650016784668,57.3650016784668,57.3650016784668,57.3650016784668,636,0.0,0.0
2024-08-09 10:40:00-04:00,57.58000183105469,57.58000183105469,57.459999084472656,57.459999084472656,552,0.0,0.0
2024-08-09 10:45:00-04:00,57.77000045776367,57.77000045776367,57.77000045776367,57.77000045776367,962,0.0,0.0
2024-08-09 10:50:00-04:00,57.5,57.70000076293945,57.4900016784668,57.70000076293945,2335,0.0,0.0
2024-08-09 10:55:00-04:00,57.689998626708984,57.77000045776367,57.56999969482422,57.56999969482422,1526,0.0,0.0
2024-08-09 11:00:00-04:00,57.619998931884766,57.619998931884766,57.619998931884766,57.619998931884766,181,0.0,0.0
2024-08-09 11:05:00-04:00,57.56999969482422,57.6349983215332,57.56999969482422,57.6349983215332,332,0.0,0.0
2024-08-09 11:10:00-04:00,57.529998779296875,57.77000045776367,57.529998779296875,57.77000045776367,1029,0.0,0.0
2024-08-09 11:15:00-04:00,57.77000045776367,57.790000915527344,57.709999084472656,57.709999084472656,1239,0.0,0.0
2024-08-09 11:20:00-04:00,57.580101013183594,57.580101013183594,57.580101013183594,57.580101013183594,446,0.0,0.0
2024-08-09 11:25:00-04:00,57.95000076293945,58.099998474121094,57.95000076293945,58.099998474121094,4094,0.0,0.0
2024-08-09 11:30:00-04:00,58.07500076293945,58.27000045776367,58.0,58.27000045776367,1787,0.0,0.0
2024-08-09 11:35:00-04:00,58.18000030517578,58.18000030517578,57.630001068115234,57.630001068115234,1327,0.0,0.0
2024-08-09 11:40:00-04:00,57.904998779296875,57.904998779296875,57.72999954223633,57.72999954223633,1971,0.0,0.0
2024-08-09 11:45:00-04:00,57.41999816894531,57.41999816894531,57.36000061035156,57.36000061035156,533,0.0,0.0
2024-08-09 11:50:00-04:00,57.310001373291016,57.310001373291016,57.08000183105469,57.08000183105469,1532,0.0,0.0
2024-08-09 11:55:00-04:00,56.900001525878906,56.90999984741211,56.709999084472656,56.82500076293945,1938,0.0,0.0
2024-08-09 12:00:00-04:00,56.66999816894531,56.83000183105469,56.66999816894531,56.83000183105469,684,0.0,0.0
2024-08-09 12:05:00-04:00,56.777000427246094,56.777000427246094,56.619998931884766,56.619998931884766,870,0.0,0.0
2024-08-09 12:10:00-04:00,56.689998626708984,56.689998626708984,56.689998626708984,56.689998626708984,309,0.0,0.0
2024-08-09 12:20:00-04:00,56.940799713134766,57.02000045776367,56.7400016784668,57.02000045776367,2632,0.0,0.0
2024-08-09 12:35:00-04:00,57.10499954223633,57.10499954223633,57.10499954223633,57.10499954223633,323,0.0,0.0
2024-08-09 12:40:00-04:00,57.125,57.125,57.125,57.125,205,0.0,0.0
2024-08-09 12:45:00-04:00,57.25,57.25,57.25,57.25,1138,0.0,0.0
2024-08-09 12:50:00-04:00,57.0099983215332,57.0099983215332,57.0099983215332,57.0099983215332,123,0.0,0.0
2024-08-09 12:55:00-04:00,57.0,57.20000076293945,56.96500015258789,57.19499969482422,1810,0.0,0.0
2024-08-09 13:05:00-04:00,57.095001220703125,57.095001220703125,57.095001220703125,57.095001220703125,148,0.0,0.0
2024-08-09 13:10:00-04:00,57.220001220703125,57.220001220703125,57.220001220703125,57.220001220703125,1550,0.0,0.0
2024-08-09 13:25:00-04:00,57.22999954223633,57.38999938964844,57.22999954223633,57.38999938964844,3333,0.0,0.0
2024-08-09 13:40:00-04:00,57.334999084472656,57.334999084472656,57.334999084472656,57.334999084472656,241,0.0,0.0
2024-08-09 13:45:00-04:00,57.375,57.375,57.375,57.375,172,0.0,0.0
2024-08-09 13:50:00-04:00,57.369998931884766,57.369998931884766,57.369998931884766,57.369998931884766,480,0.0,0.0
2024-08-09 13:55:00-04:00,57.439998626708984,57.810001373291016,57.439998626708984,57.810001373291016,2994,0.0,0.0
2024-08-09 14:00:00-04:00,57.79499816894531,57.814998626708984,57.630001068115234,57.80500030517578,1862,0.0,0.0
2024-08-09 14:10:00-04:00,57.97990036010742,57.97990036010742,57.97990036010742,57.97990036010742,935,0.0,0.0
2024-08-09 14:15:00-04:00,57.64500045776367,57.64500045776367,57.64500045776367,57.64500045776367,140,0.0,0.0
2024-08-09 14:20:00-04:00,57.6349983215332,57.6349983215332,57.529998779296875,57.529998779296875,1054,0.0,0.0
2024-08-09 14:30:00-04:00,57.459999084472656,57.56999969482422,57.459999084472656,57.56999969482422,396,0.0,0.0
2024-08-09 14:35:00-04:00,57.470001220703125,57.689998626708984,57.470001220703125,57.689998626708984,2260,0.0,0.0
2024-08-09 14:50:00-04:00,57.560001373291016,57.560001373291016,57.560001373291016,57.560001373291016,703,0.0,0.0
2024-08-09 14:55:00-04:00,57.16999816894531,57.16999816894531,57.16999816894531,57.16999816894531,459,0.0,0.0
2024-08-09 15:00:00-04:00,57.31999969482422,57.52989959716797,57.15999984741211,57.52989959716797,1345,0.0,0.0
2024-08-09 15:05:00-04:00,57.11000061035156,57.22999954223633,57.11000061035156,57.22999954223633,680,0.0,0.0
2024-08-09 15:10:00-04:00,57.11000061035156,57.209999084472656,57.07500076293945,57.209999084472656,1541,0.0,0.0
2024-08-09 15:15:00-04:00,57.290000915527344,57.40999984741211,57.290000915527344,57.400001525878906,1673,0.0,0.0
2024-08-09 15:20:00-04:00,57.435001373291016,57.435001373291016,57.29999923706055,57.29999923706055,1887,0.0,0.0
2024-08-09 15:25:00-04:00,57.38999938964844,57.459999084472656,57.36000061035156,57.459999084472656,1624,0.0,0.0
2024-08-09 15:30:00-04:00,57.44499969482422,57.44499969482422,57.44499969482422,57.44499969482422,821,0.0,0.0
2024-08-09 15:35:00-04:00,57.54999923706055,57.57500076293945,57.4900016784668,57.4900016784668,3073,0.0,0.0
2024-08-09 15:40:00-04:00,57.66999816894531,57.68000030517578,57.650001525878906,57.650001525878906,1404,0.0,0.0
2024-08-09 15:45:00-04:00,57.63999938964844,57.665000915527344,57.47999954223633,57.47999954223633,3338,0.0,0.0
2024-08-09 15:50:00-04:00,57.349998474121094,57.51499938964844,57.2599983215332,57.369998931884766,4227,0.0,0.0
2024-08-09 15:55:00-04:00,57.349998474121094,57.70500183105469,57.349998474121094,57.58000183105469,7833,0.0,0.0
