Datetime,Open,High,Low,Close,Volume,Dividends,Stock Splits
2024-10-03 09:00:00+09:00,238.0,238.0,238.0,238.0,5600,0.0,0.0
2024-10-03 09:10:00+09:00,239.0,239.0,238.0,238.0,4000,0.0,0.0
2024-10-03 09:15:00+09:00,238.0,238.0,238.0,238.0,1500,0.0,0.0
2024-10-03 09:20:00+09:00,238.0,239.0,238.0,238.0,5100,0.0,0.0
2024-10-03 09:25:00+09:00,238.0,238.0,238.0,238.0,200,0.0,0.0
2024-10-03 09:35:00+09:00,238.0,238.0,237.0,237.0,1000,0.0,0.0
2024-10-03 09:40:00+09:00,237.0,237.0,235.0,235.0,4300,0.0,0.0
2024-10-03 09:45:00+09:00,235.0,235.0,235.0,235.0,1800,0.0,0.0
2024-10-03 09:50:00+09:00,236.0,236.0,236.0,236.0,600,0.0,0.0
2024-10-03 10:10:00+09:00,237.0,237.0,237.0,237.0,400,0.0,0.0
2024-10-03 10:50:00+09:00,237.0,237.0,237.0,237.0,300,0.0,0.0
2024-10-03 11:25:00+09:00,237.0,237.0,237.0,237.0,100,0.0,0.0
2024-10-03 11:35:00+09:00,237.0,237.0,237.0,237.0,0,0.0,0.0
2024-10-03 12:30:00+09:00,237.0,237.0,237.0,237.0,26100,0.0,0.0
2024-10-03 12:35:00+09:00,237.0,237.0,237.0,237.0,800,0.0,0.0
2024-10-03 12:40:00+09:00,237.0,237.0,236.0,236.0,500,0.0,0.0
2024-10-03 12:50:00+09:00,236.0,236.0,236.0,236.0,900,0.0,0.0
2024-10-03 12:55:00+09:00,236.0,236.0,236.0,236.0,1100,0.0,0.0
2024-10-03 13:00:00+09:00,237.0,237.0,237.0,237.0,800,0.0,0.0
2024-10-03 13:05:00+09:00,237.0,237.0,237.0,237.0,200,0.0,0.0
2024-10-03 13:15:00+09:00,237.0,237.0,237.0,237.0,400,0.0,0.0
2024-10-03 13:20:00+09:00,237.0,237.0,237.0,237.0,400,0.0,0.0
2024-10-03 13:25:00+09:00,237.0,237.0,237.0,237.0,200,0.0,0.0
2024-10-03 13:45:00+09:00,238.0,238.0,238.0,238.0,1400,0.0,0.0
2024-10-03 13:55:00+09:00,238.0,238.0,238.0,238.0,1400,0.0,0.0
2024-10-03 14:00:00+09:00,238.0,239.0,238.0,239.0,17000,0.0,0.0
2024-10-03 14:05:00+09:00,240.0,241.0,240.0,241.0,14400,0.0,0.0
2024-10-03 14:10:00+09:00,241.0,241.0,241.0,241.0,3300,0.0,0.0
2024-10-03 14:20:00+09:00,241.0,241.0,241.0,241.0,300,0.0,0.0
2024-10-03 14:25:00+09:00,241.0,241.0,241.0,241.0,1600,0.0,0.0
2024-10-03 14:30:00+09:00,241.0,241.0,241.0,241.0,1500,0.0,0.0
2024-10-03 14:35:00+09:00,241.0,241.0,241.0,241.0,100,0.0,0.0
2024-10-03 14:40:00+09:00,241.0,241.0,241.0,241.0,100,0.0,0.0
2024-10-03 14:50:00+09:00,241.0,241.0,241.0,241.0,3000,0.0,0.0
2024-10-03 14:55:00+09:00,241.0,243.0,241.0,242.0,20300,0.0,0.0
2024-10-04 09:00:00+09:00,243.0,243.0,242.0,242.0,11400,0.0,0.0
2024-10-04 09:10:00+09:00,243.0,243.0,243.0,243.0,100,0.0,0.0
2024-10-04 09:15:00+09:00,243.0,244.0,243.0,243.0,8500,0.0,0.0
2024-10-04 09:30:00+09:00,243.0,244.0,242.0,242.0,4200,0.0,0.0
2024-10-04 10:05:00+09:00,243.0,244.0,243.0,244.0,2300,0.0,0.0
2024-10-04 10:15:00+09:00,244.0,244.0,243.0,243.0,2400,0.0,0.0
2024-10-04 10:20:00+09:00,243.0,243.0,243.0,243.0,500,0.0,0.0
2024-10-04 10:25:00+09:00,244.0,244.0,244.0,244.0,100,0.0,0.0
2024-10-04 10:35:00+09:00,243.0,243.0,243.0,243.0,300,0.0,0.0
2024-10-04 10:50:00+09:00,244.0,245.0,244.0,245.0,1000,0.0,0.0
2024-10-04 11:00:00+09:00,245.0,245.0,245.0,245.0,200,0.0,0.0
2024-10-04 11:10:00+09:00,245.0,245.0,244.0,244.0,300,0.0,0.0
2024-10-04 11:15:00+09:00,244.0,245.0,244.0,245.0,800,0.0,0.0
2024-10-04 11:25:00+09:00,245.0,245.0,245.0,245.0,300,0.0,0.0
2024-10-04 11:30:00+09:00,245.0,245.0,245.0,245.0,300,0.0,0.0
2024-10-04 11:35:00+09:00,245.0,245.0,245.0,245.0,0,0.0,0.0
2024-10-04 12:30:00+09:00,245.0,245.0,245.0,245.0,33500,0.0,0.0
2024-10-04 12:35:00+09:00,245.0,245.0,244.0,244.0,1600,0.0,0.0
2024-10-04 12:40:00+09:00,244.0,244.0,244.0,244.0,900,0.0,0.0
2024-10-04 12:45:00+09:00,244.0,244.0,244.0,244.0,200,0.0,0.0
2024-10-04 12:50:00+09:00,244.0,244.0,244.0,244.0,100,0.0,0.0
2024-10-04 12:55:00+09:00,244.0,244.0,244.0,244.0,100,0.0,0.0
2024-10-04 13:00:00+09:00,244.0,244.0,244.0,244.0,100,0.0,0.0
2024-10-04 13:05:00+09:00,244.0,244.0,244.0,244.0,100,0.0,0.0
2024-10-04 13:15:00+09:00,244.0,244.0,244.0,244.0,2400,0.0,0.0
2024-10-04 13:25:00+09:00,244.0,244.0,244.0,244.0,100,0.0,0.0
2024-10-04 13:30:00+09:00,244.0,244.0,244.0,244.0,100,0.0,0.0
2024-10-04 13:35:00+09:00,244.0,244.0,244.0,244.0,700,0.0,0.0
2024-10-04 13:40:00+09:00,244.0,244.0,244.0,244.0,200,0.0,0.0
2024-10-04 13:45:00+09:00,244.0,244.0,244.0,244.0,100,0.0,0.0
2024-10-04 13:50:00+09:00,244.0,244.0,244.0,244.0,100,0.0,0.0
2024-10-04 13:55:00+09:00,244.0,244.0,244.0,244.0,100,0.0,0.0
2024-10-04 14:00:00+09:00,244.0,245.0,244.0,245.0,2200,0.0,0.0
2024-10-04 14:05:00+09:00,245.0,245.0,245.0,245.0,800,0.0,0.0
2024-10-04 14:10:00+09:00,245.0,245.0,245.0,245.0,500,0.0,0.0
2024-10-04 14:15:00+09:00,245.0,245.0,245.0,245.0,300,0.0,0.0
2024-10-04 14:25:00+09:00,245.0,245.0,245.0,245.0,200,0.0,0.0
2024-10-04 14:30:00+09:00,245.0,245.0,244.0,244.0,1200,0.0,0.0
2024-10-04 14:35:00+09:00,244.0,244.0,244.0,244.0,600,0.0,0.0
2024-10-04 14:40:00+09:00,245.0,245.0,245.0,245.0,500,0.0,0.0
2024-10-04 14:45:00+09:00,245.0,245.0,245.0,245.0,300,0.0,0.0
2024-10-04 14:50:00+09:00,245.0,245.0,245.0,245.0,400,0.0,0.0
2024-10-04 14:55:00+09:00,245.0,245.0,244.0,244.0,1700,0.0,0.0
2024-10-07 09:00:00+09:00,246.0,247.0,246.0,246.0,8200,0.0,0.0
2024-10-07 09:05:00+09:00,246.0,247.0,246.0,246.0,1800,0.0,0.0
2024-10-07 09:15:00+09:00,246.0,246.0,246.0,246.0,300,0.0,0.0
2024-10-07 09:20:00+09:00,246.0,246.0,246.0,246.0,200,0.0,0.0
2024-10-07 09:40:00+09:00,245.0,245.0,245.0,245.0,100,0.0,0.0
2024-10-07 09:45:00+09:00,245.0,245.0,245.0,245.0,1100,0.0,0.0
2024-10-07 09:50:00+09:00,245.0,245.0,245.0,245.0,100,0.0,0.0
2024-10-07 09:55:00+09:00,245.0,245.0,245.0,245.0,300,0.0,0.0
2024-10-07 10:05:00+09:00,245.0,245.0,245.0,245.0,900,0.0,0.0
2024-10-07 10:15:00+09:00,245.0,245.0,245.0,245.0,100,0.0,0.0
2024-10-07 10:25:00+09:00,245.0,245.0,245.0,245.0,600,0.0,0.0
2024-10-07 10:40:00+09:00,244.0,244.0,244.0,244.0,800,0.0,0.0
2024-10-07 10:45:00+09:00,244.0,245.0,244.0,245.0,200,0.0,0.0
2024-10-07 10:50:00+09:00,244.0,244.0,244.0,244.0,600,0.0,0.0
2024-10-07 11:00:00+09:00,244.0,244.0,242.0,242.0,11100,0.0,0.0
2024-10-07 11:10:00+09:00,242.0,242.0,242.0,242.0,200,0.0,0.0
2024-10-07 11:20:00+09:00,242.0,242.0,241.0,242.0,1100,0.0,0.0
2024-10-07 11:30:00+09:00,244.0,244.0,244.0,244.0,700,0.0,0.0
2024-10-07 11:35:00+09:00,244.0,244.0,244.0,244.0,0,0.0,0.0
2024-10-07 12:30:00+09:00,241.0,242.0,241.0,242.0,29000,0.0,0.0
2024-10-07 13:15:00+09:00,242.0,242.0,242.0,242.0,100,0.0,0.0
2024-10-07 13:20:00+09:00,242.0,242.0,242.0,242.0,1100,0.0,0.0
2024-10-07 13:30:00+09:00,242.0,242.0,242.0,242.0,500,0.0,0.0
2024-10-07 13:35:00+09:00,242.0,242.0,242.0,242.0,200,0.0,0.0
2024-10-07 13:40:00+09:00,245.0,245.0,245.0,245.0,0,0.0,0.0
2024-10-07 14:10:00+09:00,245.0,245.0,245.0,245.0,42800,0.0,0.0
2024-10-07 14:30:00+09:00,244.0,244.0,244.0,244.0,1100,0.0,0.0
2024-10-07 14:35:00+09:00,244.0,244.0,243.0,244.0,2300,0.0,0.0
2024-10-07 14:50:00+09:00,244.0,244.0,244.0,244.0,300,0.0,0.0
2024-10-07 14:55:00+09:00,245.0,245.0,243.0,243.0,7300,0.0,0.0
2024-10-08 09:00:00+09:00,242.0,243.0,242.0,243.0,7600,0.0,0.0
2024-10-08 09:05:00+09:00,244.0,245.0,244.0,245.0,1000,0.0,0.0
2024-10-08 09:35:00+09:00,245.0,245.0,245.0,245.0,2400,0.0,0.0
2024-10-08 09:45:00+09:00,244.0,244.0,244.0,244.0,100,0.0,0.0
2024-10-08 10:00:00+09:00,244.0,244.0,244.0,244.0,200,0.0,0.0
2024-10-08 10:20:00+09:00,244.0,244.0,244.0,244.0,200,0.0,0.0
2024-10-08 10:50:00+09:00,244.0,244.0,243.0,244.0,600,0.0,0.0
2024-10-08 11:15:00+09:00,244.0,244.0,244.0,244.0,3000,0.0,0.0
2024-10-08 11:30:00+09:00,245.0,245.0,245.0,245.0,400,0.0,0.0
2024-10-08 11:35:00+09:00,245.0,245.0,245.0,245.0,0,0.0,0.0
2024-10-08 12:30:00+09:00,243.0,243.0,243.0,243.0,16400,0.0,0.0
2024-10-08 12:40:00+09:00,245.0,245.0,244.0,244.0,2500,0.0,0.0
2024-10-08 12:55:00+09:00,244.0,244.0,244.0,244.0,200,0.0,0.0
2024-10-08 13:25:00+09:00,244.0,244.0,244.0,244.0,300,0.0,0.0
2024-10-08 13:30:00+09:00,245.0,245.0,245.0,245.0,100,0.0,0.0
2024-10-08 13:40:00+09:00,244.0,244.0,244.0,244.0,100,0.0,0.0
2024-10-08 13:45:00+09:00,244.0,244.0,244.0,244.0,600,0.0,0.0
2024-10-08 14:00:00+09:00,244.0,244.0,244.0,244.0,1900,0.0,0.0
2024-10-08 14:10:00+09:00,244.0,244.0,244.0,244.0,100,0.0,0.0
2024-10-08 14:20:00+09:00,244.0,244.0,244.0,244.0,1100,0.0,0.0
2024-10-08 14:45:00+09:00,243.0,243.0,243.0,243.0,100,0.0,0.0
2024-10-08 14:55:00+09:00,243.0,243.0,243.0,243.0,700,0.0,0.0
2024-10-09 09:00:00+09:00,243.0,243.0,242.0,242.0,4400,0.0,0.0
2024-10-09 09:05:00+09:00,243.0,243.0,243.0,243.0,500,0.0,0.0
2024-10-09 09:10:00+09:00,244.0,244.0,244.0,244.0,1700,0.0,0.0
2024-10-09 09:15:00+09:00,244.0,244.0,243.0,244.0,4000,0.0,0.0
2024-10-09 09:20:00+09:00,243.0,243.0,243.0,243.0,100,0.0,0.0
2024-10-09 09:30:00+09:00,243.0,243.0,243.0,243.0,100,0.0,0.0
2024-10-09 09:40:00+09:00,243.0,243.0,243.0,243.0,300,0.0,0.0
2024-10-09 09:45:00+09:00,243.0,243.0,242.0,242.0,1700,0.0,0.0
2024-10-09 09:50:00+09:00,242.0,242.0,242.0,242.0,300,0.0,0.0
2024-10-09 09:55:00+09:00,242.0,242.0,242.0,242.0,100,0.0,0.0
2024-10-09 10:00:00+09:00,243.0,243.0,243.0,243.0,2300,0.0,0.0
2024-10-09 10:05:00+09:00,243.0,243.0,243.0,243.0,900,0.0,0.0
2024-10-09 10:35:00+09:00,242.0,242.0,242.0,242.0,1600,0.0,0.0
2024-10-09 10:45:00+09:00,242.0,242.0,242.0,242.0,100,0.0,0.0
2024-10-09 10:50:00+09:00,242.0,242.0,242.0,242.0,400,0.0,0.0
2024-10-09 11:00:00+09:00,242.0,242.0,242.0,242.0,100,0.0,0.0
2024-10-09 11:05:00+09:00,242.0,242.0,242.0,242.0,300,0.0,0.0
2024-10-09 11:10:00+09:00,242.0,242.0,240.0,240.0,4900,0.0,0.0
2024-10-09 11:20:00+09:00,240.0,240.0,240.0,240.0,300,0.0,0.0
2024-10-09 11:25:00+09:00,241.0,241.0,241.0,241.0,1000,0.0,0.0
2024-10-09 11:30:00+09:00,242.0,242.0,242.0,242.0,600,0.0,0.0
2024-10-09 11:35:00+09:00,242.0,242.0,242.0,242.0,0,0.0,0.0
2024-10-09 12:30:00+09:00,240.0,240.0,240.0,240.0,33000,0.0,0.0
2024-10-09 12:35:00+09:00,241.0,241.0,241.0,241.0,1200,0.0,0.0
2024-10-09 12:45:00+09:00,241.0,241.0,241.0,241.0,1500,0.0,0.0
2024-10-09 13:00:00+09:00,241.0,241.0,241.0,241.0,100,0.0,0.0
2024-10-09 13:15:00+09:00,241.0,241.0,241.0,241.0,800,0.0,0.0
2024-10-09 13:20:00+09:00,241.0,241.0,241.0,241.0,300,0.0,0.0
2024-10-09 13:30:00+09:00,241.0,241.0,241.0,241.0,100,0.0,0.0
2024-10-09 13:40:00+09:00,241.0,241.0,241.0,241.0,300,0.0,0.0
2024-10-09 13:50:00+09:00,241.0,241.0,241.0,241.0,1900,0.0,0.0
2024-10-09 13:55:00+09:00,240.0,241.0,240.0,241.0,1300,0.0,0.0
2024-10-09 14:05:00+09:00,241.0,241.0,241.0,241.0,400,0.0,0.0
2024-10-09 14:35:00+09:00,240.0,240.0,240.0,240.0,100,0.0,0.0
2024-10-09 14:40:00+09:00,240.0,241.0,240.0,241.0,0,0.0,0.0
2024-10-09 14:45:00+09:00,241.0,241.0,240.0,240.0,49600,0.0,0.0
2024-10-09 14:50:00+09:00,240.0,240.0,240.0,240.0,200,0.0,0.0
2024-10-09 14:55:00+09:00,240.0,240.0,240.0,240.0,2400,0.0,0.0
2024-10-10 09:00:00+09:00,238.0,238.0,237.0,237.0,5400,0.0,0.0
2024-10-10 09:10:00+09:00,237.0,237.0,237.0,237.0,100,0.0,0.0
2024-10-10 09:20:00+09:00,238.0,238.0,238.0,238.0,300,0.0,0.0
2024-10-10 09:35:00+09:00,238.0,238.0,237.0,237.0,800,0.0,0.0
2024-10-10 09:40:00+09:00,237.0,237.0,237.0,237.0,1600,0.0,0.0
2024-10-10 10:00:00+09:00,237.0,237.0,236.0,237.0,900,0.0,0.0
2024-10-10 10:20:00+09:00,237.0,238.0,237.0,238.0,200,0.0,0.0
2024-10-10 10:25:00+09:00,237.0,237.0,237.0,237.0,1300,0.0,0.0
2024-10-10 10:30:00+09:00,237.0,237.0,237.0,237.0,200,0.0,0.0
2024-10-10 11:20:00+09:00,237.0,237.0,237.0,237.0,100,0.0,0.0
2024-10-10 11:25:00+09:00,236.0,236.0,236.0,236.0,100,0.0,0.0
2024-10-10 11:35:00+09:00,236.0,236.0,236.0,236.0,0,0.0,0.0
2024-10-10 12:30:00+09:00,237.0,237.0,236.0,237.0,16500,0.0,0.0
2024-10-10 12:40:00+09:00,236.0,236.0,236.0,236.0,100,0.0,0.0
2024-10-10 12:55:00+09:00,236.0,236.0,236.0,236.0,100,0.0,0.0
2024-10-10 13:00:00+09:00,236.0,236.0,236.0,236.0,200,0.0,0.0
2024-10-10 13:15:00+09:00,236.0,236.0,236.0,236.0,100,0.0,0.0
2024-10-10 13:25:00+09:00,237.0,237.0,237.0,237.0,400,0.0,0.0
2024-10-10 13:35:00+09:00,236.0,236.0,236.0,236.0,1100,0.0,0.0
2024-10-10 13:55:00+09:00,236.0,236.0,236.0,236.0,100,0.0,0.0
2024-10-10 14:05:00+09:00,236.0,236.0,236.0,236.0,100,0.0,0.0
2024-10-10 14:10:00+09:00,236.0,236.0,236.0,236.0,500,0.0,0.0
2024-10-10 14:25:00+09:00,236.0,236.0,236.0,236.0,200,0.0,0.0
2024-10-10 14:50:00+09:00,236.0,236.0,236.0,236.0,2500,0.0,0.0
2024-10-10 14:55:00+09:00,236.0,236.0,236.0,236.0,300,0.0,0.0
2024-10-11 09:00:00+09:00,237.0,237.0,237.0,237.0,6300,0.0,0.0
2024-10-11 09:10:00+09:00,237.0,237.0,236.0,236.0,3000,0.0,0.0
2024-10-11 09:30:00+09:00,236.0,236.0,234.0,234.0,5700,0.0,0.0
2024-10-11 09:35:00+09:00,234.0,234.0,234.0,234.0,3600,0.0,0.0
2024-10-11 09:45:00+09:00,235.0,235.0,235.0,235.0,300,0.0,0.0
2024-10-11 09:50:00+09:00,234.0,234.0,234.0,234.0,100,0.0,0.0
2024-10-11 09:55:00+09:00,234.0,234.0,234.0,234.0,400,0.0,0.0
2024-10-11 10:00:00+09:00,234.0,234.0,234.0,234.0,400,0.0,0.0
2024-10-11 10:05:00+09:00,234.0,234.0,234.0,234.0,500,0.0,0.0
2024-10-11 10:10:00+09:00,234.0,234.0,234.0,234.0,100,0.0,0.0
2024-10-11 11:10:00+09:00,234.0,234.0,234.0,234.0,200,0.0,0.0
2024-10-11 11:20:00+09:00,234.0,234.0,234.0,234.0,300,0.0,0.0
2024-10-11 11:25:00+09:00,234.0,234.0,234.0,234.0,100,0.0,0.0
2024-10-11 11:35:00+09:00,234.0,234.0,234.0,234.0,0,0.0,0.0
2024-10-11 12:30:00+09:00,234.0,234.0,234.0,234.0,21300,0.0,0.0
2024-10-11 12:40:00+09:00,234.0,234.0,234.0,234.0,200,0.0,0.0
2024-10-11 12:50:00+09:00,234.0,235.0,234.0,235.0,1700,0.0,0.0
2024-10-11 12:55:00+09:00,234.0,234.0,234.0,234.0,100,0.0,0.0
2024-10-11 13:00:00+09:00,234.0,234.0,233.0,233.0,300,0.0,0.0
2024-10-11 13:10:00+09:00,233.0,233.0,233.0,233.0,100,0.0,0.0
2024-10-11 13:30:00+09:00,233.0,233.0,233.0,233.0,100,0.0,0.0
2024-10-11 13:40:00+09:00,233.0,234.0,233.0,233.0,700,0.0,0.0
2024-10-11 14:15:00+09:00,234.0,235.0,234.0,235.0,8600,0.0,0.0
2024-10-11 14:20:00+09:00,235.0,235.0,235.0,235.0,100,0.0,0.0
2024-10-11 14:25:00+09:00,235.0,235.0,235.0,235.0,100,0.0,0.0
2024-10-11 14:35:00+09:00,235.0,236.0,235.0,236.0,1200,0.0,0.0
2024-10-11 14:50:00+09:00,236.0,236.0,236.0,236.0,300,0.0,0.0
2024-10-11 14:55:00+09:00,235.0,236.0,235.0,236.0,1300,0.0,0.0
2024-10-15 09:00:00+09:00,235.0,237.0,235.0,237.0,5600,0.0,0.0
2024-10-15 09:05:00+09:00,237.0,237.0,237.0,237.0,1200,0.0,0.0
2024-10-15 09:10:00+09:00,237.0,237.0,236.0,236.0,500,0.0,0.0
2024-10-15 09:15:00+09:00,236.0,236.0,236.0,236.0,100,0.0,0.0
2024-10-15 09:20:00+09:00,237.0,238.0,237.0,238.0,6400,0.0,0.0
2024-10-15 09:30:00+09:00,238.0,238.0,238.0,238.0,1700,0.0,0.0
2024-10-15 09:35:00+09:00,238.0,238.0,238.0,238.0,200,0.0,0.0
2024-10-15 09:50:00+09:00,238.0,238.0,238.0,238.0,200,0.0,0.0
2024-10-15 10:00:00+09:00,238.0,238.0,237.0,237.0,400,0.0,0.0
2024-10-15 10:10:00+09:00,238.0,239.0,238.0,239.0,600,0.0,0.0
2024-10-15 10:15:00+09:00,239.0,239.0,239.0,239.0,1700,0.0,0.0
2024-10-15 10:35:00+09:00,239.0,239.0,239.0,239.0,700,0.0,0.0
2024-10-15 10:40:00+09:00,238.0,238.0,238.0,238.0,100,0.0,0.0
2024-10-15 10:55:00+09:00,238.0,238.0,238.0,238.0,200,0.0,0.0
2024-10-15 11:10:00+09:00,238.0,238.0,238.0,238.0,200,0.0,0.0
2024-10-15 11:15:00+09:00,239.0,239.0,239.0,239.0,1300,0.0,0.0
2024-10-15 11:35:00+09:00,239.0,239.0,239.0,239.0,0,0.0,0.0
2024-10-15 12:30:00+09:00,239.0,239.0,239.0,239.0,21500,0.0,0.0
2024-10-15 12:35:00+09:00,239.0,239.0,239.0,239.0,100,0.0,0.0
2024-10-15 12:45:00+09:00,239.0,240.0,239.0,240.0,500,0.0,0.0
2024-10-15 12:50:00+09:00,239.0,239.0,239.0,239.0,100,0.0,0.0
2024-10-15 13:00:00+09:00,239.0,239.0,239.0,239.0,200,0.0,0.0
2024-10-15 13:10:00+09:00,239.0,239.0,239.0,239.0,200,0.0,0.0
2024-10-15 13:15:00+09:00,239.0,240.0,239.0,240.0,1100,0.0,0.0
2024-10-15 13:20:00+09:00,239.0,239.0,239.0,239.0,100,0.0,0.0
2024-10-15 13:25:00+09:00,239.0,239.0,239.0,239.0,100,0.0,0.0
2024-10-15 13:30:00+09:00,239.0,240.0,239.0,240.0,200,0.0,0.0
2024-10-15 13:40:00+09:00,239.0,239.0,239.0,239.0,100,0.0,0.0
2024-10-15 13:45:00+09:00,240.0,240.0,240.0,240.0,100,0.0,0.0
2024-10-15 13:55:00+09:00,239.0,239.0,239.0,239.0,0,0.0,0.0
2024-10-15 14:10:00+09:00,239.0,239.0,239.0,239.0,24800,0.0,0.0
2024-10-15 14:20:00+09:00,239.0,239.0,239.0,239.0,300,0.0,0.0
2024-10-15 14:25:00+09:00,239.0,239.0,239.0,239.0,600,0.0,0.0
2024-10-15 14:30:00+09:00,239.0,240.0,239.0,240.0,3600,0.0,0.0
2024-10-15 14:40:00+09:00,240.0,240.0,240.0,240.0,500,0.0,0.0
2024-10-15 14:45:00+09:00,240.0,240.0,239.0,239.0,2400,0.0,0.0
2024-10-15 14:50:00+09:00,239.0,239.0,239.0,239.0,200,0.0,0.0
2024-10-15 14:55:00+09:00,239.0,240.0,239.0,240.0,400,0.0,0.0
2024-10-16 09:00:00+09:00,235.0,235.0,235.0,235.0,2100,0.0,0.0
2024-10-16 09:10:00+09:00,237.0,237.0,237.0,237.0,300,0.0,0.0
2024-10-16 09:25:00+09:00,237.0,237.0,237.0,237.0,200,0.0,0.0
2024-10-16 09:55:00+09:00,237.0,237.0,237.0,237.0,7200,0.0,0.0
2024-10-16 10:00:00+09:00,237.0,237.0,237.0,237.0,2400,0.0,0.0
2024-10-16 10:05:00+09:00,238.0,238.0,237.0,237.0,1800,0.0,0.0
2024-10-16 10:10:00+09:00,237.0,237.0,237.0,237.0,1200,0.0,0.0
2024-10-16 10:55:00+09:00,237.0,237.0,237.0,237.0,2000,0.0,0.0
2024-10-16 11:35:00+09:00,237.0,237.0,237.0,237.0,0,0.0,0.0
2024-10-16 12:30:00+09:00,237.0,237.0,237.0,237.0,17600,0.0,0.0
2024-10-16 12:45:00+09:00,236.0,236.0,236.0,236.0,3300,0.0,0.0
2024-10-16 12:50:00+09:00,236.0,236.0,234.0,234.0,2300,0.0,0.0
2024-10-16 13:05:00+09:00,234.0,234.0,234.0,234.0,100,0.0,0.0
2024-10-16 13:10:00+09:00,234.0,234.0,234.0,234.0,100,0.0,0.0
2024-10-16 13:20:00+09:00,234.0,234.0,234.0,234.0,100,0.0,0.0
2024-10-16 13:25:00+09:00,234.0,234.0,233.0,234.0,3400,0.0,0.0
2024-10-16 14:15:00+09:00,235.0,235.0,235.0,235.0,200,0.0,0.0
2024-10-16 14:30:00+09:00,234.0,234.0,234.0,234.0,100,0.0,0.0
2024-10-16 14:35:00+09:00,234.0,234.0,234.0,234.0,600,0.0,0.0
2024-10-16 14:40:00+09:00,234.0,234.0,233.0,233.0,1300,0.0,0.0
2024-10-16 14:45:00+09:00,233.0,233.0,233.0,233.0,0,0.0,0.0
2024-10-16 14:50:00+09:00,234.0,236.0,234.0,236.0,40200,0.0,0.0
2024-10-16 14:55:00+09:00,235.0,235.0,235.0,235.0,100,0.0,0.0
2024-10-17 09:00:00+09:00,236.0,236.0,236.0,236.0,1900,0.0,0.0
2024-10-17 09:15:00+09:00,236.0,236.0,235.0,235.0,2300,0.0,0.0
2024-10-17 09:20:00+09:00,236.0,236.0,236.0,236.0,200,0.0,0.0
2024-10-17 09:50:00+09:00,237.0,237.0,236.0,236.0,1600,0.0,0.0
2024-10-17 10:10:00+09:00,236.0,236.0,236.0,236.0,100,0.0,0.0
2024-10-17 10:55:00+09:00,236.0,236.0,236.0,236.0,100,0.0,0.0
2024-10-17 11:35:00+09:00,236.0,236.0,236.0,236.0,0,0.0,0.0
2024-10-17 12:30:00+09:00,235.0,235.0,235.0,235.0,6700,0.0,0.0
2024-10-17 12:45:00+09:00,235.0,235.0,235.0,235.0,100,0.0,0.0
2024-10-17 12:55:00+09:00,235.0,235.0,235.0,235.0,100,0.0,0.0
2024-10-17 13:00:00+09:00,235.0,235.0,234.0,234.0,1200,0.0,0.0
2024-10-17 13:05:00+09:00,234.0,234.0,233.0,233.0,12100,0.0,0.0
2024-10-17 13:10:00+09:00,233.0,233.0,233.0,233.0,100,0.0,0.0
2024-10-17 13:15:00+09:00,233.0,233.0,233.0,233.0,200,0.0,0.0
2024-10-17 14:00:00+09:00,233.0,233.0,233.0,233.0,900,0.0,0.0
2024-10-17 14:25:00+09:00,233.0,233.0,233.0,233.0,100,0.0,0.0
2024-10-17 14:35:00+09:00,233.0,233.0,232.0,232.0,3200,0.0,0.0
2024-10-17 14:40:00+09:00,232.0,232.0,232.0,232.0,200,0.0,0.0
2024-10-17 14:45:00+09:00,232.0,232.0,232.0,232.0,700,0.0,0.0
2024-10-18 09:00:00+09:00,231.0,232.0,231.0,232.0,3300,0.0,0.0
2024-10-18 09:05:00+09:00,233.0,233.0,233.0,233.0,1000,0.0,0.0
2024-10-18 09:25:00+09:00,232.0,232.0,232.0,232.0,100,0.0,0.0
2024-10-18 09:30:00+09:00,232.0,232.0,231.0,232.0,300,0.0,0.0
2024-10-18 09:35:00+09:00,232.0,232.0,232.0,232.0,100,0.0,0.0
2024-10-18 09:40:00+09:00,232.0,232.0,232.0,232.0,0,0.0,0.0
2024-10-18 10:10:00+09:00,232.0,232.0,232.0,232.0,5200,0.0,0.0
2024-10-18 10:35:00+09:00,232.0,232.0,232.0,232.0,400,0.0,0.0
2024-10-18 10:50:00+09:00,232.0,232.0,232.0,232.0,100,0.0,0.0
2024-10-18 11:35:00+09:00,232.0,232.0,232.0,232.0,0,0.0,0.0
2024-10-18 12:30:00+09:00,232.0,232.0,232.0,232.0,5800,0.0,0.0
2024-10-18 13:00:00+09:00,233.0,233.0,232.0,232.0,1100,0.0,0.0
2024-10-18 13:05:00+09:00,232.0,232.0,232.0,232.0,100,0.0,0.0
2024-10-18 13:35:00+09:00,232.0,232.0,232.0,232.0,200,0.0,0.0
2024-10-18 14:05:00+09:00,232.0,232.0,230.0,231.0,5100,0.0,0.0
2024-10-21 09:00:00+09:00,231.0,231.0,231.0,231.0,2700,0.0,0.0
2024-10-21 09:05:00+09:00,230.0,230.0,230.0,230.0,5100,0.0,0.0
2024-10-21 09:10:00+09:00,230.0,230.0,230.0,230.0,100,0.0,0.0
2024-10-21 09:15:00+09:00,229.0,229.0,229.0,229.0,100,0.0,0.0
2024-10-21 09:20:00+09:00,230.0,230.0,230.0,230.0,100,0.0,0.0
2024-10-21 09:30:00+09:00,230.0,230.0,230.0,230.0,100,0.0,0.0
2024-10-21 09:50:00+09:00,231.0,231.0,231.0,231.0,1000,0.0,0.0
2024-10-21 11:35:00+09:00,231.0,231.0,231.0,231.0,0,0.0,0.0
2024-10-21 12:30:00+09:00,232.0,232.0,232.0,232.0,10100,0.0,0.0
2024-10-21 13:20:00+09:00,231.0,231.0,231.0,231.0,100,0.0,0.0
2024-10-21 13:35:00+09:00,231.0,231.0,231.0,231.0,200,0.0,0.0
2024-10-21 13:45:00+09:00,232.0,232.0,232.0,232.0,200,0.0,0.0
2024-10-21 13:50:00+09:00,231.0,231.0,230.0,231.0,1400,0.0,0.0
2024-10-21 14:10:00+09:00,231.0,231.0,231.0,231.0,100,0.0,0.0
2024-10-21 14:15:00+09:00,231.0,231.0,231.0,231.0,100,0.0,0.0
2024-10-21 14:55:00+09:00,231.0,233.0,231.0,233.0,600,0.0,0.0
2024-10-22 09:10:00+09:00,230.0,230.0,230.0,230.0,400,0.0,0.0
2024-10-22 09:15:00+09:00,231.0,231.0,230.0,230.0,700,0.0,0.0
2024-10-22 09:25:00+09:00,231.0,231.0,231.0,231.0,200,0.0,0.0
2024-10-22 09:55:00+09:00,231.0,231.0,231.0,231.0,600,0.0,0.0
2024-10-22 10:15:00+09:00,231.0,231.0,231.0,231.0,100,0.0,0.0
2024-10-22 10:45:00+09:00,230.0,230.0,230.0,230.0,100,0.0,0.0
2024-10-22 11:35:00+09:00,230.0,230.0,230.0,230.0,0,0.0,0.0
2024-10-22 12:30:00+09:00,230.0,230.0,230.0,230.0,2200,0.0,0.0
2024-10-22 13:20:00+09:00,231.0,231.0,231.0,231.0,1100,0.0,0.0
2024-10-22 14:20:00+09:00,231.0,231.0,231.0,231.0,100,0.0,0.0
2024-10-22 14:25:00+09:00,231.0,231.0,229.0,230.0,10100,0.0,0.0
2024-10-22 14:30:00+09:00,231.0,231.0,231.0,231.0,200,0.0,0.0
2024-10-22 14:35:00+09:00,232.0,233.0,232.0,232.0,9400,0.0,0.0
2024-10-22 14:55:00+09:00,233.0,233.0,233.0,233.0,1400,0.0,0.0
2024-10-23 09:00:00+09:00,234.0,234.0,234.0,234.0,200,0.0,0.0
2024-10-23 10:15:00+09:00,233.0,233.0,233.0,233.0,300,0.0,0.0
2024-10-23 10:20:00+09:00,234.0,234.0,234.0,234.0,100,0.0,0.0
2024-10-23 10:30:00+09:00,233.0,233.0,233.0,233.0,200,0.0,0.0
2024-10-23 11:35:00+09:00,233.0,233.0,233.0,233.0,0,0.0,0.0
2024-10-23 12:30:00+09:00,232.0,233.0,232.0,233.0,1100,0.0,0.0
2024-10-23 13:00:00+09:00,233.0,233.0,233.0,233.0,800,0.0,0.0
2024-10-23 13:15:00+09:00,234.0,234.0,234.0,234.0,200,0.0,0.0
2024-10-23 13:40:00+09:00,234.0,234.0,234.0,234.0,200,0.0,0.0
2024-10-23 13:45:00+09:00,234.0,234.0,234.0,234.0,100,0.0,0.0
2024-10-23 14:00:00+09:00,235.0,235.0,234.0,234.0,300,0.0,0.0
2024-10-23 14:35:00+09:00,233.0,233.0,232.0,232.0,3000,0.0,0.0
2024-10-23 14:40:00+09:00,232.0,232.0,232.0,232.0,1200,0.0,0.0
2024-10-23 14:45:00+09:00,232.0,232.0,232.0,232.0,2100,0.0,0.0
2024-10-23 14:55:00+09:00,232.0,232.0,232.0,232.0,400,0.0,0.0
2024-10-24 09:00:00+09:00,229.0,229.0,228.0,228.0,4000,0.0,0.0
2024-10-24 09:05:00+09:00,228.0,228.0,227.0,227.0,800,0.0,0.0
2024-10-24 09:10:00+09:00,227.0,228.0,227.0,227.0,2100,0.0,0.0
2024-10-24 09:15:00+09:00,227.0,227.0,227.0,227.0,1100,0.0,0.0
2024-10-24 09:20:00+09:00,227.0,227.0,227.0,227.0,1100,0.0,0.0
2024-10-24 09:25:00+09:00,227.0,228.0,227.0,228.0,1300,0.0,0.0
2024-10-24 09:30:00+09:00,228.0,228.0,228.0,228.0,1200,0.0,0.0
2024-10-24 09:35:00+09:00,228.0,228.0,228.0,228.0,100,0.0,0.0
2024-10-24 09:45:00+09:00,227.0,227.0,227.0,227.0,200,0.0,0.0
2024-10-24 09:50:00+09:00,227.0,227.0,227.0,227.0,100,0.0,0.0
2024-10-24 09:55:00+09:00,227.0,227.0,227.0,227.0,6200,0.0,0.0
2024-10-24 10:00:00+09:00,226.0,226.0,226.0,226.0,400,0.0,0.0
2024-10-24 10:05:00+09:00,226.0,226.0,225.0,225.0,1900,0.0,0.0
2024-10-24 10:10:00+09:00,225.0,225.0,225.0,225.0,900,0.0,0.0
2024-10-24 10:20:00+09:00,225.0,229.0,225.0,229.0,11300,0.0,0.0
2024-10-24 10:45:00+09:00,227.0,227.0,227.0,227.0,100,0.0,0.0
2024-10-24 10:50:00+09:00,227.0,227.0,227.0,227.0,100,0.0,0.0
2024-10-24 10:55:00+09:00,227.0,227.0,227.0,227.0,100,0.0,0.0
2024-10-24 11:00:00+09:00,227.0,227.0,227.0,227.0,100,0.0,0.0
2024-10-24 11:05:00+09:00,227.0,227.0,227.0,227.0,100,0.0,0.0
2024-10-24 11:15:00+09:00,227.0,227.0,227.0,227.0,200,0.0,0.0
2024-10-24 11:20:00+09:00,227.0,227.0,227.0,227.0,2000,0.0,0.0
2024-10-24 11:30:00+09:00,227.0,227.0,227.0,227.0,200,0.0,0.0
2024-10-24 11:35:00+09:00,227.0,227.0,227.0,227.0,0,0.0,0.0
2024-10-24 12:30:00+09:00,226.0,227.0,226.0,227.0,36300,0.0,0.0
2024-10-24 12:35:00+09:00,226.0,226.0,226.0,226.0,700,0.0,0.0
2024-10-24 12:40:00+09:00,226.0,226.0,226.0,226.0,100,0.0,0.0
2024-10-24 12:45:00+09:00,226.0,226.0,226.0,226.0,200,0.0,0.0
2024-10-24 12:50:00+09:00,226.0,226.0,226.0,226.0,200,0.0,0.0
2024-10-24 12:55:00+09:00,226.0,226.0,226.0,226.0,100,0.0,0.0
2024-10-24 13:00:00+09:00,226.0,226.0,226.0,226.0,1100,0.0,0.0
2024-10-24 13:10:00+09:00,226.0,226.0,226.0,226.0,400,0.0,0.0
2024-10-24 13:25:00+09:00,226.0,226.0,226.0,226.0,200,0.0,0.0
2024-10-24 13:30:00+09:00,226.0,226.0,225.0,226.0,5400,0.0,0.0
2024-10-24 13:35:00+09:00,227.0,227.0,227.0,227.0,700,0.0,0.0
2024-10-24 13:45:00+09:00,228.0,228.0,228.0,228.0,100,0.0,0.0
2024-10-24 13:50:00+09:00,227.0,227.0,227.0,227.0,100,0.0,0.0
2024-10-24 13:55:00+09:00,227.0,227.0,227.0,227.0,600,0.0,0.0
2024-10-24 14:05:00+09:00,227.0,227.0,227.0,227.0,200,0.0,0.0
2024-10-24 14:10:00+09:00,227.0,227.0,227.0,227.0,200,0.0,0.0
2024-10-24 14:15:00+09:00,227.0,227.0,227.0,227.0,300,0.0,0.0
2024-10-24 14:20:00+09:00,226.0,226.0,226.0,226.0,100,0.0,0.0
2024-10-24 14:25:00+09:00,226.0,226.0,225.0,225.0,200,0.0,0.0
2024-10-24 14:40:00+09:00,225.0,225.0,225.0,225.0,100,0.0,0.0
2024-10-24 14:50:00+09:00,225.0,225.0,225.0,225.0,100,0.0,0.0
2024-10-24 14:55:00+09:00,226.0,226.0,226.0,226.0,900,0.0,0.0
2024-10-25 09:00:00+09:00,227.0,227.0,227.0,227.0,2500,0.0,0.0
2024-10-25 09:25:00+09:00,226.0,226.0,226.0,226.0,600,0.0,0.0
2024-10-25 09:30:00+09:00,225.0,225.0,225.0,225.0,100,0.0,0.0
2024-10-25 09:35:00+09:00,225.0,225.0,225.0,225.0,0,0.0,0.0
2024-10-25 09:45:00+09:00,226.0,226.0,226.0,226.0,0,0.0,0.0
2024-10-25 09:50:00+09:00,225.0,225.0,225.0,225.0,5800,0.0,0.0
2024-10-25 10:25:00+09:00,226.0,226.0,226.0,226.0,100,0.0,0.0
2024-10-25 10:30:00+09:00,225.0,225.0,225.0,225.0,100,0.0,0.0
2024-10-25 10:55:00+09:00,226.0,226.0,226.0,226.0,1000,0.0,0.0
2024-10-25 11:00:00+09:00,225.0,225.0,225.0,225.0,500,0.0,0.0
2024-10-25 11:10:00+09:00,225.0,225.0,225.0,225.0,100,0.0,0.0
2024-10-25 11:25:00+09:00,226.0,226.0,226.0,226.0,100,0.0,0.0
2024-10-25 11:30:00+09:00,225.0,225.0,225.0,225.0,100,0.0,0.0
2024-10-25 11:35:00+09:00,225.0,225.0,225.0,225.0,0,0.0,0.0
2024-10-25 12:30:00+09:00,225.0,225.0,225.0,225.0,8000,0.0,0.0
2024-10-25 12:35:00+09:00,225.0,225.0,224.0,224.0,1200,0.0,0.0
2024-10-25 12:55:00+09:00,224.0,224.0,223.0,223.0,9900,0.0,0.0
2024-10-25 13:00:00+09:00,222.0,222.0,222.0,222.0,400,0.0,0.0
2024-10-25 13:05:00+09:00,222.0,222.0,222.0,222.0,300,0.0,0.0
2024-10-25 13:10:00+09:00,222.0,222.0,222.0,222.0,300,0.0,0.0
2024-10-25 13:15:00+09:00,222.0,222.0,222.0,222.0,300,0.0,0.0
2024-10-25 13:20:00+09:00,222.0,222.0,222.0,222.0,500,0.0,0.0
2024-10-25 13:25:00+09:00,222.0,222.0,222.0,222.0,1100,0.0,0.0
2024-10-25 13:40:00+09:00,221.0,221.0,221.0,221.0,5600,0.0,0.0
2024-10-25 13:45:00+09:00,221.0,221.0,220.0,220.0,900,0.0,0.0
2024-10-25 13:50:00+09:00,220.0,221.0,220.0,221.0,1000,0.0,0.0
2024-10-25 13:55:00+09:00,221.0,221.0,220.0,220.0,2200,0.0,0.0
2024-10-25 14:10:00+09:00,220.0,220.0,220.0,220.0,400,0.0,0.0
2024-10-25 14:15:00+09:00,221.0,222.0,220.0,222.0,2500,0.0,0.0
2024-10-25 14:20:00+09:00,223.0,224.0,223.0,224.0,3000,0.0,0.0
2024-10-25 14:25:00+09:00,222.0,222.0,222.0,222.0,100,0.0,0.0
2024-10-25 14:45:00+09:00,224.0,224.0,224.0,224.0,100,0.0,0.0
2024-10-25 14:55:00+09:00,222.0,223.0,221.0,223.0,600,0.0,0.0
2024-10-28 09:00:00+09:00,222.0,222.0,222.0,222.0,3300,0.0,0.0
2024-10-28 09:05:00+09:00,223.0,223.0,223.0,223.0,100,0.0,0.0
2024-10-28 09:10:00+09:00,223.0,223.0,222.0,223.0,400,0.0,0.0
2024-10-28 09:15:00+09:00,224.0,227.0,224.0,227.0,7100,0.0,0.0
2024-10-28 09:40:00+09:00,224.0,224.0,223.0,223.0,1100,0.0,0.0
2024-10-28 09:45:00+09:00,223.0,223.0,223.0,223.0,100,0.0,0.0
2024-10-28 09:55:00+09:00,223.0,223.0,223.0,223.0,300,0.0,0.0
2024-10-28 10:30:00+09:00,222.0,222.0,220.0,221.0,5600,0.0,0.0
2024-10-28 10:55:00+09:00,221.0,221.0,221.0,221.0,300,0.0,0.0
2024-10-28 11:00:00+09:00,221.0,221.0,221.0,221.0,100,0.0,0.0
2024-10-28 11:15:00+09:00,222.0,222.0,222.0,222.0,0,0.0,0.0
2024-10-28 11:25:00+09:00,222.0,222.0,222.0,222.0,18600,0.0,0.0
2024-10-28 11:30:00+09:00,221.0,221.0,221.0,221.0,5100,0.0,0.0
2024-10-28 11:35:00+09:00,221.0,221.0,221.0,221.0,0,0.0,0.0
2024-10-28 12:30:00+09:00,221.0,221.0,221.0,221.0,24900,0.0,0.0
2024-10-28 12:45:00+09:00,221.0,221.0,221.0,221.0,100,0.0,0.0
2024-10-28 12:50:00+09:00,221.0,221.0,221.0,221.0,100,0.0,0.0
2024-10-28 13:00:00+09:00,221.0,221.0,221.0,221.0,100,0.0,0.0
2024-10-28 13:05:00+09:00,222.0,222.0,222.0,222.0,100,0.0,0.0
2024-10-28 13:15:00+09:00,221.0,221.0,221.0,221.0,100,0.0,0.0
2024-10-28 13:25:00+09:00,221.0,222.0,221.0,222.0,2300,0.0,0.0
2024-10-28 14:10:00+09:00,222.0,222.0,222.0,222.0,1200,0.0,0.0
2024-10-28 14:20:00+09:00,223.0,223.0,223.0,223.0,1800,0.0,0.0
2024-10-28 14:30:00+09:00,224.0,224.0,224.0,224.0,200,0.0,0.0
2024-10-28 14:40:00+09:00,224.0,224.0,224.0,224.0,100,0.0,0.0
2024-10-28 14:45:00+09:00,224.0,224.0,224.0,224.0,1000,0.0,0.0
2024-10-28 14:55:00+09:00,224.0,224.0,223.0,224.0,500,0.0,0.0
2024-10-29 09:00:00+09:00,224.0,224.0,224.0,224.0,27500,0.0,0.0
2024-10-29 09:10:00+09:00,224.0,224.0,224.0,224.0,300,0.0,0.0
2024-10-29 09:15:00+09:00,224.0,224.0,224.0,224.0,500,0.0,0.0
2024-10-29 09:20:00+09:00,224.0,224.0,224.0,224.0,300,0.0,0.0
2024-10-29 09:25:00+09:00,223.0,223.0,223.0,223.0,300,0.0,0.0
2024-10-29 09:30:00+09:00,223.0,223.0,223.0,223.0,500,0.0,0.0
2024-10-29 09:35:00+09:00,223.0,223.0,223.0,223.0,600,0.0,0.0
2024-10-29 09:40:00+09:00,223.0,223.0,223.0,223.0,0,0.0,0.0
2024-10-29 09:45:00+09:00,223.0,223.0,223.0,223.0,31000,0.0,0.0
2024-10-29 09:50:00+09:00,223.0,223.0,223.0,223.0,600,0.0,0.0
2024-10-29 10:00:00+09:00,223.0,223.0,223.0,223.0,600,0.0,0.0
2024-10-29 10:20:00+09:00,223.0,223.0,223.0,223.0,1900,0.0,0.0
2024-10-29 10:40:00+09:00,224.0,227.0,224.0,227.0,3600,0.0,0.0
2024-10-29 10:45:00+09:00,226.0,226.0,224.0,224.0,3600,0.0,0.0
2024-10-29 10:55:00+09:00,225.0,225.0,225.0,225.0,400,0.0,0.0
2024-10-29 11:25:00+09:00,225.0,225.0,225.0,225.0,700,0.0,0.0
2024-10-29 11:30:00+09:00,224.0,224.0,224.0,224.0,42400,0.0,0.0
2024-10-29 11:35:00+09:00,224.0,224.0,224.0,224.0,0,0.0,0.0
2024-10-29 12:30:00+09:00,223.0,223.0,223.0,223.0,112700,0.0,0.0
2024-10-29 12:45:00+09:00,223.0,223.0,223.0,223.0,100,0.0,0.0
2024-10-29 12:55:00+09:00,223.0,223.0,223.0,223.0,100,0.0,0.0
2024-10-29 13:05:00+09:00,223.0,223.0,223.0,223.0,200,0.0,0.0
2024-10-29 13:15:00+09:00,223.0,223.0,223.0,223.0,200,0.0,0.0
2024-10-29 13:25:00+09:00,223.0,224.0,223.0,224.0,1900,0.0,0.0
2024-10-29 13:35:00+09:00,225.0,226.0,225.0,226.0,2000,0.0,0.0
2024-10-29 13:45:00+09:00,225.0,225.0,224.0,224.0,400,0.0,0.0
2024-10-29 13:50:00+09:00,224.0,224.0,224.0,224.0,100,0.0,0.0
2024-10-29 13:55:00+09:00,224.0,224.0,224.0,224.0,500,0.0,0.0
2024-10-29 14:20:00+09:00,225.0,225.0,225.0,225.0,500,0.0,0.0
2024-10-29 14:30:00+09:00,225.0,225.0,225.0,225.0,900,0.0,0.0
2024-10-29 14:40:00+09:00,226.0,226.0,226.0,226.0,2000,0.0,0.0
2024-10-29 14:50:00+09:00,226.0,226.0,226.0,226.0,100,0.0,0.0
2024-10-29 14:55:00+09:00,225.0,226.0,225.0,226.0,2600,0.0,0.0
2024-10-30 09:00:00+09:00,220.0,220.0,220.0,220.0,12300,0.0,0.0
2024-10-30 09:05:00+09:00,219.0,219.0,219.0,219.0,400,0.0,0.0
2024-10-30 09:10:00+09:00,219.0,219.0,219.0,219.0,400,0.0,0.0
2024-10-30 09:15:00+09:00,219.0,219.0,218.0,218.0,1800,0.0,0.0
2024-10-30 09:20:00+09:00,218.0,219.0,218.0,219.0,1400,0.0,0.0
2024-10-30 09:30:00+09:00,219.0,219.0,219.0,219.0,100,0.0,0.0
2024-10-30 09:35:00+09:00,220.0,220.0,220.0,220.0,500,0.0,0.0
2024-10-30 09:45:00+09:00,219.0,219.0,219.0,219.0,600,0.0,0.0
2024-10-30 09:50:00+09:00,219.0,219.0,219.0,219.0,100,0.0,0.0
2024-10-30 09:55:00+09:00,218.0,218.0,218.0,218.0,300,0.0,0.0
2024-10-30 10:00:00+09:00,218.0,218.0,218.0,218.0,200,0.0,0.0
2024-10-30 10:05:00+09:00,218.0,218.0,218.0,218.0,500,0.0,0.0
2024-10-30 10:10:00+09:00,218.0,218.0,218.0,218.0,100,0.0,0.0
2024-10-30 10:15:00+09:00,219.0,219.0,219.0,219.0,1000,0.0,0.0
2024-10-30 10:20:00+09:00,220.0,220.0,220.0,220.0,2700,0.0,0.0
2024-10-30 10:25:00+09:00,221.0,221.0,221.0,221.0,100,0.0,0.0
2024-10-30 10:50:00+09:00,220.0,220.0,220.0,220.0,300,0.0,0.0
2024-10-30 11:00:00+09:00,220.0,220.0,220.0,220.0,300,0.0,0.0
2024-10-30 11:10:00+09:00,220.0,220.0,220.0,220.0,300,0.0,0.0
2024-10-30 11:15:00+09:00,221.0,221.0,221.0,221.0,200,0.0,0.0
2024-10-30 11:20:00+09:00,220.0,222.0,220.0,222.0,2300,0.0,0.0
2024-10-30 11:25:00+09:00,222.0,223.0,222.0,222.0,900,0.0,0.0
2024-10-30 11:30:00+09:00,224.0,224.0,224.0,224.0,7100,0.0,0.0
2024-10-30 11:35:00+09:00,224.0,224.0,224.0,224.0,0,0.0,0.0
2024-10-30 12:30:00+09:00,222.0,222.0,222.0,222.0,35300,0.0,0.0
2024-10-30 12:40:00+09:00,222.0,222.0,222.0,222.0,100,0.0,0.0
2024-10-30 12:45:00+09:00,222.0,222.0,221.0,221.0,600,0.0,0.0
2024-10-30 12:50:00+09:00,221.0,221.0,221.0,221.0,200,0.0,0.0
2024-10-30 12:55:00+09:00,221.0,221.0,220.0,220.0,1000,0.0,0.0
2024-10-30 13:00:00+09:00,220.0,220.0,220.0,220.0,300,0.0,0.0
2024-10-30 13:05:00+09:00,220.0,220.0,220.0,220.0,300,0.0,0.0
2024-10-30 13:10:00+09:00,220.0,220.0,220.0,220.0,100,0.0,0.0
2024-10-30 13:15:00+09:00,220.0,220.0,220.0,220.0,100,0.0,0.0
2024-10-30 13:20:00+09:00,220.0,220.0,220.0,220.0,300,0.0,0.0
2024-10-30 13:25:00+09:00,220.0,220.0,220.0,220.0,200,0.0,0.0
2024-10-30 13:30:00+09:00,220.0,220.0,220.0,220.0,300,0.0,0.0
2024-10-30 13:35:00+09:00,220.0,220.0,220.0,220.0,300,0.0,0.0
2024-10-30 13:40:00+09:00,220.0,220.0,220.0,220.0,500,0.0,0.0
2024-10-30 13:45:00+09:00,220.0,220.0,220.0,220.0,200,0.0,0.0
2024-10-30 13:50:00+09:00,220.0,220.0,219.0,219.0,1500,0.0,0.0
2024-10-30 13:55:00+09:00,219.0,219.0,219.0,219.0,300,0.0,0.0
2024-10-30 14:00:00+09:00,219.0,219.0,219.0,219.0,100,0.0,0.0
2024-10-30 14:05:00+09:00,219.0,219.0,219.0,219.0,400,0.0,0.0
2024-10-30 14:10:00+09:00,219.0,219.0,219.0,219.0,800,0.0,0.0
2024-10-30 14:15:00+09:00,219.0,219.0,219.0,219.0,200,0.0,0.0
2024-10-30 14:20:00+09:00,219.0,219.0,219.0,219.0,3100,0.0,0.0
2024-10-30 14:25:00+09:00,218.0,218.0,218.0,218.0,600,0.0,0.0
2024-10-30 14:30:00+09:00,218.0,219.0,218.0,218.0,600,0.0,0.0
2024-10-30 14:35:00+09:00,218.0,218.0,218.0,218.0,500,0.0,0.0
2024-10-30 14:40:00+09:00,218.0,218.0,218.0,218.0,900,0.0,0.0
2024-10-30 14:45:00+09:00,218.0,218.0,218.0,218.0,400,0.0,0.0
2024-10-30 14:50:00+09:00,219.0,219.0,218.0,218.0,0,0.0,0.0
2024-10-30 14:55:00+09:00,218.0,218.0,218.0,218.0,53500,0.0,0.0
2024-10-31 09:00:00+09:00,214.0,214.0,213.0,213.0,4800,0.0,0.0
2024-10-31 09:10:00+09:00,214.0,214.0,213.0,213.0,500,0.0,0.0
2024-10-31 09:15:00+09:00,213.0,214.0,213.0,214.0,800,0.0,0.0
2024-10-31 09:20:00+09:00,213.0,213.0,213.0,213.0,500,0.0,0.0
2024-10-31 09:25:00+09:00,213.0,213.0,213.0,213.0,700,0.0,0.0
2024-10-31 09:30:00+09:00,213.0,213.0,213.0,213.0,1000,0.0,0.0
2024-10-31 09:35:00+09:00,213.0,213.0,213.0,213.0,100,0.0,0.0
2024-10-31 09:55:00+09:00,214.0,214.0,214.0,214.0,100,0.0,0.0
2024-10-31 10:25:00+09:00,214.0,214.0,214.0,214.0,1000,0.0,0.0
2024-10-31 10:30:00+09:00,214.0,214.0,214.0,214.0,600,0.0,0.0
2024-10-31 10:35:00+09:00,214.0,214.0,214.0,214.0,100,0.0,0.0
2024-10-31 11:05:00+09:00,214.0,214.0,214.0,214.0,1400,0.0,0.0
2024-10-31 11:10:00+09:00,214.0,214.0,214.0,214.0,200,0.0,0.0
2024-10-31 11:15:00+09:00,215.0,215.0,215.0,215.0,600,0.0,0.0
2024-10-31 11:25:00+09:00,216.0,216.0,216.0,216.0,500,0.0,0.0
2024-10-31 11:35:00+09:00,216.0,216.0,216.0,216.0,0,0.0,0.0
2024-10-31 12:30:00+09:00,216.0,217.0,216.0,216.0,13200,0.0,0.0
2024-10-31 12:45:00+09:00,216.0,216.0,216.0,216.0,700,0.0,0.0
2024-10-31 13:10:00+09:00,216.0,216.0,216.0,216.0,1800,0.0,0.0
2024-10-31 13:25:00+09:00,216.0,216.0,216.0,216.0,1000,0.0,0.0
2024-10-31 13:55:00+09:00,215.0,215.0,215.0,215.0,600,0.0,0.0
2024-10-31 14:15:00+09:00,216.0,216.0,216.0,216.0,2300,0.0,0.0
2024-10-31 14:20:00+09:00,217.0,217.0,216.0,216.0,1000,0.0,0.0
2024-10-31 14:30:00+09:00,217.0,217.0,216.0,216.0,200,0.0,0.0
2024-10-31 14:40:00+09:00,217.0,217.0,216.0,216.0,900,0.0,0.0
2024-10-31 14:50:00+09:00,216.0,217.0,216.0,216.0,2600,0.0,0.0
2024-10-31 14:55:00+09:00,216.0,216.0,216.0,216.0,1100,0.0,0.0
2024-11-01 09:00:00+09:00,214.0,214.0,214.0,214.0,1200,0.0,0.0
2024-11-01 09:10:00+09:00,213.0,213.0,213.0,213.0,700,0.0,0.0
2024-11-01 09:15:00+09:00,214.0,214.0,214.0,214.0,1500,0.0,0.0
2024-11-01 09:20:00+09:00,215.0,215.0,215.0,215.0,100,0.0,0.0
2024-11-01 09:35:00+09:00,215.0,215.0,215.0,215.0,1200,0.0,0.0
2024-11-01 09:45:00+09:00,216.0,216.0,215.0,215.0,200,0.0,0.0
2024-11-01 10:00:00+09:00,215.0,215.0,215.0,215.0,600,0.0,0.0
2024-11-01 10:25:00+09:00,216.0,216.0,216.0,216.0,100,0.0,0.0
2024-11-01 10:35:00+09:00,216.0,216.0,216.0,216.0,400,0.0,0.0
2024-11-01 10:45:00+09:00,215.0,215.0,215.0,215.0,1200,0.0,0.0
2024-11-01 11:25:00+09:00,214.0,214.0,214.0,214.0,700,0.0,0.0
2024-11-01 11:35:00+09:00,214.0,214.0,214.0,214.0,0,0.0,0.0
2024-11-01 12:30:00+09:00,214.0,215.0,214.0,215.0,10500,0.0,0.0
2024-11-01 12:35:00+09:00,215.0,215.0,214.0,214.0,1300,0.0,0.0
2024-11-01 12:40:00+09:00,214.0,215.0,214.0,215.0,1200,0.0,0.0
2024-11-01 13:05:00+09:00,216.0,216.0,215.0,215.0,800,0.0,0.0
2024-11-01 13:10:00+09:00,215.0,215.0,215.0,215.0,2300,0.0,0.0
2024-11-01 14:00:00+09:00,214.0,214.0,214.0,214.0,200,0.0,0.0
2024-11-01 14:10:00+09:00,214.0,214.0,214.0,214.0,3000,0.0,0.0
2024-11-01 14:15:00+09:00,215.0,215.0,214.0,214.0,1900,0.0,0.0
2024-11-01 14:30:00+09:00,215.0,215.0,215.0,215.0,500,0.0,0.0
2024-11-01 14:45:00+09:00,215.0,215.0,215.0,215.0,100,0.0,0.0
2024-11-01 14:50:00+09:00,215.0,215.0,215.0,215.0,100,0.0,0.0
2024-11-01 14:55:00+09:00,215.0,215.0,214.0,215.0,0,0.0,0.0
