Datetime,Open,High,Low,Close,Volume,Dividends,Stock Splits
2024-10-03 09:00:00+09:00,2639.5,2639.5,2608.0,2620.5,53400,0.0,0.0
2024-10-03 09:05:00+09:00,2619.5,2625.5,2610.5,2625.5,33800,0.0,0.0
2024-10-03 09:10:00+09:00,2625.5,2627.0,2609.0,2609.0,11200,0.0,0.0
2024-10-03 09:15:00+09:00,2609.5,2609.5,2598.5,2609.0,14100,0.0,0.0
2024-10-03 09:20:00+09:00,2609.0,2614.0,2607.0,2608.5,7700,0.0,0.0
2024-10-03 09:25:00+09:00,2608.5,2610.5,2604.0,2607.0,8600,0.0,0.0
2024-10-03 09:30:00+09:00,2606.5,2607.5,2591.5,2591.5,16000,0.0,0.0
2024-10-03 09:35:00+09:00,2591.5,2592.0,2582.5,2582.5,13000,0.0,0.0
2024-10-03 09:40:00+09:00,2582.5,2583.5,2577.5,2581.0,13500,0.0,0.0
2024-10-03 09:45:00+09:00,2582.5,2588.0,2582.5,2583.5,10500,0.0,0.0
2024-10-03 09:50:00+09:00,2584.5,2587.5,2582.0,2584.0,11200,0.0,0.0
2024-10-03 09:55:00+09:00,2586.0,2587.0,2583.5,2587.0,10500,0.0,0.0
2024-10-03 10:00:00+09:00,2588.0,2591.0,2586.0,2591.0,9500,0.0,0.0
2024-10-03 10:05:00+09:00,2591.5,2595.0,2590.5,2590.5,8500,0.0,0.0
2024-10-03 10:10:00+09:00,2590.5,2593.5,2587.0,2589.5,10200,0.0,0.0
2024-10-03 10:15:00+09:00,2589.5,2597.0,2589.0,2595.5,10300,0.0,0.0
2024-10-03 10:20:00+09:00,2593.5,2598.5,2593.0,2596.5,7100,0.0,0.0
2024-10-03 10:25:00+09:00,2597.0,2599.0,2593.5,2594.0,4200,0.0,0.0
2024-10-03 10:30:00+09:00,2594.0,2596.0,2586.0,2595.0,11200,0.0,0.0
2024-10-03 10:35:00+09:00,2596.5,2596.5,2586.5,2588.5,5700,0.0,0.0
2024-10-03 10:40:00+09:00,2589.5,2590.5,2585.0,2590.5,5400,0.0,0.0
2024-10-03 10:45:00+09:00,2590.5,2590.5,2581.0,2583.5,6200,0.0,0.0
2024-10-03 10:50:00+09:00,2583.0,2588.0,2582.5,2586.5,7000,0.0,0.0
2024-10-03 10:55:00+09:00,2586.0,2587.0,2578.0,2581.0,6000,0.0,0.0
2024-10-03 11:00:00+09:00,2580.5,2581.0,2571.5,2572.0,9400,0.0,0.0
2024-10-03 11:05:00+09:00,2573.0,2581.5,2573.0,2581.5,6700,0.0,0.0
2024-10-03 11:10:00+09:00,2582.5,2583.5,2577.5,2577.5,6700,0.0,0.0
2024-10-03 11:15:00+09:00,2577.5,2577.5,2570.0,2575.5,7300,0.0,0.0
2024-10-03 11:20:00+09:00,2576.0,2577.0,2573.5,2573.5,5900,0.0,0.0
2024-10-03 11:25:00+09:00,2573.5,2574.5,2570.5,2572.0,7700,0.0,0.0
2024-10-03 11:30:00+09:00,2571.5,2571.5,2571.5,2571.5,1100,0.0,0.0
2024-10-03 11:35:00+09:00,2571.5,2571.5,2571.5,2571.5,0,0.0,0.0
2024-10-03 12:30:00+09:00,2574.5,2579.5,2560.5,2560.5,360800,0.0,0.0
2024-10-03 12:35:00+09:00,2562.0,2566.0,2562.0,2563.5,6200,0.0,0.0
2024-10-03 12:40:00+09:00,2564.5,2565.0,2558.0,2559.5,10400,0.0,0.0
2024-10-03 12:45:00+09:00,2558.5,2563.0,2558.5,2561.5,10000,0.0,0.0
2024-10-03 12:50:00+09:00,2560.0,2560.5,2556.0,2556.5,5100,0.0,0.0
2024-10-03 12:55:00+09:00,2557.0,2563.0,2557.0,2563.0,6100,0.0,0.0
2024-10-03 13:00:00+09:00,2563.5,2565.5,2560.0,2561.0,6100,0.0,0.0
2024-10-03 13:05:00+09:00,2560.0,2562.0,2559.5,2561.0,4000,0.0,0.0
2024-10-03 13:10:00+09:00,2560.5,2562.5,2559.5,2561.0,5500,0.0,0.0
2024-10-03 13:15:00+09:00,2560.5,2561.0,2558.5,2558.5,5400,0.0,0.0
2024-10-03 13:20:00+09:00,2559.0,2560.5,2558.0,2559.5,6400,0.0,0.0
2024-10-03 13:25:00+09:00,2559.5,2559.5,2557.0,2558.0,3700,0.0,0.0
2024-10-03 13:30:00+09:00,2558.5,2562.0,2556.5,2562.0,6300,0.0,0.0
2024-10-03 13:35:00+09:00,2562.0,2563.0,2555.0,2556.0,8200,0.0,0.0
2024-10-03 13:40:00+09:00,2557.5,2559.5,2557.5,2559.0,4500,0.0,0.0
2024-10-03 13:45:00+09:00,2559.5,2561.0,2554.0,2554.0,10600,0.0,0.0
2024-10-03 13:50:00+09:00,2554.0,2558.5,2554.0,2556.0,8600,0.0,0.0
2024-10-03 13:55:00+09:00,2556.0,2558.5,2555.5,2558.0,5700,0.0,0.0
2024-10-03 14:00:00+09:00,2557.5,2559.0,2550.5,2551.0,11500,0.0,0.0
2024-10-03 14:05:00+09:00,2551.5,2553.0,2549.5,2550.5,14700,0.0,0.0
2024-10-03 14:10:00+09:00,2550.0,2552.5,2544.5,2552.5,12600,0.0,0.0
2024-10-03 14:15:00+09:00,2555.0,2556.5,2551.0,2556.5,15200,0.0,0.0
2024-10-03 14:20:00+09:00,2556.5,2561.5,2554.5,2556.0,15100,0.0,0.0
2024-10-03 14:25:00+09:00,2556.5,2556.5,2554.0,2556.0,11700,0.0,0.0
2024-10-03 14:30:00+09:00,2556.5,2558.5,2554.0,2554.5,11800,0.0,0.0
2024-10-03 14:35:00+09:00,2555.0,2557.0,2553.5,2556.5,13400,0.0,0.0
2024-10-03 14:40:00+09:00,2557.0,2558.5,2555.5,2555.5,16600,0.0,0.0
2024-10-03 14:45:00+09:00,2555.5,2556.0,2552.5,2554.0,15200,0.0,0.0
2024-10-03 14:50:00+09:00,2554.5,2557.5,2553.5,2554.0,25700,0.0,0.0
2024-10-03 14:55:00+09:00,2553.5,2557.0,2550.0,2552.5,30800,0.0,0.0
2024-10-04 09:00:00+09:00,2550.0,2564.0,2544.5,2564.0,32700,0.0,0.0
2024-10-04 09:05:00+09:00,2565.0,2571.0,2564.5,2566.0,6300,0.0,0.0
2024-10-04 09:10:00+09:00,2566.5,2579.0,2566.5,2575.5,8200,0.0,0.0
2024-10-04 09:15:00+09:00,2575.5,2580.0,2573.5,2580.0,5400,0.0,0.0
2024-10-04 09:20:00+09:00,2582.5,2582.5,2573.0,2575.5,9300,0.0,0.0
2024-10-04 09:25:00+09:00,2575.5,2577.5,2571.5,2576.5,3400,0.0,0.0
2024-10-04 09:30:00+09:00,2578.5,2578.5,2572.0,2575.5,6200,0.0,0.0
2024-10-04 09:35:00+09:00,2576.5,2576.5,2571.0,2573.0,6300,0.0,0.0
2024-10-04 09:40:00+09:00,2571.5,2573.0,2568.0,2568.0,3300,0.0,0.0
2024-10-04 09:45:00+09:00,2568.0,2573.0,2568.0,2572.5,2800,0.0,0.0
2024-10-04 09:50:00+09:00,2572.0,2574.0,2570.5,2570.5,3100,0.0,0.0
2024-10-04 09:55:00+09:00,2571.0,2572.5,2567.5,2571.0,5200,0.0,0.0
2024-10-04 10:00:00+09:00,2570.0,2570.0,2566.0,2568.5,3600,0.0,0.0
2024-10-04 10:05:00+09:00,2568.5,2573.0,2566.0,2572.0,7200,0.0,0.0
2024-10-04 10:10:00+09:00,2572.5,2573.5,2569.0,2573.5,3800,0.0,0.0
2024-10-04 10:15:00+09:00,2575.0,2575.5,2572.0,2572.0,3900,0.0,0.0
2024-10-04 10:20:00+09:00,2572.5,2576.0,2570.0,2576.0,2900,0.0,0.0
2024-10-04 10:25:00+09:00,2575.0,2576.0,2573.0,2574.5,2800,0.0,0.0
2024-10-04 10:30:00+09:00,2575.0,2580.5,2575.0,2578.0,7300,0.0,0.0
2024-10-04 10:35:00+09:00,2579.0,2581.5,2578.5,2579.5,4700,0.0,0.0
2024-10-04 10:40:00+09:00,2579.0,2581.5,2577.5,2580.5,2900,0.0,0.0
2024-10-04 10:45:00+09:00,2579.5,2583.5,2579.5,2581.5,2900,0.0,0.0
2024-10-04 10:50:00+09:00,2580.0,2582.5,2579.0,2579.0,6600,0.0,0.0
2024-10-04 10:55:00+09:00,2580.0,2580.5,2576.0,2580.5,3100,0.0,0.0
2024-10-04 11:00:00+09:00,2579.5,2580.5,2575.0,2575.0,5100,0.0,0.0
2024-10-04 11:05:00+09:00,2575.5,2580.5,2574.5,2580.5,2500,0.0,0.0
2024-10-04 11:10:00+09:00,2581.0,2584.0,2576.5,2576.5,10000,0.0,0.0
2024-10-04 11:15:00+09:00,2577.5,2579.5,2576.5,2578.0,4700,0.0,0.0
2024-10-04 11:20:00+09:00,2578.5,2581.5,2577.5,2579.5,4400,0.0,0.0
2024-10-04 11:25:00+09:00,2578.5,2586.0,2578.5,2585.5,6600,0.0,0.0
2024-10-04 11:30:00+09:00,2586.0,2586.0,2586.0,2586.0,1200,0.0,0.0
2024-10-04 11:35:00+09:00,2586.0,2586.0,2586.0,2586.0,0,0.0,0.0
2024-10-04 12:30:00+09:00,2579.5,2582.5,2571.0,2573.0,195900,0.0,0.0
2024-10-04 12:35:00+09:00,2573.0,2581.0,2573.0,2581.0,5800,0.0,0.0
2024-10-04 12:40:00+09:00,2582.0,2582.0,2578.5,2578.5,6100,0.0,0.0
2024-10-04 12:45:00+09:00,2578.5,2580.5,2576.0,2579.0,4900,0.0,0.0
2024-10-04 12:50:00+09:00,2579.5,2579.5,2577.0,2577.0,4600,0.0,0.0
2024-10-04 12:55:00+09:00,2577.0,2578.0,2577.0,2578.0,4400,0.0,0.0
2024-10-04 13:00:00+09:00,2578.0,2578.5,2575.5,2578.5,5100,0.0,0.0
2024-10-04 13:05:00+09:00,2578.0,2578.0,2576.0,2577.0,3600,0.0,0.0
2024-10-04 13:10:00+09:00,2577.0,2581.5,2577.0,2579.5,6100,0.0,0.0
2024-10-04 13:15:00+09:00,2579.0,2579.5,2572.0,2572.0,6100,0.0,0.0
2024-10-04 13:20:00+09:00,2573.0,2573.5,2568.5,2569.5,10700,0.0,0.0
2024-10-04 13:25:00+09:00,2569.5,2571.0,2569.5,2571.0,4600,0.0,0.0
2024-10-04 13:30:00+09:00,2571.5,2576.0,2570.0,2576.0,5200,0.0,0.0
2024-10-04 13:35:00+09:00,2577.0,2578.0,2575.0,2575.0,7000,0.0,0.0
2024-10-04 13:40:00+09:00,2575.0,2576.0,2573.0,2573.0,7100,0.0,0.0
2024-10-04 13:45:00+09:00,2572.0,2572.0,2567.0,2567.0,10300,0.0,0.0
2024-10-04 13:50:00+09:00,2567.0,2569.5,2565.0,2566.5,7700,0.0,0.0
2024-10-04 13:55:00+09:00,2566.5,2569.0,2564.5,2569.0,6600,0.0,0.0
2024-10-04 14:00:00+09:00,2567.5,2583.5,2567.5,2582.5,10700,0.0,0.0
2024-10-04 14:05:00+09:00,2584.0,2585.5,2581.0,2583.0,9500,0.0,0.0
2024-10-04 14:10:00+09:00,2584.0,2584.5,2581.5,2583.5,8300,0.0,0.0
2024-10-04 14:15:00+09:00,2584.0,2589.5,2584.0,2588.5,9000,0.0,0.0
2024-10-04 14:20:00+09:00,2589.5,2593.5,2589.0,2593.0,5600,0.0,0.0
2024-10-04 14:25:00+09:00,2593.0,2593.5,2588.5,2589.0,8800,0.0,0.0
2024-10-04 14:30:00+09:00,2590.5,2596.0,2588.0,2593.5,9000,0.0,0.0
2024-10-04 14:35:00+09:00,2593.5,2595.5,2588.5,2593.5,11700,0.0,0.0
2024-10-04 14:40:00+09:00,2593.0,2596.0,2590.5,2595.0,12600,0.0,0.0
2024-10-04 14:45:00+09:00,2594.0,2597.0,2592.0,2595.5,12800,0.0,0.0
2024-10-04 14:50:00+09:00,2595.5,2596.0,2587.5,2590.0,13700,0.0,0.0
2024-10-04 14:55:00+09:00,2589.5,2591.5,2583.0,2583.0,38200,0.0,0.0
2024-10-07 09:00:00+09:00,2649.5,2649.5,2635.0,2646.0,48100,0.0,0.0
2024-10-07 09:05:00+09:00,2647.5,2658.0,2643.5,2658.0,13200,0.0,0.0
2024-10-07 09:10:00+09:00,2656.5,2682.0,2656.5,2672.5,15600,0.0,0.0
2024-10-07 09:15:00+09:00,2673.0,2684.0,2671.0,2671.0,13500,0.0,0.0
2024-10-07 09:20:00+09:00,2669.5,2674.0,2669.0,2673.0,5200,0.0,0.0
2024-10-07 09:25:00+09:00,2674.5,2679.0,2667.0,2669.0,21100,0.0,0.0
2024-10-07 09:30:00+09:00,2670.0,2674.5,2663.5,2670.5,11600,0.0,0.0
2024-10-07 09:35:00+09:00,2670.5,2677.5,2664.5,2664.5,13600,0.0,0.0
2024-10-07 09:40:00+09:00,2662.5,2666.0,2656.5,2663.5,9500,0.0,0.0
2024-10-07 09:45:00+09:00,2664.0,2667.0,2655.0,2663.0,24300,0.0,0.0
2024-10-07 09:50:00+09:00,2662.5,2664.0,2659.5,2662.0,11500,0.0,0.0
2024-10-07 09:55:00+09:00,2663.0,2663.0,2659.5,2660.5,6100,0.0,0.0
2024-10-07 10:00:00+09:00,2660.0,2664.5,2658.5,2662.0,8700,0.0,0.0
2024-10-07 10:05:00+09:00,2661.0,2666.5,2661.0,2665.5,9800,0.0,0.0
2024-10-07 10:10:00+09:00,2665.0,2670.0,2662.5,2667.0,33700,0.0,0.0
2024-10-07 10:15:00+09:00,2667.5,2677.5,2666.0,2677.5,17000,0.0,0.0
2024-10-07 10:20:00+09:00,2677.5,2683.5,2676.5,2681.0,12400,0.0,0.0
2024-10-07 10:25:00+09:00,2680.0,2684.5,2674.0,2674.0,16700,0.0,0.0
2024-10-07 10:30:00+09:00,2675.5,2684.5,2675.0,2684.5,6500,0.0,0.0
2024-10-07 10:35:00+09:00,2685.0,2688.0,2681.0,2683.5,13400,0.0,0.0
2024-10-07 10:40:00+09:00,2683.0,2689.0,2680.5,2682.0,10200,0.0,0.0
2024-10-07 10:45:00+09:00,2683.0,2686.5,2680.0,2683.0,10600,0.0,0.0
2024-10-07 10:50:00+09:00,2684.0,2690.0,2683.5,2688.5,9400,0.0,0.0
2024-10-07 10:55:00+09:00,2686.0,2687.0,2675.0,2681.5,13000,0.0,0.0
2024-10-07 11:00:00+09:00,2682.5,2687.0,2681.0,2687.0,4500,0.0,0.0
2024-10-07 11:05:00+09:00,2687.0,2694.5,2687.0,2692.0,11500,0.0,0.0
2024-10-07 11:10:00+09:00,2693.0,2694.5,2683.5,2685.5,15700,0.0,0.0
2024-10-07 11:15:00+09:00,2687.0,2688.0,2682.0,2685.0,10600,0.0,0.0
2024-10-07 11:20:00+09:00,2684.5,2687.0,2683.0,2686.5,7500,0.0,0.0
2024-10-07 11:25:00+09:00,2685.5,2686.0,2678.0,2683.0,8600,0.0,0.0
2024-10-07 11:30:00+09:00,2683.5,2684.5,2683.5,2684.5,800,0.0,0.0
2024-10-07 11:35:00+09:00,2684.5,2684.5,2684.5,2684.5,0,0.0,0.0
2024-10-07 12:30:00+09:00,2690.0,2691.5,2661.0,2661.0,451600,0.0,0.0
2024-10-07 12:35:00+09:00,2662.5,2665.5,2660.5,2661.5,9200,0.0,0.0
2024-10-07 12:40:00+09:00,2660.0,2670.5,2660.0,2668.0,10800,0.0,0.0
2024-10-07 12:45:00+09:00,2669.0,2673.0,2665.0,2669.5,8500,0.0,0.0
2024-10-07 12:50:00+09:00,2669.0,2674.0,2668.5,2669.5,9700,0.0,0.0
2024-10-07 12:55:00+09:00,2668.5,2674.5,2664.5,2664.5,12300,0.0,0.0
2024-10-07 13:00:00+09:00,2664.0,2665.5,2664.0,2665.5,5500,0.0,0.0
2024-10-07 13:05:00+09:00,2666.0,2666.5,2657.5,2658.0,8900,0.0,0.0
2024-10-07 13:10:00+09:00,2655.0,2655.5,2650.5,2655.5,12400,0.0,0.0
2024-10-07 13:15:00+09:00,2656.5,2660.0,2654.5,2660.0,7600,0.0,0.0
2024-10-07 13:20:00+09:00,2660.0,2665.0,2658.0,2663.5,6500,0.0,0.0
2024-10-07 13:25:00+09:00,2664.5,2666.5,2663.0,2665.5,8700,0.0,0.0
2024-10-07 13:30:00+09:00,2666.0,2671.0,2662.5,2663.5,13000,0.0,0.0
2024-10-07 13:35:00+09:00,2663.5,2664.5,2651.0,2651.0,9200,0.0,0.0
2024-10-07 13:40:00+09:00,2652.5,2660.5,2651.5,2656.5,10500,0.0,0.0
2024-10-07 13:45:00+09:00,2656.0,2658.5,2655.0,2655.0,6000,0.0,0.0
2024-10-07 13:50:00+09:00,2654.5,2658.0,2652.0,2653.5,10300,0.0,0.0
2024-10-07 13:55:00+09:00,2652.5,2654.5,2651.0,2651.0,8500,0.0,0.0
2024-10-07 14:00:00+09:00,2651.5,2655.0,2648.5,2655.0,12400,0.0,0.0
2024-10-07 14:05:00+09:00,2654.0,2655.5,2652.5,2653.5,8900,0.0,0.0
2024-10-07 14:10:00+09:00,2653.0,2662.5,2653.0,2657.0,12300,0.0,0.0
2024-10-07 14:15:00+09:00,2657.5,2660.0,2654.0,2654.0,13500,0.0,0.0
2024-10-07 14:20:00+09:00,2655.0,2656.0,2651.5,2655.0,12300,0.0,0.0
2024-10-07 14:25:00+09:00,2655.5,2660.5,2655.0,2660.5,11300,0.0,0.0
2024-10-07 14:30:00+09:00,2659.5,2661.5,2654.5,2654.5,9000,0.0,0.0
2024-10-07 14:35:00+09:00,2654.5,2657.0,2651.5,2657.0,15100,0.0,0.0
2024-10-07 14:40:00+09:00,2657.5,2660.0,2655.0,2655.5,12400,0.0,0.0
2024-10-07 14:45:00+09:00,2655.5,2659.0,2653.0,2653.0,26400,0.0,0.0
2024-10-07 14:50:00+09:00,2653.0,2656.5,2650.0,2653.5,32200,0.0,0.0
2024-10-07 14:55:00+09:00,2653.0,2672.0,2653.0,2672.0,64200,0.0,0.0
2024-10-08 09:00:00+09:00,2600.0,2606.5,2587.5,2597.5,57800,0.0,0.0
2024-10-08 09:05:00+09:00,2601.0,2604.5,2594.5,2594.5,13000,0.0,0.0
2024-10-08 09:10:00+09:00,2594.0,2603.5,2589.0,2601.0,7300,0.0,0.0
2024-10-08 09:15:00+09:00,2601.0,2604.0,2598.5,2598.5,7000,0.0,0.0
2024-10-08 09:20:00+09:00,2598.5,2598.5,2593.0,2595.5,10000,0.0,0.0
2024-10-08 09:25:00+09:00,2595.0,2595.5,2589.0,2595.0,9000,0.0,0.0
2024-10-08 09:30:00+09:00,2596.0,2598.0,2591.5,2597.0,7900,0.0,0.0
2024-10-08 09:35:00+09:00,2597.0,2597.0,2589.5,2589.5,5400,0.0,0.0
2024-10-08 09:40:00+09:00,2590.0,2591.0,2583.5,2583.5,7900,0.0,0.0
2024-10-08 09:45:00+09:00,2584.0,2589.5,2580.5,2588.0,6800,0.0,0.0
2024-10-08 09:50:00+09:00,2589.0,2592.5,2588.5,2590.5,3900,0.0,0.0
2024-10-08 09:55:00+09:00,2590.5,2593.5,2589.0,2589.0,4400,0.0,0.0
2024-10-08 10:00:00+09:00,2588.0,2591.0,2587.0,2591.0,4100,0.0,0.0
2024-10-08 10:05:00+09:00,2591.5,2591.5,2587.5,2590.5,3900,0.0,0.0
2024-10-08 10:10:00+09:00,2590.5,2591.0,2589.0,2589.0,2700,0.0,0.0
2024-10-08 10:15:00+09:00,2588.5,2588.5,2582.5,2582.5,13200,0.0,0.0
2024-10-08 10:20:00+09:00,2583.0,2584.0,2580.0,2580.0,6400,0.0,0.0
2024-10-08 10:25:00+09:00,2579.5,2583.5,2579.5,2581.5,6800,0.0,0.0
2024-10-08 10:30:00+09:00,2580.5,2581.5,2577.0,2577.0,12600,0.0,0.0
2024-10-08 10:35:00+09:00,2576.0,2581.5,2576.0,2577.5,6700,0.0,0.0
2024-10-08 10:40:00+09:00,2576.5,2576.5,2570.5,2574.5,11500,0.0,0.0
2024-10-08 10:45:00+09:00,2574.0,2576.5,2574.0,2575.0,4800,0.0,0.0
2024-10-08 10:50:00+09:00,2575.5,2589.0,2575.5,2589.0,7800,0.0,0.0
2024-10-08 10:55:00+09:00,2587.0,2587.0,2583.0,2584.0,3700,0.0,0.0
2024-10-08 11:00:00+09:00,2584.5,2586.0,2581.5,2582.0,4600,0.0,0.0
2024-10-08 11:05:00+09:00,2581.5,2583.0,2579.0,2580.0,6900,0.0,0.0
2024-10-08 11:10:00+09:00,2579.5,2580.5,2577.0,2577.0,5500,0.0,0.0
2024-10-08 11:15:00+09:00,2578.0,2581.0,2576.5,2580.5,4600,0.0,0.0
2024-10-08 11:20:00+09:00,2581.0,2581.5,2577.5,2578.5,7700,0.0,0.0
2024-10-08 11:25:00+09:00,2578.5,2578.5,2575.0,2575.5,4500,0.0,0.0
2024-10-08 11:30:00+09:00,2575.0,2575.0,2574.0,2574.0,1000,0.0,0.0
2024-10-08 11:35:00+09:00,2574.0,2574.0,2574.0,2574.0,0,0.0,0.0
2024-10-08 12:30:00+09:00,2563.5,2568.5,2541.5,2543.5,373400,0.0,0.0
2024-10-08 12:35:00+09:00,2543.5,2554.0,2543.5,2550.5,10400,0.0,0.0
2024-10-08 12:40:00+09:00,2552.0,2557.5,2552.0,2557.5,6900,0.0,0.0
2024-10-08 12:45:00+09:00,2558.5,2560.0,2552.5,2552.5,12100,0.0,0.0
2024-10-08 12:50:00+09:00,2552.0,2554.0,2550.5,2553.0,7700,0.0,0.0
2024-10-08 12:55:00+09:00,2553.5,2560.0,2553.5,2560.0,7300,0.0,0.0
2024-10-08 13:00:00+09:00,2561.0,2561.0,2554.0,2558.0,15400,0.0,0.0
2024-10-08 13:05:00+09:00,2559.5,2560.5,2557.0,2558.5,8000,0.0,0.0
2024-10-08 13:10:00+09:00,2558.0,2560.0,2556.5,2559.0,9200,0.0,0.0
2024-10-08 13:15:00+09:00,2559.0,2561.0,2556.5,2557.5,13000,0.0,0.0
2024-10-08 13:20:00+09:00,2558.0,2559.0,2554.0,2554.5,11000,0.0,0.0
2024-10-08 13:25:00+09:00,2554.5,2556.5,2552.5,2552.5,15000,0.0,0.0
2024-10-08 13:30:00+09:00,2553.0,2554.5,2551.5,2553.5,8100,0.0,0.0
2024-10-08 13:35:00+09:00,2554.0,2557.5,2553.0,2557.5,16100,0.0,0.0
2024-10-08 13:40:00+09:00,2559.0,2563.5,2559.0,2559.0,11600,0.0,0.0
2024-10-08 13:45:00+09:00,2560.0,2560.5,2557.0,2557.5,11600,0.0,0.0
2024-10-08 13:50:00+09:00,2558.5,2559.0,2556.0,2557.0,15800,0.0,0.0
2024-10-08 13:55:00+09:00,2557.0,2566.0,2557.0,2562.0,30600,0.0,0.0
2024-10-08 14:00:00+09:00,2561.5,2566.5,2561.5,2565.5,19100,0.0,0.0
2024-10-08 14:05:00+09:00,2566.0,2566.0,2562.0,2563.5,18000,0.0,0.0
2024-10-08 14:10:00+09:00,2563.5,2564.5,2562.0,2564.0,11300,0.0,0.0
2024-10-08 14:15:00+09:00,2564.5,2565.5,2562.0,2563.0,16800,0.0,0.0
2024-10-08 14:20:00+09:00,2563.5,2575.0,2563.0,2573.5,29100,0.0,0.0
2024-10-08 14:25:00+09:00,2573.5,2575.5,2572.5,2573.5,12000,0.0,0.0
2024-10-08 14:30:00+09:00,2573.0,2577.5,2573.0,2577.5,10600,0.0,0.0
2024-10-08 14:35:00+09:00,2577.5,2582.0,2575.5,2580.5,18300,0.0,0.0
2024-10-08 14:40:00+09:00,2581.5,2591.5,2581.5,2590.0,10800,0.0,0.0
2024-10-08 14:45:00+09:00,2591.0,2593.0,2587.5,2590.5,14800,0.0,0.0
2024-10-08 14:50:00+09:00,2590.0,2592.0,2586.5,2588.5,25000,0.0,0.0
2024-10-08 14:55:00+09:00,2589.5,2597.5,2588.0,2594.0,23200,0.0,0.0
2024-10-09 09:00:00+09:00,2600.5,2631.0,2600.5,2626.0,22800,0.0,0.0
2024-10-09 09:05:00+09:00,2625.5,2638.5,2622.0,2622.0,7700,0.0,0.0
2024-10-09 09:10:00+09:00,2622.0,2626.5,2621.0,2622.0,2800,0.0,0.0
2024-10-09 09:15:00+09:00,2623.5,2623.5,2616.5,2618.5,7600,0.0,0.0
2024-10-09 09:20:00+09:00,2617.0,2617.0,2609.0,2609.0,4100,0.0,0.0
2024-10-09 09:25:00+09:00,2609.0,2619.5,2608.0,2616.0,7700,0.0,0.0
2024-10-09 09:30:00+09:00,2616.5,2626.0,2615.0,2625.5,6500,0.0,0.0
2024-10-09 09:35:00+09:00,2627.0,2628.0,2619.5,2620.5,4800,0.0,0.0
2024-10-09 09:40:00+09:00,2619.5,2623.0,2619.5,2622.0,2700,0.0,0.0
2024-10-09 09:45:00+09:00,2622.0,2628.0,2621.0,2627.0,5400,0.0,0.0
2024-10-09 09:50:00+09:00,2626.5,2628.5,2623.0,2625.5,5200,0.0,0.0
2024-10-09 09:55:00+09:00,2626.0,2628.0,2624.5,2626.5,3400,0.0,0.0
2024-10-09 10:00:00+09:00,2627.5,2635.5,2627.5,2635.5,9100,0.0,0.0
2024-10-09 10:05:00+09:00,2636.0,2637.5,2634.0,2634.0,5700,0.0,0.0
2024-10-09 10:10:00+09:00,2632.0,2635.5,2626.0,2626.0,5800,0.0,0.0
2024-10-09 10:15:00+09:00,2626.0,2627.0,2622.0,2624.0,5700,0.0,0.0
2024-10-09 10:20:00+09:00,2624.5,2626.0,2623.5,2624.0,2200,0.0,0.0
2024-10-09 10:25:00+09:00,2625.0,2629.5,2622.5,2628.0,6900,0.0,0.0
2024-10-09 10:30:00+09:00,2627.5,2629.5,2625.5,2629.5,6300,0.0,0.0
2024-10-09 10:35:00+09:00,2627.5,2630.5,2626.5,2627.0,4600,0.0,0.0
2024-10-09 10:40:00+09:00,2627.0,2629.0,2626.0,2627.0,4400,0.0,0.0
2024-10-09 10:45:00+09:00,2628.0,2629.0,2624.5,2625.5,3400,0.0,0.0
2024-10-09 10:50:00+09:00,2625.5,2625.5,2622.5,2623.5,2900,0.0,0.0
2024-10-09 10:55:00+09:00,2623.0,2632.0,2623.0,2632.0,8600,0.0,0.0
2024-10-09 11:00:00+09:00,2630.5,2631.0,2624.0,2624.5,5800,0.0,0.0
2024-10-09 11:05:00+09:00,2622.5,2627.5,2622.5,2624.5,8800,0.0,0.0
2024-10-09 11:10:00+09:00,2624.5,2628.0,2624.5,2626.5,6600,0.0,0.0
2024-10-09 11:15:00+09:00,2626.0,2627.0,2621.5,2622.5,7400,0.0,0.0
2024-10-09 11:20:00+09:00,2623.0,2628.0,2621.5,2625.5,7500,0.0,0.0
2024-10-09 11:25:00+09:00,2625.5,2627.5,2624.0,2627.5,5400,0.0,0.0
2024-10-09 11:30:00+09:00,2627.0,2628.0,2627.0,2628.0,700,0.0,0.0
2024-10-09 11:35:00+09:00,2628.0,2628.0,2628.0,2628.0,0,0.0,0.0
2024-10-09 12:30:00+09:00,2630.5,2648.5,2627.0,2639.5,260000,0.0,0.0
2024-10-09 12:35:00+09:00,2639.0,2639.0,2629.0,2629.5,10200,0.0,0.0
2024-10-09 12:40:00+09:00,2630.0,2630.0,2625.0,2625.0,5300,0.0,0.0
2024-10-09 12:45:00+09:00,2625.0,2625.0,2620.0,2620.0,5700,0.0,0.0
2024-10-09 12:50:00+09:00,2620.0,2622.5,2620.0,2621.5,6800,0.0,0.0
2024-10-09 12:55:00+09:00,2621.5,2623.0,2620.5,2620.5,4900,0.0,0.0
2024-10-09 13:00:00+09:00,2620.5,2620.5,2615.5,2617.0,3900,0.0,0.0
2024-10-09 13:05:00+09:00,2617.5,2623.0,2617.0,2621.5,7000,0.0,0.0
2024-10-09 13:10:00+09:00,2621.0,2623.5,2621.0,2622.0,6400,0.0,0.0
2024-10-09 13:15:00+09:00,2621.5,2622.0,2618.5,2619.0,4600,0.0,0.0
2024-10-09 13:20:00+09:00,2618.5,2620.5,2618.5,2620.5,4200,0.0,0.0
2024-10-09 13:25:00+09:00,2620.5,2621.5,2620.0,2620.5,4500,0.0,0.0
2024-10-09 13:30:00+09:00,2620.0,2621.0,2616.5,2617.0,6100,0.0,0.0
2024-10-09 13:35:00+09:00,2618.0,2619.5,2616.0,2617.0,5300,0.0,0.0
2024-10-09 13:40:00+09:00,2616.5,2618.0,2613.5,2618.0,7000,0.0,0.0
2024-10-09 13:45:00+09:00,2617.5,2617.5,2612.5,2613.0,7800,0.0,0.0
2024-10-09 13:50:00+09:00,2614.5,2616.0,2614.0,2615.0,5700,0.0,0.0
2024-10-09 13:55:00+09:00,2615.5,2616.5,2614.5,2614.5,6900,0.0,0.0
2024-10-09 14:00:00+09:00,2614.5,2622.0,2613.5,2622.0,9400,0.0,0.0
2024-10-09 14:05:00+09:00,2622.5,2624.0,2619.0,2620.5,7000,0.0,0.0
2024-10-09 14:10:00+09:00,2620.0,2620.5,2617.0,2618.0,7100,0.0,0.0
2024-10-09 14:15:00+09:00,2618.0,2621.5,2618.0,2619.0,8100,0.0,0.0
2024-10-09 14:20:00+09:00,2618.0,2620.0,2618.0,2618.0,6500,0.0,0.0
2024-10-09 14:25:00+09:00,2617.5,2619.0,2615.5,2615.5,6500,0.0,0.0
2024-10-09 14:30:00+09:00,2615.5,2617.0,2614.5,2617.0,8400,0.0,0.0
2024-10-09 14:35:00+09:00,2617.5,2620.0,2617.5,2618.0,8100,0.0,0.0
2024-10-09 14:40:00+09:00,2618.0,2620.5,2616.5,2616.5,12100,0.0,0.0
2024-10-09 14:45:00+09:00,2617.5,2620.0,2615.5,2617.0,17900,0.0,0.0
2024-10-09 14:50:00+09:00,2617.0,2617.0,2610.5,2611.5,14400,0.0,0.0
2024-10-09 14:55:00+09:00,2612.0,2613.5,2609.5,2610.0,21200,0.0,0.0
2024-10-10 09:00:00+09:00,2622.0,2647.0,2610.0,2635.0,27900,0.0,0.0
2024-10-10 09:05:00+09:00,2635.5,2644.5,2627.5,2627.5,11300,0.0,0.0
2024-10-10 09:10:00+09:00,2627.5,2627.5,2622.0,2625.0,8400,0.0,0.0
2024-10-10 09:15:00+09:00,2627.0,2636.0,2627.0,2632.5,9700,0.0,0.0
2024-10-10 09:20:00+09:00,2632.5,2636.0,2630.0,2636.0,12100,0.0,0.0
2024-10-10 09:25:00+09:00,2635.0,2638.5,2633.0,2636.0,7300,0.0,0.0
2024-10-10 09:30:00+09:00,2635.0,2638.5,2634.0,2638.5,6200,0.0,0.0
2024-10-10 09:35:00+09:00,2639.5,2642.5,2637.0,2637.0,5500,0.0,0.0
2024-10-10 09:40:00+09:00,2637.5,2639.0,2636.0,2637.5,5200,0.0,0.0
2024-10-10 09:45:00+09:00,2637.0,2640.5,2635.5,2638.5,4000,0.0,0.0
2024-10-10 09:50:00+09:00,2638.0,2638.0,2632.5,2635.5,3100,0.0,0.0
2024-10-10 09:55:00+09:00,2636.0,2636.5,2633.5,2636.0,5600,0.0,0.0
2024-10-10 10:00:00+09:00,2635.5,2637.0,2634.0,2634.0,3700,0.0,0.0
2024-10-10 10:05:00+09:00,2636.5,2638.5,2635.0,2636.5,4600,0.0,0.0
2024-10-10 10:10:00+09:00,2637.5,2638.0,2635.5,2635.5,2100,0.0,0.0
2024-10-10 10:15:00+09:00,2634.0,2637.5,2632.5,2637.5,3100,0.0,0.0
2024-10-10 10:20:00+09:00,2638.5,2638.5,2634.0,2635.5,4100,0.0,0.0
2024-10-10 10:25:00+09:00,2635.0,2635.0,2633.5,2634.0,1500,0.0,0.0
2024-10-10 10:30:00+09:00,2635.0,2636.5,2634.5,2635.0,2500,0.0,0.0
2024-10-10 10:35:00+09:00,2634.0,2635.0,2631.5,2634.5,3800,0.0,0.0
2024-10-10 10:40:00+09:00,2634.5,2635.5,2632.5,2632.5,3100,0.0,0.0
2024-10-10 10:45:00+09:00,2632.5,2632.5,2630.5,2632.0,4100,0.0,0.0
2024-10-10 10:50:00+09:00,2631.5,2631.5,2621.0,2623.0,4300,0.0,0.0
2024-10-10 10:55:00+09:00,2623.0,2624.5,2623.0,2624.0,1800,0.0,0.0
2024-10-10 11:00:00+09:00,2625.0,2626.5,2623.5,2623.5,6800,0.0,0.0
2024-10-10 11:05:00+09:00,2623.5,2626.0,2623.5,2626.0,1400,0.0,0.0
2024-10-10 11:10:00+09:00,2625.5,2625.5,2622.5,2623.0,3200,0.0,0.0
2024-10-10 11:15:00+09:00,2623.5,2632.5,2623.5,2629.0,10200,0.0,0.0
2024-10-10 11:20:00+09:00,2628.5,2633.5,2628.5,2631.0,10700,0.0,0.0
2024-10-10 11:25:00+09:00,2631.5,2632.5,2628.0,2631.0,3600,0.0,0.0
2024-10-10 11:30:00+09:00,2631.5,2631.5,2631.5,2631.5,1700,0.0,0.0
2024-10-10 11:35:00+09:00,2631.5,2631.5,2631.5,2631.5,0,0.0,0.0
2024-10-10 12:30:00+09:00,2625.0,2631.5,2622.0,2626.5,202900,0.0,0.0
2024-10-10 12:35:00+09:00,2624.5,2631.0,2624.5,2626.0,9000,0.0,0.0
2024-10-10 12:40:00+09:00,2627.0,2628.5,2623.5,2624.5,8400,0.0,0.0
2024-10-10 12:45:00+09:00,2622.0,2624.0,2621.5,2623.0,3900,0.0,0.0
2024-10-10 12:50:00+09:00,2623.0,2625.0,2621.5,2621.5,6500,0.0,0.0
2024-10-10 12:55:00+09:00,2622.0,2622.5,2618.0,2621.0,6100,0.0,0.0
2024-10-10 13:00:00+09:00,2621.0,2624.5,2621.0,2624.0,4900,0.0,0.0
2024-10-10 13:05:00+09:00,2625.0,2627.5,2622.5,2623.0,8400,0.0,0.0
2024-10-10 13:10:00+09:00,2624.5,2624.5,2622.0,2622.0,1500,0.0,0.0
2024-10-10 13:15:00+09:00,2622.0,2630.0,2622.0,2630.0,8300,0.0,0.0
2024-10-10 13:20:00+09:00,2630.0,2632.5,2625.5,2628.5,9900,0.0,0.0
2024-10-10 13:25:00+09:00,2627.5,2628.0,2627.0,2628.0,1900,0.0,0.0
2024-10-10 13:30:00+09:00,2629.0,2631.0,2626.0,2626.0,7500,0.0,0.0
2024-10-10 13:35:00+09:00,2625.5,2629.5,2625.5,2627.5,6000,0.0,0.0
2024-10-10 13:40:00+09:00,2628.5,2630.0,2627.5,2627.5,6600,0.0,0.0
2024-10-10 13:45:00+09:00,2627.5,2628.5,2626.0,2626.5,7300,0.0,0.0
2024-10-10 13:50:00+09:00,2627.0,2630.0,2627.0,2630.0,9100,0.0,0.0
2024-10-10 13:55:00+09:00,2629.0,2631.0,2626.5,2626.5,7300,0.0,0.0
2024-10-10 14:00:00+09:00,2627.0,2628.0,2620.5,2623.5,14100,0.0,0.0
2024-10-10 14:05:00+09:00,2623.0,2626.0,2622.5,2625.0,8500,0.0,0.0
2024-10-10 14:10:00+09:00,2625.0,2625.0,2622.5,2622.5,3500,0.0,0.0
2024-10-10 14:15:00+09:00,2623.0,2624.5,2622.0,2622.5,2300,0.0,0.0
2024-10-10 14:20:00+09:00,2622.5,2634.0,2622.5,2634.0,10900,0.0,0.0
2024-10-10 14:25:00+09:00,2634.5,2635.5,2627.0,2627.0,8600,0.0,0.0
2024-10-10 14:30:00+09:00,2627.5,2632.5,2627.0,2630.0,7100,0.0,0.0
2024-10-10 14:35:00+09:00,2630.0,2637.0,2630.0,2635.0,9100,0.0,0.0
2024-10-10 14:40:00+09:00,2634.0,2641.5,2632.0,2640.5,18500,0.0,0.0
2024-10-10 14:45:00+09:00,2640.5,2645.0,2637.5,2640.5,21600,0.0,0.0
2024-10-10 14:50:00+09:00,2640.5,2646.0,2638.5,2644.5,18600,0.0,0.0
2024-10-10 14:55:00+09:00,2643.5,2643.5,2638.0,2638.0,18000,0.0,0.0
2024-10-11 09:00:00+09:00,2650.0,2675.0,2646.0,2660.0,99000,0.0,0.0
2024-10-11 09:05:00+09:00,2661.0,2684.5,2661.0,2684.5,6300,0.0,0.0
2024-10-11 09:10:00+09:00,2685.0,2685.0,2668.5,2668.5,8000,0.0,0.0
2024-10-11 09:15:00+09:00,2668.5,2668.5,2659.0,2666.0,4400,0.0,0.0
2024-10-11 09:20:00+09:00,2665.0,2665.5,2651.0,2655.0,6600,0.0,0.0
2024-10-11 09:25:00+09:00,2654.5,2656.0,2652.0,2652.5,3400,0.0,0.0
2024-10-11 09:30:00+09:00,2652.0,2657.0,2649.5,2656.0,5300,0.0,0.0
2024-10-11 09:35:00+09:00,2655.5,2657.0,2653.0,2654.5,6300,0.0,0.0
2024-10-11 09:40:00+09:00,2655.5,2659.0,2654.0,2655.0,3000,0.0,0.0
2024-10-11 09:45:00+09:00,2656.0,2659.0,2653.5,2659.0,3400,0.0,0.0
2024-10-11 09:50:00+09:00,2660.0,2660.5,2652.0,2653.0,2000,0.0,0.0
2024-10-11 09:55:00+09:00,2651.5,2653.5,2649.0,2651.5,5500,0.0,0.0
2024-10-11 10:00:00+09:00,2652.0,2652.5,2649.0,2649.0,2600,0.0,0.0
2024-10-11 10:05:00+09:00,2648.5,2653.5,2648.5,2653.5,3500,0.0,0.0
2024-10-11 10:10:00+09:00,2652.5,2652.5,2648.0,2652.0,2800,0.0,0.0
2024-10-11 10:15:00+09:00,2651.5,2653.5,2651.0,2652.0,1700,0.0,0.0
2024-10-11 10:20:00+09:00,2651.0,2658.5,2650.0,2658.0,4300,0.0,0.0
2024-10-11 10:25:00+09:00,2658.5,2660.0,2656.0,2659.0,1900,0.0,0.0
2024-10-11 10:30:00+09:00,2658.0,2663.0,2658.0,2663.0,2000,0.0,0.0
2024-10-11 10:35:00+09:00,2662.5,2662.5,2653.5,2654.5,3300,0.0,0.0
2024-10-11 10:40:00+09:00,2655.0,2658.5,2655.0,2658.5,2300,0.0,0.0
2024-10-11 10:45:00+09:00,2659.5,2660.5,2658.5,2658.5,2500,0.0,0.0
2024-10-11 10:50:00+09:00,2658.5,2658.5,2655.5,2656.0,2000,0.0,0.0
2024-10-11 10:55:00+09:00,2655.5,2657.5,2655.5,2656.0,1800,0.0,0.0
2024-10-11 11:00:00+09:00,2656.5,2656.5,2651.0,2653.0,2500,0.0,0.0
2024-10-11 11:05:00+09:00,2654.0,2659.5,2654.0,2656.0,4300,0.0,0.0
2024-10-11 11:10:00+09:00,2655.0,2655.0,2653.0,2655.0,2100,0.0,0.0
2024-10-11 11:15:00+09:00,2655.5,2656.5,2653.5,2656.0,2400,0.0,0.0
2024-10-11 11:20:00+09:00,2657.0,2658.5,2655.0,2656.0,3800,0.0,0.0
2024-10-11 11:25:00+09:00,2657.0,2657.0,2654.0,2654.5,1700,0.0,0.0
2024-10-11 11:30:00+09:00,2656.0,2656.0,2656.0,2656.0,300,0.0,0.0
2024-10-11 11:35:00+09:00,2656.0,2656.0,2656.0,2656.0,0,0.0,0.0
2024-10-11 12:30:00+09:00,2650.0,2657.0,2649.5,2649.5,212200,0.0,0.0
2024-10-11 12:35:00+09:00,2651.0,2652.0,2648.5,2648.5,4100,0.0,0.0
2024-10-11 12:40:00+09:00,2650.0,2651.0,2648.0,2650.5,4200,0.0,0.0
2024-10-11 12:45:00+09:00,2651.5,2652.5,2651.5,2652.5,1100,0.0,0.0
2024-10-11 12:50:00+09:00,2652.0,2656.5,2650.5,2655.0,8800,0.0,0.0
2024-10-11 12:55:00+09:00,2656.5,2656.5,2654.0,2655.5,3500,0.0,0.0
2024-10-11 13:00:00+09:00,2656.5,2657.5,2654.0,2654.0,2700,0.0,0.0
2024-10-11 13:05:00+09:00,2654.0,2656.5,2654.0,2655.5,1500,0.0,0.0
2024-10-11 13:10:00+09:00,2656.5,2659.5,2656.5,2659.5,2400,0.0,0.0
2024-10-11 13:15:00+09:00,2659.0,2660.5,2654.5,2658.0,20200,0.0,0.0
2024-10-11 13:20:00+09:00,2658.5,2658.5,2650.0,2651.0,3200,0.0,0.0
2024-10-11 13:25:00+09:00,2651.0,2654.5,2650.5,2651.0,7300,0.0,0.0
2024-10-11 13:30:00+09:00,2651.0,2655.5,2650.5,2652.0,9000,0.0,0.0
2024-10-11 13:35:00+09:00,2652.0,2654.0,2651.0,2651.5,7700,0.0,0.0
2024-10-11 13:40:00+09:00,2651.5,2652.5,2649.0,2652.0,10600,0.0,0.0
2024-10-11 13:45:00+09:00,2650.5,2653.5,2649.5,2651.5,4000,0.0,0.0
2024-10-11 13:50:00+09:00,2652.0,2653.5,2650.0,2650.5,3400,0.0,0.0
2024-10-11 13:55:00+09:00,2650.5,2651.0,2647.0,2647.0,5900,0.0,0.0
2024-10-11 14:00:00+09:00,2647.0,2651.0,2646.5,2649.0,16700,0.0,0.0
2024-10-11 14:05:00+09:00,2649.5,2652.5,2649.5,2652.5,5100,0.0,0.0
2024-10-11 14:10:00+09:00,2652.5,2655.5,2650.5,2654.5,14700,0.0,0.0
2024-10-11 14:15:00+09:00,2654.5,2655.5,2652.5,2655.5,5300,0.0,0.0
2024-10-11 14:20:00+09:00,2656.0,2657.0,2655.0,2655.0,6100,0.0,0.0
2024-10-11 14:25:00+09:00,2655.5,2656.0,2653.5,2655.5,6700,0.0,0.0
2024-10-11 14:30:00+09:00,2654.5,2655.5,2652.0,2654.0,4900,0.0,0.0
2024-10-11 14:35:00+09:00,2654.0,2656.5,2652.0,2654.5,7400,0.0,0.0
2024-10-11 14:40:00+09:00,2654.0,2659.0,2654.0,2657.5,6400,0.0,0.0
2024-10-11 14:45:00+09:00,2657.0,2658.0,2656.5,2656.5,8600,0.0,0.0
2024-10-11 14:50:00+09:00,2656.0,2656.0,2652.5,2652.5,7400,0.0,0.0
2024-10-11 14:55:00+09:00,2652.5,2653.5,2646.0,2646.0,20000,0.0,0.0
2024-10-15 09:00:00+09:00,2672.0,2696.0,2663.5,2680.5,38600,0.0,0.0
2024-10-15 09:05:00+09:00,2682.0,2691.0,2678.0,2678.5,20700,0.0,0.0
2024-10-15 09:10:00+09:00,2681.0,2683.5,2668.0,2677.0,19900,0.0,0.0
2024-10-15 09:15:00+09:00,2680.0,2692.0,2679.5,2679.5,12700,0.0,0.0
2024-10-15 09:20:00+09:00,2677.5,2689.0,2677.0,2687.5,23900,0.0,0.0
2024-10-15 09:25:00+09:00,2688.5,2689.0,2680.0,2682.5,7000,0.0,0.0
2024-10-15 09:30:00+09:00,2682.5,2688.0,2679.5,2681.5,15800,0.0,0.0
2024-10-15 09:35:00+09:00,2682.5,2694.0,2680.5,2683.0,41700,0.0,0.0
2024-10-15 09:40:00+09:00,2683.0,2695.0,2682.0,2690.5,25400,0.0,0.0
2024-10-15 09:45:00+09:00,2690.5,2691.5,2683.0,2689.0,6700,0.0,0.0
2024-10-15 09:50:00+09:00,2689.0,2690.5,2683.5,2683.5,14300,0.0,0.0
2024-10-15 09:55:00+09:00,2683.0,2684.0,2680.0,2683.5,4100,0.0,0.0
2024-10-15 10:00:00+09:00,2683.5,2685.0,2679.0,2681.0,7000,0.0,0.0
2024-10-15 10:05:00+09:00,2682.5,2682.5,2678.5,2681.5,3400,0.0,0.0
2024-10-15 10:10:00+09:00,2681.5,2682.0,2678.0,2680.5,3600,0.0,0.0
2024-10-15 10:15:00+09:00,2680.0,2680.0,2675.0,2676.5,4500,0.0,0.0
2024-10-15 10:20:00+09:00,2675.0,2677.5,2673.5,2674.5,3900,0.0,0.0
2024-10-15 10:25:00+09:00,2675.0,2678.5,2674.0,2678.5,4700,0.0,0.0
2024-10-15 10:30:00+09:00,2678.0,2684.0,2677.5,2683.0,6100,0.0,0.0
2024-10-15 10:35:00+09:00,2682.0,2685.5,2682.0,2685.5,3500,0.0,0.0
2024-10-15 10:40:00+09:00,2686.0,2687.5,2684.5,2685.0,4500,0.0,0.0
2024-10-15 10:45:00+09:00,2684.5,2690.0,2684.0,2688.5,4300,0.0,0.0
2024-10-15 10:50:00+09:00,2689.5,2692.0,2688.5,2688.5,4800,0.0,0.0
2024-10-15 10:55:00+09:00,2688.5,2689.0,2686.5,2687.0,3300,0.0,0.0
2024-10-15 11:00:00+09:00,2688.0,2688.5,2686.0,2687.0,6000,0.0,0.0
2024-10-15 11:05:00+09:00,2687.0,2687.0,2680.0,2682.5,8300,0.0,0.0
2024-10-15 11:10:00+09:00,2681.5,2682.5,2681.0,2681.5,3000,0.0,0.0
2024-10-15 11:15:00+09:00,2680.5,2683.5,2680.5,2680.5,5700,0.0,0.0
2024-10-15 11:20:00+09:00,2680.5,2681.0,2679.5,2681.0,2300,0.0,0.0
2024-10-15 11:25:00+09:00,2680.0,2684.5,2680.0,2684.0,5500,0.0,0.0
2024-10-15 11:30:00+09:00,2683.0,2683.0,2683.0,2683.0,1400,0.0,0.0
2024-10-15 11:35:00+09:00,2683.0,2683.0,2683.0,2683.0,0,0.0,0.0
2024-10-15 12:30:00+09:00,2680.0,2688.0,2677.0,2686.5,333200,0.0,0.0
2024-10-15 12:35:00+09:00,2686.0,2692.0,2683.0,2692.0,16800,0.0,0.0
2024-10-15 12:40:00+09:00,2691.5,2692.5,2687.5,2688.0,4000,0.0,0.0
2024-10-15 12:45:00+09:00,2688.5,2690.5,2685.5,2688.0,7400,0.0,0.0
2024-10-15 12:50:00+09:00,2688.5,2689.0,2682.5,2682.5,6100,0.0,0.0
2024-10-15 12:55:00+09:00,2682.5,2683.5,2680.0,2680.0,6800,0.0,0.0
2024-10-15 13:00:00+09:00,2680.0,2685.0,2680.0,2685.0,3600,0.0,0.0
2024-10-15 13:05:00+09:00,2685.0,2685.0,2682.0,2685.0,6200,0.0,0.0
2024-10-15 13:10:00+09:00,2685.0,2685.0,2682.5,2682.5,4400,0.0,0.0
2024-10-15 13:15:00+09:00,2682.0,2683.5,2681.0,2681.0,8400,0.0,0.0
2024-10-15 13:20:00+09:00,2682.0,2684.5,2681.5,2684.5,5800,0.0,0.0
2024-10-15 13:25:00+09:00,2684.0,2688.0,2682.0,2682.0,11600,0.0,0.0
2024-10-15 13:30:00+09:00,2682.0,2684.0,2681.5,2683.5,6600,0.0,0.0
2024-10-15 13:35:00+09:00,2684.0,2685.5,2683.5,2683.5,5400,0.0,0.0
2024-10-15 13:40:00+09:00,2684.0,2687.0,2684.0,2685.5,9800,0.0,0.0
2024-10-15 13:45:00+09:00,2685.0,2687.0,2683.5,2685.5,8100,0.0,0.0
2024-10-15 13:50:00+09:00,2685.0,2686.5,2683.5,2684.0,10100,0.0,0.0
2024-10-15 13:55:00+09:00,2684.5,2684.5,2683.0,2684.0,8800,0.0,0.0
2024-10-15 14:00:00+09:00,2683.0,2683.5,2681.0,2683.0,9300,0.0,0.0
2024-10-15 14:05:00+09:00,2682.5,2684.5,2679.0,2683.5,13400,0.0,0.0
2024-10-15 14:10:00+09:00,2683.5,2684.5,2682.0,2683.5,7000,0.0,0.0
2024-10-15 14:15:00+09:00,2684.5,2684.5,2682.5,2684.0,8300,0.0,0.0
2024-10-15 14:20:00+09:00,2684.0,2685.0,2683.0,2684.5,7200,0.0,0.0
2024-10-15 14:25:00+09:00,2684.5,2686.0,2683.5,2684.5,6700,0.0,0.0
2024-10-15 14:30:00+09:00,2683.0,2684.0,2680.0,2682.0,16700,0.0,0.0
2024-10-15 14:35:00+09:00,2681.5,2688.5,2681.5,2688.5,13800,0.0,0.0
2024-10-15 14:40:00+09:00,2688.5,2692.5,2688.5,2690.5,13800,0.0,0.0
2024-10-15 14:45:00+09:00,2690.0,2691.5,2681.5,2683.5,28500,0.0,0.0
2024-10-15 14:50:00+09:00,2683.5,2687.5,2682.5,2684.0,19500,0.0,0.0
2024-10-15 14:55:00+09:00,2684.0,2684.5,2671.0,2679.0,39500,0.0,0.0
2024-10-16 09:00:00+09:00,2631.0,2664.0,2617.5,2645.0,96400,0.0,0.0
2024-10-16 09:05:00+09:00,2646.5,2657.0,2646.5,2655.5,17000,0.0,0.0
2024-10-16 09:10:00+09:00,2654.5,2658.0,2644.0,2647.5,13200,0.0,0.0
2024-10-16 09:15:00+09:00,2648.0,2658.0,2647.5,2652.5,9100,0.0,0.0
2024-10-16 09:20:00+09:00,2652.0,2664.0,2650.5,2659.5,17100,0.0,0.0
2024-10-16 09:25:00+09:00,2658.5,2659.5,2655.0,2655.0,5700,0.0,0.0
2024-10-16 09:30:00+09:00,2654.0,2656.5,2651.5,2656.0,8700,0.0,0.0
2024-10-16 09:35:00+09:00,2657.0,2668.5,2657.0,2668.5,5900,0.0,0.0
2024-10-16 09:40:00+09:00,2667.0,2667.0,2658.0,2658.0,9400,0.0,0.0
2024-10-16 09:45:00+09:00,2658.0,2658.0,2654.5,2655.0,6400,0.0,0.0
2024-10-16 09:50:00+09:00,2655.5,2660.0,2654.0,2659.0,5900,0.0,0.0
2024-10-16 09:55:00+09:00,2658.5,2666.0,2658.5,2666.0,7100,0.0,0.0
2024-10-16 10:00:00+09:00,2667.0,2667.0,2662.0,2662.0,5900,0.0,0.0
2024-10-16 10:05:00+09:00,2662.5,2664.5,2655.5,2655.5,9400,0.0,0.0
2024-10-16 10:10:00+09:00,2655.0,2657.5,2653.5,2655.0,4100,0.0,0.0
2024-10-16 10:15:00+09:00,2654.0,2667.5,2653.5,2654.5,72500,0.0,0.0
2024-10-16 10:20:00+09:00,2652.0,2654.5,2651.5,2652.5,7700,0.0,0.0
2024-10-16 10:25:00+09:00,2651.5,2651.5,2642.0,2642.0,7700,0.0,0.0
2024-10-16 10:30:00+09:00,2643.0,2645.5,2638.0,2643.0,7200,0.0,0.0
2024-10-16 10:35:00+09:00,2643.0,2649.5,2641.5,2646.5,6300,0.0,0.0
2024-10-16 10:40:00+09:00,2646.5,2648.0,2642.5,2648.0,12000,0.0,0.0
2024-10-16 10:45:00+09:00,2648.5,2650.5,2639.5,2639.5,7400,0.0,0.0
2024-10-16 10:50:00+09:00,2638.0,2638.0,2636.5,2637.0,3300,0.0,0.0
2024-10-16 10:55:00+09:00,2636.0,2636.5,2629.0,2630.0,9900,0.0,0.0
2024-10-16 11:00:00+09:00,2629.0,2629.5,2626.0,2626.5,4400,0.0,0.0
2024-10-16 11:05:00+09:00,2627.0,2628.5,2624.5,2628.5,4900,0.0,0.0
2024-10-16 11:10:00+09:00,2627.5,2629.0,2624.5,2629.0,4600,0.0,0.0
2024-10-16 11:15:00+09:00,2628.5,2633.0,2627.0,2628.5,8300,0.0,0.0
2024-10-16 11:20:00+09:00,2627.5,2628.0,2626.0,2628.0,3700,0.0,0.0
2024-10-16 11:25:00+09:00,2629.0,2633.5,2629.0,2633.5,6500,0.0,0.0
2024-10-16 11:30:00+09:00,2632.5,2632.5,2632.5,2632.5,800,0.0,0.0
2024-10-16 11:35:00+09:00,2632.5,2632.5,2632.5,2632.5,0,0.0,0.0
2024-10-16 12:30:00+09:00,2640.0,2640.0,2634.0,2634.0,409700,0.0,0.0
2024-10-16 12:35:00+09:00,2634.0,2640.0,2634.0,2638.5,9900,0.0,0.0
2024-10-16 12:40:00+09:00,2639.0,2643.0,2636.5,2641.5,7400,0.0,0.0
2024-10-16 12:45:00+09:00,2642.0,2642.5,2639.5,2641.5,5600,0.0,0.0
2024-10-16 12:50:00+09:00,2642.5,2643.5,2638.5,2640.0,12000,0.0,0.0
2024-10-16 12:55:00+09:00,2640.0,2643.5,2640.0,2642.5,7400,0.0,0.0
2024-10-16 13:00:00+09:00,2642.5,2646.0,2640.5,2643.5,7200,0.0,0.0
2024-10-16 13:05:00+09:00,2644.5,2649.5,2644.5,2647.5,7900,0.0,0.0
2024-10-16 13:10:00+09:00,2648.5,2649.5,2647.5,2649.0,6700,0.0,0.0
2024-10-16 13:15:00+09:00,2648.0,2651.5,2647.5,2649.5,6800,0.0,0.0
2024-10-16 13:20:00+09:00,2649.5,2650.0,2647.0,2648.0,9100,0.0,0.0
2024-10-16 13:25:00+09:00,2648.5,2650.5,2648.0,2650.5,4600,0.0,0.0
2024-10-16 13:30:00+09:00,2649.5,2649.5,2641.0,2645.5,12100,0.0,0.0
2024-10-16 13:35:00+09:00,2646.5,2648.0,2642.0,2648.0,9300,0.0,0.0
2024-10-16 13:40:00+09:00,2648.0,2650.5,2645.5,2645.5,8800,0.0,0.0
2024-10-16 13:45:00+09:00,2647.0,2648.0,2645.5,2647.0,8400,0.0,0.0
2024-10-16 13:50:00+09:00,2647.0,2648.0,2643.5,2646.0,9000,0.0,0.0
2024-10-16 13:55:00+09:00,2646.5,2651.0,2646.0,2648.5,7600,0.0,0.0
2024-10-16 14:00:00+09:00,2648.5,2648.5,2643.5,2643.5,8600,0.0,0.0
2024-10-16 14:05:00+09:00,2643.0,2643.5,2637.0,2641.5,24700,0.0,0.0
2024-10-16 14:10:00+09:00,2642.0,2644.5,2640.5,2642.5,9900,0.0,0.0
2024-10-16 14:15:00+09:00,2642.5,2643.5,2640.5,2642.0,9900,0.0,0.0
2024-10-16 14:20:00+09:00,2641.5,2642.5,2635.0,2636.5,9300,0.0,0.0
2024-10-16 14:25:00+09:00,2636.0,2638.5,2635.0,2636.5,6000,0.0,0.0
2024-10-16 14:30:00+09:00,2636.5,2638.5,2635.0,2638.5,12200,0.0,0.0
2024-10-16 14:35:00+09:00,2638.0,2642.5,2637.5,2642.5,11100,0.0,0.0
2024-10-16 14:40:00+09:00,2642.5,2644.5,2641.5,2644.0,15800,0.0,0.0
2024-10-16 14:45:00+09:00,2644.0,2645.0,2641.5,2645.0,13300,0.0,0.0
2024-10-16 14:50:00+09:00,2642.0,2649.0,2642.0,2646.5,30400,0.0,0.0
2024-10-16 14:55:00+09:00,2647.5,2647.5,2642.0,2644.5,25500,0.0,0.0
2024-10-17 09:00:00+09:00,2652.0,2665.0,2652.0,2659.0,42700,0.0,0.0
2024-10-17 09:05:00+09:00,2659.0,2663.5,2655.0,2656.0,12200,0.0,0.0
2024-10-17 09:10:00+09:00,2654.5,2654.5,2647.0,2648.5,11500,0.0,0.0
2024-10-17 09:15:00+09:00,2648.0,2653.0,2646.0,2648.0,14700,0.0,0.0
2024-10-17 09:20:00+09:00,2648.5,2650.0,2644.5,2646.5,9300,0.0,0.0
2024-10-17 09:25:00+09:00,2646.5,2652.5,2646.5,2648.5,11800,0.0,0.0
2024-10-17 09:30:00+09:00,2648.5,2656.5,2648.5,2651.5,13100,0.0,0.0
2024-10-17 09:35:00+09:00,2651.5,2651.5,2639.0,2639.0,6000,0.0,0.0
2024-10-17 09:40:00+09:00,2639.0,2641.0,2631.0,2633.5,11200,0.0,0.0
2024-10-17 09:45:00+09:00,2633.0,2633.5,2626.0,2626.0,6400,0.0,0.0
2024-10-17 09:50:00+09:00,2626.0,2627.0,2623.0,2623.0,7300,0.0,0.0
2024-10-17 09:55:00+09:00,2622.5,2624.0,2619.0,2622.0,5600,0.0,0.0
2024-10-17 10:00:00+09:00,2621.0,2626.0,2620.5,2625.0,8100,0.0,0.0
2024-10-17 10:05:00+09:00,2624.0,2628.5,2621.0,2627.0,8400,0.0,0.0
2024-10-17 10:10:00+09:00,2627.5,2636.0,2627.5,2634.0,12200,0.0,0.0
2024-10-17 10:15:00+09:00,2632.5,2632.5,2623.5,2623.5,7400,0.0,0.0
2024-10-17 10:20:00+09:00,2623.5,2626.0,2620.5,2624.5,6700,0.0,0.0
2024-10-17 10:25:00+09:00,2624.0,2625.5,2619.5,2619.5,6000,0.0,0.0
2024-10-17 10:30:00+09:00,2619.5,2623.5,2617.0,2623.5,9700,0.0,0.0
2024-10-17 10:35:00+09:00,2623.5,2624.0,2620.5,2621.5,6600,0.0,0.0
2024-10-17 10:40:00+09:00,2621.5,2622.0,2617.5,2617.5,5200,0.0,0.0
2024-10-17 10:45:00+09:00,2618.0,2620.0,2617.5,2618.5,6300,0.0,0.0
2024-10-17 10:50:00+09:00,2619.0,2619.5,2611.0,2613.5,11900,0.0,0.0
2024-10-17 10:55:00+09:00,2613.5,2614.0,2611.0,2611.0,9200,0.0,0.0
2024-10-17 11:00:00+09:00,2610.5,2612.0,2607.5,2611.0,8600,0.0,0.0
2024-10-17 11:05:00+09:00,2611.0,2614.5,2610.5,2614.0,7200,0.0,0.0
2024-10-17 11:10:00+09:00,2614.0,2614.0,2611.5,2613.0,8400,0.0,0.0
2024-10-17 11:15:00+09:00,2613.0,2613.0,2608.0,2609.5,9300,0.0,0.0
2024-10-17 11:20:00+09:00,2610.0,2613.0,2610.0,2610.5,7500,0.0,0.0
2024-10-17 11:25:00+09:00,2611.0,2611.0,2607.0,2608.5,10300,0.0,0.0
2024-10-17 11:30:00+09:00,2609.5,2609.5,2609.5,2609.5,700,0.0,0.0
2024-10-17 11:35:00+09:00,2609.5,2609.5,2609.5,2609.5,0,0.0,0.0
2024-10-17 12:30:00+09:00,2616.5,2625.5,2614.5,2624.5,327800,0.0,0.0
2024-10-17 12:35:00+09:00,2623.5,2624.0,2617.5,2622.5,12000,0.0,0.0
2024-10-17 12:40:00+09:00,2622.5,2622.5,2617.5,2619.0,11700,0.0,0.0
2024-10-17 12:45:00+09:00,2619.0,2619.0,2617.0,2617.0,8000,0.0,0.0
2024-10-17 12:50:00+09:00,2616.5,2620.5,2616.5,2620.0,12300,0.0,0.0
2024-10-17 12:55:00+09:00,2620.0,2621.5,2618.5,2618.5,8700,0.0,0.0
2024-10-17 13:00:00+09:00,2618.5,2620.0,2614.5,2617.0,12300,0.0,0.0
2024-10-17 13:05:00+09:00,2617.0,2617.0,2610.5,2612.0,8300,0.0,0.0
2024-10-17 13:10:00+09:00,2614.0,2614.0,2611.5,2611.5,5100,0.0,0.0
2024-10-17 13:15:00+09:00,2611.5,2611.5,2609.5,2610.5,7600,0.0,0.0
2024-10-17 13:20:00+09:00,2611.0,2611.5,2607.0,2608.0,9000,0.0,0.0
2024-10-17 13:25:00+09:00,2608.5,2608.5,2603.5,2605.5,8300,0.0,0.0
2024-10-17 13:30:00+09:00,2606.0,2606.0,2598.5,2599.0,8800,0.0,0.0
2024-10-17 13:35:00+09:00,2599.5,2600.5,2598.0,2599.0,7700,0.0,0.0
2024-10-17 13:40:00+09:00,2599.0,2600.5,2597.0,2600.0,6500,0.0,0.0
2024-10-17 13:45:00+09:00,2600.0,2602.0,2598.5,2600.5,8300,0.0,0.0
2024-10-17 13:50:00+09:00,2600.5,2602.5,2599.5,2602.0,8000,0.0,0.0
2024-10-17 13:55:00+09:00,2602.0,2602.5,2598.5,2600.5,8600,0.0,0.0
2024-10-17 14:00:00+09:00,2600.5,2600.5,2597.5,2598.0,8000,0.0,0.0
2024-10-17 14:05:00+09:00,2598.5,2603.5,2598.5,2602.5,9100,0.0,0.0
2024-10-17 14:10:00+09:00,2603.0,2604.5,2598.0,2598.0,9600,0.0,0.0
2024-10-17 14:15:00+09:00,2598.0,2601.5,2597.0,2601.5,8300,0.0,0.0
2024-10-17 14:20:00+09:00,2602.0,2603.0,2600.0,2601.0,10500,0.0,0.0
2024-10-17 14:25:00+09:00,2601.0,2601.5,2599.0,2599.5,9100,0.0,0.0
2024-10-17 14:30:00+09:00,2600.5,2603.0,2600.5,2603.0,8000,0.0,0.0
2024-10-17 14:35:00+09:00,2603.5,2606.5,2603.0,2604.5,13100,0.0,0.0
2024-10-17 14:40:00+09:00,2604.0,2608.5,2603.5,2606.0,14800,0.0,0.0
2024-10-17 14:45:00+09:00,2606.5,2608.5,2600.0,2600.0,19600,0.0,0.0
2024-10-17 14:50:00+09:00,2600.5,2600.5,2596.0,2596.0,16000,0.0,0.0
2024-10-17 14:55:00+09:00,2596.5,2598.5,2591.5,2591.5,53200,0.0,0.0
2024-10-18 09:00:00+09:00,2626.5,2635.5,2616.0,2627.5,33500,0.0,0.0
2024-10-18 09:05:00+09:00,2628.0,2634.5,2626.5,2630.5,11900,0.0,0.0
2024-10-18 09:10:00+09:00,2630.0,2631.0,2625.0,2629.5,19200,0.0,0.0
2024-10-18 09:15:00+09:00,2629.0,2629.0,2617.5,2626.5,13400,0.0,0.0
2024-10-18 09:20:00+09:00,2623.5,2629.0,2622.5,2624.0,10900,0.0,0.0
2024-10-18 09:25:00+09:00,2624.5,2624.5,2613.0,2613.0,7500,0.0,0.0
2024-10-18 09:30:00+09:00,2613.0,2621.5,2612.5,2621.5,7600,0.0,0.0
2024-10-18 09:35:00+09:00,2622.0,2622.0,2618.0,2620.0,6300,0.0,0.0
2024-10-18 09:40:00+09:00,2619.5,2621.0,2616.0,2616.0,9800,0.0,0.0
2024-10-18 09:45:00+09:00,2616.0,2616.0,2611.0,2613.0,5200,0.0,0.0
2024-10-18 09:50:00+09:00,2614.0,2614.0,2605.0,2605.0,11900,0.0,0.0
2024-10-18 09:55:00+09:00,2605.0,2605.0,2594.5,2598.5,9600,0.0,0.0
2024-10-18 10:00:00+09:00,2599.0,2600.5,2594.5,2594.5,5000,0.0,0.0
2024-10-18 10:05:00+09:00,2594.0,2594.5,2589.0,2594.5,12100,0.0,0.0
2024-10-18 10:10:00+09:00,2594.5,2595.0,2590.0,2590.5,7800,0.0,0.0
2024-10-18 10:15:00+09:00,2592.0,2592.5,2579.5,2579.5,18700,0.0,0.0
2024-10-18 10:20:00+09:00,2581.5,2584.5,2580.5,2583.0,9900,0.0,0.0
2024-10-18 10:25:00+09:00,2583.0,2583.5,2580.0,2583.5,15400,0.0,0.0
2024-10-18 10:30:00+09:00,2584.0,2586.0,2582.5,2584.0,6500,0.0,0.0
2024-10-18 10:35:00+09:00,2584.0,2587.5,2583.5,2587.5,5500,0.0,0.0
2024-10-18 10:40:00+09:00,2587.5,2590.0,2585.0,2588.0,7400,0.0,0.0
2024-10-18 10:45:00+09:00,2588.0,2590.0,2583.5,2586.5,9200,0.0,0.0
2024-10-18 10:50:00+09:00,2587.5,2588.5,2582.5,2585.5,4600,0.0,0.0
2024-10-18 10:55:00+09:00,2585.5,2588.0,2584.5,2588.0,5500,0.0,0.0
2024-10-18 11:00:00+09:00,2589.0,2590.0,2581.5,2583.0,7600,0.0,0.0
2024-10-18 11:05:00+09:00,2581.0,2582.0,2578.5,2580.5,11500,0.0,0.0
2024-10-18 11:10:00+09:00,2581.0,2581.5,2579.0,2580.0,7000,0.0,0.0
2024-10-18 11:15:00+09:00,2581.0,2581.5,2571.0,2571.0,7400,0.0,0.0
2024-10-18 11:20:00+09:00,2571.0,2576.0,2569.5,2572.5,9300,0.0,0.0
2024-10-18 11:25:00+09:00,2571.0,2577.0,2571.0,2576.0,10000,0.0,0.0
2024-10-18 11:30:00+09:00,2576.0,2576.0,2576.0,2576.0,500,0.0,0.0
2024-10-18 11:35:00+09:00,2576.0,2576.0,2576.0,2576.0,0,0.0,0.0
2024-10-18 12:30:00+09:00,2570.0,2583.5,2569.5,2575.5,333900,0.0,0.0
2024-10-18 12:35:00+09:00,2575.5,2576.0,2570.5,2571.5,8600,0.0,0.0
2024-10-18 12:40:00+09:00,2571.5,2575.0,2569.5,2569.5,8800,0.0,0.0
2024-10-18 12:45:00+09:00,2569.5,2572.0,2569.5,2570.5,6600,0.0,0.0
2024-10-18 12:50:00+09:00,2571.0,2571.0,2566.5,2566.5,8700,0.0,0.0
2024-10-18 12:55:00+09:00,2567.0,2568.5,2564.0,2564.5,9100,0.0,0.0
2024-10-18 13:00:00+09:00,2564.0,2568.0,2562.5,2565.0,8600,0.0,0.0
2024-10-18 13:05:00+09:00,2565.0,2566.0,2563.5,2566.0,7800,0.0,0.0
2024-10-18 13:10:00+09:00,2567.0,2569.0,2563.0,2566.5,12200,0.0,0.0
2024-10-18 13:15:00+09:00,2567.0,2568.0,2565.5,2567.0,6700,0.0,0.0
2024-10-18 13:20:00+09:00,2566.5,2568.5,2564.0,2564.0,9400,0.0,0.0
2024-10-18 13:25:00+09:00,2564.0,2564.0,2559.5,2559.5,9700,0.0,0.0
2024-10-18 13:30:00+09:00,2559.5,2567.0,2559.5,2563.0,10400,0.0,0.0
2024-10-18 13:35:00+09:00,2563.0,2565.5,2561.5,2562.5,13200,0.0,0.0
2024-10-18 13:40:00+09:00,2562.0,2565.0,2561.5,2562.5,7200,0.0,0.0
2024-10-18 13:45:00+09:00,2562.5,2564.5,2562.5,2562.5,10700,0.0,0.0
2024-10-18 13:50:00+09:00,2562.0,2565.0,2562.0,2564.0,10300,0.0,0.0
2024-10-18 13:55:00+09:00,2562.5,2567.0,2562.0,2565.5,14700,0.0,0.0
2024-10-18 14:00:00+09:00,2565.5,2565.5,2563.0,2563.5,6100,0.0,0.0
2024-10-18 14:05:00+09:00,2563.5,2565.5,2563.5,2565.5,14100,0.0,0.0
2024-10-18 14:10:00+09:00,2566.0,2568.5,2566.0,2566.0,11200,0.0,0.0
2024-10-18 14:15:00+09:00,2567.0,2568.5,2566.5,2567.5,11900,0.0,0.0
2024-10-18 14:20:00+09:00,2568.0,2571.0,2566.0,2568.5,11700,0.0,0.0
2024-10-18 14:25:00+09:00,2569.0,2570.0,2565.5,2565.5,13000,0.0,0.0
2024-10-18 14:30:00+09:00,2565.5,2567.5,2565.0,2567.5,14300,0.0,0.0
2024-10-18 14:35:00+09:00,2567.0,2570.0,2567.0,2569.0,9800,0.0,0.0
2024-10-18 14:40:00+09:00,2569.0,2572.5,2566.5,2567.5,22200,0.0,0.0
2024-10-18 14:45:00+09:00,2567.5,2572.0,2566.5,2567.0,16900,0.0,0.0
2024-10-18 14:50:00+09:00,2566.5,2569.5,2566.0,2569.5,15800,0.0,0.0
2024-10-18 14:55:00+09:00,2571.5,2576.0,2562.0,2562.0,61500,0.0,0.0
2024-10-21 09:00:00+09:00,2556.0,2566.0,2541.0,2554.5,41100,0.0,0.0
2024-10-21 09:05:00+09:00,2555.5,2566.5,2555.5,2560.0,12100,0.0,0.0
2024-10-21 09:10:00+09:00,2560.5,2560.5,2536.5,2536.5,8800,0.0,0.0
2024-10-21 09:15:00+09:00,2538.0,2545.0,2535.0,2545.0,16800,0.0,0.0
2024-10-21 09:20:00+09:00,2545.5,2549.5,2541.0,2548.5,10400,0.0,0.0
2024-10-21 09:25:00+09:00,2548.0,2548.0,2539.5,2545.0,6600,0.0,0.0
2024-10-21 09:30:00+09:00,2546.0,2550.5,2544.0,2550.5,6800,0.0,0.0
2024-10-21 09:35:00+09:00,2552.5,2556.5,2549.5,2556.5,8300,0.0,0.0
2024-10-21 09:40:00+09:00,2556.5,2561.0,2556.0,2561.0,3900,0.0,0.0
2024-10-21 09:45:00+09:00,2561.0,2568.0,2561.0,2568.0,7300,0.0,0.0
2024-10-21 09:50:00+09:00,2569.0,2570.0,2566.0,2567.0,5000,0.0,0.0
2024-10-21 09:55:00+09:00,2566.0,2566.0,2559.5,2559.5,4200,0.0,0.0
2024-10-21 10:00:00+09:00,2562.5,2565.5,2560.5,2560.5,4200,0.0,0.0
2024-10-21 10:05:00+09:00,2561.5,2562.5,2559.5,2559.5,3600,0.0,0.0
2024-10-21 10:10:00+09:00,2559.5,2561.0,2557.0,2557.5,4500,0.0,0.0
2024-10-21 10:15:00+09:00,2558.0,2560.5,2557.0,2560.5,3400,0.0,0.0
2024-10-21 10:20:00+09:00,2561.5,2561.5,2557.0,2558.0,4700,0.0,0.0
2024-10-21 10:25:00+09:00,2559.0,2561.5,2556.0,2558.0,4700,0.0,0.0
2024-10-21 10:30:00+09:00,2556.5,2556.5,2554.0,2555.5,2700,0.0,0.0
2024-10-21 10:35:00+09:00,2556.5,2559.5,2556.5,2558.5,3900,0.0,0.0
2024-10-21 10:40:00+09:00,2559.0,2559.5,2555.5,2557.5,4100,0.0,0.0
2024-10-21 10:45:00+09:00,2558.5,2559.0,2553.5,2553.5,4800,0.0,0.0
2024-10-21 10:50:00+09:00,2554.5,2557.0,2554.5,2556.0,3100,0.0,0.0
2024-10-21 10:55:00+09:00,2556.5,2557.5,2555.5,2557.5,2400,0.0,0.0
2024-10-21 11:00:00+09:00,2557.5,2562.0,2557.5,2561.0,3600,0.0,0.0
2024-10-21 11:05:00+09:00,2563.0,2564.5,2560.5,2564.0,4100,0.0,0.0
2024-10-21 11:10:00+09:00,2562.5,2567.0,2561.5,2562.5,3600,0.0,0.0
2024-10-21 11:15:00+09:00,2561.5,2561.5,2558.5,2559.5,2400,0.0,0.0
2024-10-21 11:20:00+09:00,2561.0,2563.5,2559.5,2560.5,2900,0.0,0.0
2024-10-21 11:25:00+09:00,2560.0,2563.0,2558.5,2563.0,4400,0.0,0.0
2024-10-21 11:30:00+09:00,2563.0,2563.0,2563.0,2563.0,200,0.0,0.0
2024-10-21 11:35:00+09:00,2563.0,2563.0,2563.0,2563.0,0,0.0,0.0
2024-10-21 12:30:00+09:00,2553.0,2559.5,2553.0,2554.5,213200,0.0,0.0
2024-10-21 12:35:00+09:00,2555.0,2557.5,2555.0,2557.5,5300,0.0,0.0
2024-10-21 12:40:00+09:00,2558.0,2559.5,2555.5,2557.5,4900,0.0,0.0
2024-10-21 12:45:00+09:00,2558.5,2559.0,2556.0,2556.0,5100,0.0,0.0
2024-10-21 12:50:00+09:00,2556.0,2556.5,2553.5,2554.5,6200,0.0,0.0
2024-10-21 12:55:00+09:00,2556.5,2557.0,2554.0,2555.0,4100,0.0,0.0
2024-10-21 13:00:00+09:00,2556.0,2556.5,2555.5,2556.0,3400,0.0,0.0
2024-10-21 13:05:00+09:00,2556.0,2556.5,2554.5,2555.5,3800,0.0,0.0
2024-10-21 13:10:00+09:00,2555.5,2557.5,2554.0,2557.5,3700,0.0,0.0
2024-10-21 13:15:00+09:00,2558.5,2558.5,2556.5,2557.5,2800,0.0,0.0
2024-10-21 13:20:00+09:00,2557.0,2558.0,2556.5,2556.5,2300,0.0,0.0
2024-10-21 13:25:00+09:00,2556.0,2557.0,2554.0,2555.5,6200,0.0,0.0
2024-10-21 13:30:00+09:00,2556.0,2557.5,2556.0,2556.0,3400,0.0,0.0
2024-10-21 13:35:00+09:00,2556.0,2559.0,2555.5,2555.5,11400,0.0,0.0
2024-10-21 13:40:00+09:00,2556.0,2558.5,2555.5,2555.5,8100,0.0,0.0
2024-10-21 13:45:00+09:00,2555.5,2556.5,2555.0,2555.0,8100,0.0,0.0
2024-10-21 13:50:00+09:00,2554.5,2557.0,2554.5,2557.0,6100,0.0,0.0
2024-10-21 13:55:00+09:00,2556.5,2556.5,2552.0,2552.0,11800,0.0,0.0
2024-10-21 14:00:00+09:00,2553.0,2555.5,2552.0,2555.5,6700,0.0,0.0
2024-10-21 14:05:00+09:00,2555.5,2556.0,2554.0,2554.0,10000,0.0,0.0
2024-10-21 14:10:00+09:00,2554.5,2555.0,2550.5,2553.5,14900,0.0,0.0
2024-10-21 14:15:00+09:00,2553.5,2553.5,2548.0,2553.0,13600,0.0,0.0
2024-10-21 14:20:00+09:00,2553.0,2554.5,2551.0,2553.5,16000,0.0,0.0
2024-10-21 14:25:00+09:00,2553.5,2554.0,2551.0,2553.0,14800,0.0,0.0
2024-10-21 14:30:00+09:00,2553.0,2554.0,2551.0,2554.0,16100,0.0,0.0
2024-10-21 14:35:00+09:00,2554.0,2554.0,2549.5,2550.0,14700,0.0,0.0
2024-10-21 14:40:00+09:00,2550.5,2552.5,2549.0,2549.0,31000,0.0,0.0
2024-10-21 14:45:00+09:00,2550.0,2553.0,2550.0,2551.0,29500,0.0,0.0
2024-10-21 14:50:00+09:00,2551.0,2556.5,2551.0,2552.5,31100,0.0,0.0
2024-10-21 14:55:00+09:00,2553.0,2555.5,2549.0,2552.0,40900,0.0,0.0
2024-10-22 09:00:00+09:00,2540.5,2547.0,2527.5,2542.0,40600,0.0,0.0
2024-10-22 09:05:00+09:00,2540.0,2544.5,2537.0,2537.0,7000,0.0,0.0
2024-10-22 09:10:00+09:00,2537.0,2538.5,2529.0,2529.0,13100,0.0,0.0
2024-10-22 09:15:00+09:00,2526.0,2528.0,2512.0,2515.5,10000,0.0,0.0
2024-10-22 09:20:00+09:00,2513.5,2518.5,2512.0,2514.0,5600,0.0,0.0
2024-10-22 09:25:00+09:00,2513.0,2516.0,2511.5,2513.5,5400,0.0,0.0
2024-10-22 09:30:00+09:00,2515.0,2515.0,2506.0,2507.5,12200,0.0,0.0
2024-10-22 09:35:00+09:00,2507.5,2509.5,2503.0,2503.0,11300,0.0,0.0
2024-10-22 09:40:00+09:00,2504.0,2509.5,2502.0,2503.0,8300,0.0,0.0
2024-10-22 09:45:00+09:00,2502.5,2503.0,2491.0,2499.0,21000,0.0,0.0
2024-10-22 09:50:00+09:00,2497.0,2499.5,2496.0,2498.0,6300,0.0,0.0
2024-10-22 09:55:00+09:00,2497.0,2497.0,2491.5,2492.5,8400,0.0,0.0
2024-10-22 10:00:00+09:00,2493.0,2493.0,2482.5,2484.0,12000,0.0,0.0
2024-10-22 10:05:00+09:00,2483.5,2486.5,2482.0,2486.5,8000,0.0,0.0
2024-10-22 10:10:00+09:00,2488.0,2488.0,2480.0,2481.5,10000,0.0,0.0
2024-10-22 10:15:00+09:00,2480.0,2493.5,2480.0,2493.5,5100,0.0,0.0
2024-10-22 10:20:00+09:00,2494.5,2498.5,2491.5,2498.0,6000,0.0,0.0
2024-10-22 10:25:00+09:00,2496.5,2500.5,2494.5,2499.5,4300,0.0,0.0
2024-10-22 10:30:00+09:00,2500.0,2503.5,2498.5,2502.0,4400,0.0,0.0
2024-10-22 10:35:00+09:00,2502.5,2504.0,2496.5,2496.5,5300,0.0,0.0
2024-10-22 10:40:00+09:00,2496.0,2497.0,2490.0,2492.0,7400,0.0,0.0
2024-10-22 10:45:00+09:00,2491.0,2491.0,2483.0,2485.5,4500,0.0,0.0
2024-10-22 10:50:00+09:00,2486.0,2488.5,2482.0,2485.5,11100,0.0,0.0
2024-10-22 10:55:00+09:00,2485.5,2489.0,2484.0,2486.5,4200,0.0,0.0
2024-10-22 11:00:00+09:00,2485.5,2494.0,2485.5,2494.0,12600,0.0,0.0
2024-10-22 11:05:00+09:00,2494.0,2500.0,2493.0,2498.0,10100,0.0,0.0
2024-10-22 11:10:00+09:00,2497.5,2497.5,2494.0,2495.5,5800,0.0,0.0
2024-10-22 11:15:00+09:00,2494.5,2495.0,2489.5,2491.5,10100,0.0,0.0
2024-10-22 11:20:00+09:00,2492.5,2493.5,2490.5,2490.5,5500,0.0,0.0
2024-10-22 11:25:00+09:00,2490.5,2490.5,2484.5,2489.0,8000,0.0,0.0
2024-10-22 11:30:00+09:00,2489.0,2489.0,2489.0,2489.0,400,0.0,0.0
2024-10-22 11:35:00+09:00,2489.0,2489.0,2489.0,2489.0,0,0.0,0.0
2024-10-22 12:30:00+09:00,2489.0,2503.5,2489.0,2503.5,303900,0.0,0.0
2024-10-22 12:35:00+09:00,2503.5,2505.5,2501.5,2504.0,9500,0.0,0.0
2024-10-22 12:40:00+09:00,2505.0,2505.0,2504.0,2504.0,5300,0.0,0.0
2024-10-22 12:45:00+09:00,2504.5,2509.0,2504.0,2506.0,6400,0.0,0.0
2024-10-22 12:50:00+09:00,2506.5,2507.5,2505.5,2507.5,4600,0.0,0.0
2024-10-22 12:55:00+09:00,2508.5,2509.0,2505.0,2506.0,4500,0.0,0.0
2024-10-22 13:00:00+09:00,2506.0,2507.5,2505.5,2506.0,4000,0.0,0.0
2024-10-22 13:05:00+09:00,2505.0,2507.5,2504.5,2506.0,3500,0.0,0.0
2024-10-22 13:10:00+09:00,2507.5,2508.0,2506.0,2507.0,4000,0.0,0.0
2024-10-22 13:15:00+09:00,2508.0,2508.0,2506.5,2506.5,3800,0.0,0.0
2024-10-22 13:20:00+09:00,2508.0,2509.5,2505.0,2505.0,5600,0.0,0.0
2024-10-22 13:25:00+09:00,2504.5,2508.5,2504.5,2508.5,3800,0.0,0.0
2024-10-22 13:30:00+09:00,2507.5,2508.0,2504.0,2504.5,5100,0.0,0.0
2024-10-22 13:35:00+09:00,2505.0,2505.5,2503.5,2503.5,6600,0.0,0.0
2024-10-22 13:40:00+09:00,2503.5,2505.0,2503.5,2504.5,3200,0.0,0.0
2024-10-22 13:45:00+09:00,2504.0,2504.0,2496.5,2496.5,11400,0.0,0.0
2024-10-22 13:50:00+09:00,2497.5,2500.0,2496.5,2500.0,3600,0.0,0.0
2024-10-22 13:55:00+09:00,2500.5,2500.5,2492.0,2492.5,22700,0.0,0.0
2024-10-22 14:00:00+09:00,2494.0,2496.5,2489.5,2489.5,15200,0.0,0.0
2024-10-22 14:05:00+09:00,2490.5,2493.5,2489.5,2493.0,11300,0.0,0.0
2024-10-22 14:10:00+09:00,2493.0,2495.0,2493.0,2495.0,6300,0.0,0.0
2024-10-22 14:15:00+09:00,2495.0,2495.0,2489.0,2491.0,20800,0.0,0.0
2024-10-22 14:20:00+09:00,2490.5,2492.0,2488.0,2490.5,14300,0.0,0.0
2024-10-22 14:25:00+09:00,2491.5,2492.5,2489.0,2492.5,11200,0.0,0.0
2024-10-22 14:30:00+09:00,2492.5,2493.0,2488.5,2491.5,16300,0.0,0.0
2024-10-22 14:35:00+09:00,2492.0,2493.5,2491.0,2493.5,7700,0.0,0.0
2024-10-22 14:40:00+09:00,2493.5,2495.0,2489.0,2489.0,21800,0.0,0.0
2024-10-22 14:45:00+09:00,2489.0,2489.5,2484.0,2486.0,31700,0.0,0.0
2024-10-22 14:50:00+09:00,2484.5,2486.5,2482.0,2484.5,35200,0.0,0.0
2024-10-22 14:55:00+09:00,2483.0,2485.5,2478.5,2480.0,81800,0.0,0.0
2024-10-23 09:00:00+09:00,2471.5,2492.5,2471.5,2478.5,45300,0.0,0.0
2024-10-23 09:05:00+09:00,2480.0,2493.0,2480.0,2487.5,9900,0.0,0.0
2024-10-23 09:10:00+09:00,2485.0,2485.0,2462.5,2476.5,27100,0.0,0.0
2024-10-23 09:15:00+09:00,2476.5,2481.0,2470.5,2480.0,9300,0.0,0.0
2024-10-23 09:20:00+09:00,2481.0,2485.5,2481.0,2483.0,9500,0.0,0.0
2024-10-23 09:25:00+09:00,2483.5,2497.5,2483.5,2496.5,12900,0.0,0.0
2024-10-23 09:30:00+09:00,2496.5,2496.5,2489.5,2493.0,5500,0.0,0.0
2024-10-23 09:35:00+09:00,2492.5,2496.5,2492.5,2494.5,7700,0.0,0.0
2024-10-23 09:40:00+09:00,2495.0,2498.5,2492.5,2498.5,6500,0.0,0.0
2024-10-23 09:45:00+09:00,2496.5,2497.0,2491.0,2494.0,10300,0.0,0.0
2024-10-23 09:50:00+09:00,2494.0,2498.5,2486.5,2486.5,11500,0.0,0.0
2024-10-23 09:55:00+09:00,2487.5,2491.5,2487.0,2491.5,5900,0.0,0.0
2024-10-23 10:00:00+09:00,2492.0,2492.5,2490.0,2492.0,4300,0.0,0.0
2024-10-23 10:05:00+09:00,2492.5,2497.0,2492.0,2494.0,11900,0.0,0.0
2024-10-23 10:10:00+09:00,2493.0,2494.5,2490.5,2493.5,4700,0.0,0.0
2024-10-23 10:15:00+09:00,2492.0,2495.0,2490.0,2490.0,8100,0.0,0.0
2024-10-23 10:20:00+09:00,2489.5,2500.0,2489.5,2499.0,6800,0.0,0.0
2024-10-23 10:25:00+09:00,2498.0,2499.0,2494.0,2494.0,7400,0.0,0.0
2024-10-23 10:30:00+09:00,2495.0,2501.0,2495.0,2501.0,6400,0.0,0.0
2024-10-23 10:35:00+09:00,2500.5,2500.5,2494.0,2494.5,8900,0.0,0.0
2024-10-23 10:40:00+09:00,2495.0,2496.0,2494.0,2495.0,4800,0.0,0.0
2024-10-23 10:45:00+09:00,2496.5,2500.0,2495.0,2500.0,8200,0.0,0.0
2024-10-23 10:50:00+09:00,2498.5,2498.5,2493.0,2494.0,4700,0.0,0.0
2024-10-23 10:55:00+09:00,2494.0,2496.5,2493.0,2495.0,9400,0.0,0.0
2024-10-23 11:00:00+09:00,2494.5,2499.5,2494.5,2497.0,5300,0.0,0.0
2024-10-23 11:05:00+09:00,2497.0,2497.5,2493.5,2497.5,8500,0.0,0.0
2024-10-23 11:10:00+09:00,2497.0,2499.0,2496.0,2499.0,3300,0.0,0.0
2024-10-23 11:15:00+09:00,2499.0,2501.0,2497.0,2500.5,6000,0.0,0.0
2024-10-23 11:20:00+09:00,2500.5,2500.5,2497.5,2498.0,3100,0.0,0.0
2024-10-23 11:25:00+09:00,2498.0,2498.5,2495.0,2496.5,8100,0.0,0.0
2024-10-23 11:30:00+09:00,2498.0,2498.0,2498.0,2498.0,900,0.0,0.0
2024-10-23 11:35:00+09:00,2498.0,2498.0,2498.0,2498.0,0,0.0,0.0
2024-10-23 12:30:00+09:00,2493.0,2498.0,2486.0,2486.0,299900,0.0,0.0
2024-10-23 12:35:00+09:00,2489.0,2493.0,2489.0,2491.5,22500,0.0,0.0
2024-10-23 12:40:00+09:00,2492.0,2496.5,2491.0,2493.0,18700,0.0,0.0
2024-10-23 12:45:00+09:00,2493.5,2497.0,2493.0,2493.5,6300,0.0,0.0
2024-10-23 12:50:00+09:00,2493.5,2497.0,2493.0,2495.0,13200,0.0,0.0
2024-10-23 12:55:00+09:00,2494.5,2494.5,2485.0,2485.0,10100,0.0,0.0
2024-10-23 13:00:00+09:00,2484.0,2488.5,2479.0,2488.0,16300,0.0,0.0
2024-10-23 13:05:00+09:00,2487.5,2487.5,2486.0,2487.0,6000,0.0,0.0
2024-10-23 13:10:00+09:00,2486.5,2486.5,2482.0,2484.0,12800,0.0,0.0
2024-10-23 13:15:00+09:00,2484.5,2491.0,2483.0,2491.0,10300,0.0,0.0
2024-10-23 13:20:00+09:00,2491.0,2491.0,2485.5,2485.5,5400,0.0,0.0
2024-10-23 13:25:00+09:00,2486.0,2489.0,2484.0,2488.5,15700,0.0,0.0
2024-10-23 13:30:00+09:00,2487.5,2487.5,2485.0,2485.5,12200,0.0,0.0
2024-10-23 13:35:00+09:00,2485.5,2488.5,2485.5,2488.5,6800,0.0,0.0
2024-10-23 13:40:00+09:00,2488.5,2489.5,2487.5,2488.0,8500,0.0,0.0
2024-10-23 13:45:00+09:00,2488.0,2489.5,2487.5,2488.0,7000,0.0,0.0
2024-10-23 13:50:00+09:00,2488.5,2489.0,2486.0,2486.5,8300,0.0,0.0
2024-10-23 13:55:00+09:00,2486.0,2490.0,2486.0,2489.0,12100,0.0,0.0
2024-10-23 14:00:00+09:00,2488.5,2488.5,2486.0,2486.5,9700,0.0,0.0
2024-10-23 14:05:00+09:00,2486.5,2489.5,2485.5,2487.0,13100,0.0,0.0
2024-10-23 14:10:00+09:00,2486.5,2487.5,2486.0,2487.5,9100,0.0,0.0
2024-10-23 14:15:00+09:00,2487.5,2489.5,2486.0,2488.5,14000,0.0,0.0
2024-10-23 14:20:00+09:00,2488.5,2488.5,2483.0,2484.5,17900,0.0,0.0
2024-10-23 14:25:00+09:00,2485.0,2504.0,2483.5,2503.5,75400,0.0,0.0
2024-10-23 14:30:00+09:00,2502.0,2502.0,2498.0,2500.0,14800,0.0,0.0
2024-10-23 14:35:00+09:00,2499.5,2500.5,2497.0,2500.0,13700,0.0,0.0
2024-10-23 14:40:00+09:00,2499.5,2504.0,2498.5,2499.5,13800,0.0,0.0
2024-10-23 14:45:00+09:00,2500.0,2500.0,2490.0,2491.5,28000,0.0,0.0
2024-10-23 14:50:00+09:00,2489.5,2500.0,2488.0,2497.0,79400,0.0,0.0
2024-10-23 14:55:00+09:00,2497.0,2504.5,2487.0,2504.5,68400,0.0,0.0
2024-10-24 09:00:00+09:00,2456.5,2484.0,2454.5,2477.0,37200,0.0,0.0
2024-10-24 09:05:00+09:00,2477.0,2487.5,2473.0,2487.0,16400,0.0,0.0
2024-10-24 09:10:00+09:00,2488.5,2500.0,2485.0,2497.5,18000,0.0,0.0
2024-10-24 09:15:00+09:00,2498.5,2502.5,2491.5,2499.0,13200,0.0,0.0
2024-10-24 09:20:00+09:00,2499.0,2503.5,2494.5,2495.0,7600,0.0,0.0
2024-10-24 09:25:00+09:00,2496.0,2498.0,2489.0,2494.5,10400,0.0,0.0
2024-10-24 09:30:00+09:00,2494.5,2500.0,2493.0,2499.0,5200,0.0,0.0
2024-10-24 09:35:00+09:00,2500.5,2516.0,2500.5,2512.5,24300,0.0,0.0
2024-10-24 09:40:00+09:00,2513.5,2527.0,2511.5,2527.0,11600,0.0,0.0
2024-10-24 09:45:00+09:00,2528.0,2531.0,2527.0,2529.5,8500,0.0,0.0
2024-10-24 09:50:00+09:00,2529.5,2534.0,2527.0,2532.5,9300,0.0,0.0
2024-10-24 09:55:00+09:00,2533.5,2539.0,2531.5,2537.5,8900,0.0,0.0
2024-10-24 10:00:00+09:00,2537.5,2538.0,2526.5,2527.0,7400,0.0,0.0
2024-10-24 10:05:00+09:00,2525.5,2527.0,2524.0,2525.0,5100,0.0,0.0
2024-10-24 10:10:00+09:00,2526.5,2527.5,2526.0,2527.0,4200,0.0,0.0
2024-10-24 10:15:00+09:00,2527.0,2529.0,2522.5,2525.0,7500,0.0,0.0
2024-10-24 10:20:00+09:00,2523.5,2524.5,2520.5,2523.0,4400,0.0,0.0
2024-10-24 10:25:00+09:00,2523.5,2524.5,2522.0,2522.0,5400,0.0,0.0
2024-10-24 10:30:00+09:00,2521.5,2527.5,2520.5,2527.0,3800,0.0,0.0
2024-10-24 10:35:00+09:00,2527.5,2531.5,2523.5,2530.0,6400,0.0,0.0
2024-10-24 10:40:00+09:00,2530.5,2533.5,2529.0,2530.5,6600,0.0,0.0
2024-10-24 10:45:00+09:00,2532.0,2533.0,2527.0,2527.0,8100,0.0,0.0
2024-10-24 10:50:00+09:00,2525.0,2528.0,2525.0,2526.5,3300,0.0,0.0
2024-10-24 10:55:00+09:00,2527.5,2528.5,2525.5,2528.0,4900,0.0,0.0
2024-10-24 11:00:00+09:00,2528.5,2528.5,2518.5,2523.5,7300,0.0,0.0
2024-10-24 11:05:00+09:00,2524.0,2525.5,2518.5,2523.5,4600,0.0,0.0
2024-10-24 11:10:00+09:00,2524.0,2525.5,2521.0,2524.5,9300,0.0,0.0
2024-10-24 11:15:00+09:00,2525.0,2529.5,2523.5,2529.0,7500,0.0,0.0
2024-10-24 11:20:00+09:00,2528.5,2533.0,2527.5,2530.0,8400,0.0,0.0
2024-10-24 11:25:00+09:00,2530.0,2532.5,2529.5,2530.0,6900,0.0,0.0
2024-10-24 11:30:00+09:00,2529.5,2529.5,2528.5,2528.5,1700,0.0,0.0
2024-10-24 11:35:00+09:00,2528.5,2528.5,2528.5,2528.5,0,0.0,0.0
2024-10-24 12:30:00+09:00,2541.0,2544.5,2536.0,2536.5,311700,0.0,0.0
2024-10-24 12:35:00+09:00,2536.5,2537.0,2533.5,2535.5,10300,0.0,0.0
2024-10-24 12:40:00+09:00,2535.5,2538.5,2534.0,2536.0,8100,0.0,0.0
2024-10-24 12:45:00+09:00,2536.5,2537.0,2532.5,2532.5,6000,0.0,0.0
2024-10-24 12:50:00+09:00,2532.5,2538.5,2530.0,2538.0,13700,0.0,0.0
2024-10-24 12:55:00+09:00,2536.5,2537.0,2533.5,2535.0,5900,0.0,0.0
2024-10-24 13:00:00+09:00,2534.5,2534.5,2531.5,2531.5,6500,0.0,0.0
2024-10-24 13:05:00+09:00,2532.0,2534.5,2530.5,2531.5,5800,0.0,0.0
2024-10-24 13:10:00+09:00,2531.5,2533.0,2527.0,2527.0,7300,0.0,0.0
2024-10-24 13:15:00+09:00,2525.5,2529.5,2524.5,2525.5,7000,0.0,0.0
2024-10-24 13:20:00+09:00,2525.5,2525.5,2520.5,2522.5,4800,0.0,0.0
2024-10-24 13:25:00+09:00,2523.5,2526.0,2523.5,2525.0,4500,0.0,0.0
2024-10-24 13:30:00+09:00,2525.0,2528.0,2524.5,2526.0,5100,0.0,0.0
2024-10-24 13:35:00+09:00,2525.5,2527.0,2521.0,2521.5,5700,0.0,0.0
2024-10-24 13:40:00+09:00,2523.0,2525.5,2522.5,2525.5,5500,0.0,0.0
2024-10-24 13:45:00+09:00,2525.5,2527.0,2523.0,2526.0,6200,0.0,0.0
2024-10-24 13:50:00+09:00,2526.0,2530.5,2526.0,2530.0,6500,0.0,0.0
2024-10-24 13:55:00+09:00,2530.0,2537.0,2530.0,2533.5,13800,0.0,0.0
2024-10-24 14:00:00+09:00,2533.0,2536.0,2533.0,2534.5,6700,0.0,0.0
2024-10-24 14:05:00+09:00,2535.0,2537.0,2534.5,2536.0,5300,0.0,0.0
2024-10-24 14:10:00+09:00,2536.5,2541.0,2536.0,2539.5,7000,0.0,0.0
2024-10-24 14:15:00+09:00,2539.5,2544.5,2539.5,2542.5,10000,0.0,0.0
2024-10-24 14:20:00+09:00,2542.0,2542.5,2540.0,2541.0,6500,0.0,0.0
2024-10-24 14:25:00+09:00,2541.0,2541.0,2538.0,2538.0,8400,0.0,0.0
2024-10-24 14:30:00+09:00,2538.0,2539.5,2535.0,2538.5,11300,0.0,0.0
2024-10-24 14:35:00+09:00,2539.5,2543.0,2533.5,2543.0,31900,0.0,0.0
2024-10-24 14:40:00+09:00,2544.0,2547.5,2544.0,2546.0,17400,0.0,0.0
2024-10-24 14:45:00+09:00,2547.0,2549.0,2545.5,2549.0,16000,0.0,0.0
2024-10-24 14:50:00+09:00,2549.5,2558.0,2548.5,2556.5,27700,0.0,0.0
2024-10-24 14:55:00+09:00,2557.0,2570.0,2550.0,2550.0,49000,0.0,0.0
2024-10-25 09:00:00+09:00,2525.0,2565.0,2522.0,2548.5,71900,0.0,0.0
2024-10-25 09:05:00+09:00,2548.5,2553.0,2541.5,2552.5,21100,0.0,0.0
2024-10-25 09:10:00+09:00,2548.0,2554.5,2543.5,2554.5,18400,0.0,0.0
2024-10-25 09:15:00+09:00,2553.5,2555.5,2542.5,2544.5,20200,0.0,0.0
2024-10-25 09:20:00+09:00,2543.5,2546.5,2538.0,2543.0,22800,0.0,0.0
2024-10-25 09:25:00+09:00,2541.5,2541.5,2524.5,2530.0,21200,0.0,0.0
2024-10-25 09:30:00+09:00,2530.0,2537.0,2530.0,2534.5,9000,0.0,0.0
2024-10-25 09:35:00+09:00,2533.0,2536.0,2532.5,2534.5,13700,0.0,0.0
2024-10-25 09:40:00+09:00,2534.5,2538.0,2533.5,2536.5,8400,0.0,0.0
2024-10-25 09:45:00+09:00,2543.5,2544.0,2542.5,2544.0,14300,0.0,0.0
2024-10-25 09:50:00+09:00,2541.0,2544.0,2539.5,2540.5,10200,0.0,0.0
2024-10-25 09:55:00+09:00,2539.5,2545.5,2539.5,2542.5,10200,0.0,0.0
2024-10-25 10:00:00+09:00,2543.0,2544.0,2541.0,2544.0,0,0.0,0.0
2024-10-25 10:05:00+09:00,2544.5,2550.5,2544.0,2550.5,259600,0.0,0.0
2024-10-25 10:10:00+09:00,2551.5,2554.0,2542.0,2544.0,36300,0.0,0.0
2024-10-25 10:15:00+09:00,2546.0,2548.5,2544.5,2548.5,7900,0.0,0.0
2024-10-25 10:20:00+09:00,2548.5,2548.5,2545.5,2546.5,7000,0.0,0.0
2024-10-25 10:25:00+09:00,2546.0,2547.0,2544.0,2547.0,7300,0.0,0.0
2024-10-25 10:30:00+09:00,2547.0,2548.0,2540.5,2543.5,7200,0.0,0.0
2024-10-25 10:35:00+09:00,2543.0,2543.5,2538.5,2538.5,6100,0.0,0.0
2024-10-25 10:40:00+09:00,2538.5,2544.0,2536.5,2540.5,12100,0.0,0.0
2024-10-25 10:45:00+09:00,2541.5,2541.5,2539.5,2540.5,6300,0.0,0.0
2024-10-25 10:50:00+09:00,2540.5,2543.5,2539.5,2539.5,7600,0.0,0.0
2024-10-25 10:55:00+09:00,2539.5,2543.5,2539.0,2543.5,5800,0.0,0.0
2024-10-25 11:00:00+09:00,2543.5,2543.5,2540.0,2543.0,8300,0.0,0.0
2024-10-25 11:05:00+09:00,2543.0,2543.0,2541.5,2541.5,5500,0.0,0.0
2024-10-25 11:10:00+09:00,2541.0,2543.0,2538.0,2538.0,9100,0.0,0.0
2024-10-25 11:15:00+09:00,2538.5,2541.0,2537.0,2539.5,8600,0.0,0.0
2024-10-25 11:20:00+09:00,2541.0,2543.5,2540.0,2540.0,8700,0.0,0.0
2024-10-25 11:25:00+09:00,2540.0,2541.5,2539.0,2540.5,7600,0.0,0.0
2024-10-25 11:30:00+09:00,2540.5,2542.5,2540.5,2542.5,1300,0.0,0.0
2024-10-25 11:35:00+09:00,2542.5,2542.5,2542.5,2542.5,0,0.0,0.0
2024-10-25 12:30:00+09:00,2543.0,2546.0,2523.0,2525.0,457200,0.0,0.0
2024-10-25 12:35:00+09:00,2519.5,2521.0,2514.0,2516.5,21400,0.0,0.0
2024-10-25 12:40:00+09:00,2521.0,2523.5,2519.0,2520.5,13100,0.0,0.0
2024-10-25 12:45:00+09:00,2525.0,2525.0,2519.5,2519.5,6200,0.0,0.0
2024-10-25 12:50:00+09:00,2520.5,2525.0,2520.5,2522.0,9700,0.0,0.0
2024-10-25 12:55:00+09:00,2522.5,2524.5,2519.0,2522.5,9800,0.0,0.0
2024-10-25 13:00:00+09:00,2522.0,2522.0,2519.0,2520.5,7800,0.0,0.0
2024-10-25 13:05:00+09:00,2517.0,2517.0,2515.5,2517.0,0,0.0,0.0
2024-10-25 13:10:00+09:00,2516.5,2520.5,2516.5,2518.0,543000,0.0,0.0
2024-10-25 13:15:00+09:00,2517.0,2517.5,2515.5,2517.0,21300,0.0,0.0
2024-10-25 13:20:00+09:00,2517.5,2519.0,2512.5,2514.5,13900,0.0,0.0
2024-10-25 13:25:00+09:00,2515.5,2519.0,2515.5,2517.5,16300,0.0,0.0
2024-10-25 13:30:00+09:00,2516.5,2518.5,2515.5,2515.5,10600,0.0,0.0
2024-10-25 13:35:00+09:00,2515.0,2518.0,2510.5,2516.5,16300,0.0,0.0
2024-10-25 13:40:00+09:00,2517.0,2521.0,2516.5,2517.5,12100,0.0,0.0
2024-10-25 13:45:00+09:00,2517.5,2521.5,2517.0,2517.0,15300,0.0,0.0
2024-10-25 13:50:00+09:00,2517.0,2518.5,2514.0,2517.0,28500,0.0,0.0
2024-10-25 13:55:00+09:00,2517.0,2518.5,2516.0,2518.5,17000,0.0,0.0
2024-10-25 14:00:00+09:00,2519.0,2521.5,2519.0,2519.5,13400,0.0,0.0
2024-10-25 14:05:00+09:00,2519.5,2520.0,2517.5,2519.5,9200,0.0,0.0
2024-10-25 14:10:00+09:00,2519.5,2520.0,2517.5,2518.5,12200,0.0,0.0
2024-10-25 14:15:00+09:00,2518.5,2520.0,2517.5,2520.0,9600,0.0,0.0
2024-10-25 14:20:00+09:00,2520.5,2526.0,2520.0,2521.5,34700,0.0,0.0
2024-10-25 14:25:00+09:00,2521.0,2526.0,2519.0,2524.5,15900,0.0,0.0
2024-10-25 14:30:00+09:00,2525.0,2533.5,2525.0,2531.0,17900,0.0,0.0
2024-10-25 14:35:00+09:00,2531.0,2532.0,2529.0,2530.5,9000,0.0,0.0
2024-10-25 14:40:00+09:00,2531.0,2532.0,2528.5,2532.0,18300,0.0,0.0
2024-10-25 14:45:00+09:00,2532.0,2535.0,2527.0,2533.0,28800,0.0,0.0
2024-10-25 14:50:00+09:00,2532.5,2540.0,2530.0,2538.5,36900,0.0,0.0
2024-10-25 14:55:00+09:00,2539.0,2555.5,2529.0,2529.0,72600,0.0,0.0
2024-10-28 09:00:00+09:00,2500.0,2657.0,2480.0,2612.0,675600,0.0,0.0
2024-10-28 09:05:00+09:00,2613.0,2659.5,2600.0,2640.5,79700,0.0,0.0
2024-10-28 09:10:00+09:00,2643.5,2674.0,2636.5,2664.5,81900,0.0,0.0
2024-10-28 09:15:00+09:00,2665.0,2678.0,2657.0,2663.0,66000,0.0,0.0
2024-10-28 09:20:00+09:00,2666.0,2692.5,2663.5,2683.0,39400,0.0,0.0
2024-10-28 09:25:00+09:00,2687.0,2687.0,2656.5,2656.5,26300,0.0,0.0
2024-10-28 09:30:00+09:00,2660.5,2662.5,2625.0,2626.5,25700,0.0,0.0
2024-10-28 09:35:00+09:00,2625.0,2625.0,2603.5,2612.0,32400,0.0,0.0
2024-10-28 09:40:00+09:00,2610.5,2612.0,2593.5,2603.0,44200,0.0,0.0
2024-10-28 09:45:00+09:00,2605.0,2607.5,2595.0,2602.5,33800,0.0,0.0
2024-10-28 09:50:00+09:00,2599.5,2611.0,2596.0,2605.5,31200,0.0,0.0
2024-10-28 09:55:00+09:00,2606.5,2613.0,2601.5,2604.5,15100,0.0,0.0
2024-10-28 10:00:00+09:00,2606.5,2618.0,2606.0,2614.5,25400,0.0,0.0
2024-10-28 10:05:00+09:00,2612.0,2622.0,2610.5,2618.0,15600,0.0,0.0
2024-10-28 10:10:00+09:00,2617.0,2636.5,2617.0,2636.5,38500,0.0,0.0
2024-10-28 10:15:00+09:00,2637.0,2656.5,2634.5,2654.0,38000,0.0,0.0
2024-10-28 10:20:00+09:00,2655.5,2668.0,2654.0,2666.0,19300,0.0,0.0
2024-10-28 10:25:00+09:00,2665.5,2675.5,2664.0,2672.0,20400,0.0,0.0
2024-10-28 10:30:00+09:00,2672.0,2673.0,2658.5,2660.0,24900,0.0,0.0
2024-10-28 10:35:00+09:00,2659.5,2662.5,2648.0,2656.5,23500,0.0,0.0
2024-10-28 10:40:00+09:00,2654.5,2654.5,2623.5,2632.5,30600,0.0,0.0
2024-10-28 10:45:00+09:00,2631.0,2631.0,2615.0,2616.0,20800,0.0,0.0
2024-10-28 10:50:00+09:00,2614.5,2617.0,2609.0,2611.5,22100,0.0,0.0
2024-10-28 10:55:00+09:00,2613.0,2622.5,2613.0,2618.5,27200,0.0,0.0
2024-10-28 11:00:00+09:00,2619.0,2635.0,2617.0,2625.5,31200,0.0,0.0
2024-10-28 11:05:00+09:00,2625.0,2629.5,2620.5,2622.5,22700,0.0,0.0
2024-10-28 11:10:00+09:00,2622.0,2622.0,2617.5,2621.0,16200,0.0,0.0
2024-10-28 11:15:00+09:00,2622.0,2631.5,2622.0,2629.5,25600,0.0,0.0
2024-10-28 11:20:00+09:00,2630.0,2653.5,2629.0,2653.5,28000,0.0,0.0
2024-10-28 11:25:00+09:00,2654.5,2654.5,2643.0,2646.0,26100,0.0,0.0
2024-10-28 11:30:00+09:00,2645.0,2645.0,2643.0,2643.0,2900,0.0,0.0
2024-10-28 11:35:00+09:00,2643.0,2643.0,2643.0,2643.0,0,0.0,0.0
2024-10-28 12:30:00+09:00,2655.5,2670.0,2643.5,2645.0,1698000,0.0,0.0
2024-10-28 12:35:00+09:00,2646.0,2646.5,2636.5,2638.0,32200,0.0,0.0
2024-10-28 12:40:00+09:00,2637.5,2639.0,2624.5,2630.0,45300,0.0,0.0
2024-10-28 12:45:00+09:00,2630.5,2633.0,2625.0,2628.0,28300,0.0,0.0
2024-10-28 12:50:00+09:00,2628.5,2629.5,2613.0,2615.0,31300,0.0,0.0
2024-10-28 12:55:00+09:00,2615.0,2645.0,2615.0,2637.5,36900,0.0,0.0
2024-10-28 13:00:00+09:00,2637.5,2637.5,2619.0,2627.5,19200,0.0,0.0
2024-10-28 13:05:00+09:00,2626.5,2632.0,2626.5,2628.0,20400,0.0,0.0
2024-10-28 13:10:00+09:00,2628.0,2638.0,2619.5,2636.0,44100,0.0,0.0
2024-10-28 13:15:00+09:00,2636.0,2644.5,2636.0,2641.5,26000,0.0,0.0
2024-10-28 13:20:00+09:00,2641.5,2649.0,2641.5,2646.0,21700,0.0,0.0
2024-10-28 13:25:00+09:00,2646.0,2658.5,2646.0,2658.5,30600,0.0,0.0
2024-10-28 13:30:00+09:00,2658.5,2671.0,2658.0,2667.5,36300,0.0,0.0
2024-10-28 13:35:00+09:00,2668.5,2669.5,2660.5,2669.0,29400,0.0,0.0
2024-10-28 13:40:00+09:00,2669.0,2673.0,2665.0,2672.5,35400,0.0,0.0
2024-10-28 13:45:00+09:00,2672.5,2677.5,2669.0,2675.0,47200,0.0,0.0
2024-10-28 13:50:00+09:00,2676.5,2683.0,2672.0,2676.5,42000,0.0,0.0
2024-10-28 13:55:00+09:00,2676.5,2682.5,2676.5,2682.5,23400,0.0,0.0
2024-10-28 14:00:00+09:00,2690.0,2690.5,2675.0,2676.5,38200,0.0,0.0
2024-10-28 14:05:00+09:00,2674.0,2677.0,2667.0,2667.5,55100,0.0,0.0
2024-10-28 14:10:00+09:00,2669.5,2677.5,2669.5,2675.0,29900,0.0,0.0
2024-10-28 14:15:00+09:00,2675.0,2681.0,2663.0,2670.5,27900,0.0,0.0
2024-10-28 14:20:00+09:00,2671.0,2672.0,2659.0,2672.0,46100,0.0,0.0
2024-10-28 14:25:00+09:00,2671.0,2674.5,2666.5,2671.0,30400,0.0,0.0
2024-10-28 14:30:00+09:00,2671.0,2673.5,2666.0,2670.5,30600,0.0,0.0
2024-10-28 14:35:00+09:00,2671.0,2672.0,2665.5,2667.0,28000,0.0,0.0
2024-10-28 14:40:00+09:00,2666.5,2666.5,2661.5,2662.5,26200,0.0,0.0
2024-10-28 14:45:00+09:00,2661.5,2664.5,2648.5,2650.0,71500,0.0,0.0
2024-10-28 14:50:00+09:00,2649.0,2651.5,2642.5,2643.5,47600,0.0,0.0
2024-10-28 14:55:00+09:00,2643.0,2650.0,2631.0,2650.0,116900,0.0,0.0
2024-10-29 09:00:00+09:00,2640.0,2645.0,2628.0,2640.0,0,0.0,0.0
2024-10-29 09:05:00+09:00,2640.0,2642.0,2619.5,2620.0,12400,0.0,0.0
2024-10-29 09:10:00+09:00,2619.5,2630.0,2617.0,2627.5,9500,0.0,0.0
2024-10-29 09:15:00+09:00,2628.0,2638.0,2627.0,2638.0,12600,0.0,0.0
2024-10-29 09:20:00+09:00,2638.0,2640.0,2621.0,2621.5,27200,0.0,0.0
2024-10-29 09:25:00+09:00,2621.0,2624.0,2608.5,2614.0,28300,0.0,0.0
2024-10-29 09:30:00+09:00,2613.5,2613.5,2598.5,2602.5,14100,0.0,0.0
2024-10-29 09:35:00+09:00,2602.0,2609.5,2595.0,2603.5,16200,0.0,0.0
2024-10-29 09:40:00+09:00,2603.0,2603.0,2596.0,2600.0,0,0.0,0.0
2024-10-29 09:45:00+09:00,2600.0,2602.0,2598.0,2602.0,225700,0.0,0.0
2024-10-29 09:50:00+09:00,2602.0,2603.0,2594.5,2595.5,24200,0.0,0.0
2024-10-29 09:55:00+09:00,2596.5,2604.5,2592.5,2603.0,18000,0.0,0.0
2024-10-29 10:00:00+09:00,2603.0,2603.0,2599.0,2600.5,9100,0.0,0.0
2024-10-29 10:05:00+09:00,2600.0,2600.0,2594.0,2595.5,18300,0.0,0.0
2024-10-29 10:10:00+09:00,2596.5,2596.5,2593.0,2594.0,10400,0.0,0.0
2024-10-29 10:15:00+09:00,2594.5,2596.0,2591.0,2596.0,11800,0.0,0.0
2024-10-29 10:20:00+09:00,2596.0,2600.0,2596.0,2600.0,11600,0.0,0.0
2024-10-29 10:25:00+09:00,2599.5,2609.0,2597.5,2607.0,18300,0.0,0.0
2024-10-29 10:30:00+09:00,2607.0,2607.0,2601.0,2601.5,10100,0.0,0.0
2024-10-29 10:35:00+09:00,2602.5,2604.0,2601.0,2604.0,10600,0.0,0.0
2024-10-29 10:40:00+09:00,2604.0,2605.0,2598.5,2599.0,11300,0.0,0.0
2024-10-29 10:45:00+09:00,2600.5,2603.0,2599.0,2603.0,7300,0.0,0.0
2024-10-29 10:50:00+09:00,2601.5,2606.0,2601.5,2603.0,11600,0.0,0.0
2024-10-29 10:55:00+09:00,2603.0,2604.5,2598.0,2600.0,15800,0.0,0.0
2024-10-29 11:00:00+09:00,2601.0,2603.5,2600.0,2603.0,6900,0.0,0.0
2024-10-29 11:05:00+09:00,2603.5,2611.5,2603.5,2611.5,8400,0.0,0.0
2024-10-29 11:10:00+09:00,2612.0,2614.5,2607.5,2608.5,13400,0.0,0.0
2024-10-29 11:15:00+09:00,2608.0,2614.5,2608.0,2612.5,10900,0.0,0.0
2024-10-29 11:20:00+09:00,2613.0,2615.0,2606.0,2606.0,11500,0.0,0.0
2024-10-29 11:25:00+09:00,2607.0,2608.0,2599.0,2601.0,10900,0.0,0.0
2024-10-29 11:30:00+09:00,2602.5,2602.5,2602.5,2602.5,1700,0.0,0.0
2024-10-29 11:35:00+09:00,2602.5,2602.5,2602.5,2602.5,0,0.0,0.0
2024-10-29 12:30:00+09:00,2604.5,2608.0,2583.0,2586.5,521800,0.0,0.0
2024-10-29 12:35:00+09:00,2590.5,2590.5,2584.0,2586.5,19400,0.0,0.0
2024-10-29 12:40:00+09:00,2586.5,2586.5,2576.0,2581.0,22800,0.0,0.0
2024-10-29 12:45:00+09:00,2581.0,2583.5,2576.0,2578.0,14000,0.0,0.0
2024-10-29 12:50:00+09:00,2578.0,2579.5,2570.0,2575.0,42600,0.0,0.0
2024-10-29 12:55:00+09:00,2574.5,2579.0,2574.5,2574.5,12900,0.0,0.0
2024-10-29 13:00:00+09:00,2574.0,2574.5,2563.0,2565.5,24400,0.0,0.0
2024-10-29 13:05:00+09:00,2565.5,2571.5,2565.5,2571.0,13800,0.0,0.0
2024-10-29 13:10:00+09:00,2571.5,2574.5,2567.5,2567.5,13000,0.0,0.0
2024-10-29 13:15:00+09:00,2567.5,2576.5,2567.5,2574.5,18300,0.0,0.0
2024-10-29 13:20:00+09:00,2575.0,2579.5,2574.0,2578.0,14900,0.0,0.0
2024-10-29 13:25:00+09:00,2578.5,2601.5,2578.5,2601.5,22600,0.0,0.0
2024-10-29 13:30:00+09:00,2602.0,2607.0,2599.5,2602.0,20200,0.0,0.0
2024-10-29 13:35:00+09:00,2602.0,2602.0,2598.5,2598.5,5300,0.0,0.0
2024-10-29 13:40:00+09:00,2598.5,2600.5,2593.5,2596.0,16500,0.0,0.0
2024-10-29 13:45:00+09:00,2596.0,2611.5,2595.5,2611.5,24800,0.0,0.0
2024-10-29 13:50:00+09:00,2611.0,2611.5,2607.0,2607.5,18200,0.0,0.0
2024-10-29 13:55:00+09:00,2606.5,2606.5,2599.0,2600.0,26300,0.0,0.0
2024-10-29 14:00:00+09:00,2600.0,2607.0,2599.5,2603.5,19700,0.0,0.0
2024-10-29 14:05:00+09:00,2603.5,2611.0,2603.0,2609.5,19800,0.0,0.0
2024-10-29 14:10:00+09:00,2608.5,2617.5,2608.0,2617.5,29500,0.0,0.0
2024-10-29 14:15:00+09:00,2617.5,2620.0,2611.0,2612.0,34200,0.0,0.0
2024-10-29 14:20:00+09:00,2612.0,2617.0,2612.0,2616.5,20100,0.0,0.0
2024-10-29 14:25:00+09:00,2617.0,2621.0,2614.5,2615.0,29400,0.0,0.0
2024-10-29 14:30:00+09:00,2614.0,2614.0,2610.0,2613.5,18500,0.0,0.0
2024-10-29 14:35:00+09:00,2613.0,2613.5,2600.0,2608.0,38200,0.0,0.0
2024-10-29 14:40:00+09:00,2608.0,2627.0,2608.0,2622.0,29800,0.0,0.0
2024-10-29 14:45:00+09:00,2622.5,2625.0,2612.5,2621.0,37900,0.0,0.0
2024-10-29 14:50:00+09:00,2621.5,2622.5,2617.5,2621.5,21500,0.0,0.0
2024-10-29 14:55:00+09:00,2621.5,2634.0,2621.5,2630.0,55000,0.0,0.0
2024-10-30 09:00:00+09:00,2639.5,2651.0,2631.5,2643.0,63800,0.0,0.0
2024-10-30 09:05:00+09:00,2643.0,2654.0,2641.5,2654.0,21600,0.0,0.0
2024-10-30 09:10:00+09:00,2654.0,2674.0,2646.0,2670.0,15800,0.0,0.0
2024-10-30 09:15:00+09:00,2669.0,2669.0,2656.0,2658.5,10900,0.0,0.0
2024-10-30 09:20:00+09:00,2656.5,2664.0,2652.5,2662.5,8400,0.0,0.0
2024-10-30 09:25:00+09:00,2660.0,2660.5,2654.0,2659.0,9200,0.0,0.0
2024-10-30 09:30:00+09:00,2657.5,2659.0,2646.0,2646.0,8600,0.0,0.0
2024-10-30 09:35:00+09:00,2646.0,2646.0,2633.5,2636.5,7200,0.0,0.0
2024-10-30 09:40:00+09:00,2636.5,2636.5,2624.0,2629.5,8400,0.0,0.0
2024-10-30 09:45:00+09:00,2621.0,2622.0,2608.0,2612.5,24900,0.0,0.0
2024-10-30 09:50:00+09:00,2613.0,2615.0,2609.0,2613.0,9500,0.0,0.0
2024-10-30 09:55:00+09:00,2614.0,2621.0,2614.0,2614.5,12200,0.0,0.0
2024-10-30 10:00:00+09:00,2610.0,2615.0,2610.0,2613.5,10600,0.0,0.0
2024-10-30 10:05:00+09:00,2613.0,2615.0,2612.0,2614.5,10400,0.0,0.0
2024-10-30 10:10:00+09:00,2611.5,2630.0,2611.5,2627.5,21200,0.0,0.0
2024-10-30 10:15:00+09:00,2628.0,2640.5,2628.0,2637.0,9400,0.0,0.0
2024-10-30 10:20:00+09:00,2637.5,2645.5,2637.5,2644.0,8100,0.0,0.0
2024-10-30 10:25:00+09:00,2643.0,2645.0,2641.5,2645.0,5000,0.0,0.0
2024-10-30 10:30:00+09:00,2643.5,2645.0,2641.0,2643.5,8500,0.0,0.0
2024-10-30 10:35:00+09:00,2643.0,2643.0,2639.5,2641.0,4800,0.0,0.0
2024-10-30 10:40:00+09:00,2640.5,2647.0,2637.5,2637.5,10200,0.0,0.0
2024-10-30 10:45:00+09:00,2637.5,2649.0,2636.0,2648.5,7300,0.0,0.0
2024-10-30 10:50:00+09:00,2647.5,2647.5,2643.0,2643.0,6600,0.0,0.0
2024-10-30 10:55:00+09:00,2643.0,2644.0,2637.5,2642.5,13000,0.0,0.0
2024-10-30 11:00:00+09:00,2643.0,2644.0,2640.0,2640.5,8300,0.0,0.0
2024-10-30 11:05:00+09:00,2640.5,2644.0,2638.5,2641.0,10200,0.0,0.0
2024-10-30 11:10:00+09:00,2640.5,2644.0,2640.5,2642.0,8400,0.0,0.0
2024-10-30 11:15:00+09:00,2642.0,2644.0,2637.5,2639.5,16200,0.0,0.0
2024-10-30 11:20:00+09:00,2640.0,2646.5,2639.5,2642.0,10400,0.0,0.0
2024-10-30 11:25:00+09:00,2641.5,2643.5,2636.0,2641.5,11800,0.0,0.0
2024-10-30 11:30:00+09:00,2643.0,2643.0,2643.0,2643.0,2200,0.0,0.0
2024-10-30 11:35:00+09:00,2643.0,2643.0,2643.0,2643.0,0,0.0,0.0
2024-10-30 12:30:00+09:00,2656.0,2679.0,2651.5,2671.5,436500,0.0,0.0
2024-10-30 12:35:00+09:00,2671.5,2671.5,2663.0,2664.5,12400,0.0,0.0
2024-10-30 12:40:00+09:00,2665.0,2670.5,2665.0,2669.5,13600,0.0,0.0
2024-10-30 12:45:00+09:00,2669.5,2674.0,2667.5,2668.5,10700,0.0,0.0
2024-10-30 12:50:00+09:00,2668.5,2669.5,2657.5,2659.5,14600,0.0,0.0
2024-10-30 12:55:00+09:00,2657.5,2660.0,2653.0,2653.0,19300,0.0,0.0
2024-10-30 13:00:00+09:00,2653.5,2656.0,2649.0,2651.0,13500,0.0,0.0
2024-10-30 13:05:00+09:00,2650.0,2650.0,2642.5,2644.0,14000,0.0,0.0
2024-10-30 13:10:00+09:00,2642.5,2646.0,2641.0,2642.5,12400,0.0,0.0
2024-10-30 13:15:00+09:00,2642.0,2642.0,2638.0,2638.0,13400,0.0,0.0
2024-10-30 13:20:00+09:00,2638.5,2640.5,2637.0,2637.0,17200,0.0,0.0
2024-10-30 13:25:00+09:00,2637.0,2640.5,2634.0,2635.0,11200,0.0,0.0
2024-10-30 13:30:00+09:00,2635.0,2636.0,2631.0,2634.5,13600,0.0,0.0
2024-10-30 13:35:00+09:00,2634.0,2636.0,2630.0,2630.5,22000,0.0,0.0
2024-10-30 13:40:00+09:00,2631.0,2632.5,2625.0,2627.5,14600,0.0,0.0
2024-10-30 13:45:00+09:00,2628.0,2630.0,2627.0,2628.5,13200,0.0,0.0
2024-10-30 13:50:00+09:00,2628.0,2628.0,2621.0,2625.0,14000,0.0,0.0
2024-10-30 13:55:00+09:00,2624.5,2636.0,2622.5,2636.0,30000,0.0,0.0
2024-10-30 14:00:00+09:00,2636.0,2637.0,2629.5,2632.5,11400,0.0,0.0
2024-10-30 14:05:00+09:00,2632.5,2632.5,2623.0,2626.5,15900,0.0,0.0
2024-10-30 14:10:00+09:00,2625.0,2625.0,2622.5,2622.5,11300,0.0,0.0
2024-10-30 14:15:00+09:00,2622.5,2623.0,2605.5,2607.5,36000,0.0,0.0
2024-10-30 14:20:00+09:00,2607.5,2609.0,2603.0,2604.5,25600,0.0,0.0
2024-10-30 14:25:00+09:00,2603.5,2603.5,2590.0,2592.5,33200,0.0,0.0
2024-10-30 14:30:00+09:00,2592.5,2612.0,2587.5,2612.0,43700,0.0,0.0
2024-10-30 14:35:00+09:00,2612.5,2613.0,2603.5,2603.5,19000,0.0,0.0
2024-10-30 14:40:00+09:00,2602.5,2604.5,2597.5,2599.0,46200,0.0,0.0
2024-10-30 14:45:00+09:00,2599.0,2601.0,2593.0,2594.5,21700,0.0,0.0
2024-10-30 14:50:00+09:00,2596.0,2596.0,2586.5,2588.5,62500,0.0,0.0
2024-10-30 14:55:00+09:00,2589.5,2614.0,2589.5,2614.0,70400,0.0,0.0
2024-10-31 09:00:00+09:00,2581.5,2613.5,2579.0,2610.0,72900,0.0,0.0
2024-10-31 09:05:00+09:00,2607.0,2618.0,2593.0,2598.5,31600,0.0,0.0
2024-10-31 09:10:00+09:00,2595.0,2601.5,2590.5,2601.0,18100,0.0,0.0
2024-10-31 09:15:00+09:00,2599.5,2600.0,2591.0,2597.0,16300,0.0,0.0
2024-10-31 09:20:00+09:00,2597.0,2597.0,2588.0,2593.5,20700,0.0,0.0
2024-10-31 09:25:00+09:00,2593.0,2594.0,2576.5,2581.5,35200,0.0,0.0
2024-10-31 09:30:00+09:00,2582.0,2585.0,2565.5,2569.5,27700,0.0,0.0
2024-10-31 09:35:00+09:00,2570.5,2575.0,2566.5,2571.0,19100,0.0,0.0
2024-10-31 09:40:00+09:00,2571.0,2574.0,2557.0,2562.0,21500,0.0,0.0
2024-10-31 09:45:00+09:00,2560.0,2561.5,2554.5,2559.0,19800,0.0,0.0
2024-10-31 09:50:00+09:00,2561.0,2562.0,2548.0,2551.0,20200,0.0,0.0
2024-10-31 09:55:00+09:00,2551.0,2552.5,2542.5,2544.0,22500,0.0,0.0
2024-10-31 10:00:00+09:00,2544.0,2548.5,2537.0,2538.0,30800,0.0,0.0
2024-10-31 10:05:00+09:00,2539.5,2539.5,2527.0,2533.0,30200,0.0,0.0
2024-10-31 10:10:00+09:00,2534.5,2538.0,2526.0,2528.0,16000,0.0,0.0
2024-10-31 10:15:00+09:00,2528.0,2545.5,2524.0,2542.0,41500,0.0,0.0
2024-10-31 10:20:00+09:00,2541.5,2544.5,2533.0,2534.0,22500,0.0,0.0
2024-10-31 10:25:00+09:00,2535.0,2535.5,2523.5,2528.0,16300,0.0,0.0
2024-10-31 10:30:00+09:00,2528.5,2529.0,2517.0,2519.0,20500,0.0,0.0
2024-10-31 10:35:00+09:00,2520.0,2531.5,2520.0,2524.5,18500,0.0,0.0
2024-10-31 10:40:00+09:00,2524.0,2524.5,2517.0,2524.5,13300,0.0,0.0
2024-10-31 10:45:00+09:00,2526.0,2526.0,2515.0,2517.5,19700,0.0,0.0
2024-10-31 10:50:00+09:00,2515.5,2515.5,2509.0,2513.0,19900,0.0,0.0
2024-10-31 10:55:00+09:00,2514.0,2519.5,2511.5,2518.5,30700,0.0,0.0
2024-10-31 11:00:00+09:00,2518.5,2521.0,2516.5,2518.5,18000,0.0,0.0
2024-10-31 11:05:00+09:00,2518.0,2520.0,2515.0,2519.5,27900,0.0,0.0
2024-10-31 11:10:00+09:00,2522.5,2526.0,2518.0,2519.0,22100,0.0,0.0
2024-10-31 11:15:00+09:00,2520.0,2525.5,2519.0,2525.0,25200,0.0,0.0
2024-10-31 11:20:00+09:00,2525.5,2526.0,2519.5,2519.5,17500,0.0,0.0
2024-10-31 11:25:00+09:00,2519.0,2525.0,2514.0,2517.0,22800,0.0,0.0
2024-10-31 11:30:00+09:00,2517.0,2517.5,2517.0,2517.5,1600,0.0,0.0
2024-10-31 11:35:00+09:00,2517.5,2517.5,2517.5,2517.5,0,0.0,0.0
2024-10-31 12:30:00+09:00,2518.5,2532.5,2514.0,2516.5,853400,0.0,0.0
2024-10-31 12:35:00+09:00,2517.5,2521.5,2516.0,2519.5,27200,0.0,0.0
2024-10-31 12:40:00+09:00,2519.5,2520.0,2510.0,2510.0,25900,0.0,0.0
2024-10-31 12:45:00+09:00,2509.5,2509.5,2504.5,2506.0,22400,0.0,0.0
2024-10-31 12:50:00+09:00,2505.5,2508.5,2501.5,2508.5,26700,0.0,0.0
2024-10-31 12:55:00+09:00,2507.5,2521.0,2506.0,2518.5,40900,0.0,0.0
2024-10-31 13:00:00+09:00,2518.0,2518.0,2509.0,2513.5,24100,0.0,0.0
2024-10-31 13:05:00+09:00,2513.0,2521.0,2512.5,2514.5,24100,0.0,0.0
2024-10-31 13:10:00+09:00,2515.5,2515.5,2513.5,2514.0,12200,0.0,0.0
2024-10-31 13:15:00+09:00,2514.0,2514.5,2511.0,2511.5,16800,0.0,0.0
2024-10-31 13:20:00+09:00,2512.0,2514.0,2510.5,2514.0,11700,0.0,0.0
2024-10-31 13:25:00+09:00,2514.0,2515.0,2507.5,2507.5,20700,0.0,0.0
2024-10-31 13:30:00+09:00,2509.5,2510.5,2506.0,2510.0,18800,0.0,0.0
2024-10-31 13:35:00+09:00,2511.5,2512.5,2508.5,2511.0,20800,0.0,0.0
2024-10-31 13:40:00+09:00,2511.0,2511.0,2507.0,2510.0,21500,0.0,0.0
2024-10-31 13:45:00+09:00,2510.5,2524.5,2510.5,2524.5,17100,0.0,0.0
2024-10-31 13:50:00+09:00,2524.0,2530.5,2522.5,2524.5,22500,0.0,0.0
2024-10-31 13:55:00+09:00,2524.0,2525.5,2519.0,2525.5,17700,0.0,0.0
2024-10-31 14:00:00+09:00,2525.0,2525.0,2522.0,2522.0,17400,0.0,0.0
2024-10-31 14:05:00+09:00,2521.5,2526.0,2519.0,2526.0,27800,0.0,0.0
2024-10-31 14:10:00+09:00,2525.0,2533.0,2525.0,2528.0,19200,0.0,0.0
2024-10-31 14:15:00+09:00,2527.0,2535.0,2527.0,2534.0,19300,0.0,0.0
2024-10-31 14:20:00+09:00,2534.5,2536.5,2530.5,2531.0,28800,0.0,0.0
2024-10-31 14:25:00+09:00,2531.0,2535.0,2525.5,2532.5,35100,0.0,0.0
2024-10-31 14:30:00+09:00,2533.0,2539.5,2527.5,2531.5,40400,0.0,0.0
2024-10-31 14:35:00+09:00,2531.0,2534.0,2524.5,2528.5,45800,0.0,0.0
2024-10-31 14:40:00+09:00,2528.5,2537.5,2527.0,2531.0,41100,0.0,0.0
2024-10-31 14:45:00+09:00,2531.0,2537.0,2528.5,2533.5,34000,0.0,0.0
2024-10-31 14:50:00+09:00,2533.5,2535.0,2525.5,2532.5,47800,0.0,0.0
2024-10-31 14:55:00+09:00,2533.5,2535.0,2526.0,2530.5,69900,0.0,0.0
2024-11-01 09:00:00+09:00,2480.0,2490.0,2450.5,2462.0,52000,0.0,0.0
2024-11-01 09:05:00+09:00,2464.0,2464.0,2455.0,2459.0,23500,0.0,0.0
2024-11-01 09:10:00+09:00,2460.5,2466.5,2454.0,2455.0,18100,0.0,0.0
2024-11-01 09:15:00+09:00,2456.5,2464.0,2454.0,2463.5,15800,0.0,0.0
2024-11-01 09:20:00+09:00,2463.5,2481.0,2460.5,2480.0,27300,0.0,0.0
2024-11-01 09:25:00+09:00,2477.0,2477.0,2465.5,2467.0,17800,0.0,0.0
2024-11-01 09:30:00+09:00,2468.0,2479.0,2466.5,2479.0,21100,0.0,0.0
2024-11-01 09:35:00+09:00,2480.0,2480.5,2474.0,2477.5,20100,0.0,0.0
2024-11-01 09:40:00+09:00,2478.0,2479.0,2472.5,2475.0,11200,0.0,0.0
2024-11-01 09:45:00+09:00,2474.0,2474.0,2467.0,2472.5,14000,0.0,0.0
2024-11-01 09:50:00+09:00,2473.5,2474.0,2469.5,2471.0,7800,0.0,0.0
2024-11-01 09:55:00+09:00,2469.5,2470.5,2466.0,2467.0,8000,0.0,0.0
2024-11-01 10:00:00+09:00,2468.0,2471.0,2463.5,2465.0,16800,0.0,0.0
2024-11-01 10:05:00+09:00,2464.5,2467.5,2462.5,2464.0,8400,0.0,0.0
2024-11-01 10:10:00+09:00,2463.0,2465.0,2458.0,2463.0,14600,0.0,0.0
2024-11-01 10:15:00+09:00,2464.0,2472.0,2460.5,2472.0,18700,0.0,0.0
2024-11-01 10:20:00+09:00,2471.0,2476.0,2469.5,2472.0,14200,0.0,0.0
2024-11-01 10:25:00+09:00,2471.0,2473.5,2469.0,2469.5,8600,0.0,0.0
2024-11-01 10:30:00+09:00,2469.0,2470.5,2460.5,2462.5,15900,0.0,0.0
2024-11-01 10:35:00+09:00,2460.5,2466.5,2459.5,2464.0,7600,0.0,0.0
2024-11-01 10:40:00+09:00,2465.0,2466.5,2464.0,2466.0,5000,0.0,0.0
2024-11-01 10:45:00+09:00,2464.5,2470.5,2463.0,2468.0,16400,0.0,0.0
2024-11-01 10:50:00+09:00,2468.0,2469.0,2463.5,2463.5,9300,0.0,0.0
2024-11-01 10:55:00+09:00,2463.5,2465.5,2461.0,2464.5,8500,0.0,0.0
2024-11-01 11:00:00+09:00,2464.0,2465.0,2460.0,2464.0,10300,0.0,0.0
2024-11-01 11:05:00+09:00,2464.5,2470.0,2463.5,2465.5,15300,0.0,0.0
2024-11-01 11:10:00+09:00,2465.5,2473.0,2464.0,2471.5,18000,0.0,0.0
2024-11-01 11:15:00+09:00,2472.0,2480.5,2470.0,2475.5,27500,0.0,0.0
2024-11-01 11:20:00+09:00,2475.5,2481.5,2475.5,2475.5,12400,0.0,0.0
2024-11-01 11:25:00+09:00,2476.5,2481.5,2476.5,2477.0,10800,0.0,0.0
2024-11-01 11:30:00+09:00,2476.5,2476.5,2475.0,2475.0,3800,0.0,0.0
2024-11-01 11:35:00+09:00,2475.0,2475.0,2475.0,2475.0,0,0.0,0.0
2024-11-01 12:30:00+09:00,2467.5,2479.0,2463.5,2475.0,528500,0.0,0.0
2024-11-01 12:35:00+09:00,2475.0,2475.5,2471.5,2475.0,11000,0.0,0.0
2024-11-01 12:40:00+09:00,2475.0,2477.0,2474.0,2475.0,21800,0.0,0.0
2024-11-01 12:45:00+09:00,2475.0,2477.0,2474.0,2475.5,22700,0.0,0.0
2024-11-01 12:50:00+09:00,2475.5,2478.0,2474.0,2475.0,13600,0.0,0.0
2024-11-01 12:55:00+09:00,2475.0,2475.5,2472.5,2475.0,10500,0.0,0.0
2024-11-01 13:00:00+09:00,2475.0,2475.5,2473.0,2474.5,9000,0.0,0.0
2024-11-01 13:05:00+09:00,2475.0,2475.0,2471.0,2472.0,6900,0.0,0.0
2024-11-01 13:10:00+09:00,2473.0,2473.0,2466.5,2468.0,10500,0.0,0.0
2024-11-01 13:15:00+09:00,2468.0,2469.5,2465.5,2469.5,6300,0.0,0.0
2024-11-01 13:20:00+09:00,2468.5,2470.0,2466.0,2467.0,7300,0.0,0.0
2024-11-01 13:25:00+09:00,2467.0,2467.5,2466.0,2467.5,4600,0.0,0.0
2024-11-01 13:30:00+09:00,2467.0,2471.0,2466.5,2470.5,6700,0.0,0.0
2024-11-01 13:35:00+09:00,2471.0,2472.5,2468.5,2472.0,10600,0.0,0.0
2024-11-01 13:40:00+09:00,2473.0,2475.0,2473.0,2475.0,10400,0.0,0.0
2024-11-01 13:45:00+09:00,2475.0,2475.5,2472.5,2474.5,22300,0.0,0.0
2024-11-01 13:50:00+09:00,2474.5,2476.0,2474.0,2475.5,11600,0.0,0.0
2024-11-01 13:55:00+09:00,2475.5,2475.5,2474.0,2475.0,19900,0.0,0.0
2024-11-01 14:00:00+09:00,2475.5,2476.0,2474.5,2474.5,11300,0.0,0.0
2024-11-01 14:05:00+09:00,2474.0,2475.0,2473.0,2473.0,13100,0.0,0.0
2024-11-01 14:10:00+09:00,2473.0,2474.5,2473.0,2474.0,6000,0.0,0.0
2024-11-01 14:15:00+09:00,2473.0,2474.0,2470.5,2472.5,16400,0.0,0.0
2024-11-01 14:20:00+09:00,2473.5,2473.5,2469.5,2471.0,11900,0.0,0.0
2024-11-01 14:25:00+09:00,2470.5,2471.5,2469.0,2469.0,12600,0.0,0.0
2024-11-01 14:30:00+09:00,2469.0,2469.5,2464.5,2466.0,20900,0.0,0.0
2024-11-01 14:35:00+09:00,2466.5,2467.5,2463.0,2463.0,15600,0.0,0.0
2024-11-01 14:40:00+09:00,2464.0,2467.0,2461.0,2462.0,21400,0.0,0.0
2024-11-01 14:45:00+09:00,2462.5,2463.0,2452.5,2456.5,28000,0.0,0.0
2024-11-01 14:50:00+09:00,2457.0,2461.0,2456.0,2459.5,23300,0.0,0.0
2024-11-01 14:55:00+09:00,2460.0,2470.0,2453.0,2453.0,66700,0.0,0.0
