Datetime,Open,High,Low,Close,Volume,Dividends,Stock Splits
2024-06-17 09:30:00-04:00,3.200000047683716,3.200000047683716,3.170099973678589,3.190000057220459,9230,0.0,0.0
2024-06-17 09:32:00-04:00,3.2007999420166016,3.2007999420166016,3.1937999725341797,3.1937999725341797,3205,0.0,0.0
2024-06-17 09:35:00-04:00,3.1989998817443848,3.1989998817443848,3.1989998817443848,3.1989998817443848,2246,0.0,0.0
2024-06-17 09:36:00-04:00,3.2014999389648438,3.2014999389648438,3.2014999389648438,3.2014999389648438,900,0.0,0.0
2024-06-17 09:37:00-04:00,3.200000047683716,3.200000047683716,3.1700000762939453,3.174999952316284,4543,0.0,0.0
2024-06-17 09:38:00-04:00,3.1700000762939453,3.1700000762939453,3.1700000762939453,3.1700000762939453,0,0.0,0.0
2024-06-17 09:39:00-04:00,3.184999942779541,3.184999942779541,3.184999942779541,3.184999942779541,820,0.0,0.0
2024-06-17 09:40:00-04:00,3.170799970626831,3.170799970626831,3.170799970626831,3.170799970626831,5000,0.0,0.0
2024-06-17 09:45:00-04:00,3.180000066757202,3.180000066757202,3.180000066757202,3.180000066757202,0,0.0,0.0
2024-06-17 09:46:00-04:00,3.190000057220459,3.190000057220459,3.1800999641418457,3.1800999641418457,5100,0.0,0.0
2024-06-17 09:47:00-04:00,3.180000066757202,3.200000047683716,3.180000066757202,3.200000047683716,0,0.0,0.0
2024-06-17 09:48:00-04:00,3.190000057220459,3.200000047683716,3.190000057220459,3.200000047683716,2501,0.0,0.0
2024-06-17 09:51:00-04:00,3.2100000381469727,3.2100000381469727,3.2100000381469727,3.2100000381469727,103,0.0,0.0
2024-06-17 09:52:00-04:00,3.2149999141693115,3.2149999141693115,3.2149999141693115,3.2149999141693115,1000,0.0,0.0
2024-06-17 09:53:00-04:00,3.2149999141693115,3.2149999141693115,3.200000047683716,3.2100000381469727,6778,0.0,0.0
2024-06-17 09:54:00-04:00,3.2200000286102295,3.2200000286102295,3.2200000286102295,3.2200000286102295,0,0.0,0.0
2024-06-17 09:55:00-04:00,3.219899892807007,3.2200000286102295,3.219899892807007,3.2200000286102295,2700,0.0,0.0
2024-06-17 09:57:00-04:00,3.2100000381469727,3.2100000381469727,3.2100000381469727,3.2100000381469727,200,0.0,0.0
2024-06-17 09:58:00-04:00,3.2298998832702637,3.2300000190734863,3.2298998832702637,3.2300000190734863,1000,0.0,0.0
2024-06-17 09:59:00-04:00,3.2300000190734863,3.2300000190734863,3.2300000190734863,3.2300000190734863,1,0.0,0.0
2024-06-17 10:01:00-04:00,3.2200000286102295,3.2200000286102295,3.2200000286102295,3.2200000286102295,717,0.0,0.0
2024-06-17 10:02:00-04:00,3.2149999141693115,3.2149999141693115,3.2149999141693115,3.2149999141693115,5000,0.0,0.0
2024-06-17 10:03:00-04:00,3.2100000381469727,3.2149999141693115,3.2000999450683594,3.2100000381469727,1210,0.0,0.0
2024-06-17 10:04:00-04:00,3.2100000381469727,3.2100000381469727,3.180500030517578,3.180500030517578,5934,0.0,0.0
2024-06-17 10:05:00-04:00,3.180999994277954,3.180999994277954,3.180999994277954,3.180999994277954,200,0.0,0.0
2024-06-17 10:06:00-04:00,3.184999942779541,3.190000057220459,3.184999942779541,3.190000057220459,2811,0.0,0.0
2024-06-17 10:08:00-04:00,3.190000057220459,3.190000057220459,3.1800999641418457,3.190000057220459,2707,0.0,0.0
2024-06-17 10:11:00-04:00,3.190000057220459,3.190000057220459,3.190000057220459,3.190000057220459,904,0.0,0.0
2024-06-17 10:13:00-04:00,3.200000047683716,3.200000047683716,3.200000047683716,3.200000047683716,114,0.0,0.0
2024-06-17 10:17:00-04:00,3.1800999641418457,3.1800999641418457,3.1800999641418457,3.1800999641418457,1079,0.0,0.0
2024-06-17 10:19:00-04:00,3.190000057220459,3.199899911880493,3.190000057220459,3.199899911880493,10110,0.0,0.0
2024-06-17 10:22:00-04:00,3.200000047683716,3.200000047683716,3.200000047683716,3.200000047683716,244,0.0,0.0
2024-06-17 10:25:00-04:00,3.1858999729156494,3.200000047683716,3.1858999729156494,3.200000047683716,6168,0.0,0.0
2024-06-17 10:26:00-04:00,3.194999933242798,3.194999933242798,3.180000066757202,3.190000057220459,3071,0.0,0.0
2024-06-17 10:27:00-04:00,3.190000057220459,3.190000057220459,3.190000057220459,3.190000057220459,229,0.0,0.0
2024-06-17 10:29:00-04:00,3.180000066757202,3.180000066757202,3.1700000762939453,3.1700000762939453,3556,0.0,0.0
2024-06-17 10:32:00-04:00,3.160099983215332,3.160099983215332,3.160099983215332,3.160099983215332,550,0.0,0.0
2024-06-17 10:34:00-04:00,3.1640000343322754,3.1640000343322754,3.1640000343322754,3.1640000343322754,509,0.0,0.0
2024-06-17 10:37:00-04:00,3.1649999618530273,3.1649999618530273,3.1500000953674316,3.1500000953674316,3167,0.0,0.0
2024-06-17 10:39:00-04:00,3.1549999713897705,3.1549999713897705,3.1549999713897705,3.1549999713897705,600,0.0,0.0
2024-06-17 10:41:00-04:00,3.1600000858306885,3.1600000858306885,3.1600000858306885,3.1600000858306885,725,0.0,0.0
2024-06-17 10:42:00-04:00,3.1649999618530273,3.1649999618530273,3.1559998989105225,3.1559998989105225,1441,0.0,0.0
2024-06-17 10:43:00-04:00,3.1600000858306885,3.1600000858306885,3.1600000858306885,3.1600000858306885,122,0.0,0.0
2024-06-17 10:50:00-04:00,3.150099992752075,3.1533000469207764,3.1500000953674316,3.1533000469207764,3763,0.0,0.0
2024-06-17 10:51:00-04:00,3.140000104904175,3.140000104904175,3.140000104904175,3.140000104904175,1000,0.0,0.0
2024-06-17 10:52:00-04:00,3.140000104904175,3.140000104904175,3.140000104904175,3.140000104904175,0,0.0,0.0
2024-06-17 10:53:00-04:00,3.130000114440918,3.130000114440918,3.130000114440918,3.130000114440918,266,0.0,0.0
2024-06-17 10:58:00-04:00,3.134999990463257,3.134999990463257,3.109999895095825,3.121000051498413,10402,0.0,0.0
2024-06-17 10:59:00-04:00,3.130000114440918,3.130000114440918,3.130000114440918,3.130000114440918,171,0.0,0.0
2024-06-17 11:00:00-04:00,3.130000114440918,3.130000114440918,3.130000114440918,3.130000114440918,436,0.0,0.0
2024-06-17 11:05:00-04:00,3.140000104904175,3.140000104904175,3.140000104904175,3.140000104904175,1100,0.0,0.0
2024-06-17 11:06:00-04:00,3.140000104904175,3.140000104904175,3.140000104904175,3.140000104904175,730,0.0,0.0
2024-06-17 11:07:00-04:00,3.140000104904175,3.140000104904175,3.134999990463257,3.134999990463257,300,0.0,0.0
2024-06-17 11:08:00-04:00,3.134999990463257,3.134999990463257,3.134999990463257,3.134999990463257,30,0.0,0.0
2024-06-17 11:10:00-04:00,3.1301000118255615,3.1301000118255615,3.1301000118255615,3.1301000118255615,223,0.0,0.0
2024-06-17 11:13:00-04:00,3.1333000659942627,3.1333000659942627,3.110100030899048,3.110100030899048,2208,0.0,0.0
2024-06-17 11:14:00-04:00,3.115000009536743,3.115000009536743,3.115000009536743,3.115000009536743,505,0.0,0.0
2024-06-17 11:15:00-04:00,3.1101999282836914,3.1110000610351562,3.1101999282836914,3.1110000610351562,1157,0.0,0.0
2024-06-17 11:16:00-04:00,3.109999895095825,3.115000009536743,3.0899999141693115,3.100100040435791,28917,0.0,0.0
2024-06-17 11:17:00-04:00,3.100100040435791,3.100100040435791,3.0999999046325684,3.0999999046325684,0,0.0,0.0
2024-06-17 11:18:00-04:00,3.0899999141693115,3.0899999141693115,3.069999933242798,3.0899999141693115,5320,0.0,0.0
2024-06-17 11:20:00-04:00,3.0701000690460205,3.0701000690460205,3.0701000690460205,3.0701000690460205,5863,0.0,0.0
2024-06-17 11:21:00-04:00,3.0799999237060547,3.0889999866485596,3.0799999237060547,3.0889999866485596,1330,0.0,0.0
2024-06-17 11:22:00-04:00,3.0799999237060547,3.0799999237060547,3.059999942779541,3.069999933242798,4145,0.0,0.0
2024-06-17 11:26:00-04:00,3.069999933242798,3.069999933242798,3.069999933242798,3.069999933242798,1320,0.0,0.0
2024-06-17 11:28:00-04:00,3.059999942779541,3.0601999759674072,3.0399999618530273,3.0399999618530273,6342,0.0,0.0
2024-06-17 11:30:00-04:00,3.059999942779541,3.0799999237060547,3.059999942779541,3.071700096130371,8458,0.0,0.0
2024-06-17 11:33:00-04:00,3.079699993133545,3.079699993133545,3.079699993133545,3.079699993133545,2135,0.0,0.0
2024-06-17 11:34:00-04:00,3.075000047683716,3.0799999237060547,3.075000047683716,3.0799999237060547,405,0.0,0.0
2024-06-17 11:35:00-04:00,3.0899999141693115,3.0899999141693115,3.0899999141693115,3.0899999141693115,103,0.0,0.0
2024-06-17 11:37:00-04:00,3.0790998935699463,3.0790998935699463,3.0790998935699463,3.0790998935699463,208,0.0,0.0
2024-06-17 11:38:00-04:00,3.0792999267578125,3.0799999237060547,3.0792999267578125,3.0799999237060547,726,0.0,0.0
2024-06-17 11:42:00-04:00,3.0859999656677246,3.089600086212158,3.0859999656677246,3.089600086212158,3146,0.0,0.0
2024-06-17 11:43:00-04:00,3.0799999237060547,3.0799999237060547,3.0799999237060547,3.0799999237060547,102,0.0,0.0
2024-06-17 11:45:00-04:00,3.0799999237060547,3.0899999141693115,3.0799999237060547,3.0899999141693115,1529,0.0,0.0
2024-06-17 11:47:00-04:00,3.0992000102996826,3.0992000102996826,3.0992000102996826,3.0992000102996826,1042,0.0,0.0
2024-06-17 11:48:00-04:00,3.0950000286102295,3.0950000286102295,3.0950000286102295,3.0950000286102295,116,0.0,0.0
2024-06-17 11:53:00-04:00,3.0899999141693115,3.0899999141693115,3.0899999141693115,3.0899999141693115,591,0.0,0.0
2024-06-17 11:58:00-04:00,3.0799999237060547,3.0799999237060547,3.0799999237060547,3.0799999237060547,758,0.0,0.0
2024-06-17 12:06:00-04:00,3.0799999237060547,3.0801000595092773,3.059999942779541,3.059999942779541,3057,0.0,0.0
2024-06-17 12:08:00-04:00,3.069999933242798,3.069999933242798,3.069999933242798,3.069999933242798,2540,0.0,0.0
2024-06-17 12:09:00-04:00,3.0617001056671143,3.0617001056671143,3.0617001056671143,3.0617001056671143,2527,0.0,0.0
2024-06-17 12:10:00-04:00,3.065000057220459,3.065000057220459,3.0601000785827637,3.0601000785827637,5759,0.0,0.0
2024-06-17 12:11:00-04:00,3.0617001056671143,3.0617001056671143,3.0399999618530273,3.0399999618530273,6868,0.0,0.0
2024-06-17 12:13:00-04:00,3.055000066757202,3.055000066757202,3.055000066757202,3.055000066757202,472,0.0,0.0
2024-06-17 12:14:00-04:00,3.059999942779541,3.069999933242798,3.059999942779541,3.069999933242798,1575,0.0,0.0
2024-06-17 12:15:00-04:00,3.069999933242798,3.069999933242798,3.069999933242798,3.069999933242798,323,0.0,0.0
2024-06-17 12:23:00-04:00,3.0801000595092773,3.0801000595092773,3.0801000595092773,3.0801000595092773,2045,0.0,0.0
2024-06-17 12:24:00-04:00,3.0799999237060547,3.0801000595092773,3.069999933242798,3.069999933242798,6529,0.0,0.0
2024-06-17 12:26:00-04:00,3.059999942779541,3.059999942779541,3.059999942779541,3.059999942779541,2698,0.0,0.0
2024-06-17 12:27:00-04:00,3.0599000453948975,3.059999942779541,3.0576999187469482,3.0576999187469482,808,0.0,0.0
2024-06-17 12:28:00-04:00,3.0566999912261963,3.0566999912261963,3.0566999912261963,3.0566999912261963,206,0.0,0.0
2024-06-17 12:29:00-04:00,3.055000066757202,3.055000066757202,3.051300048828125,3.051300048828125,505,0.0,0.0
2024-06-17 12:31:00-04:00,3.049999952316284,3.059999942779541,3.049999952316284,3.059999942779541,5597,0.0,0.0
2024-06-17 12:34:00-04:00,3.0699000358581543,3.0699000358581543,3.065000057220459,3.069000005722046,8443,0.0,0.0
2024-06-17 12:36:00-04:00,3.069999933242798,3.069999933242798,3.069999933242798,3.069999933242798,2463,0.0,0.0
2024-06-17 12:37:00-04:00,3.069999933242798,3.069999933242798,3.069999933242798,3.069999933242798,112,0.0,0.0
2024-06-17 12:45:00-04:00,3.059999942779541,3.059999942779541,3.059999942779541,3.059999942779541,300,0.0,0.0
2024-06-17 12:47:00-04:00,3.049999952316284,3.049999952316284,3.049999952316284,3.049999952316284,104,0.0,0.0
2024-06-17 12:50:00-04:00,3.056299924850464,3.056299924850464,3.056299924850464,3.056299924850464,312,0.0,0.0
2024-06-17 12:53:00-04:00,3.059999942779541,3.059999942779541,3.059999942779541,3.059999942779541,198,0.0,0.0
2024-06-17 12:55:00-04:00,3.0699000358581543,3.069999933242798,3.0699000358581543,3.069999933242798,6891,0.0,0.0
2024-06-17 12:56:00-04:00,3.069999933242798,3.069999933242798,3.069999933242798,3.069999933242798,167,0.0,0.0
2024-06-17 13:00:00-04:00,3.061000108718872,3.069999933242798,3.059999942779541,3.069999933242798,5404,0.0,0.0
2024-06-17 13:01:00-04:00,3.061300039291382,3.061300039291382,3.061300039291382,3.061300039291382,4994,0.0,0.0
2024-06-17 13:02:00-04:00,3.059999942779541,3.059999942779541,3.059999942779541,3.059999942779541,0,0.0,0.0
2024-06-17 13:03:00-04:00,3.065000057220459,3.065000057220459,3.049999952316284,3.049999952316284,1022,0.0,0.0
2024-06-17 13:04:00-04:00,3.050100088119507,3.050100088119507,3.050100088119507,3.050100088119507,1933,0.0,0.0
2024-06-17 13:05:00-04:00,3.059000015258789,3.059000015258789,3.059000015258789,3.059000015258789,370,0.0,0.0
2024-06-17 13:06:00-04:00,3.059999942779541,3.059999942779541,3.059999942779541,3.059999942779541,200,0.0,0.0
2024-06-17 13:08:00-04:00,3.068000078201294,3.069999933242798,3.068000078201294,3.069999933242798,799,0.0,0.0
2024-06-17 13:09:00-04:00,3.069000005722046,3.069000005722046,3.069000005722046,3.069000005722046,1038,0.0,0.0
2024-06-17 13:10:00-04:00,3.065000057220459,3.0799999237060547,3.065000057220459,3.0799999237060547,4944,0.0,0.0
2024-06-17 13:11:00-04:00,3.070199966430664,3.070199966430664,3.059999942779541,3.059999942779541,6005,0.0,0.0
2024-06-17 13:12:00-04:00,3.052299976348877,3.0599000453948975,3.052299976348877,3.0599000453948975,4520,0.0,0.0
2024-06-17 13:13:00-04:00,3.059999942779541,3.059999942779541,3.0399999618530273,3.0399999618530273,29306,0.0,0.0
2024-06-17 13:14:00-04:00,3.0350000858306885,3.0350000858306885,3.0299999713897705,3.0299999713897705,9316,0.0,0.0
2024-06-17 13:15:00-04:00,3.0199999809265137,3.028599977493286,3.0199999809265137,3.0206000804901123,37678,0.0,0.0
2024-06-17 13:16:00-04:00,3.0250000953674316,3.028899908065796,3.0199999809265137,3.0199999809265137,21833,0.0,0.0
2024-06-17 13:17:00-04:00,3.020900011062622,3.0250000953674316,3.0199999809265137,3.0199999809265137,901,0.0,0.0
2024-06-17 13:18:00-04:00,3.0299999713897705,3.0299999713897705,3.027100086212158,3.027100086212158,1813,0.0,0.0
2024-06-17 13:20:00-04:00,3.0299999713897705,3.0299999713897705,3.0299999713897705,3.0299999713897705,0,0.0,0.0
2024-06-17 13:22:00-04:00,3.0295000076293945,3.0295000076293945,3.0264999866485596,3.0264999866485596,111,0.0,0.0
2024-06-17 13:24:00-04:00,3.0295000076293945,3.0295000076293945,3.0295000076293945,3.0295000076293945,1100,0.0,0.0
2024-06-17 13:25:00-04:00,3.0250000953674316,3.0250000953674316,3.023200035095215,3.0250000953674316,7050,0.0,0.0
2024-06-17 13:26:00-04:00,3.0213000774383545,3.0257999897003174,3.0201001167297363,3.0201001167297363,4038,0.0,0.0
2024-06-17 13:27:00-04:00,3.0250000953674316,3.0297000408172607,3.0250000953674316,3.0250000953674316,4307,0.0,0.0
2024-06-17 13:28:00-04:00,3.0250000953674316,3.0250000953674316,3.0100998878479004,3.0100998878479004,10005,0.0,0.0
2024-06-17 13:29:00-04:00,3.0106000900268555,3.0199999809265137,3.0102999210357666,3.0114998817443848,9039,0.0,0.0
2024-06-17 13:30:00-04:00,3.015500068664551,3.015500068664551,3.0,3.0,13260,0.0,0.0
2024-06-17 13:31:00-04:00,3.005000114440918,3.005000114440918,2.9800000190734863,2.990000009536743,16230,0.0,0.0
2024-06-17 13:32:00-04:00,2.990000009536743,3.005000114440918,2.990000009536743,3.0000998973846436,12972,0.0,0.0
2024-06-17 13:33:00-04:00,3.0,3.000699996948242,2.994999885559082,3.000699996948242,1687,0.0,0.0
2024-06-17 13:34:00-04:00,3.0,3.0,3.0,3.0,300,0.0,0.0
2024-06-17 13:35:00-04:00,3.005000114440918,3.005000114440918,2.994999885559082,2.994999885559082,1479,0.0,0.0
2024-06-17 13:37:00-04:00,2.9999001026153564,2.9999001026153564,2.9999001026153564,2.9999001026153564,320,0.0,0.0
2024-06-17 13:40:00-04:00,2.9902000427246094,2.9902000427246094,2.9600000381469727,2.9700000286102295,12428,0.0,0.0
2024-06-17 13:41:00-04:00,2.9800000190734863,2.9800000190734863,2.9600000381469727,2.9649999141693115,11293,0.0,0.0
2024-06-17 13:42:00-04:00,2.9690001010894775,2.9690001010894775,2.940000057220459,2.940000057220459,14823,0.0,0.0
2024-06-17 13:43:00-04:00,2.9549999237060547,2.9800000190734863,2.9549999237060547,2.9800000190734863,9615,0.0,0.0
2024-06-17 13:44:00-04:00,2.984999895095825,2.984999895095825,2.9600000381469727,2.9600000381469727,5364,0.0,0.0
2024-06-17 13:45:00-04:00,2.9593000411987305,2.9593000411987305,2.9593000411987305,2.9593000411987305,1350,0.0,0.0
2024-06-17 13:46:00-04:00,2.950000047683716,2.950000047683716,2.950000047683716,2.950000047683716,19325,0.0,0.0
2024-06-17 13:47:00-04:00,2.9549999237060547,2.9600000381469727,2.9549999237060547,2.9600000381469727,0,0.0,0.0
2024-06-17 13:48:00-04:00,2.9749999046325684,2.9749999046325684,2.9749999046325684,2.9749999046325684,4202,0.0,0.0
2024-06-17 13:49:00-04:00,2.979099988937378,2.979099988937378,2.979099988937378,2.979099988937378,0,0.0,0.0
2024-06-17 13:50:00-04:00,2.9749999046325684,2.9749999046325684,2.970099925994873,2.970099925994873,350,0.0,0.0
2024-06-17 13:52:00-04:00,2.9800000190734863,2.984999895095825,2.9800000190734863,2.984999895095825,10830,0.0,0.0
2024-06-17 13:53:00-04:00,2.984999895095825,3.005000114440918,2.984999895095825,3.005000114440918,55127,0.0,0.0
2024-06-17 13:57:00-04:00,2.994999885559082,2.994999885559082,2.990000009536743,2.990000009536743,3866,0.0,0.0
2024-06-17 13:59:00-04:00,2.990000009536743,2.990000009536743,2.990000009536743,2.990000009536743,601,0.0,0.0
2024-06-17 14:02:00-04:00,2.994999885559082,2.994999885559082,2.994999885559082,2.994999885559082,1101,0.0,0.0
2024-06-17 14:04:00-04:00,2.990999937057495,2.994999885559082,2.990999937057495,2.994999885559082,1688,0.0,0.0
2024-06-17 14:05:00-04:00,2.997999906539917,2.997999906539917,2.994999885559082,2.994999885559082,600,0.0,0.0
2024-06-17 14:06:00-04:00,2.994999885559082,3.0,2.994999885559082,3.0,30514,0.0,0.0
2024-06-17 14:07:00-04:00,3.009999990463257,3.01990008354187,3.009999990463257,3.015000104904175,5044,0.0,0.0
2024-06-17 14:08:00-04:00,3.009999990463257,3.0100998878479004,2.9800000190734863,2.9800000190734863,14679,0.0,0.0
2024-06-17 14:10:00-04:00,2.984999895095825,3.0,2.984999895095825,3.0,15759,0.0,0.0
2024-06-17 14:12:00-04:00,2.990000009536743,2.990000009536743,2.990000009536743,2.990000009536743,406,0.0,0.0
2024-06-17 14:14:00-04:00,2.984999895095825,2.984999895095825,2.984999895095825,2.984999895095825,109,0.0,0.0
2024-06-17 14:15:00-04:00,2.984999895095825,2.984999895095825,2.98009991645813,2.98009991645813,1305,0.0,0.0
2024-06-17 14:16:00-04:00,2.9899001121520996,2.9899001121520996,2.9899001121520996,2.9899001121520996,3007,0.0,0.0
2024-06-17 14:18:00-04:00,2.9800000190734863,2.9800000190734863,2.9749999046325684,2.9800000190734863,1527,0.0,0.0
2024-06-17 14:19:00-04:00,2.9755001068115234,2.9820001125335693,2.9755001068115234,2.9820001125335693,1699,0.0,0.0
2024-06-17 14:20:00-04:00,2.9800000190734863,2.9800000190734863,2.9800000190734863,2.9800000190734863,30,0.0,0.0
2024-06-17 14:21:00-04:00,2.9800000190734863,2.9800000190734863,2.9800000190734863,2.9800000190734863,313,0.0,0.0
2024-06-17 14:23:00-04:00,2.9700000286102295,2.9700000286102295,2.9700000286102295,2.9700000286102295,666,0.0,0.0
2024-06-17 14:27:00-04:00,2.9600000381469727,2.9600000381469727,2.9600000381469727,2.9600000381469727,700,0.0,0.0
2024-06-17 14:28:00-04:00,2.9600000381469727,2.9600000381469727,2.9600000381469727,2.9600000381469727,19,0.0,0.0
2024-06-17 14:30:00-04:00,2.9700000286102295,2.9700000286102295,2.9700000286102295,2.9700000286102295,784,0.0,0.0
2024-06-17 14:31:00-04:00,2.9700000286102295,2.9700000286102295,2.9700000286102295,2.9700000286102295,116,0.0,0.0
2024-06-17 14:35:00-04:00,2.9690001010894775,2.9700000286102295,2.9690001010894775,2.969899892807007,4824,0.0,0.0
2024-06-17 14:37:00-04:00,2.9700000286102295,2.9700000286102295,2.9649999141693115,2.9649999141693115,240,0.0,0.0
2024-06-17 14:38:00-04:00,2.9700000286102295,2.9700000286102295,2.9700000286102295,2.9700000286102295,800,0.0,0.0
2024-06-17 14:39:00-04:00,2.9649999141693115,2.9649999141693115,2.9649999141693115,2.9649999141693115,0,0.0,0.0
2024-06-17 14:40:00-04:00,2.9600000381469727,2.963900089263916,2.9600000381469727,2.963900089263916,4500,0.0,0.0
2024-06-17 14:42:00-04:00,2.9600000381469727,2.9600000381469727,2.9600000381469727,2.9600000381469727,0,0.0,0.0
2024-06-17 14:43:00-04:00,2.969899892807007,2.969899892807007,2.9649999141693115,2.969399929046631,3461,0.0,0.0
2024-06-17 14:44:00-04:00,2.9681999683380127,2.9700000286102295,2.9681999683380127,2.9700000286102295,365,0.0,0.0
2024-06-17 14:45:00-04:00,2.9635000228881836,2.9635000228881836,2.9635000228881836,2.9635000228881836,870,0.0,0.0
2024-06-17 14:47:00-04:00,2.9649999141693115,2.9649999141693115,2.9600000381469727,2.9649999141693115,212,0.0,0.0
2024-06-17 14:51:00-04:00,2.9600000381469727,2.9600000381469727,2.9567999839782715,2.9567999839782715,3373,0.0,0.0
2024-06-17 14:52:00-04:00,2.9549999237060547,2.9549999237060547,2.944999933242798,2.944999933242798,4057,0.0,0.0
2024-06-17 14:53:00-04:00,2.949199914932251,2.950000047683716,2.949199914932251,2.950000047683716,175,0.0,0.0
2024-06-17 14:54:00-04:00,2.9649999141693115,2.9649999141693115,2.9600000381469727,2.9600000381469727,796,0.0,0.0
2024-06-17 14:55:00-04:00,2.9649999141693115,2.9649999141693115,2.9649999141693115,2.9649999141693115,20,0.0,0.0
2024-06-17 14:56:00-04:00,2.9691998958587646,2.9691998958587646,2.9691998958587646,2.9691998958587646,2000,0.0,0.0
2024-06-17 14:57:00-04:00,2.97760009765625,2.97760009765625,2.976599931716919,2.976599931716919,0,0.0,0.0
2024-06-17 14:58:00-04:00,2.960099935531616,2.960099935531616,2.95169997215271,2.95169997215271,17669,0.0,0.0
2024-06-17 15:00:00-04:00,2.9600000381469727,2.9700000286102295,2.9600000381469727,2.9600000381469727,10471,0.0,0.0
2024-06-17 15:01:00-04:00,2.9697000980377197,2.969899892807007,2.954699993133545,2.954699993133545,6720,0.0,0.0
2024-06-17 15:02:00-04:00,2.960599899291992,2.960599899291992,2.950000047683716,2.950000047683716,10798,0.0,0.0
2024-06-17 15:03:00-04:00,2.9300999641418457,2.940000057220459,2.930000066757202,2.930000066757202,3454,0.0,0.0
2024-06-17 15:04:00-04:00,2.930000066757202,2.935699939727783,2.930000066757202,2.935699939727783,2903,0.0,0.0
2024-06-17 15:05:00-04:00,2.934999942779541,2.934999942779541,2.934999942779541,2.934999942779541,0,0.0,0.0
2024-06-17 15:06:00-04:00,2.9395999908447266,2.9395999908447266,2.9395999908447266,2.9395999908447266,2000,0.0,0.0
2024-06-17 15:07:00-04:00,2.938999891281128,2.938999891281128,2.938999891281128,2.938999891281128,36,0.0,0.0
2024-06-17 15:08:00-04:00,2.932499885559082,2.932499885559082,2.932499885559082,2.932499885559082,105,0.0,0.0
2024-06-17 15:09:00-04:00,2.9305999279022217,2.934999942779541,2.9305999279022217,2.934999942779541,2800,0.0,0.0
2024-06-17 15:10:00-04:00,2.930000066757202,2.940000057220459,2.930000066757202,2.934999942779541,4433,0.0,0.0
2024-06-17 15:11:00-04:00,2.9398999214172363,2.9398999214172363,2.9305999279022217,2.9305999279022217,2829,0.0,0.0
2024-06-17 15:13:00-04:00,2.9302000999450684,2.93969988822937,2.9302000999450684,2.934999942779541,4832,0.0,0.0
2024-06-17 15:14:00-04:00,2.930000066757202,2.9300999641418457,2.9100000858306885,2.924999952316284,11818,0.0,0.0
2024-06-17 15:17:00-04:00,2.920099973678589,2.920099973678589,2.920099973678589,2.920099973678589,2652,0.0,0.0
2024-06-17 15:19:00-04:00,2.924999952316284,2.924999952316284,2.924999952316284,2.924999952316284,379,0.0,0.0
2024-06-17 15:21:00-04:00,2.924999952316284,2.924999952316284,2.9200000762939453,2.924999952316284,2889,0.0,0.0
2024-06-17 15:22:00-04:00,2.9200000762939453,2.9200000762939453,2.9126999378204346,2.9126999378204346,18418,0.0,0.0
2024-06-17 15:23:00-04:00,2.9189000129699707,2.924999952316284,2.9189000129699707,2.924999952316284,9813,0.0,0.0
2024-06-17 15:25:00-04:00,2.930000066757202,2.930000066757202,2.9200000762939453,2.927999973297119,13504,0.0,0.0
2024-06-17 15:26:00-04:00,2.9100000858306885,2.9200000762939453,2.9049999713897705,2.9100000858306885,29065,0.0,0.0
2024-06-17 15:27:00-04:00,2.9038000106811523,2.9100000858306885,2.9000000953674316,2.9100000858306885,3886,0.0,0.0
2024-06-17 15:28:00-04:00,2.9094998836517334,2.9100000858306885,2.9005000591278076,2.9049999713897705,2967,0.0,0.0
2024-06-17 15:29:00-04:00,2.9033000469207764,2.9033000469207764,2.9033000469207764,2.9033000469207764,5000,0.0,0.0
2024-06-17 15:30:00-04:00,2.9049999713897705,2.9049999713897705,2.900099992752075,2.9035000801086426,5215,0.0,0.0
2024-06-17 15:31:00-04:00,2.9049999713897705,2.9049999713897705,2.9033000469207764,2.9033000469207764,4088,0.0,0.0
2024-06-17 15:32:00-04:00,2.9000000953674316,2.909899950027466,2.9000000953674316,2.9049999713897705,1290,0.0,0.0
2024-06-17 15:33:00-04:00,2.9091999530792236,2.9100000858306885,2.9091999530792236,2.9100000858306885,402,0.0,0.0
2024-06-17 15:34:00-04:00,2.9000000953674316,2.9149999618530273,2.9000000953674316,2.9149999618530273,3240,0.0,0.0
2024-06-17 15:35:00-04:00,2.9179999828338623,2.9179999828338623,2.9100000858306885,2.9100000858306885,558,0.0,0.0
2024-06-17 15:36:00-04:00,2.9100000858306885,2.9100000858306885,2.9000000953674316,2.9000000953674316,18014,0.0,0.0
2024-06-17 15:38:00-04:00,2.9000000953674316,2.9000000953674316,2.9000000953674316,2.9000000953674316,177,0.0,0.0
2024-06-17 15:39:00-04:00,2.8998000621795654,2.8998000621795654,2.8998000621795654,2.8998000621795654,2000,0.0,0.0
2024-06-17 15:40:00-04:00,2.8989999294281006,2.8989999294281006,2.8989999294281006,2.8989999294281006,500,0.0,0.0
2024-06-17 15:41:00-04:00,2.8994998931884766,2.909899950027466,2.8994998931884766,2.909899950027466,4422,0.0,0.0
2024-06-17 15:42:00-04:00,2.9200000762939453,2.9200000762939453,2.9049999713897705,2.909899950027466,14665,0.0,0.0
2024-06-17 15:43:00-04:00,2.9049999713897705,2.939199924468994,2.9049999713897705,2.939199924468994,8656,0.0,0.0
2024-06-17 15:44:00-04:00,2.934999942779541,2.940000057220459,2.934999942779541,2.937999963760376,2535,0.0,0.0
2024-06-17 15:45:00-04:00,2.934999942779541,2.940000057220459,2.934999942779541,2.940000057220459,3333,0.0,0.0
2024-06-17 15:46:00-04:00,2.940000057220459,2.940000057220459,2.930000066757202,2.930000066757202,60,0.0,0.0
2024-06-17 15:48:00-04:00,2.9202001094818115,2.924999952316284,2.9200000762939453,2.924999952316284,9335,0.0,0.0
2024-06-17 15:50:00-04:00,2.9200000762939453,2.9200000762939453,2.9200000762939453,2.9200000762939453,1308,0.0,0.0
2024-06-17 15:52:00-04:00,2.9298999309539795,2.9298999309539795,2.9298999309539795,2.9298999309539795,2680,0.0,0.0
2024-06-17 15:53:00-04:00,2.924999952316284,2.924999952316284,2.9200000762939453,2.9200000762939453,11779,0.0,0.0
2024-06-17 15:54:00-04:00,2.9200000762939453,2.9200000762939453,2.9200000762939453,2.9200000762939453,14510,0.0,0.0
2024-06-17 15:55:00-04:00,2.9200000762939453,2.9200000762939453,2.9000000953674316,2.9049999713897705,17179,0.0,0.0
2024-06-17 15:56:00-04:00,2.9049999713897705,2.9056999683380127,2.9000000953674316,2.9056999683380127,2828,0.0,0.0
2024-06-17 15:57:00-04:00,2.9100000858306885,2.9100000858306885,2.9000000953674316,2.9000000953674316,1965,0.0,0.0
2024-06-17 15:58:00-04:00,2.9049999713897705,2.9049999713897705,2.9000000953674316,2.9000000953674316,2020,0.0,0.0
2024-06-17 15:59:00-04:00,2.908799886703491,2.909899950027466,2.9000000953674316,2.9049999713897705,14069,0.0,0.0
2024-06-18 09:30:00-04:00,2.9000000953674316,2.9214999675750732,2.9000000953674316,2.9214999675750732,8982,0.0,0.0
2024-06-18 09:34:00-04:00,2.9003000259399414,2.9003000259399414,2.9000000953674316,2.9000000953674316,9717,0.0,0.0
2024-06-18 09:36:00-04:00,2.869999885559082,2.869999885559082,2.859999895095825,2.859999895095825,21629,0.0,0.0
2024-06-18 09:37:00-04:00,2.859999895095825,2.869999885559082,2.859999895095825,2.869999885559082,2818,0.0,0.0
2024-06-18 09:38:00-04:00,2.869999885559082,2.869999885559082,2.869999885559082,2.869999885559082,4001,0.0,0.0
2024-06-18 09:39:00-04:00,2.865000009536743,2.865000009536743,2.865000009536743,2.865000009536743,2173,0.0,0.0
2024-06-18 09:40:00-04:00,2.865000009536743,2.865000009536743,2.840100049972534,2.850100040435791,11970,0.0,0.0
2024-06-18 09:41:00-04:00,2.850100040435791,2.850100040435791,2.8399999141693115,2.8450000286102295,4214,0.0,0.0
2024-06-18 09:42:00-04:00,2.8450000286102295,2.8450000286102295,2.8408000469207764,2.8408000469207764,10200,0.0,0.0
2024-06-18 09:43:00-04:00,2.8403000831604004,2.8450000286102295,2.825000047683716,2.825000047683716,12665,0.0,0.0
2024-06-18 09:44:00-04:00,2.825000047683716,2.8350000381469727,2.825000047683716,2.8299999237060547,5189,0.0,0.0
2024-06-18 09:45:00-04:00,2.822200059890747,2.8397998809814453,2.822200059890747,2.8299999237060547,5511,0.0,0.0
2024-06-18 09:46:00-04:00,2.8299999237060547,2.839600086212158,2.8299999237060547,2.839600086212158,1319,0.0,0.0
2024-06-18 09:47:00-04:00,2.819999933242798,2.825000047683716,2.7950000762939453,2.7950000762939453,8403,0.0,0.0
2024-06-18 09:48:00-04:00,2.7899999618530273,2.7950000762939453,2.740000009536743,2.7400999069213867,48422,0.0,0.0
2024-06-18 09:49:00-04:00,2.759999990463257,2.7699999809265137,2.759999990463257,2.7699999809265137,1202,0.0,0.0
2024-06-18 09:50:00-04:00,2.7799999713897705,2.7799999713897705,2.7799999713897705,2.7799999713897705,2011,0.0,0.0
2024-06-18 09:51:00-04:00,2.7899999618530273,2.7899999618530273,2.7899999618530273,2.7899999618530273,2126,0.0,0.0
2024-06-18 09:52:00-04:00,2.7899999618530273,2.7899999618530273,2.7750000953674316,2.7750000953674316,5587,0.0,0.0
2024-06-18 09:53:00-04:00,2.7750000953674316,2.7799999713897705,2.7701001167297363,2.7799999713897705,5776,0.0,0.0
2024-06-18 09:54:00-04:00,2.7799999713897705,2.7799999713897705,2.7699999809265137,2.7799999713897705,2181,0.0,0.0
2024-06-18 09:55:00-04:00,2.7899999618530273,2.7899999618530273,2.75,2.759999990463257,15083,0.0,0.0
2024-06-18 09:56:00-04:00,2.7604000568389893,2.7604000568389893,2.7423999309539795,2.7423999309539795,11591,0.0,0.0
2024-06-18 09:57:00-04:00,2.740000009536743,2.740000009536743,2.680000066757202,2.694999933242798,57551,0.0,0.0
2024-06-18 09:58:00-04:00,2.690000057220459,2.700000047683716,2.680000066757202,2.690000057220459,5063,0.0,0.0
2024-06-18 09:59:00-04:00,2.6800999641418457,2.7000999450683594,2.6800999641418457,2.690000057220459,22432,0.0,0.0
2024-06-18 10:00:00-04:00,2.7019999027252197,2.7019999027252197,2.690000057220459,2.690000057220459,8504,0.0,0.0
2024-06-18 10:01:00-04:00,2.682499885559082,2.682499885559082,2.6700000762939453,2.6700000762939453,13585,0.0,0.0
2024-06-18 10:02:00-04:00,2.6659998893737793,2.680000066757202,2.6500000953674316,2.680000066757202,12802,0.0,0.0
2024-06-18 10:03:00-04:00,2.690000057220459,2.700000047683716,2.690000057220459,2.694999933242798,2302,0.0,0.0
2024-06-18 10:04:00-04:00,2.690000057220459,2.690000057220459,2.690000057220459,2.690000057220459,2490,0.0,0.0
2024-06-18 10:05:00-04:00,2.699899911880493,2.7149999141693115,2.694999933242798,2.7149999141693115,5532,0.0,0.0
2024-06-18 10:06:00-04:00,2.7300000190734863,2.7300000190734863,2.7158000469207764,2.729099988937378,18829,0.0,0.0
2024-06-18 10:07:00-04:00,2.7200000286102295,2.740000009536743,2.7200000286102295,2.7300000190734863,9518,0.0,0.0
2024-06-18 10:08:00-04:00,2.7453999519348145,2.7453999519348145,2.734999895095825,2.7399001121520996,9665,0.0,0.0
2024-06-18 10:09:00-04:00,2.740000009536743,2.740000009536743,2.734999895095825,2.73799991607666,1226,0.0,0.0
2024-06-18 10:10:00-04:00,2.740000009536743,2.744999885559082,2.740000009536743,2.744999885559082,1205,0.0,0.0
2024-06-18 10:11:00-04:00,2.734999895095825,2.734999895095825,2.7200000286102295,2.7300000190734863,5083,0.0,0.0
2024-06-18 10:12:00-04:00,2.7300000190734863,2.7300000190734863,2.7300000190734863,2.7300000190734863,250,0.0,0.0
2024-06-18 10:13:00-04:00,2.739799976348877,2.739799976348877,2.739799976348877,2.739799976348877,376,0.0,0.0
2024-06-18 10:14:00-04:00,2.7399001121520996,2.7399001121520996,2.734999895095825,2.734999895095825,449,0.0,0.0
2024-06-18 10:16:00-04:00,2.734999895095825,2.734999895095825,2.734999895095825,2.734999895095825,245,0.0,0.0
2024-06-18 10:17:00-04:00,2.7320001125335693,2.734999895095825,2.7320001125335693,2.734999895095825,1497,0.0,0.0
2024-06-18 10:18:00-04:00,2.740000009536743,2.75,2.734999895095825,2.75,3476,0.0,0.0
2024-06-18 10:19:00-04:00,2.755000114440918,2.755000114440918,2.75,2.75,2389,0.0,0.0
2024-06-18 10:20:00-04:00,2.734999895095825,2.7400999069213867,2.734999895095825,2.7400999069213867,5649,0.0,0.0
2024-06-18 10:21:00-04:00,2.740000009536743,2.740000009536743,2.734999895095825,2.7399001121520996,21283,0.0,0.0
2024-06-18 10:22:00-04:00,2.740000009536743,2.75,2.740000009536743,2.75,3982,0.0,0.0
2024-06-18 10:23:00-04:00,2.744999885559082,2.7699999809265137,2.744999885559082,2.7699999809265137,5070,0.0,0.0
2024-06-18 10:26:00-04:00,2.759999990463257,2.759999990463257,2.759999990463257,2.759999990463257,503,0.0,0.0
2024-06-18 10:27:00-04:00,2.75,2.755000114440918,2.75,2.755000114440918,5162,0.0,0.0
2024-06-18 10:28:00-04:00,2.75,2.759999990463257,2.75,2.755000114440918,0,0.0,0.0
2024-06-18 10:30:00-04:00,2.73799991607666,2.740000009536743,2.73799991607666,2.740000009536743,2750,0.0,0.0
2024-06-18 10:31:00-04:00,2.7339999675750732,2.759999990463257,2.7339999675750732,2.759999990463257,4080,0.0,0.0
2024-06-18 10:32:00-04:00,2.759999990463257,2.759999990463257,2.7500998973846436,2.7500998973846436,1415,0.0,0.0
2024-06-18 10:34:00-04:00,2.744999885559082,2.744999885559082,2.7300000190734863,2.7300000190734863,8633,0.0,0.0
2024-06-18 10:37:00-04:00,2.7300000190734863,2.7300000190734863,2.7300000190734863,2.7300000190734863,573,0.0,0.0
2024-06-18 10:39:00-04:00,2.740000009536743,2.75,2.734999895095825,2.75,5678,0.0,0.0
2024-06-18 10:40:00-04:00,2.7588999271392822,2.7588999271392822,2.7588999271392822,2.7588999271392822,307,0.0,0.0
2024-06-18 10:41:00-04:00,2.75,2.7699999809265137,2.75,2.7699999809265137,5899,0.0,0.0
2024-06-18 10:42:00-04:00,2.7699999809265137,2.7699999809265137,2.7699999809265137,2.7699999809265137,1557,0.0,0.0
2024-06-18 10:43:00-04:00,2.779900074005127,2.779900074005127,2.779900074005127,2.779900074005127,22,0.0,0.0
2024-06-18 10:45:00-04:00,2.7750000953674316,2.8299999237060547,2.7750000953674316,2.8299999237060547,29436,0.0,0.0
2024-06-18 10:47:00-04:00,2.809999942779541,2.809999942779541,2.805000066757202,2.808000087738037,1510,0.0,0.0
2024-06-18 10:48:00-04:00,2.7899999618530273,2.7899999618530273,2.7799999713897705,2.7799999713897705,1968,0.0,0.0
2024-06-18 10:50:00-04:00,2.7750000953674316,2.7780001163482666,2.7750000953674316,2.7780001163482666,1628,0.0,0.0
2024-06-18 10:52:00-04:00,2.7750000953674316,2.7850000858306885,2.7750000953674316,2.7850000858306885,2794,0.0,0.0
2024-06-18 10:55:00-04:00,2.7795000076293945,2.7795000076293945,2.7795000076293945,2.7795000076293945,604,0.0,0.0
2024-06-18 10:56:00-04:00,2.779900074005127,2.7799999713897705,2.779900074005127,2.7799999713897705,300,0.0,0.0
2024-06-18 10:57:00-04:00,2.7799999713897705,2.7799999713897705,2.7799999713897705,2.7799999713897705,276,0.0,0.0
2024-06-18 10:59:00-04:00,2.7699999809265137,2.7699999809265137,2.7699999809265137,2.7699999809265137,617,0.0,0.0
2024-06-18 11:02:00-04:00,2.768199920654297,2.768199920654297,2.768199920654297,2.768199920654297,1255,0.0,0.0
2024-06-18 11:07:00-04:00,2.7690000534057617,2.7799999713897705,2.7690000534057617,2.7799999713897705,1005,0.0,0.0
2024-06-18 11:09:00-04:00,2.7699999809265137,2.7699999809265137,2.7699999809265137,2.7699999809265137,248,0.0,0.0
2024-06-18 11:10:00-04:00,2.7692999839782715,2.7692999839782715,2.7692999839782715,2.7692999839782715,101,0.0,0.0
2024-06-18 11:11:00-04:00,2.7783000469207764,2.7783000469207764,2.7783000469207764,2.7783000469207764,1004,0.0,0.0
2024-06-18 11:14:00-04:00,2.7699999809265137,2.7699999809265137,2.7699999809265137,2.7699999809265137,149,0.0,0.0
2024-06-18 11:15:00-04:00,2.7799999713897705,2.7799999713897705,2.7799999713897705,2.7799999713897705,1160,0.0,0.0
2024-06-18 11:18:00-04:00,2.7799999713897705,2.7799999713897705,2.7799999713897705,2.7799999713897705,348,0.0,0.0
2024-06-18 11:19:00-04:00,2.7799999713897705,2.7799999713897705,2.7799999713897705,2.7799999713897705,1224,0.0,0.0
2024-06-18 11:23:00-04:00,2.7780001163482666,2.7799999713897705,2.7780001163482666,2.7799999713897705,550,0.0,0.0
2024-06-18 11:24:00-04:00,2.7750000953674316,2.7750000953674316,2.7750000953674316,2.7750000953674316,234,0.0,0.0
2024-06-18 11:25:00-04:00,2.7699999809265137,2.7750000953674316,2.7699999809265137,2.7750000953674316,979,0.0,0.0
2024-06-18 11:26:00-04:00,2.7750000953674316,2.7750000953674316,2.7750000953674316,2.7750000953674316,245,0.0,0.0
2024-06-18 11:27:00-04:00,2.7780001163482666,2.7780001163482666,2.7780001163482666,2.7780001163482666,4000,0.0,0.0
2024-06-18 11:29:00-04:00,2.7780001163482666,2.779900074005127,2.7780001163482666,2.779900074005127,0,0.0,0.0
2024-06-18 11:32:00-04:00,2.7750000953674316,2.7750000953674316,2.7750000953674316,2.7750000953674316,2306,0.0,0.0
2024-06-18 11:34:00-04:00,2.7750000953674316,2.7750000953674316,2.7750000953674316,2.7750000953674316,1905,0.0,0.0
2024-06-18 11:35:00-04:00,2.759999990463257,2.759999990463257,2.759999990463257,2.759999990463257,3533,0.0,0.0
2024-06-18 11:36:00-04:00,2.744999885559082,2.744999885559082,2.744999885559082,2.744999885559082,201,0.0,0.0
2024-06-18 11:38:00-04:00,2.75,2.759999990463257,2.75,2.759999990463257,3334,0.0,0.0
2024-06-18 11:39:00-04:00,2.765000104904175,2.765000104904175,2.759999990463257,2.759999990463257,2682,0.0,0.0
2024-06-18 11:41:00-04:00,2.765000104904175,2.7699999809265137,2.765000104904175,2.7699999809265137,448,0.0,0.0
2024-06-18 11:42:00-04:00,2.7750000953674316,2.7899999618530273,2.7750000953674316,2.7899999618530273,7373,0.0,0.0
2024-06-18 11:45:00-04:00,2.7799999713897705,2.7799999713897705,2.7799999713897705,2.7799999713897705,988,0.0,0.0
2024-06-18 11:46:00-04:00,2.789900064468384,2.789900064468384,2.789900064468384,2.789900064468384,1484,0.0,0.0
2024-06-18 11:48:00-04:00,2.7799999713897705,2.7799999713897705,2.7799999713897705,2.7799999713897705,757,0.0,0.0
2024-06-18 11:49:00-04:00,2.7701001167297363,2.7701001167297363,2.7701001167297363,2.7701001167297363,867,0.0,0.0
2024-06-18 11:52:00-04:00,2.7699999809265137,2.7699999809265137,2.765000104904175,2.7699999809265137,5330,0.0,0.0
2024-06-18 11:58:00-04:00,2.765000104904175,2.7699999809265137,2.765000104904175,2.7699999809265137,1105,0.0,0.0
2024-06-18 11:59:00-04:00,2.765000104904175,2.765000104904175,2.765000104904175,2.765000104904175,250,0.0,0.0
2024-06-18 12:02:00-04:00,2.765000104904175,2.765000104904175,2.759999990463257,2.759999990463257,3604,0.0,0.0
2024-06-18 12:03:00-04:00,2.75,2.75,2.75,2.75,1000,0.0,0.0
2024-06-18 12:04:00-04:00,2.755000114440918,2.755000114440918,2.755000114440918,2.755000114440918,0,0.0,0.0
2024-06-18 12:05:00-04:00,2.7500998973846436,2.7500998973846436,2.7500998973846436,2.7500998973846436,4504,0.0,0.0
2024-06-18 12:06:00-04:00,2.755000114440918,2.755000114440918,2.755000114440918,2.755000114440918,225,0.0,0.0
2024-06-18 12:08:00-04:00,2.75,2.75,2.75,2.75,101,0.0,0.0
2024-06-18 12:09:00-04:00,2.75,2.75,2.749799966812134,2.749799966812134,606,0.0,0.0
2024-06-18 12:12:00-04:00,2.747499942779541,2.75,2.744999885559082,2.744999885559082,900,0.0,0.0
2024-06-18 12:13:00-04:00,2.740000009536743,2.740000009536743,2.740000009536743,2.740000009536743,171,0.0,0.0
2024-06-18 12:15:00-04:00,2.744999885559082,2.747999906539917,2.744999885559082,2.747999906539917,7100,0.0,0.0
2024-06-18 12:21:00-04:00,2.744999885559082,2.744999885559082,2.744999885559082,2.744999885559082,700,0.0,0.0
2024-06-18 12:22:00-04:00,2.744999885559082,2.744999885559082,2.744999885559082,2.744999885559082,520,0.0,0.0
2024-06-18 12:23:00-04:00,2.75,2.75,2.75,2.75,3789,0.0,0.0
2024-06-18 12:24:00-04:00,2.759999990463257,2.759999990463257,2.757999897003174,2.757999897003174,1200,0.0,0.0
2024-06-18 12:25:00-04:00,2.759999990463257,2.759999990463257,2.759999990463257,2.759999990463257,136,0.0,0.0
2024-06-18 12:26:00-04:00,2.759999990463257,2.760999917984009,2.759999990463257,2.760999917984009,2118,0.0,0.0
2024-06-18 12:27:00-04:00,2.7699999809265137,2.7699999809265137,2.7699999809265137,2.7699999809265137,234,0.0,0.0
2024-06-18 12:28:00-04:00,2.769700050354004,2.769700050354004,2.769700050354004,2.769700050354004,396,0.0,0.0
2024-06-18 12:29:00-04:00,2.759999990463257,2.759999990463257,2.75,2.75,1389,0.0,0.0
2024-06-18 12:30:00-04:00,2.75,2.75,2.75,2.75,200,0.0,0.0
2024-06-18 12:31:00-04:00,2.75,2.75,2.75,2.75,1900,0.0,0.0
2024-06-18 12:33:00-04:00,2.744999885559082,2.744999885559082,2.744999885559082,2.744999885559082,3572,0.0,0.0
2024-06-18 12:40:00-04:00,2.7499001026153564,2.7499001026153564,2.7499001026153564,2.7499001026153564,827,0.0,0.0
2024-06-18 12:42:00-04:00,2.740000009536743,2.740000009536743,2.740000009536743,2.740000009536743,1093,0.0,0.0
2024-06-18 12:44:00-04:00,2.740000009536743,2.740000009536743,2.740000009536743,2.740000009536743,329,0.0,0.0
2024-06-18 12:53:00-04:00,2.7300000190734863,2.7300000190734863,2.7249999046325684,2.7249999046325684,3293,0.0,0.0
2024-06-18 12:59:00-04:00,2.7300000190734863,2.7300000190734863,2.7249999046325684,2.7249999046325684,413,0.0,0.0
2024-06-18 13:00:00-04:00,2.7300000190734863,2.7300000190734863,2.7249999046325684,2.7300000190734863,3445,0.0,0.0
2024-06-18 13:02:00-04:00,2.7300000190734863,2.7300000190734863,2.7300000190734863,2.7300000190734863,1136,0.0,0.0
2024-06-18 13:03:00-04:00,2.7300000190734863,2.7300000190734863,2.7300000190734863,2.7300000190734863,204,0.0,0.0
2024-06-18 13:10:00-04:00,2.7297000885009766,2.7297000885009766,2.7297000885009766,2.7297000885009766,537,0.0,0.0
2024-06-18 13:16:00-04:00,2.7249999046325684,2.72979998588562,2.7200000286102295,2.7200000286102295,2007,0.0,0.0
2024-06-18 13:18:00-04:00,2.7100000381469727,2.7100000381469727,2.700700044631958,2.700700044631958,6265,0.0,0.0
2024-06-18 13:22:00-04:00,2.7000999450683594,2.7000999450683594,2.7000999450683594,2.7000999450683594,243,0.0,0.0
2024-06-18 13:24:00-04:00,2.7049999237060547,2.7049999237060547,2.7049999237060547,2.7049999237060547,1087,0.0,0.0
2024-06-18 13:29:00-04:00,2.7018001079559326,2.7049999237060547,2.7018001079559326,2.7049999237060547,628,0.0,0.0
2024-06-18 13:32:00-04:00,2.7049999237060547,2.7049999237060547,2.7049999237060547,2.7049999237060547,1443,0.0,0.0
2024-06-18 13:34:00-04:00,2.7100000381469727,2.7100000381469727,2.7100000381469727,2.7100000381469727,200,0.0,0.0
2024-06-18 13:36:00-04:00,2.7049999237060547,2.7049999237060547,2.7049999237060547,2.7049999237060547,100,0.0,0.0
2024-06-18 13:37:00-04:00,2.7049999237060547,2.7049999237060547,2.7049999237060547,2.7049999237060547,1905,0.0,0.0
2024-06-18 13:38:00-04:00,2.7100000381469727,2.7200000286102295,2.705699920654297,2.7149999141693115,3533,0.0,0.0
2024-06-18 13:39:00-04:00,2.7149999141693115,2.7149999141693115,2.7100000381469727,2.7100000381469727,3132,0.0,0.0
2024-06-18 13:40:00-04:00,2.7000999450683594,2.7000999450683594,2.7000999450683594,2.7000999450683594,1763,0.0,0.0
2024-06-18 13:43:00-04:00,2.700000047683716,2.7049999237060547,2.700000047683716,2.7049999237060547,3792,0.0,0.0
2024-06-18 13:44:00-04:00,2.700000047683716,2.700000047683716,2.700000047683716,2.700000047683716,32241,0.0,0.0
2024-06-18 13:48:00-04:00,2.7049999237060547,2.7049999237060547,2.7049999237060547,2.7049999237060547,425,0.0,0.0
2024-06-18 13:49:00-04:00,2.7049999237060547,2.7049999237060547,2.7049999237060547,2.7049999237060547,250,0.0,0.0
2024-06-18 13:50:00-04:00,2.7037999629974365,2.7049999237060547,2.700000047683716,2.700000047683716,14585,0.0,0.0
2024-06-18 13:51:00-04:00,2.690000057220459,2.690000057220459,2.690000057220459,2.690000057220459,2378,0.0,0.0
2024-06-18 13:53:00-04:00,2.6898999214172363,2.6898999214172363,2.6898999214172363,2.6898999214172363,1601,0.0,0.0
2024-06-18 13:54:00-04:00,2.680000066757202,2.680000066757202,2.680000066757202,2.680000066757202,202,0.0,0.0
2024-06-18 13:55:00-04:00,2.690000057220459,2.690000057220459,2.684999942779541,2.684999942779541,1112,0.0,0.0
2024-06-18 13:56:00-04:00,2.684999942779541,2.684999942779541,2.680000066757202,2.684999942779541,3513,0.0,0.0
2024-06-18 13:57:00-04:00,2.6700000762939453,2.6700000762939453,2.6700000762939453,2.6700000762939453,1058,0.0,0.0
2024-06-18 13:58:00-04:00,2.6600000858306885,2.6649999618530273,2.6600000858306885,2.6649999618530273,1739,0.0,0.0
2024-06-18 13:59:00-04:00,2.6700000762939453,2.6700000762939453,2.6649999618530273,2.6649999618530273,1601,0.0,0.0
2024-06-18 14:00:00-04:00,2.6649999618530273,2.6700000762939453,2.6649999618530273,2.6649999618530273,3411,0.0,0.0
2024-06-18 14:03:00-04:00,2.6649999618530273,2.6649999618530273,2.6649999618530273,2.6649999618530273,322,0.0,0.0
2024-06-18 14:05:00-04:00,2.6649999618530273,2.6649999618530273,2.6649999618530273,2.6649999618530273,1000,0.0,0.0
2024-06-18 14:06:00-04:00,2.6649999618530273,2.6649999618530273,2.6649999618530273,2.6649999618530273,208,0.0,0.0
2024-06-18 14:07:00-04:00,2.6600000858306885,2.677999973297119,2.6600000858306885,2.674999952316284,2395,0.0,0.0
2024-06-18 14:08:00-04:00,2.674999952316284,2.680000066757202,2.674999952316284,2.674999952316284,2468,0.0,0.0
2024-06-18 14:09:00-04:00,2.6798999309539795,2.6798999309539795,2.674999952316284,2.674999952316284,533,0.0,0.0
2024-06-18 14:12:00-04:00,2.674999952316284,2.674999952316284,2.674999952316284,2.674999952316284,200,0.0,0.0
2024-06-18 14:14:00-04:00,2.674999952316284,2.684999942779541,2.674999952316284,2.680000066757202,18476,0.0,0.0
2024-06-18 14:15:00-04:00,2.674999952316284,2.680000066757202,2.6700000762939453,2.6798999309539795,12095,0.0,0.0
2024-06-18 14:16:00-04:00,2.674999952316284,2.674999952316284,2.674999952316284,2.674999952316284,20,0.0,0.0
2024-06-18 14:17:00-04:00,2.674999952316284,2.680000066757202,2.674999952316284,2.680000066757202,3815,0.0,0.0
2024-06-18 14:18:00-04:00,2.684999942779541,2.684999942779541,2.680000066757202,2.680000066757202,1329,0.0,0.0
2024-06-18 14:19:00-04:00,2.674999952316284,2.680000066757202,2.6712000370025635,2.680000066757202,1300,0.0,0.0
2024-06-18 14:20:00-04:00,2.674999952316284,2.674999952316284,2.6700000762939453,2.6700000762939453,2833,0.0,0.0
2024-06-18 14:21:00-04:00,2.674999952316284,2.680000066757202,2.674999952316284,2.680000066757202,2289,0.0,0.0
2024-06-18 14:23:00-04:00,2.674999952316284,2.674999952316284,2.674999952316284,2.674999952316284,900,0.0,0.0
2024-06-18 14:24:00-04:00,2.674999952316284,2.680000066757202,2.674999952316284,2.680000066757202,3601,0.0,0.0
2024-06-18 14:25:00-04:00,2.6714000701904297,2.6714000701904297,2.6700000762939453,2.6700000762939453,843,0.0,0.0
2024-06-18 14:26:00-04:00,2.674999952316284,2.677999973297119,2.674999952316284,2.677999973297119,2674,0.0,0.0
2024-06-18 14:30:00-04:00,2.670099973678589,2.670099973678589,2.6600000858306885,2.6600000858306885,7545,0.0,0.0
2024-06-18 14:31:00-04:00,2.6679999828338623,2.6679999828338623,2.6649999618530273,2.6649999618530273,600,0.0,0.0
2024-06-18 14:32:00-04:00,2.6649999618530273,2.690000057220459,2.6649999618530273,2.680000066757202,15445,0.0,0.0
2024-06-18 14:33:00-04:00,2.690000057220459,2.690000057220459,2.690000057220459,2.690000057220459,304,0.0,0.0
2024-06-18 14:34:00-04:00,2.690000057220459,2.690000057220459,2.690000057220459,2.690000057220459,1700,0.0,0.0
2024-06-18 14:35:00-04:00,2.690000057220459,2.690000057220459,2.680000066757202,2.6800999641418457,5503,0.0,0.0
2024-06-18 14:36:00-04:00,2.6800999641418457,2.6800999641418457,2.6800999641418457,2.6800999641418457,101,0.0,0.0
2024-06-18 14:38:00-04:00,2.690000057220459,2.697999954223633,2.690000057220459,2.697999954223633,1101,0.0,0.0
2024-06-18 14:39:00-04:00,2.700000047683716,2.7049999237060547,2.700000047683716,2.7049999237060547,1791,0.0,0.0
2024-06-18 14:40:00-04:00,2.7049999237060547,2.7049999237060547,2.7049999237060547,2.7049999237060547,1901,0.0,0.0
2024-06-18 14:41:00-04:00,2.700000047683716,2.700000047683716,2.700000047683716,2.700000047683716,0,0.0,0.0
2024-06-18 14:44:00-04:00,2.70989990234375,2.70989990234375,2.699700117111206,2.699700117111206,19104,0.0,0.0
2024-06-18 14:45:00-04:00,2.7000999450683594,2.7000999450683594,2.700000047683716,2.700000047683716,9810,0.0,0.0
2024-06-18 14:46:00-04:00,2.690000057220459,2.690000057220459,2.690000057220459,2.690000057220459,300,0.0,0.0
2024-06-18 14:47:00-04:00,2.699899911880493,2.700000047683716,2.694999933242798,2.700000047683716,3905,0.0,0.0
2024-06-18 14:48:00-04:00,2.700000047683716,2.7049999237060547,2.700000047683716,2.7049999237060547,5199,0.0,0.0
2024-06-18 14:49:00-04:00,2.7049999237060547,2.7049999237060547,2.7049999237060547,2.7049999237060547,182,0.0,0.0
2024-06-18 14:50:00-04:00,2.7049999237060547,2.7079999446868896,2.7049999237060547,2.7079999446868896,1102,0.0,0.0
2024-06-18 14:52:00-04:00,2.7100000381469727,2.7100000381469727,2.7049999237060547,2.7049999237060547,1706,0.0,0.0
2024-06-18 14:53:00-04:00,2.7049999237060547,2.7100000381469727,2.7049999237060547,2.7100000381469727,774,0.0,0.0
2024-06-18 14:56:00-04:00,2.7100000381469727,2.7149999141693115,2.7100000381469727,2.7149999141693115,1027,0.0,0.0
2024-06-18 14:58:00-04:00,2.7100000381469727,2.7100000381469727,2.7049999237060547,2.7049999237060547,1701,0.0,0.0
2024-06-18 14:59:00-04:00,2.70989990234375,2.70989990234375,2.7049999237060547,2.7049999237060547,3270,0.0,0.0
2024-06-18 15:00:00-04:00,2.7049999237060547,2.7049999237060547,2.7049999237060547,2.7049999237060547,1030,0.0,0.0
2024-06-18 15:01:00-04:00,2.7049999237060547,2.7079999446868896,2.7049999237060547,2.7049999237060547,501,0.0,0.0
2024-06-18 15:02:00-04:00,2.700000047683716,2.700000047683716,2.697999954223633,2.697999954223633,1253,0.0,0.0
2024-06-18 15:03:00-04:00,2.690000057220459,2.690000057220459,2.690000057220459,2.690000057220459,1657,0.0,0.0
2024-06-18 15:05:00-04:00,2.687999963760376,2.687999963760376,2.680000066757202,2.680000066757202,401,0.0,0.0
2024-06-18 15:07:00-04:00,2.684999942779541,2.684999942779541,2.684999942779541,2.684999942779541,2001,0.0,0.0
2024-06-18 15:08:00-04:00,2.6898999214172363,2.6898999214172363,2.6898999214172363,2.6898999214172363,0,0.0,0.0
2024-06-18 15:09:00-04:00,2.684999942779541,2.684999942779541,2.684999942779541,2.684999942779541,1223,0.0,0.0
2024-06-18 15:10:00-04:00,2.684999942779541,2.684999942779541,2.684999942779541,2.684999942779541,2485,0.0,0.0
2024-06-18 15:11:00-04:00,2.684999942779541,2.684999942779541,2.684999942779541,2.684999942779541,438,0.0,0.0
2024-06-18 15:12:00-04:00,2.6800999641418457,2.684999942779541,2.6800999641418457,2.684999942779541,416,0.0,0.0
2024-06-18 15:13:00-04:00,2.684999942779541,2.687999963760376,2.684999942779541,2.687999963760376,833,0.0,0.0
2024-06-18 15:15:00-04:00,2.684999942779541,2.690000057220459,2.684999942779541,2.68969988822937,2024,0.0,0.0
2024-06-18 15:17:00-04:00,2.684999942779541,2.684999942779541,2.684999942779541,2.684999942779541,106,0.0,0.0
2024-06-18 15:18:00-04:00,2.684999942779541,2.684999942779541,2.684999942779541,2.684999942779541,4000,0.0,0.0
2024-06-18 15:19:00-04:00,2.6898999214172363,2.6898999214172363,2.680000066757202,2.680000066757202,0,0.0,0.0
2024-06-18 15:20:00-04:00,2.680999994277954,2.680999994277954,2.674999952316284,2.674999952316284,6259,0.0,0.0
2024-06-18 15:22:00-04:00,2.6700000762939453,2.6700000762939453,2.6700000762939453,2.6700000762939453,513,0.0,0.0
2024-06-18 15:23:00-04:00,2.674999952316284,2.674999952316284,2.674999952316284,2.674999952316284,499,0.0,0.0
2024-06-18 15:24:00-04:00,2.6700000762939453,2.6700000762939453,2.6700000762939453,2.6700000762939453,2950,0.0,0.0
2024-06-18 15:26:00-04:00,2.674999952316284,2.684999942779541,2.674999952316284,2.684999942779541,10605,0.0,0.0
2024-06-18 15:27:00-04:00,2.690000057220459,2.690000057220459,2.684999942779541,2.684999942779541,710,0.0,0.0
2024-06-18 15:28:00-04:00,2.684999942779541,2.684999942779541,2.684999942779541,2.684999942779541,200,0.0,0.0
2024-06-18 15:29:00-04:00,2.690000057220459,2.690000057220459,2.690000057220459,2.690000057220459,584,0.0,0.0
2024-06-18 15:30:00-04:00,2.690000057220459,2.690000057220459,2.690000057220459,2.690000057220459,1040,0.0,0.0
2024-06-18 15:31:00-04:00,2.694999933242798,2.694999933242798,2.690000057220459,2.690200090408325,6536,0.0,0.0
2024-06-18 15:32:00-04:00,2.694999933242798,2.700000047683716,2.694999933242798,2.700000047683716,9798,0.0,0.0
2024-06-18 15:33:00-04:00,2.6982998847961426,2.6982998847961426,2.6982998847961426,2.6982998847961426,210,0.0,0.0
2024-06-18 15:34:00-04:00,2.698199987411499,2.700000047683716,2.6928000450134277,2.699899911880493,3204,0.0,0.0
2024-06-18 15:35:00-04:00,2.6993000507354736,2.700000047683716,2.694999933242798,2.700000047683716,5772,0.0,0.0
2024-06-18 15:38:00-04:00,2.700000047683716,2.7100000381469727,2.700000047683716,2.7049999237060547,3723,0.0,0.0
2024-06-18 15:40:00-04:00,2.7098000049591064,2.70989990234375,2.7098000049591064,2.70989990234375,1130,0.0,0.0
2024-06-18 15:41:00-04:00,2.7100000381469727,2.7200000286102295,2.7100000381469727,2.7200000286102295,4151,0.0,0.0
2024-06-18 15:42:00-04:00,2.7149999141693115,2.7149999141693115,2.7149999141693115,2.7149999141693115,2400,0.0,0.0
2024-06-18 15:43:00-04:00,2.7149999141693115,2.7149999141693115,2.7079999446868896,2.7093000411987305,937,0.0,0.0
2024-06-18 15:44:00-04:00,2.7049999237060547,2.7100000381469727,2.7049999237060547,2.7100000381469727,2075,0.0,0.0
2024-06-18 15:45:00-04:00,2.7000999450683594,2.7049999237060547,2.694999933242798,2.694999933242798,12152,0.0,0.0
2024-06-18 15:46:00-04:00,2.690000057220459,2.690000057220459,2.680000066757202,2.684999942779541,8202,0.0,0.0
2024-06-18 15:47:00-04:00,2.6989998817443848,2.7100000381469727,2.694999933242798,2.70989990234375,5513,0.0,0.0
2024-06-18 15:48:00-04:00,2.7100000381469727,2.7100000381469727,2.7079999446868896,2.7100000381469727,3265,0.0,0.0
2024-06-18 15:49:00-04:00,2.7049999237060547,2.7049999237060547,2.7049999237060547,2.7049999237060547,163,0.0,0.0
2024-06-18 15:50:00-04:00,2.700000047683716,2.700000047683716,2.690000057220459,2.690000057220459,2111,0.0,0.0
2024-06-18 15:51:00-04:00,2.694999933242798,2.694999933242798,2.680000066757202,2.680000066757202,6330,0.0,0.0
2024-06-18 15:52:00-04:00,2.680000066757202,2.690000057220459,2.680000066757202,2.689199924468994,5103,0.0,0.0
2024-06-18 15:53:00-04:00,2.680000066757202,2.684999942779541,2.6700000762939453,2.6700000762939453,10228,0.0,0.0
2024-06-18 15:54:00-04:00,2.6700000762939453,2.674999952316284,2.6700000762939453,2.674999952316284,1904,0.0,0.0
2024-06-18 15:55:00-04:00,2.674999952316284,2.680000066757202,2.6700000762939453,2.680000066757202,16418,0.0,0.0
2024-06-18 15:56:00-04:00,2.680000066757202,2.680000066757202,2.6700000762939453,2.6700000762939453,11314,0.0,0.0
2024-06-18 15:57:00-04:00,2.6754000186920166,2.6798999309539795,2.6700000762939453,2.6700000762939453,3217,0.0,0.0
2024-06-18 15:58:00-04:00,2.674999952316284,2.6798999309539795,2.6700000762939453,2.6700000762939453,4491,0.0,0.0
2024-06-18 15:59:00-04:00,2.6798999309539795,2.7049999237060547,2.6700000762939453,2.680000066757202,37133,0.0,0.0
2024-06-20 09:30:00-04:00,2.7300000190734863,2.7393999099731445,2.7200000286102295,2.7249999046325684,55330,0.0,0.0
2024-06-20 09:31:00-04:00,2.7300000190734863,2.7300000190734863,2.7300000190734863,2.7300000190734863,5789,0.0,0.0
2024-06-20 09:32:00-04:00,2.7100000381469727,2.7100000381469727,2.700000047683716,2.700000047683716,590,0.0,0.0
2024-06-20 09:33:00-04:00,2.7065999507904053,2.7100000381469727,2.704200029373169,2.704200029373169,2360,0.0,0.0
2024-06-20 09:34:00-04:00,2.7200000286102295,2.7200000286102295,2.7200000286102295,2.7200000286102295,200,0.0,0.0
2024-06-20 09:35:00-04:00,2.7200000286102295,2.73009991645813,2.7200000286102295,2.7300000190734863,20185,0.0,0.0
2024-06-20 09:36:00-04:00,2.7300000190734863,2.7699999809265137,2.71560001373291,2.75,20770,0.0,0.0
2024-06-20 09:37:00-04:00,2.75,2.753000020980835,2.740000009536743,2.753000020980835,5893,0.0,0.0
2024-06-20 09:38:00-04:00,2.7283999919891357,2.7283999919891357,2.7283999919891357,2.7283999919891357,0,0.0,0.0
2024-06-20 09:39:00-04:00,2.7327001094818115,2.7599000930786133,2.7327001094818115,2.7599000930786133,7510,0.0,0.0
2024-06-20 09:40:00-04:00,2.744999885559082,2.744999885559082,2.7200000286102295,2.7200000286102295,0,0.0,0.0
2024-06-20 09:43:00-04:00,2.753200054168701,2.753200054168701,2.75,2.75,1603,0.0,0.0
2024-06-20 09:44:00-04:00,2.75,2.75,2.75,2.75,509,0.0,0.0
2024-06-20 09:45:00-04:00,2.75,2.7799999713897705,2.7499001026153564,2.7799999713897705,8475,0.0,0.0
2024-06-20 09:46:00-04:00,2.7899999618530273,2.7899999618530273,2.7899999618530273,2.7899999618530273,810,0.0,0.0
2024-06-20 09:48:00-04:00,2.7799999713897705,2.7799999713897705,2.7799999713897705,2.7799999713897705,409,0.0,0.0
2024-06-20 09:56:00-04:00,2.744999885559082,2.744999885559082,2.744999885559082,2.744999885559082,648,0.0,0.0
2024-06-20 09:58:00-04:00,2.759999990463257,2.7799999713897705,2.759999990463257,2.7799999713897705,2024,0.0,0.0
2024-06-20 10:00:00-04:00,2.7899999618530273,2.799999952316284,2.7899999618530273,2.799999952316284,7556,0.0,0.0
2024-06-20 10:01:00-04:00,2.7899999618530273,2.799999952316284,2.7899999618530273,2.799999952316284,528,0.0,0.0
2024-06-20 10:02:00-04:00,2.79010009765625,2.7950000762939453,2.79010009765625,2.7950000762939453,685,0.0,0.0
2024-06-20 10:03:00-04:00,2.799999952316284,2.799999952316284,2.799999952316284,2.799999952316284,368,0.0,0.0
2024-06-20 10:04:00-04:00,2.799999952316284,2.799999952316284,2.7950000762939453,2.7950000762939453,2712,0.0,0.0
2024-06-20 10:05:00-04:00,2.799999952316284,2.799999952316284,2.799999952316284,2.799999952316284,483,0.0,0.0
2024-06-20 10:06:00-04:00,2.799999952316284,2.8350000381469727,2.799999952316284,2.8350000381469727,7679,0.0,0.0
2024-06-20 10:07:00-04:00,2.8380000591278076,2.8399999141693115,2.8380000591278076,2.8399999141693115,454,0.0,0.0
2024-06-20 10:08:00-04:00,2.8299999237060547,2.8450000286102295,2.8299999237060547,2.8450000286102295,4849,0.0,0.0
2024-06-20 10:09:00-04:00,2.8450000286102295,2.8450000286102295,2.840100049972534,2.8450000286102295,3318,0.0,0.0
2024-06-20 10:10:00-04:00,2.8499999046325684,2.859999895095825,2.8499999046325684,2.8534998893737793,1664,0.0,0.0
2024-06-20 10:11:00-04:00,2.8480000495910645,2.8499999046325684,2.8480000495910645,2.8499999046325684,722,0.0,0.0
2024-06-20 10:12:00-04:00,2.8499999046325684,2.8499999046325684,2.8499999046325684,2.8499999046325684,1533,0.0,0.0
2024-06-20 10:13:00-04:00,2.845599889755249,2.859999895095825,2.845599889755249,2.859999895095825,1583,0.0,0.0
2024-06-20 10:14:00-04:00,2.8499999046325684,2.8550000190734863,2.8499999046325684,2.8501999378204346,2974,0.0,0.0
2024-06-20 10:15:00-04:00,2.8550000190734863,2.8550000190734863,2.8399999141693115,2.8450000286102295,3556,0.0,0.0
2024-06-20 10:16:00-04:00,2.8399999141693115,2.8399999141693115,2.8299999237060547,2.8299999237060547,713,0.0,0.0
2024-06-20 10:17:00-04:00,2.825000047683716,2.825000047683716,2.825000047683716,2.825000047683716,638,0.0,0.0
2024-06-20 10:20:00-04:00,2.815000057220459,2.815000057220459,2.815000057220459,2.815000057220459,541,0.0,0.0
2024-06-20 10:21:00-04:00,2.815000057220459,2.815000057220459,2.815000057220459,2.815000057220459,501,0.0,0.0
2024-06-20 10:23:00-04:00,2.819999933242798,2.8299999237060547,2.819999933242798,2.8299999237060547,833,0.0,0.0
2024-06-20 10:24:00-04:00,2.8399999141693115,2.8399999141693115,2.8399999141693115,2.8399999141693115,2359,0.0,0.0
2024-06-20 10:26:00-04:00,2.8450000286102295,2.8450000286102295,2.8399999141693115,2.8399999141693115,897,0.0,0.0
2024-06-20 10:27:00-04:00,2.840100049972534,2.840100049972534,2.840100049972534,2.840100049972534,6424,0.0,0.0
2024-06-20 10:28:00-04:00,2.8450000286102295,2.8450000286102295,2.8450000286102295,2.8450000286102295,0,0.0,0.0
2024-06-20 10:29:00-04:00,2.8450000286102295,2.849900007247925,2.8399999141693115,2.849900007247925,2260,0.0,0.0
2024-06-20 10:30:00-04:00,2.8399999141693115,2.8499999046325684,2.8399999141693115,2.8499999046325684,1695,0.0,0.0
2024-06-20 10:31:00-04:00,2.8399999141693115,2.8450000286102295,2.8399999141693115,2.8450000286102295,1214,0.0,0.0
2024-06-20 10:32:00-04:00,2.8399999141693115,2.8399999141693115,2.8399999141693115,2.8399999141693115,2911,0.0,0.0
2024-06-20 10:33:00-04:00,2.8399999141693115,2.8399999141693115,2.8299999237060547,2.8299999237060547,1131,0.0,0.0
2024-06-20 10:38:00-04:00,2.8299999237060547,2.8299999237060547,2.8299999237060547,2.8299999237060547,726,0.0,0.0
2024-06-20 10:40:00-04:00,2.819999933242798,2.822499990463257,2.815000057220459,2.815000057220459,10354,0.0,0.0
2024-06-20 10:41:00-04:00,2.818000078201294,2.819999933242798,2.818000078201294,2.819999933242798,1534,0.0,0.0
2024-06-20 10:42:00-04:00,2.815000057220459,2.819999933242798,2.799999952316284,2.819999933242798,7765,0.0,0.0
2024-06-20 10:43:00-04:00,2.815000057220459,2.815000057220459,2.815000057220459,2.815000057220459,31,0.0,0.0
2024-06-20 10:44:00-04:00,2.819999933242798,2.819999933242798,2.819999933242798,2.819999933242798,0,0.0,0.0
2024-06-20 10:45:00-04:00,2.819999933242798,2.819999933242798,2.819999933242798,2.819999933242798,2506,0.0,0.0
2024-06-20 10:47:00-04:00,2.809999942779541,2.809999942779541,2.805000066757202,2.805000066757202,550,0.0,0.0
2024-06-20 10:48:00-04:00,2.808000087738037,2.808000087738037,2.805000066757202,2.805000066757202,4185,0.0,0.0
2024-06-20 10:49:00-04:00,2.805000066757202,2.815000057220459,2.805000066757202,2.815000057220459,6441,0.0,0.0
2024-06-20 10:50:00-04:00,2.818000078201294,2.818000078201294,2.818000078201294,2.818000078201294,837,0.0,0.0
2024-06-20 10:51:00-04:00,2.799999952316284,2.8046998977661133,2.7950000762939453,2.799999952316284,9650,0.0,0.0
2024-06-20 10:52:00-04:00,2.805000066757202,2.805000066757202,2.805000066757202,2.805000066757202,0,0.0,0.0
2024-06-20 10:53:00-04:00,2.800100088119507,2.800100088119507,2.800100088119507,2.800100088119507,200,0.0,0.0
2024-06-20 10:59:00-04:00,2.809999942779541,2.8399999141693115,2.809999942779541,2.8399999141693115,14916,0.0,0.0
2024-06-20 11:00:00-04:00,2.8399999141693115,2.8399999141693115,2.8399999141693115,2.8399999141693115,100,0.0,0.0
2024-06-20 11:02:00-04:00,2.8301000595092773,2.8399999141693115,2.8301000595092773,2.8399999141693115,2904,0.0,0.0
2024-06-20 11:03:00-04:00,2.8397998809814453,2.8397998809814453,2.8299999237060547,2.8299999237060547,5552,0.0,0.0
2024-06-20 11:05:00-04:00,2.8399999141693115,2.8399999141693115,2.8299999237060547,2.8299999237060547,2098,0.0,0.0
2024-06-20 11:06:00-04:00,2.8399999141693115,2.8499999046325684,2.8399999141693115,2.8499999046325684,1699,0.0,0.0
2024-06-20 11:09:00-04:00,2.8505001068115234,2.8505001068115234,2.8505001068115234,2.8505001068115234,890,0.0,0.0
2024-06-20 11:12:00-04:00,2.859999895095825,2.859999895095825,2.859999895095825,2.859999895095825,343,0.0,0.0
2024-06-20 11:20:00-04:00,2.8499999046325684,2.8499999046325684,2.8499999046325684,2.8499999046325684,1005,0.0,0.0
2024-06-20 11:21:00-04:00,2.8399999141693115,2.8399999141693115,2.8399999141693115,2.8399999141693115,494,0.0,0.0
2024-06-20 11:23:00-04:00,2.8399999141693115,2.8399999141693115,2.8399999141693115,2.8399999141693115,457,0.0,0.0
2024-06-20 11:36:00-04:00,2.8299999237060547,2.8399999141693115,2.8299999237060547,2.8399999141693115,4261,0.0,0.0
2024-06-20 11:41:00-04:00,2.8399999141693115,2.8450000286102295,2.8399999141693115,2.8399999141693115,12369,0.0,0.0
2024-06-20 11:49:00-04:00,2.819999933242798,2.819999933242798,2.819999933242798,2.819999933242798,1312,0.0,0.0
2024-06-20 11:50:00-04:00,2.819999933242798,2.819999933242798,2.819999933242798,2.819999933242798,338,0.0,0.0
2024-06-20 11:51:00-04:00,2.819999933242798,2.819999933242798,2.819999933242798,2.819999933242798,300,0.0,0.0
2024-06-20 11:53:00-04:00,2.819999933242798,2.828000068664551,2.819999933242798,2.828000068664551,630,0.0,0.0
2024-06-20 11:54:00-04:00,2.828000068664551,2.8299999237060547,2.828000068664551,2.8299999237060547,870,0.0,0.0
2024-06-20 11:55:00-04:00,2.8350000381469727,2.8350000381469727,2.8350000381469727,2.8350000381469727,1632,0.0,0.0
2024-06-20 12:00:00-04:00,2.8399999141693115,2.8399999141693115,2.8399999141693115,2.8399999141693115,315,0.0,0.0
2024-06-20 12:02:00-04:00,2.8399999141693115,2.8399999141693115,2.8399999141693115,2.8399999141693115,205,0.0,0.0
2024-06-20 12:03:00-04:00,2.849900007247925,2.849900007247925,2.849900007247925,2.849900007247925,401,0.0,0.0
2024-06-20 12:04:00-04:00,2.8499999046325684,2.859999895095825,2.8499999046325684,2.859999895095825,950,0.0,0.0
2024-06-20 12:05:00-04:00,2.8580000400543213,2.8580000400543213,2.8580000400543213,2.8580000400543213,216,0.0,0.0
2024-06-20 12:07:00-04:00,2.8598999977111816,2.8598999977111816,2.8598999977111816,2.8598999977111816,651,0.0,0.0
2024-06-20 12:09:00-04:00,2.859999895095825,2.868000030517578,2.859999895095825,2.868000030517578,553,0.0,0.0
2024-06-20 12:11:00-04:00,2.859999895095825,2.859999895095825,2.859999895095825,2.859999895095825,325,0.0,0.0
2024-06-20 12:12:00-04:00,2.859999895095825,2.859999895095825,2.859999895095825,2.859999895095825,970,0.0,0.0
2024-06-20 12:15:00-04:00,2.865000009536743,2.865000009536743,2.865000009536743,2.865000009536743,971,0.0,0.0
2024-06-20 12:19:00-04:00,2.859999895095825,2.859999895095825,2.859999895095825,2.859999895095825,400,0.0,0.0
2024-06-20 12:22:00-04:00,2.859999895095825,2.859999895095825,2.859999895095825,2.859999895095825,208,0.0,0.0
2024-06-20 12:24:00-04:00,2.8399999141693115,2.8399999141693115,2.8399999141693115,2.8399999141693115,5826,0.0,0.0
2024-06-20 12:26:00-04:00,2.8499999046325684,2.8499999046325684,2.8499999046325684,2.8499999046325684,0,0.0,0.0
2024-06-20 12:30:00-04:00,2.8299999237060547,2.8299999237060547,2.8299999237060547,2.8299999237060547,7278,0.0,0.0
2024-06-20 12:37:00-04:00,2.8499999046325684,2.8499999046325684,2.8499999046325684,2.8499999046325684,600,0.0,0.0
2024-06-20 12:40:00-04:00,2.8299999237060547,2.8299999237060547,2.8299999237060547,2.8299999237060547,0,0.0,0.0
2024-06-20 12:41:00-04:00,2.8399999141693115,2.8399999141693115,2.8399999141693115,2.8399999141693115,1814,0.0,0.0
2024-06-20 12:47:00-04:00,2.8499999046325684,2.8499999046325684,2.8499999046325684,2.8499999046325684,469,0.0,0.0
2024-06-20 12:50:00-04:00,2.8499999046325684,2.8499999046325684,2.8499999046325684,2.8499999046325684,187,0.0,0.0
2024-06-20 12:51:00-04:00,2.8550000190734863,2.8550000190734863,2.8550000190734863,2.8550000190734863,933,0.0,0.0
2024-06-20 12:52:00-04:00,2.8499999046325684,2.8499999046325684,2.8450000286102295,2.8450000286102295,2356,0.0,0.0
2024-06-20 12:55:00-04:00,2.8399999141693115,2.8499999046325684,2.8399999141693115,2.8466999530792236,3930,0.0,0.0
2024-06-20 12:57:00-04:00,2.8450000286102295,2.8450000286102295,2.8450000286102295,2.8450000286102295,0,0.0,0.0
2024-06-20 12:58:00-04:00,2.8450000286102295,2.8450000286102295,2.8450000286102295,2.8450000286102295,100,0.0,0.0
2024-06-20 12:59:00-04:00,2.8450000286102295,2.8550000190734863,2.8450000286102295,2.8550000190734863,2784,0.0,0.0
2024-06-20 13:00:00-04:00,2.8499999046325684,2.8499999046325684,2.8499999046325684,2.8499999046325684,100,0.0,0.0
2024-06-20 13:02:00-04:00,2.859999895095825,2.859999895095825,2.859999895095825,2.859999895095825,258,0.0,0.0
2024-06-20 13:05:00-04:00,2.8550000190734863,2.869999885559082,2.8550000190734863,2.869999885559082,2425,0.0,0.0
2024-06-20 13:06:00-04:00,2.880000114440918,2.880000114440918,2.880000114440918,2.880000114440918,141,0.0,0.0
2024-06-20 13:09:00-04:00,2.869999885559082,2.869999885559082,2.869999885559082,2.869999885559082,1006,0.0,0.0
2024-06-20 13:12:00-04:00,2.869999885559082,2.880000114440918,2.869999885559082,2.880000114440918,5380,0.0,0.0
2024-06-20 13:13:00-04:00,2.880000114440918,2.884999990463257,2.880000114440918,2.884999990463257,1715,0.0,0.0
2024-06-20 13:14:00-04:00,2.880000114440918,2.880000114440918,2.880000114440918,2.880000114440918,300,0.0,0.0
2024-06-20 13:16:00-04:00,2.884999990463257,2.884999990463257,2.884999990463257,2.884999990463257,300,0.0,0.0
2024-06-20 13:17:00-04:00,2.880000114440918,2.880000114440918,2.880000114440918,2.880000114440918,100,0.0,0.0
2024-06-20 13:21:00-04:00,2.890000104904175,2.890000104904175,2.890000104904175,2.890000104904175,300,0.0,0.0
2024-06-20 13:22:00-04:00,2.890000104904175,2.890000104904175,2.890000104904175,2.890000104904175,800,0.0,0.0
2024-06-20 13:23:00-04:00,2.8949999809265137,2.8949999809265137,2.8949999809265137,2.8949999809265137,400,0.0,0.0
2024-06-20 13:24:00-04:00,2.890000104904175,2.890000104904175,2.8763999938964844,2.880000114440918,2337,0.0,0.0
2024-06-20 13:26:00-04:00,2.869999885559082,2.869999885559082,2.869999885559082,2.869999885559082,352,0.0,0.0
2024-06-20 13:29:00-04:00,2.865000009536743,2.865000009536743,2.865000009536743,2.865000009536743,4126,0.0,0.0
2024-06-20 13:31:00-04:00,2.880000114440918,2.880000114440918,2.865000009536743,2.865000009536743,1337,0.0,0.0
2024-06-20 13:33:00-04:00,2.8499999046325684,2.8499999046325684,2.8499999046325684,2.8499999046325684,4807,0.0,0.0
2024-06-20 13:36:00-04:00,2.8499999046325684,2.8499999046325684,2.8499999046325684,2.8499999046325684,0,0.0,0.0
2024-06-20 13:37:00-04:00,2.8399999141693115,2.8399999141693115,2.8399999141693115,2.8399999141693115,301,0.0,0.0
2024-06-20 13:38:00-04:00,2.8499999046325684,2.8499999046325684,2.8499999046325684,2.8499999046325684,300,0.0,0.0
2024-06-20 13:40:00-04:00,2.8399999141693115,2.8399999141693115,2.8399999141693115,2.8399999141693115,84,0.0,0.0
2024-06-20 13:41:00-04:00,2.849900007247925,2.849900007247925,2.849900007247925,2.849900007247925,3858,0.0,0.0
2024-06-20 13:42:00-04:00,2.8499999046325684,2.859999895095825,2.8499999046325684,2.859999895095825,0,0.0,0.0
2024-06-20 13:43:00-04:00,2.8499999046325684,2.8499999046325684,2.8499999046325684,2.8499999046325684,0,0.0,0.0
2024-06-20 13:46:00-04:00,2.859999895095825,2.859999895095825,2.859999895095825,2.859999895095825,400,0.0,0.0
2024-06-20 13:47:00-04:00,2.8499999046325684,2.8499999046325684,2.8499999046325684,2.8499999046325684,855,0.0,0.0
2024-06-20 13:48:00-04:00,2.8510000705718994,2.859999895095825,2.8499999046325684,2.859999895095825,21418,0.0,0.0
2024-06-20 13:49:00-04:00,2.8480000495910645,2.8499999046325684,2.8399999141693115,2.8399999141693115,7310,0.0,0.0
2024-06-20 13:53:00-04:00,2.8499999046325684,2.8499999046325684,2.8499999046325684,2.8499999046325684,547,0.0,0.0
2024-06-20 13:56:00-04:00,2.8399999141693115,2.8399999141693115,2.8399999141693115,2.8399999141693115,703,0.0,0.0
2024-06-20 13:57:00-04:00,2.8350000381469727,2.8350000381469727,2.8350000381469727,2.8350000381469727,3792,0.0,0.0
2024-06-20 13:58:00-04:00,2.8399999141693115,2.8499999046325684,2.8399999141693115,2.8499999046325684,1120,0.0,0.0
2024-06-20 14:08:00-04:00,2.8550000190734863,2.8550000190734863,2.8550000190734863,2.8550000190734863,4487,0.0,0.0
2024-06-20 14:10:00-04:00,2.8499999046325684,2.8499999046325684,2.8450000286102295,2.8450000286102295,508,0.0,0.0
2024-06-20 14:12:00-04:00,2.8350000381469727,2.8350000381469727,2.8350000381469727,2.8350000381469727,73,0.0,0.0
2024-06-20 14:15:00-04:00,2.8350000381469727,2.8399999141693115,2.8350000381469727,2.8399999141693115,507,0.0,0.0
2024-06-20 14:20:00-04:00,2.8440001010894775,2.8499999046325684,2.8440001010894775,2.8499999046325684,1671,0.0,0.0
2024-06-20 14:21:00-04:00,2.8450000286102295,2.8450000286102295,2.8450000286102295,2.8450000286102295,200,0.0,0.0
2024-06-20 14:23:00-04:00,2.849900007247925,2.849900007247925,2.8450000286102295,2.8450000286102295,1100,0.0,0.0
2024-06-20 14:24:00-04:00,2.8450000286102295,2.8499999046325684,2.8450000286102295,2.8499999046325684,200,0.0,0.0
2024-06-20 14:25:00-04:00,2.8450000286102295,2.8450000286102295,2.8450000286102295,2.8450000286102295,1600,0.0,0.0
2024-06-20 14:26:00-04:00,2.8450000286102295,2.8450000286102295,2.8399999141693115,2.8450000286102295,1832,0.0,0.0
2024-06-20 14:33:00-04:00,2.8499999046325684,2.865000009536743,2.8499999046325684,2.865000009536743,4953,0.0,0.0
2024-06-20 14:36:00-04:00,2.859999895095825,2.859999895095825,2.8550000190734863,2.8550000190734863,7582,0.0,0.0
2024-06-20 14:40:00-04:00,2.859999895095825,2.859999895095825,2.859999895095825,2.859999895095825,42,0.0,0.0
2024-06-20 14:41:00-04:00,2.8589999675750732,2.869999885559082,2.8589999675750732,2.869999885559082,3688,0.0,0.0
2024-06-20 14:43:00-04:00,2.859999895095825,2.859999895095825,2.859999895095825,2.859999895095825,2785,0.0,0.0
2024-06-20 14:54:00-04:00,2.8450000286102295,2.8450000286102295,2.8450000286102295,2.8450000286102295,812,0.0,0.0
2024-06-20 15:00:00-04:00,2.8450000286102295,2.8450000286102295,2.8450000286102295,2.8450000286102295,1057,0.0,0.0
2024-06-20 15:02:00-04:00,2.8450000286102295,2.8450000286102295,2.8450000286102295,2.8450000286102295,205,0.0,0.0
2024-06-20 15:03:00-04:00,2.8399999141693115,2.8399999141693115,2.8350000381469727,2.8350000381469727,2607,0.0,0.0
2024-06-20 15:04:00-04:00,2.8350000381469727,2.8350000381469727,2.8350000381469727,2.8350000381469727,1816,0.0,0.0
2024-06-20 15:05:00-04:00,2.8350000381469727,2.8350000381469727,2.8350000381469727,2.8350000381469727,0,0.0,0.0
2024-06-20 15:07:00-04:00,2.8350000381469727,2.8350000381469727,2.8350000381469727,2.8350000381469727,1445,0.0,0.0
2024-06-20 15:09:00-04:00,2.8350000381469727,2.8350000381469727,2.8350000381469727,2.8350000381469727,549,0.0,0.0
2024-06-20 15:10:00-04:00,2.8350000381469727,2.8350000381469727,2.8350000381469727,2.8350000381469727,200,0.0,0.0
2024-06-20 15:11:00-04:00,2.8350000381469727,2.8350000381469727,2.8350000381469727,2.8350000381469727,268,0.0,0.0
2024-06-20 15:15:00-04:00,2.8350000381469727,2.8350000381469727,2.8350000381469727,2.8350000381469727,300,0.0,0.0
2024-06-20 15:16:00-04:00,2.8350000381469727,2.8350000381469727,2.8350000381469727,2.8350000381469727,200,0.0,0.0
2024-06-20 15:17:00-04:00,2.8350000381469727,2.8350000381469727,2.8350000381469727,2.8350000381469727,577,0.0,0.0
2024-06-20 15:19:00-04:00,2.8350000381469727,2.8350000381469727,2.8299999237060547,2.8299999237060547,1531,0.0,0.0
2024-06-20 15:21:00-04:00,2.825000047683716,2.825000047683716,2.825000047683716,2.825000047683716,695,0.0,0.0
2024-06-20 15:24:00-04:00,2.819999933242798,2.819999933242798,2.819999933242798,2.819999933242798,2003,0.0,0.0
2024-06-20 15:26:00-04:00,2.8299999237060547,2.8299999237060547,2.8299999237060547,2.8299999237060547,1814,0.0,0.0
2024-06-20 15:30:00-04:00,2.825000047683716,2.825000047683716,2.815000057220459,2.815000057220459,796,0.0,0.0
2024-06-20 15:31:00-04:00,2.81820011138916,2.81820011138916,2.815000057220459,2.815000057220459,2067,0.0,0.0
2024-06-20 15:32:00-04:00,2.815000057220459,2.815000057220459,2.815000057220459,2.815000057220459,324,0.0,0.0
2024-06-20 15:34:00-04:00,2.8148000240325928,2.8148000240325928,2.8148000240325928,2.8148000240325928,300,0.0,0.0
2024-06-20 15:35:00-04:00,2.815000057220459,2.815000057220459,2.815000057220459,2.815000057220459,600,0.0,0.0
2024-06-20 15:36:00-04:00,2.809999942779541,2.815000057220459,2.805000066757202,2.805000066757202,1603,0.0,0.0
2024-06-20 15:37:00-04:00,2.805000066757202,2.819999933242798,2.805000066757202,2.819999933242798,1858,0.0,0.0
2024-06-20 15:42:00-04:00,2.815000057220459,2.819999933242798,2.815000057220459,2.819999933242798,3198,0.0,0.0
2024-06-20 15:43:00-04:00,2.825000047683716,2.8350000381469727,2.825000047683716,2.8299999237060547,1546,0.0,0.0
2024-06-20 15:44:00-04:00,2.8299999237060547,2.8299999237060547,2.8259999752044678,2.8259999752044678,1611,0.0,0.0
2024-06-20 15:46:00-04:00,2.8350000381469727,2.8350000381469727,2.8350000381469727,2.8350000381469727,699,0.0,0.0
2024-06-20 15:47:00-04:00,2.825000047683716,2.825000047683716,2.825000047683716,2.825000047683716,1019,0.0,0.0
2024-06-20 15:53:00-04:00,2.825000047683716,2.825000047683716,2.825000047683716,2.825000047683716,521,0.0,0.0
2024-06-20 15:54:00-04:00,2.8299999237060547,2.8299999237060547,2.825000047683716,2.825000047683716,1300,0.0,0.0
2024-06-20 15:55:00-04:00,2.825000047683716,2.825000047683716,2.825000047683716,2.825000047683716,1765,0.0,0.0
2024-06-20 15:56:00-04:00,2.825000047683716,2.8299999237060547,2.825000047683716,2.8299999237060547,1378,0.0,0.0
2024-06-20 15:57:00-04:00,2.825000047683716,2.825000047683716,2.825000047683716,2.825000047683716,668,0.0,0.0
2024-06-20 15:58:00-04:00,2.825000047683716,2.825000047683716,2.819999933242798,2.819999933242798,193,0.0,0.0
2024-06-20 15:59:00-04:00,2.825000047683716,2.825000047683716,2.809999942779541,2.815000057220459,12263,0.0,0.0
2024-06-21 09:30:00-04:00,2.890000104904175,2.890000104904175,2.880000114440918,2.880000114440918,5655,0.0,0.0
2024-06-21 09:31:00-04:00,2.8680999279022217,2.8680999279022217,2.8680999279022217,2.8680999279022217,612,0.0,0.0
2024-06-21 09:33:00-04:00,2.859999895095825,2.859999895095825,2.8499999046325684,2.8499999046325684,5851,0.0,0.0
2024-06-21 09:35:00-04:00,2.8399999141693115,2.8399999141693115,2.8399999141693115,2.8399999141693115,1152,0.0,0.0
2024-06-21 09:36:00-04:00,2.819999933242798,2.819999933242798,2.819999933242798,2.819999933242798,201,0.0,0.0
2024-06-21 09:38:00-04:00,2.819999933242798,2.819999933242798,2.819999933242798,2.819999933242798,400,0.0,0.0
2024-06-21 09:39:00-04:00,2.83270001411438,2.83270001411438,2.83270001411438,2.83270001411438,4900,0.0,0.0
2024-06-21 09:40:00-04:00,2.8320000171661377,2.8320000171661377,2.825000047683716,2.825000047683716,7600,0.0,0.0
2024-06-21 09:41:00-04:00,2.825000047683716,2.8350000381469727,2.825000047683716,2.8350000381469727,0,0.0,0.0
2024-06-21 09:42:00-04:00,2.8350000381469727,2.8350000381469727,2.8350000381469727,2.8350000381469727,300,0.0,0.0
2024-06-21 09:43:00-04:00,2.839900016784668,2.8399999141693115,2.839900016784668,2.8399999141693115,3221,0.0,0.0
2024-06-21 09:45:00-04:00,2.8499999046325684,2.8499999046325684,2.8499999046325684,2.8499999046325684,1070,0.0,0.0
2024-06-21 09:46:00-04:00,2.8350000381469727,2.839900016784668,2.8350000381469727,2.839900016784668,502,0.0,0.0
2024-06-21 09:48:00-04:00,2.8301000595092773,2.8301000595092773,2.8301000595092773,2.8301000595092773,2400,0.0,0.0
2024-06-21 09:49:00-04:00,2.8299999237060547,2.8299999237060547,2.8299999237060547,2.8299999237060547,638,0.0,0.0
2024-06-21 09:50:00-04:00,2.823199987411499,2.8299999237060547,2.819999933242798,2.8299999237060547,5200,0.0,0.0
2024-06-21 09:51:00-04:00,2.8255999088287354,2.8299999237060547,2.8255999088287354,2.8299999237060547,220,0.0,0.0
2024-06-21 09:53:00-04:00,2.82069993019104,2.8299999237060547,2.819999933242798,2.8299999237060547,5818,0.0,0.0
2024-06-21 09:54:00-04:00,2.8499999046325684,2.8499999046325684,2.8499999046325684,2.8499999046325684,4233,0.0,0.0
2024-06-21 09:55:00-04:00,2.8499999046325684,2.8499999046325684,2.849900007247925,2.849900007247925,5187,0.0,0.0
2024-06-21 10:01:00-04:00,2.8299999237060547,2.8299999237060547,2.8299999237060547,2.8299999237060547,3383,0.0,0.0
2024-06-21 10:02:00-04:00,2.8350000381469727,2.8399999141693115,2.8299999237060547,2.8299999237060547,3314,0.0,0.0
2024-06-21 10:03:00-04:00,2.8350000381469727,2.8350000381469727,2.8350000381469727,2.8350000381469727,113,0.0,0.0
2024-06-21 10:04:00-04:00,2.8299999237060547,2.8299999237060547,2.8299999237060547,2.8299999237060547,614,0.0,0.0
2024-06-21 10:05:00-04:00,2.8350000381469727,2.8350000381469727,2.8350000381469727,2.8350000381469727,1500,0.0,0.0
2024-06-21 10:06:00-04:00,2.828000068664551,2.828000068664551,2.828000068664551,2.828000068664551,400,0.0,0.0
2024-06-21 10:07:00-04:00,2.8299999237060547,2.839200019836426,2.8299999237060547,2.839200019836426,882,0.0,0.0
2024-06-21 10:08:00-04:00,2.8389999866485596,2.8389999866485596,2.8201000690460205,2.8201000690460205,5000,0.0,0.0
2024-06-21 10:09:00-04:00,2.8299999237060547,2.8299999237060547,2.819999933242798,2.819999933242798,0,0.0,0.0
2024-06-21 10:10:00-04:00,2.8299999237060547,2.8299999237060547,2.8299999237060547,2.8299999237060547,275,0.0,0.0
2024-06-21 10:11:00-04:00,2.8299999237060547,2.8299999237060547,2.8299999237060547,2.8299999237060547,5214,0.0,0.0
2024-06-21 10:13:00-04:00,2.836899995803833,2.836899995803833,2.836899995803833,2.836899995803833,402,0.0,0.0
2024-06-21 10:15:00-04:00,2.8299999237060547,2.8299999237060547,2.819999933242798,2.819999933242798,4151,0.0,0.0
2024-06-21 10:24:00-04:00,2.8350000381469727,2.8399999141693115,2.8350000381469727,2.8399999141693115,2922,0.0,0.0
2024-06-21 10:25:00-04:00,2.8480000495910645,2.859999895095825,2.8480000495910645,2.859999895095825,1925,0.0,0.0
2024-06-21 10:28:00-04:00,2.8501999378204346,2.8501999378204346,2.8501999378204346,2.8501999378204346,350,0.0,0.0
2024-06-21 10:30:00-04:00,2.859999895095825,2.859999895095825,2.8550000190734863,2.8550000190734863,1111,0.0,0.0
2024-06-21 10:31:00-04:00,2.859999895095825,2.880000114440918,2.8550000190734863,2.8598999977111816,4053,0.0,0.0
2024-06-21 10:33:00-04:00,2.875,2.875,2.875,2.875,750,0.0,0.0
2024-06-21 10:34:00-04:00,2.8750998973846436,2.880000114440918,2.8750998973846436,2.880000114440918,822,0.0,0.0
2024-06-21 10:35:00-04:00,2.8701000213623047,2.884999990463257,2.8701000213623047,2.884999990463257,5013,0.0,0.0
2024-06-21 10:37:00-04:00,2.880000114440918,2.880000114440918,2.880000114440918,2.880000114440918,601,0.0,0.0
2024-06-21 10:40:00-04:00,2.8893001079559326,2.8893001079559326,2.8893001079559326,2.8893001079559326,6382,0.0,0.0
2024-06-21 10:43:00-04:00,2.884999990463257,2.884999990463257,2.884999990463257,2.884999990463257,205,0.0,0.0
2024-06-21 10:45:00-04:00,2.890000104904175,2.9031999111175537,2.890000104904175,2.9031999111175537,2430,0.0,0.0
2024-06-21 10:47:00-04:00,2.9100000858306885,2.9100000858306885,2.9100000858306885,2.9100000858306885,142,0.0,0.0
2024-06-21 10:48:00-04:00,2.909899950027466,2.909899950027466,2.9000000953674316,2.9000000953674316,5969,0.0,0.0
2024-06-21 10:51:00-04:00,2.884999990463257,2.884999990463257,2.884999990463257,2.884999990463257,4128,0.0,0.0
2024-06-21 10:54:00-04:00,2.888000011444092,2.888000011444092,2.888000011444092,2.888000011444092,362,0.0,0.0
2024-06-21 10:56:00-04:00,2.869999885559082,2.869999885559082,2.869999885559082,2.869999885559082,700,0.0,0.0
2024-06-21 10:58:00-04:00,2.859999895095825,2.859999895095825,2.859999895095825,2.859999895095825,100,0.0,0.0
2024-06-21 10:59:00-04:00,2.8580000400543213,2.869999885559082,2.8580000400543213,2.8698999881744385,1725,0.0,0.0
2024-06-21 11:00:00-04:00,2.869999885559082,2.869999885559082,2.869999885559082,2.869999885559082,658,0.0,0.0
2024-06-21 11:02:00-04:00,2.869999885559082,2.869999885559082,2.869999885559082,2.869999885559082,487,0.0,0.0
2024-06-21 11:07:00-04:00,2.869999885559082,2.869999885559082,2.859999895095825,2.859999895095825,997,0.0,0.0
2024-06-21 11:16:00-04:00,2.8580000400543213,2.8580000400543213,2.8580000400543213,2.8580000400543213,688,0.0,0.0
2024-06-21 11:18:00-04:00,2.8499999046325684,2.8499999046325684,2.8499999046325684,2.8499999046325684,300,0.0,0.0
2024-06-21 11:20:00-04:00,2.8499999046325684,2.8499999046325684,2.8499999046325684,2.8499999046325684,162,0.0,0.0
2024-06-21 11:22:00-04:00,2.8499999046325684,2.8499999046325684,2.8499999046325684,2.8499999046325684,257,0.0,0.0
2024-06-21 11:25:00-04:00,2.8499999046325684,2.859999895095825,2.8499999046325684,2.859999895095825,3591,0.0,0.0
2024-06-21 11:36:00-04:00,2.869999885559082,2.880000114440918,2.865000009536743,2.875,1456,0.0,0.0
2024-06-21 11:37:00-04:00,2.878499984741211,2.878499984741211,2.878499984741211,2.878499984741211,913,0.0,0.0
2024-06-21 11:39:00-04:00,2.859999895095825,2.859999895095825,2.859999895095825,2.859999895095825,3130,0.0,0.0
2024-06-21 11:40:00-04:00,2.8499999046325684,2.8499999046325684,2.8450000286102295,2.8450000286102295,3214,0.0,0.0
2024-06-21 11:50:00-04:00,2.8399999141693115,2.8399999141693115,2.8399999141693115,2.8399999141693115,2543,0.0,0.0
2024-06-21 11:52:00-04:00,2.8399999141693115,2.8399999141693115,2.8399999141693115,2.8399999141693115,310,0.0,0.0
2024-06-21 11:53:00-04:00,2.8406999111175537,2.8450000286102295,2.8399999141693115,2.8399999141693115,5989,0.0,0.0
2024-06-21 11:54:00-04:00,2.8399999141693115,2.8399999141693115,2.8399999141693115,2.8399999141693115,254,0.0,0.0
2024-06-21 12:01:00-04:00,2.8399999141693115,2.849900007247925,2.8399999141693115,2.849900007247925,1387,0.0,0.0
2024-06-21 12:02:00-04:00,2.8499999046325684,2.8499999046325684,2.8499999046325684,2.8499999046325684,570,0.0,0.0
2024-06-21 12:14:00-04:00,2.8499999046325684,2.8499999046325684,2.8499999046325684,2.8499999046325684,600,0.0,0.0
2024-06-21 12:15:00-04:00,2.859499931335449,2.859499931335449,2.859499931335449,2.859499931335449,4900,0.0,0.0
2024-06-21 12:18:00-04:00,2.8499999046325684,2.8550000190734863,2.8499999046325684,2.8550000190734863,0,0.0,0.0
2024-06-21 12:25:00-04:00,2.859999895095825,2.859999895095825,2.8550000190734863,2.8550000190734863,309,0.0,0.0
2024-06-21 12:28:00-04:00,2.859999895095825,2.859999895095825,2.859999895095825,2.859999895095825,1029,0.0,0.0
2024-06-21 12:33:00-04:00,2.8698999881744385,2.869999885559082,2.8698999881744385,2.869999885559082,580,0.0,0.0
2024-06-21 12:34:00-04:00,2.875,2.875,2.875,2.875,2287,0.0,0.0
2024-06-21 12:39:00-04:00,2.877000093460083,2.877000093460083,2.877000093460083,2.877000093460083,559,0.0,0.0
2024-06-21 12:45:00-04:00,2.869999885559082,2.869999885559082,2.869999885559082,2.869999885559082,774,0.0,0.0
2024-06-21 13:05:00-04:00,2.865000009536743,2.865000009536743,2.865000009536743,2.865000009536743,154,0.0,0.0
2024-06-21 13:09:00-04:00,2.864000082015991,2.864000082015991,2.8550000190734863,2.8550000190734863,2454,0.0,0.0
2024-06-21 13:10:00-04:00,2.8550000190734863,2.8550000190734863,2.8550000190734863,2.8550000190734863,0,0.0,0.0
2024-06-21 13:14:00-04:00,2.8550000190734863,2.8550000190734863,2.8550000190734863,2.8550000190734863,508,0.0,0.0
2024-06-21 13:15:00-04:00,2.8550000190734863,2.8550000190734863,2.8550000190734863,2.8550000190734863,389,0.0,0.0
2024-06-21 13:16:00-04:00,2.8550000190734863,2.8550000190734863,2.8550000190734863,2.8550000190734863,1444,0.0,0.0
2024-06-21 13:20:00-04:00,2.859999895095825,2.859999895095825,2.8550000190734863,2.8550000190734863,624,0.0,0.0
2024-06-21 13:23:00-04:00,2.8550000190734863,2.8580000400543213,2.8550000190734863,2.8580000400543213,308,0.0,0.0
2024-06-21 13:30:00-04:00,2.8550000190734863,2.8550000190734863,2.8550000190734863,2.8550000190734863,2624,0.0,0.0
2024-06-21 13:32:00-04:00,2.8499999046325684,2.8499999046325684,2.8499999046325684,2.8499999046325684,145,0.0,0.0
2024-06-21 13:33:00-04:00,2.8550000190734863,2.8550000190734863,2.8550000190734863,2.8550000190734863,195,0.0,0.0
2024-06-21 13:35:00-04:00,2.8598999977111816,2.859999895095825,2.8598999977111816,2.859999895095825,6627,0.0,0.0
2024-06-21 13:36:00-04:00,2.859999895095825,2.865000009536743,2.8573999404907227,2.865000009536743,12169,0.0,0.0
2024-06-21 13:41:00-04:00,2.857599973678589,2.857599973678589,2.857599973678589,2.857599973678589,1011,0.0,0.0
2024-06-21 13:46:00-04:00,2.8550000190734863,2.8550000190734863,2.8550000190734863,2.8550000190734863,338,0.0,0.0
2024-06-21 13:49:00-04:00,2.8550000190734863,2.8550000190734863,2.8550000190734863,2.8550000190734863,815,0.0,0.0
2024-06-21 13:57:00-04:00,2.8550000190734863,2.8550000190734863,2.8550000190734863,2.8550000190734863,686,0.0,0.0
2024-06-21 14:05:00-04:00,2.8550000190734863,2.8550000190734863,2.8550000190734863,2.8550000190734863,1133,0.0,0.0
2024-06-21 14:11:00-04:00,2.8550000190734863,2.8550000190734863,2.8550000190734863,2.8550000190734863,476,0.0,0.0
2024-06-21 14:19:00-04:00,2.8598999977111816,2.859999895095825,2.8550000190734863,2.859999895095825,4071,0.0,0.0
2024-06-21 14:20:00-04:00,2.8689000606536865,2.8689000606536865,2.8689000606536865,2.8689000606536865,3288,0.0,0.0
2024-06-21 14:22:00-04:00,2.869999885559082,2.875,2.8657000064849854,2.8698999881744385,2178,0.0,0.0
2024-06-21 14:32:00-04:00,2.869999885559082,2.869999885559082,2.869999885559082,2.869999885559082,571,0.0,0.0
2024-06-21 14:34:00-04:00,2.865000009536743,2.865000009536743,2.859999895095825,2.859999895095825,1000,0.0,0.0
2024-06-21 14:35:00-04:00,2.8554999828338623,2.8554999828338623,2.8554999828338623,2.8554999828338623,1000,0.0,0.0
2024-06-21 14:40:00-04:00,2.8554000854492188,2.8554000854492188,2.8554000854492188,2.8554000854492188,449,0.0,0.0
2024-06-21 14:43:00-04:00,2.8550000190734863,2.8550000190734863,2.8550000190734863,2.8550000190734863,230,0.0,0.0
2024-06-21 14:46:00-04:00,2.8598999977111816,2.8598999977111816,2.8550000190734863,2.8550000190734863,2120,0.0,0.0
2024-06-21 14:50:00-04:00,2.8598999977111816,2.8598999977111816,2.8399999141693115,2.8399999141693115,9408,0.0,0.0
2024-06-21 14:52:00-04:00,2.8499999046325684,2.8499999046325684,2.8499999046325684,2.8499999046325684,1326,0.0,0.0
2024-06-21 14:57:00-04:00,2.8499999046325684,2.8499999046325684,2.8499999046325684,2.8499999046325684,328,0.0,0.0
2024-06-21 14:58:00-04:00,2.8499999046325684,2.8499999046325684,2.8499999046325684,2.8499999046325684,847,0.0,0.0
2024-06-21 14:59:00-04:00,2.8499999046325684,2.8499999046325684,2.8499999046325684,2.8499999046325684,189,0.0,0.0
2024-06-21 15:03:00-04:00,2.8499999046325684,2.8499999046325684,2.8499999046325684,2.8499999046325684,109,0.0,0.0
2024-06-21 15:05:00-04:00,2.8499999046325684,2.8499999046325684,2.8499999046325684,2.8499999046325684,109,0.0,0.0
2024-06-21 15:06:00-04:00,2.8499999046325684,2.8499999046325684,2.8499999046325684,2.8499999046325684,200,0.0,0.0
2024-06-21 15:07:00-04:00,2.8580000400543213,2.8580000400543213,2.8580000400543213,2.8580000400543213,355,0.0,0.0
2024-06-21 15:15:00-04:00,2.8589999675750732,2.869999885559082,2.8499999046325684,2.8499999046325684,5788,0.0,0.0
2024-06-21 15:20:00-04:00,2.865000009536743,2.865000009536743,2.865000009536743,2.865000009536743,191,0.0,0.0
2024-06-21 15:21:00-04:00,2.869999885559082,2.880000114440918,2.869999885559082,2.880000114440918,5683,0.0,0.0
2024-06-21 15:23:00-04:00,2.880000114440918,2.8949999809265137,2.880000114440918,2.889899969100952,2996,0.0,0.0
2024-06-21 15:24:00-04:00,2.9100000858306885,2.9100000858306885,2.9100000858306885,2.9100000858306885,355,0.0,0.0
2024-06-21 15:26:00-04:00,2.9028000831604004,2.9028000831604004,2.9028000831604004,2.9028000831604004,1043,0.0,0.0
2024-06-21 15:27:00-04:00,2.9100000858306885,2.9149999618530273,2.9049999713897705,2.9100000858306885,4368,0.0,0.0
2024-06-21 15:29:00-04:00,2.9149999618530273,2.9149999618530273,2.910099983215332,2.910099983215332,1519,0.0,0.0
2024-06-21 15:31:00-04:00,2.9100000858306885,2.9100000858306885,2.880000114440918,2.9000000953674316,21883,0.0,0.0
2024-06-21 15:32:00-04:00,2.875,2.875,2.869999885559082,2.869999885559082,4176,0.0,0.0
2024-06-21 15:37:00-04:00,2.865000009536743,2.865000009536743,2.8610999584198,2.8610999584198,1591,0.0,0.0
2024-06-21 15:38:00-04:00,2.865000009536743,2.865000009536743,2.865000009536743,2.865000009536743,0,0.0,0.0
2024-06-21 15:39:00-04:00,2.8689000606536865,2.8689000606536865,2.865000009536743,2.865000009536743,2858,0.0,0.0
2024-06-21 15:42:00-04:00,2.860100030899048,2.8659000396728516,2.860100030899048,2.8659000396728516,2300,0.0,0.0
2024-06-21 15:43:00-04:00,2.867500066757202,2.8696999549865723,2.865000009536743,2.8696999549865723,2551,0.0,0.0
2024-06-21 15:44:00-04:00,2.864799976348877,2.864799976348877,2.864799976348877,2.864799976348877,531,0.0,0.0
2024-06-21 15:45:00-04:00,2.859999895095825,2.859999895095825,2.8550000190734863,2.8550000190734863,774,0.0,0.0
2024-06-21 15:47:00-04:00,2.865000009536743,2.865000009536743,2.865000009536743,2.865000009536743,1223,0.0,0.0
2024-06-21 15:50:00-04:00,2.869999885559082,2.869999885559082,2.869999885559082,2.869999885559082,1723,0.0,0.0
2024-06-21 15:51:00-04:00,2.875,2.875,2.875,2.875,6677,0.0,0.0
2024-06-21 15:53:00-04:00,2.875,2.8798999786376953,2.875,2.875,3192,0.0,0.0
2024-06-21 15:54:00-04:00,2.875,2.875,2.869999885559082,2.869999885559082,3404,0.0,0.0
2024-06-21 15:55:00-04:00,2.859999895095825,2.867000102996826,2.859999895095825,2.867000102996826,2555,0.0,0.0
2024-06-21 15:56:00-04:00,2.869999885559082,2.869999885559082,2.859999895095825,2.859999895095825,2525,0.0,0.0
2024-06-21 15:57:00-04:00,2.867799997329712,2.8698999881744385,2.867799997329712,2.8698999881744385,3390,0.0,0.0
2024-06-21 15:59:00-04:00,2.865000009536743,2.865000009536743,2.859999895095825,2.865000009536743,4647,0.0,0.0
